6.09792
4.12141
6.3822
5.04594
6.71821
7.43834
3.0904
4.59282
5.72627
3.95523
5.36896
5.93023
6.1325
4.73516
2.99159
6.1777
4.47944
4.2402
5.2559
3.27427
4.47464
4.211
5.9766
5.35272
3.78778
6.7976
5.65411
5.03041
4.58854
5.90315
3.93736
5.79031
5.90831
5.904
5.01871
5.2382
4.28897
6.37525
5.50704
5.52501
2.28842
5.28167
5.4285
6.01205
4.96539
5.30118
4.1044
5.48087
4.81078
4.07016
6.96395
5.3807
4.52689
5.55726
4.39012
4.0557
4.54381
6.31221
4.36601
5.3539
3.19301
4.27539
5.23571
4.24241
5.59923
3.98063
6.24921
5.66526
4.28473
4.92446
3.19526
5.85694
4.42906
3.68483
5.22859
6.57646
5.00108
4.34085
4.14184
6.56035
4.10377
3.59892
6.63591
3.98694
7.47766
6.70683
4.12517
4.82278
6.77216
5.84337
3.60689
4.88399
3.63353
5.57113
6.16017
5.1815
6.81582
5.55315
3.84896
5.16726
4.41021
2.87266
4.24867
4.15041
5.74873
6.39053
4.16354
4.51759
5.19923
7.58226
4.65765
6.30635
3.35171
3.82455
6.51936
3.43578
5.2097
5.13376
5.7194
4.63508
5.46021
3.79339
4.0548
4.84812
4.71517
4.32985
4.42915
5.16279
2.62622
6.48701
4.89697
4.81313
4.62808
5.00884
4.795
5.13675
5.82346
6.17603
4.88363
5.7006
4.64749
5.63267
5.52984
4.80755
4.8166
5.87462
6.49999
4.14787
3.32822
4.95227
5.29936
4.75548
6.31199
5.28805
4.62752
5.56484
5.19368
5.61426
4.82626
4.85744
4.74331
3.63654
4.96168
3.64122
4.98427
6.02039
6.29641
5.83606
5.93159
6.98446
5.29999
5.84008
5.67069
5.24046
6.72843
4.74834
3.59634
7.33442
4.98892
6.05927
3.2332
4.09226
4.84349
1.74021
4.66458
2.26272
5.58257
4.90416
4.92714
4.97156
5.12505
5.47427
3.39511
5.50014
7.79579
7.08594
2.24182
5.27737
3.93256
5.11714
5.05185
4.87152
5.4387
6.18347
5.31444
4.61425
2.28783
5.38914
5.7671
4.76167
4.41782
5.9025
5.04901
5.44727
4.02191
4.94282
4.59673
6.219
3.87107
6.71653
6.82611
5.75578
4.44382
4.2631
5.57267
4.94679
4.44168
3.94731
4.87837
5.99841
5.25431
4.51467
4.6262
3.26549
4.12147
5.64775
6.48121
5.12663
6.12261
3.21289
6.20694
3.70504
4.81635
4.28594
4.03992
3.44453
7.13102
6.12495
4.87996
5.98061
4.19005
4.52414
6.69335
5.18303
4.07243
3.79489
5.31716
4.64326
5.96267
7.72786
6.33039
6.13794
5.01664
4.24484
4.23485
4.8718
5.11935
4.70749
5.7111
4.42375
4.92039
4.58554
5.24163
4.81572
5.79009
4.41404
5.72901
4.91802
5.03441
5.3307
4.70471
6.43061
7.01923
6.5169
5.56842
5.3151
5.15726
5.23594
5.89018
5.12338
5.41824
4.50967
5.99954
4.89196
3.85083
5.04167
5.0613
4.58159
6.29452
4.55601
6.86484
5.8712
6.2706
3.4158
5.72916
3.62378
5.53376
3.09383
5.01353
5.0028
4.42668
5.35225
4.14738
3.38222
3.20934
5.19982
5.09907
6.23102
4.26969
4.89613
5.74368
5.96211
3.45321
3.83338
6.4651
5.00358
5.42181
3.41665
5.40144
6.22195
6.3975
4.01688
5.19012
4.42437
7.40175
5.34532
4.68544
5.96135
4.33344
6.34057
2.19944
6.3051
4.72663
5.03591
5.76693
4.68079
5.56293
5.05377
6.11146
6.22685
3.86366
4.17535
5.11566
4.9633
5.93719
5.87232
4.98769
5.95714
4.49885
4.36622
4.2841
5.45905
5.95212
3.67423
5.26956
4.31998
3.25746
5.79068
4.00515
4.91664
5.67476
6.04487
5.99041
3.69686
4.40533
5.54218
6.22948
4.76652
4.27192
3.97297
6.70967
6.18113
5.55011
3.71421
4.08921
5.33691
5.62887
4.36775
4.73261
5.97767
5.62221
4.48319
4.19738
3.87363
4.71121
4.7676
4.77056
4.97268
4.92656
4.05524
5.15212
5.77597
3.8511
7.06405
6.80095
5.15884
5.25378
3.07889
5.86879
5.23134
5.3155
4.79821
6.26428
5.85908
4.91197
4.97119
5.60581
6.20434
4.17042
5.69345
4.1346
2.93403
4.33425
5.1233
6.54409
4.06695
4.31547
3.3267
5.01031
3.93302
4.19868
3.28281
4.25089
5.90222
2.9968
5.2127
4.48281
5.76061
6.37581
5.68419
3.5498
6.93676
6.65103
1.26506
4.14933
7.46125
5.12625
5.66996
5.59644
3.72634
3.84892
5.04264
5.95606
6.79392
5.48466
4.13902
5.266
5.89978
5.03969
4.68974
4.60477
5.65055
4.10025
4.1635
4.79047
5.20737
6.00309
2.67464
4.52031
4.23212
4.04939
7.29012
3.97669
3.25886
6.25576
5.64857
4.36094
7.03903
5.26918
5.45936
5.32214
5.29691
5.42476
4.4412
6.53107
4.41763
4.72674
5.29042
5.50601
5.73744
6.7571
4.51411
6.00242
3.08429
4.83431
6.31335
5.71908
4.01984
5.51392
5.02509
3.53242
3.83223
4.62764
5.68986
5.54046
4.18898
5.99466
5.0697
5.32433
3.82017
4.81254
4.80972
6.27
7.34372
6.51473
6.11307
7.36341
3.8139
3.91845
4.70624
4.66945
6.31373
5.8625
3.62119
6.33233
4.78833
6.72514
3.72595
6.57153
4.80982
4.03916
5.76138
4.10705
3.5728
6.5158
5.2554
6.09829
3.64839
4.16091
4.26055
6.01932
7.22447
4.51946
5.87782
4.64865
5.82295
4.69428
6.08857
4.23551
4.55338
5.18431
4.69387
5.76153
5.05165
5.75909
6.36068
5.54018
4.62269
5.83024
4.13715
4.30008
4.50805
4.32284
4.94399
4.79262
5.54853
5.78341
6.41398
5.08199
4.65205
5.62897
4.77009
3.94479
4.35483
5.73689
4.95805
3.60034
5.26735
4.96226
5.64958
4.05806
5.20054
4.71527
6.14976
5.15102
5.05267
5.58388
4.43813
4.72089
4.26898
3.99956
5.58725
4.5528
5.69361
4.29324
5.49051
4.63931
4.54975
5.23789
7.1359
4.88534
3.35754
4.25003
4.80346
6.33829
4.43777
6.0832
6.62747
5.55029
4.14403
3.92638
4.80807
5.33353
6.43426
5.17366
6.46728
6.68248
4.86738
6.37478
5.36053
3.81628
3.21721
3.4659
7.52727
4.22614
5.86986
4.72231
5.38682
4.01156
5.18645
5.56349
4.78877
6.07894
5.30487
5.27368
6.00301
3.6026
6.4927
6.69115
5.72231
4.03709
6.22931
4.59153
4.77927
4.86931
6.20037
5.81032
3.12363
4.63684
5.06782
6.9375
4.12171
4.00895
5.44687
4.13418
2.78035
6.15568
4.89649
6.63894
6.06808
4.93346
8.62907
5.89257
4.54564
4.22847
2.97116
4.84023
4.9082
6.11108
5.90336
5.45868
5.97187
4.38692
4.67702
4.46562
5.6427
5.77028
5.36391
5.92419
3.64753
5.11342
4.98756
6.44459
5.12574
6.78336
5.2303
4.5479
4.12561
6.24787
4.43236
4.47387
4.39647
3.94457
4.32105
4.10332
3.94295
7.14925
4.95305
5.55108
3.64232
6.24517
3.4504
6.37182
5.44977
3.54178
4.70892
4.62291
4.57869
4.69313
5.46179
5.88097
5.20904
6.8733
5.76432
4.50224
6.35454
4.77752
5.84903
5.55797
6.46418
4.14629
7.58518
3.89446
3.25502
6.32836
4.28411
6.50221
6.08632
3.97893
3.85294
4.47655
3.84621
5.24337
5.95793
5.91613
4.66501
5.05647
4.89347
3.27963
6.15261
2.52648
6.35625
6.32824
4.47764
4.18848
6.17641
5.65184
5.98952
3.63522
5.23036
4.66064
5.37957
5.21895
6.45348
3.81037
2.98413
5.07006
3.94782
5.34525
4.476
5.59785
3.35717
5.38554
5.59158
5.17382
1.61338
6.99866
4.76532
5.02913
4.11277
3.24778
5.50922
4.37888
5.3883
4.53933
4.58661
5.40379
3.88708
6.01449
5.3782
5.84277
4.67618
6.85281
4.05644
3.85205
6.63128
4.9912
3.64774
4.83255
3.59434
6.63503
5.18939
4.07971
6.06695
5.69565
4.16138
5.00929
5.61795
5.66048
6.51372
6.14696
4.55061
3.93239
6.33369
5.02844
5.47465
5.0864
5.39783
4.22506
5.92948
2.69824
6.55019
5.89701
4.73898
5.22429
5.51159
4.90013
4.71739
4.56657
4.61027
3.26837
5.06907
3.31032
2.4672
4.9947
6.06783
4.98735
4.69701
5.30756
6.11553
4.96128
6.55128
4.97247
3.26321
6.01987
4.59728
3.90177
5.43696
5.66483
5.7477
2.77066
5.16647
4.64833
3.40317
4.14571
4.73828
7.30848
5.74934
6.00812
4.24876
4.1668
5.74943
4.62834
3.31617
3.5862
4.34948
6.24693
4.13471
4.68757
4.52888
6.06744
5.89051
5.09229
5.60415
4.86563
6.58171
5.7373
5.75589
3.52966
3.47873
4.48579
5.31809
6.76396
4.61334
4.32375
5.83241
5.62433
5.6264
5.97967
6.22855
6.04396
6.37668
5.90434
5.23965
4.33297
5.01304
6.67911
3.68565
4.78976
5.4977
3.40344
3.8786
4.87175
5.43452
5.21701
3.6363
5.24061
5.97079
6.53176
3.14981
5.71255
6.05018
2.92155
4.15314
3.5052
6.13368
4.69106
5.56517
4.36513
5.25678
3.61057
4.6151
6.20546
4.45444
4.63498
5.4748
4.79715
4.76481
6.43861
4.71218
6.7085
4.04485
5.99453
3.12027
7.61834
4.47459
6.00139
4.69189
5.04723
3.99078
4.97513
7.12499
6.06125
2.95487
6.10589
5.15157
5.46935
6.87753
7.42465
5.79128
6.16613
3.09348
5.1986
5.7991
7.03224
5.4422
3.77844
5.60263
6.10991
4.67361
4.55654
3.80091
5.70956
4.3169
4.85143
6.05029
3.84553
3.50648
5.42443
2.83473
0.320232
4.67795
4.43361
4.43731
3.64231
4.10451
5.56181
4.86487
5.53503
5.65967
4.91135
4.88567
4.62313
7.04321
4.34871
4.65668
5.72706
6.00416
6.70145
5.18853
4.39146
3.94071
4.22921
6.19488
3.55938
4.34359
4.68895
5.62659
5.08643
4.5573
5.91599
5.40362
5.62949
6.32842
6.25464
1.96623
4.56845
4.04432
5.66726
5.13189
