4.40752
5.80848
4.03481
5.65189
6.16391
5.21859
2.79006
4.82013
5.33274
5.95157
2.80601
7.07991
3.76364
4.20319
6.38857
4.63192
5.2879
5.08998
6.13359
6.37008
4.73258
5.44215
4.0536
5.15731
4.69124
6.84548
4.1347
4.2345
5.37874
6.13477
6.07576
6.22995
4.55572
6.34286
5.55531
6.27008
4.78842
6.58178
5.72816
4.15576
4.40973
6.33152
5.22737
5.58096
4.88668
5.38342
6.14313
5.13675
4.61957
4.07862
3.45238
5.30152
4.75894
4.64008
4.64031
5.9532
4.64833
4.81245
4.28958
5.24129
6.01806
1.94947
4.26005
5.83235
4.19411
3.01271
4.8063
6.31144
5.15737
5.03218
6.2639
4.49021
6.00935
5.95407
4.48037
4.44256
4.72797
5.32145
4.63995
7.57945
5.98744
5.91751
5.70781
6.82745
5.4954
5.90739
5.26424
4.95391
5.39292
5.81543
5.17561
4.23395
3.82026
3.80932
5.66279
5.49081
3.99445
4.80659
4.34068
3.31804
6.28779
5.13626
4.34146
5.72838
3.46879
5.09517
4.60485
5.34787
5.46436
5.6984
4.9993
4.92677
4.50246
5.20196
4.81576
4.45984
3.35049
4.06957
6.82182
5.81521
6.2995
5.61045
6.81451
5.27432
4.92695
4.78566
5.70795
5.48656
2.98979
5.56504
7.18085
5.75722
4.24822
5.77227
6.23626
5.33999
3.00249
5.62374
4.66074
4.20068
6.73667
4.83693
5.94224
5.09599
4.80356
5.98241
7.40813
4.99658
4.61295
6.36054
3.84301
5.6036
5.20817
3.31087
3.84704
5.46728
4.27072
6.31753
2.63481
4.57729
7.25284
5.66476
6.78167
5.30706
3.24338
5.04696
5.02255
4.9527
4.80551
4.63697
4.10704
4.27011
4.46323
4.47665
5.20109
5.74995
4.82708
5.80673
5.54058
5.74081
4.71946
5.81668
6.63436
5.86086
6.70614
5.2456
3.89486
2.80479
5.01178
5.38891
5.39885
6.57445
6.14672
3.91917
5.50324
3.66731
4.16648
4.48543
4.68499
5.79695
4.21188
4.95479
5.27368
4.65005
4.53219
4.92387
4.30132
4.434
5.77955
2.86951
5.75395
5.92525
4.91224
5.02129
6.69275
6.48148
4.63405
6.79811
4.92148
3.53323
5.7448
5.75938
6.51978
4.61947
5.78485
4.6547
4.99293
5.52046
3.97311
5.2368
4.81059
4.95487
2.57361
4.76686
6.26205
6.09357
4.60098
6.745
4.59928
4.58886
3.70229
6.10319
5.67418
5.70292
7.36429
4.51024
3.71321
4.58007
5.36494
3.94116
5.02126
6.79654
4.80953
3.49147
4.47618
4.79124
4.05069
5.71253
5.26726
3.55225
4.73841
7.34162
5.75215
5.56418
6.12924
5.05785
4.31014
4.10525
3.18966
4.12999
5.21371
5.01483
4.69458
5.75718
5.07248
3.1434
5.75141
5.04568
5.32866
4.92841
5.03635
4.05618
4.73751
4.47793
4.27177
4.48457
5.32525
5.1856
3.02854
4.52028
5.98898
4.97957
5.34348
4.84888
4.63856
5.40655
6.01797
2.50749
5.02715
3.71473
4.15321
6.44421
3.33319
4.9423
4.13794
4.66026
6.44916
4.23124
4.38721
7.21659
6.38564
4.7248
4.25542
4.74346
4.16819
3.66567
2.87625
5.08209
4.29858
5.30598
6.10833
4.05329
5.84846
6.19956
4.39036
5.76386
5.00774
3.27348
4.75859
5.19202
4.91983
4.40298
5.15705
4.51973
5.27511
4.6202
4.49524
6.24265
4.64278
3.54139
4.47489
4.54931
5.75977
4.15855
5.68678
5.38497
5.39742
4.36364
6.14582
4.7882
5.7696
4.17946
2.79899
3.36129
3.86477
4.87435
4.94921
4.25992
3.85935
4.70963
4.03487
5.68102
5.32505
3.9419
4.54183
4.65429
6.93335
4.99289
5.41846
5.0976
5.36088
5.50009
3.96527
5.61162
5.50126
6.80139
4.5742
5.3775
5.16056
5.47226
4.3864
5.9301
3.75675
4.77452
4.57754
4.65896
5.72934
2.21226
5.72875
6.59249
5.1149
6.25942
4.40837
6.37144
5.82022
4.53547
4.33395
5.92109
5.13246
5.1386
5.93334
4.82587
4.26389
4.25677
4.44077
3.86606
3.86346
5.46016
5.24032
4.51145
5.47607
6.44654
6.57542
5.93986
5.08843
5.89821
5.60675
6.64913
5.36825
5.52616
4.22705
5.57822
5.97293
5.05742
5.74343
6.27723
5.83277
6.01834
3.14359
3.771
4.29786
6.30891
4.53518
5.75239
3.48853
5.3946
6.74908
5.01942
4.72257
5.93705
7.26745
5.63794
6.09452
6.2645
4.27992
5.18979
4.31492
6.70628
4.09639
5.31139
4.74404
6.31574
6.02568
4.65332
5.36992
4.50782
5.23027
4.18955
4.84965
4.46737
6.55267
4.44564
4.31466
5.39234
5.43333
5.73529
3.61433
5.32275
4.97892
2.79087
4.87643
6.42616
4.89161
4.68804
5.08893
2.88148
7.11399
5.10611
7.82285
5.55302
4.65266
4.16189
5.48128
5.52255
3.88242
5.38785
5.3511
5.38565
3.97128
5.81779
6.12378
6.61654
5.62941
4.86429
4.25037
1.42543
6.4045
5.30593
4.85167
7.01602
5.27262
5.82308
5.17475
6.13613
3.68425
5.28007
4.88412
3.35399
4.78756
4.59675
5.62495
5.27427
5.54283
5.48782
4.02349
5.8981
5.15335
3.07366
6.21538
4.7982
6.20969
4.36947
4.86006
4.11396
4.78573
5.53892
4.82368
3.98159
4.10307
4.16193
6.61315
5.4651
3.85418
5.70016
4.83699
5.39482
5.01813
5.29129
4.39747
3.48895
3.58541
5.59567
6.90209
5.74535
5.68333
4.82957
4.39049
6.01582
5.27809
5.55257
4.53287
5.50434
6.74489
5.60694
6.56232
4.81034
4.13802
5.11936
6.01888
4.44742
5.80947
4.70029
5.45888
5.25464
8.4795
5.79737
3.8209
4.22982
3.8257
6.75387
4.71317
4.70665
4.29583
5.74349
4.7529
5.10443
3.81295
3.90043
5.23299
5.81824
6.26809
5.38642
5.2807
5.46871
4.28501
5.752
5.83958
6.98361
6.57631
5.76955
5.32011
3.26557
4.52379
5.01044
5.13128
3.61727
6.12284
3.24551
4.57354
3.73353
4.23028
5.47383
7.1873
5.87026
5.86567
5.10494
4.16991
4.96929
5.01664
4.56327
5.21897
3.46523
6.56694
5.53458
4.06522
3.90573
3.79653
5.11456
3.739
4.13715
5.12782
3.95177
5.26415
5.87628
7.48473
4.27572
5.52366
3.01908
4.13531
7.09181
5.2285
6.70264
2.60344
5.10654
6.52217
4.22751
4.33965
5.57049
6.59122
6.46731
4.89791
4.78344
4.25869
4.11689
5.54897
5.47706
4.7516
4.55424
5.12763
7.43381
5.24354
6.58317
4.72301
3.92627
5.52045
6.09559
4.79577
5.33975
4.65345
4.09395
7.27459
5.37419
6.18183
5.78505
4.08186
4.87052
7.118
3.95013
4.72052
5.00309
3.01789
6.10343
5.48176
5.56659
5.81524
4.21276
4.29156
4.66556
5.57845
3.99223
4.89031
3.20409
5.92198
3.96218
4.79227
4.78879
4.5258
5.03761
4.34721
5.24314
2.36706
5.84797
4.30964
6.72833
3.28604
4.2145
3.8296
3.16883
5.42944
4.27904
5.53571
4.33777
5.81042
3.09051
6.2475
4.77226
6.32309
3.21683
4.51963
5.45023
5.38104
3.93231
4.44916
6.55978
5.62803
6.0929
4.4
5.05357
6.91862
4.44117
4.90796
4.68023
2.11261
6.82762
4.54398
4.61134
4.20606
4.07485
7.24475
3.121
7.35802
6.83239
4.44688
2.70119
5.28408
4.44278
5.24418
5.47797
4.77202
4.96999
4.56904
4.97545
5.34704
5.43237
5.0355
3.87434
3.87056
4.64132
4.78752
5.6293
3.93267
5.87654
6.12042
4.81306
4.38853
5.56437
5.03621
4.8339
4.65602
5.70401
4.66377
5.23049
5.61635
5.10969
5.44307
2.09582
4.64634
3.89432
4.57429
7.08034
5.53999
6.30506
3.36766
4.5907
5.37866
5.29026
4.62675
4.27857
5.14981
4.91032
5.43483
5.65031
4.91586
5.1529
4.20448
4.32843
5.71488
4.64376
4.2892
5.89037
6.83215
5.45079
2.35769
4.61652
5.02076
7.28073
4.87302
6.53084
3.08812
5.18321
4.37202
4.83602
4.46622
5.29594
5.33412
4.33709
4.07301
5.68834
5.13541
5.78093
4.76774
4.36675
6.57874
6.11641
5.96746
5.49284
3.63965
4.69305
5.42776
4.47045
7.01626
6.89049
5.52696
6.53346
2.0444
7.19523
5.12252
4.99636
4.25592
6.32321
4.71748
4.60061
4.86713
3.48095
4.96525
4.08223
5.45702
5.2533
4.88028
5.06284
5.48001
5.35149
5.70557
7.03758
3.69383
4.76607
3.40554
4.54059
4.21084
3.66578
4.45621
5.59855
3.91384
5.57637
6.47575
6.62509
6.48709
5.38788
7.01597
4.7512
4.3481
5.99499
6.74619
5.63604
4.40345
4.449
6.13757
5.00622
3.84075
3.99381
5.20503
4.20384
6.18365
5.47405
4.07571
3.74715
3.77757
5.57492
3.43889
5.73467
3.20377
3.74771
4.2199
3.33165
4.69806
5.5929
4.44899
3.70437
4.75874
6.05608
4.8792
6.44887
7.2075
4.84462
5.98006
4.142
5.71284
6.70398
3.72558
3.86832
5.2921
5.73573
6.43396
5.56601
5.39008
4.95335
5.10874
5.00734
5.93616
3.58863
5.64323
3.6413
4.03708
3.24127
4.77435
5.04547
3.51986
4.85301
6.56485
5.81742
5.16585
1.95137
5.48001
6.92131
3.94557
3.13914
4.37611
6.13727
5.79175
4.69677
4.99108
6.20586
6.01912
6.35853
4.57369
3.90382
5.21524
4.23701
5.2282
4.24579
5.37548
5.41357
6.0662
5.81227
3.94912
5.07093
5.34663
6.36489
4.3563
4.27669
5.63068
4.02437
5.99761
5.04193
4.29917
5.0972
4.56102
4.19937
5.85247
4.01561
6.2792
4.32505
3.02816
3.59689
4.01161
5.7969
5.72521
4.90872
5.68203
4.65611
5.70199
3.65624
4.70672
4.70578
5.29588
6.08715
6.73349
5.42225
6.36044
4.19886
5.36345
3.67568
4.84726
4.53556
5.22062
6.25298
5.77829
4.97859
6.40977
3.3406
4.74203
3.99896
5.79565
6.09051
5.96707
5.10011
4.83964
5.82057
4.00878
5.46452
6.068
3.80868
5.51941
5.32831
5.48322
4.63522
5.25444
3.80043
5.43297
7.33956
5.52302
5.98409
4.42846
5.16982
5.25176
4.30175
5.27493
5.2043
4.72798
5.81644
3.92738
4.30377
6.23569
4.85317
6.7158
5.89179
4.95291
4.1734
4.76588
4.02436
3.63073
6.51785
4.47311
4.18545
4.21234
5.58846
5.50122
6.3118
0.557967
5.16847
4.3599
6.42739
4.76166
3.90785
5.22516
5.69801
5.20555
3.88256
4.5025
5.74969
6.9333
5.04208
5.40717
5.54251
2.98232
3.67705
4.73922
5.22807
6.05845
5.96664
5.92259
5.26973
4.56782
5.2492
5.79525
4.18326
4.28974
6.41927
5.77558
5.44516
4.23637
4.71906
6.30425
4.75027
5.92756
5.27992
6.10094
5.57624
5.92027
4.60373
4.48945
4.257
5.86412
3.67595
3.50856
3.71083
5.82211
4.52433
3.46238
4.74314
3.97421
3.42554
5.83555
5.14103
4.91045
5.50228
5.85114
4.89867
5.87985
4.66482
4.47485
5.39463
5.48363
3.42671
5.00019
4.50278
5.23108
3.95438
4.34321
6.80856
4.39687
5.3822
5.76543
4.85949
3.464
6.36761
3.53653
4.46102
6.58288
5.24101
5.47223
5.35763
4.14718
5.94724
4.8863
4.54144
5.62525
5.24699
4.76817
3.67479
5.71572
6.40855
6.5732
5.7412
5.61142
4.70761
6.00876
6.26631
3.0549
5.80995
4.90384
6.34349
4.44192
5.40968
5.43723
2.29436
6.02606
4.49919
6.54113
4.86418
6.05104
3.46627
5.86205
4.10115
4.85485
5.94141
5.88676
2.93507
4.14995
2.2262
4.95468
6.22276
6.1732
4.37329
5.68732
5.88761
4.4757
7.59842
6.57102
6.40042
3.6759
5.67433
6.47398
5.32209
5.43709
4.40653
5.93425
6.19547
5.29456
5.82862
5.23859
4.73372
5.21673
4.22657
5.64158
5.35041
4.94321
5.59431
3.71606
5.47932
5.46666
5.50376
4.56745
5.55684
5.60764
6.08126
4.68886
3.85649
4.9004
5.1303
5.58642
4.44425
3.72763
4.81565
4.50634
4.98102
6.32175
5.35959
5.15176
3.42657
4.89478
6.06907
4.58399
5.34253
6.61185
3.78982
5.2468
6.23945
4.83786
5.9588
4.76514
4.36408
5.42165
4.92172
5.96833
4.51931
3.47775
6.23423
3.57214
6.55852
6.32852
5.25198
5.38402
4.48368
4.60916
5.43467
3.53122
3.11759
5.03959
5.28593
3.98014
6.73294
3.26687
6.87838
5.05501
5.61429
3.41327
5.03128
5.00552
5.77108
4.02796
4.49534
4.12123
5.0096
6.02979
4.89846
5.97646
3.70256
4.80585
5.30544
5.7307
5.50301
3.97431
4.60045
5.96259
5.74258
5.25868
5.03864
4.82004
3.99391
5.04873
4.642
5.13519
6.25631
5.08979
5.80763
6.06516
5.28704
3.43177
5.50191
4.42374
5.97398
4.59773
4.98741
3.50288
4.21181
4.83192
4.08694
6.12285
4.82921
3.98359
3.75744
5.4124
4.26119
5.29836
5.05329
4.89522
4.27768
4.99974
5.75554
4.04471
4.11503
3.58495
4.78827
5.09693
4.2877
4.42466
6.62949
5.87965
6.12214
2.06837
3.53478
5.92671
5.60506
4.95276
5.31567
4.51113
5.70342
4.90609
5.41991
5.07018
5.18067
5.26561
2.4523
3.52321
3.60261
5.61099
4.3556
5.60185
4.8136
6.646
4.77224
6.05736
6.66819
4.2972
4.11095
6.1246
3.8537
4.97647
5.67714
4.41487
5.84562
5.31201
6.47198
3.53986
5.67549
3.85782
6.03823
4.36039
3.4616
5.99533
5.65845
4.29318
4.71572
6.60792
5.4279
6.04228
5.79637
5.19094
3.46884
5.09273
3.07503
4.44676
5.78484
7.16865
5.09722
4.145
3.78768
5.73956
4.45287
4.02798
4.53537
4.28748
5.19299
4.99728
5.62545
5.08539
5.4697
4.47699
4.74006
4.69595
6.47174
3.98429
5.22382
4.4036
3.45687
5.28285
5.54414
6.20171
6.4026
5.41086
5.18548
3.85837
4.69001
5.40502
6.11793
5.12789
4.43579
3.2554
5.01369
6.38326
5.58438
5.89999
3.82105
4.74877
4.91804
5.78201
5.27585
4.83468
4.06388
4.27661
5.93586
5.84475
5.47017
3.32754
4.72697
6.03553
5.22603
4.30972
6.34551
5.97389
5.28295
3.7315
3.67412
6.72667
4.48381
5.219
3.23701
5.53074
2.76642
5.36115
5.08326
3.61778
4.74309
2.61294
4.97476
4.65529
5.81313
5.72986
4.09029
3.58898
4.20045
5.75488
4.28235
6.76411
4.7843
5.72221
6.06344
5.34774
3.03144
4.44121
4.05986
7.32939
4.4523
5.63179
5.90583
5.37714
5.07746
4.99523
4.54177
5.7211
3.23483
4.12929
3.68412
4.58349
4.14508
5.17918
6.23949
3.62781
5.3908
6.32344
5.55716
5.20228
7.24747
4.35649
5.61199
3.82975
4.86003
5.51489
5.2612
3.61652
6.16456
6.91165
4.01528
4.70769
4.85256
5.03962
4.58819
4.92788
4.51652
5.1717
4.16724
2.63201
4.47593
4.512
4.6325
5.49513
4.79285
4.2953
4.0094
5.72649
3.19628
5.97684
6.68992
5.22137
5.36457
2.31448
6.00942
5.01118
4.3338
5.79065
4.29209
6.41931
4.41887
4.29547
4.21013
5.70918
4.41481
5.61577
5.78249
3.98462
3.79413
4.75765
4.36288
4.52647
6.82839
5.05092
4.20394
6.2642
4.84817
5.69429
4.78736
4.6588
6.95446
4.56348
4.4436
5.20371
5.70394
3.97718
5.69406
4.77427
3.57564
4.12607
4.25162
4.64262
5.20397
5.21292
4.78387
6.05496
5.5169
5.72145
4.36237
3.43479
4.86715
4.71002
4.66406
4.07787
4.21882
4.21101
4.71107
5.29388
6.95748
5.4691
5.67074
4.53632
3.75227
4.52738
6.25721
4.61382
5.15085
4.43716
4.1875
3.02608
4.04312
5.17735
4.79865
4.20583
4.85326
3.87537
5.71187
5.85429
3.4904
3.24689
5.56033
3.96771
4.37157
5.83328
5.14972
5.32582
4.66929
4.91115
7.01116
4.87996
4.19735
4.76882
5.22151
6.4227
5.29997
6.11129
5.983
6.45953
5.99723
5.3666
4.52857
3.05581
4.13847
4.4544
6.46843
5.70705
3.2316
6.95712
6.87808
7.88064
3.91031
4.49928
4.37127
4.17105
5.42322
5.89326
2.93044
5.35253
5.86149
6.20114
5.96848
6.65138
6.44887
3.64739
3.22931
5.11064
7.09871
5.55815
6.39762
5.50933
5.53081
4.52189
5.05969
3.29852
3.76986
3.7117
4.13413
5.25046
4.13765
4.18568
4.78973
3.67862
5.27481
6.59635
4.50841
5.61822
4.47701
5.87246
5.16715
5.90883
6.73555
5.15513
2.86739
5.25101
7.0705
3.55382
6.8169
1.58726
4.74924
5.90586
5.70641
5.60186
4.04579
1.86836
5.54979
5.20548
5.65576
4.02683
4.27046
4.84379
4.23876
4.11746
5.3451
5.41059
5.10286
4.02539
7.08872
6.26447
3.28533
3.23323
5.88171
5.46641
4.514
5.53416
4.57877
5.25459
6.36486
4.46668
4.33338
6.48332
3.73204
5.9912
3.95666
5.31531
5.98492
6.04748
6.77426
6.36455
5.79174
4.65055
6.6983
5.55559
5.05154
5.55382
5.95956
5.10822
4.64024
6.98903
4.55417
4.65834
5.10648
3.78127
7.6323
5.68519
4.71749
5.48835
6.07969
5.85697
5.54116
4.0097
5.59767
4.80389
5.46689
4.94067
3.82776
3.94832
2.78393
4.98268
6.00019
3.79463
4.75967
4.67932
4.539
5.96754
6.2301
6.2483
6.88596
5.72317
3.34559
5.76181
3.48866
3.3097
5.87225
5.73414
6.73796
5.23751
3.28452
6.42305
5.29807
5.45057
3.67927
5.28422
6.35596
6.85244
5.16481
3.75331
4.30042
4.3504
4.33549
5.47376
3.8007
6.14426
4.67009
5.35358
5.03675
5.07161
4.56206
5.27737
4.72963
4.18865
6.0554
4.6511
4.76955
5.13871
6.13788
4.2613
5.49051
4.74944
4.25155
2.42118
4.71345
6.05579
6.39222
3.97621
5.11613
5.42373
5.09105
5.81886
4.7446
4.52835
4.92974
4.22503
3.00122
6.09503
6.46608
3.28796
5.12078
4.74522
4.21009
5.08918
3.58986
6.02995
4.92387
3.74009
5.03027
4.98709
3.2707
4.44428
4.88929
6.58746
5.28203
5.47913
5.50792
5.7287
5.06626
3.90434
4.33484
5.4915
4.53315
6.23828
4.15548
5.56353
5.47223
2.31534
4.42001
5.15283
5.2493
6.55522
4.41153
4.4377
6.58383
4.35849
4.81047
3.12183
7.10015
4.99723
4.87349
5.10311
3.91547
5.04727
4.92729
5.18046
6.20306
7.00884
4.58109
5.02765
3.94426
4.34761
6.45064
5.19128
4.39751
6.30585
3.30914
6.06619
4.40383
4.55487
4.2816
4.3802
5.69396
5.5949
5.177
5.3482
7.34161
4.29519
6.1235
6.25461
5.02218
4.01676
6.58288
4.74911
5.14636
5.07775
6.12501
4.934
4.44486
4.59296
5.5359
5.10786
5.29118
5.86893
5.26956
6.70184
4.96448
4.72385
4.99476
4.14133
4.22961
5.16518
3.11617
5.14109
4.3953
5.58991
5.80563
4.98113
4.99712
4.46947
2.97005
5.14424
4.97819
4.67279
7.39747
6.32671
4.31431
3.6673
4.0781
3.55718
5.65922
4.5541
4.6366
4.32979
3.42943
4.18652
4.56209
4.90862
4.46324
3.45911
5.96546
6.58943
4.93814
7.3428
4.701
5.10014
2.76605
5.04883
7.14698
4.78747
3.45708
6.39927
3.76409
3.87983
6.25648
4.50913
4.73833
5.49042
6.41898
4.80293
4.73179
3.39469
5.60762
5.09587
5.58165
5.87956
5.13836
5.84898
4.68204
6.25876
4.81773
6.86954
3.44444
5.37661
5.05645
4.72429
6.2533
4.98126
5.7274
6.0738
4.42833
6.47069
5.43315
4.66991
5.85272
3.42761
5.17882
5.77477
5.26353
4.60363
5.39109
4.42635
4.98971
5.18688
3.6527
2.88214
4.60733
6.02083
4.9858
4.72207
5.06262
6.02927
5.76179
6.94354
4.66133
2.26282
3.60154
5.11669
3.04802
4.86551
7.54698
5.36971
5.83267
2.27826
5.13568
3.91139
6.542
4.71229
5.44514
4.90635
4.75986
6.27694
4.78815
2.95442
4.99857
5.74959
5.16217
2.73228
5.39351
5.096
4.32071
6.25604
3.28218
4.81463
4.07155
4.34465
5.46229
4.12848
5.05759
5.36338
5.23227
5.71285
5.15951
3.43949
6.99152
6.16932
4.78323
4.99674
5.03745
6.25679
5.20487
6.34771
4.97039
5.16169
3.39071
6.29158
4.60886
4.94743
6.62498
4.61852
4.48653
4.40014
5.56819
4.42607
5.44058
3.70298
5.97891
7.01244
7.16434
5.31633
5.30999
4.65696
4.89995
3.85709
5.14836
4.45275
5.10586
3.72962
5.597
4.49317
3.34285
6.21067
5.84549
6.49797
4.2994
5.38002
5.15614
5.45536
5.21549
4.05037
6.58133
5.0451
4.11165
6.37519
5.05339
5.8946
6.23221
4.83624
4.32779
5.25878
5.47098
4.09371
4.97363
6.42433
2.11953
6.50826
5.98157
5.44372
4.11059
4.12059
4.65985
5.02793
5.18541
6.84172
5.06432
5.43406
6.16158
5.28983
4.40569
3.56994
3.33622
3.566
4.45358
4.66447
4.34658
5.31825
5.30943
6.30702
5.86446
5.45737
6.13884
5.25195
2.93415
5.83948
6.35998
5.0905
4.34199
4.33978
2.74789
5.9677
6.5639
4.43019
4.67131
5.48774
4.5954
4.94313
3.6431
3.60055
5.14838
4.64379
5.87571
7.09429
3.9513
4.4762
3.50883
4.4187
4.97343
4.89554
6.29258
3.58769
5.78516
5.26624
3.9701
5.19344
6.62334
4.6078
4.7187
4.35084
6.66328
4.97655
3.36259
5.95671
4.97713
5.7677
3.44926
4.60654
4.7281
4.52628
5.92619
5.85697
3.74576
3.90072
4.60492
5.29823
5.02337
5.23441
4.83759
5.94505
4.84077
4.80251
4.91006
3.43981
5.05015
6.83427
5.22571
6.39138
5.08243
4.5751
4.54663
5.91573
6.08959
4.40723
4.65662
4.75953
7.05549
5.84579
5.89153
3.98278
6.55276
6.85453
4.8628
6.32292
6.06673
4.6938
1.93782
4.25212
4.61615
4.35752
4.62867
3.88984
5.017
3.7479
4.80281
3.57771
4.23007
4.24132
3.73808
5.24905
6.46167
5.94005
5.71204
5.11629
4.68658
4.27155
3.78098
2.98445
3.78551
5.27204
4.16999
4.55085
4.51709
6.20748
6.17513
4.54117
4.6654
5.88566
5.80504
4.51328
5.58395
5.30563
5.81498
6.29686
6.17179
5.35484
5.01537
5.79358
4.60302
5.95679
3.36538
6.48544
4.31046
5.41361
5.55759
3.99381
6.3914
3.67284
5.64131
4.22715
5.51757
3.34618
3.06615
5.9437
4.41388
5.83649
6.28713
5.78651
6.18244
4.90196
5.27778
6.36485
4.01825
6.21289
5.89088
4.51375
2.63685
5.19974
5.23588
3.88842
4.15109
3.20277
5.93131
5.28393
4.38249
5.61163
5.62143
6.12397
4.75123
5.58579
5.61359
6.25123
6.5199
5.54528
5.94513
5.25046
4.7561
5.52349
5.73116
5.8603
7.21985
3.67099
6.0874
4.41801
5.16802
5.70279
5.38327
5.75526
5.75954
4.77652
4.21848
7.40531
5.0996
6.30259
5.87961
5.67445
4.84661
7.20132
3.83108
4.58615
4.58435
5.01978
6.1394
5.80279
6.01503
4.29177
4.12143
4.6683
5.44413
5.82945
5.29887
4.33315
3.69918
5.1298
4.57473
5.39104
5.05836
3.99693
3.35124
4.68094
6.50792
4.55245
4.60746
2.62017
4.28077
4.19363
4.89155
5.72114
4.24616
4.49049
3.57812
6.78451
5.21846
3.98544
3.804
5.32057
5.21651
4.83022
4.97572
4.12041
3.77163
4.71082
5.18533
4.74521
5.90455
5.6519
2.7766
3.79023
4.93347
5.16839
5.70912
5.5032
3.1521
4.22398
5.14548
6.77298
6.55308
5.07066
4.17417
4.60319
4.60804
5.9114
5.90567
6.20272
5.6199
5.50529
4.7605
3.34017
5.50925
5.55747
5.03279
4.46507
3.9502
7.81116
5.09936
5.90068
7.15499
5.67941
5.75758
4.38361
5.58439
5.34957
6.21757
5.19352
3.7591
4.06225
5.38016
4.55964
6.66797
3.87323
6.69444
5.63181
3.6107
2.43452
5.32155
5.94692
4.90687
4.79176
4.91442
6.67707
4.6496
3.1713
5.26003
4.22529
4.40348
5.25705
5.39352
4.70586
4.86826
4.93878
6.07659
3.60595
5.87716
6.26627
5.26493
4.481
3.77771
4.11983
5.79808
4.98146
4.82525
4.89274
5.80157
4.36424
5.29413
3.20279
4.93785
4.82574
2.92791
2.94008
6.05502
5.27808
6.50215
5.19584
6.1458
5.04303
4.8055
5.26889
4.67393
3.48695
4.80724
3.23784
5.18934
3.83751
6.48729
5.52553
5.16439
2.46471
3.60584
5.11194
5.26313
6.49375
4.85949
3.71124
4.70372
6.11319
4.50439
6.74643
4.75158
4.57504
6.40622
5.78595
4.68278
4.64637
4.78339
4.01934
5.55733
4.61595
5.54245
5.30437
5.41313
4.85879
6.06844
6.53714
4.91662
7.63975
3.92027
4.6438
4.67174
4.69493
6.11393
5.05373
3.08186
5.30379
4.0175
6.2681
4.19193
2.34175
4.38909
4.07418
5.14206
6.10926
3.98067
5.94026
4.96162
4.34091
3.86352
4.65731
6.28979
5.23286
5.64237
6.73413
4.09463
4.66164
4.10917
5.45816
3.79101
4.02833
4.18848
4.99851
5.09322
4.19144
3.27176
4.73342
5.10422
4.04518
5.58543
3.14903
5.83886
4.76259
4.48109
6.19114
5.91619
5.64402
4.75057
5.36031
3.89789
3.36459
5.96912
5.1819
5.20567
5.30399
6.17989
5.44092
5.06383
6.66249
3.35591
3.4695
6.27176
5.82206
4.90979
5.37685
4.24797
4.95326
4.37682
4.7184
5.28864
4.40526
4.88476
5.14971
3.85782
6.49019
4.90168
6.01877
7.28515
5.19076
4.41211
4.74821
5.91487
5.31135
6.0791
4.96806
5.73945
5.54086
5.20701
4.82745
5.87733
6.52798
4.7499
4.14993
5.56547
4.97892
3.601
4.20694
6.14243
5.75774
4.32183
5.25768
3.35252
4.39501
5.10135
5.28796
5.12547
4.56488
5.84692
4.85557
4.19421
6.89522
4.40155
5.56043
3.00074
3.19902
4.86853
6.02468
7.26755
4.45988
4.19256
5.02121
5.4087
7.63422
5.14008
5.87571
4.25694
3.63837
5.62248
4.35223
6.28457
4.51022
4.93822
3.6314
5.23181
3.87771
3.92159
6.43776
3.7665
5.12349
5.22769
4.86533
5.27658
5.28909
6.46463
6.18893
5.17825
4.81283
2.89473
5.69339
3.99113
4.20533
3.34492
5.24014
4.55017
4.94067
4.53605
2.81187
6.41209
5.45671
3.97304
5.30759
3.88064
4.87866
5.72794
5.59401
4.34792
5.03409
5.04667
5.59966
3.18244
4.70262
4.08517
4.69571
3.96833
5.41632
4.90512
2.69732
5.60075
6.00738
3.93274
6.34714
5.37364
5.16762
5.2945
3.10668
6.58701
5.33868
4.49072
5.86963
6.36446
4.17119
4.65457
4.66023
4.51832
5.64127
3.41367
5.24204
4.37075
3.26301
3.97902
5.44538
4.90986
4.483
5.39218
3.86541
6.18719
3.22569
6.46626
5.23254
5.22984
5.49888
3.80515
5.6875
4.62658
5.28322
5.88266
6.33891
4.12082
5.87265
5.0924
6.05654
6.76461
4.92439
5.03154
4.79242
4.09694
4.78524
5.82386
5.2793
5.04936
5.24983
4.50253
4.49278
4.85843
4.20393
5.20505
7.5465
4.46935
5.0493
2.92308
4.90411
5.43339
5.38442
5.2827
5.59578
5.48408
4.33248
5.21659
4.94479
7.36328
3.99576
4.24195
4.55515
3.81931
5.78505
4.20904
2.55983
3.79384
4.43652
3.99951
6.38988
6.10782
4.78082
3.98627
5.75014
4.78504
3.68202
4.32208
4.37493
2.9415
4.53593
5.88644
3.66551
6.47523
6.38683
2.95679
5.57955
3.39744
3.73276
4.71322
6.06715
5.11371
4.31438
3.22503
5.81852
5.39064
4.49204
5.55351
4.59414
5.2132
4.19911
5.48407
6.34741
6.97328
5.25384
5.14367
4.98614
4.47361
4.04556
4.45997
6.66569
6.26553
4.97712
6.13782
4.56278
4.48048
3.4907
3.99735
5.48681
5.08976
4.8645
4.10683
4.45271
5.70703
5.70264
5.34063
6.77136
5.75791
4.02174
4.92712
3.49278
4.32519
5.93566
5.27601
4.53533
4.72963
6.42972
6.87258
4.20132
5.16004
5.44778
3.30201
5.5426
5.94461
5.88289
4.39174
5.47852
6.25927
5.39275
6.76493
5.57837
4.23225
3.38917
4.00362
5.98448
3.14715
5.55343
5.17899
3.59346
5.18178
5.42872
6.32218
4.56307
2.53526
3.42798
5.18383
3.89351
5.09772
5.30475
6.4141
5.71357
5.281
4.44976
5.34232
4.61784
5.33067
4.72323
5.49872
5.47542
4.95745
4.81871
4.17656
5.54254
4.49182
6.6141
5.98668
3.95114
7.73087
5.35566
3.50094
5.57758
5.55657
7.13183
2.73993
4.68552
5.20012
5.22845
5.83052
5.19711
5.33686
4.46078
5.79314
5.74141
3.77784
3.71607
5.13506
4.80808
3.96464
4.20704
4.51989
4.62313
7.44252
6.61457
4.96204
6.1701
4.17053
4.40028
3.81943
4.90608
4.84167
5.20157
4.76107
4.34083
4.67849
4.64554
5.26957
4.82124
5.64389
2.9678
5.42131
5.62474
3.82713
2.64187
7.11764
5.3398
5.87113
6.13916
4.24242
3.91677
4.18435
6.65523
3.64642
5.0436
4.83032
4.95913
4.12742
5.21335
4.53958
5.56341
3.62231
5.56335
6.21753
4.07119
4.99502
5.43559
7.43349
6.07014
4.63228
4.69604
5.55551
3.94608
6.34327
5.42256
4.30218
4.45985
4.24033
4.58936
5.48387
5.53777
6.53249
5.9718
3.84842
6.13696
5.7447
5.49707
5.39665
4.84366
5.89239
5.64001
5.01369
3.50275
5.7268
5.28345
6.28328
5.26797
5.30797
6.96266
7.19459
5.56701
5.53369
5.73341
3.64224
5.07047
3.72329
6.19669
6.09758
5.62833
3.40902
4.6327
3.59094
5.24236
4.20697
5.23906
5.66607
6.38452
4.77051
4.38537
5.35078
5.99373
6.20275
4.55251
4.12884
5.95681
5.71791
2.86725
4.64236
4.5656
3.77312
5.65346
5.43646
5.17744
4.912
4.38572
6.65773
5.33264
4.83641
5.75908
5.12425
4.23758
4.31682
4.20578
4.87713
4.12341
6.51155
4.0883
5.03149
3.82733
5.25581
5.79369
4.52367
5.81993
4.46282
5.16794
6.04544
5.86785
6.69275
4.85097
4.24044
4.33809
7.45689
5.33866
4.54817
4.94425
5.76099
5.25608
4.59421
7.342
3.58055
3.61519
5.83593
5.31473
4.69968
5.06715
5.93479
5.11397
4.37331
5.08058
4.89657
4.49798
3.73713
5.10304
5.36802
6.39873
6.01717
3.4458
5.30145
5.90445
6.47699
6.1277
4.33476
8.36867
5.50034
4.62966
4.76179
4.39886
5.99389
6.25731
5.09793
4.45095
7.53798
3.77129
5.26124
5.71105
5.53146
4.98744
4.78833
5.0857
5.63491
4.53564
5.63764
5.43864
5.35914
4.6608
4.98149
5.73817
4.30425
6.4443
5.05807
3.37547
5.35809
7.09903
5.04182
4.86868
5.26278
3.56121
5.23546
5.34604
4.54126
5.72907
6.01893
3.85879
3.90092
4.88089
6.19614
4.09729
5.71969
6.27249
3.6423
3.61635
3.18052
6.64822
4.80796
4.49356
4.74479
4.45179
5.99166
4.33285
5.95088
5.12076
4.34695
4.85864
6.20442
4.63357
5.41176
5.2476
4.23997
5.37883
6.97494
3.90926
3.6722
6.64374
2.82258
4.39717
6.48981
5.07843
4.34309
5.72255
4.08338
5.88223
6.26058
5.33956
6.80926
5.97751
6.23253
4.67084
4.5779
4.13128
4.31922
5.86705
4.52471
4.95753
2.99862
2.99042
4.24782
4.72486
5.55948
5.45441
5.47185
6.2278
5.27624
5.15904
5.75644
4.73187
3.0499
4.41257
2.62046
4.56114
5.88181
5.55515
3.83752
3.54674
4.4383
3.85181
4.57935
7.09714
5.62488
5.06266
4.14942
5.3225
4.2063
5.10085
5.99905
5.5156
4.88248
5.80845
4.80831
4.19793
4.79353
3.64743
5.07528
4.6127
6.17872
5.77803
3.87565
3.30322
4.12778
3.53192
6.77319
4.99282
5.65244
5.17458
4.18317
7.50192
5.47089
5.26069
5.13019
3.83878
6.17079
4.55743
3.47743
4.96845
4.37968
2.46785
4.77002
4.25489
4.7763
4.23748
6.14015
6.241
4.3563
5.18551
5.11037
4.83084
5.98535
4.35225
4.65321
4.5517
5.87263
6.52072
5.20418
4.79948
4.31634
3.21259
4.6217
5.37197
4.42813
7.36038
4.95068
4.89266
5.83777
4.24
4.53914
3.79015
4.36627
3.79641
4.72641
5.79485
6.17437
4.65909
3.30398
5.91904
7.42802
4.88433
5.14556
4.19704
3.56952
6.18587
5.93749
3.94721
3.56524
4.10516
5.95221
6.38563
3.63481
4.09242
6.12647
5.19145
2.66884
4.91026
4.11172
4.322
6.37099
6.11
5.07439
5.17946
5.33127
4.55993
4.4436
4.70324
2.97578
4.48285
7.03928
5.30959
5.14042
4.94553
5.20526
6.31803
6.51679
4.84612
4.80493
4.94196
4.56344
4.53088
5.71149
4.57647
4.76968
6.95291
4.75611
5.67932
4.3408
5.61125
4.3278
4.38795
4.84102
5.03057
6.4351
5.63822
5.03415
6.33584
5.11181
5.39654
2.8112
4.14832
6.15061
5.53606
3.29467
4.83502
3.66577
6.21343
5.59005
3.97847
5.2207
4.19856
5.38955
4.31203
5.38881
4.73148
6.34287
6.01815
4.97845
5.82765
4.47667
4.11382
4.38641
5.45777
6.40206
3.9428
4.4495
4.26795
4.99788
3.1241
5.12151
5.00018
4.64262
4.77736
4.62495
4.61535
6.2885
5.42432
4.28001
4.32963
5.43005
6.92002
3.60431
5.76572
6.14286
4.95482
2.22598
5.51225
4.84832
5.30951
6.31887
6.0485
3.64873
5.08305
5.54773
5.69824
4.40854
5.73237
6.36908
4.42998
4.49257
4.48676
4.48889
4.58572
4.74426
4.56148
6.33853
4.18853
6.0764
3.71167
3.65155
4.04475
5.32027
4.66102
5.87226
4.00881
5.71333
4.99535
6.37006
5.55351
3.6391
5.67535
4.35689
5.87138
4.43928
4.34777
5.26827
6.7765
3.81799
4.85422
4.5772
5.16879
3.32327
6.13379
6.0929
5.77312
5.71067
3.39804
5.10101
4.5256
5.14089
5.35709
5.03572
5.16858
6.85914
4.11472
5.15724
4.90743
3.55099
3.77212
5.34113
5.01785
3.64908
3.12645
4.7728
3.80523
5.20415
5.49064
4.47359
5.59662
6.45245
6.32152
4.20051
4.61017
5.64223
7.05356
3.5131
5.1089
4.56521
4.35401
5.7033
4.50301
6.36797
4.82788
5.04681
7.15271
4.56201
4.87707
5.99654
5.70128
5.83133
4.04159
3.42827
4.17574
6.16642
3.4288
3.56255
5.86313
4.6796
4.44674
5.04005
4.23373
4.54395
4.61956
4.84602
4.7707
6.26308
4.85504
3.54825
4.47091
5.44853
5.7832
3.41543
4.12948
4.67644
6.61554
4.66837
6.42143
5.0142
5.4554
3.53752
5.5347
4.73165
5.01145
4.40151
3.74257
4.40801
5.4193
4.0564
4.35245
5.09531
4.81789
4.84848
4.85747
4.5061
7.52199
4.30626
4.39349
6.29166
5.56274
5.99034
4.2448
4.60622
7.75851
5.2734
4.85436
5.58644
4.22905
5.13029
4.03622
6.6433
3.65911
6.89393
5.41869
4.65808
5.48354
4.20992
4.54387
4.72789
3.96627
6.1907
4.27436
4.38331
4.07408
5.44083
5.39407
5.92943
6.56905
4.80276
4.12739
5.80984
4.44336
3.45849
3.26286
5.74049
5.80728
5.06963
6.12128
2.87668
5.62684
5.92868
4.90226
5.35458
6.33291
4.13947
3.12882
4.87295
5.94789
4.26979
4.96496
3.37821
4.705
5.06848
5.37626
6.71853
5.30984
3.16889
4.8037
5.82327
3.89472
5.9862
4.77137
4.62081
5.63409
4.06492
4.85108
3.96643
6.55808
5.27378
5.23611
3.5823
7.18154
5.85914
6.18633
5.57829
4.92499
4.29564
5.65385
5.96403
5.64163
5.46613
4.57748
2.52191
5.23146
5.50432
5.45776
7.10124
6.07785
4.64474
5.90049
5.7868
4.0752
5.2896
3.94005
5.63717
5.01216
3.51475
3.79552
5.43045
3.16027
4.42501
4.11147
4.94835
6.13934
2.99476
4.38562
5.44172
4.91449
7.10642
6.13292
5.10184
4.75096
6.14862
4.17065
4.76558
5.76376
5.89947
6.52057
5.91515
4.09142
5.3211
5.43665
4.19227
3.80459
4.85752
4.55722
6.63401
5.88618
5.64138
4.17631
6.11822
4.38922
5.07213
5.74971
2.98635
4.7532
5.18125
4.9579
4.29383
4.94768
5.31438
5.34335
6.17652
5.03902
5.36901
3.80407
5.88778
5.78205
5.1342
4.67697
4.99406
4.93693
5.65342
5.23795
4.87243
4.51293
5.50108
5.22354
5.40827
4.09187
4.85942
3.80496
6.76313
4.94784
4.06067
4.84767
4.37313
4.32843
5.03709
4.78634
3.95596
4.71942
4.23209
4.79273
3.7158
5.32581
4.09908
6.06152
4.02914
3.89067
3.85541
4.43525
6.84095
6.08069
4.54657
5.16486
5.61199
5.52307
5.04641
4.51029
5.21099
3.86056
3.74582
3.89324
5.3288
5.57586
4.89011
4.30823
4.27458
5.64348
5.93341
5.37977
5.67911
5.48411
4.71211
7.49385
5.92851
5.06158
5.31698
3.91501
4.67129
4.33088
5.77651
5.30456
5.28958
3.92931
6.25433
4.26177
5.89828
3.75352
5.44127
4.58162
6.25171
3.08368
4.37471
4.23487
4.4345
4.89339
5.90516
5.61462
3.99805
5.7155
5.83354
6.91825
4.23307
5.46395
5.29613
5.05015
4.53929
6.11949
4.2608
6.67679
4.66474
4.41543
4.58581
6.4886
4.59679
4.57117
4.36694
5.15046
4.81645
5.27019
4.94624
4.92503
6.63661
5.86964
3.77437
7.12558
4.30845
5.27238
6.79733
4.69447
4.88546
4.32567
5.39739
4.87593
4.00709
5.56093
5.3911
4.20576
5.98541
5.4581
4.1294
5.0878
3.44038
3.05521
5.39747
4.75884
4.53295
1.69148
3.46171
5.68823
5.61494
3.86479
5.88926
5.65551
5.88291
4.07525
7.22101
5.13222
4.46626
6.49358
5.34947
3.97718
3.74578
5.51998
5.39597
5.09589
4.88775
3.83049
5.82832
4.30748
6.95059
4.22167
3.09523
5.78356
3.77154
7.33515
4.99078
5.78376
5.26603
5.35345
4.4754
6.32686
5.77047
3.57968
6.86617
4.33162
5.28516
4.52985
5.33864
2.72043
5.86886
3.57104
4.62053
4.21485
5.50029
5.84721
5.58221
4.13212
5.84386
5.19558
5.46449
4.07048
2.89953
4.74691
3.64659
5.20212
3.88584
6.84835
3.76584
5.34247
4.7207
3.71082
3.69015
5.36237
3.56036
4.20052
4.14015
5.24798
4.85262
4.88532
7.44111
5.85353
5.37782
5.10328
3.30148
5.66038
4.13984
5.86477
4.55256
5.38653
6.13351
5.55511
3.98533
4.17341
3.90428
4.27125
4.70096
5.6852
7.78531
5.13735
4.14859
5.02178
4.75922
5.91508
5.03106
4.30056
5.13388
4.25919
5.81134
4.96357
2.64047
4.97171
4.25864
4.37263
5.12249
4.12902
5.66994
3.51166
4.64617
3.95602
5.78539
4.50453
5.06651
4.69581
6.01634
1.72192
4.87429
5.82326
4.61407
5.66187
5.2545
2.70839
4.88008
4.23352
4.71571
5.4185
6.27082
4.36449
5.01688
4.04088
4.57954
4.62749
4.35988
7.09165
5.57311
5.13119
4.36185
6.05418
4.42776
5.13923
3.24626
5.06282
6.07417
4.23603
5.06164
5.25375
6.35971
5.62961
6.02547
5.79112
5.46535
4.90655
5.88476
6.31464
4.375
5.49057
4.77423
4.53946
2.76651
5.02458
6.5131
5.50602
4.33362
6.37344
3.12596
5.90997
4.89023
3.86648
4.34409
4.36917
5.12091
5.39731
5.97286
2.38007
5.40849
5.96545
4.88497
6.53945
5.0303
6.29452
4.87806
4.53187
5.62671
4.19347
5.17423
5.24845
4.74065
6.38793
4.34645
5.51558
4.37142
4.72081
5.14618
4.51577
5.34601
5.52895
5.59855
4.79048
3.98082
4.48585
5.11512
5.8819
3.31297
4.88668
5.18579
7.74887
4.77273
5.29477
4.9203
4.83076
6.66468
5.55784
6.39494
4.15631
5.98423
3.50066
4.12078
5.16728
5.9184
5.16747
5.41841
3.1919
4.32595
6.03521
5.04103
6.25414
6.38166
3.62411
4.90659
5.18728
5.38259
4.40352
3.86637
5.49815
5.24445
5.12932
5.7141
5.26199
6.29012
4.42607
6.38495
4.71377
4.73982
5.65017
5.29417
4.93179
4.30481
6.49026
4.34654
4.55677
5.43039
5.92276
4.85035
5.56377
7.13662
5.97323
4.88827
6.23841
3.36132
5.12225
6.31701
5.5879
4.8639
3.081
4.70021
5.14484
3.53096
5.47213
5.6554
4.49077
4.90013
5.98214
5.31245
4.99483
7.53457
4.69267
4.53355
4.32876
4.94597
4.67052
4.47744
3.31178
4.24814
5.95374
3.95031
4.19495
5.72538
5.91636
5.54299
5.56927
4.83077
5.13322
3.04291
6.05707
4.78064
5.87236
5.87948
4.5856
2.80692
5.01426
5.38968
5.28188
6.2603
3.68739
4.64603
4.58572
5.12785
7.58271
5.08436
5.57244
5.20268
2.88109
5.08672
5.79574
5.3677
4.85556
5.74122
3.8662
4.61214
3.8706
4.88881
6.04721
4.68136
5.66991
4.78024
3.24928
6.41645
5.05828
5.5862
4.91114
5.53239
4.66907
4.29417
3.83209
5.10564
5.27178
4.17877
4.62563
5.39593
5.14348
3.74308
5.23592
4.25411
5.24519
5.32817
5.19459
4.19173
4.56453
6.40667
4.12117
6.42779
5.5796
3.09709
4.11553
4.60445
6.27258
5.59342
4.43729
6.78344
5.79235
5.05631
4.8753
4.20452
5.41033
5.14614
4.44646
3.9391
4.86946
4.49167
4.74081
5.29543
4.86509
4.46097
5.33196
6.64247
5.89791
4.67596
3.84471
4.55536
4.86285
4.11779
6.18977
4.71764
4.26973
4.69533
4.67295
7.15657
3.97316
4.83896
5.24763
5.90788
3.57047
5.69577
6.14351
4.94568
5.71955
3.44975
3.39475
5.47975
4.15613
3.93554
4.20126
5.33222
5.39573
4.7813
4.64689
5.94293
6.50522
4.78352
7.00046
4.0193
4.39974
5.7101
4.27905
5.33999
6.41628
5.86928
5.73525
5.79817
6.49989
4.61801
2.9957
4.60571
7.56892
6.12358
4.94886
4.12643
4.28169
5.15096
5.03205
5.29355
4.10757
4.5349
4.13149
4.93139
4.91329
4.36238
4.03861
4.48014
5.70248
3.50825
4.42723
4.54452
5.69786
4.35755
4.36628
4.49643
3.50011
6.05442
5.08929
3.68083
5.31476
5.87728
1.43093
4.36237
5.49706
5.77126
5.91226
5.20416
4.6847
6.0718
5.52334
4.54823
4.8355
5.58133
4.98405
6.66065
2.84099
6.48362
5.50264
5.55785
6.13897
5.98812
4.47941
6.58224
6.37269
5.39602
4.16123
5.04296
4.04895
5.22812
5.48576
3.92606
3.52467
5.92462
4.63643
6.84993
5.8726
4.52926
5.71282
5.84614
2.46279
5.92361
4.25593
4.94365
4.2451
6.05863
4.25058
5.8068
4.25109
7.22876
4.62602
6.08936
4.05737
6.9347
6.3191
3.52894
5.84232
5.49784
3.77202
5.42453
6.08324
5.37025
5.51818
6.22661
4.65653
4.6699
4.73446
3.59298
4.56575
4.46389
4.87621
6.03771
6.78564
7.42601
5.5206
4.70223
5.79842
5.42371
4.84149
3.81282
4.09647
3.86133
4.58893
5.30631
4.09017
5.21933
5.49374
6.49379
4.3441
4.1242
4.95161
4.52688
4.90559
6.59414
3.40254
4.67063
5.01672
6.31696
4.09836
4.74672
4.28853
5.20964
5.18619
4.581
4.38109
5.45277
5.78414
5.79915
4.52141
3.32516
4.10392
5.54017
4.33592
4.6746
5.88791
3.92544
4.89333
6.37856
5.47621
4.76486
3.7745
3.97994
3.48147
3.55508
6.69152
3.95223
6.74357
4.69992
4.63053
3.9775
4.74457
3.33459
4.10982
3.93664
3.88736
3.57676
5.10935
6.29302
5.06541
4.74766
4.31837
3.1884
4.91611
3.86533
4.39192
7.36028
5.09322
3.24717
6.7487
4.91461
4.91009
7.23726
4.00521
5.24312
4.10324
5.06693
6.83953
3.97218
4.91959
6.72696
5.59422
5.29361
7.15606
6.03757
5.13694
5.58967
4.41341
5.79349
4.14482
6.0798
5.48122
6.14931
4.36366
4.55483
5.35303
3.66152
4.88495
4.90222
4.61295
5.75978
5.4107
6.50096
5.58594
6.0171
5.35338
3.8738
5.56584
5.62456
4.87911
4.85399
5.25405
5.41812
5.01905
4.987
4.36538
3.92888
3.7265
5.89546
5.20028
5.5921
5.32821
6.05719
6.64676
4.7478
5.70927
4.12299
6.04408
2.9118
6.15616
5.12916
3.92687
3.74383
3.98704
4.56981
5.04164
3.66241
5.98571
3.59746
5.84396
5.23
4.62824
5.05992
4.22916
5.80088
6.08954
5.16826
3.96822
5.0685
4.30607
4.44319
3.76689
4.92786
3.20858
5.31821
4.48699
3.18661
5.56857
5.60295
5.79959
5.62416
4.95238
5.76388
3.44029
4.57529
5.51693
5.57128
3.77927
3.5639
6.09712
6.28526
4.96358
5.99086
6.56921
5.10399
5.29786
5.45116
3.21663
5.39368
4.42717
5.78174
3.08285
4.52544
5.63151
4.9773
5.57143
5.3249
6.07835
4.99021
3.28921
3.84269
4.27615
5.23351
5.94459
4.41666
4.03875
4.48162
5.49219
6.20203
6.57094
5.08673
5.28038
5.7958
4.91461
3.84768
2.73434
5.58285
5.15766
4.54569
4.40693
5.11489
4.15322
4.78322
3.45063
5.02455
4.85651
4.3647
4.82308
5.03891
3.66962
4.74365
6.51973
6.00414
4.15544
3.9137
6.12717
4.11185
5.03224
3.94006
5.90734
4.17942
4.61174
7.69681
4.55704
2.90308
4.95793
4.41786
5.16192
5.23298
4.21464
3.69284
3.72889
4.46832
4.21249
4.71461
5.2665
3.5887
3.22565
5.36737
4.00869
3.65413
5.58806
5.26651
4.50436
4.39139
5.85889
4.39268
5.30316
3.87693
4.32163
5.77624
4.39036
6.87698
4.64252
5.66476
4.63987
5.34621
6.68956
5.61246
5.75939
4.23751
5.70085
5.44663
5.01572
4.41774
4.37363
4.98922
6.05707
4.19116
4.72461
6.47466
4.59928
4.411
6.74913
6.81074
5.62487
4.98172
5.61762
6.5105
6.3967
6.79528
4.18052
5.83456
6.73533
6.21377
4.79632
4.44172
4.75573
6.51032
5.61348
4.25021
3.8216
7.23993
5.25511
5.07107
5.17023
6.61542
5.25376
5.27342
5.4482
5.53962
3.68333
5.20566
4.35779
4.50609
6.39246
5.6575
5.10332
4.48589
4.56537
4.3632
6.09784
4.11338
5.94307
5.58048
5.8038
5.68384
4.90372
5.92026
5.35211
5.20985
4.3786
4.84397
5.46197
3.87931
5.86228
5.30005
6.52005
5.21241
4.01835
5.67212
6.21651
5.32845
6.29237
6.57443
5.2882
5.88448
6.7183
7.22526
4.20779
4.31103
5.26021
5.70312
4.64235
6.89069
4.46578
4.69569
5.79851
4.43798
3.66596
6.44566
5.15056
6.04428
4.73975
4.55255
3.72066
5.92759
5.14853
4.49681
4.75168
3.32686
6.28456
3.43875
6.03085
5.61982
4.19493
4.81334
4.67857
5.56731
3.94974
4.10046
4.24669
4.47316
4.62882
3.36019
5.0972
4.57487
4.97705
5.97595
5.31477
4.35511
5.94093
5.34012
4.93313
4.37279
5.13071
2.61895
5.19438
3.36283
3.41869
5.56909
2.78107
4.63413
4.0134
5.64729
4.07121
2.79572
3.77082
4.39452
6.26868
4.39174
5.39048
6.72846
5.94668
4.97856
4.24847
4.45429
2.13297
4.94552
6.04246
5.45501
6.08307
5.92391
5.30376
5.81488
4.49859
4.87024
3.26509
2.81831
7.19213
6.43744
6.50283
4.71375
4.06399
5.05086
5.65244
6.04316
6.4605
5.88509
4.85066
3.59331
6.37452
5.30956
6.14828
4.22067
6.32284
5.22466
6.81508
3.90094
5.95373
3.8085
3.52996
5.40027
6.62364
5.04134
2.70846
5.98841
4.77556
7.32012
3.88624
5.14747
3.08842
7.99113
4.30585
5.74671
6.15844
5.75155
3.05716
4.50528
5.27346
6.21532
4.50051
4.39277
6.10985
5.66759
5.24731
4.78889
4.30767
4.41646
3.35772
5.07681
3.557
3.40183
4.65918
4.85268
3.42429
5.52345
6.90161
6.01146
4.12159
5.22969
3.08373
5.82309
5.32185
4.85673
5.54383
5.15068
2.69101
3.59057
5.37997
5.61952
5.31714
6.04752
4.24638
3.86871
2.62561
4.56952
6.23731
4.27808
7.03013
5.37461
6.55483
4.29494
7.5875
5.29213
5.09253
3.56559
5.88246
3.18677
2.41218
4.12527
3.85118
8.2023
4.96647
4.94449
5.26939
5.46052
4.78132
6.15481
4.56753
3.12597
4.32486
5.67625
3.84704
4.57237
4.96264
5.39555
5.17075
5.08379
6.15349
5.14833
4.93147
4.23501
3.45775
5.71309
4.50003
5.66383
7.62508
6.80447
4.90645
5.88203
6.66007
5.82449
6.69925
4.55771
3.88578
4.34522
5.13445
5.44091
6.90618
4.09808
4.58715
5.14712
6.74229
4.30535
4.1654
6.77762
6.31713
5.23475
5.28591
5.52986
2.97104
5.42913
6.6116
4.5189
5.1559
3.81431
5.71845
4.05549
4.87689
4.00805
5.50975
4.54083
5.16181
6.39676
7.11194
4.16402
4.40464
5.42007
7.78395
4.81241
5.33583
3.73945
6.25414
5.87524
4.80092
7.4239
5.5621
5.35942
5.58175
3.42225
4.49182
5.82471
7.07301
5.97559
5.11811
5.14538
5.02793
4.86108
5.25349
4.63617
5.84318
4.31017
4.39936
5.89848
4.41697
4.44798
4.54539
4.77509
5.73675
4.34557
4.71836
4.78019
3.48586
6.29164
6.41685
4.64167
3.80685
4.96558
4.5374
6.82394
4.09307
3.13025
4.85055
3.29366
4.483
5.52427
5.75443
6.19793
6.10736
6.02712
5.39453
5.10745
4.89609
7.49302
4.59043
6.20982
6.10813
5.02827
4.86213
6.10737
4.19237
5.26167
5.52979
5.82856
6.14796
4.73378
4.73975
4.09412
6.30995
2.78103
5.71661
5.28094
4.22551
4.33235
7.00704
4.67528
6.24557
5.551
6.38593
5.69388
4.12467
5.92085
4.71599
5.04479
5.73399
5.29625
5.55816
4.29849
5.03846
5.21335
5.90877
4.7885
3.43737
4.22385
3.75299
6.26544
6.28911
6.32978
3.80624
6.67528
5.17255
3.94336
4.38788
3.62717
5.69957
6.00281
4.68432
6.33009
4.75307
6.89421
5.65338
4.07157
4.08769
4.16861
5.00652
4.29458
6.16479
4.46003
5.41362
5.19589
5.93948
4.63571
5.96618
5.30475
4.97142
4.41027
5.53394
3.85514
5.27666
5.51921
7.22986
5.73783
2.99818
5.84797
5.57992
3.29499
5.09027
3.88343
4.50777
4.52761
4.82939
4.70451
5.09656
6.41561
6.14062
6.7441
3.26111
5.2196
5.2696
4.84857
6.28376
5.32616
3.8794
2.56623
2.79598
5.29066
5.05693
5.18662
3.24509
4.75689
3.59116
3.62691
6.7458
5.53206
5.2707
3.56616
4.40419
5.20518
3.80034
3.81796
4.59121
3.17116
7.06056
5.31009
4.92562
5.12008
4.62842
5.21254
6.19422
4.66637
5.48866
4.2787
4.02677
5.32986
4.92096
5.04613
6.74039
4.6838
4.15869
3.76462
7.6056
6.36266
5.54074
4.56072
1.65165
4.28611
5.36032
4.52289
4.7803
6.85488
5.78744
6.58797
6.88274
5.36137
3.83774
5.17936
4.95231
5.98947
5.07184
4.8696
5.68126
4.30108
5.53264
6.44552
7.53093
5.65318
3.93944
3.65861
3.97612
4.72873
6.91179
6.09072
4.6058
5.61857
6.39106
5.14286
3.98306
4.95851
5.39047
6.53518
5.95768
3.85474
6.13841
4.03062
4.11967
5.30394
3.38645
4.7135
5.36579
5.67934
4.78451
5.45894
5.7496
5.5317
5.31095
5.19433
4.06873
6.20908
5.50913
4.54724
4.90254
6.58658
4.59746
3.98624
3.85709
4.21942
5.29636
4.32248
4.04813
5.03244
4.38346
6.44083
5.09384
7.50101
6.31684
6.73353
3.53412
5.74919
3.59365
4.59888
5.57751
4.56362
4.69965
5.33704
5.55163
3.62442
5.208
4.47124
5.46789
5.75624
4.74568
6.2108
6.402
5.63196
5.31672
4.67666
5.35909
4.94876
4.3797
5.86407
4.27124
5.60435
6.00137
4.98794
6.74258
3.99622
5.38378
6.57847
4.03588
4.74302
5.03713
4.98513
5.9427
6.45207
4.54407
5.57896
4.65111
5.07514
6.37998
3.83492
5.12647
4.67952
4.29833
6.14344
5.04904
5.76472
6.22917
5.6899
3.08425
5.79555
7.94073
4.31518
2.59527
4.97811
3.97763
5.9488
5.88838
7.35333
6.06573
5.23553
4.56948
4.64528
4.78495
4.24219
4.54733
5.72647
6.50236
4.44093
4.08702
4.31317
6.27251
4.54242
4.85754
6.07738
6.45289
5.87614
3.07073
4.23121
5.75173
6.46275
4.75229
4.93127
5.42867
6.04756
5.54075
4.58004
4.4607
3.57503
6.07422
7.77957
5.80561
4.36676
4.60276
3.90452
6.02641
6.33604
5.81488
3.73865
5.16357
7.01075
5.46949
4.89455
5.315
3.7486
2.23454
5.02934
3.29153
5.16226
4.33411
2.35111
4.29675
4.57756
4.52309
2.91706
4.27463
4.29848
4.26734
5.011
3.79284
6.9674
4.78696
6.06292
5.11415
5.55192
6.84666
6.50656
3.88835
3.9991
5.31393
3.5997
5.34864
4.95757
5.28859
4.07313
5.16111
4.54313
3.93979
4.58095
3.91859
4.86636
6.41034
6.80075
4.79779
6.61899
4.62541
5.12359
5.02174
5.24466
4.03692
4.37048
5.14365
5.51143
5.97148
5.61885
5.965
3.59345
5.35575
4.8101
4.32079
4.45414
4.77515
5.26625
4.72678
4.59719
4.9078
6.2701
3.48322
4.68057
5.01001
3.52648
5.18886
5.50408
6.64375
4.094
4.76426
5.50911
3.34602
3.81513
4.20403
5.13762
4.95975
5.00115
4.78762
5.27951
7.10164
3.92201
4.10877
5.02225
4.36716
5.7214
3.25961
4.41597
6.38846
5.27155
4.50285
5.78718
4.65941
3.9582
4.25359
4.96406
6.20368
4.03732
5.05324
4.57366
5.75336
3.55704
6.10089
5.55769
3.3053
5.00114
3.5211
6.08242
4.61266
5.00806
3.67381
3.61638
5.06065
4.05832
4.86362
5.41113
4.32136
5.01697
6.15641
5.94452
4.68884
3.60184
6.11964
6.00221
5.47375
4.70773
4.50085
4.78171
6.11814
3.74475
5.70338
4.16338
6.69205
3.10605
5.47299
4.12834
4.12186
7.83536
6.46501
4.80455
4.65469
5.50386
6.22301
3.11087
2.25253
5.51894
4.84837
5.48845
5.27144
5.68426
4.89404
5.93152
6.63401
4.62087
4.39798
6.75381
5.31288
4.06498
4.67961
4.77661
3.4353
4.51712
5.4305
5.40779
5.5491
4.79266
3.71724
4.96221
5.40522
4.96256
6.79357
4.03545
5.24149
3.7786
4.3393
5.0236
5.53412
5.14311
5.23878
5.05246
5.618
4.34765
5.11032
4.64415
2.8254
2.71375
5.21275
3.9705
5.26327
4.37996
4.4425
7.19925
5.95479
4.75781
4.83195
5.18941
6.07118
3.66399
5.99788
5.28201
5.56088
4.56172
5.11817
4.32849
5.18615
2.4517
6.10378
3.83022
5.73671
5.2867
3.85926
4.83258
4.97796
4.6476
4.29688
5.45997
4.50564
5.08806
4.06205
7.4618
4.64972
6.90064
5.68286
4.52538
3.59955
7.08766
3.99128
7.13277
6.57962
4.51704
3.89922
4.82637
4.7812
4.46462
5.88117
5.61759
4.51681
3.68434
3.84578
6.44
4.28905
6.11376
5.21306
4.35687
6.08094
3.4723
4.85171
5.8276
5.22776
5.72634
4.87496
5.12503
4.9413
3.94752
3.48841
4.46678
5.54258
6.04033
6.27847
5.31994
7.68259
3.81336
4.32024
4.72517
5.10135
5.75727
6.2699
4.38591
3.56643
3.77891
6.40106
6.13093
4.65214
5.13667
2.77417
4.54149
3.93207
6.46149
6.5916
4.58375
5.1976
5.68228
4.60707
4.99749
4.88596
4.80336
6.40315
5.52954
4.61717
5.83809
3.44216
6.11444
3.53364
3.4441
4.4945
4.89272
4.50639
5.41802
2.87988
5.42738
5.77384
5.5656
5.01878
5.50014
6.12821
4.23134
3.9394
4.32296
5.51679
6.69405
6.15407
4.71262
4.69649
5.14568
5.28186
4.03641
3.88324
4.63004
7.39537
5.40195
5.59025
5.42155
4.15388
5.74046
5.70282
4.85184
5.88848
6.89177
5.42226
6.26732
4.0206
5.4654
4.7791
3.92401
5.80342
4.75797
6.1512
5.74976
4.30357
4.24138
5.73059
6.15484
4.46762
3.9522
3.8034
6.74991
4.85377
2.50934
4.10841
4.53797
4.21246
3.75778
4.27805
6.11635
4.1603
4.69414
4.26347
3.69872
3.98873
6.27518
5.38009
4.61633
2.82846
4.579
3.15254
6.39517
3.93756
5.58096
5.15926
4.52214
4.07941
3.68634
6.23157
4.63286
2.58723
3.27798
6.1204
4.26079
6.6343
6.80585
4.65173
5.37086
3.49286
5.10895
4.64748
5.56781
5.32645
5.10099
2.3427
7.53487
6.68782
3.23003
3.6686
6.79706
5.51642
4.26858
6.05217
4.8499
4.53104
5.38248
6.37517
4.34937
4.00543
5.85784
5.11336
6.0283
5.3611
5.17986
4.65879
4.16715
4.73022
5.73897
4.96035
4.89229
7.33946
4.74274
6.46946
3.91577
3.87584
3.84763
4.73577
4.30192
6.09183
5.98177
3.50962
5.66306
5.82961
3.42491
5.15901
5.11157
5.32027
5.44119
4.57693
5.47244
5.11746
7.16664
4.63898
5.43161
4.90597
6.61601
5.88491
5.80427
6.01099
4.41254
3.30923
4.86639
5.61973
4.49439
5.74931
6.03627
6.05572
7.03214
4.37456
6.01778
5.56338
3.81833
3.06978
4.93724
4.11444
4.63762
6.34936
4.46754
4.15077
4.25074
7.38994
5.67706
4.6476
4.23615
4.22952
4.21235
4.33569
6.9242
5.67752
5.9665
2.9102
3.67161
5.91458
3.33499
6.76921
6.60131
4.7847
3.99528
6.1283
3.76573
3.82411
5.12865
4.09802
4.44176
7.80124
4.05266
5.10996
5.34197
4.24621
4.73882
6.31003
5.00323
4.52007
4.19208
5.47832
6.10709
4.17907
3.8602
3.05739
3.61455
4.68007
5.5313
4.23796
5.01248
5.17108
4.34374
4.46111
4.47588
5.73649
4.8422
3.86349
3.85117
6.32904
3.97935
5.09969
5.60291
4.99516
5.1246
4.88122
6.8292
5.04048
4.26202
3.11472
5.54586
4.67325
4.35811
4.80148
5.98114
5.0785
5.54519
4.31875
6.60672
6.98853
4.14234
5.78791
4.89539
3.45034
4.28527
3.97683
4.50018
4.09231
4.77842
5.6026
4.21446
5.63504
4.45031
5.88421
4.56474
4.67904
4.84934
5.83349
3.9916
3.95031
5.15018
5.1913
4.4183
4.95837
6.44753
5.34194
6.34345
5.21357
6.15869
4.0568
5.34211
5.14663
5.48283
5.35499
4.61323
4.99745
5.66056
6.88704
4.91656
5.13386
5.74709
4.65251
5.22149
5.26259
4.82953
3.97688
4.12102
4.58993
3.80017
5.27495
4.07531
4.30917
6.6525
5.52136
4.39022
4.09316
5.72584
3.70345
4.35405
5.09063
6.43404
4.99474
6.61896
5.92698
5.25621
6.30936
5.61818
6.52456
4.82672
4.6016
4.50174
5.62447
4.0862
3.42904
5.23919
6.16218
6.29729
5.82995
5.29792
5.53593
2.75704
4.20459
5.01668
3.74248
5.13649
4.05402
3.52576
7.40557
4.44141
2.7526
5.02761
4.52935
3.61129
3.90798
6.11588
4.72415
4.38001
6.07718
4.40741
5.57867
3.52054
5.03869
5.09135
6.05106
5.64115
5.82204
6.41883
3.36908
4.78518
4.47883
4.63287
6.99305
6.5483
6.85849
4.51292
3.70233
5.34785
4.52036
5.43112
4.47668
4.14098
5.3112
5.00448
6.97253
4.57966
3.38015
5.40696
5.07844
4.28263
6.04493
5.00358
4.93661
5.82906
7.93407
4.36627
5.08302
5.55397
2.5699
5.3777
5.04876
4.95139
6.91417
5.99872
5.33484
4.04683
4.77756
5.01379
5.3826
5.76063
4.19328
3.25763
5.29804
6.23786
4.02487
3.24426
4.58022
5.0096
5.55775
6.15992
4.0624
6.62311
3.03024
6.49989
5.21232
4.19274
5.71892
6.73592
6.09999
6.06403
4.62346
5.42984
5.79204
5.47346
6.06574
5.43912
4.79949
6.42855
5.0633
4.92649
3.69806
4.52211
4.63961
3.33487
6.20297
6.42275
3.58136
5.21821
5.35058
6.1363
5.21737
5.28037
6.14091
4.23625
4.26287
4.93135
7.04216
4.11349
4.70969
5.30708
4.37715
4.59302
5.80539
3.79879
4.5066
4.47773
3.51635
4.09475
4.82259
5.52736
4.48257
6.33768
4.23193
7.04598
4.33465
3.47331
6.16165
5.03521
5.09357
6.12443
4.81643
3.80562
6.03384
5.22587
4.10304
4.55911
6.41715
3.74574
4.21586
3.89662
4.1601
5.79187
4.83003
2.67368
5.74263
5.18957
5.20414
5.35051
5.09554
4.02473
5.04977
6.77596
4.3805
4.38534
3.54739
4.89902
5.92394
5.8129
6.28054
5.78641
5.27449
5.88818
4.32082
5.12014
6.61073
5.32895
5.88678
3.16953
4.8341
6.05409
5.85092
3.79377
4.29617
5.8801
4.65207
5.93146
7.32965
4.63137
5.296
4.36712
4.78174
5.0167
5.25366
5.15266
3.23384
5.29844
4.49064
5.98994
5.65499
3.21785
5.13971
6.473
5.16826
4.02115
5.35364
7.14254
5.63716
3.53997
4.06371
5.67368
6.06474
3.79342
6.17622
6.45685
3.66209
4.86656
3.5098
4.00947
2.86533
4.75314
5.24226
4.52289
5.47855
4.51922
3.33823
4.34111
6.91009
5.5768
6.15595
5.7277
4.54039
3.83238
3.36094
5.24913
5.64391
5.35662
3.95089
4.40915
6.15497
3.86875
5.31099
4.85601
4.47707
7.80818
4.62262
4.41025
6.44372
4.55233
7.13823
5.00908
4.47315
5.32263
4.85393
4.52317
5.6609
3.96021
6.33196
3.71155
4.65103
5.43103
3.56293
4.14466
6.52401
4.97202
5.10311
6.04103
5.09742
5.36491
7.03959
4.96864
4.89276
5.32726
5.52498
3.44979
5.49899
5.79436
5.61378
4.03889
4.32652
3.87341
6.03921
4.5515
4.81741
5.85184
6.67919
5.81844
4.25138
5.74384
4.60038
3.93498
4.19113
3.68392
4.42293
5.3946
5.19786
4.73197
4.4415
4.60481
5.47179
4.67063
4.95568
3.85064
5.7669
6.10059
5.42236
5.21825
7.39215
5.77701
6.4039
6.54645
4.603
5.29286
6.94276
5.38431
6.04881
6.32344
4.45135
5.24488
5.14733
5.85333
3.7709
5.76982
4.85094
4.92908
2.48913
5.00274
3.73399
4.96219
4.63967
4.80066
3.25247
5.07882
3.8906
5.3406
3.27522
3.70053
5.99643
4.68584
4.34266
5.5614
3.89749
6.41779
6.02831
4.77598
5.61418
6.03485
4.63349
5.24997
5.59032
6.78288
4.76854
5.04547
6.16434
5.16699
3.64649
5.00898
3.43634
6.37771
6.83362
5.07485
4.14902
4.19535
7.99572
4.78863
4.26765
4.57342
3.72607
5.02162
6.66251
4.35065
5.41353
6.05517
6.85354
4.87406
4.70889
2.05394
5.33544
5.56122
3.59469
3.68925
4.23361
6.08675
3.80428
3.35464
4.91365
4.64811
4.92679
3.45875
5.03731
5.04839
5.35795
5.2121
4.27311
4.2316
4.80477
5.18642
4.14631
6.31949
4.1637
5.59049
4.6924
5.63323
5.69552
6.07649
5.06612
4.53472
6.52181
4.4825
4.77514
4.86846
4.58669
4.55027
4.15729
5.38784
4.80544
3.72961
4.65256
6.58564
2.72126
3.67016
4.34542
4.52206
5.12033
6.52178
5.52
4.50207
6.62671
2.99437
5.31313
6.14699
4.50592
5.34086
4.53205
6.56127
4.86564
3.75971
4.63577
4.94282
5.89021
3.63086
4.7234
3.96975
2.96461
2.83018
6.32861
5.2201
4.98297
3.07117
4.04805
5.16754
4.08555
4.54217
4.0797
5.12954
5.4548
5.38293
4.19293
5.42434
4.21665
3.22971
5.1135
4.79295
2.70243
4.28613
4.71369
5.21432
6.47057
3.56638
6.2235
4.49155
6.9252
7.46122
3.66414
6.5708
5.83144
5.50114
5.05845
5.05274
4.52907
4.30992
4.41985
5.34181
5.17085
7.17063
5.38415
4.28109
4.13583
6.84088
4.3612
5.61369
2.95487
5.57974
3.12078
4.06625
6.94521
5.00983
4.90645
5.26392
5.01103
5.15866
4.76539
4.85117
4.95176
5.24916
6.53288
6.18264
4.68324
4.33819
4.7913
5.64219
4.68946
5.43041
4.84514
6.08814
5.94887
3.6309
4.65089
4.4942
4.36799
5.59299
5.66577
3.97593
4.69027
7.05858
4.46355
5.59419
4.38021
5.29391
4.78289
4.47036
4.15919
6.07622
5.86192
4.21792
3.74469
4.22552
4.18053
5.98562
5.09914
4.38104
5.30201
5.75034
4.72676
3.67238
6.42514
4.81774
4.96021
4.39249
4.8183
4.40618
6.86827
5.88898
4.44734
4.61129
5.63015
6.58328
3.9563
5.94657
6.18659
5.46649
5.85322
4.69014
3.60312
5.3517
5.03099
6.93458
6.8131
6.46896
5.43787
4.5756
6.39031
4.0161
7.83582
4.14519
4.19735
5.63349
4.25779
4.26135
4.88099
5.24919
5.05737
4.94414
4.36808
5.04642
5.7014
3.78255
5.73275
4.70295
5.48967
7.3324
5.1048
6.24093
6.41519
5.07894
5.97442
6.01579
4.4953
3.87921
5.44501
5.87862
5.63026
4.32391
5.82288
4.02382
5.54181
5.97013
5.99882
4.67931
4.01738
5.73945
5.28384
3.15588
4.74358
4.29257
4.07639
6.28407
4.87732
4.35375
4.84237
4.76119
6.57222
3.79299
3.19725
4.70521
5.71238
5.02712
5.50895
5.46072
6.60894
6.15073
4.40268
4.7535
3.96066
4.23443
4.95672
4.10652
3.19389
4.19744
5.34488
3.72589
4.57779
7.22942
6.28721
5.3922
6.15954
6.38267
5.06117
5.46109
4.54124
5.03758
3.90651
5.00106
4.69863
5.595
6.04118
5.95349
5.3944
3.45454
5.76556
4.40404
4.35971
5.51003
4.31735
5.59503
5.7111
5.46073
4.63706
3.56684
5.84271
3.96007
5.07562
6.22239
3.6738
4.57654
3.63411
6.76101
5.57663
3.95731
4.7792
4.90657
4.7979
3.68196
5.40061
2.86999
2.88
5.43245
4.79427
5.7499
2.49171
4.03532
6.89622
4.54442
3.61458
4.96056
6.23841
4.66524
5.35883
5.7052
3.93466
4.63876
6.00908
5.19452
3.88213
4.79102
5.42734
4.49148
6.15155
4.91861
5.24705
4.40848
6.2509
4.98437
6.12712
4.68862
3.33509
6.44879
3.66149
3.35345
4.48965
3.37403
5.34771
5.93685
5.14123
5.69215
4.85672
6.10715
3.85285
4.62466
4.54162
6.49397
5.12411
5.42003
3.80171
4.9311
4.71293
5.11607
7.03476
6.29609
6.78946
6.7585
3.68692
5.28845
5.34761
7.46261
3.6293
4.75365
2.60266
4.93016
5.79395
5.2146
4.54143
5.13653
5.98464
4.11877
5.95981
4.94063
4.15585
5.61387
5.50575
5.90481
4.37026
5.64052
3.36075
5.11017
6.12222
5.80216
5.52749
3.4375
4.82113
5.05826
4.69854
4.80916
5.91278
6.30837
3.01698
6.49768
5.17172
4.29615
6.00165
5.63072
3.95136
5.54785
6.11399
5.88716
6.57512
4.36525
4.7126
5.44558
4.54276
5.34609
6.76083
2.5252
5.10096
6.45642
5.56518
4.8247
2.32904
4.27828
5.24188
4.66216
4.77795
3.93557
4.55595
6.08143
3.36268
4.10442
3.30443
2.87128
4.68467
5.17559
2.74182
6.44198
5.14172
5.50536
3.25102
4.74603
3.90685
5.77472
5.14743
3.37393
4.43086
4.73146
3.87112
5.15852
5.12621
3.97227
4.88204
4.00058
4.74404
3.82367
6.42498
5.04708
5.44351
4.65904
5.80503
6.58156
6.01629
7.1152
5.33043
4.52212
4.45409
5.86754
5.74766
5.61225
3.44186
6.38908
5.20082
4.62254
3.5256
5.36308
3.25537
3.64606
4.21204
5.02288
5.46954
7.02529
3.80245
6.7927
7.02109
4.32769
5.0368
4.14785
6.24025
4.03015
3.26685
5.61406
4.68849
5.00814
5.197
7.47488
6.30311
5.59108
5.45946
4.00065
3.65294
4.00036
5.40058
7.23091
4.69091
4.25703
3.32509
4.37863
3.58965
6.64578
4.80781
5.49314
7.01359
5.05508
5.40013
5.19006
4.93777
4.92375
6.09811
5.35113
5.86856
4.48089
7.27392
4.79746
5.0974
5.72569
5.27987
5.70907
4.74534
6.25084
5.3344
5.43648
5.97892
4.6023
2.99529
2.78375
4.62551
4.45342
5.30153
5.39101
5.37149
3.42654
5.87073
6.67896
5.06647
5.94127
5.38266
5.83672
5.71735
6.38147
5.80883
6.26611
4.87438
4.40219
6.04032
3.6103
3.50689
4.80509
5.88876
2.75396
7.07916
6.66364
5.78297
3.87884
4.88034
5.03012
4.56776
4.91019
4.94937
5.03705
4.49113
3.90629
4.317
3.80392
5.42978
5.47357
4.47834
4.40261
4.51601
4.34206
4.53755
4.46021
4.76618
5.67905
4.77621
6.20536
4.38295
4.13802
6.0203
4.37541
6.91816
5.38938
3.88265
4.155
5.03418
4.09264
5.9013
4.16794
4.65764
5.43943
5.4423
4.76015
4.20276
4.66304
6.1926
6.54852
5.46768
4.1291
5.13299
6.08258
5.01301
6.08942
1.96933
5.87751
4.14613
4.28546
6.0184
5.30221
5.9681
4.70544
5.78645
3.85515
3.88598
4.04308
5.09138
3.88259
6.0235
5.99408
5.85355
6.32336
4.14723
6.70351
5.54392
3.74117
4.22095
4.65118
4.6322
3.22048
6.78486
4.77513
3.38179
5.27597
5.06586
6.04153
5.28925
4.58297
5.49178
4.96904
5.18704
4.55929
4.41133
6.90394
5.51673
5.09585
5.42932
5.40813
4.64816
4.44095
4.97151
4.9884
4.35352
4.50749
6.21357
5.62855
5.46085
5.96943
5.74775
3.84704
5.43836
5.16433
3.73948
4.17271
5.58342
6.29142
4.33661
3.85577
4.30716
3.70282
5.75731
6.43915
4.86007
3.52467
4.15611
4.87977
6.01794
4.10693
4.92068
5.14705
7.11446
3.78323
5.05997
6.10061
5.55105
4.79915
4.54949
2.52254
4.79054
3.70111
5.30373
3.95658
3.83031
3.22548
4.90988
3.17309
5.98223
5.24926
5.99694
4.86577
3.39636
4.91182
3.39976
4.4766
6.82758
5.72582
3.83052
4.97049
5.23857
4.91261
5.41993
4.95155
3.62698
5.27107
4.38064
6.42448
5.90914
5.72484
5.38666
4.87536
5.60169
3.59284
4.2355
6.7818
4.53982
6.79103
4.29412
4.88945
5.95287
3.69274
3.96165
5.6509
4.21878
3.74544
5.6424
5.39326
4.80229
5.27918
6.00383
5.2261
5.06097
7.01451
6.5954
6.76702
5.18204
5.09453
5.20427
3.43909
6.79474
3.45746
4.95824
6.19457
3.91385
5.06273
4.40276
5.35029
4.86433
4.55677
3.79729
4.40483
5.6805
5.03893
3.59123
5.44826
5.56757
5.09289
5.97896
5.23785
6.51334
5.05557
5.7332
6.26187
3.88415
4.32186
4.79058
4.91884
6.41711
5.47023
6.38359
4.94761
5.26755
4.82595
5.18068
4.44662
3.8407
5.99358
5.2584
4.38693
3.85514
5.10853
5.84697
4.94096
4.27245
6.39881
5.62806
4.9079
5.95676
5.47369
5.26249
5.91805
5.57853
4.20267
6.3293
5.71339
4.04322
5.79091
4.52691
5.25883
5.41009
4.75727
7.15644
3.96583
6.48686
4.57034
5.12533
4.52969
3.19306
2.70038
4.91832
4.81677
5.4234
5.27371
3.87482
4.84612
5.80555
4.1285
5.91856
4.16187
5.072
6.36874
5.95822
4.13454
4.60916
4.70695
4.76767
6.1034
5.23649
5.61145
6.0113
3.65455
6.56572
4.77724
5.61241
6.01391
6.87864
4.48726
5.45228
4.48296
2.72128
4.299
4.71951
5.74115
4.63864
3.68801
7.31497
4.70773
6.21811
3.57091
5.34946
4.26415
6.11404
1.95007
5.27428
3.6893
4.58616
4.42579
4.44407
6.63952
5.75238
6.03604
4.23701
6.26625
4.12193
3.63606
1.77033
5.5094
6.50348
4.62569
2.95947
3.66613
2.84561
4.34386
5.40233
5.4797
6.55048
5.76966
4.96751
2.41305
4.62469
5.3477
4.61934
4.45176
4.98656
5.58495
5.77025
5.23587
5.17
5.87818
4.14238
4.35161
4.58423
4.52132
5.0422
4.75938
3.62234
3.81736
4.80803
3.77045
3.74241
5.15761
4.83423
6.00636
5.23687
4.48129
5.22709
5.61304
4.79187
3.85332
2.96995
3.18214
5.13187
5.13517
5.1942
2.98696
5.54151
5.65922
4.65808
5.33287
4.9407
4.18421
6.53361
5.48983
6.50713
4.11247
5.05803
3.79713
5.09561
5.48047
5.52294
6.48231
6.50772
4.67665
4.11282
6.14148
4.9974
5.24911
5.34473
3.17049
5.48756
4.86912
6.62956
5.06954
4.44052
5.97548
4.17871
4.46906
5.0849
2.70111
6.20884
5.81075
4.53485
5.13118
5.46323
5.31244
6.12342
3.56102
4.83589
4.27296
5.66123
4.71683
5.12096
5.13262
5.2606
6.18251
5.39782
5.10311
7.79044
4.63958
6.6591
4.35908
4.28104
5.21823
4.94028
5.40023
5.06293
4.76503
4.29166
6.39627
5.80633
5.58081
5.9051
6.86281
4.70392
4.55997
5.73082
7.43974
1.72245
4.1759
6.52595
7.83206
3.88853
6.89772
4.5568
5.35086
5.78677
5.0346
5.39443
4.42193
5.53445
6.04391
4.8426
4.72833
6.19997
6.27088
6.3152
5.97378
5.87202
2.71561
4.23729
5.68175
5.24869
5.3844
5.36799
6.67405
5.85259
4.86022
5.2016
5.06735
4.98028
4.51437
6.78543
4.84509
4.27188
5.27996
5.24669
5.18914
4.14064
4.08108
4.28406
4.74687
5.51289
3.77524
4.87948
4.5064
5.53386
5.17043
3.81224
6.3712
6.49563
5.034
4.24033
5.04981
4.95081
7.07754
4.48919
4.53517
4.92538
5.60661
6.4027
5.64433
5.34595
3.65548
4.83811
4.36722
5.26606
4.73872
4.89891
4.57309
6.07165
4.83581
3.64607
5.66467
4.75191
4.38644
4.39044
5.32844
6.3707
5.73575
4.87483
4.90242
3.68462
3.54663
5.21255
5.93041
5.17788
5.41154
3.86392
3.98751
4.33944
4.76773
3.48657
4.11758
3.3456
6.047
3.95447
5.26504
4.52116
6.1672
5.38959
5.74071
4.49257
4.9634
5.60523
3.9131
6.44671
6.73173
3.9081
3.38141
6.73048
5.2968
6.69535
4.66562
4.78353
4.79511
4.73074
6.51102
3.0334
5.30734
4.0975
6.49382
3.63494
3.87625
2.44137
4.6481
5.89143
3.85268
6.73209
5.4267
6.12865
5.79771
4.54765
4.56801
4.93856
5.2746
6.45967
2.97586
5.44331
5.18769
7.24822
5.28624
3.93654
4.29469
5.54773
5.53458
4.98075
5.41682
5.3506
4.88264
6.16364
3.38312
5.15913
3.69668
4.63288
4.50564
4.56382
7.04009
3.78638
4.928
3.71522
3.18569
5.91899
5.31906
4.36651
5.49238
5.53274
4.76512
3.78225
4.86745
3.30987
4.82122
3.99609
5.40915
4.85183
5.12377
5.61472
5.23738
3.661
3.61966
5.33064
4.77632
5.94083
5.14649
5.84271
6.30041
4.3567
4.88108
6.36031
5.11199
5.95417
5.82412
6.24353
4.25493
5.22799
4.02507
5.51082
5.80241
5.47129
3.96108
4.64216
3.45857
3.70878
6.67246
5.18879
5.76306
5.17616
4.46592
4.79416
4.52716
4.87759
5.60112
4.09896
6.64138
4.04184
5.12062
5.08695
6.04265
4.69548
5.34414
5.63586
4.97385
4.29124
5.78894
3.97269
4.90478
3.33515
4.52421
5.83956
3.74968
3.39133
5.20687
6.64249
4.70017
5.75579
5.81972
6.01656
5.44697
4.46982
4.77286
6.29548
6.08382
5.13262
4.57868
6.31547
5.30158
5.98399
5.55295
4.96924
5.66783
5.68266
5.27618
5.19674
3.96855
7.27282
3.78341
5.13217
3.76931
4.02182
4.31086
5.07049
6.45041
3.88166
6.36922
5.25506
4.28461
4.47306
4.86155
4.10385
4.62962
4.54157
7.25335
3.53077
5.37484
4.19936
6.50004
3.10211
5.79408
5.8324
4.07879
4.70134
3.95946
5.98586
6.04862
4.6415
4.64345
4.61458
5.13061
4.5832
3.93668
4.02928
4.97048
5.14431
7.08297
6.43537
7.20359
6.13761
4.65914
5.01823
4.54802
4.18686
6.27976
3.98428
5.62538
6.88721
4.49976
5.33262
5.05785
5.81938
6.32754
5.09496
5.99783
4.73669
5.5053
6.30826
4.74257
5.07028
5.82295
5.44867
5.11087
5.71992
5.9896
4.30131
6.07247
3.61311
5.42429
6.81312
4.07043
3.78161
5.09146
5.87013
6.07366
5.47475
3.61196
5.07346
5.83036
5.14762
6.05973
4.55814
4.70619
3.01215
4.49437
3.64275
6.54562
3.68739
5.08736
5.59375
5.06624
3.41489
5.76292
5.1415
6.09046
4.18076
4.50767
5.26314
6.10102
5.4098
3.48466
5.22722
5.58621
5.42433
4.6013
3.07155
4.07119
4.93482
2.94193
3.94655
4.21478
4.90524
3.50458
5.91669
5.64809
5.23198
4.99108
4.53601
5.6866
5.28837
6.16512
6.33434
5.99311
4.9966
5.59584
5.11263
5.78992
3.3511
4.94668
4.876
4.32119
3.85149
5.15526
4.7016
5.1244
5.42982
4.95417
4.57077
6.98369
5.62648
6.68211
4.56762
2.93788
6.92965
5.11199
3.36592
4.55137
5.68423
4.24729
5.63704
5.50848
4.19105
5.3387
4.7107
7.22386
4.13654
6.60808
6.40089
5.72024
6.64587
4.2442
3.48815
4.55634
7.55438
5.21193
4.54465
4.49364
4.90616
3.79669
4.23271
5.04033
4.71248
4.77133
6.27355
5.90161
5.43287
6.07904
5.919
5.55593
3.35036
6.71414
5.85127
3.85305
4.19799
4.7508
4.23451
4.2865
5.06307
4.26801
2.54099
6.42264
5.70382
6.76785
6.06137
2.69826
4.47729
5.71964
4.71977
4.7417
4.88809
3.89964
4.86666
5.82934
4.80576
5.15057
2.49722
4.19525
4.42223
5.34585
3.99952
4.07187
6.25135
4.88137
5.42602
3.89142
5.20976
4.96168
4.29518
5.07777
4.58895
4.22442
5.56863
4.37928
5.37981
4.36167
5.03453
4.73247
5.31554
4.11868
4.3091
4.75217
6.60142
4.41963
6.186
4.7821
4.0828
5.88016
6.4663
5.58159
3.10696
4.04005
5.65075
4.9134
4.53792
6.38821
3.65528
4.57495
4.64447
5.35484
3.73827
4.85367
7.37039
3.34554
6.46111
4.2211
5.38392
4.16147
6.18503
3.68033
3.98336
5.84321
5.26173
5.63639
3.37744
4.34014
3.95029
4.01771
6.47639
4.1973
3.45384
5.7581
4.93992
5.5476
3.66581
4.65945
4.91522
4.48657
5.33565
5.09042
7.32067
5.25795
4.44628
3.39882
4.45869
5.85192
5.70652
4.64037
5.56853
5.32546
4.04333
4.29865
4.19252
5.67051
4.99135
7.39424
5.30758
6.6458
4.43385
7.13005
3.83801
4.93743
3.25754
3.46086
4.39061
7.39823
4.52513
4.32714
5.51227
6.14251
3.37825
4.07234
4.2606
4.61058
4.5271
6.29911
4.02502
5.70248
5.96938
4.79252
5.10589
5.77813
4.78334
3.72603
5.29123
6.56479
6.19484
4.13495
4.84473
4.1632
6.12929
5.96338
4.6104
5.37968
5.57651
4.80987
5.28381
3.41906
3.80991
5.38025
4.09913
3.63463
5.08333
5.1866
2.69326
4.92931
5.12617
4.24652
5.47481
3.85886
4.74583
4.27788
7.11344
4.87684
5.28
5.98748
3.48552
3.28677
5.80315
4.09838
6.03955
5.42368
3.9337
3.62125
7.01668
7.61213
4.02429
5.75222
5.23215
6.29093
4.60902
3.85557
4.19499
5.3524
4.36927
6.67509
5.40136
4.87207
4.52471
4.48538
4.779
4.72582
5.46296
6.24197
4.73789
5.69552
5.01376
5.65542
4.84441
4.78492
5.31605
5.24823
4.44763
5.22129
7.06163
6.35255
4.82576
7.02358
5.6217
5.43078
5.4946
5.05675
4.38203
3.60943
5.65408
4.12839
6.03359
5.11446
6.04843
6.26629
4.53988
5.95544
3.3357
6.34764
2.80268
5.00328
3.86273
5.17725
3.75288
4.23985
6.0212
4.4241
4.07203
6.02373
3.32488
5.49764
3.41644
4.21693
3.56042
2.89062
6.71598
4.0555
5.32806
5.76884
4.53254
5.55174
4.61031
3.75581
5.38682
5.12638
3.21017
4.39914
3.18424
6.76822
4.53538
4.48049
5.1437
6.81897
2.49534
4.87348
3.07463
4.5357
4.19087
4.19571
5.70523
5.75036
6.01776
6.9146
5.28723
6.41396
4.67396
5.13704
3.4885
4.80012
6.14946
2.90064
5.87389
4.94244
3.91956
5.8266
4.34723
3.7635
6.11594
7.20972
6.32819
7.28842
4.06224
4.28003
5.67185
3.94979
5.7423
4.13217
5.77931
5.58705
6.25855
6.59718
4.68948
5.40302
4.0003
6.28117
6.37432
5.31306
4.24322
5.73263
4.7897
5.69815
4.5358
4.35475
4.3448
6.79531
4.75543
5.72898
7.23705
4.17557
4.67272
5.31719
5.04514
5.73443
6.19086
5.56446
3.69696
6.21733
5.30604
3.02288
4.68813
3.28149
5.84311
3.56599
4.21234
5.09307
6.1439
6.37785
4.51974
4.7115
4.52738
5.87715
4.91895
6.84425
2.50685
5.39206
7.90575
6.72592
4.09573
5.41724
4.47758
4.57819
3.50003
4.87663
5.3197
3.68001
4.86261
5.29085
5.25133
5.78052
4.44013
2.44632
6.6961
5.00911
5.29732
5.97916
5.26108
4.76797
4.17852
5.24467
5.91424
4.32793
4.84274
5.32252
4.63112
2.4713
8.00402
7.27052
5.43583
4.64984
4.17199
5.73903
5.3437
5.94068
5.34582
6.01739
7.11591
5.43558
5.96479
3.6083
4.89386
3.09398
3.71387
4.71147
5.56406
6.26082
4.45387
4.74628
6.54769
5.73144
3.26121
5.43107
4.28723
5.69286
5.56191
5.37215
4.89829
4.97358
6.46186
4.90673
4.54283
5.29545
4.25882
4.6472
5.62339
5.48943
4.40774
5.43907
4.66536
3.32092
5.75663
6.63824
5.47271
5.45175
4.83276
3.81688
4.03622
3.24576
5.49439
3.93753
3.68781
5.31158
6.33087
3.87596
4.83677
5.26482
5.58349
4.6617
4.59516
4.03698
6.51802
5.41118
5.16241
3.67759
4.20782
7.38371
4.53027
4.27505
3.49914
4.83414
4.49996
4.94512
5.01496
4.92842
3.6093
4.87739
4.56775
4.54366
3.67127
4.35071
3.83605
3.29945
6.75768
4.42276
6.0034
5.52723
5.3631
4.68094
5.71125
3.89262
4.50461
5.37677
5.76186
3.49471
5.70904
5.83252
4.66288
5.37845
5.12047
5.42683
7.17665
4.84542
5.53979
5.16972
5.81258
6.33963
3.53104
6.01734
5.41195
5.53973
6.09722
5.42246
5.11489
5.20257
5.84267
4.60625
4.01778
6.34891
5.85385
6.13954
5.10862
5.79063
4.93928
4.78333
5.74342
4.62568
6.35784
4.30013
6.11958
6.44689
5.44905
3.25822
4.16456
5.31819
5.29741
5.2502
3.75584
5.00713
5.93588
3.6173
7.46129
5.74182
7.25862
5.18914
5.55031
5.59669
5.54235
2.45266
5.16664
4.31393
3.51956
6.6687
4.02114
4.65735
5.25756
5.02017
5.39521
5.1054
7.00269
3.43721
4.30886
6.6188
2.7634
5.98299
7.90335
4.56862
5.51335
4.90502
4.83578
5.44655
5.02016
3.3133
5.37681
5.13407
4.74718
6.02005
4.02807
4.44479
6.91411
4.98118
3.451
3.86766
5.21766
4.55282
4.12041
4.02287
5.08009
6.42088
3.82095
4.00607
5.95861
5.29803
3.95561
4.27613
3.65304
4.93331
5.69075
6.29943
4.23574
3.88797
5.68368
3.01663
3.60498
4.10308
5.92448
4.97353
5.5733
3.8615
4.99795
5.76767
5.1884
6.39322
4.98459
4.75526
4.22674
4.73061
4.76796
4.67131
7.09694
5.19569
3.51814
4.1204
3.84815
5.26071
4.48077
3.28189
5.67634
4.54453
5.94643
4.25095
4.76237
4.33005
5.11849
5.70402
5.02336
4.54094
5.89288
5.79367
5.25642
5.79883
4.38781
3.0824
4.27554
6.3671
4.64811
4.45906
4.47754
3.78219
2.90215
5.86424
4.18584
3.3993
4.65511
6.57138
3.56024
5.85516
3.03705
5.7535
4.12492
6.16124
3.53797
4.73869
4.65013
5.13131
3.93754
6.09728
7.06342
5.23221
4.60958
4.27164
6.11715
6.52607
5.10685
6.4469
5.29511
3.84851
4.56229
6.20697
4.88161
3.40139
4.74147
3.59752
4.92888
5.73169
6.59187
7.05624
4.18676
6.32886
5.19908
4.68797
3.00962
4.61769
5.4115
5.32525
5.27522
5.36406
4.76636
3.02572
5.49181
7.06849
5.00391
3.9744
4.75377
5.09641
3.99096
4.87718
3.8263
5.71856
5.06254
5.34445
5.05874
6.09769
5.23148
4.4858
7.10321
5.7812
5.46564
4.79412
4.91097
6.39766
5.5633
5.20751
4.96532
5.39437
3.94565
7.80316
4.78772
4.89084
3.31914
4.51305
6.18092
5.01607
4.08129
3.69041
4.80126
5.48486
4.43592
5.40061
5.46508
4.57749
5.46496
5.01127
4.84715
6.55257
6.29601
6.28335
4.29226
5.42909
4.43626
3.67076
2.94162
5.69501
5.49639
3.10165
3.63587
2.20472
5.03365
4.06549
4.56819
4.15252
5.07974
4.17581
6.28842
5.86209
5.593
4.12619
3.85102
3.42141
5.12431
3.72695
4.60713
3.56821
6.51248
4.78966
5.63292
6.07455
2.91902
5.07758
6.54939
4.26823
4.64627
5.52885
4.86745
4.19736
6.96253
5.89926
4.16021
4.30223
5.07429
5.81152
4.99209
4.60954
4.58532
6.82402
4.28344
6.45135
5.91578
6.55401
4.87572
7.01785
2.82188
5.41559
6.90331
4.73917
4.9433
6.18607
3.7479
5.16788
4.70976
7.40291
4.17931
5.63879
6.20366
5.49744
4.56601
3.37473
4.00904
4.59038
4.78201
4.41061
3.83342
4.61162
5.87142
3.75972
5.03386
4.37228
4.65428
4.86553
5.76224
5.85499
4.01319
6.47395
5.04966
5.40039
6.11779
7.19776
3.34096
5.33661
5.75428
4.18665
5.56871
5.33268
5.39629
4.85853
6.48505
5.77667
6.46266
4.12255
6.18605
3.76302
3.81449
2.5484
4.66646
5.17267
5.22922
6.6854
5.23504
5.59165
4.43539
6.68083
3.06807
6.65807
4.52543
4.62432
4.68354
3.30863
6.33186
5.93727
2.33127
6.73768
4.70319
5.27612
5.09529
3.33206
5.11219
4.123
5.68633
7.2313
4.75921
5.25594
5.47898
6.89614
5.59038
6.65965
4.09598
5.67951
4.51081
4.98257
5.38202
4.26986
5.55812
5.70248
4.07127
5.85462
4.10228
4.4091
5.26802
4.17958
5.27858
4.80693
5.73963
4.83568
7.13069
5.56842
4.66307
6.88279
4.25666
5.4659
5.62862
5.31725
5.71059
3.14826
6.52792
4.32597
5.92205
3.56489
4.54692
5.00306
4.33092
4.34632
6.10547
5.67019
3.80195
5.73159
4.54631
4.97672
6.27512
4.17588
3.64517
3.59134
7.55627
3.33531
4.78123
6.68088
6.21291
6.07583
5.61993
4.82116
3.57942
4.23644
6.48554
6.27994
4.61208
3.62501
2.96871
3.54328
6.36006
4.08379
5.53099
5.38869
2.89966
5.83023
5.13988
6.40296
3.59232
4.09248
5.28585
5.9876
4.92515
4.59892
5.50208
4.27319
6.2522
4.87611
5.0542
4.82781
5.21161
3.80153
4.84533
5.31476
5.44355
4.65168
4.79332
4.67975
5.4763
5.30535
5.10271
4.03741
4.68007
6.48445
4.92306
5.44218
6.58008
6.44252
4.67828
3.49381
5.64805
4.97934
3.52388
5.23668
6.08543
2.85135
4.85081
3.19478
6.81271
4.03457
4.21738
3.76935
4.53101
5.01426
6.69652
6.031
6.51114
3.72098
5.60848
5.93502
4.27701
5.35491
4.80051
4.7372
4.82524
5.53039
5.14392
3.83845
4.54393
5.16715
4.85388
4.51872
6.45836
4.73171
5.38692
4.97634
5.80117
5.42157
4.88785
5.85654
5.00101
4.20806
6.07771
4.99972
3.48515
5.36754
3.78097
6.80187
5.58989
5.24344
4.4403
5.2078
3.42205
5.68719
2.66963
4.9925
6.1112
3.4173
5.24476
5.22932
4.96576
3.78028
5.78746
5.04951
4.28924
5.28729
5.80742
5.84622
5.64527
5.41328
4.70274
6.2195
5.69915
6.04589
5.41867
4.12787
5.06469
6.01974
4.97364
3.46883
5.93868
3.78251
4.2025
6.09669
4.88936
4.57082
6.41912
3.51035
5.41739
4.05123
6.76055
4.40298
3.21367
5.7712
5.32575
4.96069
5.63651
4.53813
4.3119
4.1441
4.80299
4.66444
4.55948
5.07192
6.04865
5.59804
5.02578
5.14436
6.62374
5.44939
8.3167
5.52544
5.11783
4.08751
4.98063
5.52725
4.93429
5.43876
3.48605
3.93625
3.6766
4.55499
5.66709
4.42594
5.29177
4.56168
5.751
5.31328
4.968
6.10434
4.79117
4.84201
4.96641
3.67762
4.52902
7.24901
3.89713
3.94446
5.30827
5.42671
5.74398
6.28874
5.80602
3.46681
5.43775
5.22648
5.1594
6.33704
4.69013
4.37386
8.14916
4.35963
5.05169
4.96884
5.60081
4.1755
5.04365
4.5172
4.69094
3.97934
4.99668
4.33889
1.89483
5.54722
3.5431
4.56635
5.27229
3.75077
6.6397
4.67478
5.51347
5.79726
5.31439
6.01096
5.84262
4.79625
6.41646
2.73007
5.73261
5.29978
3.40917
2.46895
6.0626
3.15845
5.63186
5.4383
7.21853
4.79689
4.48062
4.61609
4.75393
4.65727
4.43549
5.59757
5.26446
4.57141
5.75633
4.59344
6.03338
6.39961
6.29456
6.84169
4.59899
3.87629
6.57273
3.57654
5.40631
4.35995
5.80374
5.23392
5.61602
5.01245
5.84286
5.78468
5.68446
3.90554
5.3048
4.98961
4.76391
3.26774
4.62478
3.6937
5.47785
5.87695
5.66527
4.86258
5.20554
5.18005
6.25576
3.56623
6.0683
5.78738
5.92217
5.79766
5.57315
5.89425
4.57524
5.02194
3.84505
4.86405
5.04405
3.3073
4.75758
4.47723
6.36744
4.98127
3.55957
3.84141
6.82517
5.72646
4.10911
4.40913
7.50243
5.42318
4.41189
4.9581
5.75478
4.45682
5.15314
4.11539
4.50324
3.5506
6.01786
4.93882
5.85355
5.915
3.93885
5.65123
6.18101
5.58634
2.71464
2.65509
6.04153
5.18686
4.38728
3.84838
5.69645
5.44293
5.11239
3.82269
5.01887
4.82127
4.69955
4.23761
4.05416
4.73464
5.10066
4.488
5.38311
6.33998
6.13751
4.21093
4.55193
5.40884
5.75946
3.58368
3.4744
4.221
5.64171
5.15281
5.97255
5.8637
4.3128
5.50858
5.02507
4.75048
4.06708
5.38341
3.96209
6.82382
6.77925
3.79052
5.33108
4.34428
4.81459
4.44854
6.4559
5.90678
5.71712
4.1906
7.32624
4.12193
4.98579
5.32653
4.78843
5.60408
6.7009
6.13912
5.28354
6.90928
4.76179
5.30404
4.69838
4.1618
7.12202
4.93748
4.15304
4.39957
4.53905
6.55661
4.92647
4.58989
5.86831
4.00187
5.59578
6.13667
3.73498
5.67541
7.53013
5.58345
6.189
4.27402
5.08828
5.85437
3.67169
3.66541
4.74493
5.07688
3.9865
3.14935
4.84441
5.8637
3.74536
3.93596
4.14212
3.22789
4.83468
4.54053
5.24671
5.68492
7.30491
6.30231
6.03604
4.56747
5.61991
4.93627
5.50596
2.51084
4.09057
5.02102
3.43451
3.84268
4.11412
3.73705
5.48272
5.15934
3.62973
4.47798
5.81024
5.35013
6.19954
4.77033
5.37115
7.22326
4.59091
3.8855
6.20747
6.21176
3.6795
4.92592
6.12638
4.18884
3.43531
4.16171
5.25694
3.74101
3.73506
5.42786
5.42405
5.52877
7.05707
5.41054
4.7774
5.5609
5.5718
3.95854
5.21738
4.97189
6.08575
2.92213
6.17153
5.29217
3.04733
8.14745
5.43787
4.95968
3.4108
5.60324
4.38108
4.78361
5.67795
5.78948
4.71226
5.93302
3.97748
5.38352
7.973
5.64587
4.85546
5.66595
4.16389
4.29976
5.41196
3.58018
3.8692
4.48641
3.20003
2.08899
5.25395
4.21944
5.8522
3.98356
4.38542
4.35398
5.25504
6.16668
6.87119
5.88016
4.77378
4.58046
6.96231
4.69102
4.66849
5.00194
2.73548
5.36669
4.46211
5.11175
3.72332
5.68277
5.85118
5.25113
4.47078
4.59018
5.29042
6.18733
5.63005
4.95645
5.1827
5.06714
3.71524
4.34175
5.32167
5.53652
5.31107
4.54915
4.78715
4.55912
5.23569
5.21271
4.44879
5.4546
3.3937
5.06795
6.13075
4.42347
2.89126
6.51299
3.87884
5.00837
4.06732
3.88158
4.45857
4.06759
4.30838
4.19179
3.91927
4.50345
4.60608
5.96261
5.85519
5.29452
5.07379
5.67833
4.13418
4.87199
5.75987
5.72049
7.10292
3.59128
4.39626
5.70101
6.70163
2.52991
5.92414
6.16042
4.95036
5.79812
6.44288
5.1587
4.87858
5.88664
4.37317
4.16634
5.86831
5.16928
3.69698
4.50183
5.89105
4.33706
5.48823
5.34121
4.52693
5.16856
6.50571
4.75692
4.47082
4.85836
4.57845
5.2964
5.99266
3.46443
5.16494
3.47764
5.75749
4.97388
4.8107
4.22106
3.16012
6.83299
4.80211
4.51415
4.42373
5.31318
4.89536
4.59189
5.00463
6.55693
2.33068
4.23868
4.86969
4.94727
6.07536
4.96869
5.79591
5.27855
4.58737
5.59023
4.3992
4.61733
7.09505
5.01149
5.24903
4.21555
4.46726
4.0911
4.97313
4.06616
3.98007
4.06234
5.92859
5.88516
6.73239
6.41082
3.05187
4.73116
4.60526
3.56396
3.40867
3.3972
3.63658
5.48357
3.85072
4.43884
5.36705
5.37547
6.10809
4.89881
4.72662
5.99872
5.3253
4.33629
2.72031
4.32569
7.07495
6.67106
5.11351
5.38977
2.96728
3.58979
4.51923
5.65903
3.6924
4.29699
4.52496
5.23814
5.69017
5.12982
5.68407
5.1837
4.79795
6.19316
4.66589
5.00457
5.688
4.55482
3.7747
4.25608
4.38158
4.28836
3.49257
4.75223
4.70023
5.11059
6.10195
5.78187
4.81925
4.6802
5.04394
7.01101
6.08203
5.85756
5.5991
6.03459
5.80619
4.51153
7.11749
3.39144
4.37296
6.91787
3.78832
5.18539
4.80409
5.96058
4.8547
4.02972
5.329
4.95842
6.15434
4.47808
4.22677
5.33186
3.76819
5.7482
4.45193
5.60965
5.45836
4.32811
3.72244
3.38299
5.04984
5.02359
6.22085
3.78073
4.29368
5.74568
5.45232
5.63851
6.00005
6.21847
3.61294
4.52129
7.12912
3.62134
5.90527
4.98614
5.99258
4.29546
4.86393
4.71567
5.50029
5.54417
5.46028
5.69863
6.48804
3.91656
6.48029
5.98414
4.87687
7.13097
6.54704
3.3366
4.23545
5.33101
3.58522
6.29377
4.5378
5.87882
5.80385
5.12625
3.006
5.76613
5.37478
5.36917
4.80913
5.09028
5.03235
5.44549
5.5159
3.59123
4.80956
5.51401
6.76724
6.29848
3.87157
3.3788
5.71345
3.29774
5.55765
4.58592
5.11447
4.25136
4.78918
4.08756
4.43156
5.62075
4.44532
4.13401
5.31312
4.23022
4.57422
5.78335
5.63963
5.46525
5.80608
3.89683
5.08961
4.60392
5.25971
5.91187
7.18957
4.39884
7.69594
4.62495
6.24055
4.24668
6.68967
6.15818
5.24399
5.86483
3.23321
5.2799
5.84056
5.14706
5.64713
3.42132
4.84411
5.80764
5.81811
6.23806
4.88509
6.03034
5.17587
3.62928
5.24759
6.40737
4.10188
5.1377
5.00522
4.23321
4.94261
5.6542
4.71028
5.19997
4.4895
4.55281
2.28586
4.48394
5.88594
6.84582
6.02132
3.91461
5.23462
5.45813
2.92374
4.58702
5.32265
3.1369
4.34791
5.44285
4.65884
5.9134
4.76395
5.73755
5.71715
3.48143
4.68547
6.17103
5.54286
4.85654
3.61348
4.28373
5.47381
3.95783
6.43299
3.87918
5.0503
6.92228
3.42595
4.96991
6.68215
5.59252
3.55576
4.83851
4.33805
5.03687
5.88819
5.12723
5.9229
5.47503
5.12888
4.5749
4.6885
5.47009
5.02663
4.92625
4.15223
6.32587
5.84789
3.62998
4.44081
6.32879
3.72872
6.33038
4.1642
8.58022
5.112
4.27995
5.3063
6.25012
5.19635
4.29801
3.56567
5.2363
5.78631
4.59052
3.48396
5.08596
3.31529
4.91538
5.75533
5.57746
2.83817
5.4838
4.48569
5.8417
5.01931
5.95508
5.44098
4.8799
4.05106
5.19512
5.50462
4.92338
4.17671
4.43419
4.94257
6.76072
4.89824
6.7729
5.33488
6.15706
5.95003
3.95822
5.21233
5.11924
3.88422
6.50236
4.912
4.89035
4.87194
5.226
6.16077
6.04434
5.61354
4.92216
3.81518
6.26008
5.59527
5.57407
3.94805
7.27358
6.33945
2.76751
3.88071
6.01915
6.57035
5.2923
5.65806
3.68329
5.21576
4.7332
5.48459
6.20143
5.45121
2.62372
4.01984
6.08596
5.61454
5.92414
4.49919
4.81625
3.62955
5.56075
6.27602
5.12304
4.97675
3.43783
5.19789
4.23461
4.28473
4.22716
5.21713
5.52082
4.98214
3.81955
5.1676
4.99508
5.22641
4.29843
6.02905
5.38229
3.49012
5.43661
6.06961
4.08058
4.38643
5.10459
2.69461
3.19555
4.19835
5.30925
5.68992
5.0796
6.6022
4.03449
5.35661
5.40893
5.37647
4.46961
4.87075
5.87704
3.41804
6.13734
5.86577
5.39543
6.10065
4.14435
4.38027
4.55086
7.3725
6.18687
4.34021
3.83336
4.51485
5.20339
3.72989
5.31931
4.29004
5.38592
5.74046
6.67832
6.00695
6.57884
5.92551
3.72112
4.92629
4.07707
3.10588
6.01511
4.49435
4.69878
3.61832
5.17332
6.4601
5.30197
2.39468
4.40433
5.18108
4.77577
3.91593
5.04922
6.07365
5.207
6.30693
3.68035
3.21201
6.79631
4.8853
4.70173
4.57911
5.99956
7.0213
6.34425
5.426
3.226
5.40702
7.53329
4.4726
4.19752
5.25539
6.27561
4.77729
4.62334
4.52605
4.54641
4.16226
5.9132
5.44897
5.36499
4.99273
6.00107
5.41389
4.78001
5.79752
4.78993
6.7241
4.36816
5.39212
4.94596
5.93438
4.49483
6.79945
6.24287
5.17004
5.64235
6.75619
7.1239
5.30606
3.92768
5.18593
2.65201
5.14417
4.44163
6.25052
5.74989
4.60507
4.99376
4.55269
4.7759
5.90835
7.14206
4.58955
3.58409
5.4451
4.70161
4.26928
7.13342
4.43752
6.14591
5.01956
6.15478
5.12495
5.14183
5.76419
3.78381
5.23309
4.78769
4.76701
6.24141
6.30342
3.64237
5.11727
4.03539
4.81442
4.51677
5.52957
6.00551
5.85955
3.73762
4.21939
6.39064
4.44447
5.37821
3.75054
6.49169
5.68251
5.00585
3.9862
6.3506
5.26395
5.16246
2.99835
5.4933
6.02731
5.29736
3.78446
6.13502
5.07249
5.09846
5.96581
3.68061
4.77998
6.19741
4.42758
3.62148
4.49851
4.95667
3.29538
3.0383
4.58583
6.56241
4.83089
6.02776
5.13881
6.92151
3.62454
4.60145
5.43303
4.75619
4.28324
4.99171
5.46649
4.83619
5.17266
5.62575
3.55398
6.6949
3.53957
4.64527
5.90987
5.03737
3.81811
4.53032
5.11332
4.75336
4.71142
5.34309
5.80949
6.17811
5.10839
4.24619
5.22496
3.04896
5.04648
5.66319
2.99367
5.06641
6.84672
6.14008
5.3405
4.43106
4.92489
4.21494
6.80619
4.80654
3.23976
6.02181
5.80058
5.62986
5.20568
5.84351
5.04642
4.90259
4.18275
5.44431
4.27939
6.54614
6.29133
5.62348
5.03307
5.08595
3.5109
5.19393
5.72055
4.96433
4.7243
3.34059
4.62343
4.15602
4.6715
4.23082
5.34495
4.8586
4.59732
5.16585
5.55124
5.47841
4.69212
4.54838
5.42422
5.13974
5.92407
4.64889
5.70152
3.05232
5.93141
3.59405
5.05354
4.96298
3.798
5.03135
3.99856
4.76659
3.77946
5.20478
7.28962
5.26854
5.92022
4.18635
4.06283
7.17036
5.05472
6.38658
4.75136
4.24918
3.86373
6.37747
6.43977
4.24519
4.42754
4.89525
4.72688
5.93328
5.91928
6.02355
3.55682
3.46497
4.38128
5.65184
5.98823
4.99832
5.01381
5.16887
3.18576
5.2056
4.97869
4.56634
5.54327
7.12067
4.47424
3.29054
4.11976
4.6807
5.8122
7.12062
4.00409
4.51917
6.94931
5.63298
4.54923
5.0417
6.28239
6.13029
4.98083
5.22221
6.07045
6.17042
6.00353
6.09454
6.4009
3.6512
3.1888
5.10334
7.48698
6.57054
6.12222
4.03963
4.38528
5.44178
4.34797
5.58351
3.81027
5.47572
6.47985
4.55302
5.288
5.16536
5.18844
6.54431
3.49463
4.83463
4.57721
3.88738
4.45325
5.8807
5.72903
5.03147
5.81898
4.86888
4.85124
6.65295
3.11069
3.3957
3.62182
5.5127
2.54259
3.95809
4.89097
6.10566
6.13398
5.70003
4.5752
6.66803
4.29254
5.79641
