1083.41 1479.18 25.2833
4797.96 1560.18 6.02177
4434.62 1546.41 6.45766
4947.4 1559.62 5.83778
5076.92 1552 5.66105
5169.14 1536.38 5.50412
4808.6 1535.46 5.91324
4870.87 1541.54 5.86077
4848.89 1521.28 5.80997
5135.26 1524.97 5.49925
4678.81 1558.21 6.16734
5483.54 1547.79 5.22706
4494.15 1533.54 6.31907
5669.01 1544.41 5.04502
3134.28 1557.07 9.19977
4058.97 1554.92 7.09414
3942.21 1539.75 7.23296
2967.82 1550.86 9.67704
4599.11 1555.16 6.26191
4437.57 1558.67 6.50453
3855.28 1533.08 7.364
4113.7 1539.26 6.92926
3649.13 1558.97 7.91145
2790.71 1561.59 10.3624
2748.04 1549.99 10.4451
3251.6 1534.38 8.73859
4056.23 1552.94 7.08988
3621.8 1523.14 7.78792
3865.8 1535.62 7.35614
3318.04 1546.37 8.63057
3288.77 1547.53 8.71388
3087.66 1534.8 9.20508
