2 1 1521 4.97385
2 2 1561.23 4.9954
2 3 1547.92 5.17694
2 4 1560.52 5.099
2 5 1552.91 4.81131
2 6 1537.46 4.54047
2 7 1536.37 5.03581
2 8 1542.82 4.80688
2 9 1522.7 4.73065
2 10 1525.99 4.54101
2 11 1559.62 5.02879
2 12 1548.89 4.26448
2 13 1534.3 5.46876
2 14 1545.17 4.32992
2 15 1558.56 8.03245
2 16 1556.63 5.47153
2 17 1541.82 5.60767
2 18 1552.16 8.57942
2 19 1556.76 5.18956
2 20 1559.95 5.52536
2 21 1534.57 6.17426
2 22 1540.45 5.9541
2 23 1560.79 6.77261
2 24 1569.77 6.25084
2 25 1555.72 7.59511
2 26 1536.71 7.37131
2 27 1554.21 6.11365
2 28 1525.03 6.54631
2 29 1536.52 6.55368
2 30 1547.92 7.46246
2 31 1550.08 7.11614
2 32 1538.11 6.77094
