2997
2702
3001
3012
2972
3004
2975
2984
3001
2983
3015
2980
2982
2999
3005
3016
2942
3005
2977
3009
3009
3015
2984
2984
2994
3025
3022
2917
3032
3018
2980
2948
3043
3004
766
3025
2999
2767
2991
2997
279
3026
1065
3011
1063
2987
2412
3025
2969
368
2995
2866
3000
3020
2988
3014
2986
2985
3024
3006
3009
3002
3040
2977
3037
3003
3012
2997
2993
2991
2978
3012
2976
3020
3001
3009
3004
3038
3009
3012
3020
3001
2977
2990
2898
3034
3012
2993
3015
2992
2968
2540
3008
3005
3023
2993
3038
2985
3001
3051
3077
1584
2997
2994
3035
2996
2978
3001
2997
429
3029
513
2974
3027
2985
2970
2996
3013
2979
2999
3030
3010
3010
3034
2350
2984
1704
2963
3017
3011
3010
2981
3005
2402
2984
2988
2927
827
2987
3031
2985
3007
2953
1149
2989
2985
2996
2972
3022
1745
3008
3003
2997
2964
3062
3005
3004
3024
2999
1927
2999
3009
2599
3018
3020
2982
1517
3015
3018
2981
2964
3039
3024
3040
3001
250
3011
3008
3029
2517
3037
3002
3008
2855
3003
3005
3036
2699
1926
3020
3038
2958
2995
2994
3029
2975
3003
2981
3009
2975
3036
3059
1047
3041
3024
2970
2997
2864
2975
2998
3003
2991
3012
3016
3006
3007
2993
2868
3021
3009
2972
2995
2999
3001
3015
2995
3001
2980
3021
3010
2990
3039
2376
3014
2977
2983
3015
2972
3018
3029
3000
3076
3012
2984
2725
2994
2972
2999
3011
2840
795
3013
3011
2991
2984
2981
3005
2994
2996
1434
2954
2951
2985
2988
2984
3018
3023
3001
3003
2982
2950
2998
3001
2997
3000
3007
2951
3014
2994
3014
3013
2996
2985
3032
2998
3009
3007
2977
3019
2951
3011
2980
1842
2452
3023
3005
2990
3070
3031
3016
3012
2997
3037
3034
3017
3011
2996
3016
3001
3009
3023
2981
688
3015
3018
2959
2969
3020
1233
710
3014
3010
2975
3003
2980
3023
3012
3019
577
3008
3006
3001
3034
3004
906
3012
699
3000
3025
3013
228
2929
3009
3013
3021
3006
3022
3034
3021
2999
2996
2958
3017
2912
3009
1948
2978
2893
2976
3009
2991
3037
2995
3000
2986
2994
2996
2976
3009
3034
3016
3058
2069
2935
2994
2960
3012
3064
2975
2989
3004
3032
2986
2990
2990
2972
2983
2992
1990
2954
3023
3031
3016
518
3025
2927
3034
3034
2999
2522
2973
3019
2979
3017
3019
2966
1898
3000
3031
3012
3031
2199
2986
3012
2022
3018
3010
2978
2848
3012
340
3035
3006
3016
3025
2970
3006
2982
3015
3015
2974
3014
2990
3015
3021
3009
3003
3066
2990
2963
3020
3002
3001
2865
2989
3008
2974
2831
3015
1608
3046
3010
3035
1581
2981
2975
3005
2945
3014
2978
3003
3007
3025
2889
2949
2996
2987
2942
3011
2976
1094
2994
3003
3000
3018
2994
2997
2926
3005
3019
2994
2987
3024
2989
3011
2944
2698
2987
3016
3022
3054
2989
2996
1793
2995
2972
2990
3034
236
3018
2996
2977
2907
3020
2902
3097
2983
3017
3040
3018
2747
3015
2950
2959
3002
3007
3031
3026
3037
2985
2565
2950
2346
2368
2980
2987
3038
2996
3004
3005
3011
3014
3023
3014
2903
2417
2993
781
2992
3006
3031
2989
2988
2913
3012
3032
2665
3012
2692
3052
3022
2016
1717
3027
2854
3047
3010
2772
2990
948
3029
3001
3014
2990
3029
2785
2839
2986
3000
2997
2975
3020
272
765
3029
2887
2992
2310
2975
3006
516
2963
3035
3003
2878
3002
2973
3012
3025
2991
2973
2976
3004
3009
2983
2942
3001
3011
2195
2259
2985
2956
2992
3004
2922
3031
2998
3018
134
2897
3015
3029
2993
2970
3006
2945
2992
295
3055
409
795
3005
3007
2987
2999
1080
3031
2986
2984
2984
3031
2988
2980
2986
2982
3027
2977
3031
3006
3037
3024
3010
3011
3018
3019
3034
3047
3028
3030
2910
3003
3007
3012
2989
2994
2967
3003
3010
2850
2992
938
2984
2999
3006
3013
3019
2863
2975
3021
2982
3010
3012
3000
2986
3011
1391
815
3048
3011
2936
3009
2981
2934
3021
2993
3024
2999
2996
1941
1401
3010
2979
2954
156
2991
2965
2938
603
2622
3014
337
2977
3003
2975
2992
1116
3014
3002
2999
2978
2952
2999
3010
2998
2968
3007
2981
1262
2980
3040
3015
3036
3021
494
3002
2946
3041
3001
2991
3022
3020
2990
3040
178
2991
3023
2998
625
3005
3019
3025
2980
2989
2961
1603
2960
1918
2944
447
2986
2996
2987
2929
3012
2999
3023
3007
3015
3004
2728
2979
3002
659
2978
3008
3018
2657
3004
2960
2977
3002
2846
3016
2966
2986
2999
2966
3006
3066
3037
2996
3017
2995
3043
3038
3006
2976
2951
2958
3009
3005
3056
2989
2995
2968
2999
2977
2057
3007
2980
2997
2984
2940
3041
2979
2987
1088
2044
2925
3034
652
2973
3010
3022
3001
3015
1022
2990
3021
3007
3008
1427
2959
3010
2983
2810
2976
1119
2979
3021
3018
3045
2998
2987
3009
3012
3000
3040
3027
2985
2980
3014
2968
3006
2970
2984
3019
3038
2536
3001
2978
2976
3027
2990
3002
3010
3005
3022
3017
2963
3012
3005
1590
637
2986
2967
3019
2986
3003
3069
3042
3004
3042
2986
2990
2531
3006
3014
2990
2978
2985
2855
2979
2969
2959
2992
2985
3000
2965
2973
2946
2992
2944
1793
3014
3028
2992
2410
3008
2992
3035
2977
3020
3029
3060
2993
3034
2990
3018
2996
2998
3045
3003
338
3008
3002
3010
2979
2384
2991
3018
3007
2997
2995
3058
1236
1747
2695
3025
3022
3009
3002
3021
2966
693
3026
2147
2689
3032
2989
3013
2993
2977
3008
2983
2964
2956
2985
3016
2966
2957
2995
3016
3013
3007
2990
3016
3010
3022
3010
3008
334
2999
3009
3018
2658
3006
3010
1026
3042
3021
3006
2960
2992
3024
2080
3019
3028
2973
3027
2982
3004
3017
3015
3054
2927
3040
3029
2986
3003
2420
3032
2917
2671
2959
3006
2992
2991
2994
3070
3018
2994
982
3045
3009
2956
3013
398
132
3029
2779
2983
3002
2994
2999
2884
3039
2950
3011
2985
2976
2694
3021
2979
2986
2994
2993
2987
3039
2992
2829
2998
2977
3015
2900
3029
1039
2776
2819
2933
3005
2999
3020
2997
3002
3026
445
3003
3011
2990
2986
2783
2993
2918
2977
3011
3014
3003
2993
2981
3013
3016
3025
3017
2941
1426
2975
3032
2992
732
3015
2980
3024
3009
3001
421
2976
3002
2980
3017
3021
2997
3000
2987
2604
3084
2991
3016
3025
3007
3022
381
2979
2986
3022
3020
2999
2983
3028
2844
2584
3006
3001
2980
2990
2986
3002
3045
3024
2658
3032
2968
3028
3016
3016
3006
2976
3027
3013
3000
2986
250
2949
3002
3003
2999
3034
2989
3000
3017
3010
3002
681
2998
3028
2986
2986
2960
2973
2982
3023
2993
3017
3025
3016
2990
2940
3013
2993
2983
3043
1915
1274
1666
2950
2985
2988
2984
3008
2993
505
3029
1534
3005
1639
3011
3011
2974
3002
3001
3018
3022
3015
326
2962
3037
3031
2990
3017
3051
2335
2923
3003
3010
1231
224
2934
2836
2866
3015
3009
3009
2939
3001
2714
3002
3021
2978
171
2978
3017
2999
2992
3017
2991
2998
1756
2991
2988
2997
3016
3000
2990
2984
3015
2986
2983
3001
1692
2996
2990
1357
2949
2732
3038
3017
3032
2914
3001
3007
2955
2985
2982
2877
2982
2928
2992
2963
3028
2991
3028
2996
3021
3014
3038
1505
2999
2986
2971
2992
2980
2964
470
3021
3001
3023
3025
2990
2945
3015
2976
581
622
1922
2997
3011
3018
3027
2807
2972
2996
3026
3042
3023
3012
3022
3022
3008
3009
3030
2947
2964
3017
3027
3004
3006
3010
3008
1596
2981
2993
2350
2985
2289
2998
1007
3009
3000
2989
433
2995
2976
3005
3021
2940
3012
3008
3019
2988
2999
3003
2982
3002
2982
2997
2992
3024
2921
182
2973
2950
3016
2999
2367
3011
3013
1896
2968
3017
3017
3023
3044
2998
3006
2985
2998
2991
3005
2965
3003
3027
2992
2998
2257
2996
2968
2985
3010
3008
3033
3012
3020
2982
3009
2983
3001
1513
2991
3003
1101
2998
3028
352
2767
2978
2995
2966
2983
2988
2985
3026
2966
3029
3019
2947
3021
2969
3018
3008
417
3014
2997
2979
2988
942
3003
3005
3030
3006
3026
2991
3020
1742
3016
2994
2957
3038
3018
2990
2990
2982
2442
2977
2999
3022
3027
3033
3010
2989
2991
2949
3009
2994
2950
2946
3015
1643
2999
3044
1106
2876
3024
3025
2991
2988
3027
2973
3008
3012
2997
903
2996
2963
2991
3002
2997
3037
3004
2985
2938
2966
3012
3030
2959
3038
2990
3004
3019
2966
3015
2999
2989
2997
2973
119
3011
3006
2984
3007
2975
3008
3021
2982
2980
2909
2978
3010
3014
3009
2995
3010
3006
2968
2491
3003
2998
2327
2837
3007
3020
3035
3022
2993
2833
3040
3022
3037
2995
3006
2972
3037
3031
2987
2988
3004
2890
3001
2724
2990
2980
1804
2989
2984
2995
3044
2956
2988
3001
1964
2141
2112
2977
2974
2992
3005
3005
3005
3045
2720
2998
209
2998
3002
3013
3012
2957
3024
3031
2977
3019
2039
2976
3009
3023
2978
2948
2954
2982
3028
3007
1484
2992
2500
2952
2950
238
3026
3019
3002
2988
1369
3009
3018
2982
3003
2998
3007
3008
2999
3012
2862
2995
1203
3028
2982
3005
3007
3023
3000
2991
3024
2945
2995
2974
3015
3002
2488
2330
3012
2906
609
2988
3044
2772
2934
2989
3025
2980
2982
3005
3006
2685
3008
3004
3000
2991
3020
2353
3003
3036
3064
2988
3000
2991
2110
414
2986
982
2983
3014
1093
3005
2927
2987
2993
2987
2995
2996
2997
3036
940
2658
3001
2209
2839
3003
3007
2956
2994
2027
1032
3000
3028
3002
3015
2968
2965
2987
3008
3000
3009
3008
3011
3012
2979
2977
2993
2953
2977
2978
2994
3000
3032
2968
284
3051
2975
3025
2998
3020
920
2993
2909
2995
2989
2960
2828
3009
3045
2994
3042
3010
2581
3102
3039
2987
3022
2808
3013
2983
2998
3005
882
1163
2980
838
2984
2985
2945
3005
3030
1438
3009
3012
2996
3031
2173
2976
2985
2069
3022
3021
3006
2982
3035
3036
2979
2285
3026
3040
2978
3004
2848
3030
2979
2654
3006
2994
2926
2981
2559
2946
3019
3049
2949
1821
3009
3015
3026
2992
2949
3021
3028
3031
3029
3008
2989
2976
3009
541
2917
1676
2540
3036
2977
2980
3007
2988
1136
3009
3020
2842
2936
2979
2982
3010
3012
3017
2976
2975
3011
2985
1601
3013
3030
2987
3037
2988
3036
1164
2987
2231
2954
2976
2986
3007
2973
3015
3001
2840
3013
2828
1969
2072
2974
3035
1651
3030
2964
2860
3014
3017
2920
3012
3022
3021
2990
3018
2996
2993
3023
3010
3081
2996
3015
3030
1027
2989
2974
3030
3001
3039
2999
306
3035
2977
2980
3010
3001
2998
3010
2982
3003
2992
2987
3047
3027
2988
3001
2965
273
2996
689
3040
3022
1859
2979
3042
2972
3010
2989
2971
3002
3034
2994
2991
3015
2979
973
3013
3070
3002
2997
620
2993
2612
3021
3025
2190
3026
3005
3008
2984
3056
2977
2998
2998
3020
3013
568
3034
3025
2962
2965
2882
3015
2973
3007
3006
2995
2993
3224
3019
2246
3005
2979
1140
3009
3012
3006
3002
3001
189
3010
3016
3032
817
3021
2999
2855
2993
3017
3039
3025
2998
301
3022
3002
3014
2698
2914
3037
3000
2975
2986
2992
2999
2994
2996
2976
2980
2980
2986
2926
2991
3015
2969
3007
3001
2957
438
2979
3093
2990
3033
2973
2975
3010
3011
2987
3010
2859
1702
2996
564
2964
2859
2984
2999
2981
2993
2636
3013
3006
2985
3018
2954
3004
3026
3021
3001
2858
2989
159
2305
3032
2999
3031
3020
3022
3026
2806
2982
3024
3014
1433
2970
2951
3011
3020
3006
3018
3002
2717
3027
2986
2998
2992
3018
2953
3026
3035
2511
3039
3016
2983
2974
2949
3026
598
2999
2994
2979
2989
434
2995
3006
3025
2632
2996
3005
2990
3012
2059
1341
1925
2988
2959
3021
2986
2960
2971
3022
501
3007
2988
3013
2982
3024
2992
3015
2992
3211
2999
3014
732
2976
3015
3011
2969
3070
2916
3029
2967
2977
3007
2990
749
3037
1312
2995
2962
3024
3007
2960
3025
135
3010
3037
3010
3010
3016
1924
2968
2899
3002
2973
2986
2987
2838
3015
2925
2980
3054
3022
2982
3015
1716
2995
3034
2985
2986
3034
778
2994
2995
3020
3030
3031
3019
2760
3036
3014
2977
2971
2873
3023
3022
538
2997
3027
2645
3001
2972
2961
1200
2953
2990
3010
3009
2999
3003
709
3088
3013
3033
2669
3011
2999
3034
3014
1398
328
2983
2284
3037
553
2970
3017
2700
2966
2995
2990
3000
3028
3015
2979
3007
3019
200
3023
2978
2794
1944
3004
3007
3059
3024
2985
2966
3015
3015
2161
3032
3022
3009
3001
2014
3070
1586
2102
2979
2976
476
126
2995
3022
2959
3013
3020
3009
2933
2995
3022
3028
3027
3030
2981
3012
3010
2995
2975
2691
3003
2975
2976
2978
3023
2991
3020
136
2514
2984
294
3020
242
2963
2980
2994
3006
2993
2953
2991
2239
2630
2996
2975
3017
280
3021
2965
2994
3025
2982
2131
3004
3007
2724
3045
2972
182
2992
497
2998
3009
3018
3022
2986
3001
3003
760
2726
2991
2999
3017
2998
3015
2993
3002
3003
2985
2970
3007
3004
2121
3009
3031
3013
3019
3023
2984
337
2985
2970
2965
2985
2999
2985
3011
2985
3021
412
3002
3010
2984
2986
3051
3016
2978
3017
3025
2998
611
3025
3029
706
3012
2959
2955
2997
3014
3021
3016
3002
2975
2979
3003
3018
3002
2983
3038
3005
2651
3003
3038
2974
3003
2965
2971
3013
2996
3025
3017
2962
3032
3016
3030
781
2978
3033
3018
3029
3025
3015
3012
3026
3026
3009
1859
2981
2992
2263
3051
1826
2992
3021
2993
3019
2984
2964
2996
2975
2793
2514
3015
2733
2671
2986
2990
2985
2988
2975
2999
2794
3030
3093
3016
2999
159
2981
3028
3019
2960
3020
2967
2980
2998
3047
2994
2997
2981
2984
3026
1178
3011
3085
2975
2984
3031
2992
3025
2983
3010
3015
3038
3029
3026
3006
2983
3012
2820
3004
2999
3000
2511
2953
2961
2813
2994
3036
2925
2834
3032
3001
3007
3001
1307
3002
2999
3008
2984
3016
3031
2995
3018
2993
2997
2982
2985
2975
3011
3023
2999
1657
2025
3001
3013
922
2982
2971
3002
2066
3020
2974
956
2911
2869
3021
2963
3004
3012
3009
2998
3022
3012
2996
2987
3017
3022
3013
3006
3001
2994
2987
2986
3012
2003
3034
3016
3011
3012
3031
2996
997
3017
3003
3019
2993
2907
2986
3002
3012
2923
2990
2984
3020
3005
3023
3038
3014
3009
2980
3008
3010
2987
2986
1939
3007
2963
2390
2994
2979
3033
3002
2690
2998
3011
3004
3027
437
2999
3015
2974
2984
2998
2986
3036
1776
1525
3011
3009
2942
2213
3010
3051
2128
3005
3016
1638
2983
3037
2185
3011
2990
890
2990
3009
2986
2991
3009
3024
3021
3040
2997
3045
3004
230
3022
2979
2997
2990
2980
3014
2982
2990
3004
3039
135
3009
2989
2916
3003
2828
3019
2841
3007
3010
2994
2966
2967
3003
2984
2993
3010
3008
3004
2981
2995
3024
3005
3011
2985
3034
3021
3006
3005
3015
2993
2981
2936
2999
3017
3066
2966
3034
2983
2997
3011
3022
2938
3007
2981
3009
3042
3003
2974
2994
382
2988
3022
2989
3020
692
3025
1813
3011
2963
3014
3009
3010
3001
3013
3014
3034
2995
3017
3026
2977
2757
2987
2987
1075
3015
2986
3057
3010
2637
2971
2939
3037
3001
2976
3006
2990
2969
3002
1590
554
3017
2990
2980
3042
3022
2335
1115
3016
2435
1223
3020
2950
2983
2981
2964
3031
2975
2986
2589
2996
2411
3000
2997
2995
2984
631
3026
2896
3005
2963
2975
2976
3007
3062
3010
3017
2992
2993
3014
3055
2430
3000
3002
2983
3002
1943
3023
2957
3002
3031
3001
3020
2426
3018
2981
2921
2962
2868
3000
3007
2991
3026
2997
3008
2860
1165
2995
2961
3022
3029
324
2862
3004
3010
2998
2987
2340
2980
3008
3016
650
3007
2991
3009
2983
2985
3012
2997
3075
2991
2449
3022
2980
2997
2983
2955
2983
745
2993
2997
2998
3023
2990
3020
3025
3028
3013
3013
2999
2988
2974
3025
2972
2465
3005
3009
3004
3038
2997
498
3001
3009
3026
2948
2988
3060
2963
3004
244
3018
3048
2996
2981
2343
166
2991
3003
2996
3037
3002
3021
3036
2960
2973
3005
2987
2983
3001
3000
3028
3013
692
2971
2994
2989
3005
3023
3015
3018
3031
3018
2948
3007
3015
2966
2779
3015
2988
3042
3000
3046
3028
2975
1991
3034
3017
2997
2999
3015
3017
2996
2249
2979
3002
1562
3005
2975
3046
3028
2091
3012
2898
3002
2989
2981
3024
2989
2947
3019
3031
3014
3034
588
3029
2565
2991
2998
2928
3024
827
2990
3063
3010
2985
3003
3008
2852
3023
2995
3019
3015
2963
2997
2987
2985
3003
2997
2789
3039
2999
2872
3003
3021
591
3012
2985
3004
2102
2990
3013
3002
3035
2986
3084
3032
3006
3003
3006
2986
3008
3037
2974
2659
2989
3028
2988
2990
3024
1400
3011
3016
3031
2939
2980
2998
2978
2975
2998
2981
3002
2989
2973
3001
779
3013
2980
3097
2979
2957
2266
3009
2987
2985
3027
3001
2984
2959
3002
3027
3007
3034
3016
3003
2929
3002
2987
2993
3000
3033
3015
2988
2963
3038
3001
3017
3027
2982
2948
2995
3000
3011
2818
2470
2996
3005
3013
3010
2754
3007
2950
2996
3002
2995
3001
2996
2987
3022
2972
3003
2980
2282
2992
1183
2994
2959
3040
3011
3009
2998
3006
2873
2205
336
2997
2815
1033
3018
2997
2604
2965
2975
2945
2092
3023
3003
3041
2995
2998
2999
2795
2995
2991
3063
3029
2741
3006
3041
2996
2968
3018
3029
2976
2994
3024
2990
2985
2328
2978
1954
3051
3013
445
2650
3028
3016
2470
2724
2959
2603
2958
752
3021
2978
3025
2987
3009
3013
3011
3004
2795
3035
3022
2956
2993
3014
3008
3016
3022
2950
3046
2990
2986
3008
3011
2991
3022
3001
3009
2991
2775
3011
3034
2988
2984
3011
2986
2966
2997
3005
3024
3093
3029
3025
2964
3019
3025
3020
3009
3016
3034
2970
2994
2976
2985
3023
2797
955
3000
3034
116
2988
2942
3021
3021
3013
3045
2998
3007
3018
3018
2978
2980
2996
3016
3005
3014
3024
3025
2981
3012
2985
2971
3035
3040
3012
3001
3009
2978
3007
3008
3009
3001
3032
3040
3011
2984
3002
1644
2996
938
3004
2983
705
165
2987
2981
3011
450
2517
3019
3009
2999
3012
3033
2966
3036
3038
134
2972
3019
3009
3000
2978
3008
3007
2999
2999
3019
3029
2979
3011
2919
3016
3000
3008
3030
1973
3008
3017
2753
2994
3000
695
2961
2979
2975
3039
3018
3023
629
3027
3020
891
208
3029
3013
2999
3015
2994
3007
2995
3025
2985
2987
2968
3041
2991
2977
3002
2729
3030
2952
2719
3006
2983
2998
2985
3009
3007
1661
3038
772
3023
2996
3014
3018
213
3006
3017
2968
2795
2107
3022
2981
2951
3004
308
3002
2867
3000
3004
2983
2986
2968
2993
1611
2961
150
3008
3030
2991
2988
2990
3001
3038
3037
3004
2909
2977
3010
3017
3001
1399
2998
3004
3004
2987
581
3014
3012
2981
3017
2998
2959
2990
3040
3027
3003
3019
2999
3016
3048
2998
3033
3009
3017
2707
1164
2984
3004
2951
2994
1028
2992
3036
1684
3012
2965
3024
3005
3046
3040
3001
2987
2966
2927
2708
2979
2982
3032
2953
2978
3042
3006
3001
3011
3025
592
3015
2998
2999
2247
2995
2933
2928
3002
2994
3016
3015
2986
2997
2995
2635
2945
2855
711
2975
2991
2994
3013
3022
2996
3027
136
2996
2959
3090
2990
3002
2989
3025
3008
2807
3000
2977
2976
472
3019
3000
1684
2990
3000
2956
3001
3000
2996
3043
2980
3038
1837
3000
2985
3006
331
3005
2390
3024
2981
2209
3011
3014
3036
3009
2996
3013
2976
3000
3006
3014
3016
1385
3047
3015
2976
3002
2985
2991
3009
2996
2980
2754
2995
2986
1170
2974
3023
2979
3038
3016
3011
2994
2998
3036
1891
2904
792
2999
3038
2975
3021
3008
1319
3032
2989
2993
887
2997
2980
3022
3018
3010
3002
2990
3015
3037
3036
3004
2975
2925
3006
3015
2980
3021
2996
3040
3054
886
3029
2243
3014
3033
3026
3013
3048
3021
3014
3015
3007
2958
3005
2961
2989
2982
3011
2962
2975
3008
234
2991
2941
2985
3020
3002
3022
3011
2993
3011
2988
2990
2945
2954
2583
2980
3034
3024
2922
3011
2983
2982
2947
3014
3014
3015
2966
2912
3037
2969
2964
136
859
2982
3019
3031
3018
2994
3038
2988
3021
3038
3007
3055
3022
2997
2986
2981
3011
2974
2978
3003
2914
2984
3012
2998
3018
3030
3028
2922
3011
3005
3070
2982
3024
3023
247
2976
3036
3008
3022
2990
982
3011
1547
3016
3040
3009
1409
2906
3023
3093
2907
2999
3016
3051
1300
2990
2927
3018
2986
2963
3010
3014
3004
3016
3029
2993
2913
3001
2950
2986
3004
2997
3022
2959
2993
2967
3044
3012
3008
3005
3023
2991
3028
3004
3012
3011
3016
3024
2304
2454
2896
2991
3025
3077
3000
3025
3001
3001
3000
3012
2969
3020
2343
3053
3003
2980
213
2720
3009
3018
3013
2981
3006
2773
2720
2999
3002
2997
2991
2964
2990
3034
3001
2971
3008
3001
2994
1528
2206
2976
2908
2983
2999
2983
1081
3010
2985
2979
2983
2954
2797
2991
628
3017
3011
2996
3004
3003
3033
3002
3006
3036
2987
3000
2990
3007
2989
2999
3008
3008
3016
3011
2996
3009
414
2918
2982
1418
1876
3005
2951
3000
3024
3026
2974
3007
3025
2623
3007
2976
2967
3007
3007
3013
1557
3001
3018
3022
541
211
2939
3022
3010
3023
2964
2662
3031
2985
3008
2955
3021
3024
2979
2983
3011
298
2851
1727
2985
2975
3001
3011
3037
2982
3026
1863
2982
345
3013
1876
3036
2983
3000
2976
3005
3013
2996
3010
715
3003
3025
2968
3003
732
3019
2998
3017
3018
2971
2821
2419
2991
705
2995
3019
2974
3047
3002
2995
2838
2985
2991
3036
2991
3022
3012
3007
2975
3012
2978
2685
2992
3011
2872
3007
2988
2986
2460
3016
2992
3010
2974
2926
3003
2969
3039
3017
3006
3077
3002
1230
3018
2978
3014
3006
3021
2971
2983
3002
2983
2994
3002
3014
3023
2983
3048
3004
3026
3009
2990
174
3015
2437
3000
3003
3008
3025
3006
2953
3060
2978
3014
3001
2990
2991
2999
2982
2978
2992
2763
3016
2971
2949
2966
3011
2952
3006
3017
3005
479
3007
3007
3064
2997
1452
3001
3016
2974
2984
2994
1914
3004
3005
957
2999
3000
3013
2989
3000
3007
2122
2993
2968
3001
2979
2998
3013
3002
2981
2989
2968
3007
2962
3007
2996
3037
3027
3033
519
3016
3014
1635
2960
2981
2991
3003
3018
2981
3014
3012
2998
3025
3000
2970
3030
2968
2972
2977
3000
2973
3018
366
2956
722
3008
3043
3010
3005
2982
3017
2972
3018
2999
2986
2956
2996
2821
2921
2999
2994
2980
3012
2961
3030
1029
310
2985
2985
3002
2980
2997
3005
2967
2917
2973
2825
3012
3028
2992
3013
1015
3020
3028
3024
2964
3021
3023
2986
3006
2992
3058
3006
1124
2945
2992
3000
3022
3010
3001
3031
3022
3015
2853
3005
3014
3001
3023
3042
2977
3038
3001
2980
2988
2863
2983
3014
3011
3024
3017
3013
3004
3004
2181
2987
3007
2985
3000
2994
3001
2984
2994
2750
3005
3015
3019
3022
2939
3006
3010
3027
3012
2999
2998
3003
3024
3023
2981
3022
2052
3001
2995
3008
2959
2991
2991
2986
2992
3022
2962
3009
2989
2981
3017
2983
2984
3031
3068
2991
3034
2996
3000
2848
3053
2203
3009
2979
3008
2997
2456
1936
2988
443
3000
2994
2975
2999
2980
3000
3012
3008
3035
3030
3016
2999
2992
3022
3022
2924
2977
545
2990
3038
2991
3029
3042
2985
2995
1822
2985
3011
3204
3008
2989
2935
2997
2992
2993
2460
2983
1226
2994
3044
2982
2975
3011
3009
2972
3034
3059
3004
2971
3021
2998
3013
3032
2999
2987
3066
2965
3043
3007
2995
3004
2942
3016
3003
3015
3018
426
3010
3006
2959
3018
3078
3007
3005
2997
3041
3008
2928
3020
3025
2989
2988
2996
2997
3024
2966
3028
2998
3023
3005
971
2993
2945
135
3007
2990
2972
2895
3018
3013
3032
3015
2974
211
2998
3026
2926
3001
916
1968
3028
3028
2974
3045
2996
1752
2981
2999
3000
3015
3047
3032
2992
3007
779
3033
3037
785
2994
2985
2900
3016
1768
2978
2984
2201
3010
3024
3079
3020
3017
260
3052
3040
3015
3026
2995
3060
2833
2995
3025
3006
3004
2995
3034
3016
3001
2974
2685
2971
2962
2989
3010
2233
3049
3050
3020
2997
3001
2977
2977
3013
2972
2996
2934
2994
2967
2963
3003
2965
3027
2991
3006
3008
2956
3028
3039
3026
3034
3010
2767
2997
2997
3016
2979
2959
3024
2994
3000
3007
2902
3018
3011
1059
2691
2914
2993
3028
3048
3029
3025
3040
189
2982
1375
2980
3025
2980
2998
2959
3014
3006
2979
2950
2975
2989
3021
2945
2416
3045
2995
3008
3021
3004
2985
3027
3008
3000
2998
2989
3005
3014
2980
2993
3026
3017
2968
2972
2977
2999
2992
3026
3012
2974
2679
2983
3005
2993
3020
3019
2976
2948
2998
2985
2680
2999
3018
2560
3031
3014
2907
2686
3044
2993
2999
3032
3000
3001
3034
3019
2979
242
3009
3007
3009
2959
3004
3035
3031
3013
3017
2995
3040
2990
3026
2992
2224
2967
3017
2974
3000
2959
3001
2975
3001
2967
2978
3100
3019
2993
2976
3006
2983
3027
2985
3051
3086
3010
1697
1924
966
3022
2987
3020
579
1736
2995
3018
2999
2989
2993
1883
2998
3031
911
2474
3025
2991
2963
3010
2941
2953
2808
2996
3009
2922
2992
3015
2952
3076
3009
2992
3003
3012
3021
2924
2976
2987
2960
2982
3037
3027
3027
3006
2991
2985
2933
3033
3019
2997
3090
2987
661
2999
3028
3019
2976
3038
3017
2961
312
3078
2760
3034
2964
3018
2985
3035
2997
2990
2970
527
1920
1192
2996
3032
3028
2987
3015
3011
2983
2982
2991
2966
2862
547
2977
2899
2851
2952
3013
2976
3011
2995
3004
3000
3009
3008
2997
3030
2991
2986
2992
3020
2991
2961
2985
1149
2999
3001
3026
2978
2996
2967
3001
2996
3027
2994
3003
3027
3031
952
2972
1090
3003
3006
3006
3006
3015
2998
3032
2013
3001
3024
3000
3014
1583
2010
2996
2951
3013
3012
3028
3014
1809
2991
3002
3015
2988
3027
3037
3007
3030
3001
3007
3002
3003
3026
3020
3020
3025
3057
3009
2992
2989
2996
3015
3005
2071
1749
3015
2938
3005
3026
3016
3007
3012
3010
3028
3077
3017
2985
2990
3011
3032
2995
3013
3003
2246
3007
1427
2653
2991
2975
2904
2994
3009
2962
1672
2606
2718
3004
2990
3001
3006
3004
2991
651
2959
2961
2989
3046
3007
3003
2130
2956
2998
3021
3024
3002
1378
3030
3005
2990
2962
2985
3016
2991
3002
2995
3040
3004
3004
3027
3006
2974
3017
3034
802
2812
2990
3005
2916
2988
3007
3007
1807
3029
3004
3007
3012
2971
2992
3002
2998
2452
2986
3014
3004
3012
2998
139
243
2963
3015
3022
3008
3003
3015
2943
3048
3007
2980
3005
3005
3063
2988
2981
2477
3057
221
3016
2889
3025
3039
3000
2989
3011
2921
3009
2976
3016
2935
2979
3017
2298
2638
179
3012
3009
3046
3013
2974
2964
2987
355
3014
2988
2996
2959
2918
3012
3028
2997
3000
686
3021
2999
3041
3012
120
2992
2986
2991
2943
2994
2922
3016
540
2658
621
2983
2998
3024
3008
3030
2991
3059
3002
3000
2970
189
3001
969
3030
2986
3003
2943
3027
3000
3023
3031
3032
3029
3053
3033
2963
3011
955
2989
2981
3007
2994
3011
3046
2996
3001
2999
2977
3010
3079
3000
2972
2981
2884
3018
3008
3006
3029
3000
3055
3010
3060
1841
3015
2980
2987
2994
2982
3049
2982
3041
2974
3007
2998
2960
2993
3014
3012
3047
2680
3007
2973
2898
2986
2975
2976
3002
3010
3009
3011
2986
2301
2968
3006
2982
2952
3013
2997
3031
3015
2960
3006
3017
2962
3011
3017
3017
2990
3002
2993
2978
2968
3000
3050
3048
3001
1801
2992
2995
246
3012
3082
2957
3023
2775
3030
2957
3023
3040
3019
3064
2990
3002
728
2568
3014
3029
2988
3011
2993
3059
2970
2981
143
2991
2982
2979
2667
2960
1170
2944
155
2957
2994
2756
3025
2981
3004
3027
3000
127
2998
3033
2990
3005
2978
3008
3014
3023
2967
3015
2996
2993
2997
3002
2955
2999
825
2990
3002
3028
2874
3014
3008
3035
3020
2997
2959
2752
2992
2311
2944
2928
2996
3009
3019
1576
2976
2705
2988
2945
3009
3031
3014
2992
3010
2820
233
2991
3049
3022
1419
2993
2978
2998
3022
2979
2960
3000
3068
3006
3025
3019
2317
3023
2993
2965
2994
3030
3011
2317
2997
3021
2981
2995
2319
3024
3043
3004
2973
3019
2466
3039
2982
2970
3023
2977
2974
3042
3001
166
2985
926
3021
2983
2985
2976
3026
3005
2983
212
3011
3007
2959
2973
3004
2992
3017
3006
3014
3006
796
1958
2100
3016
2948
3002
2980
754
2990
2967
2990
2883
2973
3042
3002
3038
3024
2998
3003
2978
2464
291
2877
267
2997
2092
2880
2645
3006
2998
3044
3018
2994
2996
3033
616
3005
3044
3013
3002
3003
2974
3006
2999
2987
2989
2979
3029
2995
2988
2982
3010
3003
2963
530
2945
3008
2996
3047
3001
3028
3029
3020
2975
121
2996
2978
1175
2861
3021
3015
3024
2981
3020
3014
2987
2978
3002
2989
3030
3011
2963
2994
2963
3034
3013
2983
2993
2974
2254
3019
2990
259
2993
3018
3011
2998
3048
3009
3028
3015
2993
3014
3014
350
2487
2996
3026
3001
2994
3019
3000
3021
1305
3003
3018
3002
2996
3041
2996
2988
3009
3001
312
3034
3022
3038
2855
3012
3022
3015
3015
3042
3022
3008
784
2992
3027
2544
2997
3015
2019
2918
3034
2991
2981
2931
2998
2999
723
2991
2995
2974
1143
3049
3022
834
2969
3004
2991
986
2967
2982
2997
2992
2981
3021
3007
1787
2996
2991
2993
3029
527
2972
3026
2986
3011
2999
3034
2974
2975
2991
3036
2972
3005
3018
811
2982
3004
2973
2982
2964
3032
3034
3035
2907
3021
3024
2992
3012
3002
3014
3025
2971
2982
3021
157
3018
2973
2995
3040
3069
3011
3002
2113
853
3016
3030
3024
2988
1068
2954
1289
2993
3012
3024
3007
2501
2957
3017
1822
2994
2989
3027
3054
133
2970
2973
3017
3020
3009
2975
3007
296
2998
3001
3002
2997
2977
3019
3020
2983
3016
2979
3013
3018
3037
3009
2989
1518
2838
3050
3046
3028
2964
2996
2996
3008
2987
3037
854
1412
3011
2995
3033
3018
3066
3002
3002
3023
2956
2994
2997
2698
927
2980
3001
2662
3066
3018
3002
330
2967
2991
3016
2994
2604
557
2254
3006
2993
3010
805
177
2943
3040
2989
3017
3016
3019
3000
2978
2994
3003
343
1621
2976
3019
1780
3029
2519
2955
2276
2952
2174
2981
3006
592
339
2970
2993
2988
3007
3000
3021
2983
2982
2971
2943
3008
3009
3037
3006
3012
3014
2962
3033
3040
3027
3009
3033
3036
2997
2984
3001
2978
335
2998
2990
3029
2840
3019
2962
3027
3011
2927
2977
3019
3015
3095
3018
2984
2992
3030
2954
3018
3028
3023
1886
3020
3031
2745
3017
3001
3013
674
2926
2988
1942
3011
3025
3000
2703
2973
3004
2963
2981
3000
3029
2989
2984
3035
3002
3014
3010
800
2969
3044
2973
1346
3044
2973
2979
2868
2373
3024
3002
3023
3016
3023
2987
3014
3035
2989
2974
2981
3004
2932
3019
2787
2994
2989
799
552
2997
3020
3023
2994
1821
2965
3015
2997
2972
3018
2976
2167
3020
3039
2930
3001
1902
584
2995
3009
3014
2985
3075
1392
3003
3005
2824
3023
3002
2961
2986
3028
2527
3024
3000
3000
3003
2987
3008
3021
2999
2907
2973
3054
530
2960
3014
2994
3012
295
320
3006
3027
3014
3006
3014
2993
3097
3003
3010
2989
3010
3044
3012
3023
3028
3024
3020
3001
3041
3043
2991
3008
3019
2975
2994
3000
3018
3017
3030
2986
3006
2980
2967
2982
3011
2972
3002
3002
3002
2979
3006
2959
3000
2982
3014
3023
2987
3012
2987
3001
2081
3007
3021
2969
3012
3016
2977
2989
2999
3023
3019
3002
2985
2996
3001
2225
3003
2949
2992
2993
3012
2997
2997
2964
987
3064
3043
2981
3007
3017
2934
2944
2996
3030
2896
2878
2987
2990
3023
2959
3008
3022
2956
2999
2987
3062
3036
2954
2954
3006
2994
3027
2963
3023
2996
2987
2615
3002
3034
2961
2986
3022
2991
3001
2989
2976
3001
2993
3085
3002
2998
3015
2983
3035
2979
3001
1723
2815
2983
2998
3002
3009
2976
3041
3010
3009
2994
2991
3032
3011
3019
167
3016
3002
2970
2877
2987
3033
3029
3016
2034
2971
3002
3017
3023
3014
2999
2982
2961
2991
2994
1215
2987
3042
3055
2960
2994
2996
408
2959
3021
1299
3000
2927
3032
3006
2996
3004
3006
3015
3011
3005
3024
3014
2964
3012
2387
2992
3031
3025
808
2987
3009
2996
2442
2884
2952
1343
3005
652
885
2990
3036
3033
2994
2059
2977
2047
3011
3014
2991
2959
2968
3037
2999
2998
3030
2986
3056
2015
3023
2746
3035
1657
829
401
2945
565
2984
3040
3003
2977
3017
2997
3028
2045
2995
2988
3028
3005
3006
2103
2994
3012
3032
2887
2990
2984
3020
3027
3013
2978
2986
2973
3028
3004
3037
3007
2990
2979
3026
2969
3022
3024
3003
3037
2986
2462
2969
2997
2987
3034
1289
3013
3013
2971
3037
2998
3000
3018
2984
2832
407
3084
2993
3003
3058
2998
2997
3024
248
3023
2968
3018
3040
3027
2991
2853
2977
3000
3080
2976
268
3001
3037
3041
2998
2070
1375
2978
3001
3053
2989
2952
3022
1558
2979
2977
2949
2988
3008
3014
2958
2985
1383
2973
2019
2998
2989
2969
3022
3004
2624
2824
3011
2997
2985
2959
3055
287
3042
3013
2992
1770
3008
2616
2987
3045
3023
3011
3003
3027
2993
2997
2971
3019
178
3024
3048
2993
3043
3014
1617
3030
3012
3011
2997
2958
2905
3003
3025
2961
3006
3003
2972
2989
3059
3001
3004
2943
3018
2993
2976
3019
3024
3000
2974
3014
3038
3010
2988
3018
3031
1092
3012
3002
807
2985
1516
2455
3021
3003
3030
2980
780
2967
3000
3020
2982
3011
1880
2829
2976
3019
2960
3066
3018
2914
3029
3030
3023
3004
2987
3005
3002
2992
3072
3028
3012
2540
1300
3007
3054
2989
2982
3017
1574
2947
3014
3036
2584
2961
3000
679
3015
3009
2824
3001
2986
3018
2333
2992
3015
3017
3091
2194
3009
3008
2834
2991
3012
2977
2982
3033
2990
2222
2995
3030
2991
2973
3044
2480
3018
3065
2994
3000
2913
3002
3017
3017
3006
1416
2986
3018
3017
3009
3028
325
3016
2876
2046
1910
2991
3018
2991
3012
2956
2990
2945
455
2854
3018
3006
3014
2962
3023
3018
2999
2973
3011
2993
1130
3013
3024
2994
2958
3011
2686
1893
3001
2976
2038
2880
2990
3013
3008
3029
3045
3022
2874
2979
1635
2981
3003
3033
2997
3005
3025
207
3013
2992
886
2923
2968
2998
3019
386
3034
3006
3002
3025
2981
3032
3013
2988
3014
2991
2992
3031
2974
2963
3011
3008
3012
2115
2988
3000
3020
2988
1440
3209
3002
3037
2979
3030
3027
3002
3008
3018
2978
2924
2997
2997
2985
2990
1584
3014
3011
2988
2988
3015
2996
2974
2991
2983
1269
3018
3033
2975
2994
2963
2851
2979
2979
2962
2997
3000
2994
2996
947
2997
2974
2948
2982
3053
2995
3011
2992
3002
2990
3047
2995
2988
3031
2987
2995
838
2997
2985
3000
2691
2942
1978
3008
3007
2978
2213
3002
2996
2995
3006
2934
2992
3001
3012
2992
3016
2979
3000
3009
3016
3025
2969
2981
135
3021
3024
3017
2990
2988
3004
3014
2970
344
3006
3015
2999
2987
153
2956
3001
3012
3021
3084
2995
2230
3013
2973
3003
3002
3029
3011
3013
1704
2938
3012
1470
2937
3013
2995
2964
2914
2955
245
634
3013
3020
2978
3024
3002
3053
3012
860
2527
2680
1204
3021
2986
2980
2978
2992
2964
3027
3024
3012
2766
2987
3022
3008
3001
2979
1952
2979
3018
2999
2999
2949
2978
3015
520
3013
2932
3008
3010
2973
2673
2985
2993
2996
3001
883
3002
3036
417
3019
3014
3038
3000
2983
2976
765
2868
3013
2836
2955
3015
2984
3023
2994
2986
3009
1879
2999
2968
2789
2998
207
3004
539
3038
2877
2980
3007
3010
2976
2984
2995
3020
3024
595
289
3014
2962
3018
2987
3001
2992
3029
3073
3004
3017
2968
3019
3031
1715
2996
412
3055
2989
2955
2828
3032
1708
3009
3014
3007
3009
2992
3015
2999
2982
3002
1151
2967
3007
3001
3001
2959
3000
2998
179
3002
1053
3019
3022
2924
2980
3012
3005
3001
3017
3066
2995
3064
1337
2974
2982
2987
3003
2971
3000
2974
2986
2143
3021
2914
3007
2990
2785
3022
3012
3012
3007
718
3026
3011
2971
3026
2968
439
3029
3009
3020
3043
3016
3026
2335
2968
2135
3003
2982
3038
3015
2990
3004
2383
2988
3011
2144
3016
3018
3014
3036
3031
3004
3040
3007
3005
3023
2988
2994
2993
2990
3015
2984
3077
2995
3026
3020
3039
3035
2998
3007
3002
3020
3036
2970
2985
2968
3000
2996
3013
3022
2993
2967
3029
3020
2966
2916
2969
3006
2988
2986
2971
2985
2969
3037
3015
2985
2759
822
3093
3031
3012
3016
3012
3008
2941
2715
3043
2999
2989
3001
3004
3000
2998
3011
3023
3012
2992
3000
2992
3008
3017
2952
3013
2978
3026
3006
3017
3015
3027
2996
3014
3012
3020
3004
3031
2987
3008
2939
2082
2981
3000
3039
2983
1426
2990
408
2980
3040
3027
3000
1104
2996
2999
3002
3004
3025
2977
2989
2978
1815
2988
3013
2997
3010
3102
3021
2032
3017
3011
3008
253
2981
2993
2759
3028
3014
2728
2985
3011
3022
3012
2999
2986
2962
2693
3006
2862
2985
3025
1439
2994
3015
2998
2993
3006
3000
3015
3032
2265
2987
2980
2853
2991
3013
2988
3065
2993
2911
3060
2974
3017
3017
2984
3077
412
3020
3013
3007
2939
2994
2956
2983
2964
2958
3004
2982
2999
3014
2994
3002
2998
2992
3057
3019
2984
3009
2990
1714
2965
2986
1740
2970
2973
2984
3030
2987
3002
2987
3009
746
2982
2941
2971
1165
3003
2978
2954
2991
2934
3001
3036
614
139
3020
2935
3008
3036
2965
2967
3016
3015
3023
2965
2989
3011
3000
2983
3004
3028
2996
3010
2896
2948
3005
2857
2611
2998
2982
1095
1580
3017
2941
2984
3013
2962
2987
3001
3030
2114
3034
3023
3021
3007
3026
2979
3004
2968
3010
2982
3018
2986
2979
883
3038
2951
3008
3021
3021
1471
471
2966
3022
2997
3014
2963
3023
3008
3014
3007
3011
1240
3014
2010
3003
3018
3026
2992
2857
3025
3002
2985
2984
3052
3019
2978
2965
3047
2334
3016
1659
2997
3016
3007
2999
3024
2982
2962
3014
2986
2876
3014
2987
1747
2978
2987
3022
3024
2794
217
3005
3033
2973
3059
1534
2970
3025
2951
2964
2910
3012
2992
2999
3001
2971
2925
2980
2985
2977
3020
2989
2990
3021
2990
2999
2985
3004
3091
2998
3002
2992
1952
3008
3002
3010
3028
3000
3041
3008
2985
1675
2974
600
3003
2993
2977
2987
3041
2993
1392
2971
3018
2993
2999
2978
3003
2979
3036
2956
3002
3103
2813
3018
2997
2999
2994
3006
1706
3034
3011
2993
2963
2996
2850
3026
2956
3014
2921
2999
3004
3016
3002
2802
2992
3030
2801
3011
2963
3034
3016
3019
3026
2404
2996
2983
3008
2994
3014
2987
3042
3019
3017
2971
2991
2998
349
2985
2999
2835
2976
3046
3006
2971
2998
2990
2991
2994
2973
2915
2990
2956
1363
2991
2989
3031
1901
3018
3023
3009
3017
3026
3001
3003
2348
2998
2381
2969
3013
3027
3025
2405
2983
2987
3060
2965
3002
2980
3000
3014
2271
2967
2994
2991
3041
1735
3029
2982
3011
2972
2884
3046
3032
3003
3005
2991
2661
3062
3017
205
3037
939
3036
2996
2988
3041
2988
2997
2988
2995
2998
2974
3027
3007
2990
2991
2958
3013
3025
2976
3012
3025
3010
3036
3051
2999
179
2996
1537
2990
2988
3085
3033
3002
2326
3010
2961
927
3009
2956
1754
3020
3040
2996
3040
2039
3004
3064
2960
2993
2980
2140
3031
3009
2996
2969
3018
3034
3016
3031
2976
3022
2996
3016
2998
2999
3022
2999
2984
3016
3057
2989
2512
2966
3004
3015
2971
2970
3008
3029
2975
945
3004
2968
3021
753
2986
2984
3001
2992
2776
1720
3031
2973
2972
2895
2979
2982
2994
3036
2624
2989
2997
3074
2999
2992
2954
3013
3031
3031
2992
2983
3033
2874
2981
2996
3022
885
3026
3019
127
2971
2999
3060
2950
2588
2906
2974
3007
3016
3029
3033
149
3019
2030
3010
3024
2980
3014
2998
3035
2988
2964
3017
3048
3011
3040
3017
2977
2971
3028
3009
3008
3005
3008
2456
3028
3016
1479
2997
3011
754
3011
3079
3006
2939
2973
922
3031
3019
3020
3038
3009
2974
3063
1644
2992
1353
2522
3006
2940
3034
2989
2952
3025
2980
2995
3004
3037
3009
3057
3024
2951
3031
2965
3029
2997
3013
2975
3021
2969
2747
3000
3039
3011
2995
3004
3019
2971
3054
3036
2980
3001
3018
2977
2968
3011
3005
3003
571
2966
3052
2998
3017
2868
2936
266
3007
3001
3004
3001
3008
3004
3030
3020
2988
2419
3000
3001
3031
3032
3032
2574
3039
3038
3037
198
3005
3000
2989
3007
2960
2990
2960
3008
3014
3010
3014
3002
1628
3008
3017
2974
2979
3009
2964
2957
3003
3046
1933
2957
2963
3020
3037
3003
1409
2997
3005
2995
3055
3009
2924
2956
3013
2997
3032
3001
2996
3005
2958
2940
3023
2991
2930
3023
3001
3004
3010
2611
3004
2985
3008
3098
3001
2976
2928
2988
2984
2971
3004
1319
2985
2954
3002
2995
3023
2996
2984
3000
3009
3014
2418
3067
3005
3020
3010
2981
2923
2958
2998
2928
3020
3007
3038
3010
2220
3030
2998
2998
3031
3016
2987
3013
2930
3031
3032
3064
2993
2996
3014
2980
2721
2997
528
3020
3036
3000
3024
2202
2968
2979
3006
2974
3024
3004
2719
3009
2997
2991
3008
3003
2950
3042
2990
3008
3037
3017
3039
2986
3008
3033
2983
3020
3005
3047
2277
2882
3009
3038
2465
389
3012
3004
3023
2860
3026
2997
3000
2982
2661
2991
1135
2975
2991
3002
2956
3039
2991
2968
2996
3000
2952
2999
3035
2987
3016
3007
2988
3018
2989
2989
2976
2662
2985
3018
2987
3011
3033
3039
1425
2913
3059
2982
2999
2995
2996
2580
2973
2767
2806
2989
2721
705
2978
2967
3002
2986
3024
3012
3012
3025
3009
2990
2939
3018
2956
2947
2958
3017
3000
3030
3014
2984
3025
3041
3017
3011
2997
2972
2727
2965
1459
731
3018
860
2972
2995
3023
3010
210
3023
1193
2538
2846
2981
2980
3024
3035
3000
3032
2158
3025
3009
3027
338
3033
2990
727
3027
3014
2950
3071
3001
3006
2995
3033
3001
3028
2966
3005
2911
3011
2958
3026
2962
2990
2964
862
3024
2982
2983
3007
3003
2047
3044
3051
3000
3011
3045
2992
2959
3002
3012
2997
3031
2995
3012
3020
2905
2971
868
2996
3008
2969
3005
2905
2986
3009
2980
3025
2990
1921
2941
3005
3016
1884
2966
3004
2981
3004
2991
2993
3010
3012
3025
2955
2987
2997
3002
3005
2996
3021
2983
3008
463
3040
2985
3007
3008
2961
2977
2991
2994
2988
2985
3119
2983
3039
2985
1880
3005
2997
2936
2972
2993
2986
3032
2998
3045
3017
3032
867
1876
2983
3024
2987
3009
2971
1852
3017
3016
3018
2798
3004
3020
3009
2995
3014
3001
2952
2968
2964
2980
3001
2996
3004
2991
2903
3037
2959
3060
844
3016
371
3032
3005
1317
3003
2947
3009
2979
2870
328
1542
3000
2987
3035
3023
3046
3009
3033
3007
2981
3010
3022
3009
3075
2993
3016
2949
3025
3074
2999
3023
2978
3000
3021
2999
3040
3011
2992
3015
3033
2968
2989
3012
3007
703
2993
2944
3045
2962
3011
2543
2971
3016
2985
1955
3009
2967
2997
414
3098
2985
2962
2874
2509
3048
3032
2971
3008
3018
2970
2991
3031
2989
2990
2971
727
3000
2933
3023
2971
3024
2995
3000
3011
2986
3024
2958
2995
2980
3002
2994
2991
3008
1878
2948
3029
1068
2951
2985
2978
2978
3004
1088
2992
2987
2964
2991
2938
2989
2961
2959
3019
3004
3007
3012
3028
2984
3018
3010
2984
3010
3027
2963
3016
2998
3018
2974
2972
3002
3009
3025
2998
2996
3020
209
3006
2995
3017
2992
2986
3012
3017
3065
3010
3010
2785
2991
2990
3016
516
3060
3009
3005
993
3033
1924
3027
2997
3047
3028
3032
2984
2987
3031
2804
3007
3026
1692
2990
3029
3017
648
2991
2909
2995
3014
3015
2957
2969
2958
1049
3024
1078
2980
3007
3005
2995
2985
3038
3014
3010
2984
184
3042
3009
3012
2994
2966
2974
3015
3013
2991
2978
2191
3018
583
2992
2989
3051
3033
226
2935
2994
121
3029
3033
2981
3017
2999
1141
2934
3017
3045
2972
3011
3035
3004
2988
3029
3001
3020
1253
1390
2961
232
2962
2990
3022
3024
3015
1146
2953
3020
2961
2993
2953
3016
3025
2983
3025
3027
2999
2996
3000
3014
3013
3000
3013
3042
3033
2976
3000
2980
2985
2988
3031
2986
3031
3009
3016
3015
2957
2993
2801
1537
719
2537
3064
2990
3019
2987
1412
395
1155
3021
2102
3035
3000
2979
2980
3001
2985
3016
3023
2979
3027
2981
2997
3007
3009
3007
3042
3016
2980
3022
3032
2990
3041
3013
2987
3015
3009
2754
2991
3002
2877
2977
3018
3012
3031
2979
2976
2998
2996
2975
2977
1144
3005
2971
245
3022
2995
3031
3007
3008
2990
2992
1986
3022
2977
3011
3028
3027
3012
3023
2997
2986
2966
2966
2478
3025
3026
1060
2994
3017
1246
2983
3000
2981
2999
2968
1970
2936
419
3006
1451
3001
3076
3029
2993
2992
3014
3028
3027
3019
1346
1987
3020
3001
2998
177
2994
3016
3003
3010
3006
2985
2989
226
2568
2632
3038
3057
2996
3018
3007
3026
2980
2999
2984
2985
3000
3044
2994
2984
2960
2999
3014
3031
2883
3008
2974
2853
2575
2989
3022
3017
2967
1454
3010
3015
3024
2979
3041
2981
2358
2969
2995
3028
3021
3032
3027
3017
3000
2851
3000
2993
3015
2995
2887
3006
3015
3015
3018
1886
2962
3014
2964
3013
3017
1803
3022
3004
2984
3008
3007
3022
2991
2999
2872
2983
2890
2963
3088
2963
3028
2831
3015
3002
3036
3077
3069
3018
2981
3010
345
2995
2993
2984
1427
3026
3001
3004
2984
3016
500
3006
3028
537
1336
2990
3008
2957
3010
3003
2166
2848
2921
3038
3009
3006
2987
3035
3001
3041
3028
3002
3003
3029
2998
3007
3029
3010
2999
3000
2974
3014
2177
2997
2995
3013
2898
624
2764
2993
3018
709
2975
2996
822
3028
2992
2695
3038
3019
3007
3006
1571
2747
3018
3009
3000
2999
3017
2970
3015
2997
2514
2992
3024
3037
2917
1646
3040
3033
2481
3000
3006
2983
3016
2989
1561
2990
2973
3064
3011
2986
3026
134
2968
3022
2989
3027
3009
3022
2875
3017
3020
3041
1786
2988
159
2996
2967
3013
3002
2992
2995
2985
3011
3010
171
3000
3032
3016
2994
3019
3053
2995
2381
2998
3024
3036
3024
3006
3010
123
2995
2990
3015
1372
2965
3014
3029
1792
3014
2992
2984
3009
3011
2951
3017
2627
1046
3006
3004
3024
2990
3026
2377
2979
2959
3000
2710
3006
3002
2933
2979
2990
3028
3034
2981
3034
3011
2874
2582
2982
848
2963
3004
2996
2110
2001
3022
2986
2996
3008
2843
1035
2984
3006
629
1550
3049
3012
3015
3040
3034
3014
2999
2968
3023
3029
3007
2988
3016
2989
2993
2956
2937
2994
1571
2996
3014
3016
2978
3034
2544
3000
2839
2803
3004
3015
3038
3000
3013
3018
2995
3043
3009
3000
2979
3003
2988
2946
1130
3029
3010
3010
2893
3031
2963
3090
2961
2965
3040
3014
3004
2997
2933
2438
3036
3024
3018
2990
3020
2971
3004
2994
3035
2914
3022
2996
3013
2987
3073
3085
192
3231
2983
3002
2967
3000
3033
2944
2640
2939
2985
2759
2968
3020
3024
2647
2315
2975
3023
2531
3010
2994
2962
2945
3020
2977
3018
3044
2505
2998
2986
3012
3017
2948
3054
3003
3008
2926
3033
2993
3022
3045
2978
3027
1071
3031
3014
3026
3024
3017
3011
2968
3001
3042
3001
3007
3008
3021
3005
2997
2344
2982
2995
3019
3031
3003
2998
3022
2932
3015
2986
2981
2991
2988
3082
3028
3018
3039
2952
2997
2983
2108
3038
3037
2997
2997
3001
3044
3010
2537
2980
3000
2975
1409
613
2980
2967
2990
2978
3014
3016
808
2980
2986
2993
2962
3033
3005
3009
3017
2989
3030
719
3001
3007
3005
3007
2988
2974
3006
3030
2988
2955
2966
2992
2981
3004
3027
3041
2991
2985
2981
3012
2955
2962
2984
1615
3040
2951
533
3011
3016
3035
1833
2982
2980
3010
3005
2059
3047
3004
3002
2993
2992
3001
3039
3043
2978
3004
3046
2303
2987
3031
3032
154
3010
3019
3015
2991
2998
892
2993
3010
3003
3044
2976
2980
1805
232
2953
2982
3009
2994
3003
557
2796
2997
3001
3021
2974
2994
2991
2998
2980
3036
3026
3003
2971
3009
2985
2974
1210
3026
2987
2938
3011
2994
3049
3004
3009
2995
3044
3059
2966
1688
3026
3008
3005
3031
3004
2999
3021
2990
2986
3024
2961
3007
3021
3031
2991
2963
2985
3002
3018
2786
2965
3035
3049
2708
3026
2964
2997
3007
3007
2997
2394
1962
2248
3023
2926
2546
3029
2351
3083
3017
3036
2988
2989
2955
2870
3018
2980
3007
3103
3007
3027
2998
3005
2988
3012
3007
2960
2988
3012
2961
2956
2992
2995
2990
3003
2993
3034
2991
2921
2989
407
3000
2975
3002
177
3003
2986
3007
3029
2985
3014
1757
168
3019
2996
2956
548
2998
272
2955
635
2985
2986
2983
698
2990
3024
2967
150
3027
566
2999
2994
3027
2436
3000
2978
2989
2931
2989
3037
3011
143
3031
2991
2996
3011
3012
163
3018
3006
3012
2992
2907
3040
245
2980
204
3032
3001
2941
3001
3009
1339
2970
3020
2166
2966
2997
2992
2986
3010
2991
3007
2988
3000
3034
2977
2975
3014
3007
2117
2994
2992
2995
3012
3046
3028
3027
3022
3006
3045
3016
2954
2986
3022
2998
2969
3022
144
3025
3000
2917
2863
2985
3009
2982
2994
2988
2952
2989
3036
3013
2994
2979
3033
3041
3013
127
2607
3037
2988
2985
3000
2953
2994
3002
2985
2977
2693
3007
3012
2462
2964
3021
3035
3018
2992
3021
1929
2983
1807
3021
3034
3013
3001
2959
3017
2992
3010
2991
2987
3009
2992
3007
3022
1213
3058
3005
2995
1325
2973
2993
2971
3009
1170
3020
2988
199
3024
3002
3018
2926
353
3052
3036
2989
3037
3021
3017
1720
3025
2917
878
2998
2991
2969
3026
3016
3035
566
2998
2976
3022
2991
2997
2940
2850
2970
2984
2973
3026
2997
2016
3038
3004
2975
1830
3038
2867
1184
3034
3005
2991
2993
2978
1225
2948
3041
3008
2971
3028
3031
3022
2989
2975
2999
2990
2995
1675
3009
958
3019
2976
2981
2981
1508
3009
3025
2972
3043
2166
2013
2942
2981
3045
3007
3000
2656
3013
2994
2956
2703
2749
3011
2951
2972
2986
3059
830
3012
3015
2985
3011
3007
3003
3015
2979
2990
2930
2988
3003
3011
3013
3002
3052
3007
2992
2161
2999
2989
3003
2953
2997
3008
3023
3023
2769
3026
2770
2923
2966
3009
3038
3001
2971
330
1972
3008
3030
3017
3024
2994
2973
3017
3013
3003
2966
770
3098
3090
2995
2995
3044
2995
2987
3025
2997
3012
2995
3009
2959
3018
2987
3004
3002
3016
2771
2969
2993
1960
3012
3042
3001
2996
3047
2990
223
945
2900
2988
3003
3025
835
3028
2996
3007
2960
2980
1119
2829
3017
2992
3013
2967
3014
3011
1890
560
2990
3017
3021
3001
3006
2993
3061
2991
554
3032
2954
2610
2980
3034
2999
3009
3039
2980
3006
3000
3017
2981
2248
2996
3037
255
3011
3000
2971
2968
3031
2981
3006
2991
2962
3061
3025
2990
130
3003
3023
2966
1507
3016
1465
1635
3015
2834
3062
2999
3006
3030
2985
3030
3007
3003
3013
2293
2096
1534
3000
3027
2989
3014
2986
3008
3044
2962
3006
2982
3013
2980
2981
2722
3000
2165
2987
3013
3095
3063
2990
3056
2664
2271
3002
2971
3005
3025
2986
3013
3018
3006
2998
2966
3015
2984
3005
3003
3019
2993
2989
3012
2998
2965
3009
3006
3018
3010
3008
3008
2985
3015
2107
3012
2985
3010
3025
3024
3051
3019
2964
2983
3012
3003
2960
2999
2725
2976
3009
3010
3030
3040
3011
2947
3012
3021
674
3015
3020
2998
3008
3016
3016
131
2964
2976
3003
3041
3005
3029
3010
2964
3001
3015
2955
2991
3006
3022
2995
2949
3022
2998
3039
3019
2148
3015
3019
2978
2983
3034
3013
2976
3033
3014
2992
2845
2996
3041
3055
2947
3019
3010
2999
3026
2998
2864
2984
3035
2975
2969
3017
3024
481
3000
1090
3002
2963
3012
3013
3038
3009
3008
2984
2927
2983
2997
2992
2634
163
571
2987
2996
3025
513
1873
3000
2939
3086
2151
3041
3038
3031
3012
3001
2971
2992
3028
2982
2980
2989
3073
2996
2982
3006
3031
3030
1042
2761
299
2985
3010
3008
1063
3019
3026
1804
3012
2982
3001
2987
2983
3014
3024
2937
3017
2994
2986
2987
2952
2176
3019
3006
2984
2976
3013
3016
2974
2979
3018
2943
3014
3005
2996
2087
2982
3027
2980
2987
2973
3031
3013
1448
3008
3025
3009
3073
2968
2912
3005
2841
2879
2970
308
2994
1105
2991
3007
3015
3012
2970
3001
2993
2988
2994
2981
1990
543
213
2973
2936
3015
2979
3024
3095
3054
3000
2992
3046
2995
3008
2979
2982
3008
3082
2072
2996
3039
2980
2950
2695
3018
2992
3001
3014
3005
3018
3025
2984
3014
3004
2964
2987
2852
3034
3004
207
2975
2996
489
2993
2970
3031
3019
3011
3051
606
3013
1154
3015
2899
515
3018
3020
3024
3024
3008
3002
3014
3012
3003
2990
3022
3002
2996
2997
2981
2993
3024
2976
3008
2969
2966
1199
422
3014
250
3040
3015
1783
1891
3031
3019
3038
3010
3028
3009
3016
2998
1304
2998
3006
2945
3023
2661
3021
2958
2990
3012
2820
2988
2993
2997
3004
3010
2989
3055
2997
2984
3081
1915
3022
2973
3032
3005
2693
3000
3007
2996
2905
3023
2987
3017
3006
2938
3003
209
3025
2994
3007
3021
3007
3027
3021
148
2982
3025
2985
3000
2998
3009
2992
1465
3015
2407
3006
2976
3022
3035
3026
2964
215
2981
2965
3000
3023
2930
1906
2986
2780
3019
3036
2950
2983
2993
2977
2999
3005
3005
3007
3010
2995
3008
3000
2999
2805
3010
3014
3010
2963
2313
2975
2999
2988
921
2986
2984
2945
2934
2629
2987
2355
3045
3009
2993
3011
2692
3012
2996
2971
3036
2994
3014
2963
2985
3043
2934
2992
3014
3007
2970
3002
3017
3006
3017
3001
3000
2966
3020
2003
2988
3017
493
1096
2979
3012
2982
2993
2993
2993
1371
3021
2973
3024
2616
3038
2996
3044
3005
3021
2989
3009
3014
2988
3006
3001
3033
2989
3031
2979
3056
3013
2984
3035
3033
2959
2811
2974
2988
2177
3007
2990
2826
3005
2970
2984
2938
3028
3004
276
3012
2991
2997
2935
2988
3019
3018
2970
2921
2999
291
2992
3000
2962
2982
3015
3063
3001
3007
2928
3011
2992
2963
3025
3000
1436
3043
2993
1989
3075
3005
1288
3027
224
3004
2978
2975
3022
2972
3030
2993
3020
2981
2962
2967
3017
3067
3002
2967
2983
821
3004
3030
2994
2979
2918
3007
3062
3002
3248
2990
2969
2988
3019
3021
3012
2995
2995
3013
3006
3008
2964
2975
3002
3036
3008
2657
3000
2996
3026
3002
3048
2925
3007
2977
3000
3011
3008
3003
2994
3017
2983
3022
2991
2985
3026
3004
2985
1475
562
2695
2990
3001
2890
2995
3012
3011
2995
2857
3026
3017
3015
3009
2966
3027
3008
151
2974
3021
1466
2992
2999
3019
2986
3013
2978
3004
2995
2979
3011
3015
197
2909
3010
3001
3008
2951
3013
3015
2998
2969
2262
2975
2999
2992
3004
2979
3034
3015
2964
2980
2966
2993
3025
3002
2996
3008
2998
3019
3033
2990
2994
2973
3008
2986
2990
3020
218
2188
2903
2918
2987
3017
3005
2999
2985
2976
1215
2975
909
2968
2834
3034
2969
545
2988
1739
2988
2953
3023
2977
3002
3009
3026
2975
3005
3016
1893
2955
3005
3023
145
3040
3015
2997
2048
2982
3034
3005
3006
2957
2999
2842
2800
2988
3009
2994
3001
3000
3022
3077
3014
3028
2992
3002
2990
745
3024
3007
152
3011
529
3019
2996
3018
3003
3018
2992
2105
2965
3030
3036
2992
2991
3016
2962
2973
3022
3008
2970
2831
2994
2999
3032
2982
3033
3018
3009
3042
194
3013
2971
3012
382
3022
3038
2987
2975
3009
3038
2995
2994
2987
2996
3002
2933
2900
2962
3006
3002
2998
2408
3015
2959
1265
3047
2959
2989
2980
2991
3040
3011
3007
2994
3011
3007
3020
2075
2975
2994
3011
2950
3007
1307
3018
3018
2968
2961
3009
3013
3028
3003
1632
2996
3006
3046
2990
3015
2924
3087
3012
2986
3017
2988
3008
3002
3001
3023
2976
3016
406
2994
3001
3014
2967
2993
2992
2971
3004
2985
2932
2999
3016
1131
2689
2756
2989
2944
2989
2977
3006
2986
2984
3017
2997
3014
3046
3006
2926
3065
2995
2998
3009
3032
2959
2964
2621
3001
3009
2998
2995
3014
2973
2991
2977
3037
3017
3014
2984
2989
3027
467
3001
665
2979
3013
3008
2997
2695
219
467
3006
3038
207
2849
2955
2397
2998
3012
2965
3007
3027
2964
2994
2996
2968
3013
3000
3001
2975
3002
2318
2960
2975
1922
3006
2996
3064
3017
2938
3000
2984
3005
2956
2998
2984
3004
3037
2959
3025
2556
3026
2979
2989
3016
2981
3012
3010
3003
3018
3053
2987
3016
2986
2995
3034
2988
3021
3006
2992
3044
3023
2993
2979
2321
3001
3004
3011
3003
3012
2992
3020
2990
3029
2881
3016
3027
1268
2512
3001
3005
3003
2999
3015
1589
3012
2996
3018
3023
3013
1413
2994
2998
3014
2992
3012
2976
2990
2826
2976
3003
3053
3009
2839
3005
1739
3007
3026
2990
2983
3000
3036
3007
2765
3025
2983
2992
2274
3017
3075
2974
2492
3001
2970
2958
3018
3035
2981
2983
2962
3020
3020
2981
2965
2938
808
3008
3013
3018
3003
135
2988
3000
2992
2180
3018
3022
3035
2948
2988
2435
3001
3037
3009
2978
3017
485
3005
3031
3010
3057
2984
3014
3042
3007
3018
2942
3000
3045
3031
2970
3027
2864
3008
2989
3033
2979
2965
382
3028
3009
2986
3023
3004
3025
2963
3050
3032
3044
2988
2989
3006
3006
3016
3020
2465
3025
2990
3018
2982
3007
2970
3020
769
3020
3000
1161
3004
3003
3028
3008
703
3013
2985
3011
3004
2992
2930
3032
3011
2981
3013
283
2980
2969
2987
2990
3011
2976
2397
2997
3006
1681
3040
3020
2998
3014
2974
2997
2775
3004
898
2986
2984
2888
3012
3019
2995
3001
3009
3012
2964
2977
3023
3047
3000
2995
3013
2986
3022
3017
3000
2775
2801
2978
2997
2823
3000
3016
3016
2999
3004
2998
3017
3031
3012
3028
3006
3026
2581
3016
833
3020
429
3008
982
3018
3015
3005
3000
2864
2969
3004
2984
2994
1696
2972
2889
2499
2980
2982
2958
3040
3001
2948
2305
3020
3090
3030
2970
2949
2982
3015
2993
3064
3060
2960
3006
2146
3012
2997
3040
2220
3022
3018
3008
3017
3028
2969
2994
2999
947
3040
3011
3003
2912
3005
1245
2967
1235
488
1181
3012
3015
2326
2366
2992
3053
3029
2858
2959
3010
2975
2988
2959
2977
2987
266
166
3033
3027
