3013
3001
128
2981
3028
297
3030
3016
3003
3007
3041
2996
3012
2997
3028
2977
1535
3035
3005
2910
3000
2997
2105
2738
3018
3027
3010
3032
154
2998
2988
3032
2983
3023
2125
3011
2493
3019
3008
3001
2989
2994
2989
3003
2986
2998
2975
3010
3016
3039
2995
2980
2974
2990
3029
3020
3013
2988
3035
2989
3019
2412
3022
3018
3010
2998
2973
2996
3007
2984
2996
3037
3024
3037
3017
2997
3018
2994
3022
3004
3005
3010
3021
3046
3031
3037
3008
2961
2955
3022
3004
2988
2982
3028
3039
3011
2993
3007
3020
2981
2062
3047
3043
3022
3015
2995
3012
2996
3023
3000
1786
2999
2992
2843
2998
3010
3034
3035
3013
3029
198
2986
3020
2998
3008
3028
2659
3033
3025
3032
2981
3018
3011
3005
3025
350
2205
3033
2987
3009
3036
2994
122
3009
3039
3022
1714
3025
2987
3020
2990
3010
3006
184
3022
3013
3000
3010
2174
2991
3011
2987
3019
3063
2995
3028
3021
3025
3022
2975
2994
910
3030
3030
2980
3018
159
3034
3018
3011
2996
667
2984
3028
2984
3005
3024
3020
203
2987
611
2979
3001
261
2995
3028
2858
2999
2981
2987
2995
3047
3035
3016
3034
3039
3039
2995
2467
2976
3031
2593
3000
2982
3034
3016
2990
3005
3040
3015
3046
3005
2995
3022
3009
2991
2998
2630
3012
2996
3033
2954
2991
3002
3015
1937
3038
2988
3041
3005
2995
3013
133
3013
1311
2982
2955
2983
3042
2996
2534
2989
3033
3009
3035
2991
3001
3044
3003
2989
3010
2969
3017
2751
3015
3021
2970
3037
3051
3007
3001
3023
3003
3055
3036
3004
175
3033
2810
2994
3010
2999
3023
2968
2940
2990
3030
2991
2986
3015
2962
2965
2933
2990
2983
306
3010
2993
2994
2995
3034
2998
2985
3000
2995
3018
3010
3009
3011
3001
3018
2972
2885
1740
1717
3015
1534
1521
2965
2840
2999
3001
3000
2899
2949
2991
3006
3043
283
3014
3019
256
3013
3013
3014
3000
3024
3011
3003
2980
3011
3011
2971
3018
2745
3005
3057
3015
3027
185
3010
3003
864
3009
2978
3078
3026
2871
1710
3020
3027
3025
3037
2950
3005
3026
3007
3008
3014
2994
3035
3014
2981
3027
3016
3037
3005
3025
3018
3025
2988
3016
1160
3018
2975
3019
3013
3027
2980
3000
3013
3029
2997
3022
2988
2919
3030
2937
3015
3030
3013
3053
3047
3000
2995
3014
3016
2999
3004
3013
3028
2938
3006
3016
3031
2537
3026
3023
3012
3005
2982
3024
3018
3011
884
2995
3019
2991
2902
3017
2984
2972
1781
3030
2988
2989
2967
2989
3004
3007
3024
3011
2991
3026
3019
2978
1609
2998
3023
3031
3014
2999
1811
2958
3015
3015
2990
2889
3031
3000
2979
3034
3016
527
3045
2935
3031
3020
3039
3044
165
2990
2989
3011
3032
3006
3018
3017
3014
2191
2999
2995
3030
3018
3055
3021
2997
2960
3018
3020
2990
1549
3010
2975
3019
3017
2985
2960
3065
2813
1981
3029
3033
485
691
3020
2978
3024
2968
3007
2984
2952
944
3001
3020
2993
2989
3049
3010
132
3050
2966
2977
3015
2985
2989
3005
3018
3000
3030
1444
293
3020
3013
3029
2856
2998
2979
3036
3031
3034
3013
3000
3029
3031
3074
2995
1176
3036
826
2992
2982
3018
2996
2969
2996
3024
3037
3016
3018
3022
2991
2548
3009
3035
3001
2999
3001
3026
3005
2994
2275
3023
3047
2962
3036
2971
1323
3003
2977
2986
2974
2999
3030
2995
2982
2642
3002
2997
3031
2988
2997
3056
1111
3014
3027
2994
2974
206
2988
3086
3037
2988
3028
3040
2580
300
1313
3004
3021
2994
3001
3014
2205
2999
3026
3015
3030
2948
2999
2995
2429
153
2994
2993
3016
2463
3048
3011
2982
3000
3034
2969
3001
3055
3010
3005
3024
3021
2973
3005
3038
3002
2228
3014
3003
3030
2973
2996
2754
372
103
2989
2992
3025
2995
2990
2961
3017
3027
1078
3010
3002
3011
3088
538
2975
3021
3006
2988
3024
3004
2999
2992
2980
3014
598
3034
3035
2975
373
3056
2981
3035
3014
2995
2972
2975
3011
3022
1788
3012
2971
3020
2968
2998
3045
219
2995
3028
3034
3029
2974
3027
3013
3022
2986
3006
3029
3037
3012
3000
3010
2969
3026
1119
2969
3002
3030
3014
1446
3008
690
3029
3017
3006
2970
3004
1118
2959
3032
2992
3003
3005
2974
2999
3013
2986
2991
3012
3022
3016
2988
3027
3023
3016
3016
3018
2996
2979
2552
3029
3009
2996
2982
2397
2681
431
2976
2990
2987
2991
2991
3020
2606
3019
2988
3023
3016
2741
2997
3032
3015
1127
2994
94
555
3099
2983
3020
1748
2989
239
3030
3005
3001
3021
3006
3000
218
3014
3027
3011
3016
3034
3015
2974
2986
3029
3031
3013
3013
3082
3003
3004
3001
3006
2991
3027
3018
2979
2966
3006
3022
3024
3001
2985
3015
2971
2968
2991
3030
3028
2069
2413
3033
3010
2987
2999
2996
3015
2967
3024
3014
2655
3004
1952
103
3030
3006
2992
3012
3030
2230
3013
2997
3046
3012
3010
2991
2999
3003
3041
1094
3023
2938
2998
3041
2986
3023
3026
3014
3003
3019
2948
3006
2967
2971
1087
3008
3017
2959
3015
2989
2543
3031
2740
3000
3035
3022
2893
2946
2752
3004
2986
2968
3024
2967
3015
3002
2944
2982
3005
2997
3013
2999
3007
3023
1651
3013
3041
2476
3014
3048
3018
3019
2541
3004
2970
2959
2991
3022
3008
3012
3083
3005
3018
3009
2987
3020
3018
3011
2623
2984
2987
2958
2998
3009
3009
2989
2995
2621
2571
2979
3020
125
2963
3005
3009
3006
3012
1214
1862
2959
3014
2980
3007
1844
2985
3015
3014
375
3013
2139
3027
2984
1744
2927
2967
2994
3006
3005
2994
2949
3002
3014
3012
2314
2982
2993
3030
3028
3007
3045
2993
3026
3030
3010
3025
3005
3021
3030
2996
2960
1123
2942
1117
3024
2437
2878
2982
2985
2982
3008
3031
3024
3011
2942
3018
2838
2878
3016
3024
1256
709
2994
2998
3000
3020
3019
3004
3037
2673
3000
834
3048
3010
2975
3032
3013
3012
2988
3003
3027
3016
3012
2984
3047
3000
3002
108
2998
3018
3000
3013
3001
2856
2987
2966
3023
3030
3000
2985
3004
3043
2987
2984
1675
3017
3006
3007
3031
3019
3023
3027
3013
3006
3042
987
2997
3040
2140
3027
112
2997
2974
3018
365
2957
3012
3014
3007
2998
3032
3012
3006
3013
2979
2182
3008
3051
3009
3003
3007
2979
370
3021
299
3008
3028
1137
3003
3015
3007
130
3009
3039
2979
3017
3034
2994
2356
2984
3013
3058
3022
818
3010
3023
3027
3007
2947
2971
3009
2966
3041
2962
3005
3011
3005
2030
3001
3058
3031
220
3023
3034
3016
2987
2987
3002
2993
3021
3024
2997
2999
3022
2981
2967
3022
3022
2960
3006
3074
2998
3017
3014
3020
2998
1026
3014
216
3001
1978
3003
3002
2809
1444
3008
3016
94
3051
3019
3000
3033
3016
3010
2996
2994
709
3018
3015
2993
3022
3019
2913
3107
3008
3019
3014
3012
3008
2994
602
3001
3021
2992
2959
3009
2997
2995
2999
2895
2962
3013
3019
2994
3058
2972
3029
2993
181
2993
2988
3014
2999
3005
3020
2990
2963
3033
3008
2972
3023
3010
3004
3028
2990
3036
3025
3010
154
3004
3006
2989
3028
2999
2667
2992
3019
3023
2717
2982
1391
2990
3008
100
2997
2869
2988
2976
1183
3001
3035
3023
2989
529
795
3012
3005
2755
3031
3000
2985
2489
3019
3021
3009
3033
536
2989
3008
3018
2932
3021
3014
2995
3022
3025
3021
3007
3014
1861
3033
269
3022
2987
3025
3004
3007
3015
3024
3003
3030
936
3000
2989
3022
2971
2943
3041
2934
3020
3038
3017
3055
3004
3020
2978
3000
3049
3023
2991
672
3034
3005
136
2983
293
3037
1361
2987
3002
3005
3029
3011
3008
3001
3024
3007
3040
3011
3035
3006
2988
3006
3006
3009
3010
3009
3051
2972
3023
3013
2989
3035
3000
2560
3032
3004
1542
3002
3010
3057
2996
3012
3025
2939
3014
3066
3017
3000
2990
3082
3034
379
2999
2962
3012
3086
2978
3008
3009
3030
3003
3028
3007
3015
3008
3004
2994
3006
2947
3024
3001
3013
3009
3036
3027
2993
400
3021
3007
2971
3025
2946
2989
3013
2989
1425
3034
3006
2998
3006
857
2993
3009
2958
2983
3006
2942
2963
3034
3022
2992
2992
3029
3020
3021
3002
511
3010
2998
3016
2993
2609
3016
2990
3018
3011
1580
2944
3031
3003
3020
3008
3034
3011
3016
1750
3016
3005
505
3043
3002
1464
3013
3015
2995
3029
3033
3000
2995
3022
2995
2905
3041
3035
3006
2976
2966
2993
2997
2993
3033
3019
2924
3033
2311
2998
1523
3038
3107
156
3009
2984
3027
3022
1437
92
3043
2856
2704
2993
2893
1865
142
3025
2967
2992
3006
3025
2997
2972
2728
3007
641
3020
2995
2951
2980
2967
3036
3017
3053
3008
3024
3023
3031
2989
3057
349
3000
3009
3016
2992
3028
2993
3010
3003
3039
3030
2989
3051
3000
696
2414
3014
3033
2977
2982
3017
2181
3016
3008
3032
2984
3078
3034
3043
3004
2974
3029
3011
3025
3022
3061
3000
129
2987
706
3028
2999
2580
3012
3015
2993
3030
3024
2544
3022
2997
3037
3001
3023
984
2969
3003
3022
3021
3018
187
3034
3024
3022
3008
2955
3019
2982
3001
3006
3000
1734
3001
2931
2056
3053
3052
2949
2985
3019
3024
3000
2999
3018
3088
3036
3006
3023
3023
3015
3007
2996
2995
3007
2881
2477
3017
1652
3000
3046
3008
3007
3013
149
3012
3004
3016
3096
2922
2991
3007
400
3014
3033
3001
2972
3001
2975
2957
3011
2995
1743
2962
2981
2987
3103
2995
3012
1496
3013
2985
171
3070
3005
677
3002
2966
2997
3013
3030
2952
2929
2992
141
3016
3015
3009
2991
2979
3027
287
3026
2950
2969
2998
3023
3021
3020
2999
2926
845
711
2997
3026
3019
3019
3010
2985
2998
1071
3012
3039
2997
3019
3019
3008
3004
3025
3031
3030
3006
3037
2904
3025
3012
751
2982
3004
3059
3037
2991
2987
3001
3006
2843
3001
3073
2999
3035
3022
3006
2957
3043
3018
2984
2984
2989
3006
2998
3019
3002
3023
2997
3031
969
3010
216
3008
3070
2984
3007
3003
3035
2559
3022
3027
3031
3016
2980
2384
2985
3022
3012
3012
2968
3024
3021
2934
2985
1079
3026
3016
3036
2730
2991
2986
2999
3013
3019
2995
2953
3035
3012
2992
3023
3000
125
3090
3027
3014
3011
3015
3019
3024
3004
2853
2050
3023
3005
3020
3008
3041
3014
2938
3009
2990
3021
2998
2984
2978
3001
3019
2913
3093
2977
3005
3002
3036
2316
3018
2961
3014
3026
2996
3022
3010
1240
3015
1829
2999
3003
3025
2917
3011
2990
3027
3006
3026
3003
3013
3014
322
3012
3005
2984
1399
503
3019
2952
2981
3003
3017
2614
2977
3016
2995
2940
2959
2996
2995
2955
3017
2984
1368
623
2931
2994
3022
3007
3029
752
3030
3018
3029
3023
3023
2991
3024
3002
3009
3029
3009
3011
3013
3005
3011
3012
3027
3001
3003
3029
100
2996
3017
3016
3004
2966
3013
3013
3003
792
3016
1555
3005
3013
2903
509
3009
3028
3032
2986
2437
2979
3011
2957
2987
3013
3014
1114
537
2924
3039
3025
3034
3017
3015
3016
3008
3036
2949
3002
3024
2085
3023
1264
1082
2973
3009
2231
3011
2980
3016
2980
2966
2979
2851
3019
3019
3007
2982
120
3011
2980
3023
2997
3002
3003
3025
3015
3004
2978
3018
154
3001
2983
3001
1283
2976
3004
3015
3012
2998
827
3030
3018
2976
3029
2990
2975
372
3015
2981
3035
2935
3015
2984
3038
314
2977
2993
3017
3020
2997
3030
2993
3010
1328
1829
1289
3027
914
2990
2998
2995
3050
2834
3017
3034
3015
3021
3015
3020
3006
3023
3023
2990
2830
3001
2980
2270
2999
3032
267
3009
3010
3000
167
2713
2986
3038
3010
3028
251
2937
2979
3014
2999
2981
3005
2962
3022
2994
3018
2987
723
3017
3075
860
3021
2376
132
2993
3012
3002
3016
2979
3019
2990
3004
3005
2993
3014
2996
3016
2965
2984
3010
2989
3033
3056
1625
3011
2989
2935
3019
2985
2995
2996
3005
133
1608
3008
3028
2984
3022
2997
1732
2963
3001
2888
2264
3008
2985
2967
3009
3002
3043
2997
3004
2221
3015
3017
3006
3004
2995
2957
3016
3010
2994
3008
3002
3038
3020
3069
2998
3007
3006
3048
3019
2808
3027
3027
3020
3015
2970
3022
3045
3018
3015
3011
3006
3034
3005
3006
2981
2990
372
202
3012
3018
3026
2990
3022
3017
3034
3016
3032
3005
3010
3035
109
2929
3034
3009
3005
3023
2730
2982
2953
2980
3046
3035
3007
2996
2977
3029
3027
2993
3011
2997
3006
3010
3022
3003
3008
2973
3008
2856
730
2807
2984
2996
3010
519
2730
459
2999
2868
3014
3009
314
3000
2987
2977
3043
2979
3007
1732
2979
3031
2980
468
3038
1940
2934
2982
3011
2300
3027
3022
2989
1468
2994
3037
3034
3022
2953
3004
2993
3036
3025
2987
2992
3027
3044
3005
3019
2125
3014
3013
3024
3030
2995
3001
2943
2999
3031
3034
2989
3017
2984
3011
2990
2993
2960
2990
421
2902
3030
3006
2991
3010
3020
3001
3030
3063
3034
2315
3002
3035
3012
2984
3009
3020
3081
2934
3006
3015
3028
3016
2949
3032
98
2652
2388
109
2992
2976
3101
2998
3013
3011
3020
2207
3013
3022
2994
2993
3010
2482
3027
2992
2996
2932
3012
2979
2982
978
3009
560
3000
3022
3016
3023
3039
2967
3013
157
1665
228
3010
3037
2897
3014
2951
2999
3038
500
3021
2992
3028
3008
2985
3054
3006
3008
267
3033
2982
2999
215
3034
2990
3007
2995
3001
3021
3020
3024
3042
3018
3017
3016
2983
2998
3023
2990
3012
3015
2998
3014
3037
3014
3021
567
2910
773
3003
2991
3022
2988
2986
3014
3010
3049
3006
2980
2521
2928
799
3020
3032
927
3009
3003
3041
3027
2949
3028
3018
3032
577
2999
2966
3081
2993
2993
3041
2997
3020
3025
3010
3024
2905
2997
2997
1932
3046
3016
3024
3006
3039
2993
3011
3025
3008
3059
2980
3020
3034
3044
2801
2990
2996
3016
2982
195
3013
3027
3030
3010
2994
3026
2992
3005
2947
2996
2189
2999
3021
2994
1653
3016
2997
3015
3032
3004
3026
3031
3034
3006
3030
2996
3012
3012
3016
3001
2999
3016
3038
3018
3019
2976
2973
2980
3008
2987
3000
2933
3008
3020
2386
2994
3015
2995
3024
2968
699
3008
3021
3019
1821
3011
3005
2993
3004
221
2989
2988
751
3012
2994
3015
2989
3078
98
3005
1099
2982
3013
3026
3043
3017
3004
3003
3003
400
2997
3010
2991
2937
2991
2983
3045
3013
3004
3013
2972
3038
3019
3016
2998
3017
3007
3020
3005
3058
573
3028
2995
3020
3015
2975
2974
3019
3001
3020
3018
3017
3027
523
3022
3022
2977
3020
2982
2991
3038
2986
2988
3013
3025
2067
3033
3013
3008
3002
3023
942
3004
3063
3030
3011
3014
2345
3013
3002
3010
3041
3022
92
3002
2993
3000
3020
3010
3016
2994
3024
3014
3010
2009
2992
3029
2782
3001
3005
3017
1577
2996
1843
2979
2989
3007
3006
2987
3011
3098
101
2849
2998
3019
3032
2794
3032
3031
3001
3004
2964
2991
3016
2960
3004
3009
2992
3006
2995
2985
2996
2994
2962
3011
3030
2965
2981
3012
2994
2235
2988
3021
2996
2297
2923
3015
3031
3010
2998
3010
3040
3029
2998
122
1186
3023
2771
3030
3004
2969
3009
3027
3040
3025
3014
3005
2434
3002
2988
2992
3015
3023
2969
3033
2992
3090
3071
3034
1996
2985
2881
3031
2610
2181
3017
3076
2921
3024
3022
3010
3017
3000
1240
3005
2999
3008
2970
2950
2946
773
2999
3010
3009
3013
2999
2962
3003
2984
3003
3037
2962
3035
2957
397
2988
3026
2366
3030
2438
3012
3035
2951
3002
2954
2128
2779
3002
2945
2973
2988
3022
3001
2999
2984
2978
3011
2999
3028
169
3056
3024
3012
3036
3017
3000
3021
3022
2964
3027
2164
3020
2821
1447
3022
2622
3003
2980
3097
2391
2982
3003
3016
2757
2990
2994
3006
3014
556
3007
2979
3034
3072
3026
2997
3018
2988
2999
3018
2998
3007
3012
3014
3016
2994
3028
759
3006
2270
3022
2994
3020
3015
2984
2958
2985
3038
3047
3001
1552
2999
2994
3055
565
3036
3012
3038
2996
3036
152
3027
3000
2984
2512
3017
2995
2552
3020
3017
3021
3014
3002
179
3002
2953
3012
2974
3019
3015
2458
3005
3014
2988
2986
622
3005
3035
2985
3000
3025
2975
3031
2962
3001
3017
1159
249
2997
2986
2957
2993
3016
2977
3085
3030
2147
2387
2971
2973
3029
3006
2990
3003
2988
2962
97
3020
3023
2977
3031
3008
2882
3026
3023
3005
3003
3006
3082
3022
2997
1665
2968
3031
3001
3010
3017
3037
1937
3015
3017
2997
2932
3021
397
3003
3004
3017
3005
3055
2955
3038
3017
2957
1751
3024
752
2551
2997
3028
3015
2977
2978
3005
3012
3014
3028
2994
2976
3000
3023
3043
3004
2978
3012
3001
3012
2978
3002
1028
2982
3014
2894
3017
146
3043
3014
3007
3023
3033
3016
2991
3040
100
3020
2999
3006
339
102
2999
3016
2966
109
2990
2948
3034
2978
3011
3029
2953
2004
3003
3009
2999
3012
3027
3014
3027
2996
3014
3016
3007
2973
2973
3027
3004
3025
2974
3048
2958
3011
2383
3000
3076
2980
3007
3001
3002
1511
3015
2261
2996
2867
3015
2993
2464
3038
1890
2550
1347
3043
3021
2591
2994
2650
3014
3003
3028
3016
3011
3017
3020
3008
1326
3024
1249
3005
3039
3009
2953
3013
3026
2979
3039
3021
3005
3008
3012
3030
3014
2373
3023
3008
3014
2994
3013
3011
3029
3029
3035
3009
2988
2989
2898
3006
3048
3017
3021
331
3032
3017
3061
3018
3022
2583
3096
3034
2996
3011
3011
2982
3017
2976
2987
3000
3013
3023
3000
2160
3019
3028
3016
458
2999
3003
3027
3021
3019
2999
3009
3028
3017
3000
3043
2931
3017
3034
2988
3008
3007
3002
2991
3010
2991
3048
3002
3015
3002
3044
2990
2975
2990
2996
3018
3011
2967
2942
1608
2975
2979
3015
2970
3019
3017
1815
3004
1286
3020
2704
2970
3010
3000
3010
102
846
2988
3005
3007
3031
3016
3007
2962
3012
2346
559
3013
3011
2985
303
2993
3022
3017
2960
2998
3024
2656
2994
3036
3001
3016
2999
3006
3008
2991
3013
2617
3036
3019
3030
3018
89
2289
3018
2984
3022
3032
3025
2988
3020
3001
2980
2999
2999
181
2983
3017
2994
2998
3017
3020
3007
2993
2995
3009
3006
3004
2960
3011
3004
3000
2990
2971
3016
2185
3006
3004
3005
3003
2983
3016
2999
2995
3011
3016
3012
3038
3028
141
3001
3011
2995
3013
3017
3034
3001
3010
895
982
3024
3024
3022
3038
3025
440
1579
3021
1320
3027
3027
3016
3001
2995
3042
3028
3006
3049
2999
2999
3001
347
3003
3044
3039
2978
3024
2990
3016
3001
2988
3019
3018
2995
3025
3017
3003
3013
746
183
3007
1016
3079
2606
3015
3032
3003
2975
3006
3013
135
2956
2987
2998
3011
3023
2721
3035
3000
2993
2923
2972
2923
2961
2985
3021
2620
3017
3011
2995
3040
3004
3001
3034
2961
3023
2991
3036
2856
3033
2988
2997
3011
3015
2683
3013
3023
3011
3010
2853
2977
3010
3009
3012
3013
3002
3015
143
2973
3010
3013
3008
3018
1049
3022
3024
1165
2997
3025
2986
3017
3011
3031
2999
3022
3001
3047
3043
3015
3014
2992
3033
405
2985
3032
761
3004
2992
3016
3011
1504
2994
2997
3008
645
485
3010
3024
3018
2997
3008
3023
3003
2966
3007
3029
2949
3008
2999
3024
3019
1550
2988
2995
317
2965
2972
2978
3035
3009
3023
3000
2996
2982
2997
3039
3024
3028
2975
3017
3014
2960
3045
2928
3019
2993
3013
3033
2990
2994
2990
3031
2984
3030
3023
2952
470
3019
3040
2966
2984
2095
2994
2997
3026
3043
1977
3003
2998
3029
1540
2993
2984
1442
3000
3010
3065
3026
3000
2981
3029
3006
2697
2839
2985
2995
3010
3012
1024
3015
3015
2978
3023
2996
3012
1297
3004
2991
2951
2759
2996
465
3019
3009
2972
2500
3030
2982
1987
2967
3015
2947
3015
3019
3024
3004
2934
2292
3009
3009
3010
3019
2976
3004
3012
3028
3002
3033
3045
3021
2954
3012
3049
3021
3033
3012
2997
102
3021
2988
2989
2985
3011
3025
189
2825
2974
2969
2987
800
3046
3002
2906
3048
3031
3006
3006
3007
2969
244
2959
3011
3018
2988
3019
3017
2141
2998
2998
3025
3008
2956
3001
3005
2991
2990
3021
2994
3014
2874
3024
3024
3017
1818
3001
3036
3013
3010
3034
3016
2986
3004
3084
210
3008
3021
3017
3044
2995
3007
1088
2996
395
3039
3017
2988
3018
3021
3000
3010
3016
3003
2995
2826
2929
3013
3028
3012
3003
2942
3025
3020
2981
3009
3017
3007
1745
2707
3003
1738
2642
3045
2997
493
3031
2730
2977
243
3021
2981
3034
3025
2998
3007
3001
3021
3035
2982
3005
3022
3028
110
3026
3042
2974
2957
2985
2996
3041
2994
3022
2952
3022
2959
2951
3044
3021
2971
2996
3008
2216
2949
2976
2330
3025
2990
3008
2930
2982
3018
3004
3003
2990
3019
2835
370
3012
3010
3006
3069
3011
2935
407
3037
3004
3021
2994
3019
3023
2982
3021
3017
3014
2985
3026
2960
3008
2988
2991
3040
2491
3038
2318
894
3026
2976
2961
3031
3024
2714
1730
2991
3025
3010
3016
3012
3016
3027
2990
3003
3006
3041
1369
2965
3012
3012
3001
2996
3028
3008
3019
3018
3022
3028
3003
3018
2997
2981
2993
3026
3008
3012
139
3027
3017
2265
2995
1223
3004
3014
3010
2994
2982
2985
3007
3014
3006
3012
3030
3012
2996
3002
3008
2985
2959
3016
3000
3020
3006
2930
197
3028
2986
3012
3019
3005
3003
2577
3056
3024
2755
2994
2976
2994
3045
3055
2980
2974
2984
3020
3003
3022
3011
278
3016
1774
2689
2994
2985
2977
3022
3029
2721
1581
2742
2917
3011
3019
3002
2960
3020
2990
3025
3011
2997
3021
466
3012
1032
3007
3000
1857
3002
3001
2983
3066
3016
2771
2985
3014
3041
3016
294
3001
2993
3092
3012
2306
2992
2978
751
2986
2952
2980
3022
167
3002
3010
3012
3021
3008
3022
2989
2988
2995
3024
3015
3014
3075
3025
2999
683
3030
3037
3014
3032
128
2970
2185
3014
2997
2954
3022
3012
3020
3006
3015
3008
3003
3031
2152
2998
3031
3023
2910
2933
757
3002
135
811
3040
3022
3037
1628
3021
3004
2993
3023
2973
3001
2977
2990
865
3011
2972
2953
3024
3028
2987
2982
3010
3004
1967
2997
1704
3082
2992
3042
3030
3018
1287
3022
2967
3005
2064
3000
2915
2987
3004
2983
3021
3012
3003
3031
3031
2596
3014
1624
2995
3029
2995
2963
3081
3047
3033
2968
3013
3009
3011
2989
2992
3014
3040
2984
1358
2164
2988
3023
2982
2999
3015
3009
3019
2978
3006
2995
3011
3016
307
3035
3000
3038
2995
2999
3010
3029
3018
2836
2987
2963
3027
3022
3002
3007
2990
3011
3014
2971
3057
1763
3009
3056
2993
3014
3016
3015
2998
3034
3006
2948
3030
3009
3031
3094
2990
2714
3036
2939
2963
2932
3018
996
3008
3009
2923
2985
3020
2949
649
3032
1658
2971
2996
3014
3022
3034
3002
3007
2980
3037
2993
3012
2978
89
3030
3000
2982
3021
3011
2996
2998
3047
1883
2189
2998
3014
3034
3016
3017
2998
2969
3012
3012
3007
3028
2970
3019
2984
3008
3030
3055
3018
3036
3017
3006
3009
3005
3006
3019
3016
668
3001
2511
3006
1836
3019
3006
3002
3020
2973
3003
2994
906
2978
3041
3033
2979
3008
3027
3006
3024
3018
3011
3002
2995
3000
2989
3011
3032
2988
3018
3027
2986
230
2998
2928
3010
3022
2841
3000
3012
2997
2978
3011
3007
121
3013
3013
2991
3018
3015
1203
3011
3019
2990
3011
3049
3021
3026
2978
2187
3041
2978
3009
3009
3008
3024
3005
3000
2959
3025
3088
3001
3010
2956
2974
2994
167
3028
2956
3014
3094
2998
2998
2954
2994
3013
3012
2976
3009
2975
92
3021
3019
2989
3033
87
3037
3007
3021
3002
3016
3010
2994
1322
3001
2962
3005
2957
2998
3017
3025
3026
1812
3025
2998
3041
3016
2947
2997
2981
3009
920
3003
3014
2959
3011
2977
2995
3006
594
3020
3008
3032
1433
2996
3034
2986
3029
3038
3022
3006
3023
3019
110
3027
3011
3016
2972
3006
485
3043
695
3023
3029
3008
3002
2998
3041
3033
3012
2944
3047
2884
2949
3022
3021
3031
2981
1750
3024
2996
3018
3020
3011
3021
3008
3042
3006
383
2981
3003
2999
2958
2989
3005
2993
2979
297
3017
2967
3022
3008
3018
3012
2950
2384
2441
3018
3028
3055
2957
3011
3025
3002
3009
2809
1012
2982
2927
2955
2993
2994
2980
3007
3001
3014
2979
3050
3013
2915
2987
3021
3010
3008
3033
3051
3012
3025
2978
3003
3029
3017
2988
3026
2527
3026
2993
3000
2997
3011
3010
3011
3027
3003
3008
3018
3034
3015
3010
3019
2950
3006
1678
3004
3019
3028
2981
1718
2976
3014
3005
2994
1206
3022
3016
2949
3013
2998
2998
3015
3012
3010
2153
3040
2998
2985
3024
3003
2988
2985
2999
3045
292
2996
3021
2994
3009
3010
3019
3015
1741
2999
3077
2995
3004
3024
2991
3011
2975
2975
3016
2989
301
3010
3008
3027
3013
2387
2998
3021
3041
3004
3008
2986
3013
3027
3014
3035
2975
3006
3022
3030
2618
3020
3012
2962
3016
3005
3006
3034
2976
2962
3023
3019
3035
470
156
3047
3001
2997
3017
2454
2994
3018
273
3016
3030
2957
3019
2981
3005
2970
3018
3047
2962
2980
3015
3016
3013
2842
1125
3011
2724
3026
2993
3008
2995
2987
2971
3003
2938
3006
2993
3045
1451
2913
564
112
3031
3038
3005
2999
2748
3000
2996
3030
2802
3012
3017
3024
1532
3013
3014
2996
3002
3023
3004
2997
3005
3018
2984
3017
2996
3003
2984
3021
3029
3022
320
2896
2962
3012
3024
3015
3006
3009
3009
2975
2996
3017
1681
3002
2013
3006
3002
2988
2986
2987
439
2975
3022
3006
3016
2983
3027
3028
2986
197
3011
3029
3027
3048
3012
3003
2962
3013
3032
3047
2979
3031
3022
2988
3004
108
3012
3008
3011
3036
2999
2997
2982
3020
2984
1236
3008
3001
2942
1483
3036
3010
3006
2996
2990
3003
852
3017
3002
917
2994
2995
2990
3025
3027
3001
3021
3012
3003
3011
2830
2987
1979
3037
3031
3008
3017
3012
3025
2981
3001
2981
3010
3026
2945
3027
2992
3016
3019
3027
3051
3016
3002
1460
3007
3012
3010
3008
3001
1150
2985
2602
2987
3018
2854
3015
3003
3027
3075
2996
3004
3020
2952
3011
3017
3010
2973
3016
3009
3009
2964
2975
2947
3033
3012
3029
2988
3019
2989
1689
3034
3034
2228
3030
3012
2988
3015
3005
3025
3015
2987
3004
3014
3027
3019
3001
3007
3005
2966
3012
2960
3022
3020
3012
2964
3029
3048
3013
3007
987
3009
3014
3012
2998
3022
3008
2995
3033
2993
3007
2995
2840
515
3006
2999
3004
3037
2968
3013
3028
2182
3036
3067
2994
3007
2991
3007
2993
2985
3014
2109
3021
136
2569
2996
2944
3019
672
520
2991
2970
3013
3036
3017
3021
3024
2988
3003
3004
3007
3008
3021
3048
1672
2951
2158
2994
3000
366
3031
3031
3021
3022
2116
2980
3002
2948
3020
3001
3021
2999
3017
3018
2966
3005
3034
3002
2755
3020
3007
1739
2995
3001
2990
3008
619
3003
3013
3026
3022
3019
3005
3011
3017
2989
3017
2283
2773
733
3026
2986
2967
2987
3045
2574
3029
2984
2968
2967
2393
3009
2993
2992
3073
3012
2999
378
3010
3016
2981
2994
2993
3022
3008
2996
3029
3009
3025
2943
3002
3002
2999
2994
2995
2973
3017
3044
2414
2984
2997
3032
2958
3018
3017
3024
3003
2984
2988
2981
3021
3003
3011
2964
3036
3018
3014
3035
2972
2984
1594
2994
2999
3032
2945
3003
3041
3025
3018
3033
3008
2997
2984
272
3027
2971
3037
2900
2128
3003
2996
3015
3005
3010
3086
378
2997
3009
3004
3006
2977
3014
3003
3086
3016
169
804
3040
2996
3025
2983
2975
2988
2997
3030
1854
3015
293
3021
817
2892
2989
3018
2129
3008
3006
2927
2579
3029
3009
2996
3020
3003
2974
2983
3018
3024
2999
3014
1013
118
512
2986
3004
3063
3035
3017
3056
3026
2996
426
3014
3007
3018
3008
2848
3031
3006
3025
3035
2997
1480
3022
1336
2920
3027
3028
372
2983
1340
2718
2996
3016
2984
3016
3025
3023
3023
2998
2974
2995
2783
2982
3024
3035
2989
2987
3018
3001
3068
3011
3028
1344
183
2991
2983
3010
3019
3005
3016
3022
3005
3009
2981
2990
2965
3003
3006
3007
2954
3028
429
2995
162
2962
2972
3019
3011
3024
3002
2997
1469
3007
3017
3022
3055
3021
306
2993
2955
2996
2999
2960
2980
3006
3012
2974
2995
3021
3006
2708
2977
3011
3033
3027
2968
3043
2967
3015
3003
3021
2983
2965
2999
3008
3008
3003
3016
2963
3009
3022
3035
3013
3093
3012
3000
3017
3067
3025
2987
3025
916
2999
2924
2596
3007
2994
2992
2968
3035
2995
3037
3019
3021
1391
3041
3019
3009
3012
2981
3009
2700
3022
2995
3020
538
3027
2880
3013
2055
3043
3027
2992
698
2437
2998
3013
3020
246
3003
3032
3021
927
240
2958
3018
3013
2390
3008
2987
936
3008
2991
3021
3018
245
3025
3008
3016
2946
3043
3005
2985
3024
3014
3011
2975
3034
3031
3006
3001
3032
794
2865
3035
3012
3020
3057
3014
3002
3001
3044
3012
923
2996
2986
3006
3005
3011
3019
3009
3010
3019
3054
3020
2975
3038
3009
1735
3011
2796
2952
2878
954
3024
2980
2214
3003
3012
1764
3040
3021
1335
3010
3010
2998
3019
2995
2998
3047
2990
2381
2859
3008
2435
3026
3032
3020
2982
2994
3005
3027
2986
3020
3023
3008
3011
2987
2957
3019
3075
2990
2985
2998
3010
2981
3035
750
3022
3005
3009
3004
3009
2991
2977
3016
3002
2896
2988
3066
2988
3027
3014
3028
3004
2639
3011
2982
3014
2972
3012
3075
3010
2277
2898
3001
3035
2984
1301
2986
2984
2997
2989
3023
3022
3018
2970
2976
3006
3038
3000
3008
3035
3036
2994
2998
3020
3000
3009
3024
2987
3027
3031
2975
3006
2987
3045
2886
3014
3019
2808
3017
2962
3101
3018
2850
3017
3010
2978
3034
2996
3007
3076
3020
3006
3006
2977
3012
3045
3036
663
2631
2046
3023
3022
2987
3014
1956
2990
3024
2969
101
3027
2992
2995
3007
3001
2996
3025
2980
1545
3015
2985
2980
2986
3002
3027
3005
3019
1974
2989
2982
3011
3023
3006
2976
2976
2999
3009
2993
724
3000
3012
3016
3015
2980
1265
934
3017
3035
176
3023
3019
3000
2987
3001
2999
3016
2992
3046
3028
3024
3021
2802
3018
2967
3021
2981
3016
3033
3026
409
3031
3036
3016
3009
2983
3013
3011
3015
2965
3024
3065
2992
3038
1419
3017
2980
1147
3015
3004
3024
3006
3021
3012
2990
2248
3021
3023
3010
3028
3078
3018
3033
3008
3019
2970
3017
3016
2617
3000
3026
2952
3016
2972
3038
3010
3003
1720
3045
3008
3033
2942
3012
2996
3027
3039
2522
3022
3016
2987
2953
2986
2990
114
2987
1254
2954
2604
3002
3023
3031
3030
2862
96
3031
3024
2994
3015
2962
2989
2985
3008
3009
2783
3016
2988
2975
2998
3007
2994
3013
2393
2992
3016
2989
3013
3000
3020
3019
3029
3018
584
3011
2998
2973
3011
2987
2998
3007
2996
3007
2896
3069
3021
3012
2994
3006
3055
2602
3007
180
2999
3032
3019
2957
2980
3011
2989
3033
3012
935
2984
3000
3011
3033
3029
940
3015
2211
3013
3024
3013
3011
3011
3019
3031
3017
3007
3013
3048
2999
2939
3056
2990
3012
3007
2933
2998
2999
3023
3015
558
2998
3006
3004
3006
3011
3046
3032
2934
2997
3005
994
2545
3000
3027
125
2987
2507
3015
3012
3019
3032
3025
3004
3002
3033
610
3031
3038
3003
3012
3032
3023
3001
3024
3020
3001
3011
2979
2963
3001
2975
2988
2953
2987
2983
3001
3006
3006
3010
3020
3008
3018
3015
3021
2992
2998
2975
3010
3042
3035
1179
3012
3002
2997
3041
3018
2992
3020
3023
3007
3028
3021
3013
1178
2726
2414
2992
2994
2999
3024
2966
3020
2998
3019
3062
3055
3008
3023
3016
3012
2969
3021
2989
3044
3008
428
3012
3041
3008
3042
2991
3035
3019
3007
3030
2988
574
2983
3008
3037
3017
2986
2810
3032
2962
3001
1465
2965
2970
3008
2833
1752
3011
2974
3026
3015
3000
168
3005
3049
3027
3021
3002
3019
327
3019
2989
2990
2989
3010
2989
2997
3029
3020
2973
2963
3004
2428
3006
3024
3039
2991
3005
3018
3016
3018
2952
3001
1551
3007
3003
1283
3007
3038
2938
3049
3035
2992
3010
3013
3004
3040
3075
3005
3014
3009
3001
2961
3057
3035
3014
3004
3034
3004
3028
3087
2997
2176
3011
3010
1992
3007
673
3008
2988
3027
2965
2991
3021
2981
2967
3005
3027
2996
3040
3012
3020
2975
3007
3020
2966
3007
2979
3019
3101
3010
2397
3029
3012
1029
2975
2961
3039
267
3013
3015
2951
2994
2988
3000
3025
3001
3002
2999
314
3006
3006
3024
3086
3007
2995
3008
2977
969
2983
2957
3014
3005
2978
3012
3023
2991
2718
3019
3011
3045
2998
126
2995
3014
3008
1660
2971
3018
165
2978
3038
3035
3028
3022
3004
2982
2991
3035
3009
3005
2974
2991
3032
3039
2971
556
2894
2999
3018
2901
2975
3000
3000
3040
3018
2997
3031
3005
3014
2852
3020
3007
2997
3018
3009
3042
2995
3017
3033
2515
3000
2947
3092
2975
2995
3021
2962
3023
3027
1019
3024
3005
2279
2999
2938
3023
228
2977
3038
2976
3025
2988
2783
3036
124
208
3003
3010
3049
3017
112
889
3010
2986
3012
2992
3014
3017
2978
3002
3015
3028
3022
3017
3000
2992
3027
2964
3079
2986
434
3024
3037
3017
3014
3016
3005
2992
3025
3027
3031
2998
3041
3022
3000
3037
3011
2984
2969
2997
3020
3003
3025
2918
3035
1932
2556
2990
3009
3017
237
3014
2999
3021
3007
2968
2992
3013
3019
2981
3020
3009
3032
349
3020
3015
3024
2995
2985
2995
441
3033
3006
3011
2994
2992
3005
251
2398
1550
2999
3038
3039
3011
2987
3022
2051
2840
2997
3006
277
2996
3024
3004
3028
3010
1580
3015
2958
2990
2989
3030
3024
3011
3011
3028
3010
2714
3020
2974
3010
3074
3005
2994
1829
3020
2953
2860
2690
3029
3003
3040
3005
2981
3001
3021
3010
3022
611
3009
2960
3018
97
3018
3012
3031
3013
3030
3025
2998
3030
3005
177
2988
2992
3094
3008
2987
2983
3011
3025
3008
3037
3029
3007
2987
2974
1444
3019
3011
2995
3023
3020
1141
3034
3006
3005
798
1966
3008
2989
1469
3030
2984
3002
3017
3026
3005
3011
3023
3000
2986
3021
161
3022
2303
3030
3012
3004
2947
3042
3020
3041
3003
2995
2986
3026
3007
3007
3012
3018
3027
2985
229
2967
3014
3001
2076
2985
3004
3021
2998
3007
118
3021
2992
3000
2178
3033
2983
2090
3005
3013
2997
3018
3017
3012
3042
2996
2816
2972
3009
1955
2701
2984
3010
3035
3030
3018
1792
2344
537
3020
1474
3013
3017
3010
3001
2970
3000
1615
3014
3014
3027
2193
3013
2968
3020
2995
3011
3034
2960
3015
3009
3010
3021
2999
862
2958
2995
3002
3028
2999
3111
524
3014
3022
2636
3020
3014
3018
3023
3017
2975
841
1666
3059
3024
2997
3005
2944
3029
2995
3013
3095
3000
2770
3017
3003
2799
2966
3041
3021
3029
2919
2886
3011
3016
3007
3019
2990
2946
3001
2992
3004
3031
3021
3015
3011
2981
3023
3015
3004
2985
3014
2996
3029
3011
3012
3005
2993
818
3009
3010
92
118
3032
3010
3003
2996
3007
3043
3047
2989
2921
2984
2981
2991
3022
3013
3042
2996
275
173
3028
3017
2989
3001
2993
2947
2654
2781
3008
3002
2972
3018
2998
3013
3013
2977
3009
2703
3010
3026
3027
2993
3011
3025
3003
1176
3005
3004
3014
2986
2977
2917
2735
3035
3012
2995
2844
3046
2992
2999
2996
3022
2996
3003
3013
3022
2979
3004
3003
114
3002
96
3006
3014
3014
3005
2994
2970
3014
3041
1632
2953
2949
3012
3022
3023
3029
3005
3001
2716
2978
3004
3026
2998
3040
2967
3017
3002
3005
3000
474
2766
2943
3087
3027
2986
3001
3010
3004
3004
3029
3012
3023
2999
3009
3002
2964
2991
2731
3011
3016
2995
2916
3021
2985
3015
3013
2524
787
3007
3017
2877
2970
3036
3010
3035
3017
3036
2971
2978
3010
2987
3011
2990
3017
3006
3027
469
2842
3002
3002
3011
3018
2977
3019
3005
2039
3000
2999
3008
3053
2917
770
1347
2940
3060
235
2994
3044
3021
2967
3027
2997
3002
3028
2984
3003
3008
3021
3035
2929
2990
3020
3007
3003
3012
728
3000
2995
2987
2995
141
3008
3090
3021
3035
3022
2999
3016
2976
3021
3017
3038
2962
2804
390
3019
3019
2932
3036
3012
3018
3003
2998
2663
3019
2998
3031
2976
1315
2996
3026
2988
3024
3021
3005
3028
3033
3005
2517
3013
2992
3043
2990
2974
2952
1317
3008
3040
3014
3017
3016
2193
3014
3029
3029
3001
3040
2975
3042
3003
3039
3012
176
3031
2985
3009
3038
2964
2999
1257
3018
3039
2883
567
3005
2398
3021
2977
3003
2999
2990
3016
2992
3089
3013
2979
3103
2998
2998
3012
3013
2934
2984
2986
3013
3009
323
3033
3009
3098
3016
3047
3038
3033
120
3040
1295
3038
389
3028
2984
2303
3038
2976
3033
2576
3014
3008
2999
3000
1690
2044
3015
3017
666
3033
3005
3002
2993
2990
3013
2999
2221
3031
3005
1658
2365
3006
2995
3012
3001
3030
2994
2986
3048
2965
3001
3010
3009
3004
3031
362
3025
2762
2990
3006
3014
2977
3024
3001
1202
2999
491
2985
2991
3021
3013
3021
3044
3026
3022
3024
3007
3018
2983
3086
2998
3018
2987
2954
3015
2765
3004
424
2867
3004
3016
2978
3063
2990
3012
3010
3001
1563
3009
3025
2982
3045
2543
3022
2953
256
3005
98
2966
2988
3023
2995
2989
3014
3023
3039
3027
2531
3016
2995
3011
3003
2980
2918
3010
3002
3007
3016
3014
1017
2972
3006
2980
2999
3038
2983
3011
3079
3079
2995
966
3025
282
3028
3029
3009
3023
2991
2997
3005
3040
3002
3016
3004
2998
2998
2993
2976
2988
3025
3006
2970
2986
2520
2986
2998
3001
3018
2971
2937
3028
3011
3016
3000
3013
3033
3012
3001
2996
3021
3005
2987
2878
234
2080
3036
3005
3021
3007
3050
3016
3034
3023
3013
3005
2997
3034
3004
2981
2982
2998
3033
2911
3060
2286
3008
157
3016
3006
2374
2760
3014
3003
628
3018
3002
3014
3024
3022
2968
3003
3021
3003
3031
3003
3043
3018
2998
3001
3027
3044
3016
2988
2984
3034
3018
3033
3002
3033
3036
3010
3011
2991
2991
3004
2780
3020
2997
884
3021
2978
3012
2966
2997
3030
3019
3016
2976
2803
2997
3011
2992
3012
3033
3006
2971
3019
2966
2993
3009
2978
987
3031
3045
2685
3032
3002
3020
2985
3033
118
3019
2973
3020
3006
2983
3036
3030
2985
2988
3014
3025
3012
2404
2870
3003
3028
3026
3021
3059
3010
3021
2966
3006
608
2805
3039
2935
3016
752
3001
3019
2970
3016
3070
2982
2989
3024
2883
3028
3006
3011
3047
3010
2998
102
2995
2994
3025
3031
3017
3015
3005
2983
2860
3021
2991
3028
3014
3019
3017
3012
3018
3037
3008
228
3044
3024
3039
3021
2979
2991
2976
3016
2992
3017
2992
1007
2994
2963
3002
2970
2962
3006
2979
1955
2890
3036
1721
2962
2996
2841
3018
3026
788
2925
3046
142
3029
3000
1849
3015
3026
2999
2992
3024
3039
3032
941
3023
1580
3021
3009
1964
3020
908
3006
1066
2990
3002
2993
1232
3006
3003
2962
3018
1128
2687
3090
3014
3002
3088
2988
668
2990
3015
3008
3013
1750
3006
3003
2982
190
3010
3039
3018
3000
3044
3013
3023
98
3018
2993
2776
3035
2981
2669
3065
3020
3039
2927
3060
3022
3001
3006
3013
2983
2984
3010
2987
2977
3033
3050
2986
1002
1929
3036
2977
3008
2949
829
3007
2991
3020
2998
3018
2998
3004
2972
3001
3008
3020
3020
3011
3011
3011
3017
3026
3061
3010
845
173
3029
2134
3005
644
3037
2965
3020
1455
2967
2994
2933
3027
3010
3011
2999
3041
2995
2989
3020
1726
3021
3014
2970
3021
2988
3012
2993
2994
202
2971
3019
3011
3009
2996
2956
2800
2986
2968
1953
3017
3012
3012
3012
2901
2996
2980
2981
2972
3037
3017
3010
3011
3033
3020
3029
2972
2631
3014
3049
3016
3011
2820
3046
2632
2183
1039
1371
2994
2982
3038
676
2972
2704
3020
2999
3023
3018
3010
2989
2992
2702
2990
3016
2177
2983
2964
3010
2996
2967
3011
3025
2975
2976
3014
3017
2943
3050
269
2998
3034
3023
1591
1755
3016
1734
2300
3006
2011
2995
2992
3016
2085
3058
3013
3071
3014
2494
3018
2974
3011
2993
2983
470
3021
2997
3008
3034
2999
3004
3032
2972
3000
852
3047
3006
3002
3009
2737
2993
3023
2988
2979
3055
3037
2021
3007
3006
3020
3023
3005
2042
3004
2104
3000
3000
3010
2995
2995
2972
3012
3019
2981
3021
3030
3021
1089
2988
3034
3003
1123
3017
3005
3003
3035
3029
2722
930
2984
3004
3022
3016
3012
2998
141
3021
2979
2994
2997
3036
3036
2967
3003
3023
3005
3003
3012
2855
2007
3014
3040
3006
3000
2990
2942
2961
2869
589
3006
3082
102
3003
2564
3038
2970
2140
3025
2977
3021
3018
1750
3012
2523
2951
2860
2981
281
3005
3030
2995
3000
721
3000
3016
3019
3021
2990
2995
126
2451
2708
2332
3060
2073
3011
1505
2979
2993
2998
1228
3005
2972
3034
2982
3023
3015
3008
2995
3013
1035
3018
3011
3025
3010
3103
3034
2903
3014
3042
2985
2996
3031
2976
3018
3013
2990
3006
3015
3033
3003
3022
3005
96
3011
3039
3023
3001
3017
3034
2876
3018
3014
3022
3056
3011
2970
3024
2998
2981
3027
2054
2941
2445
3002
3037
3004
3012
3026
3003
3033
3040
2941
2991
2187
3009
3014
2994
3017
3017
571
3020
627
3007
3018
2987
2992
2998
3017
3014
2983
3019
3022
2967
2985
3011
3000
2979
3023
3033
3036
3019
3033
3013
3007
3019
3000
2999
3033
3015
3014
3017
3045
2996
2953
2989
2987
3014
3013
3033
2993
3013
2956
3015
3032
2979
2295
2971
3026
3010
3031
3027
3008
2985
3037
3003
3012
800
135
3011
2918
2973
3003
3038
3017
2960
3020
3024
3004
3015
102
2985
2702
3017
1949
2995
3014
2973
3018
3019
2976
2815
3010
2976
2803
325
3025
2957
3026
3014
2731
3055
2983
3012
3000
2976
3045
3003
3036
1440
2249
3008
3007
3002
3020
2983
2982
3026
3007
3001
3031
3042
3006
3050
3041
2989
2963
3026
3031
143
133
3015
3007
3000
3030
3020
3023
3020
3006
3018
3031
2999
2991
1422
3014
2995
3036
3008
278
2998
2976
2990
3085
3022
3001
3011
3019
3021
2987
3018
3037
3017
3033
2100
3017
3024
3024
3012
3031
3004
2316
3008
2879
2344
2541
210
3007
2967
3010
3013
2981
2741
2557
2953
3008
3002
3076
3009
3008
3013
3023
3008
3007
2999
3015
3022
2999
1095
3013
3031
2965
3027
3041
117
2998
3019
114
3006
2973
3013
3018
2992
1364
3029
473
3017
2993
2942
3051
3008
3014
3003
3032
3034
2985
2998
3005
3004
3010
3011
3023
3021
2891
3010
2984
2907
3009
3020
2997
2973
2994
2966
179
3006
3004
2999
3002
2974
3038
3006
3016
3035
3000
3017
3042
529
3014
559
3013
3028
3005
3036
3036
3033
2989
3039
3020
3029
3008
1057
3015
2994
3019
3071
3032
2996
3020
2966
2592
2985
3009
3004
2982
3024
3017
3003
3002
3023
2971
389
3008
2978
3017
3048
2987
2986
3024
2908
3023
2986
3001
3025
3015
3013
2997
2987
2999
3014
3021
2985
1003
3001
3004
3001
3015
2994
2812
3003
3005
3012
713
2998
3023
3027
2969
3002
2999
3018
3010
3028
3028
2991
2974
3022
3003
3001
3018
987
3007
3003
2980
1957
3025
3018
3014
3033
3030
2987
3009
3003
3013
3021
3017
3017
3023
2994
2992
3017
3007
3030
2926
3009
3017
2987
3039
3025
3015
3022
2012
341
2996
748
3007
2985
3035
3013
3023
2983
3074
3000
