3003
944
1767
2963
2868
2985
3025
3052
2961
3001
2937
3009
3021
3036
2907
3012
3011
2942
3017
2993
3004
3010
3033
3010
3008
2827
3011
3017
3025
1885
3015
2989
3027
3020
3033
3021
3012
2958
2968
3009
3007
2999
3027
3021
2887
3036
3009
3028
3009
2980
2978
3035
2997
386
3029
3023
3044
1828
2954
2986
3024
2428
3000
1850
2893
3010
3051
2976
3014
546
2988
3018
232
2876
2976
3008
2980
3048
3023
3036
2999
3026
2989
3018
3006
3002
3005
3035
3023
3014
2994
2995
849
3026
3014
2979
2209
3046
3074
2974
3001
2207
3021
2936
2985
3005
172
3013
1324
2888
3019
2994
2921
3010
3031
2998
3002
2319
2999
728
3013
3036
3068
2947
3035
3026
1463
2997
3019
2980
3023
3010
3038
2903
3027
3002
3063
3014
3002
919
3000
3016
3031
942
3027
3010
3048
3043
2867
3025
652
3033
3050
3043
3002
3004
2868
3018
2998
3040
2972
711
3044
3040
3028
2531
3020
2968
3019
3040
3019
3039
3036
3034
632
188
2994
3043
3010
1827
2964
3045
2973
3009
3034
2995
3018
3021
3003
2980
3073
2799
3036
2998
3018
3006
165
3041
1709
189
3028
744
3012
2152
3027
3019
3028
2977
1391
2215
2980
3017
3002
2916
2939
1543
3045
3015
3031
3022
3040
2977
3030
2998
3017
3039
3019
181
3029
3009
2996
3032
2997
3032
3021
3027
2993
3043
3029
3013
3026
3012
3025
3057
3012
3009
2988
3015
2982
3014
2520
3006
3039
3001
2784
3016
3016
3027
2991
2955
2399
2959
3026
3003
3005
3003
3017
858
163
3012
2075
2868
2946
2986
2850
2024
2540
2987
2901
3004
3023
2996
3013
2983
3041
3027
3024
1522
3005
2990
3006
3006
2987
3020
2998
3028
2970
3019
3002
3013
3013
2996
2977
3010
3053
3028
3019
3060
2856
3019
2894
3028
3023
3006
3036
3080
3026
3008
3016
2997
3003
2914
2951
3031
3028
3051
2977
2991
3060
3017
3007
2880
2989
3040
2972
3029
2995
3004
3011
3042
2984
3000
3027
986
2983
3017
2988
2858
3040
3035
2666
3005
3016
3038
3023
3049
3021
3013
2982
1600
3029
2969
3004
3007
2952
3106
3015
2989
3042
3032
2959
3018
3011
3032
3017
3015
3002
2912
3039
3024
3003
3020
3016
1658
2061
2993
3010
2964
3032
2971
3024
2988
2625
3015
2976
3023
3006
2984
3005
3041
3041
3004
3020
3018
3006
3017
3017
3003
2998
2977
3027
3007
3019
3040
2986
2976
3021
3016
3077
2921
2992
3004
2997
3010
3018
2940
2975
3009
2192
3043
3055
3028
3033
660
3015
3000
2999
3025
726
3014
3004
2997
3041
2923
2478
3000
3031
3035
2482
3025
2989
3010
2988
2971
2892
3007
3026
3022
3090
2939
2984
192
3014
3019
3021
1155
2992
687
3049
2930
3033
2977
2502
2920
3012
3015
3008
2594
3005
2959
3021
3005
548
860
2993
3035
2995
527
3029
3026
3011
3020
2997
2989
2912
3032
3017
721
3009
1817
3012
2583
2978
2992
2876
3014
3016
2435
2995
3006
3029
2839
2978
2976
2992
3007
2380
2977
2995
3007
3026
2996
1423
3013
3039
3055
2993
2992
2983
2989
3002
979
2970
2098
3030
2263
1523
3009
3044
3020
3010
3010
3024
3038
3000
3011
2958
2987
2868
3015
2553
2400
3006
2987
1702
3008
3007
2951
3007
2861
3045
2995
3026
3021
3016
3032
258
3037
3030
3014
3021
3001
3005
3032
2992
2889
3018
3024
2954
3024
3045
2996
2716
3007
2929
3039
3032
3054
2980
2962
305
3017
2964
3021
2997
3040
2975
3039
3001
932
1215
3009
370
3047
3018
2949
2987
3033
2994
670
3044
3019
3015
2009
2994
2056
2107
2843
3003
3015
2849
3056
3027
2981
3025
3023
3007
3002
2978
3061
1358
3012
3015
2948
3021
2980
3029
2972
287
3030
3010
3047
198
3013
2990
3030
3042
389
3013
2973
3002
3005
3003
3017
2989
3017
141
2187
2975
3006
3024
3088
3012
3001
3030
3017
3048
2994
2994
3031
3022
2824
3021
3009
2994
1438
107
3014
2110
3008
2992
2980
2946
2962
2990
3025
1734
3005
2992
3011
3003
3013
3019
3016
3027
3031
3034
3008
3021
3042
3025
3022
3005
2862
3036
2992
2994
2870
3021
3018
2984
2979
2994
2979
3007
3032
2906
3036
3034
3024
2953
3046
3028
3004
3003
2979
2966
3003
3003
2999
2894
3014
3032
1016
2963
3020
2987
3050
3026
3032
3057
3030
1512
2997
3012
3031
3020
2971
2862
3022
2916
3005
3021
3039
2999
2842
3010
2975
3061
3035
2986
2501
3027
3014
2950
3010
3027
2995
3036
2981
2998
3005
2978
3012
3027
2981
2994
2994
3028
2987
2998
3024
2866
3268
3020
2997
2985
3052
3031
3032
3035
2974
3015
3042
3015
2995
2999
3011
3016
2998
177
3023
3035
2982
2985
2202
2999
2907
1830
3009
298
2922
3040
482
3021
3015
3022
2699
3028
3019
2873
2999
3041
1043
3026
2961
3026
3044
3024
2901
3062
2905
3026
3027
3041
2959
3017
3006
3039
2908
3025
3031
2859
2986
2837
494
3018
3021
1637
3039
3025
3035
2995
2854
3028
3032
2982
3033
3003
2711
2991
2988
3017
2988
3007
1960
3006
261
859
2998
3005
2978
2999
3030
3051
3021
3012
3036
2215
2966
1521
3052
2944
3014
3103
188
3004
399
3028
2748
2573
339
1755
3002
2978
2993
2912
3030
2957
2991
3017
489
2909
3038
3031
2971
3028
3037
3020
2971
3002
952
3030
3007
3019
2881
3013
3028
2857
3025
1783
3013
3005
2940
2290
2922
3020
3037
2971
3020
3059
3006
2998
1428
2965
2997
2935
2984
3002
3007
2986
2975
246
3036
2999
2971
3001
3045
3018
2997
2999
3010
2998
3022
3008
3008
3031
3003
3038
2994
3016
3037
1574
1865
1319
2978
185
3023
2469
3028
3033
3035
3021
2907
2986
3018
3009
2706
3021
2991
3002
2995
2260
3015
3018
2899
2975
3020
2989
2851
2694
3012
3018
3285
2083
538
3011
3013
3039
3014
3020
2991
2993
2980
2900
3042
2992
2998
2972
673
3054
2908
2938
3028
2985
664
3011
3008
2889
3002
2206
2995
3016
3007
2857
3025
3004
2904
3000
2966
3007
2966
2752
2987
2994
3006
3024
3021
3017
2479
3006
2971
3026
3044
3027
2989
3009
2853
3019
2858
3007
3016
2997
3045
3045
3020
2992
3025
816
3023
2977
3039
3013
2984
3004
3030
3005
3012
2998
2988
2864
3016
3008
3021
1890
2708
2565
3066
3055
3029
3056
3073
3060
3059
2911
3035
2994
3026
3013
3022
3031
3032
2874
3036
3000
2924
3013
2995
3013
3020
3019
3028
3031
3016
136
3036
3000
2983
3027
3019
3023
2175
3024
1666
2992
2984
3009
3008
3012
2840
245
2997
3015
2977
3105
3017
3033
3029
3045
3016
2119
2876
3041
2993
3045
3028
3004
3000
3023
3015
2994
2993
3017
2992
3039
3020
3014
2239
220
3008
2979
3007
1585
3010
3027
2999
3040
3008
3029
3045
3001
3019
2999
3082
1162
2999
2987
3046
3037
3014
2956
3016
3047
2998
2988
3004
3009
2950
2977
2851
3025
2970
3038
384
3003
2909
2973
3020
3033
3042
3020
3011
911
2999
3015
2974
3012
3055
2992
3014
3026
3015
2990
2991
3006
1075
3026
3006
2725
3014
2988
2822
3001
2980
3016
3042
2379
1285
1632
2988
2950
3011
3001
3041
3011
3000
3023
884
3003
3001
1583
3024
1121
2993
2976
372
3023
2989
2922
2988
2983
3027
3102
3059
3002
3010
3058
3016
481
696
2943
3027
3001
2725
2971
3026
2993
2988
2985
2966
221
2866
3034
205
3019
3024
2981
2997
3042
3019
3014
3040
2854
3018
2566
3027
3002
3072
3075
3096
3003
3013
3006
2983
3007
3019
3002
2998
1017
3003
2995
2992
460
2885
2993
2130
3020
3013
3006
3001
3044
2999
2894
2966
3049
3029
3005
1894
2991
1707
2364
3034
3021
2971
1984
3012
2981
2977
3017
3039
2708
3014
2998
2011
2446
2921
3014
2839
2988
2589
2970
3034
2999
2974
3013
3028
2957
2996
2912
3050
3003
2692
2993
2994
2996
3020
3005
2797
3016
3003
2964
2962
3009
3031
3000
919
3020
2186
3024
2965
3031
2994
3011
2922
2935
3005
3009
3013
2814
3021
3032
2835
3019
2315
3031
3045
2867
3014
2977
2894
3012
223
3009
2885
3030
3027
3014
1954
3020
2996
3012
2984
2972
3010
3026
2923
2981
2970
3007
3013
2689
3035
3081
3014
2999
3027
1590
3032
3015
3005
2995
3003
3026
2698
2966
3051
287
2862
2936
3016
3016
3031
3004
2976
2986
2994
3009
2930
3074
3038
3016
890
3008
3012
3000
2977
3019
3000
2948
3003
3001
2855
2582
2953
2994
3005
2125
3029
2022
3005
2983
2977
1561
2967
2290
2850
3088
3034
3030
2975
1125
2970
3001
3030
3086
2976
2897
3038
3012
3017
2797
2998
357
2991
2992
2990
3013
3004
3004
2973
3036
3000
3024
3009
2988
2906
3005
3040
3012
2880
2826
3014
3026
3029
3040
3026
3043
3009
2989
3004
3042
3001
3055
3026
3057
3030
3017
3074
2999
3049
3084
3055
3007
2997
2984
3010
3019
2989
2979
3020
3006
3014
3016
3006
2994
2858
2990
2998
3003
2461
2845
3018
2906
2998
3035
3018
518
3020
2886
2967
1808
3041
3048
466
3008
2971
3029
1020
3115
3042
3001
3014
3026
1889
1231
2885
3046
2977
3006
3015
3016
3034
3039
3010
2970
3015
2992
2988
2893
3019
1565
3032
3033
3000
3029
3041
3012
3015
2996
3028
2999
3031
140
3047
3009
3013
2997
3017
2719
3017
3045
2954
2867
988
3041
3031
3003
2941
3010
3021
3006
3036
239
3032
3038
1358
3093
2996
3033
2667
1924
1643
3029
3007
3009
2997
3031
2997
3013
3001
2751
3017
2991
2791
3042
2165
2888
2486
3017
3030
3012
3007
2424
2978
3006
334
3005
2991
3028
3028
3056
2986
3006
3040
3018
3003
3047
3003
3011
2989
3000
3044
3022
3008
3053
3008
3037
3040
2916
3019
3032
2943
2489
2847
2980
2968
3030
3036
2994
3026
3038
3070
3035
3030
3008
3030
2990
957
2984
3020
3067
3026
3002
3021
1011
2956
3042
3030
3099
2976
3013
2826
3099
2984
3001
1118
3023
3015
2882
3017
2981
2972
2963
3004
3020
3024
3031
2887
3001
3034
1033
2992
3020
3027
3013
2180
3003
2844
3045
2986
2991
3015
2871
2997
3014
3023
2983
3014
3046
2999
2880
3005
3014
2754
351
3018
499
3033
2995
3025
3021
2914
3021
3022
745
3009
2976
2503
3019
2899
3018
3018
3042
2998
2938
3055
1546
169
2943
3079
2980
2983
3032
3018
3044
3044
2953
2974
3022
3051
2990
2972
3001
3019
2989
3053
3013
2966
2844
2912
3023
3014
3032
3017
2940
2997
401
3011
3017
2985
3022
3012
2788
3040
3047
3026
1479
2992
3016
2932
3035
3042
3042
3007
2996
3003
3031
1359
2990
3020
3016
3051
3002
3035
2859
3003
3027
2752
3011
3029
2987
2979
2997
3028
3007
3004
2349
3046
2668
2868
1558
3028
3013
3025
2973
3018
3053
3033
3013
2952
3061
3006
3020
3021
3034
3017
3020
2786
3044
2997
1872
2752
2604
1156
3308
3020
3019
1287
3020
1271
3013
2993
2856
2999
3022
3005
3025
3020
1137
3073
3003
3070
3020
3021
3024
3043
3013
1552
3000
2878
2968
3004
3000
2996
2969
2993
3032
3024
3049
2982
3012
450
3048
3047
2987
2121
2979
3033
3020
2970
2985
3114
2995
3015
2921
3013
3035
3009
2906
3011
3009
3039
3028
3020
2983
2852
3024
3018
3015
2863
3034
2957
2996
3033
3039
3008
3003
3007
476
3026
3034
2959
1646
3004
529
3012
2999
3034
3004
3014
2991
2993
2998
3028
2875
3016
3002
3020
2955
3037
3011
2996
3004
3008
3024
3003
3027
3007
3002
2994
3001
3006
3017
2982
2843
3026
2991
3009
3035
2968
2979
3022
2853
1589
2969
3033
3051
3028
3010
459
1239
2988
3005
3019
3015
3028
3031
3022
2989
2910
3028
3037
3026
3028
3015
3036
3038
3024
2940
2988
2975
2995
3002
3017
2991
3006
3002
2941
2961
3017
3023
3009
2875
3022
3005
1729
3003
2298
3026
2984
355
3049
2981
3043
2964
3052
3001
3001
2999
2509
3009
3005
3004
2956
2580
2995
3023
2972
3021
2920
1944
3015
3030
3033
2950
1449
3016
3016
2991
2970
3001
2993
1443
3055
2907
3002
3005
2525
3000
3008
2798
3043
3037
3017
2875
3021
3027
2869
3016
3021
2090
3286
2963
506
2987
3017
3021
3043
1682
3013
3029
3027
2997
2996
2964
3004
2998
3032
935
3010
3025
2990
3031
3029
3030
1444
2977
3020
3013
3023
2991
2979
696
3021
3027
2839
3038
3029
2869
3010
3020
3016
3030
3010
3023
3017
3021
3022
3052
2972
1940
3008
2943
3029
2978
2986
2975
2977
3002
2990
3034
3016
2974
3006
2996
3022
3025
3007
3067
2994
3034
2567
3023
2863
3021
569
3001
1755
2959
3010
2704
1643
3010
2545
3012
2993
3017
2969
237
193
3018
3015
2949
2997
3017
2875
2955
3030
3032
2998
2999
120
2995
2965
3058
3036
3087
2658
2928
3049
3024
3024
873
2999
2997
3003
3007
413
3029
757
2992
3028
2994
3012
2992
3006
3017
3038
2960
3036
3027
3049
2986
2377
3015
2990
3002
3051
3014
3046
831
2721
2999
2984
2924
3017
3037
2995
334
3048
3018
2892
2998
2923
3028
3040
3014
3005
3008
2996
3119
2962
2995
3017
2957
2997
3003
3001
2996
2977
2954
3003
2971
3001
3006
375
2994
3021
3046
3027
3009
3004
2471
2989
3048
2053
3019
3012
2977
2947
3001
3092
3040
2166
3004
3007
3001
2998
2992
3014
1521
2992
3008
3017
272
3040
2992
3018
3073
1397
3009
2984
2994
3017
3029
3010
3030
2995
3008
2989
3041
2845
1302
2994
3033
2847
3028
2699
2949
3009
3009
3027
2443
3008
3017
2983
3017
3019
3016
3027
3006
3050
2921
3004
3015
2882
3000
3045
3055
2897
2998
3007
3025
2026
3024
3026
2971
3071
3027
3002
3018
3001
3030
3011
3020
2887
3031
3035
3004
3032
3006
3016
1507
2989
3074
3013
2967
3035
3046
3013
3037
3029
2979
2993
2992
3020
3017
2950
3031
3003
3017
2987
2998
3005
2990
3023
2988
2932
3019
2963
2988
3027
3009
2943
3006
2998
2963
2980
2869
944
3026
3022
3023
3013
3020
3018
2944
2995
3033
2974
3029
3068
3004
3003
3010
3010
2971
2120
2164
3022
3048
3013
3014
3004
3022
436
1711
283
2995
3015
3033
3006
3028
2999
2834
3003
2379
2991
2878
3010
3004
3003
2975
3026
3033
3022
3048
2990
3039
2509
3050
3008
3240
2963
3019
2954
192
3000
2870
2986
3029
3027
3035
2624
3037
3012
3023
1782
3022
2942
3017
3036
2979
3001
2999
2963
2542
134
3011
3032
3018
3032
3032
3002
3008
2769
3012
3027
3017
3001
3018
3021
2999
2892
3004
2879
3031
3039
3019
3023
3003
2999
2984
2993
3021
2976
3054
3015
2949
3007
2993
3011
3005
2973
2943
3022
526
432
3027
3037
3031
2995
2477
3000
2542
3036
3063
3015
3015
3024
2990
2999
169
3037
3018
3046
3031
3025
3033
2992
2996
2989
3018
3032
2875
3006
2979
3017
3029
3020
2946
3019
2965
3022
3002
3012
2971
2871
3034
403
3003
2997
3099
3025
2969
3046
2977
2891
3024
2995
3029
3014
1037
2825
3038
2965
3016
2990
2960
2944
1561
1538
2108
3022
3016
1629
2997
3017
3011
3009
3013
3008
3003
2997
3036
3026
3021
3052
3020
2946
3040
3057
2991
3024
3042
3002
2998
2987
3079
2451
2986
3007
378
1601
2466
3013
3029
2882
3022
2992
3008
2982
2974
2999
2983
2942
3023
2950
2976
3008
3002
2990
3054
2996
3028
3139
3008
3019
3042
3034
2994
3034
3003
3087
2665
3000
2970
3032
3007
3029
3036
3093
3039
2998
2978
3042
3031
3029
3017
427
1231
2985
3006
3024
1206
3033
2993
2958
3028
2599
3027
2994
3014
2990
3021
2974
2992
3012
2983
3020
3030
3031
2960
2876
3003
3013
3027
2998
2984
3039
3007
3025
3050
2998
3046
2988
2716
3005
3009
2959
2986
2948
3050
2979
2981
3013
3008
2999
3045
2553
1712
2999
3005
3015
2986
3011
3037
3018
511
3006
3011
2228
3021
2969
2994
3052
3006
3019
2967
3015
3043
2991
3027
2955
3021
3041
2990
3009
2994
3011
3079
3039
2976
3011
977
2991
2999
3048
2963
3025
3008
3031
3019
2967
553
3027
3039
3041
3023
2831
3029
2985
2992
2998
3034
3009
3023
2843
3022
2990
3008
3014
2986
3019
2997
3041
3021
3035
2992
3095
2936
2999
2479
3032
2993
2921
3037
2957
3029
2963
3013
3004
523
3008
2972
2986
3009
3015
3022
3016
2971
3031
3034
2990
2994
2989
3002
3051
2990
3022
3014
3013
3035
3026
2984
3021
2977
3028
3018
843
3040
3021
2679
851
3002
3009
406
3023
3014
3004
2974
3025
3002
396
3005
2991
335
3047
316
2997
2898
3014
3011
2992
2971
3013
2879
2965
3024
2969
3027
3024
3026
3040
2989
3032
2975
3016
2712
3005
3005
3017
3018
3023
3032
3016
3006
3041
713
3031
3000
2998
3004
2997
3038
3033
2997
2983
2984
810
3001
3037
3027
3002
2244
2624
3029
3036
3030
3041
3006
3027
3006
163
3010
3002
3019
377
3015
3004
3035
3022
3014
2910
2380
3012
3035
3014
3029
2963
3099
2258
2993
482
3016
2885
2996
3031
137
3007
2841
2976
3002
2977
3022
2961
3002
652
3002
3002
2996
3016
3013
2895
2970
3030
3018
1743
2972
1606
2998
3039
1075
2983
3046
885
2938
3028
2828
3048
2992
2986
3042
3016
3034
2970
3043
3032
2892
3001
2050
3044
2990
2993
3032
1885
2980
3112
3008
2979
3046
2988
2970
2984
3049
2992
3013
3044
2963
1028
3003
3010
3029
3019
3043
2962
3006
3019
2981
2899
3065
3012
2873
3019
3008
1702
3007
3030
3026
3045
3015
2978
3016
2975
2970
3007
3015
2988
3010
3017
3001
3005
3028
3035
2430
2996
3004
2908
2979
2913
3028
2990
1151
3014
2971
2982
2987
3035
3041
2865
3053
3008
2977
2984
2996
3011
2555
3048
3002
3026
2968
2998
2960
2497
275
2989
3046
906
3000
1370
3015
2996
2943
2345
3034
2726
3025
3007
2914
3003
3007
3011
3027
3013
3057
3050
2121
3021
2969
2878
2993
2988
3038
1595
3001
3003
2983
3012
3012
3009
3051
2961
3007
3009
3021
3016
3035
2989
1863
3022
2817
2990
1899
3051
3061
771
2506
2972
3035
2989
3019
3000
3022
3039
3012
3005
3034
3027
2914
3012
2997
3002
2407
3051
2985
233
3012
2969
2896
3016
2974
3007
3011
3011
2475
2854
2909
3017
3031
2985
3018
3018
3014
3016
3039
3014
3010
3043
2987
3020
3022
2989
2970
3008
3018
3035
3014
2989
2998
3014
2866
2856
933
2041
3005
3003
3006
3086
3033
3047
2999
3024
2986
3016
2989
2915
3020
3028
2998
2984
2982
3047
2314
2980
3039
3034
2994
3029
3001
3043
2899
3022
2927
2983
3039
2985
3016
2981
3027
2991
2985
2963
3022
3023
2994
2991
3045
2903
2942
3042
3000
2909
3010
2986
257
2993
3047
3012
2999
2998
2978
3021
3027
3016
3043
2698
2978
1298
3000
3003
3033
2999
2971
3000
3019
3025
3085
3101
3023
2966
3009
3016
2866
3058
3035
730
2772
2998
2868
3026
3031
347
3084
3009
99
2869
3042
858
3022
3041
2978
2953
2950
164
3001
3028
3024
3030
2988
3027
3028
2982
2995
2164
3045
2334
3005
3028
2984
2861
3024
2986
2992
3030
3038
3026
2999
3010
2892
2993
2998
3060
602
3053
3021
3007
3054
2986
3026
788
3011
3012
3005
3020
3003
3018
3034
3034
2963
3012
3027
3005
2877
2987
2999
3003
3026
2966
3012
3013
3014
3007
3003
2668
3033
2989
1022
3072
2519
2995
3005
3096
2977
2981
3013
3011
2981
2984
3036
3042
3024
3023
3012
3024
2966
2174
2981
2978
2199
3028
3032
3006
3038
3019
3021
3005
2905
3279
2993
3034
3008
3026
2997
3009
3009
2992
2977
2927
2988
3008
2953
3024
3046
2993
3002
2979
3009
2977
3048
3041
2913
2967
3015
3024
2993
3002
3016
2058
3032
1994
903
714
3017
3021
3011
2976
2993
3014
2884
3058
3009
2820
3019
2994
2847
2692
3022
3024
3021
3075
3023
3007
3019
1680
2990
3000
1200
3021
2927
3012
3018
3032
3026
3011
3019
3004
2970
3008
3019
3242
547
3015
3035
3009
3020
2882
3019
113
3031
3033
3013
2966
3035
2987
2993
2958
3005
2984
2998
3028
3014
3022
3054
3017
3011
2980
3049
3004
3025
3002
3003
3036
3010
3024
3005
490
2134
2858
3032
3015
2997
3025
3008
3001
3079
2876
3005
3022
3041
2991
3031
2941
3023
3018
2982
3055
3029
3031
1129
2999
3015
3073
3051
2983
2187
3006
2981
3025
3014
3006
2977
3029
2960
3015
2996
259
3007
3034
2996
3010
3026
2000
3039
3061
1270
3030
3057
2999
2988
3035
2941
3001
3013
3053
3013
2996
3038
3033
3017
3031
1535
3042
2990
3056
3012
3030
2988
3007
3032
2236
3002
2995
3015
3043
3009
1393
2865
2144
2989
2988
3010
2992
3031
3035
3037
2920
3010
3107
3001
3002
3047
3024
3016
2998
3032
2998
3070
3017
3003
3003
3001
2983
3011
2967
1890
1654
3034
2726
2653
272
2991
3020
3114
3013
3045
3079
3027
3039
2924
2995
2868
3020
2980
2565
3001
2951
3050
2967
1138
2950
3042
3047
3010
3027
3033
1604
3026
2001
2980
3046
2999
2982
3022
3020
2962
2561
3037
391
3006
2860
2723
3027
3018
3039
2992
2860
3105
3004
3003
2424
3039
2976
2999
3005
2997
3018
3037
2986
822
3038
3004
3005
3014
3036
3038
3023
1920
2242
2974
3041
3010
2943
3063
2995
3001
3050
2997
116
3011
3026
1645
2978
3076
3043
3007
2845
2984
209
2989
2991
3005
2985
3002
3032
3051
3058
2971
3017
2987
484
2993
3012
2992
3008
3042
2974
3004
3009
3042
2996
3008
2906
3001
138
1122
3013
2963
3015
2978
2996
3110
3002
3011
3001
3012
2886
3022
3014
3015
1771
2996
2993
2848
3010
2939
3013
2985
3019
3035
2998
3006
3009
3093
2963
2990
3042
3028
3018
2444
3027
2998
3014
3009
289
3036
2999
3017
3013
1930
3033
3015
809
581
2990
3031
2931
3068
3048
3018
3034
3020
154
3001
2990
3025
3065
3036
3042
2999
3035
2985
3049
3043
3016
2980
2979
2989
883
3007
2956
3036
578
2836
3013
3016
2996
466
3026
2996
2977
3011
3016
2978
2888
3033
3010
3093
3008
3127
3009
3007
3004
3262
3033
3007
2363
3019
2856
3043
3024
3018
2980
2968
3017
792
3005
3034
3018
2997
2994
3017
3003
3043
1391
3002
2955
3062
2968
3001
3009
2987
3006
3014
544
3044
3017
3047
3045
3025
2992
157
3017
153
3028
3262
3029
3000
3031
2877
2844
3018
1524
2809
2983
2864
2999
2942
401
2933
3005
2977
2965
3021
3030
3022
3025
3041
3009
241
3021
2994
3021
3003
3012
529
2993
2996
2980
2989
2132
3026
2933
2968
3026
3032
3004
2994
3034
3056
3028
3018
3020
3012
3031
3023
2976
3032
3039
1134
2972
3031
3004
3030
2037
3017
3021
3009
1517
3000
2953
2973
2456
3000
2999
3014
2868
2997
3049
3016
2696
2996
2482
3057
3023
3007
3005
3019
2900
2999
3035
599
2908
3018
2996
3043
2971
3013
3032
3011
2981
2971
2998
3016
3001
3011
3022
3036
3057
2966
2979
3015
3043
2993
3015
1064
3027
3020
3042
2911
3024
3004
2973
3028
3035
2973
3000
2902
2837
3021
2992
3005
3011
2988
3022
3035
1521
3002
3028
3040
3010
2979
3045
2875
2992
3037
3012
3000
2998
2744
3003
2963
3018
3033
2969
2176
3004
2880
3013
3007
2971
3045
3010
2982
2987
3084
3024
2403
3007
3068
2051
2994
2988
2357
610
3015
3061
3012
2941
3033
3029
517
3088
3016
3018
660
2959
3026
2879
3043
2993
2964
3004
1507
2866
3009
3020
2989
2979
3006
2996
2972
3006
2999
2973
3033
3014
3012
3055
3034
3006
3042
3000
3031
3014
2970
659
2982
3003
837
3012
3025
3031
3014
2997
3001
3001
2875
3015
2998
2928
2988
3043
3056
3014
3032
2998
2862
3043
3032
2998
2969
3007
2999
3020
3025
2986
3018
3016
3009
3011
2976
3006
3029
2967
3011
3004
2636
2995
3037
3034
2982
2983
3010
3007
3036
3027
2559
2879
450
3011
3021
3008
2776
3057
3030
2965
3004
3035
101
3002
2855
3023
3017
2995
3015
3008
3007
3026
3011
3034
2995
2876
3009
2954
2986
3040
2068
3001
2993
2921
2894
727
2186
3027
2962
2981
2979
3051
3028
3052
2989
3008
3019
3014
339
2790
2986
2890
3099
3011
2972
3014
2986
3003
2985
769
2939
2976
3009
1711
2597
3019
3023
2555
3040
2998
2357
1263
3014
3005
3023
2987
3007
3032
3027
2987
3088
2982
3001
3011
3044
3064
2992
1466
2988
2566
3028
3018
775
3015
3042
3023
3014
3030
2982
3018
3022
3033
3035
2997
2989
2965
2974
3014
3015
2975
2992
3037
3077
3010
2874
2952
3048
202
2964
2868
3021
3009
3031
3033
1063
2959
3043
3001
3077
3033
2838
2249
3014
3015
2970
949
2699
3022
2999
3005
3013
2998
3013
2983
2997
2962
794
2962
2901
3019
2992
3015
2974
2992
3032
3030
2887
3012
3041
2998
2889
3027
3019
2692
2983
2006
3039
3028
3018
3012
2991
3025
2978
2862
3023
1855
2858
3023
3032
3023
3008
2996
3016
2992
2590
3023
2987
3014
2958
3019
2979
2869
3043
2238
3019
2999
2998
2932
2986
3007
3028
3003
312
3029
2977
2993
3019
582
3289
3010
3013
2983
2965
3043
2997
2984
3024
3010
3096
3042
2985
2892
3052
3003
2493
2975
3023
3022
2995
2934
3056
889
2961
3018
3011
3017
2990
2985
2990
3060
3034
3014
3022
3002
3033
3015
1231
3006
3024
2997
2882
2992
2887
3018
3005
2927
3019
2996
264
2963
2983
3044
826
3029
3008
2995
2977
2996
3005
3023
3009
3016
3038
3005
3006
3011
2998
3103
3021
2983
3042
2999
2982
3053
2966
2996
3009
2997
2956
2989
3000
2976
3036
3046
251
3018
3018
2998
3011
3038
2725
3014
3011
3034
2960
3026
2988
518
2990
3042
2818
2616
1024
2690
3033
3019
3004
440
3003
3037
3026
3050
3002
3040
3027
2940
3003
3038
3021
3020
2865
3034
3015
3014
2971
3033
3025
3019
3020
3016
3115
347
3033
2974
3037
2974
2881
3027
3008
2385
3016
3027
3011
2995
2647
3003
2379
1934
3045
2929
3004
1148
3012
3029
2999
3006
3011
2906
2802
3048
3038
2905
2989
403
3002
3144
2901
2839
3045
751
3028
1017
3000
2986
3011
3001
3017
2993
2983
3029
2980
132
3024
2916
2999
3005
2851
3018
2889
3053
3006
3007
3003
3063
224
2885
2978
2399
3052
3050
3024
2965
2943
2959
3031
3018
3042
3019
2997
3036
3004
158
3012
3021
2998
2960
3006
2993
3014
2977
2995
3042
3022
2887
3023
3018
2210
2997
3015
3004
3018
3034
3016
3037
3046
2999
3021
3038
2988
3038
2969
3009
3064
3036
3013
3022
3017
3037
2845
2896
3015
1866
3019
3011
3005
3009
2903
3030
2869
2991
3001
3028
3031
2993
3007
2997
2980
2982
3091
3047
3031
2962
3083
3024
3025
3041
3013
3004
2971
2987
3007
2998
3085
2991
3028
3019
2991
3046
3034
3019
2888
3003
3013
2840
3040
2891
2978
2998
2979
2972
2990
2519
3023
2884
3001
2873
3037
2999
2176
2987
2816
2970
2925
3000
2970
2987
3008
3022
3029
2997
2647
3000
1383
3024
3048
3025
3016
3022
2926
3005
2610
120
703
2983
2869
3022
2904
3018
3007
3046
3013
3100
1903
2839
3043
3027
3003
2947
3018
3022
1242
3004
3028
3057
3009
2998
3053
3046
3028
3047
3014
3053
2992
3016
376
2948
2977
2995
3026
2170
3019
3021
934
2699
2998
1113
3052
3021
2998
3035
2684
2207
3000
3041
3026
3028
3007
3035
3050
2991
3019
2989
3013
3009
2986
2999
2985
2747
3008
3017
2996
3010
2987
3007
2991
2964
3019
3025
2996
3002
3022
3006
3012
2990
3006
2987
3006
2946
2884
3013
2766
3028
2993
2498
2992
3004
2998
2983
3004
3008
3048
3036
3009
3000
2971
3029
3008
3026
3030
3044
3001
2971
2980
3037
3012
3060
3020
236
3033
3011
2998
846
3028
3011
3007
2982
3003
3022
2990
2979
2950
3083
1585
3032
3040
1802
3035
2864
3035
2867
3023
3036
3001
2980
3034
2994
3011
2996
3025
2941
1795
3038
3047
2972
3012
3011
2935
3021
3012
2954
3050
3027
2996
3017
3008
2992
3013
2985
3016
3012
1408
313
3029
3005
2983
2911
3050
3015
610
3009
3030
3040
3017
2992
2890
3064
3011
1406
3048
3023
1226
1914
2980
3046
3017
3062
3033
3006
2990
2998
3039
2970
3019
3005
3010
3024
3001
2987
3022
3004
2989
3008
3007
3003
2997
2998
3023
2987
2984
2796
3060
2877
2997
370
2986
3020
3037
2989
3002
3022
2999
2979
3053
3030
2992
2989
2885
3033
2839
2830
2955
3001
2981
3014
2986
3018
3054
2795
3001
3031
2976
3019
2992
2971
3021
3014
3053
855
2985
2979
3000
3029
2525
2772
3004
2991
2473
2997
2987
3022
2983
3023
3014
2931
2988
2990
3032
2887
2249
3028
1364
2969
2874
625
3020
3005
2980
2890
3017
3001
3017
3000
2988
3045
3036
3024
2994
3035
3021
1758
3042
3011
3009
3015
3011
2986
2980
2582
2978
3021
3004
3012
3029
3006
3001
3037
2516
3035
119
2997
2660
652
3027
3041
3005
126
2996
2502
3005
2994
3016
3035
3033
3110
3053
3000
461
3001
2982
2983
3012
3030
3024
3002
222
3015
3306
115
3017
2965
3026
1687
3009
2992
3018
3023
3035
3022
3054
3030
3300
435
2944
3003
3021
3002
3012
2867
3052
2998
3008
3017
3011
2893
3039
3009
2987
2965
1927
3022
3017
3117
2898
3051
3034
99
2995
3025
3008
2602
3008
3024
2954
2963
3044
3007
2896
3032
3001
3015
3027
3057
3019
3042
3015
1433
2892
3013
2909
3030
3006
3014
3033
3019
3103
2995
3017
2963
3011
3013
582
2957
2974
3010
3013
3019
2995
3010
3017
3037
3025
2996
3021
1699
3003
3013
707
3004
3015
1705
3031
3016
2997
2999
2980
3040
3028
3009
941
2960
3027
3036
3002
3033
2951
3029
3015
3029
3008
3006
2878
3025
3022
3014
3004
2950
2966
3037
3025
3008
2528
3012
3027
2987
3040
3025
3021
3018
2979
2649
3012
3001
2968
3007
3010
3016
2990
3019
2681
3018
2996
2990
3026
2441
3016
2997
3010
2961
137
3001
3007
2461
2932
3086
3051
3002
3266
3014
789
3017
3029
3015
3001
2511
2847
2997
236
3017
2986
3004
3014
3017
3014
1402
3003
2682
3125
3037
2826
2668
3021
3017
2974
2329
2965
3046
3026
2984
3019
3006
2588
3025
2989
2992
2989
3005
2878
3034
1633
3022
3032
3043
3008
2951
3008
3011
3014
2856
2995
2821
1951
3032
3023
3020
3030
3003
3119
3022
2584
2861
2995
2941
3034
3028
3023
3001
3024
3012
3014
3026
3032
3016
2996
375
2901
3012
2884
3016
3003
2148
3013
2855
3011
3010
3030
2873
3013
2901
3012
3004
542
3020
3007
3026
3031
2992
2993
3011
3031
3052
3026
3012
2994
3031
3013
3013
2986
2613
3025
3069
2975
3000
3039
3021
3013
3026
2987
2997
2940
2932
3022
3001
3033
1954
2975
1728
2952
3026
3025
3049
2303
3026
2899
432
2994
2987
2419
3064
2991
3019
2994
2992
3011
2899
2983
3023
3010
3039
3021
3025
3009
3007
2965
732
3018
3013
3003
1078
3036
3016
2980
2995
3030
3016
2986
2968
3003
3004
3028
2998
3002
3000
3016
3037
3030
3022
3030
3004
3055
3004
3019
1943
262
3020
3081
3005
3024
2811
2999
2998
1385
1839
3023
2973
3038
2985
2981
2866
2987
3000
3006
2859
612
3049
3022
2974
3029
2982
2977
2744
968
2956
2995
3051
3023
3042
2231
2980
3016
3018
3001
547
2862
3022
3024
2852
2957
3049
3024
2995
2692
3015
3010
2994
2967
208
2979
3007
2999
3002
2985
3011
3000
3017
2793
2449
3020
3050
3020
2976
2999
3047
3025
3027
3033
3018
2982
3023
3022
976
3047
3019
3017
3008
3015
3041
2930
3002
3021
250
3039
3000
3036
2993
3033
3010
1597
3028
3010
3013
2677
3015
2991
3025
3010
2708
1429
3118
3019
2996
3002
2986
3038
3035
3012
2988
3017
3026
3001
275
3025
2997
3028
3042
2864
2984
2870
3032
3035
2986
2961
2994
3030
3021
3021
3025
2996
3019
2346
3038
3016
3000
3013
3000
2639
3056
3043
3012
3034
3013
554
3042
1154
2989
3029
2955
1209
3035
3023
3000
963
3004
310
3005
3003
2612
3002
3031
2980
3009
2537
3051
2880
3004
3054
3017
3023
3017
3018
2963
850
3010
2989
3007
2934
3019
3001
1311
3013
2985
2980
3036
2989
3046
3016
3014
2580
2790
2998
3015
3029
2863
3027
3007
3008
2991
3045
2990
3050
3033
3016
3036
2271
2987
3011
3005
2996
2974
3028
3001
2999
2988
2993
2961
3036
3030
807
3005
2948
2978
3000
3007
2985
3030
3015
2917
2988
2968
3002
3000
2907
2865
3044
3010
3038
3006
3032
3040
2999
3051
3025
3012
3017
3026
3023
2984
2974
2991
3004
2900
3010
3024
3015
694
2915
2980
3009
3034
3018
3029
2988
3018
3015
3000
1171
2908
3023
3029
3031
3015
2989
3037
3023
3011
3023
3006
458
2988
3012
2996
1377
3015
3026
3027
3025
3014
3003
3037
2951
3033
3034
3057
3039
3022
2874
2995
3006
2790
2980
3024
3032
3000
3002
3000
3008
3022
2999
2990
3009
2985
2931
3033
2970
3033
3006
2998
2946
2994
3106
3067
2983
3022
3008
2832
2957
3009
3003
2739
168
3027
2980
3009
3039
3041
3044
2989
2963
1697
3006
2999
2997
3032
3007
1867
3042
2866
3051
3005
2868
2918
3018
3071
3005
3091
3021
3003
3012
3011
3012
3024
2967
2992
2984
3043
3021
2990
1544
3021
3006
3009
3053
2920
3006
3000
3006
3024
915
2474
3013
3034
2875
2993
2986
3040
3000
3007
2989
3010
2971
3020
2991
2994
2984
2992
2824
2983
2958
2994
2999
2978
3030
2973
3037
3008
3015
2901
2014
3013
2955
2964
410
2994
3000
2962
3011
2998
3047
3032
3007
3005
3023
3001
2982
3029
3034
3053
2981
3046
2986
2650
3035
2953
3032
2995
3010
3044
3023
441
3003
2972
2964
3038
3013
2895
3009
2760
3020
3043
2984
2978
3035
3027
3006
3006
3011
3032
3005
3014
3018
3077
2982
2574
2965
1638
785
3029
3010
2960
2953
414
3003
3034
2929
2582
2995
2913
3012
3007
2938
3008
3018
2938
3049
3005
2948
3006
3041
3029
3027
3033
3000
2995
3051
2977
3053
3006
3008
2378
3030
2363
3033
2996
3032
2988
3007
2994
2972
1207
3048
2989
3010
3037
3016
3022
2956
2994
3013
3013
3005
2687
3031
2985
2973
3002
3030
1655
2076
3010
2685
2976
3002
3012
2994
2572
3060
3016
3041
2971
3006
3011
2883
3018
3007
3059
3017
2992
3005
2885
2980
3012
2889
3023
1064
3008
3017
2999
3031
3062
3054
2985
3030
2960
3008
2989
3015
3005
3034
3023
2998
3002
3045
3021
3024
3032
3000
2786
2965
3033
3019
3018
3056
3022
3057
3048
214
2957
3001
3007
3022
1658
3021
2972
3028
2989
2431
3003
3016
3012
2982
3016
2970
3065
3039
3008
2986
2995
3020
1135
3015
3034
3017
3024
2996
2976
2989
184
3035
3003
3031
3043
3042
1129
2951
2867
3018
3001
2913
2860
3032
3028
2900
2986
3011
3034
2904
2884
2953
2951
3005
3029
2999
2979
3006
3033
2947
3013
3022
3019
2968
3000
3013
2984
3026
3002
2992
3041
2961
2964
3005
2350
3025
3095
3016
3003
1771
2978
2626
3022
430
3002
3020
2995
2998
3010
2852
3020
3003
1319
3012
2987
3016
3001
3002
2986
2990
2958
2978
3025
3028
3029
2976
2982
3018
3046
3046
2385
3037
2983
3022
3036
3015
2893
3037
3033
3033
3036
2985
3027
3026
3001
2972
3031
3009
2981
3002
2953
3007
3000
3032
2984
3025
3011
3001
3271
3048
3032
3004
190
3015
2895
3032
2967
3005
3028
2941
2549
2874
2827
972
2605
2884
3016
3019
3017
3022
3014
2950
3027
2009
3022
2846
3024
2638
2598
3019
2626
3042
2954
1090
3011
3027
3034
3029
2380
2983
1661
3002
3006
3000
3012
391
2771
2948
3014
3024
3023
3048
3016
3014
3036
2961
2995
3027
3025
3021
3018
3052
2881
294
3012
