3014
3004
704
3001
3002
3010
2995
3036
2324
555
1872
3025
2981
2935
3001
3061
3022
3066
2079
2979
2931
2956
2967
3026
3029
3023
2263
3032
2947
2970
2993
1438
2958
3007
3006
3040
3013
2984
3008
3026
3047
3008
2960
250
2976
3007
3013
2961
2993
3023
2965
3014
3036
2994
2969
2982
3000
3002
2935
2232
2989
2970
2985
3013
3033
2985
1097
3006
2790
2986
3028
3017
2989
2991
2913
3035
3013
3014
3036
472
2980
2983
2976
2986
3022
2990
3028
3051
2997
1703
2986
3032
3046
3002
3020
3020
3043
3037
2983
2983
3019
2176
1011
3001
2992
353
1125
3002
3029
3016
2531
1512
1513
3015
3011
3010
3027
3020
2994
2994
2996
2640
2961
2981
3021
3018
3008
947
2994
3009
2993
3056
3032
2991
2976
3003
3006
3001
3008
3032
2985
546
3026
3005
2938
2976
3019
2996
3003
3020
321
1516
2982
2538
544
3023
138
3008
3002
2968
2989
3027
3002
3018
2964
3003
3010
3015
3026
3012
3018
2946
3005
2997
2999
2540
775
3013
3030
2989
2946
2989
2980
2993
3003
3018
2981
2986
3019
3015
2993
3012
3009
617
3026
2980
507
3012
2991
3002
1351
2968
674
2981
3038
160
2988
2952
2321
2963
2976
3004
3023
3006
2995
3003
2968
3013
2985
2952
3011
2251
2996
2994
2214
3037
2973
3038
2985
2967
2963
3016
2957
3015
2325
3019
2981
3007
548
3036
3035
2960
2983
2926
3014
2868
2996
2993
3030
170
3002
583
3031
2967
2957
2999
2989
3010
3014
716
2995
3018
2991
3004
1599
2979
2988
2985
3002
3012
3002
3001
2916
3005
2994
2999
2971
2992
768
3037
3000
3008
2990
3012
2983
3005
2992
3015
3010
3006
3026
3007
2989
3017
3006
2241
3037
3002
3011
2424
3002
3000
3009
2982
2965
3015
3025
2982
2980
2991
3007
3016
3007
3009
2962
3028
560
2973
2996
2980
1638
3006
2999
2988
3002
3001
665
2974
2992
3047
3047
2088
3013
3002
3006
1763
3010
2966
3016
2991
2987
3014
3011
2740
2979
2963
2996
2992
1347
994
3010
3013
2962
2994
2980
3025
2969
2988
2992
230
2975
3008
3018
3019
332
3029
2987
3024
3009
2967
2905
3029
2915
2180
3008
3026
2997
2985
2990
3011
2995
3075
2999
3012
3023
2993
2985
2990
3009
2837
3000
2989
2985
235
2413
3007
2998
2998
3018
2971
3021
2995
2960
3007
3034
2998
3022
2993
1158
2985
1011
3076
3014
2994
2992
2917
3011
3011
3003
3039
3028
3018
331
3009
2989
3023
2976
3006
2977
3006
2991
3007
3016
2726
462
3009
3019
3005
3025
2997
3015
254
3000
2626
3019
3021
3012
2997
3008
2967
2789
3002
2934
3041
1004
2975
2993
3028
2988
2988
3038
3007
3063
2987
3020
3017
3040
3004
2922
2976
3008
2966
3006
3011
3027
3029
3009
2977
3002
2992
3004
2954
3006
2993
2952
2982
2896
3026
3008
2968
1818
3006
2998
2946
3034
2987
2535
3007
816
2966
2989
2981
2967
3017
3018
3086
3014
573
3001
3019
2928
3042
3007
3005
2695
2988
2981
2999
301
1328
3015
3018
2934
2998
2990
2978
2996
3041
2988
2994
2990
3013
3016
2977
3030
3012
2917
3029
3010
2959
2981
3023
2950
3021
448
3027
3021
3020
2321
1476
3024
3016
2996
3001
2999
3021
2574
3022
2995
3000
3012
2932
2986
3013
271
2951
2990
2974
2588
3007
2987
251
2799
3045
3009
3076
3026
2990
2998
3012
3011
331
628
258
2528
3008
3026
3021
2776
3017
1610
3025
2542
2977
3020
2969
542
3017
3020
1009
2573
2992
3008
3029
2961
3035
2997
2967
3014
2797
1714
2393
2336
2983
1275
3007
2994
2987
3012
2981
3020
3065
3034
3015
3018
3009
1666
2965
3015
3023
3029
2970
3008
3024
413
1138
3012
3002
3004
120
2967
3027
2761
2862
2909
2996
3016
3023
274
3034
3002
2972
3010
3032
2985
3000
3030
431
2976
3007
681
3010
2375
2989
2980
2996
2992
2990
3002
2982
2991
3021
2950
2989
2993
3016
2638
2544
3000
2574
580
3013
3033
1244
3006
1302
2056
945
855
3000
2985
2970
2940
2988
2976
3034
1706
3015
3014
2973
1629
185
3010
2936
3018
2988
2973
3013
3002
3018
417
3014
2981
896
2985
2995
2972
3026
2992
3012
2982
2976
3005
2985
3024
2999
2952
3023
2858
3010
172
2995
3001
2988
3008
3038
2989
3020
3001
3007
2970
3008
3018
2976
981
2994
3002
225
174
2998
3009
3003
3022
3029
275
3011
3023
3006
3033
3009
2986
2990
1994
3007
2560
3021
2937
3010
3029
3038
3008
3015
3004
3000
2966
2856
3016
2997
2314
3020
2999
2967
2977
2975
2225
2996
2611
3028
3005
2993
2981
3026
3024
2997
3015
2443
2998
3032
2995
2985
2975
2981
3031
3027
3025
2957
2982
2934
3006
2081
3059
3006
2991
2984
3006
3008
3011
3018
2990
3027
2988
2964
3017
2840
3022
759
3028
3043
2990
3003
3063
2340
2999
3008
2748
3009
2991
2976
3016
3033
3004
3016
3031
2999
3009
782
3014
237
2979
3056
2972
208
2996
3012
2976
2993
2933
3033
2967
2989
2972
2957
2996
131
2983
2985
2928
2999
2989
2990
1603
3009
132
3022
1829
3009
3020
3035
2997
3021
3011
3006
271
3014
2991
3012
3017
2989
3002
2991
3040
3001
3014
2998
703
3005
2769
2985
2948
3015
2998
2280
3025
3009
2978
3035
2962
2951
2999
3005
2997
3024
3012
3012
3054
2247
3027
3005
2738
2987
1002
2693
3006
3033
3003
3011
3115
2965
3032
3027
3005
3009
2976
3008
3029
2964
2974
3010
2976
3006
2990
3008
3020
2964
3007
3005
2842
2973
3024
2927
1091
2927
2962
3010
2971
1376
2994
3017
2992
249
2975
2136
3007
2984
3028
2998
2993
1007
2987
2992
3013
3012
3022
2835
2983
2945
2988
3051
2996
2987
2995
2836
3044
3010
2998
2588
2964
2981
2923
3004
3004
2948
3028
3008
3018
2968
3035
2996
2988
3035
3001
2979
2983
3003
2909
3019
3037
3013
2997
3024
2640
2970
3006
2999
3001
3021
3014
2996
2998
3024
2969
3011
3014
3003
2990
2875
2991
3017
3013
2994
2995
1437
3088
2986
3002
3023
2999
2993
3004
3008
2981
3026
2990
3034
2999
2864
2992
2982
2996
3005
2959
2981
3018
3014
3009
2976
3073
2996
2991
2971
158
2993
3006
3000
2776
3008
3012
2962
2982
2965
2965
2997
2973
3023
3002
3023
2942
3009
2988
3016
3014
2982
3022
3014
2994
3008
3004
3006
2511
3031
3024
2998
2981
3006
3024
2229
2942
618
2998
3018
3009
3014
3002
3002
3021
2998
2981
2978
3024
3007
2997
2989
2964
3063
3011
3000
2513
116
2957
3021
3009
3010
2993
3007
2997
2982
3087
3009
3015
2993
3026
2031
3012
2952
3011
2980
2989
1550
3005
2957
3019
2399
2972
3000
3003
2995
2991
2975
3009
3015
3005
3027
3018
3031
2981
2975
2981
2950
2990
3005
3002
2948
3022
2330
3002
2995
2964
3027
3017
2993
1835
3019
1761
2992
3014
2974
3032
3009
2963
2949
3025
3005
3006
3009
3021
3003
2975
2970
2962
2994
3031
3038
2999
3019
2998
2767
2046
2988
2976
2971
2625
3015
2992
3017
3008
2963
3009
3012
3020
3013
3016
3021
3005
174
3035
3007
3037
2825
1886
3020
3014
872
2956
3001
2993
3022
2912
714
3018
3060
2978
3000
2478
2772
3026
3001
3010
2992
3014
739
2997
3028
3059
3000
2999
2994
3009
2981
2995
3011
3006
2991
3009
2994
3007
2994
3009
2955
2994
2696
2981
2997
2969
2997
3033
3000
2997
3013
3005
3019
3005
2987
2996
2940
1776
2949
2996
3029
3024
3013
2995
414
3014
3020
3009
3066
3004
3026
2998
141
2978
3003
2951
2980
2971
2958
3002
2998
3011
3006
2990
3008
1476
3013
3018
3009
2997
2992
3028
2319
3027
3008
2578
2973
2885
3015
3005
2980
3000
3015
3023
2970
2955
3017
3014
935
3007
3029
3035
3000
3008
3017
3005
979
2985
1221
2323
3004
3027
2997
2845
3040
3022
2988
2967
2984
3008
3003
2985
415
3023
2926
3011
2949
2996
3025
3010
2432
2980
2986
2184
3011
3010
3014
1383
2998
2982
2971
3011
1814
3011
2907
2971
2975
3014
2977
3048
3019
2988
2983
2992
3011
2993
2994
2931
2994
3010
3029
3016
3013
3000
3027
3016
2914
2991
2981
2959
2996
3042
2974
3033
2997
2990
2976
3022
197
2990
1565
2150
3007
1460
2992
3034
2240
3017
3038
3026
3018
2999
2986
2958
3006
2968
3026
3005
3016
2998
3043
3017
806
3019
3002
2965
2522
2990
2995
2995
3014
2976
2983
2728
2977
3259
2967
2961
3026
2996
2984
3026
3008
2980
2982
1061
3026
3018
2982
2998
2965
3000
2975
2985
2967
3021
3031
2534
3035
2998
2972
2960
2957
2988
2993
2958
2964
2946
3005
3028
2961
2958
3005
3005
2956
2995
3001
2998
2903
3001
3040
2953
615
2688
3041
3015
3025
2994
2999
2998
2976
3015
2943
3000
2979
3021
3031
3007
2980
3029
3030
2870
3010
2991
2996
2925
3019
3001
2997
2998
3003
2997
3007
242
2852
2970
2992
3012
3031
2965
1097
2976
2999
2968
3011
2994
2978
3028
2997
3009
2991
3002
3007
3038
2835
2984
3040
2976
3030
3019
2997
3001
182
2974
2994
2977
2015
3013
174
3023
3033
3004
3017
3047
1653
3026
3023
3025
2504
1135
2961
3017
3018
3030
2981
3017
384
3017
3010
2971
3013
2851
3036
3005
3003
3007
3004
3009
2979
2997
3030
2996
3024
1453
3018
2966
3035
2996
3040
3000
3006
1898
3009
2956
3021
2945
3009
3022
2996
2970
2992
3003
3005
3012
2965
3026
3014
2967
3023
3033
3032
443
1485
812
2996
2994
3012
2975
2993
1291
144
2992
3036
2999
3050
2953
2967
3010
3003
3014
2915
3020
3003
2936
2993
3002
1535
3005
2153
3010
2998
2967
2170
2969
2994
1925
2986
127
723
2990
2987
2935
3005
2986
3018
3020
2984
2990
3011
2998
3001
3001
2985
2948
2958
2978
3031
3011
3018
3014
3026
2998
2996
2949
3001
934
3003
2946
3005
3017
2723
3017
3003
368
2991
2989
2993
3047
2986
3017
2984
312
3018
2998
3010
2994
2996
3006
3019
3009
2984
2994
3007
3021
2997
3021
2990
2994
1489
3012
3005
2983
3038
3071
3009
2973
2980
3007
2996
2978
2993
3055
2995
2983
3016
2484
2184
3014
1976
3005
2891
3002
3021
3042
2983
2955
3015
2991
3006
3015
2963
646
3009
3036
2987
2992
2915
3008
2689
3003
2997
2984
2998
1681
1675
3010
3016
2698
3000
3010
3011
3017
3035
3001
3014
3004
3006
2991
3030
2996
1459
2987
3022
2944
3038
2989
3009
3006
3015
3018
3018
3005
3014
3034
2937
3017
2995
2948
2989
2984
2961
3011
3022
136
2951
2995
2997
2996
3019
3001
3012
3010
3020
2694
2947
3028
2848
2987
2990
2992
3096
2257
2949
3012
2993
2993
3056
3004
3003
3002
2988
2986
3023
3020
3005
2240
2993
3021
2465
2975
2965
3002
3039
2988
2994
2993
3000
3009
3051
2768
3032
2994
2979
3008
2993
2966
1213
2993
3013
2989
3009
2997
183
2966
3021
2990
2721
3016
3013
3012
2970
3004
2981
3018
3003
2977
2993
3016
3014
3017
2373
2887
3071
3005
3000
2505
3027
1060
1925
3038
3019
2985
3016
3030
3026
3019
2970
3023
3028
3036
3016
3009
3046
2999
3017
2982
3012
2962
3020
2976
739
3010
3019
3012
2985
2348
3084
2602
2988
3027
3009
2946
3004
2969
1889
3026
3008
392
2705
3003
2991
2825
3022
3008
2111
3005
2982
2998
3009
2984
3004
3046
3015
2862
2997
1155
3062
3007
3031
2945
3016
2973
3013
3013
3036
3018
3001
2992
2979
3020
2065
2987
2983
3006
3091
3016
3026
2975
2980
3001
3020
2969
3011
3027
3000
2926
2993
3000
208
2973
2839
2989
3030
2963
3019
3026
216
2994
2992
3011
3024
2973
3014
3018
2993
2992
245
2973
2977
3017
2998
3018
2987
2804
2953
3001
3025
2944
2954
3014
2788
3013
2976
3028
3026
1375
2970
3021
2979
3009
2972
3004
257
2996
3022
3003
2972
2996
3011
3032
2357
3004
3010
3011
2947
3038
2970
3028
2988
2995
2989
3016
3016
2749
3019
3019
2935
3039
3009
2982
3030
3019
2965
3007
3009
3000
1757
2987
2987
3027
2561
2986
2808
2956
2993
3030
3000
455
2993
3030
126
3029
3031
285
3047
3011
2989
3015
2998
2372
2747
2996
3002
3017
2994
2976
2997
3009
292
2987
2997
847
2943
2552
2984
3028
3015
3043
2289
3000
2985
2971
215
2861
1246
3021
2883
3002
3014
3021
2983
2981
2989
2992
2984
1999
3001
2981
3042
2546
2962
3024
2975
3007
2926
2980
720
2962
2996
372
3005
2998
2266
3013
334
128
294
2990
2980
2967
1882
3018
2654
2992
3041
2974
3059
842
3031
2985
2984
2990
2951
2581
3005
2150
2995
3036
2989
2973
2300
3025
2992
891
3014
3008
2986
2998
3079
2984
2993
2989
3004
3035
171
2390
2994
2965
3026
2926
2992
2138
3003
2885
401
2998
3032
3018
2996
3021
3021
2973
2997
3010
3015
3000
527
3018
3010
3012
3002
3007
2992
3006
2995
2994
2973
3023
857
2976
3014
3049
3003
3010
282
2969
3024
2996
2998
2988
2972
3030
3005
2967
3006
3051
3020
3028
560
2940
2984
2990
239
3011
2846
1740
2978
2994
2977
3033
2981
3018
3041
2964
2966
2536
3016
3037
3002
3094
3001
3026
2974
3061
3020
3000
2987
3013
2934
2149
1888
3056
2978
3029
3047
2993
2757
2947
2615
3034
2079
2991
3006
2974
3004
1765
2985
2993
3052
3001
3006
2962
2998
3017
2993
3031
2962
3026
3021
3005
2984
1670
3016
2980
2998
2976
3007
2973
2342
3009
2983
3020
3031
2969
3004
3001
2945
2910
3008
3019
3014
3026
3008
3006
3032
3009
3003
3012
3012
267
2999
3063
3010
2997
3009
2152
3015
2996
3037
3035
3070
3019
135
2982
2066
2999
2976
3017
959
3030
3011
2978
2994
3014
2998
3028
2997
2996
2908
2912
2815
3019
3004
2979
2988
2985
3013
2843
2968
2707
2974
2978
3021
1422
2566
3083
2305
2996
2973
3032
2973
3004
3018
2986
143
3002
3005
2997
2998
3031
1729
2931
3026
3027
3011
2989
2997
3013
2986
3001
3019
2575
3035
2975
2977
3014
3036
2983
1894
3025
2966
752
2987
3033
2934
3028
2983
2998
3013
1750
2962
2972
3007
1207
2977
1901
3032
2997
2990
2979
2998
2990
2990
3021
2638
3033
1776
3011
3001
3024
516
2969
3003
2984
2991
3001
2880
2846
3070
2878
2986
3056
3044
2998
2249
3017
180
3007
3029
2997
3008
3017
3013
2994
2925
905
292
3019
3012
1231
3023
2800
3011
1498
2961
2990
3013
2998
2358
3005
3003
3006
2992
3015
2983
2971
3017
3010
2969
3006
2996
3000
3004
2991
3010
3006
3009
2814
2976
2991
3018
899
1180
2990
2964
3044
3056
3010
3024
3003
2999
2992
3028
2997
2678
3014
3012
3015
3013
2989
1483
3027
3017
965
2975
2988
2884
3041
2975
3006
3003
2983
3015
1123
3005
3031
3000
2997
2996
2977
3000
3003
3024
904
3011
2962
3005
2979
2991
2953
3023
3000
3001
3004
488
3055
2856
3008
3021
2971
2974
2971
3026
2996
3032
3035
2997
3015
3011
2678
2931
2824
3049
2989
3027
3000
3005
1735
3033
2991
2975
2991
2972
3025
2992
3014
2982
3007
2985
3023
3041
3007
2999
2989
3016
2996
2836
2992
2999
2997
3018
2959
3014
3009
3020
730
3028
2979
2972
2985
3053
3034
2994
3001
253
3009
3037
2985
3035
3019
3016
3007
3010
3045
3008
2975
3044
2986
2967
2981
3026
2996
2997
2998
3014
3016
2996
3032
2987
3033
3035
2982
3001
3052
2967
3014
3007
3035
2965
320
208
3008
778
3018
2990
2647
2990
196
3016
2678
2988
2966
3013
3004
2970
3020
760
3027
3040
2990
2960
2993
3019
3013
2986
3042
2768
3054
3003
2954
3036
3190
3000
1890
3015
2989
2929
2990
3071
569
3002
753
3000
3082
3003
3020
2985
2997
1943
2991
2944
3029
2974
2999
2930
2998
675
3024
2991
3026
3009
1925
2985
3009
3005
2983
2771
2991
3001
3074
2993
3014
1289
3044
3006
3002
3035
2983
3073
2974
3091
3040
3006
2998
3026
2990
817
2951
1709
2901
2997
2921
3007
2951
3023
3018
3000
3009
2960
3026
2988
164
2995
3017
3014
3027
2511
3004
1771
2977
3057
3021
1678
3048
2886
3048
1968
3011
2984
2996
2978
237
2977
3056
3003
1148
3017
3047
3012
2981
1534
2989
3023
3015
3001
1015
2979
227
2976
2914
2995
3015
2996
2973
2992
2994
3020
2995
1037
2996
2767
3033
2364
3001
2957
2989
2970
339
2959
3000
2998
3027
2963
3003
2982
3029
2960
2993
2993
3007
2997
2983
2988
2995
3037
3004
3004
3025
2864
3006
3008
2991
3029
2979
3021
2987
225
3014
3018
2992
3006
3003
2997
3065
3013
3036
3031
134
2190
2224
3032
2990
2997
2944
3005
3012
3001
3018
3010
2967
2931
2982
3019
3003
3002
3012
3003
3032
3027
2998
1974
3027
3004
3006
3003
3023
2946
3024
2980
2993
2989
3016
2658
2972
2989
537
3011
2831
2990
2969
3077
3016
357
3010
3022
3019
2999
3030
2990
2999
2859
2986
3000
2998
3007
3010
3029
3033
2988
2936
2077
2979
1143
3015
2963
3030
3013
3005
3025
3038
3004
2998
3038
2815
3013
1581
3006
3016
3019
2976
3022
2962
2991
2967
3071
3034
3013
3010
3084
3007
2953
3025
3016
2998
2989
2974
2961
3011
2998
3009
2973
1618
580
1865
3015
3015
2974
2799
2976
3021
2988
2984
2980
2992
3020
3020
2956
3004
2998
3010
3024
2930
3007
581
2990
3009
3035
2985
3018
2991
1327
2973
2955
2993
2996
2999
3026
3022
3003
3010
3034
1887
2627
3008
2981
2984
2986
3010
3004
2989
3004
2982
3044
3007
3005
3035
2962
2985
2982
2983
3016
3067
3031
2992
2877
2992
3013
3012
2797
2999
2976
3003
2999
3007
2925
3002
2989
1001
2981
3015
3003
3006
2957
3019
3017
3006
3015
2994
2011
2984
2986
3013
3001
2725
2988
3038
2971
275
3028
1746
3064
2999
3006
3028
3004
3074
3019
1992
3057
2766
3011
3012
3014
1795
3022
3018
579
2998
2948
2391
3027
2890
3026
2971
724
1039
2993
3043
3016
3027
3008
1079
1480
2963
2999
2980
3011
3017
1513
3022
2972
2994
2836
2995
3002
3029
2999
3004
2990
2985
3000
2988
2964
2753
3021
2988
2997
3001
2046
2989
2803
3023
3005
3000
3013
3005
2998
260
3015
3043
2763
3014
2991
3011
2999
2991
2994
1717
2989
3081
3049
2981
3004
2972
2859
3016
3020
248
2985
756
3023
3027
3023
2995
2995
2962
3011
3017
3014
3020
3002
2999
2979
1160
3012
2783
3019
2966
1120
2991
3034
3002
2997
2989
2984
2996
2947
2978
2979
3001
3032
2961
1182
548
912
2982
1935
2991
2958
2962
2993
349
3008
3026
2048
2960
2996
3019
2994
3032
3030
2053
2990
222
2986
2984
3012
3000
136
2997
3004
3009
3005
2597
3028
3004
2989
3056
2976
2991
309
2980
2984
3012
3016
2983
2994
2981
3010
3003
1578
2819
3011
2986
2996
2990
3053
3046
2965
3023
2984
2955
3004
3017
3001
2998
2995
3011
3023
2961
2992
2961
2999
3007
2981
3027
3016
3026
3014
2999
3003
3002
3025
2937
2981
3032
2997
1797
3032
2973
3005
3010
2970
3005
2992
3018
2965
2995
3028
3026
3009
2973
2990
3008
3010
3011
3024
3011
3028
3018
2944
3006
2935
148
123
3017
2997
3031
2825
3019
3052
3006
3039
3031
3000
2062
3013
2572
3002
2985
3032
2982
3008
3011
1657
2997
3013
3014
3011
3027
2977
769
3014
3015
3024
3020
2628
586
674
2982
3010
3034
2997
2930
2989
2978
3020
2972
3057
2998
2994
3002
3028
3008
3012
2996
1094
2932
3009
3001
3009
2983
2999
2992
2479
3018
3038
590
3004
2978
2991
2985
2841
3004
3016
2981
3002
3013
3025
2193
2998
2979
2997
3004
3000
2980
3024
385
3014
2979
3022
1358
3009
2978
2962
3006
2990
2761
2981
3043
1057
2978
2996
3014
132
3017
2962
3020
2969
3009
3017
1380
3011
3025
2986
3010
2970
3015
2963
2971
3004
3013
2986
2991
3003
3014
3014
3005
3004
3033
3009
3002
3001
2897
3019
3064
115
3010
2998
3007
3030
3038
309
2984
2901
3005
3049
2981
3054
3007
2993
3033
3019
3012
3099
2988
3030
3020
3012
2999
3006
122
2998
2988
2993
2942
3007
2998
2980
1701
3006
3003
3012
3033
2981
3000
3015
2958
3003
3033
2997
3029
3013
2941
3014
3003
3008
3001
3013
2240
3026
3017
2997
1984
2984
2981
3029
3061
2977
2958
3005
2958
2990
2946
2953
3053
3034
3006
3026
3052
2998
3029
3018
3006
3019
2983
2984
2994
2543
3000
2974
3019
2641
3023
3017
3020
3033
173
3004
3021
3018
3004
2981
2996
3006
2976
2969
2924
2998
3015
2987
2997
2987
2996
2997
2720
3019
3020
3018
2020
3027
3021
365
819
3001
2991
243
2525
3033
2980
3018
3003
3020
1109
2915
2941
2999
3008
2995
3004
2983
2988
3046
3026
3006
3000
3024
2752
3024
2942
2990
3010
3023
3028
2992
2996
3021
2995
3026
2992
508
3008
2998
3010
2988
2984
3028
2972
3027
1647
2954
3026
1905
3070
2965
3014
2999
2994
3010
3020
2991
2971
3009
3004
3020
3005
2981
3017
3087
2521
2547
3033
2986
3005
3002
3027
2989
3019
664
2992
2981
2973
3016
3007
2934
3024
3013
2991
2983
1363
3025
2920
3011
3022
2890
1928
3020
1321
3013
2996
3027
2492
3002
1053
2983
1887
2977
2977
3000
3023
2963
1608
3006
2964
1057
3031
3012
3003
2966
2988
3009
2928
3021
2886
3019
3002
3012
3013
3033
2986
3014
3029
2708
2967
3009
2994
2993
2983
2995
3023
3023
3015
3017
3016
2997
2337
2986
2957
3006
2945
3008
2991
3029
2976
3032
2994
2952
3002
2934
836
2948
161
2991
3015
2982
3017
279
3012
119
3016
2996
3001
2998
2992
485
3148
2876
2987
3003
3022
2998
2383
3016
3026
3044
2980
3011
2995
2979
3006
2982
3022
3001
3007
3033
3054
2997
1348
3010
3013
3002
2865
2924
3012
2993
2993
2997
2979
3013
585
3023
2926
2975
2808
2958
2982
3014
1127
2987
941
2845
3011
2995
2992
3044
2998
3016
1818
2980
3041
3025
3001
3012
3013
3013
2961
3018
3010
3015
3004
3008
3002
475
2976
3015
3009
3030
3014
3010
3000
3015
2985
2996
2934
2951
2972
2972
3025
2944
3000
2978
2956
3016
3037
3007
2974
2993
3002
3032
2198
2999
2949
2996
3012
3024
2986
3014
3019
2982
3024
2972
1347
3004
3013
3026
2993
1918
3026
2936
3031
3021
3005
3044
3015
2999
3012
2993
2930
2959
795
3019
2995
2933
2985
3019
3003
3012
278
3036
298
537
2982
2964
3034
3009
3077
2971
2977
2993
1770
2933
2993
3017
3094
3013
2993
3015
3016
2991
2987
2946
3026
2995
3001
2975
1324
2988
368
3015
3020
214
3005
1076
3003
2369
3034
3012
1990
3016
3002
3002
244
2996
3017
2997
3005
3054
2982
2977
2984
3004
2987
2977
3007
2989
3016
930
2998
2984
2982
3027
1800
1957
730
3033
3083
1165
549
3027
2698
3013
3039
3019
2990
3015
3002
1035
3017
2973
3047
2991
3005
2778
2988
3008
3016
3007
3019
3031
2943
316
3002
3016
3016
1820
242
2998
3019
3035
3008
2919
3005
3028
3009
3033
2994
2918
3009
3003
150
3003
3029
2898
3001
2991
2984
3233
2400
2949
2995
3023
3004
3027
2998
3014
2158
3014
3004
2999
2972
2935
2979
3011
2969
2174
3016
2996
3020
3008
2960
3012
2994
2971
1689
2993
2994
2760
2982
3013
810
3016
2863
3000
3027
3027
1400
2945
3005
3004
752
2987
2959
2984
2183
3025
3086
2993
2984
3006
2978
2759
2991
2948
3001
3007
2960
3008
2856
3016
2966
3014
3002
2964
2995
3023
3004
1881
2996
3013
3047
3021
3028
2964
3018
2483
2555
2956
194
3024
3011
3017
2997
3010
2998
2992
2969
3023
2965
3011
250
3002
2831
2977
2982
1557
3021
3002
3013
2986
3007
3015
2967
2988
3028
2979
3000
2990
2993
229
3020
3019
2990
3013
2976
2975
2994
3003
3030
3006
2982
3037
2985
2989
3072
2998
2967
2853
2967
3048
2994
3003
2937
2929
3002
2995
2824
2992
1400
2976
3005
2995
2988
2454
1518
3001
2964
3002
2992
2994
3031
3003
3020
3010
2944
2984
3012
3014
2993
3011
3026
1692
2986
2962
2983
2962
2989
2998
2765
3009
3018
3005
3036
471
841
2983
2973
2092
225
1426
3020
2985
3024
3041
3006
2980
2949
3033
3020
408
2973
3002
2958
1644
3005
3002
2994
1222
3024
3021
3013
2998
3000
3023
3022
663
2977
3037
2993
2151
2932
3019
3013
3010
2997
2963
1056
2975
3004
3009
2987
1897
880
2972
3023
804
2973
3035
3019
3013
716
961
2971
3026
3014
113
3005
3006
3005
607
3028
2998
2985
2985
179
2852
3018
2982
3000
2976
3013
3021
3025
1666
2975
3008
3012
3038
2890
2994
3008
2995
2110
2733
2992
3036
2983
2995
2988
2993
3023
322
2998
3026
1739
2988
3038
2970
264
3024
2998
3012
2952
3000
2467
2076
2980
3016
3016
3034
2978
2994
3088
2985
2995
2688
2998
3002
2989
816
2952
3006
3022
2999
3015
3038
3019
3006
3003
1454
2996
3015
2978
3016
2984
2992
2854
3014
3027
3017
3000
2997
3013
174
3061
3005
3008
2962
3000
2992
2984
2991
3010
2975
3026
2963
3028
3005
2988
2935
2989
3021
2978
2981
2986
2996
2978
2987
2999
2038
2976
3008
119
3005
3023
3006
2417
431
3000
418
3012
2995
2967
2655
2982
3001
2994
3003
2998
3003
2989
693
2991
3014
3049
3017
3018
3001
3018
2969
2964
2865
981
2991
3018
3024
2999
2999
3003
3026
3012
3040
2937
2915
2999
3020
2992
2979
233
438
2944
3013
3004
2055
3047
3024
3018
3003
2987
519
2609
2485
3018
2983
1849
3017
3003
3023
3007
3004
2983
131
3082
2396
2563
3012
2806
3016
3007
1970
2995
2973
3010
3006
2974
3031
3010
2998
3009
165
2963
2988
3015
3012
2995
3011
3000
3021
2420
3029
3002
2996
3011
3009
2979
2993
3008
2985
3008
166
2998
2972
3013
2987
3075
3035
2999
533
2967
2992
3027
3033
1414
2811
3006
3009
209
2930
2982
2990
2864
3008
3019
3013
3016
3015
3091
3003
1082
762
3007
3037
2970
3017
3004
3013
2988
3017
3012
2914
2489
3018
495
3001
3030
3005
3010
2990
2948
3016
3017
3035
3005
2979
2966
2983
3014
2643
3006
3011
290
2965
3035
375
3024
3000
3027
2790
2987
2993
3020
2989
2998
2845
2994
2994
2988
3028
2992
2986
1153
3016
395
2949
3038
2973
2978
2990
3012
3002
3025
1377
2752
2974
2989
2993
3043
2975
3061
3011
3016
3023
2892
2973
175
2959
2980
2988
3002
3016
2980
2991
3009
2984
2990
3002
2998
2991
2995
3010
2979
1577
3050
3009
3038
3012
2996
2999
727
3009
3017
2966
3035
2987
2937
577
3010
297
3000
2999
2575
192
3018
3070
3029
2998
2987
2997
2995
3009
3029
2999
3003
2989
3009
3011
3006
2994
954
2995
3023
2962
684
2947
3007
2983
2982
3072
2997
2948
3007
3017
2991
2548
3016
2977
3001
3004
285
907
2998
3001
2979
3010
2985
2981
2981
2991
2971
2944
2994
273
2989
2995
2990
2321
3006
1913
3034
2839
3040
3020
3004
3033
2980
3014
3022
888
2998
2988
3004
3008
2959
2981
2973
3025
3000
3021
2993
2993
3024
3036
3007
1991
3018
3009
3025
2966
2244
3005
3004
3026
1749
3014
3006
2970
2985
1632
3026
3020
3011
2999
3009
2350
3030
2973
2957
2093
3083
2967
2990
3024
3057
3026
3020
3031
2983
3006
2975
2987
2998
3032
3021
3024
2999
3003
3021
3016
3022
2997
3045
3011
2963
3017
3008
3025
3022
3011
3030
3021
3010
281
2986
3015
3001
3019
2974
3010
3000
3018
3020
3045
2983
2989
2990
2950
3026
2988
2995
2982
3009
3009
3013
2963
3009
3006
3047
2941
3022
2972
3009
3011
2991
3008
1235
3001
3010
2988
3005
2986
3010
2971
3004
3029
3013
208
2970
670
2984
2067
3026
3020
3008
2993
3016
3027
2957
2973
2990
3019
907
1284
3021
3014
2978
2146
2990
2988
3014
3024
349
2999
2987
3025
2991
2963
3003
615
2873
2958
2995
2945
2986
3007
2990
2991
3009
3007
3005
3012
2929
2956
2924
3026
3024
2951
3044
990
2334
2984
3010
3021
3005
3011
2994
3010
3020
3023
3011
3038
3010
2984
2771
2946
3038
2977
1054
3010
3008
2999
2983
3009
3001
3000
3030
1756
2997
1903
2039
3016
3023
2989
2985
3016
3045
2997
3007
2969
2982
3025
970
3034
3035
2988
2973
780
3024
2559
1526
2993
2978
2993
2990
3003
3010
3029
2987
3003
2992
2976
2979
2992
2968
3015
3011
2996
2989
3009
3023
3027
449
2741
2992
2991
302
2991
3003
2997
3002
2999
2985
3025
3000
3018
3016
2998
2993
2929
3014
3021
2976
3036
3005
3012
3024
2966
2624
3038
2975
3021
231
215
3005
3014
2994
2996
2969
3000
2996
2985
2994
3026
2997
3012
3008
3000
2977
2871
2997
3013
3005
2076
2984
3009
3001
3014
3019
3014
400
2996
3032
2976
3013
3019
2994
2960
3037
2796
2981
2965
3019
3035
2962
3005
3018
2966
2980
2999
2991
2938
3014
2999
2963
3000
166
3037
3008
3007
3003
3012
3004
3010
2951
2976
3056
2950
3029
2999
570
2994
3024
3001
3002
3019
3019
2980
2939
2981
1150
3037
2997
2993
3014
2997
3018
3008
3020
3028
2978
2972
2972
1706
3009
366
3023
3005
2986
2990
2976
2988
2982
2756
2981
3001
3023
1289
2968
3003
2671
2935
3011
2950
2830
3051
2995
3003
3029
2819
2988
3008
2981
3027
3043
3009
3027
3019
3025
3041
2999
3002
2171
887
3016
2995
3096
3038
2967
3008
3007
2979
1534
3000
3016
3018
3004
2999
2990
3022
2977
3000
3017
2273
2994
1448
3005
3034
315
2988
1328
1781
2964
3037
2977
2996
3006
2969
3020
2981
2973
2991
3043
3026
2980
3021
3008
3004
2991
983
3002
2920
2981
3015
3032
3014
2991
2944
3032
3000
3021
3002
2996
3008
3010
3010
3023
3019
2920
2996
2994
3013
142
2995
2986
2997
3019
2994
3000
1372
2982
3016
3011
2900
3018
3009
3040
3044
3024
3022
3018
2980
3033
1142
2981
3028
3024
2994
3001
3015
2980
2973
2971
2991
3016
2983
3029
2988
2995
3001
2976
3022
3014
2987
3009
2969
3008
3000
3004
3016
2992
3008
2921
3023
2987
2986
2997
3001
3003
200
3032
3009
2840
3028
3026
1645
2841
3010
3008
3008
3012
3032
2979
2992
429
3001
2969
3008
691
3024
2951
3000
2980
3037
2374
2956
3007
2442
3011
1977
3041
2987
2995
411
2990
2992
3040
3030
2974
3019
2963
3009
3061
3006
3000
3014
2999
2988
3048
3005
2929
2992
3009
3044
3004
3010
3018
2839
2998
3026
3031
3029
2986
3007
3030
3038
2992
3018
3017
1563
3025
3030
2739
3009
3009
2997
2985
2986
3037
2942
2203
2990
2250
1318
184
2972
3022
3038
3016
3014
2992
2913
3011
2989
2995
1443
3064
2993
3012
1933
2949
2983
2992
2978
3053
3010
3046
3073
2990
3006
3054
2999
2699
3029
2989
2980
3009
2960
2800
3006
2998
3025
2975
3037
1070
3042
3004
2939
3011
494
3019
3006
463
2943
3001
2992
2999
2965
3024
3016
3003
3008
3016
2986
2996
2985
2957
1203
3026
2990
3025
3024
3033
955
3001
3011
2356
2989
2864
2991
2318
2994
3019
1066
327
1830
2990
424
3018
3046
2979
3000
3022
3013
742
3042
3017
2989
2961
3023
2961
3002
2924
3023
3032
2985
2978
3006
2970
3030
2978
3025
3001
2997
2957
2138
2913
2988
3009
3020
2977
910
3006
1003
3008
3024
630
2968
2959
2126
3012
3039
3015
3023
3009
3024
2971
3000
3010
3002
3015
2973
3033
2983
3008
3009
451
2988
2100
2998
2977
2948
2115
2973
2616
3035
2998
2978
3005
3033
3011
2983
2991
2997
3014
3011
2964
3005
2942
3004
3003
2993
3020
3012
3013
2886
3018
135
2996
3008
2995
3022
3025
2998
2984
3029
3028
2981
2979
3007
3030
2998
3007
2996
3005
2976
3008
3002
2998
3027
3003
2997
2994
3030
3015
3003
3011
3018
1208
2986
2851
2956
3006
2979
2994
3072
3020
3015
2994
2997
1874
3013
2992
3025
3023
2970
163
1330
3005
3011
3020
2998
3017
2954
2988
2528
2987
2991
2970
2993
3061
3007
1268
3044
3077
662
2945
3015
3077
3018
2957
2942
2967
2997
3028
2984
2998
3006
1916
2988
3015
3089
3000
3022
3023
2992
2960
3016
2193
3009
3005
3019
3014
3025
2997
3001
3039
616
2992
3016
3017
3002
3009
1572
2979
3001
2993
3006
2988
2746
3027
2951
3030
3019
3007
2982
3050
3001
3012
3011
3035
3001
3009
3020
2992
3000
3049
2977
3027
2945
2983
3000
3026
2960
3023
1285
3012
741
2966
607
2974
2175
2952
3007
3022
3002
2992
2996
2975
2977
2927
2997
2997
2865
2999
2997
3029
3006
932
3020
3044
3013
2979
2981
2956
2714
2995
2911
2988
2968
1069
2992
3007
1520
3024
2992
2998
3017
3012
2990
178
3000
3015
3038
3007
3027
3001
2975
3024
1663
2818
2979
2967
3021
2590
3041
2994
2983
2986
2950
3001
2970
3008
3003
3020
3003
2941
3038
2977
2988
2937
3012
3014
2961
2964
2968
2967
2938
3035
2977
3020
2996
3004
3000
3006
3002
2996
3004
3024
2997
2985
2978
3007
2858
2984
3009
3016
3006
3002
3030
3035
3013
2969
1686
2989
2773
169
2971
2964
3024
2998
2989
2950
3008
3004
3009
3025
3007
3002
397
3034
2985
447
2990
3026
2338
3018
2978
3020
3020
182
158
2990
2999
2987
3000
3004
3017
3040
3004
378
3014
2955
3029
3016
2961
2942
2972
2991
3013
3038
3017
3017
3014
3067
2996
2948
3006
3002
3008
2981
3006
3011
3001
2994
2988
3029
3001
2959
460
2326
2998
2993
159
2980
3014
3020
3001
3027
3023
2995
3016
2983
2993
2995
3008
3004
3003
2978
2971
3000
2993
3013
2977
2971
2996
3012
150
2982
2996
3029
2987
2983
2985
2966
3005
2659
3033
2978
136
973
2910
2767
3020
2987
3019
2996
3043
3011
2996
2993
2971
1037
3002
2995
2974
3015
3004
682
113
209
3076
2040
3032
2957
3020
2995
2952
3011
3014
3034
3005
2996
1289
2947
2960
3000
3017
2863
2997
2997
2993
3031
2972
3008
3004
2971
553
2969
3003
2354
2180
2960
2982
3009
3020
3024
3014
3008
2968
2998
2992
2992
3007
2064
2996
2977
2986
3005
3011
3026
3008
2967
2961
3025
1073
2981
3013
2978
3008
3014
2969
3012
1926
3065
2103
2988
3011
2981
3027
3018
3004
2990
2989
3011
2936
3013
3054
2942
3003
2993
3018
2977
3007
2989
3025
3029
3022
2948
3008
2968
2969
281
3009
3000
3012
2999
2957
1941
2989
3013
3017
3013
3001
2948
2253
3005
3023
2872
165
645
2993
3019
2975
1448
2985
3034
2996
2207
3023
241
3011
2995
2977
2988
3012
837
2635
167
3008
3025
3022
3042
2981
3015
3035
3047
3011
2488
3083
3026
3006
3003
3001
3026
2985
2994
2992
2965
3018
3002
1597
2978
3023
621
3020
3032
3001
3007
3027
2994
3058
3023
2967
3031
3014
3045
3024
1339
2978
1019
3016
2952
3006
3020
3016
3010
2974
742
3023
3033
3029
3002
3026
3007
2988
2994
3030
3016
862
2996
3019
2973
1517
2828
2967
3011
3014
3019
3007
3012
3022
2974
3004
2981
2948
2990
2986
3011
3003
3007
3016
2999
3016
2995
3050
2460
2961
2984
3011
2995
3008
2985
3015
2993
2993
2953
2960
3002
2980
3097
2995
2987
3009
2997
2915
2984
3020
3058
2817
2990
2943
3016
2991
3001
3041
3013
3007
3003
2997
2937
181
3002
3006
2993
3007
3040
3032
2998
2998
2540
2998
2855
2993
3022
3017
2979
2959
130
3008
3021
3012
2997
2997
2989
3005
2484
3004
3009
3017
888
2973
2987
2999
2994
3007
3060
2979
3020
1439
3004
2945
3000
370
2942
3030
2991
1750
3007
2967
2982
3025
3029
2846
3000
3023
2967
3020
2977
2979
2929
2976
3039
3010
2995
3016
3018
3016
2939
3012
3012
3024
2947
3056
3001
2581
1902
2622
439
2982
2985
2979
180
3016
3036
2983
2994
3011
3007
3019
3007
3080
3027
1676
1237
3012
2975
2702
3021
2991
3020
2956
3025
2082
2986
3035
3007
2988
2968
3011
3030
2972
3020
2985
3001
3028
3010
2992
3004
3007
3029
3019
3027
2955
3030
1052
1281
3009
1452
1588
2991
3039
3001
2980
3000
3016
3037
3029
2984
2997
2941
3033
3010
2999
2995
2955
3051
934
3002
3009
2983
2995
2998
2969
3000
2992
2994
2991
3028
1233
2985
2948
3031
3000
3015
2453
3016
2104
2865
2993
2918
2652
3004
3000
3062
162
2986
3005
2500
2966
3009
2999
3016
2970
3018
2985
3002
3007
2713
3010
3006
2978
2990
3007
2983
2973
3001
3010
2996
3005
3033
3030
2996
3030
3104
2957
2973
3035
3007
2979
3107
2968
3001
3011
2991
3001
2985
3004
3000
2999
2973
2986
3009
115
2873
2966
3016
2985
2997
3005
2832
2986
3047
2970
3021
2982
3008
2979
3051
3001
2983
2998
3040
3034
2915
2992
2963
626
2989
2974
2997
3010
3006
2405
571
2995
3026
3038
3055
3037
3027
3036
2976
2994
2961
2999
3023
2986
3005
2999
122
2949
3000
2959
3022
2974
2990
3004
3014
3005
2785
3019
2987
2954
3046
3018
3001
1084
2975
2944
3003
2977
2966
2149
3017
2998
2991
3013
1599
2971
2984
3019
2905
3016
3004
2961
2513
2981
3043
3022
3016
3006
1398
3013
3011
432
2989
2931
3011
825
3008
3019
3016
2992
3008
3044
2957
3007
3022
2971
2991
2778
3033
2999
2938
2742
3011
2193
2971
2994
2961
3000
3009
2987
3002
2982
2980
3060
2986
2970
3035
3018
2998
2959
3008
2978
3018
3003
2880
838
1794
2999
2641
2993
503
2994
2997
2961
3071
3019
3025
2985
3007
2969
2987
3013
2993
2974
3033
1931
3012
2862
3021
1541
3016
3034
2976
2990
3022
2900
2993
2980
2999
2957
3028
2992
3051
2961
3008
3008
3024
3006
2996
3013
2868
3011
3007
2970
3017
3012
3018
3099
2334
2998
2976
2973
2983
3004
2994
2966
3029
2988
2994
3015
3007
3022
2965
2986
3037
3004
2977
1906
3007
2989
3077
3008
3009
3001
3011
3023
3029
3010
3020
3015
2978
1733
3014
3004
3020
2993
2979
382
2982
3015
2964
2963
3033
3005
1336
2962
2976
3001
3002
2899
2987
3010
2985
3004
2958
2961
3017
2992
2992
3015
3020
3000
3005
2970
2984
3014
2998
3000
2430
2976
2974
3005
2980
2997
506
2988
755
2996
1666
2988
3016
3004
3021
2594
3054
3001
2962
3005
2987
2988
433
3007
3023
3051
2986
2985
3019
2985
2919
3012
2996
3026
2956
3004
3006
193
2986
2999
1684
2993
3016
2704
3070
2990
2999
1663
2972
2994
3015
2987
3003
1062
3018
3012
2998
3035
3026
3020
3011
1638
2994
3014
3014
2862
3024
3027
3019
3022
3001
3012
3004
3022
2975
3021
2951
3009
3009
2990
2221
3024
3000
2992
3011
3025
2495
2982
3000
3007
2966
3007
3032
3010
3035
2985
3004
3003
2975
3021
2998
2956
2390
3018
2982
3026
3002
3026
3000
2976
2971
2993
3015
3008
2996
3017
3014
3034
2420
2672
3005
2358
1653
282
2973
3008
3009
1249
3056
3006
2990
2940
3017
3020
3018
2800
2981
2986
3013
2997
2989
3012
3001
3024
431
3020
3003
3012
293
1174
2988
267
3025
2994
3028
3007
3035
2947
2985
3007
3031
3010
3017
2967
3015
3018
3023
3016
2989
2161
3019
2985
2542
119
3010
2998
2998
2992
3004
2672
185
3014
3010
3025
3030
3034
3036
2981
3015
3011
2976
3007
2942
2997
2969
2994
2997
2973
3037
3042
2730
2970
2913
2974
1053
2987
3031
2989
2981
2997
2969
2985
2999
3002
2991
3008
3017
3011
713
3001
3010
2996
2963
3012
3038
3042
2991
2989
2981
3013
2994
2925
2988
2986
2952
3020
503
2976
3005
3003
3018
2989
3019
2964
2988
3020
3000
3045
3002
3012
3035
2968
2986
3017
2489
3008
3025
2956
3009
3006
3005
3006
2897
3006
3010
3040
760
3008
3001
3006
3027
3002
3006
2984
2871
2882
2999
1203
2983
2973
3009
2992
3021
1974
2215
3006
2998
3008
3023
2997
3014
3006
3024
2991
3060
2971
2999
2991
3006
2980
2972
3013
380
2170
3010
2993
2992
2995
3032
2603
2933
2976
1713
2996
2952
2972
3012
3020
3013
2972
3025
2986
2954
3021
2994
2829
2992
2996
2973
3035
3087
2945
2956
3019
3006
3002
3004
2988
2979
2998
2917
2835
3048
2994
2989
3038
3022
3012
2651
3014
2997
3016
3006
3002
2985
2974
2982
3014
2997
3003
2973
2985
3023
3023
3015
2980
2874
654
3040
2993
2982
2998
2982
2987
918
3010
3005
3011
2986
2990
3002
2999
3026
3014
3023
3021
2925
3018
242
3023
3003
2996
2570
194
1517
2962
3001
2997
2955
3014
3003
568
3025
3011
3016
2989
3006
3001
2959
2988
2947
2991
2995
3016
3031
2547
3007
3019
3007
3004
3001
2952
3018
2980
2999
330
2970
3028
3019
1887
3011
2979
2961
2993
3004
2532
3030
3014
2956
2977
1826
3002
3011
2978
2976
2978
3016
3019
2983
2998
3013
3006
2979
3046
2752
3026
3012
3022
3009
3037
2448
3020
1044
2986
2987
3025
2429
2991
2986
3011
3029
2253
3003
2959
2967
142
2969
2991
3016
2941
2996
2992
3012
2984
3031
3010
3015
3026
3016
2990
3014
3004
3073
2971
3017
2992
3076
2985
2987
2210
2995
2080
2974
3016
2950
2994
3033
2971
965
3029
2990
2996
3023
3043
967
2989
2974
2964
2991
3012
2998
2963
195
3030
2957
3015
2987
3015
2998
3011
3026
2990
2629
2995
2978
3012
3029
3035
3037
3014
3015
3037
3019
3016
2989
2966
2983
2991
2990
121
2220
2988
3012
3018
3028
3018
3011
3007
2980
2976
2989
3017
3030
3049
2994
3031
3003
2999
3012
2995
2977
2941
3016
3011
3003
3002
2954
2993
3012
3010
2990
2997
3024
2995
3022
3005
3020
3024
2941
3002
3016
2463
2999
3010
1974
3017
2998
3012
2998
3001
2982
2986
3005
3012
3034
2840
3018
3027
2856
3002
3006
2996
2986
2980
3006
2995
2979
2825
3022
3032
2973
3001
2990
3004
2984
3024
2651
2991
3010
3034
2680
1161
2943
3021
2994
3032
1074
2004
586
2982
2980
3028
2977
2942
3025
3000
3005
2454
3055
3013
3009
3026
3010
2991
2989
3006
2835
2993
2998
3037
2957
2996
3017
3015
2978
2967
3005
3022
3020
2983
2978
1201
2984
3059
3018
3007
3014
3021
2995
3010
3018
2973
3003
3028
2998
3029
2959
2410
3039
211
2333
3010
3011
2993
3053
2921
3010
3082
2977
2990
2939
2985
2993
2992
3002
2977
2792
2141
3018
3019
3013
3013
2973
2969
2988
916
3005
2999
3004
143
2990
3020
2999
2997
2969
3003
2959
2907
2997
3091
2950
3041
3059
3014
3003
3000
3010
2992
2992
991
2521
3011
2992
2998
2984
2989
2987
2957
2950
2954
2983
2940
2983
2998
3011
2985
3021
3001
2978
3009
3033
3022
3007
3016
1460
3001
2938
215
2987
3016
2144
3012
3043
3003
3009
2996
3063
3031
3019
2345
2991
3007
3017
1614
2988
3002
3012
2971
3016
3015
3016
3014
2971
3023
424
2997
3026
3006
3000
619
3027
2963
3024
2980
2966
2986
2991
3007
1114
3008
3000
3058
3006
2985
2988
2957
3008
3011
3014
3018
3030
3005
3028
2987
2075
3106
283
2999
3006
3028
2979
3016
2997
3016
3020
3037
1875
2981
3015
3020
3026
3000
1549
2975
2997
2942
2839
2912
1888
3003
2720
3001
2980
3013
2126
3013
3007
3025
3034
2947
2998
3017
3012
748
2948
3026
3010
2995
2924
3015
2998
2993
2991
3002
3017
2990
3016
3011
3022
2928
2977
3013
2984
3017
3030
3008
956
3051
2980
3028
2991
3020
3021
3000
1597
2641
2984
2998
2983
2967
3011
3029
2996
2951
3031
174
2977
3012
2981
3001
3010
2601
3085
3015
2987
3031
2950
945
3043
3011
3005
3018
2991
3032
2999
2985
2675
3006
3047
2990
3031
853
3041
2962
2979
2975
3001
2627
3011
3025
2997
2995
3016
3010
2724
2990
2994
3014
2992
3006
2995
2993
2993
1210
3027
3009
3028
2970
3019
3046
3026
2981
3009
3028
2999
3005
2990
2980
3027
3000
3014
144
3022
2710
2988
2151
3010
3042
2977
3047
2992
3033
2999
3016
3027
2966
2291
2995
3021
959
576
3017
2988
3008
2975
2992
3005
2986
3007
2598
3039
3011
2981
2811
2868
3030
2361
3007
2989
2993
3006
3076
2571
3066
2992
2970
3004
3006
2982
3006
2996
859
1976
2976
2982
3014
2981
173
2999
3017
3021
2972
3011
3024
3010
3017
2928
2983
2997
3015
2523
3001
1478
3036
1078
2975
2998
3025
3005
3016
2973
2951
2989
3003
2992
135
2953
3014
3007
2819
2966
3011
2999
3018
2898
2953
2972
2980
2997
1004
3007
3053
3005
2700
349
3071
2986
3019
162
3024
2955
2992
3039
3037
2997
1357
2971
3029
2993
2986
189
3003
2865
2992
3000
2983
2111
3035
2838
2989
2998
2984
3068
535
3018
995
3000
3019
2976
1974
2808
2982
2948
2517
3018
3013
3026
1774
3049
3016
2956
2984
2972
3025
2915
3003
3060
3016
3012
3000
2991
3016
2986
3000
2437
3009
3018
2969
3001
3009
2995
3021
3019
2985
3029
3022
3018
2921
1303
2966
3010
2987
3014
457
3009
2938
3005
2999
3018
2970
2996
2999
2087
3016
3008
3013
2984
3005
2998
3011
3044
172
2838
3016
3016
2975
3028
2998
3021
2835
2973
3007
2982
2987
3004
3025
3030
3036
3012
3005
2997
877
3014
3037
2986
2374
3027
3022
2999
2989
3026
2980
1765
3033
3003
2823
3000
3025
3038
3004
2983
3026
3009
3018
3035
628
2988
3029
1963
3007
2997
2980
3014
3009
3030
2985
2992
2999
2360
183
3028
3004
2990
2978
3013
2997
3046
2961
1316
3003
3008
3005
3010
545
2612
3002
2996
3033
3022
2989
3031
2991
2268
2994
3008
2526
2989
2986
949
2987
3003
3031
2997
2905
3050
2974
3011
3024
2977
2990
2828
2980
2997
3050
2999
2982
3021
2990
2981
2387
3010
2998
3036
2960
2969
2992
3016
1401
2824
3012
2983
2721
679
2995
2067
3026
1909
2362
3025
3014
2997
2313
3028
3020
1909
3023
3000
1162
3015
3005
3017
2989
2863
3000
3017
2997
2974
3006
2975
3064
3022
3017
2978
2973
2983
2203
2981
2994
3032
2430
3007
3019
3026
1217
2995
3092
3009
2989
3012
1597
3026
3000
2952
2985
2975
2979
3027
2954
3008
2976
3016
3016
2999
2998
2990
3009
3022
2975
3086
2998
3009
2927
3020
2987
3068
2958
3007
2980
3031
3011
3019
2994
2991
3030
2969
3020
3006
2983
2963
2997
2988
2976
2986
3018
2990
3004
3002
3028
2666
3010
2997
3014
765
3013
3013
2435
2979
2970
1171
3019
3022
3027
2865
1913
3001
3003
3018
2981
3006
2959
2992
3008
127
3026
3027
2985
3013
2935
3073
3030
2923
3018
3025
3015
2489
3028
3022
2964
2992
2075
3013
2989
2975
3016
2993
3000
2472
2946
2998
2971
3015
3028
3020
3001
2986
2999
2972
3007
1337
1993
2989
3033
2975
3007
2976
3034
3023
3009
2395
2927
3013
3022
2866
3015
3002
2986
3003
2995
3031
3000
2518
2998
3011
3016
3003
3007
2987
2977
2494
2994
498
2982
2945
2979
646
3013
3001
2925
2978
3006
2990
2985
2983
3022
2958
1294
3028
2988
2991
3006
3008
3019
2957
2981
2997
2981
3025
2973
2962
2997
2970
2897
3007
2383
2998
3028
2572
2951
3005
1599
2991
2959
2983
2996
1281
1270
2998
2215
2991
3005
3008
3012
947
2996
2890
3038
3013
3000
2984
3018
2987
2870
2987
902
3006
1256
2962
1798
3016
3006
822
3038
2886
3089
2996
1831
3023
2954
3029
3014
469
3044
3009
2995
3017
606
2953
3007
2994
3013
2082
2954
3001
2988
3016
1869
2982
2966
2997
117
3016
3003
3038
2964
1133
3007
476
3004
3013
3007
3005
2998
3030
3013
2021
3036
3008
2954
3021
2956
2985
2981
3037
3036
3022
3005
3074
199
3025
3005
3023
2999
2998
3030
1234
3011
3004
2993
3040
3013
160
2962
2971
2990
2991
3007
3025
2986
2994
2986
2911
3023
2048
2934
275
2637
3022
3006
2995
3024
3023
3008
3022
3027
3001
3026
3002
2897
3041
2997
3033
3018
2963
3016
2991
3013
3042
2996
2993
2974
3001
2970
3024
2975
1146
2940
2980
310
719
2983
3026
2991
3024
2985
2985
2970
2982
3007
3016
1957
3008
3022
3032
2999
2966
2844
229
3039
2956
2994
3060
2509
3008
2999
2997
3034
2993
2999
3008
3028
3014
2986
174
238
3003
453
3024
3015
2976
2998
3003
3001
2984
3017
2446
2997
599
3015
2994
3012
492
3003
2998
3014
3016
2966
1635
2993
2991
3055
2540
3003
3005
3013
3018
2991
2613
2995
2994
3001
3002
3016
2986
3002
1822
3050
139
2991
2972
3001
3004
3009
646
2976
3043
2987
2968
2992
3014
2998
2982
3026
3002
2986
3027
2970
3014
3024
3002
3059
3027
2433
3024
2955
2347
232
780
2862
3001
3004
2941
2972
2978
3017
3041
3044
2990
3002
3049
2990
3000
3016
3004
2987
2942
2977
2981
3012
3033
3023
3008
2903
2972
3018
2968
2995
2911
2980
3005
3024
1959
3028
2961
3011
137
2016
3021
1779
151
2999
2997
2855
3012
2984
2987
2982
3036
1234
3039
199
2170
2999
3012
2942
1546
3035
2995
3008
3012
3028
3005
2987
2978
3019
2996
2950
3000
3000
3010
2976
3012
2997
2998
3016
2978
3005
2171
2978
3026
2995
2813
2984
2982
3023
2978
3021
2971
2995
3006
2444
2970
2805
726
2991
3015
963
2978
2985
3016
3002
3001
562
3011
3018
2971
1614
2937
3067
2969
3007
3017
2992
3020
3010
3022
2995
3022
3002
3038
2995
1380
2877
3016
3021
3003
2974
3027
2903
2992
2998
3021
3006
1530
2989
2986
3017
2970
2965
2558
3003
2978
460
3011
1880
2961
3021
2988
1978
3006
3033
2983
3006
2625
2965
3023
3037
3053
3016
1449
3005
3006
2845
2989
128
2997
3034
2897
2981
2986
2996
3002
3015
3020
2984
2994
3042
2977
3010
2992
2970
2956
2996
1683
3009
2969
2995
3014
3006
2996
2982
2956
2960
2650
3028
3018
3003
2978
2996
2982
3005
454
3030
3012
2814
3028
3016
3015
2992
3021
3023
3021
2996
3035
342
2999
2992
2923
2998
3052
2992
3010
3003
3003
2993
3008
2882
2997
3007
2968
2822
3040
3023
1393
3015
3002
2992
3004
3013
2990
3007
3014
2992
3008
3035
2342
3030
2998
3021
2994
2958
3008
2970
3035
3025
3014
2990
2887
3008
3047
853
3017
2993
3010
2998
3040
193
3012
3021
3001
3004
3017
3015
3004
2497
3000
1277
2976
2982
2995
3033
3029
3005
2990
2988
2957
2991
2975
2986
3023
2993
3016
2985
2979
3000
3020
2994
2989
3023
3007
3007
3033
2914
2931
3020
2997
3011
3011
2987
3024
2984
3039
3028
3007
3008
463
3002
2991
3034
1705
3013
1804
1445
3014
3007
3006
3002
3006
2981
3023
2262
3031
2973
3022
3016
982
3000
3027
1611
3023
3016
3038
3017
3008
2972
2990
2967
2975
2972
2971
3008
2991
2729
2964
2988
3007
3027
3024
2933
2780
2933
2920
3006
1284
3002
2862
3002
2972
3008
2969
3009
3006
2153
3001
3012
2972
2379
3013
3002
3015
2875
2989
3020
2988
2990
3009
2950
3010
2975
3020
2991
3025
3006
3025
3008
3001
1496
1728
1918
200
2991
2976
2999
2944
3001
2992
3019
343
3018
3013
3004
2930
2965
3037
2956
2974
3026
3006
3024
2974
3011
2998
3008
2964
2971
3041
3008
2954
2977
2955
2949
2988
2988
3040
3010
2998
3000
2945
3021
2977
2977
2947
2990
2985
3012
2715
2480
3014
2986
2965
1176
3019
2973
1246
2974
2984
2995
2982
2996
132
2983
2984
3028
2975
3030
3012
3023
2888
667
3028
3016
2989
2997
3008
2996
2999
2883
3029
3001
2878
3002
2994
2971
3010
2998
1559
2951
3002
2993
3069
2983
2998
2990
3006
2982
2973
2973
2992
2993
2544
2989
3029
3001
2940
3016
3029
2951
2983
3017
3004
3050
2975
3083
2108
2972
3001
2966
3030
2990
3008
3020
2988
2994
3003
3001
3042
3026
3027
2985
3010
2475
2993
3051
3013
2973
2984
2995
2964
3030
2992
3008
3003
2991
1479
2998
2988
2983
2982
2937
3014
3033
2998
3060
622
2998
3027
3021
2978
2994
2981
2995
3069
2997
3067
2999
2992
807
2974
3015
2977
3027
2970
2989
2966
2994
3054
