1544
1549
1098
1554
1554
1530
1548
1565
1539
1190
1541
1526
1533
1538
1546
1551
1544
1547
1560
1548
1536
1552
1552
1535
1554
1541
1534
1545
1554
1549
404
1556
377
1556
1563
1552
1249
1560
1551
1549
359
758
1529
1550
995
1546
1553
1536
1532
780
1548
1542
1533
1539
1524
1552
1554
1557
1457
1555
1542
1541
1543
1539
1089
1555
1548
761
1546
1551
1548
1552
1528
1548
1549
1545
1534
1539
1557
1550
351
1539
1568
1542
1547
1557
1548
1546
1529
1535
1537
1553
1547
1558
1550
1543
1562
801
1551
1549
1544
1547
1547
1526
1561
1545
1533
1540
1549
1550
1547
1549
1505
1535
1457
1542
1552
1536
1551
1547
1536
1548
1555
1551
1551
1121
1553
1171
1552
1536
1556
1549
1552
1552
965
1559
1552
1556
1556
771
1565
1540
1516
1558
1558
1535
1569
951
1547
1549
1543
1558
1549
1552
1309
1541
1552
1009
1543
1531
1561
1547
1544
1541
1564
1080
1540
1549
1560
855
1554
768
1549
1553
1539
1560
1557
1543
1520
1540
1549
1551
805
1564
1567
665
1570
1534
1555
1540
1550
1551
1543
1512
1542
1550
1541
1547
1541
1523
1541
1547
1543
1538
1520
1529
1548
1545
1534
1550
1553
1531
1540
1533
1536
1551
1550
1536
1093
1530
1540
1549
1543
1538
1545
1554
1545
1550
1553
1555
1556
1558
1555
1559
1549
1549
1547
1551
1036
1549
1560
1553
1533
1550
1040
1539
1550
1143
1533
1549
1541
603
1527
1556
1546
1565
1543
1532
811
1554
1547
1553
853
1557
1565
364
1553
1557
1551
1551
1552
1537
1545
767
1550
1556
770
1552
1533
1550
1546
1545
1546
1555
1552
1534
1259
1546
1531
891
1541
1543
955
1554
1510
1544
1534
1543
1548
1546
1561
1544
1546
1546
1545
551
1552
1549
1557
1534
1566
1543
1550
1546
1460
1553
1560
1266
1075
1561
1563
1556
1544
1547
1552
1545
1556
1528
1560
1525
1541
1572
817
1541
1539
1547
1114
1140
1534
1544
1548
1541
1544
1528
1537
1538
1548
1548
1523
1542
1519
1530
1548
1526
1538
1547
1542
881
1544
1552
1003
1525
1549
1536
1547
1556
1554
1544
1538
1554
1558
1534
1553
1537
1113
1556
1554
1545
699
1546
1525
1540
1501
771
890
1565
1553
1551
1549
1557
1533
1534
1539
1547
1545
1552
774
1560
1545
1554
1555
1553
1522
1542
1541
1546
1539
1543
1547
1558
1557
1543
1529
1541
1552
1551
294
1551
1561
1557
1555
1094
1535
1551
1408
1546
1549
1536
1554
1539
823
1545
1510
1546
1556
1550
1479
1512
1524
1555
1545
1557
1548
1532
1543
1529
1543
1544
1554
1506
1534
1541
1537
1539
1533
1542
1526
1542
1234
1539
1532
1551
1521
1556
1548
1534
1549
1546
1549
1544
1550
1545
1545
1542
1557
1534
1557
1529
1545
1544
1548
1520
1551
1527
1517
1533
1546
898
1543
1552
1555
1554
1549
1546
1538
1546
1541
1545
1536
1538
1532
1546
1554
771
879
1536
1546
1557
1546
1542
1550
1551
1549
1549
1547
1551
1548
1540
1550
1560
1531
1542
1545
1547
1544
1531
1539
1538
1533
1545
1554
1544
1546
1547
1535
1533
1548
1556
1547
1544
1529
1545
1538
1548
1551
1548
1548
1543
1546
723
1553
1538
1518
1549
1542
1548
1550
1552
1546
1559
1551
1547
1552
1550
1555
1539
1553
1541
1528
1272
1556
1542
1542
1550
1548
569
1292
1123
1412
1559
1553
1551
1555
1556
1561
1541
1549
1549
1540
1538
1551
1548
1560
1561
1543
1559
1548
1564
1539
1547
1544
1536
1540
1549
1544
1544
1544
1538
1542
1553
1541
1544
1543
1545
1537
1168
1543
1551
1550
1557
1534
1549
1235
1543
1527
1537
1550
1545
1550
1530
1550
1508
780
949
1561
1553
293
1547
1560
1547
1551
1542
1439
1532
1562
1540
1547
1539
1527
1538
1528
1526
1530
768
1547
1557
1147
1565
1529
1547
1546
1548
1550
1540
1561
1547
1542
1544
1032
1540
1548
1508
1549
1538
1523
1549
1550
1561
1453
1529
1551
1561
1543
1569
1558
1559
1535
1545
1541
1547
1536
1550
1526
1552
1069
1553
1549
1551
1525
1538
1549
1514
1527
1549
1544
1544
1232
1557
1557
1555
1540
1544
1544
1551
1542
1545
1545
1548
1539
1547
1536
1553
969
1536
416
1554
1563
901
1226
1553
1558
1546
1539
732
1542
1546
1558
1362
709
1555
1551
1546
1552
1544
1547
1549
1549
1534
1523
1557
351
1527
856
1565
1554
1553
898
1386
1559
1559
1562
1556
1542
1548
1419
1538
1535
1546
1538
1125
1550
1554
609
1564
1540
1546
1542
841
1555
913
1559
1521
1555
1405
1546
1554
1548
1546
1549
1549
665
1541
1542
1550
1543
1557
1553
1542
1531
1547
1544
1553
1525
1539
1541
1541
1541
1539
1525
815
1549
1549
1547
1536
1548
1558
1558
1556
1559
1547
1544
1549
755
1550
1545
1551
1547
1546
1544
1116
1552
1551
1547
1544
798
307
584
1542
1531
1376
1521
1538
1548
1549
562
1543
1545
1543
1544
1533
1544
1545
1554
1550
1553
1553
1551
1545
1532
1547
1547
1533
1546
761
1555
1560
1544
1515
1575
1449
1550
1450
1548
1553
513
1567
1547
1546
1563
1548
1552
1550
1532
1542
1548
1554
1550
1557
1541
1177
1541
1544
1546
1342
1559
1543
1554
1531
1544
1552
1528
1553
1536
1533
346
1552
1538
1555
1473
1542
1536
1558
1547
1546
1550
1553
1555
1554
1551
1520
1549
1527
1507
1553
884
1540
1558
1552
1549
1546
1556
1507
1543
1531
1540
1535
1548
1542
1554
1544
1545
1541
930
1543
1543
1541
1540
416
1537
1546
1555
1542
1524
1335
1541
1550
1514
1533
1554
1532
1556
1551
738
1525
1537
1520
1549
1550
1537
1544
826
1543
1547
1547
1550
1525
1544
1553
1541
1539
1265
1549
1546
1545
1478
1553
1558
1553
1556
1540
1548
1542
796
909
1503
1539
1545
760
1520
1551
1561
1552
1547
1546
1549
1544
1546
1543
1548
1538
1551
982
1537
1541
1528
789
1534
855
1535
823
1555
1532
1556
1565
1185
1536
1564
1533
1549
1556
1551
1544
1530
1530
1516
1552
822
1550
1497
1544
1538
1452
1545
1539
1554
1544
1555
1548
1543
1024
1554
1554
1560
1543
1547
1531
1428
1550
1534
1559
1558
1558
1541
1558
1563
1555
1541
1551
1550
1553
1545
1003
1550
1546
1547
1543
1549
1541
1557
1552
1559
817
1556
1548
1546
1527
1513
1551
1531
1537
1537
766
1552
1546
1550
1530
1537
1545
1553
1546
1559
1534
1554
1555
1545
1185
780
1558
1446
1551
1541
1560
1556
1541
1544
1553
1541
1549
1549
715
1543
1509
1551
1558
631
1552
1549
1314
1550
1558
1549
1540
1534
1070
1542
1564
1561
1535
1552
1511
1544
1552
1548
1536
1498
1544
1540
1554
1520
1547
1558
1542
1456
1531
1560
1548
1549
531
1502
1541
1550
1543
1543
1542
1539
1532
1548
1548
1536
1551
1539
1540
1550
1539
1552
1549
1528
1550
1539
1324
1546
1539
1543
1531
1536
1544
1526
1548
1553
1553
1549
1538
1540
1544
1522
1553
1545
1534
1527
1009
1545
1541
1537
1265
1543
1545
1552
1555
1549
1555
901
1550
1534
1548
1558
1555
1546
1556
1541
1543
1541
1303
1538
1550
1519
1557
1532
1539
761
1550
1530
1547
1542
1562
1547
1558
1542
1547
1545
1537
1536
1547
1538
1548
1553
1558
1544
1549
1565
1529
1543
1549
1545
1557
1547
1527
1548
1425
1541
1532
1549
1561
1553
1552
1552
1108
1526
1545
1548
1540
1377
1516
1548
402
1555
693
1549
1552
1398
1547
1550
1543
1537
1550
1538
1544
1533
864
1561
1549
1542
791
1551
1563
1357
1539
447
1567
1549
1544
1552
1542
1535
1541
1536
1552
445
1531
1513
567
1531
1555
1528
1474
1545
1553
1529
522
1473
1550
1543
1514
1541
1540
921
1546
1550
1514
1553
1548
1542
1539
1540
1269
1540
1512
1536
757
1539
1537
1541
1547
1544
1552
1531
1549
1550
1184
1562
1548
1567
1547
1539
1537
691
1549
1556
1552
1551
1532
1550
1557
1543
986
1548
1514
1545
1094
1011
1551
1548
1535
1547
1531
1538
1564
1555
1562
1545
1554
1526
1513
1544
895
1542
1566
1549
1552
1543
1548
1565
1553
1535
1550
1542
1564
1161
1550
1548
1561
1257
1534
1551
1546
1546
1548
1550
1547
1525
766
1544
1543
1541
1535
1551
1449
1562
1568
1553
1557
356
1554
1541
1532
1539
1547
1542
590
1551
1553
1543
1554
1506
1551
1554
1545
1529
1559
1554
640
1545
1549
1528
1542
1533
1544
937
1552
1547
1532
1537
1064
1547
1522
1541
1552
1545
1549
1536
1554
1552
1563
1535
1543
1553
1550
1552
1549
1208
1544
1542
1541
1542
1181
1554
1558
1563
1112
1552
1554
1561
1552
1547
1543
1546
1548
1488
1545
1548
1129
1553
1545
1541
1552
1536
1539
1284
1556
1533
1552
1528
1540
875
1552
1555
1553
978
1556
1555
1542
1526
1552
1486
1540
1552
1553
1549
376
1545
949
1548
1555
1546
1549
1403
1545
760
1553
1555
1554
648
1559
1554
1552
1540
1548
1551
1545
1543
1555
1533
1538
1545
1550
1531
1552
1553
1541
1535
1527
1535
1537
1536
1537
1543
1529
1539
1544
1007
1544
1531
1533
1540
1552
1553
1540
1544
1539
1547
768
1547
1543
1549
1551
898
1552
1523
1534
1543
1538
1533
1544
1545
1547
1548
1542
1544
1550
1553
1554
1547
1554
1019
1560
1555
1554
1538
1556
1560
1552
1555
1554
1506
1548
1498
1557
1545
1546
1544
1530
1544
1534
1543
1571
1538
1533
1531
1546
504
1543
1543
1538
1377
1544
1525
1549
1545
1539
1551
1530
1553
1198
1516
770
1553
1548
1548
892
1547
1550
1536
1549
1560
1465
822
1565
1182
1555
1558
1548
1556
1547
1553
1545
1559
1545
1533
1548
1548
1532
1536
1527
1521
1544
1521
1539
1484
895
1559
1552
1524
1551
1548
1551
1542
1545
1530
1538
1550
737
1552
1553
1546
1551
1530
1538
1513
1542
1538
1546
1537
1549
1543
1543
1540
1549
1548
1546
1543
1542
864
1547
1348
1534
1540
1547
1547
1530
1526
1545
1537
1546
1545
1537
1541
1545
1534
1551
1554
1565
1544
1548
1554
1311
1571
1552
1523
977
1558
1540
1542
906
1551
1561
1549
1550
1555
1555
1547
1550
1545
1545
1541
1530
1551
1555
1551
1541
1552
1560
1539
1558
1536
1548
1547
1557
1555
1553
1549
1540
1545
1541
1550
1547
1560
1549
1545
1076
1530
1545
1550
1549
1532
663
1554
1543
1547
1548
1320
1554
1551
1542
1555
1537
1551
1548
1542
1546
1546
1552
1553
1538
1547
1558
1547
1556
1539
1534
1547
1563
1527
1543
1556
1545
1550
518
1459
1551
1544
1553
1553
1530
1534
1549
1340
1547
1559
1536
1536
1505
1547
1551
1548
1545
813
1537
1550
1551
1532
1528
1541
1530
1527
1550
910
963
1548
1550
1541
1527
1543
1549
1539
1541
1542
1538
1554
1546
1539
1546
1539
1546
1532
1541
1555
1540
1531
1545
789
1549
1543
1332
1542
1559
1556
1540
1554
1549
1552
1547
1534
1547
1545
1538
684
1523
1556
1541
1549
608
1555
1548
1187
1546
1543
1558
1110
1555
1540
921
1550
1556
1526
757
1545
1559
1549
1564
1289
1535
1547
1541
1531
1554
1544
1533
1543
1532
1544
1535
1556
1555
1553
1548
1560
1560
1556
1531
1547
732
1523
1547
1112
1560
1532
1524
1560
1543
1542
1547
1554
1550
1067
1553
1526
1543
1546
1548
1555
1551
1552
1536
1557
1556
1544
536
1548
1542
1544
1541
1546
1551
1559
1538
1550
1553
1542
1548
1560
1553
1563
1554
1534
1553
1547
1520
1555
1545
1545
1523
1544
1539
1524
1536
1550
1551
1544
1545
1534
1554
1547
1559
1546
1552
1553
1330
1548
977
1547
1552
1548
1553
1557
1547
1551
1546
1549
1554
1538
1553
1550
1550
1565
1554
1562
1544
1546
1559
1558
1423
1559
1499
1545
1539
418
1556
1550
1549
1554
1566
1570
1549
1544
1487
1557
1552
1539
1544
1554
1398
1546
1544
1543
1539
1545
1551
1525
1559
1546
1488
1528
1126
1549
1551
1560
1546
1528
1554
1543
1530
1542
1531
1541
1547
1540
1561
1549
1546
1547
1549
1134
1550
1542
616
1541
770
1550
1518
1551
1548
1550
1536
1531
1545
1544
1546
1151
1562
1557
1546
1556
833
1558
1461
1553
1553
1539
1565
1544
1556
1550
1545
1540
1534
1545
1518
1524
1546
1537
891
1547
1515
1550
1548
1559
1568
617
1560
1547
1554
1562
1533
1541
1544
1555
468
1550
1552
541
1552
1549
1543
1539
1509
1532
1531
1547
1532
1547
1545
1558
1557
1540
1537
1546
1545
1539
1545
1549
1539
1555
1543
1540
1481
1544
1525
1555
1558
1549
1545
1532
1536
1535
1548
1548
1112
1554
1526
1535
1549
1552
1546
1558
1548
1426
1549
1552
1544
1555
1042
1552
1560
1563
1555
1527
1534
1552
1544
1536
1559
1551
1520
1507
1549
1546
1563
1548
1533
1559
1548
1553
1547
1544
1544
1562
1541
1549
1539
1544
1535
1543
1336
1532
1548
1533
1549
1543
758
1557
1549
1550
1552
1542
1547
1536
1550
1522
1548
1555
1164
1551
1546
1045
1551
1539
1544
1550
1526
1555
1552
1544
1554
1539
1535
1545
1543
1511
1539
1541
1527
1559
1549
1048
1557
1551
550
1553
1555
1553
1325
1405
1557
1539
1552
1531
1547
1552
1534
1560
1542
1543
1548
1544
1555
1551
1544
1557
1550
1560
1538
1547
1554
1546
1542
1537
1545
1564
1561
1549
1557
900
1543
1552
1438
1548
1535
1550
1551
1545
1543
1535
1550
757
1548
1547
1528
1536
1541
1541
1314
1533
1546
1530
1543
1546
1553
1543
1548
1553
1555
1541
1554
1510
1525
1538
1543
1538
1555
1541
1519
1548
1551
1554
1552
1543
1545
1548
1552
1539
1530
1551
1558
1541
1549
1539
1536
1505
1546
1539
1553
1522
1545
1525
1546
1535
1499
1546
1545
1533
1544
1543
1555
1544
1557
1527
1546
1541
1543
1546
1536
1530
1505
1545
1541
1550
1555
1537
1546
1504
1538
1524
1534
1555
1540
1546
1550
1550
1557
1538
1049
1507
1530
1528
1545
1547
1551
1544
808
1540
1256
1537
1549
1507
1093
1542
1326
1540
1548
930
1562
1554
1550
1546
1551
1540
712
774
1557
1556
1543
1535
1559
1547
1549
1546
1529
1547
1543
1286
1536
1541
1552
1539
1529
1539
1549
1544
1539
1549
1552
1542
1543
1551
1553
1543
1547
1546
1534
1537
1552
1538
1541
1563
1560
1548
1533
1540
1557
1556
1552
1552
1540
1549
1541
1545
1555
1540
1529
1548
1174
1534
1527
1543
1530
1076
1488
1548
1545
1551
1550
1529
1541
1543
1533
1512
1527
1519
1546
1536
1520
1551
1540
1540
1535
1540
1503
1537
1529
1547
1554
1553
1546
1548
1524
1556
1543
1543
1535
1544
1548
1547
1555
1529
1545
483
772
1552
1549
1546
1554
1551
1544
1543
1539
1542
1558
854
1535
612
1559
1548
1541
1472
1567
1308
1556
1557
524
1558
1546
1527
1557
1018
1549
1554
1560
1566
1560
1534
1552
1546
1541
1551
1544
1534
1526
1523
1529
1545
1550
1132
1519
1561
1543
1542
1544
1516
1137
1536
1551
1533
1543
1554
1552
1532
1548
1511
1558
456
1349
1545
1554
1546
1545
1551
1558
1553
1546
1550
1539
1537
1538
1387
1547
1371
1177
1549
1554
1546
1559
1541
1551
1551
1536
1556
711
1554
1562
1552
1549
1546
1545
1545
1162
1556
1546
1548
1548
1539
304
1546
1544
1542
1543
1551
1542
1531
1547
1529
1529
1526
1535
1542
1198
1535
1548
1518
1550
1531
1554
1552
1547
1558
1523
1550
1545
1546
1545
1547
1547
1549
1541
1482
1523
1545
1548
1549
1541
1557
805
1546
773
1547
1536
1565
1533
1547
1541
755
1534
1552
1539
1531
1515
1555
1520
1546
1529
1545
1541
1542
1554
1556
1553
1544
1413
1546
1541
1536
1554
1549
1537
1547
1110
748
1459
1545
1548
805
1555
1544
1553
1546
1546
1553
1551
1538
1503
1528
1549
1551
1092
1559
1547
1535
1540
1313
1544
795
1546
1545
1555
1547
1553
1546
1555
1542
1558
1238
1543
1490
1545
1527
1549
944
1530
1549
1522
1555
1569
1560
1549
1526
1556
1546
1554
1559
1543
1551
1524
1555
1544
1548
1505
1543
1549
1520
759
1553
1555
1547
1549
1539
1547
1548
1540
1544
1540
1548
1148
1532
1545
1536
775
1551
1540
1550
1555
865
1546
1528
1527
1519
1524
1539
1528
1537
1546
1529
1547
1543
1520
1084
1536
1559
1552
1516
1545
1552
1464
1547
1545
1559
1546
1550
1545
1544
1528
1368
1541
1556
1534
1543
1557
700
1549
1531
1547
1547
1558
1535
1551
1545
1539
1546
1549
1546
1551
1561
766
1106
1529
1283
1550
1549
1545
1535
1536
1554
1538
1536
1546
1535
1309
1556
1541
1543
1543
1548
1513
1538
1546
1549
1486
1549
1522
1542
1547
1540
1548
1546
1546
1544
1558
1269
1555
1535
1332
1557
1531
1540
1543
1495
1543
1550
1317
1561
762
1539
1541
1544
1553
1547
1544
1543
1542
1550
1541
1514
1550
1539
1541
1539
1536
1071
1544
1551
1550
1539
1307
1139
1557
1543
1544
1536
1544
1541
1540
1549
1544
1532
1552
1538
1557
1556
1552
1522
1534
1536
1558
1560
1539
1545
1529
1558
1547
1551
1541
1540
1546
1540
1550
1548
1545
1549
1541
1541
1524
1539
1537
1537
1538
1539
1527
1545
1532
1546
1546
1545
1554
1553
1551
1545
1548
1301
1551
1551
525
1536
1548
1537
1535
1533
1539
1543
1541
1544
1539
1550
961
1494
1541
1537
1567
1542
1551
1545
1548
1548
1540
1547
1557
1539
1553
1533
1529
1549
1549
1553
1550
1525
1559
1545
1532
1550
1554
1550
1548
1540
1528
1547
1546
1516
1545
1551
1531
1560
1553
1524
964
1539
1551
1531
1549
1542
1525
1547
1548
1547
1547
1549
1555
1549
1548
1538
617
1546
1555
1551
1032
1531
793
1546
1546
1531
757
1551
813
1331
1542
1554
1560
1556
1550
1565
1554
1562
1554
1547
1555
1550
1555
1548
1546
1530
1543
1531
1544
631
1523
1001
1546
1546
1556
1552
1561
1554
1544
1541
1507
1520
1566
1551
1548
1544
1555
1527
1001
798
1540
1552
1551
1545
1518
1564
1556
1546
1558
1564
774
1541
1142
1560
1527
1335
1551
1539
1560
1539
1546
1552
1544
1507
1536
1536
1543
1543
1543
1544
1547
1525
1539
1521
1472
1517
1558
1104
1532
1549
1551
1546
1547
521
1552
791
1555
1535
1551
1550
1534
1539
1558
1550
764
1561
1540
1547
1068
1546
1554
1538
1549
1526
1541
1543
1544
1548
1537
1533
1550
1539
1557
1536
1552
1532
1418
1551
1552
1540
1546
1547
1492
1544
1496
1545
1551
1533
1510
1543
1322
1546
1545
1521
1543
1545
1510
1536
1545
1527
1544
1542
1537
1550
1548
1554
1549
1542
1544
1555
1549
1553
1390
1522
1530
1558
1537
1067
1562
1556
1551
1557
1537
1554
1541
1480
1517
849
1552
1551
1549
1528
794
1548
1541
1549
1537
1538
1544
1541
758
1505
1538
1544
1555
1553
1549
766
1539
1273
1540
1531
1548
1546
1540
1550
1541
1538
1549
1543
1534
1526
1553
1543
1548
1552
1551
1554
1545
1534
1530
1553
1555
1547
1331
1554
1547
1534
1532
540
1544
749
1550
1542
1548
1549
1548
1525
1540
1551
1494
1486
1543
1548
1571
1540
1541
1473
1525
1548
1542
1547
1556
1541
858
1555
1552
1552
1551
1545
1545
1546
1550
1540
1553
1545
1066
1069
1550
1565
1548
1553
1560
1558
1540
1546
1540
1557
768
1122
1549
1548
1553
1531
1530
1543
1541
1534
1554
1549
1560
1543
1414
1535
1555
767
1563
1533
1554
1548
1526
710
1546
1549
1547
1554
1526
1544
1540
1547
1546
1548
1548
1547
1544
1533
1548
1558
1554
1535
1552
1234
1549
1533
1552
1301
1553
1541
1551
1538
1537
1518
1558
1544
1555
1508
1552
1546
652
1541
818
1545
1549
986
1555
1550
1532
1551
1547
1540
1500
1537
1512
1536
1551
1550
1553
1540
1555
1544
1537
1535
1542
1545
1541
1542
1545
1549
1545
1532
1142
1558
1547
1550
1504
1542
1540
1544
1518
1541
1539
1475
1550
1549
1545
878
1539
1552
1526
1565
1026
1544
1541
1544
1547
1542
1543
1534
1514
1513
1538
1550
1556
1562
1558
1544
1547
1559
1559
1554
1541
1554
1534
1561
1550
1553
1548
1535
1542
822
1554
1548
1529
1557
1551
1534
1538
1548
1544
1541
1521
1472
1540
789
1495
1547
1518
1554
1546
1533
1526
1544
1550
1532
1546
1519
1529
1536
1526
1532
1550
1527
1548
999
1541
1546
1536
1543
1540
1525
1546
1549
1551
1553
1542
1047
1537
974
763
1519
1552
759
1327
1567
1556
1229
1551
1527
1555
1547
1550
1549
1546
1537
1549
1552
1549
1554
1542
1554
1540
1532
1544
1536
1528
1547
1545
1547
1539
585
1547
1526
1548
1545
1549
1499
1080
1521
1528
1543
1546
1001
1297
1532
1552
1557
1546
1537
1543
1541
1538
1532
1546
1543
1561
1552
1532
1548
1537
762
1516
1543
1547
1542
1547
760
1546
1559
1549
1543
1510
1551
1527
1537
1550
1549
1542
1543
1539
1558
810
1547
1542
1544
1541
1544
1547
1543
1544
1546
1529
1539
1542
1544
1515
1552
1546
1147
1553
1552
1542
1546
1164
1549
1542
1553
1543
1537
1387
1504
1538
1543
1548
1374
1557
1548
1540
1555
1546
1546
1541
1507
1543
1544
1556
869
1551
1548
1546
1469
1547
1553
1556
1544
1545
1546
704
791
1553
1538
1547
1549
1547
1549
1552
1527
1549
556
1560
1544
1542
1531
1544
1544
1541
1538
1528
1522
1545
1550
1554
1556
1500
1005
1558
773
1557
1553
1555
1557
1552
1451
1545
1545
1549
1552
1537
1536
1544
1548
1554
1513
1547
1550
1543
1553
1543
1548
1545
1545
1529
1546
1479
1547
1558
1553
1524
1550
974
1300
1558
1554
1549
892
1561
1345
1548
1563
1539
1551
1546
1526
1553
1544
1536
1555
1541
1552
1547
1555
1554
1552
1540
1543
1545
1207
1556
1556
1550
1488
962
1540
1544
1544
1546
1545
1539
1544
1539
1544
1499
1542
1529
1533
1528
1542
1542
1546
1511
1548
1537
1555
1545
1556
1544
1549
1554
1548
1547
1546
1531
1549
1526
1557
1042
1555
1545
1549
816
1553
1552
1543
1552
1549
1558
1527
1555
1553
1543
1540
1505
1549
1547
1560
772
1321
1081
1547
1524
1558
1561
1554
1542
1542
1555
689
1559
1552
765
1563
1565
1549
1529
1552
769
1534
1541
1548
1534
1553
1550
1541
1554
1554
1544
1552
1535
1542
1555
1550
1538
1545
1502
1556
1538
1538
1542
1522
1553
516
1545
1482
1539
1431
1544
1525
1533
1534
1541
1537
1535
1544
1543
1547
1545
1533
1562
1531
1553
1526
1549
1547
1533
1546
1538
1513
1529
1546
1549
1549
1548
1548
1557
1534
1536
651
1549
1538
1547
1505
1523
1546
1534
1034
1536
1534
1557
1549
1548
1544
1550
1554
1554
1554
1132
1559
1250
804
1555
1260
1548
1543
1556
1548
1561
1556
1547
1557
1473
1558
1553
1554
1563
1547
1519
1552
1550
1546
1559
1546
1510
796
1550
1549
1546
1553
1542
1546
1548
1540
1549
1545
1545
1533
1549
1509
1549
1540
1535
1533
1545
1553
1532
1556
1546
1542
768
1547
1562
1539
1525
1540
1555
1510
1537
1550
1542
1542
1550
1559
1555
1500
1544
1533
1547
1550
1541
1542
1504
1536
1543
820
1542
1537
1549
1536
1550
1543
1527
1532
1244
1555
1558
1533
1559
1541
1556
1551
1558
1545
1543
1541
1543
1531
1248
1551
1472
918
1547
1548
1499
1546
1533
1515
1536
1526
801
1553
1544
1542
1554
1541
1546
767
1539
1543
1044
1529
1542
1530
1542
1526
1373
1532
1248
1563
1558
1538
1552
1548
1020
1548
1543
1520
1551
766
1563
1554
1524
1553
1557
1531
1557
1554
1533
1568
922
1559
1547
1549
1518
1546
1552
1529
1555
1551
1548
1547
1541
1559
1542
1478
1525
1545
1530
1544
1538
1559
1539
1538
1547
1554
1543
1531
1530
1545
1549
1558
1546
1511
1547
1545
1541
1537
1546
1548
1557
1539
1545
1553
1554
1547
1555
1540
1555
1552
1548
1545
850
1550
1560
1570
1550
1548
1533
1541
1549
1542
1536
1540
1536
1553
1545
1542
1541
1559
1545
1549
1546
1531
1283
1543
1556
1532
1541
1536
1551
1532
1541
1530
1549
1557
1551
1140
1545
1554
1547
1543
1533
1515
1537
1551
1555
897
1547
1541
1550
1558
1569
1455
1541
1546
1550
1541
1547
1541
768
1537
1539
1538
1537
1550
1534
1529
471
1545
1556
1534
1072
1539
1529
1545
1547
1534
1541
1555
1541
1551
1535
1541
1538
1550
1547
1535
1540
1528
1541
1548
1544
1540
1526
1543
1542
1547
1548
1553
1541
1550
1526
1557
1543
1540
1542
1532
1548
1521
1541
1544
1547
1533
1551
1541
1499
1548
1526
1550
1558
1291
1548
1553
1550
1544
1525
1544
1551
1550
1537
1559
1533
1530
1518
756
1547
1535
898
1536
1554
1543
1551
1192
1555
1554
1531
788
1550
1554
1560
1550
1537
1547
1537
1545
1548
1548
1554
1520
1550
1550
1320
1550
1550
1542
1541
1553
1543
1549
959
1559
1541
1557
1549
1550
1559
1542
1537
1536
1540
693
1550
1546
1556
1555
1547
1541
1558
1549
1557
1541
1553
1548
1558
1543
1544
1553
1552
1551
1558
1557
1545
1552
1542
1544
1553
1531
1550
1552
1534
1552
1555
1550
1539
1544
1555
1539
1546
1523
1544
1542
1539
1548
1308
1522
1555
1527
1551
1548
1560
1558
1543
1555
1534
1277
1545
1550
1524
1543
1530
1529
1539
1551
1556
1542
1539
1542
1550
1542
1547
1550
943
1540
745
590
1548
1543
1548
1513
1377
1550
1538
1528
852
1549
1560
1555
1547
1551
1550
1550
1546
1555
1550
1539
1549
914
1552
1553
1538
1557
1538
1540
1524
1547
1563
1566
1549
1551
1562
1390
1545
1531
1171
1544
1541
1519
1555
1546
1545
1466
1542
1552
1542
1548
1537
1529
1523
1554
1540
1543
1517
1549
1548
1551
1539
1542
1503
1558
827
1545
1483
1549
1551
1557
1553
1556
1545
1545
1549
1558
1553
1529
838
1553
1555
1551
1555
1538
1543
1536
1534
1531
1559
1548
1548
1537
1535
1548
1536
1545
1549
1562
1547
1554
1548
1550
1554
1545
1544
1553
1538
1545
1447
1550
1037
1525
1552
1561
1557
1552
1561
848
1543
962
1534
1534
1428
1232
1557
1539
1468
1538
1532
1541
1157
1530
1537
1546
1544
1548
1553
1524
1544
1549
1549
981
1549
1542
1542
1544
1150
764
1542
1535
1017
794
1540
1549
1563
1544
934
1553
1546
1551
1294
1549
1544
1085
1530
1525
1544
1545
1516
1552
1534
1519
1553
1553
1551
1548
927
1014
1550
1553
1556
1530
1551
1538
1514
1542
1540
1547
1539
1544
1550
1549
1552
1545
1543
1536
1528
1548
1547
1538
1547
1542
1543
1552
768
1320
1550
1552
1403
1556
1547
1548
1562
1544
1555
1551
1558
1549
1532
1524
1549
1554
1535
1545
1548
1551
1554
1556
1553
706
1552
1541
1552
1507
1542
1538
1501
1223
989
1549
1552
1551
1542
1537
1549
761
1557
1515
1530
1544
1541
1557
1523
1535
1550
1543
1550
1539
1555
1540
1551
1544
1535
1491
1546
1551
1533
1550
1538
1504
1532
1552
1547
1551
397
1541
1538
1564
1546
1554
1566
998
1552
1544
1547
1541
1526
1554
1464
1547
1559
1509
1540
1552
1546
1548
1546
1559
1542
1545
1535
1558
1566
1530
1552
1551
1552
1551
1565
1542
1545
1531
1558
1482
1531
1542
1530
1551
1527
1541
792
1564
1559
1560
1537
1551
1543
1551
1536
1544
1545
1039
1540
1531
1552
1546
829
1271
1543
1554
1541
1548
1549
764
1551
1553
1538
1407
1551
1556
1557
1545
1549
1548
302
1544
1533
1547
1191
1546
1551
1551
1544
1545
1538
1537
1521
1547
826
1550
1550
1543
1536
1540
1547
1550
1528
1548
1540
1255
1551
1538
1551
1543
1537
1541
1544
1545
1526
1540
1539
1550
1551
1544
1547
1558
1562
1543
1557
1537
1546
1541
1544
1531
1528
1545
1547
1550
1536
1545
1543
1542
1551
1552
1545
1546
1529
1548
1531
1540
1545
1547
888
1544
1547
1556
1538
1552
1547
1534
1546
1549
1544
1559
1539
1547
1497
1547
654
1535
1535
1559
1536
1526
1548
1539
1522
1554
1553
1551
1552
1559
1554
1155
1563
1552
1548
783
1545
1542
1445
1542
1544
1553
1564
1545
1539
1535
1547
1545
1535
770
1545
1536
1535
1550
1543
1541
1547
1547
1217
1531
1559
1546
1551
631
1526
1554
1548
1547
1541
1553
1564
1541
1544
1552
871
1532
1550
1543
1379
1522
1455
1553
1550
1547
1020
853
1550
1538
1556
1555
1532
1552
1551
1527
1562
1548
1552
986
1544
1519
1553
1548
1537
1559
1556
1556
1553
1550
1548
1530
1180
1555
1551
1548
1557
1544
1560
1551
1557
1546
1537
1540
1554
1551
1313
1546
1547
1541
1527
1543
1544
1548
1549
1552
1567
925
1556
1542
1279
1538
1529
1568
1550
1138
1546
1536
1553
1079
1547
1546
1536
1524
738
1538
870
1490
492
1549
1543
1550
1546
1545
1549
1543
1547
1400
1537
1548
1419
1128
1555
1539
1537
1543
1539
1535
1544
1550
1555
1546
1545
1542
1546
1553
1434
1527
1554
1549
1544
1542
1547
1539
1543
1528
1548
1546
1530
1537
1544
1527
1503
1552
928
1547
1528
1553
1535
1550
1152
1533
767
1546
1565
1548
1555
1547
1559
1558
1542
1546
1547
899
1551
1547
1545
1547
1546
1556
1551
511
1547
1557
967
1537
1559
1539
1547
1560
1563
1542
1549
1528
1561
1548
1551
1550
1541
1542
1522
1544
1541
1546
1543
1529
403
1555
1550
1557
1542
1543
1548
1544
1539
1107
1554
1530
1555
913
1542
1543
1558
1560
1564
1542
1431
1028
1553
1552
1548
1548
1562
1571
1570
1551
1552
1555
1552
1557
1557
1540
1549
1543
1529
1533
1547
1558
1558
1541
1552
1553
1548
1556
1547
1546
1471
1546
1548
1548
1553
1564
1561
849
1547
1556
1529
1545
1548
1548
1537
956
1552
1533
1560
1553
1541
1357
872
1549
1540
1534
1555
1539
1245
1566
1530
1554
1550
1546
1544
1533
1552
1537
1545
1545
929
1532
1539
1527
1550
1558
1545
1560
1547
1543
1561
1534
1549
1563
1531
1553
1556
1542
1565
1076
1537
1342
1550
1562
1535
1553
289
1504
1554
1554
1537
1544
1526
1155
1543
1552
1544
1545
1534
1545
1553
1552
1543
1463
1497
1555
1556
1546
759
1542
1553
1552
1540
708
1563
1562
1558
1560
1543
1515
1540
1530
1536
1547
1542
1537
1540
1531
1545
1544
1539
1547
890
1524
1539
1538
1547
1532
1121
1545
1546
1544
1543
1554
1557
1556
1559
1436
1050
1005
1557
1557
1537
1169
1550
1516
1551
871
1562
1565
1556
1545
1552
1556
1561
1542
1541
1551
1555
1551
1530
1556
1536
1556
1539
1552
1522
1543
1550
1541
1535
1543
1550
1536
1547
1559
1563
1549
1546
610
1548
1510
1560
1551
1540
1539
1556
1536
1539
1262
1556
1070
1550
1557
1553
1106
1550
1555
1550
1516
1547
1552
1516
1342
1544
1548
1041
1543
1540
573
1530
1543
1543
1542
1556
751
1511
1542
1541
1525
1551
1553
1540
1538
1543
1563
1553
1551
1536
1549
1535
1554
1549
1541
1544
1553
1548
1543
1552
1546
1553
1546
1549
1540
1556
1539
1547
1538
1543
1536
1535
1549
1544
1552
1532
1556
1543
1540
1546
1549
1550
1547
1558
1548
1548
1552
1524
1551
1539
1549
954
1545
1548
1511
1541
1534
1549
1536
1556
1546
1546
1545
1554
1550
1541
1547
1552
1544
1321
1555
1542
1249
1542
871
1547
1542
1551
1549
1535
1547
1538
1535
1522
1540
1544
1479
1550
1538
925
1560
1536
1546
1547
1543
1508
1543
1544
1533
1542
1547
1552
1547
1545
1547
1565
1547
1555
1550
1525
1547
1472
1266
1541
1548
1253
1526
747
1549
1564
1523
1545
1557
1544
1029
1545
1550
1550
1547
1549
1548
1546
1456
1548
1539
1545
1560
770
836
1561
1507
1549
1549
1552
1546
960
1551
1555
1548
1085
1553
1565
1549
1557
1551
1312
1546
1559
1554
1550
1549
1539
1554
1533
452
1560
1555
1546
1550
1553
1545
1549
1553
1055
1546
1549
1552
1472
1546
1545
1544
1524
1538
694
1453
1494
1551
586
1541
1544
1551
1549
1545
1548
1553
1562
1539
1533
1546
1352
931
1448
1532
1538
1554
1548
1541
1557
1027
1554
1552
1556
1561
1549
1538
1176
1548
1517
530
1548
1547
1555
1544
917
1559
1546
1557
1531
1542
1546
1548
1548
1535
1543
763
1557
1557
1527
1559
1544
1532
1548
1541
1547
1556
1551
1534
1551
311
1334
1522
1537
1169
1546
1552
1543
1556
1555
1555
1548
1559
1559
1557
1155
1550
1545
1549
1546
745
1549
1542
1552
906
1533
1557
1560
1549
1553
846
1551
1539
1242
1552
1546
1537
1542
1147
1547
1547
1529
1546
1554
1556
1551
983
1546
1550
300
1554
1563
1524
1537
1546
1546
1560
1523
1529
1544
1530
1536
1530
1531
1545
1545
1542
1560
1546
1536
1544
1539
1552
1531
1554
1547
1524
1553
1536
1547
1552
1020
1460
1537
1542
1563
1560
1544
1547
1545
1555
1184
1562
1550
1544
1547
1540
1545
1541
1558
1540
1548
1533
1540
1518
1545
1553
1535
409
1545
1543
1536
1550
1544
1539
753
1545
1549
1527
1541
1548
1543
1534
1541
1535
1535
1544
1552
907
1543
1551
1547
1552
1538
1543
1544
1544
1561
1555
1553
1550
1554
1548
1091
1555
714
1546
1545
1547
1544
1548
1520
1555
1555
1541
1541
1535
1545
1552
1520
1538
1540
1552
1534
1545
1547
1538
1544
1543
1538
1529
1551
1545
1535
1546
1552
1538
1549
1549
1555
1536
1541
1552
1551
1052
1539
1540
979
1550
1544
1558
1551
1530
1555
1544
1539
800
1549
1537
1547
1546
1526
1554
1538
1540
1542
1415
1550
775
1400
1548
1541
1559
1551
1549
1554
1545
1544
1558
1552
1540
1546
1523
1554
1546
1556
1516
1559
1564
1552
1543
1551
1510
1544
1554
1547
1552
1528
1540
1549
1555
1121
1536
1551
1548
1540
1549
1543
1522
1541
1558
1544
1538
1546
1123
1539
1544
1502
1545
1534
1551
1209
1521
1547
1552
1551
1556
1550
1557
1550
1557
1540
1542
1538
1554
1531
1551
1555
1555
1550
1552
1556
1547
1558
1543
1551
1551
1553
1554
1553
1511
1560
1542
1557
1550
1552
1543
1546
1540
1522
1175
1557
1554
1554
1554
1546
1532
1541
1551
1232
1241
1553
1549
1556
1555
1020
1563
1544
1533
1551
654
1541
1256
1009
1536
1549
1543
1551
1547
1552
1550
1525
1552
1542
1545
1558
1546
1554
1552
1555
1550
1549
1542
1559
1550
1552
1554
1554
828
1544
1554
1550
1539
1552
1554
1555
1545
843
1555
1548
1552
1540
1550
1537
1537
1529
964
1543
1541
1410
1548
1555
1541
1531
1544
1547
1554
1545
1510
1529
1539
1194
1522
1550
1544
1558
1185
1549
1550
1555
1550
1547
1542
1539
1450
1520
1550
1552
1541
1539
1517
1528
1551
1528
1540
1499
1534
1548
1551
1549
1524
1518
1544
1543
1547
1546
1539
1549
1507
1398
1513
1538
1527
1547
1544
1559
1550
1550
1538
1536
1550
1535
1547
1552
736
1545
1530
1527
1551
1540
1552
1554
1558
1476
1555
1321
1535
1563
1567
1550
1568
1549
1554
1555
1554
1549
1549
1553
1555
1559
1544
1552
1551
1547
1416
1540
1550
1527
1543
1552
1546
1546
1547
1528
1537
1536
1535
1520
1539
1537
1537
1530
1517
936
1543
1545
814
1519
1550
1548
1544
1524
1539
1541
565
1554
294
1548
1169
1546
1544
1547
1546
1540
1552
1548
1548
1548
1543
1542
996
1546
1545
1538
1556
1550
1533
1061
1533
855
1543
1527
1549
1548
1541
1517
1544
1543
1553
1552
1556
1547
432
1517
1542
1539
1547
1553
1551
1546
1549
1554
1547
1542
1552
1557
1548
1535
1411
1260
1373
1523
1539
1553
1551
1549
1543
1553
1545
1546
1550
1539
1555
1548
1537
743
1540
1546
1538
1554
1558
1544
1529
1549
1542
1535
1540
1546
1515
1563
1548
1524
1551
1547
1555
1555
1548
1533
1451
1505
1546
1542
1540
1542
1547
1542
1550
1549
1537
1541
1542
1556
1550
1547
1545
1529
1549
1537
1509
1530
1554
1536
1552
1541
1544
1529
600
1542
1549
1557
1548
1189
1563
1558
1536
1555
1551
487
1537
1543
1535
1549
1522
1549
1548
1543
1532
1554
1546
1541
1541
1545
1550
1535
1556
1541
954
1522
1549
1549
1544
1538
1548
1543
1549
1528
1539
1535
1542
1540
1540
1553
1541
1552
1551
1555
923
1550
1551
1526
1538
1536
1548
1510
1546
1532
1539
1548
1539
1542
1540
811
1548
1535
1525
1518
1537
1530
1539
1552
1559
1543
1555
1549
1563
1570
1556
1545
1561
1546
1534
1548
1548
1543
1499
1548
443
1545
1535
1545
1557
1519
1538
699
1542
1314
1545
1553
1551
745
1548
1545
1550
778
1546
1091
1541
1539
1562
1523
1533
1561
1548
1566
1550
1561
1546
1555
1556
1548
999
1554
1133
1525
1545
1561
1550
1507
1528
1550
1546
759
1550
1540
1550
1420
1548
352
1540
1488
1540
1542
1548
1538
1068
1543
1551
1553
1548
1530
1540
1536
1549
1549
1546
1535
1547
1532
1550
1548
1551
1546
1539
1514
1527
1556
1546
1531
1129
1545
1541
1548
1531
1097
1541
1558
1550
1546
1552
1575
1537
1550
1468
1546
1551
1073
1549
1544
1543
1538
1560
1548
1517
1547
1350
1540
1538
1542
1544
1533
1537
1535
1533
1543
1550
1546
1545
1540
532
1541
1549
1540
1537
1538
1544
1538
1557
1551
1538
1555
1548
1555
1531
1544
1537
1550
1552
758
797
1526
1546
1542
1558
1549
1552
1541
1536
1548
1253
1368
1009
1544
1551
1557
1524
1523
1538
1547
1540
1539
1535
1540
1534
1539
1532
1537
1545
1543
1542
1536
1533
864
1320
1547
1521
1544
1553
1523
1555
1550
1539
1553
1558
804
1559
1290
1543
1513
1547
1539
1547
1530
1549
440
1551
1540
1539
1547
1551
1536
1521
1554
1551
1554
1558
1548
1542
1545
1552
1553
1550
1550
1548
1525
1543
1547
1553
1539
1551
1540
1539
1545
1550
1559
1556
1560
1538
1550
1558
1545
1538
1553
1551
1558
1555
1517
1556
1557
1557
1544
1546
1560
1551
1552
404
1544
1166
1555
1558
1555
1556
1551
1551
1226
390
1540
1542
1545
1544
1542
1524
1544
1518
1551
1403
1493
1549
1554
1543
1534
1560
1558
1552
1531
1534
1548
1555
1555
1563
1557
1552
1556
1557
1557
1533
1535
1553
1552
1548
1546
1540
1543
1521
1541
1548
1544
1532
1543
1546
1548
1544
1547
1544
1535
1558
1552
1551
1525
1550
1551
1560
1523
1210
1540
1530
1515
1547
1524
1553
1555
1546
421
1556
1547
1554
1534
1548
1553
1150
1559
1546
1546
1551
1514
1545
1551
1248
1547
899
1543
1551
1546
1549
1555
1552
1548
1550
1562
1542
1533
1550
1550
761
1547
1540
1548
1550
1541
1562
1545
1530
1535
1553
1545
1551
1543
1542
1008
1550
1548
1549
1547
1535
1548
1557
645
1546
1538
1511
1550
1554
811
1081
1561
1552
1543
1550
1553
1498
1567
1545
1540
1535
1548
363
1548
1551
1545
1553
1547
1549
1557
1555
1552
1533
1525
1552
1547
1530
1547
1553
1557
1543
1544
1523
1537
1540
1539
1540
1107
1539
1540
1540
1533
1524
1538
1538
1543
1549
1554
1537
1247
1555
1549
1558
1545
1542
1541
1524
881
1545
1531
1536
1445
1552
1538
784
1541
601
1547
1545
1524
1539
1542
1549
1559
1077
882
1230
1545
1546
1549
1546
1543
1528
1009
1535
1552
1555
1522
1544
1207
1169
1561
1553
1542
1560
1559
1545
1548
1562
1240
1535
1523
1537
1562
1528
1555
1537
1541
1505
1536
1035
1537
1541
1550
1516
1545
1537
1550
1554
1539
1135
1553
1097
1550
1553
1536
1482
1544
1551
1546
1533
1543
1531
1548
857
1552
1533
1541
1551
1548
1547
1558
808
1558
1550
1553
1542
1544
1553
1560
1542
1543
1551
1549
1548
1554
1536
1530
835
1552
1558
1546
1553
1546
1536
1550
1552
1535
971
1549
1543
1536
1538
1547
1547
1545
1548
1083
1550
1542
1538
1543
1541
1546
1539
1555
1543
812
1554
1547
1544
1541
1557
1453
1558
1533
1421
1530
1543
999
1543
1550
1515
1546
1553
1540
1555
1552
867
1546
1556
1550
1559
1561
1543
1535
1534
1538
711
1550
1544
1546
1508
1553
1538
1550
1550
1546
1545
1544
1550
1507
1549
1566
1565
1462
1518
1538
1553
1552
1551
1537
1546
1560
1509
1546
903
1554
1540
1533
1538
1550
1550
1151
1540
1532
1551
1539
1514
1544
1543
1546
1545
1549
1554
1540
853
1546
1550
845
820
1549
1556
1110
1561
1546
1549
1548
1513
1566
1539
1546
1550
1523
1549
1541
1530
1138
466
1556
1539
816
1533
1546
1543
1544
1548
1538
952
1548
911
1552
1547
1553
1536
1558
1525
1518
1366
1556
1548
1550
1545
1550
1546
1546
1547
1533
1535
1554
1542
1240
1552
1420
1544
1543
1545
1545
1547
1504
1540
1535
1536
1536
1549
1529
1414
1543
1552
1529
1547
1537
1518
1278
1546
1535
1543
1470
1543
1543
1551
1518
1542
1537
1540
1534
1523
1537
1526
1535
1520
1542
1537
1530
1542
1534
1537
1539
1533
1530
1542
1545
1533
1525
1545
744
1548
991
1542
1540
1530
1559
1537
793
1553
1556
1538
1543
1553
1545
1551
1549
1563
1544
1549
1552
1556
1521
1557
1527
1533
1527
1552
1545
1552
1548
1525
1550
1554
1550
1553
1556
1536
1550
1551
1553
1547
1563
1545
1555
1529
1545
1548
1561
1548
1544
1520
1550
1521
1546
1315
1541
1529
1549
1551
1535
1546
1542
1543
967
1525
1538
1547
1547
1537
1545
1549
1549
1531
1534
1546
1522
1483
1548
1275
1564
1548
801
1539
1544
1531
1556
1540
687
1557
1530
1283
1544
1553
1531
1556
945
1519
1553
1550
1556
1559
1542
1552
1550
1560
1549
1546
1544
1549
1554
1547
1532
1549
1552
1551
1551
1549
1532
1242
1549
1325
1559
1546
1546
1404
1561
1564
1539
1540
1541
1508
1549
1533
1534
1554
1551
1536
1536
1551
1540
1529
811
1504
1400
1512
1533
1484
1534
1532
1546
1539
1551
1530
1191
1550
1544
1557
1543
1541
1526
1545
1548
1535
1541
1552
1555
1552
1556
1543
1536
839
1557
1544
808
1547
1538
1551
1547
1563
1517
1548
1547
1557
1561
1527
1546
1555
1558
1547
1545
982
1556
815
945
1553
1537
1563
1545
1555
1545
1554
1546
1553
1547
1557
1265
1532
1547
1525
1555
1554
1522
1554
1549
710
1555
1540
1545
1554
1554
1555
1547
1547
1426
1545
1549
902
1531
1341
1552
1556
788
1163
1539
1550
1556
1555
1546
1544
1552
1546
1544
1535
1547
1525
1532
1541
1541
472
1547
1553
1505
1545
853
1542
1533
1547
1548
1543
1549
1530
1552
1550
1539
1536
1543
1549
1523
1560
1407
1531
1559
1546
1549
1545
1551
1550
1543
1548
811
784
1558
1552
1542
1549
1533
1548
1555
1552
1563
1548
1553
1559
1535
1551
1548
1555
1548
1536
1543
1549
681
1557
851
1546
1539
1547
1555
1531
1409
1556
1548
1551
1546
883
1553
1533
1555
1548
441
879
1066
1552
1529
759
1540
1443
1547
1537
1558
1544
1548
1523
1532
1540
1544
1534
1554
1521
1552
1526
1548
1542
1533
1431
1556
1552
1545
1550
1526
1540
1552
1543
1545
1533
1538
1543
1530
720
1549
1533
1547
1546
1541
1536
1543
1542
1390
1543
1542
1541
1546
1500
1547
865
1544
1535
1528
400
1233
1555
1518
1549
1529
1546
1530
1502
1552
1539
1552
1514
1537
1521
1540
1547
1550
967
1548
1538
1554
1556
1550
1552
1550
1555
1555
1542
1534
863
1545
1535
1536
1545
1555
1553
1551
1531
1551
1549
1541
826
1544
1554
1548
1225
1507
1372
1537
1546
743
1550
1529
723
1549
1550
1556
1562
1554
1551
1540
1563
1552
1563
1551
1067
1553
1548
1459
1385
1514
1554
859
1554
835
1509
1551
1541
1513
924
1535
1539
1552
1308
1554
1536
1535
792
1535
1540
1547
1545
1558
1531
1555
1544
1540
1546
1539
1549
1548
1539
1543
1538
1537
1140
1550
1551
1509
1547
1538
1543
1540
1548
1522
1548
1539
1553
1544
1548
1533
1541
1397
1543
1540
1179
1533
750
1561
1551
1529
1551
1525
1544
1546
1276
1556
1550
1548
1532
1544
1562
913
1559
1553
1518
1516
1561
1538
1543
763
1548
1557
1541
1555
1546
1522
1542
1538
1531
1547
1154
1545
1268
1543
1547
1559
1547
1540
1541
1547
1171
1535
1039
1546
1552
1531
1548
1546
1545
1550
1543
1550
1539
653
1542
1516
1549
1547
1550
1553
1544
1551
1563
1469
1545
1558
1548
1542
1546
1548
1536
1542
1556
1556
1545
1550
1540
761
1562
1552
1551
1550
1547
1544
1543
1544
1540
1550
1545
1539
1546
1530
1535
1543
1540
1534
474
1551
1549
1527
1559
1293
1550
1549
1524
1543
1526
1550
1555
1544
1549
1542
1552
1556
1552
1044
1558
1397
1533
1558
1551
1556
1549
1543
1548
1517
897
1529
1546
1556
1549
1539
1550
1548
1544
1562
1516
1258
1483
1533
1554
1553
1550
1526
1542
1069
1545
1529
1548
1561
1547
1556
1404
1528
1553
1561
1534
1553
1541
1542
1536
1535
1546
1545
1551
1538
1550
1541
1549
1536
1562
1542
1549
1544
1553
1551
1551
1556
1531
1550
1551
1548
1547
1553
1560
1542
1513
1551
1552
1527
1078
1542
1556
1557
1555
1566
1551
1497
1553
1548
1559
1536
1551
1534
1526
1546
1519
1551
1543
1532
1539
1543
1537
1537
1531
1541
1548
1547
1543
334
1534
1520
1542
1547
1543
1552
1545
1560
1547
1545
1544
1554
1408
1550
1538
1549
1554
1551
1548
1549
1538
1536
1553
1513
1534
1548
1537
1531
1547
1549
1544
1520
1543
1549
1519
1363
1537
1553
1526
1541
1556
1528
1557
1539
1542
1525
1547
1546
1540
1530
1507
1539
1543
1533
1543
1542
1544
1543
1546
1552
1533
1543
1532
1542
1534
1546
1532
1552
1523
1540
1326
1538
1552
1045
705
1533
1525
1562
1550
1540
1547
1553
1547
1539
1554
757
1551
1556
1548
1189
1548
1540
758
1546
1548
1545
1543
1550
1534
1536
1543
1567
1545
1547
1530
1548
1550
1552
1539
1546
1543
953
1534
1549
1546
1546
1097
1552
1536
1538
1516
1546
1552
1550
1411
1555
1561
1551
943
1541
1556
1557
1539
1551
1549
1555
1544
1550
1554
1544
1558
1546
1533
1543
1538
1519
1551
1562
1543
1540
1539
1557
1066
1531
762
1543
1562
1523
1534
1543
1532
1550
1543
1551
1544
1542
1552
1551
1518
1555
1539
1554
1544
1551
808
1540
1555
1530
1544
1549
1508
1551
1527
1551
1551
1542
1541
1562
1555
1539
407
1546
1539
1536
1540
1552
1172
1539
849
767
1541
1551
1548
1537
1551
1534
1558
1553
1550
1553
1551
1514
1535
1562
763
1546
1548
1548
1541
1547
1552
1537
1558
1546
1547
1525
1545
1544
1537
1545
1531
1524
1553
1547
1547
1544
1539
1527
1553
1524
1546
1545
1559
1542
1549
1536
1523
1546
1547
1541
1544
1554
1551
1547
1296
1547
1554
1527
1547
780
1542
1548
1537
1455
1531
1526
1545
1522
1541
1547
1541
1542
1550
1558
1553
1577
1507
1539
1499
1545
1546
1531
1542
1542
921
1550
1515
1520
1560
1547
1549
1534
1539
1547
1556
1544
1547
1517
1552
1548
1529
799
1516
1539
1544
1554
1538
1538
1538
1526
1544
1540
1555
1523
1556
1539
1542
1550
1545
1549
1553
1557
1539
1542
1523
1549
1550
1511
1555
1543
1509
1553
1544
1556
1549
1542
1544
1548
1537
1546
1549
1539
1532
1205
1530
1541
1544
1520
1204
1115
1540
1548
1115
1545
1543
1540
1551
1557
1496
1552
1547
1565
1555
1009
1564
1556
1554
1551
1548
1539
1544
1543
1545
1293
1553
1551
1553
1550
1554
1556
1547
1547
1575
1559
1548
1237
1549
1549
1548
1543
1544
1539
1552
1557
1551
1541
1548
1557
1402
1542
1545
1551
1552
1542
796
1521
1554
1535
1548
1547
1543
1538
1548
1539
1541
1555
1542
1527
1551
1546
1545
1537
1504
1557
1540
1544
1557
1552
1551
1549
1525
1534
1521
884
1545
1561
1555
1557
1542
1538
1539
1548
1522
1547
1551
1546
1543
1548
1528
1545
1541
1525
1541
1553
1215
1545
1548
1544
1536
1550
1536
1535
1547
1542
1332
1376
1535
1540
1548
1543
1308
1539
1552
1550
1552
1549
1551
1352
1554
1548
1554
1536
1549
1543
1546
1556
1546
1529
1551
1553
1539
448
1548
1552
1547
1544
1543
1537
1546
1543
1538
1555
1528
1553
1537
1546
1546
763
1536
1550
1549
1543
1530
1539
1538
1558
1547
1537
1539
1524
1548
1544
1456
1535
1542
1552
1557
1542
1531
1530
1546
1550
1549
1534
1544
1554
832
1541
834
1535
1542
1556
1551
1536
1542
1543
1544
1553
1550
1547
1559
1556
1546
1538
1517
1538
1540
1551
821
1551
1548
1539
1555
1551
1538
1561
1544
1553
755
1541
1554
1546
1553
1554
1548
766
1558
1539
1545
1545
1554
1542
1555
1549
1529
925
1526
1529
1538
1544
1543
1536
1546
1530
1550
1538
1537
1522
1552
1515
1545
1542
1545
1558
1546
1043
1560
1553
1542
1560
1554
1542
1544
1549
1537
1547
706
1549
1553
1553
1556
1546
1554
1553
1539
1512
1518
1540
1537
1550
569
1568
1549
1551
1544
1529
899
1535
1552
1531
1553
1553
1551
1546
1546
1535
1527
1103
1541
1536
1538
1547
1534
1524
1537
1541
1549
1551
1554
1537
1546
1557
1550
1540
1544
1553
1551
1541
1553
1547
1543
1538
1528
1543
1517
1119
1549
863
1545
1554
1381
1537
1543
1544
1541
1538
1538
898
1543
1538
1539
1551
555
1546
1546
1552
1545
1546
897
1542
1572
1504
1033
1542
1546
970
1556
1553
1531
1541
1553
1546
1537
1527
1545
765
1548
916
1191
641
1556
1557
1558
1552
1543
1540
1529
1554
1551
1548
1551
1538
1553
1553
1542
1324
1546
1530
1552
1551
1540
353
1552
1538
1546
1555
1545
1553
1555
933
1555
1553
1544
1533
1537
1543
1538
1536
1548
779
1558
1560
1553
1544
1554
1553
1561
1547
1550
1549
889
1564
821
943
778
1559
1551
1548
1550
1542
1540
1545
1545
1554
1530
1552
1548
1542
1545
1008
1549
1403
1540
591
1567
1402
1551
1542
1553
1550
1546
1556
1544
1550
1528
1545
1538
1555
940
1547
1550
1553
1532
1550
1554
1552
1524
1556
887
1555
1540
1518
1549
1545
1537
1551
1529
1172
1540
1546
1540
1545
1546
1544
1488
1529
1549
1467
884
1551
765
1542
845
1552
1513
1547
1053
846
1547
1127
582
1549
1551
1559
757
1540
1546
1549
1547
1544
1555
1541
1543
1543
1478
1408
1557
1558
760
1551
1548
1538
1529
1544
1541
1546
1545
1543
1531
1548
1517
1544
1545
1542
1538
1549
1547
1554
1538
1553
1531
835
567
1548
669
1570
1548
1551
1546
771
1567
1472
1550
1556
1536
1546
1551
1532
1553
1571
1557
1560
1535
1543
1519
1545
1545
1551
1554
1546
1532
847
1558
1557
1564
1541
1548
1546
1053
1551
1541
1561
1552
1550
1554
1556
1550
463
1556
1560
1561
1552
1554
1537
1011
1076
1563
1551
1555
1555
1558
1524
1554
1545
1522
1545
1552
1132
1554
1558
1526
1549
1536
1545
1544
1556
1548
751
1555
1540
1213
1537
1543
1549
1543
1559
1568
1538
1546
1557
1547
1542
1111
1557
1569
1550
956
1549
1551
1551
1556
1543
1536
1545
1549
1533
1546
1553
1224
761
1551
1537
1548
1552
1130
1557
1545
1555
1533
1538
1532
806
1544
1548
1540
1533
1532
1541
1543
1546
1548
738
1544
1551
1214
1549
1549
1549
1557
817
1560
1541
1557
1540
1549
1545
1557
1550
1540
1550
1548
1565
1538
1546
1540
1559
1527
1541
1551
1531
1546
1541
1537
1538
1538
1154
1561
1530
1514
1536
1556
1534
1538
1544
1541
929
1551
1543
1534
1553
1547
1558
1532
1548
1550
1543
1541
894
1552
1533
1547
1544
1539
1527
1539
1553
420
1547
1549
1537
1551
1549
1543
1005
1553
1534
1516
1519
1538
1542
1544
1543
1548
1252
1537
1529
1540
1537
1532
1557
1544
1540
1551
1147
1546
1549
1524
1547
949
1548
1551
1556
1520
1455
1553
1551
1553
1534
1542
897
1250
1552
1548
1550
1555
1547
1131
1556
1552
1535
1539
1543
1534
1492
1532
1560
1546
1528
1544
1537
1540
1551
1548
1538
1540
1546
1541
916
1546
1547
1354
1555
1542
1543
1531
1558
1553
722
1530
1260
1549
1560
1544
1554
1543
1551
1548
296
1540
1528
1537
1549
1550
1547
1255
1551
1542
1551
1548
1410
1543
1545
1543
1548
1551
1551
1491
1530
1537
1546
1534
1538
1536
1564
1558
1553
1548
1551
1543
1541
1549
1092
1562
1542
1547
1525
1547
1541
1531
1541
1548
1536
1556
1555
1538
1537
1542
1552
1546
407
1515
1549
1543
1552
1539
1546
1543
1549
1545
1534
1552
1552
1524
1551
1549
1557
1554
1556
1554
1553
1095
1556
1558
1470
1556
1550
1552
1544
1533
1497
1537
1551
1519
1532
1378
1542
1560
1527
1544
1551
1540
1546
1542
1548
1546
1543
1548
1542
1559
1550
1534
1080
1550
1546
1537
988
1559
1557
1552
1542
1546
1539
1533
1003
1541
1541
1456
1544
1541
1523
1534
1526
1544
1560
1548
760
1564
1558
1550
1540
1545
1557
1549
1545
1529
1551
1546
1549
1541
1537
1541
1538
1545
1547
1546
1528
1541
1543
1539
1517
1547
1542
1543
1544
1542
1528
1542
1550
1543
1513
1552
1532
1545
1548
1550
1552
1551
1536
1546
1533
1552
1544
1548
1544
1543
1545
1547
1532
1544
1556
1529
1537
1537
1560
1556
1542
1549
1544
1552
1556
1538
1542
1560
1540
1538
1555
1551
1546
1545
1545
1540
1519
1563
1557
1547
1553
1552
1552
1529
1551
1546
1429
1552
1554
1524
1535
1542
1539
1538
1543
1547
1518
1522
1540
1549
1548
1543
1547
1508
1545
1530
1532
1507
1551
1552
1550
1526
1552
1512
1048
1548
1532
1557
1543
1551
1555
1549
1557
1551
1551
1547
1549
1561
1548
658
1552
1552
1533
1550
1528
1527
1555
1533
1562
1516
1546
1545
1507
537
1536
1554
1536
1548
1544
1555
1541
1545
1539
1541
1542
1546
1532
1538
1539
1546
1542
1535
1542
1551
1549
1546
1536
1511
1057
1565
1543
1541
1560
1540
1553
1553
1522
1527
603
1543
1556
1526
1529
1558
1531
1544
1541
1549
1546
1555
1542
1546
1314
1551
1545
1537
1531
1538
1337
1544
1541
1549
1547
1542
1546
1537
1529
1541
1536
1539
1557
1539
1558
1554
1551
1551
1546
1541
1541
1442
1534
1549
1553
1545
1545
1550
479
1553
1550
1541
1369
1553
1536
1542
1550
1531
1537
1549
1541
1556
1549
1563
1546
1546
1552
1538
1232
1494
1533
1554
1549
1547
1539
1556
1536
1541
1553
1548
1541
1544
1548
1537
1547
1540
1540
1526
1549
1546
1543
1541
1543
1545
1539
1547
1538
1545
1546
1537
1545
1531
1535
1541
1528
1549
1556
1551
1555
852
555
1568
1563
1539
1555
1551
1553
1540
1535
1546
1549
1545
1545
1534
1539
1538
1550
1564
1552
1535
1538
1554
1543
1544
1554
986
1466
1549
1537
1541
1545
1544
1530
1559
1538
766
1556
1073
1551
1555
1548
1561
1546
1548
1554
1546
1531
1531
1550
1539
1522
1551
1524
1536
1089
1562
1557
1544
1545
1569
1545
1560
1553
1544
645
1189
1551
1553
1543
1542
1547
1546
1554
1557
1539
1522
1540
1520
1545
1552
1550
449
1550
1550
1531
1179
1545
1563
1551
1552
893
1562
1535
1193
1556
1131
1562
1558
1540
1548
1541
1565
1538
1537
929
1557
1553
1559
1533
1543
1556
1542
1540
1551
764
1553
1551
1558
1556
1542
1556
1556
1545
1565
1555
1560
1006
1553
1530
1553
1553
1555
1553
1541
1523
1140
1549
1552
1540
1550
1543
1540
1546
1540
1539
1536
770
764
1527
1497
1550
1544
1541
1175
1547
1553
1552
1553
1548
1532
1545
1525
1565
1547
1539
1548
1541
1540
1553
1553
1538
1554
1316
1486
1539
1547
1519
1155
1559
1546
1551
1517
1555
1552
1542
1545
1549
1542
1552
858
1544
1547
1556
1548
1545
1544
755
1357
1552
1549
1531
1546
1512
1541
1317
1537
1524
1524
1540
1541
1154
1536
1553
720
1442
1551
1546
1552
1538
994
1547
1563
1562
1539
1545
1543
1547
1155
1545
1567
1547
1550
953
1019
1533
1538
1032
1553
1549
1541
1536
1542
1546
825
1544
1545
1547
1523
1017
1563
1551
1559
1403
1538
1546
1544
1291
1551
1553
768
1542
1541
768
1021
1550
1559
1562
1556
1557
1549
1550
1542
1518
534
1542
1502
1547
1544
835
1544
1530
1546
1548
1542
1539
1540
1247
1509
1534
1545
1538
1363
811
765
1523
1546
1548
1526
1552
1561
1558
1542
1550
1539
1533
1561
1545
1561
428
1552
1554
1540
1543
1348
1549
1548
1552
1560
726
1553
1555
781
1540
1207
1556
1551
1555
1558
1550
1560
1555
1565
1558
1547
1554
567
1557
1496
1554
1549
1556
1554
1419
1538
1548
1553
1518
1554
1518
1550
1557
1462
1550
1554
1564
1548
1059
1532
1549
1544
1555
1553
1550
320
1559
1560
1556
1547
1540
1556
1536
1522
1554
1543
1553
1534
1419
1545
1542
1548
1326
1553
1544
1547
1560
1544
1549
1549
1547
1551
1550
1547
1552
1546
1556
1548
1005
1543
1549
1545
1540
1549
899
1527
1502
767
1569
1562
1553
1557
1545
1551
600
1541
1551
1553
1544
1541
1518
1536
1543
1571
1535
1539
1542
1535
1552
1291
1561
1550
1569
1523
1529
1558
1528
1538
1555
1524
1570
1555
1539
1536
1552
1548
1436
1554
1061
1524
1537
1547
1548
1539
1545
1532
1546
1548
1522
1539
1539
1549
1552
1566
1536
1539
1525
1549
1450
1543
1550
1536
367
1550
1539
1560
1564
1548
1544
1370
1546
1532
1546
1546
1547
1546
1532
1551
1381
1551
1555
1548
1545
1535
1547
1540
1536
1554
1485
1548
1544
1552
1542
1471
1555
1547
1544
1548
1550
1127
1561
1535
1540
1552
1559
1558
1550
607
1545
1557
1555
1555
1556
1548
1558
1549
1559
1546
1543
1556
1065
1550
1550
1530
1529
1547
1555
1532
1543
1356
1558
1551
1533
1553
1527
1551
1546
1530
1519
1540
1538
1539
1541
1546
1546
1538
1558
1546
1533
840
1547
868
1541
1555
1546
1525
1540
1550
1551
1546
1536
1546
1555
1536
1550
1540
1543
1549
1562
1544
1540
1546
1547
1523
1545
1548
1544
1520
1534
1537
1545
1536
1544
1533
773
1535
1550
1554
1545
1551
1545
1546
1543
1552
1542
1556
1541
1536
654
1558
1542
1543
1554
1551
1554
1548
1547
1546
1525
1128
1549
1557
1550
901
1529
1544
1249
1552
1549
1540
1552
1535
1540
1544
1532
1551
1537
1550
794
1550
1555
1536
1542
1544
1552
1540
1468
1550
1544
1554
1557
1550
1542
1538
1541
603
1562
1531
1539
1542
1542
1538
1531
1537
1527
1537
1521
1545
1538
1095
1550
1548
1517
1545
1362
1549
1543
1542
1557
1554
1545
1542
1551
1517
1545
1548
1546
1530
1542
1558
1559
1538
1527
1558
1515
1547
1545
811
1548
1506
1541
1547
1557
1549
1554
1532
1551
1525
1546
1542
1538
1513
1554
1543
1534
1535
1550
754
1545
1552
1546
1547
1552
1546
1534
1548
1553
1545
1548
1546
1557
1548
1549
1566
1548
1547
1548
1548
1548
1535
1557
1544
1529
1540
1522
1166
1553
1552
1545
1527
1541
1553
1547
1537
1542
1519
1106
1552
1060
1556
1553
1552
1549
1522
1551
1552
1535
1521
1549
1544
1555
1544
1510
1545
1546
1555
1553
1536
1537
1545
1536
1533
1538
1546
1543
1538
1547
1544
1560
1032
1553
1549
1558
1546
1557
1063
1549
1543
1565
1553
1545
1542
1551
1551
1543
1546
1542
1541
1555
1560
1550
1532
1552
1552
1540
1540
1551
1483
1548
1042
1533
1550
1547
1554
1541
1540
1546
1543
1537
1536
1559
1543
1556
1536
1538
1521
1538
1554
1548
1520
1548
1556
1541
1536
1544
1547
1535
1536
1551
1533
1520
1529
1559
1552
1554
1555
1538
1555
1551
1536
1545
1548
1549
778
1540
1539
1533
1540
1549
1553
1562
1538
1549
1547
1521
1562
1549
1552
1550
1545
1554
1545
1542
1550
1525
1545
1530
1534
1546
1509
1535
1550
1551
1553
1292
1533
1325
1556
1546
1563
1536
1000
1546
1551
1552
1555
1553
1517
1549
1532
1537
1550
1541
1531
1541
1188
1512
1545
953
1535
1519
1521
1548
1550
1544
1536
1548
1552
1539
1542
1536
1559
1552
1546
1394
1534
1541
1386
1550
1549
1540
1556
1544
1547
1533
1552
1517
1537
1556
1547
1536
1526
1547
1533
1554
1543
1538
1548
1551
1521
1540
1538
1546
1547
1555
1544
1544
1540
1540
1542
1551
1534
1553
1544
1141
1547
1546
945
1558
1543
1546
1564
1552
1546
1541
1564
1554
1553
1555
1556
1545
1551
1559
1548
1553
1007
1546
1545
1551
1560
1560
1545
1502
1557
1550
1533
1535
1540
1531
1537
1539
1536
1547
1550
1541
1555
1533
1541
1545
1553
1532
1547
1548
1548
1530
1540
1561
1280
1560
1553
1547
1549
1544
1560
1549
1539
1544
1516
1546
1552
1542
1544
1551
1563
1546
1561
1539
356
1548
1550
802
1554
1546
837
1534
1546
1548
1548
1565
1550
1553
1547
1560
1558
1343
1546
1541
1537
1547
1539
1519
1551
1377
757
1554
1540
1550
1546
1431
1541
1549
1550
1554
1541
1527
1545
1547
1084
1532
1542
1542
1516
1542
1533
1516
814
1544
1556
1549
767
1554
1544
1554
739
1553
1554
1566
1541
1544
1562
1094
1560
766
1556
1557
1561
1543
1550
1536
1542
1551
1556
1541
1541
1553
1491
1549
1542
1533
1539
1542
1522
1545
1528
1544
1537
1539
1509
822
851
1548
1554
1520
1545
1547
1554
1539
1550
1544
1548
1552
1553
1544
1545
1537
1426
1549
1546
1534
1524
1546
1544
1200
1556
1540
1531
1538
1542
1550
1553
1560
1542
1540
1550
1550
1541
1539
1547
1528
1535
944
1542
1534
1554
1541
1553
1556
1533
1504
1566
1552
1552
1548
1548
1547
1542
1553
1102
1560
1543
1548
1560
1545
1540
1542
1534
769
1542
1542
1554
1469
1559
1551
1545
1532
1543
1537
1539
1537
1539
1547
1538
1492
990
1553
1537
1541
1550
1552
1555
1527
1546
292
1552
1548
1556
1551
1543
1546
1453
1556
1536
1547
1544
1547
1550
1549
1540
1553
1177
1547
1540
1535
1553
387
782
1330
1473
1553
1527
1550
1537
1541
1545
1541
1554
1546
1550
1560
1365
1546
1559
1555
1537
1023
767
1544
1557
1555
1550
297
1551
823
1558
1558
1551
1548
1548
1536
1534
759
734
1560
1545
1544
1554
605
1507
1239
1537
1557
1528
1555
1552
1549
1552
1557
1542
1510
1549
1549
1543
1552
1554
1542
1548
794
1550
1554
1559
1565
1539
1549
1556
1532
303
1544
1379
1564
1555
1547
1135
1483
1544
758
705
875
1549
637
1548
1537
1223
1548
1553
1558
1550
1523
1555
1561
1549
1545
1551
1542
1547
1540
1554
744
1523
1567
1540
1543
1555
416
1542
1549
1555
1550
1500
1553
1542
1550
1542
764
1550
1545
1551
1541
1527
1526
1532
1177
1545
1337
1542
1545
1547
1537
1544
1542
1546
725
1552
1547
1548
1488
543
1543
1549
1542
1547
1551
1540
1555
1544
1555
1548
1556
1547
1546
1550
1534
1536
1251
1538
1544
1512
1555
1534
1541
1536
1541
1544
1535
1547
1540
1545
1540
1542
1545
847
1506
1248
1546
1544
1543
1517
1052
922
1546
1542
1542
1532
1550
1544
1548
817
1543
1549
1550
1545
909
1546
1541
1539
1541
1541
761
1550
1545
1545
1521
881
1555
1504
1549
1545
1540
1551
1552
1541
1552
1539
1548
1541
1549
1545
1552
1539
1543
1543
1525
1552
1513
1552
1537
1543
1541
1540
1549
1547
1534
1548
1541
1543
1543
1531
1544
770
1536
1553
1546
1548
1548
1546
1539
1551
1546
1560
1546
1553
1540
1543
1529
1547
1549
1540
1548
1539
526
1524
390
1537
1547
1548
1547
1543
1548
1523
1538
1546
1548
1542
1536
723
1529
1542
1528
1536
1553
1548
1550
1536
911
1518
1550
1535
1546
1503
1537
1533
1191
1546
1546
1541
1538
1540
1440
1538
1545
1536
1550
1545
1545
1523
1529
1538
1533
1499
1538
713
1537
1568
1555
1550
1554
1553
1550
1542
1552
1541
1525
1533
1556
1549
1554
1280
764
1557
1547
1543
1549
1550
1555
1504
1312
1546
1563
1547
1547
1334
1011
1146
1532
1531
1544
1549
1547
1552
1543
1548
1548
1545
1257
1546
1543
806
1526
1552
1542
1539
1542
1551
