3030
3031
3025
3027
3073
2992
3041
3054
3059
2098
3007
2966
2852
3024
3022
2904
3037
2993
2997
3037
3041
3035
3034
3029
3010
3035
3044
3050
3030
3075
217
2424
3059
351
3061
226
1556
3048
3037
3027
3055
3044
3008
2426
3034
3020
2799
3050
3036
3004
3097
3052
2172
3018
3041
3061
3019
192
3052
3006
3029
3032
3032
338
2602
3027
3061
334
1061
3073
3049
2978
2809
3022
3020
3040
2971
3041
3029
2972
2986
3059
3067
3045
3030
3042
3064
3029
3049
2054
216
3038
3044
2822
3013
2716
3025
3011
3029
3015
3077
3028
3071
2956
3051
3052
3009
3050
3038
3051
3024
3048
3033
3039
3044
3039
3060
3104
3055
3039
3005
3028
3024
3021
3056
3001
3034
3056
3024
3065
3014
3010
3051
3020
3023
3027
3056
3038
2994
2998
3036
3021
1082
2710
3016
3078
3028
1157
3059
3035
3036
3034
3043
3021
2975
3024
3053
3012
3032
410
3015
187
2954
3024
3042
3023
3032
3012
3029
3034
3021
3033
3030
2979
3056
3020
870
3038
3005
3035
2585
3043
3038
2408
3003
3039
3036
3033
3016
3034
3029
3033
3051
3000
2673
3018
3056
3014
3055
3013
3017
3021
3038
3010
3056
3035
3051
2904
3073
1837
3054
3035
2837
2990
3022
3017
3040
3038
3023
3026
3041
3027
2551
862
3010
3049
3030
2984
3045
3048
3038
2947
3074
3021
873
3031
2169
3056
3025
3035
3042
523
3049
3013
3077
2779
3033
3008
3019
3016
2964
1692
3022
3034
3030
3016
2991
3068
2989
3056
3050
3051
3022
941
3038
1591
2954
3019
2997
2776
3041
3042
3027
3019
240
3039
3008
3023
3032
2965
2895
3027
2999
3027
2529
3005
3045
3053
3113
3009
3029
3018
455
3012
3040
3066
3018
2979
3057
3020
850
3013
3025
3051
3008
3044
3006
2923
3069
3006
3046
3030
212
3009
3025
2980
3049
3020
2985
3047
3005
1733
3025
3038
3060
3025
3036
3025
3030
3023
3029
3030
3058
3026
3022
1260
3053
2381
3067
3024
3042
3050
859
1369
3037
3050
3020
3031
3045
3015
3045
3049
3036
3013
3034
2163
2078
3025
3000
2428
2966
3042
3027
3037
3034
3052
3018
3014
3061
3010
2414
231
2990
3054
3010
3022
2317
3030
3050
3067
3036
3030
2997
3033
3014
169
359
3046
3013
3002
3097
3058
2947
3047
3045
3051
3045
3026
1006
3046
2989
3016
3032
3012
3015
523
3049
3055
2849
3038
3020
3013
2262
3018
3027
3046
3030
3064
2981
3054
3015
2234
3048
3006
379
3035
3035
3028
3030
3025
3025
3021
3029
3011
3039
3026
3046
3015
3049
3015
3058
3023
3089
3047
3022
3045
437
3045
2285
3061
3041
3029
2844
3027
3007
3043
3027
2507
3096
3024
3010
3063
3040
3023
3016
3051
3032
3032
3042
3036
3050
3052
3047
3020
3015
3053
3015
3065
3044
3032
3051
3029
3063
3113
1276
3022
3039
2982
3045
3020
1970
3013
2960
3017
3036
3032
3028
3023
3007
3004
3038
3024
964
330
3037
3046
3035
3021
3025
3018
3004
3045
3028
2822
3016
2934
3032
3016
1243
3034
3039
3054
3012
3042
3025
2980
2997
3024
3052
3027
2939
3029
3030
3037
2979
3002
3032
3069
3039
3024
3056
3039
3050
3068
3059
3033
3007
3026
444
3027
3049
3043
3044
1125
1575
3015
3012
1540
3036
3043
3054
3047
3042
354
3037
3036
3021
3050
3049
3034
3013
1851
3007
3023
3013
3021
3047
3019
3021
3040
3039
3016
3016
3049
2961
3030
3009
3005
3024
3059
447
3022
3029
1870
3019
3040
2926
3023
3022
3027
3044
3021
3054
3041
2925
988
2968
3047
3036
3046
3048
3032
3031
3024
2969
3021
3032
3060
2107
3053
3010
3053
3011
1059
2999
3034
3036
3027
3034
2957
3021
3045
3038
3008
2964
3046
2121
3029
3046
3035
3042
3061
3040
2966
3030
3060
3035
3020
3021
3032
3017
3054
3025
2625
3027
3011
3062
3036
2992
3046
3052
3022
3039
3000
3035
3009
3059
2996
3026
3067
3009
3030
3026
2975
3023
3098
3034
3041
3033
3042
3018
3025
1455
3018
3026
3126
2276
3025
1202
3015
3033
3042
3051
3022
3053
3040
3005
3016
3054
3012
2956
3032
2963
3025
701
2252
3025
3037
1652
3048
3013
3003
3022
3030
3016
3018
3051
2387
2965
3064
461
3034
3074
216
3042
2107
3063
3034
3076
3028
3037
3047
3028
2650
3030
2702
3023
3036
3043
158
3036
3046
3038
2985
3053
3030
898
2580
3032
1247
1393
3054
3050
3023
2976
3020
3032
3052
2905
3034
3013
3034
3062
3042
2993
3072
3013
2979
461
3023
3041
3030
3019
3007
2863
217
3019
3004
3029
3052
3016
2985
3024
3025
3045
3037
3046
3061
3037
3022
3016
368
3095
3065
3083
2986
2766
3016
3044
2897
3025
3024
3041
3004
3038
3082
3021
3041
3044
2075
3017
3032
3020
3087
3040
3026
3004
3035
3038
2001
3037
1876
3040
2999
2992
3045
3038
3009
3056
2994
3043
3005
3040
2993
2365
3037
443
3038
1770
218
2982
3058
3036
3005
3031
3020
3028
3038
3042
3062
2438
2647
3029
3027
3059
3019
3022
3054
2981
3043
3013
1906
3027
3053
3063
2961
1582
3049
3043
3053
3029
3072
3043
2987
2947
3033
3058
1930
3043
3045
3038
1382
650
513
3038
3031
3035
2957
3054
3054
3019
3048
3043
1860
3052
2462
3029
3024
3030
847
3043
3041
3047
2986
3009
3042
3027
2971
3017
3027
3000
2982
3023
2999
3012
3007
3030
3044
3020
3041
3029
3034
3043
3067
3022
3042
3046
3018
3052
2930
3038
1119
3031
3018
3052
3047
3068
2921
3002
3059
3041
2530
3044
3046
3044
3003
3016
3019
3030
3032
3032
3005
3070
3008
3030
3009
3033
1526
3038
3020
3022
3032
3056
3026
3025
3048
1684
3021
3043
3039
3031
3040
3014
3026
3049
3052
301
3029
3035
3037
3042
3031
3002
3044
2992
3046
3035
2961
3054
3044
3037
2971
873
3005
3017
3031
2506
3066
2977
3020
3065
198
3043
3038
1051
3029
1005
1084
2181
3051
3008
3027
3081
3039
2453
3012
3060
3040
3047
3034
3007
3019
3049
2140
3025
3064
3020
3041
3010
2905
2998
3027
982
3048
3045
2902
3002
3004
3019
3012
3024
2370
3034
3011
3061
3028
3031
3022
3019
2975
3031
1016
663
3014
2989
3034
3029
2217
3036
3005
3047
3051
3041
3009
3037
3040
2998
3065
2972
327
3039
3018
3270
3067
3040
3035
3020
3015
3018
3023
3032
1523
3034
3028
3066
3029
3003
2579
3050
3050
3024
3000
3050
3023
3006
3047
3036
3053
3053
3054
3011
3051
3065
2982
3020
3002
3051
3031
3046
3046
2994
3024
3005
3069
3048
3020
3019
3017
3009
3038
3026
1686
3017
3038
3047
3039
2910
3014
3028
3052
3018
3044
2996
3025
3036
3051
3007
3051
3012
3041
2885
3037
2191
3057
271
1900
3029
3011
3020
3017
3027
2997
1085
3011
502
3037
2996
2992
3033
3039
3024
2978
3004
2171
3027
3033
3026
3007
3052
3057
3033
3018
3043
3037
3047
3033
3021
3012
3031
3046
3009
3030
3010
3002
3028
1058
3045
233
2988
2955
3045
3001
3006
3019
3034
3019
3042
3107
1085
3010
2369
3060
2941
3021
3038
2880
3034
3027
3029
3020
367
3033
2989
3034
2245
3095
3049
212
3050
2981
3028
3013
3051
3024
3047
1664
3048
3055
2960
3031
3029
3069
2729
3043
2987
2995
3053
3018
3015
3020
3050
956
3067
3001
3045
261
3063
2882
3055
3054
344
3011
3022
2187
3038
3023
3014
3036
3031
270
300
3054
3004
3041
3002
3037
3024
2357
2917
3046
3044
3028
3008
3011
3057
3027
371
3016
2957
3046
3049
3039
1974
3006
3026
2795
3013
3054
3022
3039
2970
3030
3008
3039
3035
3025
3011
1731
3025
3022
3033
3026
3028
3049
3065
3018
2991
3022
3028
3017
3064
3021
2710
3003
3040
3047
3063
3018
3053
3040
3024
3042
3048
3025
2990
3033
3024
3048
3036
3035
3019
3013
3048
3031
3025
493
2517
540
2977
3062
1010
1834
3012
697
2971
3026
3027
3061
3057
3025
2973
3035
3028
3025
3047
3056
3042
3046
3059
1154
3023
1642
3032
3041
3069
1405
3057
3048
3053
3062
3048
2956
2992
3027
3043
2995
2451
3039
2973
604
3033
3056
3041
3047
2887
3029
3010
3017
3052
3033
742
3025
236
3035
3039
3027
3028
3030
2979
3037
3054
980
3025
1225
3045
3050
3045
3033
3038
3012
2979
3101
3057
2733
3010
2795
2999
3042
3027
3050
2847
3049
3058
3029
3052
3018
3000
753
673
3026
2991
2977
3037
3008
1837
3016
3018
3045
3023
2993
3022
615
3045
636
3039
3028
232
2750
3014
3033
2845
3008
3011
3019
3056
2960
3047
3045
2086
3029
3037
3049
3044
3031
2757
3096
3014
3028
3023
259
3029
3051
3028
2385
2175
3024
3036
3112
1287
3009
1857
3049
3033
351
3049
3028
3036
3060
3001
3046
3040
1729
3029
3030
1980
3035
3033
241
3025
2983
3023
3013
1235
3069
510
3039
3020
3016
477
3044
3043
3019
1205
3005
3003
3013
3042
3041
2849
2984
3016
3052
3006
1831
3053
3029
3049
3047
3029
2895
3000
3040
1261
1683
1325
3020
3047
3030
3031
3018
3017
3058
3058
3048
3012
793
3043
3040
3046
3023
3021
3046
3029
997
3014
3025
3042
3035
3061
3035
3016
2992
3037
723
3026
3054
3039
3018
3034
3059
3037
3046
200
3046
3019
2985
3023
3000
3060
3040
3027
3048
3038
3041
3028
3062
3053
3027
3042
3012
3033
2925
3032
3030
441
3027
3042
3030
3008
3051
3018
3018
362
3016
3014
1865
1463
3046
2997
2570
2234
3025
3044
3035
3035
3044
3038
3035
3034
350
3033
3021
3017
164
3054
3046
3052
3062
3010
3036
3046
3055
2703
2997
3001
3035
2596
1889
3038
3055
3033
3044
2997
3037
3043
3015
198
1390
3042
3043
3056
1237
3038
3053
2011
3027
3023
3047
3039
3033
3040
3032
3018
2637
3007
3036
3002
3026
3012
3006
3038
3038
3028
3067
3070
3028
3021
3040
986
3010
2988
2405
3001
3050
3020
2996
3022
3067
3003
2943
3039
3026
3068
3041
3048
3024
3039
3014
642
3055
3019
3013
3007
3042
3036
1989
3036
3006
3026
3036
3028
3038
3044
2921
3027
2994
3038
3024
3049
3050
2987
3040
3063
3027
3030
3080
3035
3065
3027
3052
3004
3049
3025
2728
3028
2981
3047
289
3051
3044
3006
3045
3019
3049
3043
3029
3032
3046
3011
3046
3043
3040
2883
3014
2569
1612
3039
3019
3009
3034
3024
2985
3031
2988
3019
2716
3003
1812
3022
3030
3032
3032
3029
3022
3055
3067
3040
249
3029
3022
3040
3055
3024
3046
512
3028
3047
3054
3007
3032
3054
3035
3024
2052
3018
3028
3030
2089
769
3020
3018
3013
3029
3056
3039
3055
3008
3052
3056
3041
3056
3026
3026
3043
3038
3015
3027
3055
2615
2505
3026
3036
2796
3032
3067
3046
3034
2996
3047
3026
3040
2923
2089
3014
2999
2971
225
3046
2987
3047
1952
3033
3030
3024
3040
3019
3004
3023
3035
3076
3058
3032
3019
3037
3045
3007
2998
3017
3054
188
1531
3130
3019
2297
2997
2929
3038
3032
3013
2883
378
3016
3007
3010
3019
3036
3044
3048
3016
3029
3043
3013
3041
3017
3017
3026
3077
3043
3018
2996
3036
3299
1043
2990
3043
3022
3018
3059
2862
2169
3057
3034
3064
3078
3017
3045
3022
2883
3063
3061
3055
3040
3070
3042
3047
3027
3013
3008
2643
585
3069
3020
792
3015
2749
3011
3013
3031
3008
3018
3044
3043
3021
3050
3050
3043
1402
3046
2974
3026
3071
3051
3027
3066
3014
3048
3059
3034
3050
3024
3040
3041
3046
2815
3006
3041
3049
307
3028
3027
3038
3043
2994
3031
2998
3020
226
3015
2677
3038
3051
3040
2989
3028
3035
3059
3041
3058
1437
3027
3022
1323
3062
3060
3027
3025
3050
3045
3054
3051
3056
3051
3081
2867
3043
3084
3056
3060
3036
3012
3095
2951
2971
3030
2989
3034
3052
3059
3067
3025
2967
136
3010
3062
3040
3043
2834
3019
3049
2998
3026
635
2751
3008
3011
3010
3022
3016
3036
3020
3047
3046
3020
2528
3046
3043
3051
3029
3011
3043
2853
3033
3034
3014
3025
3049
2989
3098
3027
3051
3028
3000
3036
3057
3046
3113
3005
3010
2996
1562
3057
3029
3117
3022
2620
3038
162
3048
396
3032
3064
3037
3041
3086
3041
3049
3004
3042
3035
3025
3024
2903
3024
2183
3039
3045
2251
3071
3009
3052
3022
3033
3010
3044
3028
3040
2985
3050
3019
2935
3054
3015
3035
3048
3051
3038
3022
3046
3044
1757
3052
3058
3064
812
2992
3046
3027
3029
3028
3001
3028
2095
3059
3042
3003
2991
3023
3027
690
3013
3065
3048
3035
630
3047
3015
3056
3060
3033
3032
3023
3003
593
3065
2362
3043
3027
3043
3065
3017
3002
3042
222
3038
3051
3071
3042
3054
3019
3014
1448
3044
3045
3036
3031
3036
3036
3062
3023
3044
490
3060
3024
249
3036
3038
388
3027
3027
3044
3025
3018
3058
3055
3025
3015
2687
2243
3041
3026
3038
3034
3028
3028
3020
3054
3029
3036
2983
3026
3052
3038
3018
3035
3045
3032
3015
3018
2999
3000
2960
3039
3029
3048
3034
3039
2733
2956
434
3011
3038
3045
3030
3049
3054
2348
3045
3052
645
3050
3019
3033
502
3040
2996
3033
3032
3037
3013
3028
3039
3021
3085
848
3034
3028
3053
3061
3049
3017
212
3054
2768
3009
596
2961
3041
2684
1721
904
3048
2984
3027
3038
3035
3018
2405
3029
3045
2544
3003
3038
3012
3043
3103
3011
3103
408
3029
3069
3043
2961
3048
3051
3023
2994
3029
3015
3027
3066
3035
948
3021
3038
3059
2978
3027
2949
3032
3033
3033
3023
3040
3054
3032
3012
3042
3023
3027
3061
3017
3048
3035
3031
3021
3047
3065
3103
3030
420
1939
3030
3023
3010
3003
3026
3039
3061
3032
3054
3028
3031
3015
3037
3031
3053
3013
3049
3046
3021
3035
810
3033
1762
1148
998
3036
3057
3030
3055
3060
2875
3025
2996
3061
3037
3019
3052
3021
3012
3049
3049
3067
2389
3038
3015
3017
3052
3045
2945
3057
2954
3018
3013
3036
1209
2992
3046
3017
3017
3037
3014
3014
3037
3031
3031
3036
3036
3037
3045
2820
3039
3053
2980
3015
3049
3025
3081
3003
3011
3037
3032
3045
3032
3004
3057
3043
2798
3040
3020
2998
3031
3000
3041
3018
3040
3046
3128
3019
2917
2062
1685
3030
3050
2939
3043
3038
3030
3052
3020
2005
3024
2175
3031
3044
3049
3038
3026
3037
3023
2716
3033
742
3023
3023
2962
3036
3051
3016
3025
3050
2500
3053
3015
3038
1373
3035
2486
3009
2789
3019
3029
3006
594
3060
3039
3056
3022
2997
3035
2699
3033
191
3037
1860
3101
3025
3052
3008
3037
3027
2993
3059
1311
2045
3047
3044
3062
3023
912
3021
3052
1239
2858
3018
1761
3026
3211
3035
2010
2990
522
2970
3041
3024
3024
3031
2419
2987
3005
2767
3004
3032
3037
3020
3047
3014
3039
3009
3032
3034
3021
261
3050
3044
3047
3037
2876
3038
2968
2561
3013
3127
3014
3040
3098
2995
3099
3043
3040
3008
3021
3029
3047
3043
3048
3044
3034
3059
3023
2213
3077
3004
3046
3062
3011
3048
3019
3047
241
3042
3054
2918
3066
3005
3038
3048
3054
3026
3039
3012
3056
3001
2993
3009
3049
3074
3026
3060
3040
3020
2987
2974
3064
3034
3036
3031
3064
363
3034
3054
3024
3031
2968
3046
2998
3049
3042
3044
3051
3054
2003
3040
3015
3043
3040
1128
3019
3070
3049
2998
3015
3042
3048
1222
3033
3049
3039
3031
3020
3038
752
2996
3047
3052
2127
2999
2989
2959
3019
3009
3007
3109
2955
3036
3053
3051
3006
3038
3064
3009
3048
1909
3035
3038
3029
3055
3032
3034
3029
1092
3020
2970
2870
3058
3023
2832
3030
3034
2998
3055
3051
3000
1393
3027
444
3052
2979
2803
3013
2767
3021
3030
182
3108
3039
3053
3035
1766
2998
3056
2996
3011
3083
1396
324
3043
3054
3013
2961
3049
3028
3036
3031
3042
1464
3024
3048
3054
3029
3041
851
1722
3060
3040
3019
3023
3042
3011
3029
3036
3060
3031
3058
3033
3002
3029
3048
3035
3027
1299
3036
3044
2979
3031
258
3051
3057
3039
2640
3002
2996
2997
3041
2959
3059
3009
3032
3024
3050
3021
3027
3033
3048
3053
3026
1277
3014
2970
3041
3043
3022
3069
2999
3026
3011
3063
3020
3020
3040
3010
3073
3018
3063
2966
1473
3014
2982
3021
3034
3061
3054
2992
483
3011
1552
3057
3029
3025
3038
3028
3026
3062
3001
239
3029
3030
305
2982
3042
3052
3029
3031
2023
3068
3001
3045
3093
2880
3040
3041
1042
2998
2965
3011
3035
3141
3028
3038
3016
3027
3000
3015
3033
3045
3039
3053
3047
3044
200
3057
3062
2980
3020
3048
3007
3036
3021
235
3035
3028
3011
3020
3018
924
3061
3030
2997
3041
3027
3009
3047
3026
3064
2969
3043
3019
3038
3081
2990
3032
3019
3023
3040
3041
3040
3017
2864
3051
3038
3054
3048
3039
3048
3031
3041
3047
3009
3025
3036
3016
3028
2999
3035
3072
3020
3041
3037
3036
3035
3035
3029
3043
3028
3040
3073
3052
3030
3021
2980
3057
3047
3065
3035
3036
2740
3036
474
3023
3030
2838
3038
3076
3014
3016
3055
3053
1577
3061
3017
2997
3018
316
3088
3118
3048
2997
3030
3050
3052
3033
3011
3041
3084
1260
3045
3036
3059
3069
3021
3051
3046
3004
3041
3025
3004
3048
3047
3012
3036
568
3033
2294
3040
3043
3026
3023
3034
3032
3039
2980
3029
1998
3014
2724
3050
3033
2952
190
3066
3043
3047
3033
3008
3032
3014
3039
3047
3026
3034
3021
3035
3018
3059
3046
1655
3049
3029
3059
3047
162
3002
3016
2994
3012
3031
3044
3058
3045
1801
3054
3037
3023
3032
3054
3035
3030
3040
3045
3049
3018
654
3032
3048
3028
2997
3040
3035
3029
3042
3054
3006
3043
995
3047
3000
1185
3012
3022
472
3051
3043
3019
3021
3044
3029
3010
3046
3041
3027
3046
3048
3008
3044
2997
3018
3014
3035
3034
3056
3034
3016
3097
3001
3035
3020
3055
3040
3005
1078
3023
3073
3037
3012
3026
3034
2919
3057
3038
1139
3000
3034
3031
3049
2960
3034
3000
3029
2939
330
3021
3059
3042
3052
3034
2787
293
3038
2451
3007
3055
3048
2965
3030
1948
3071
1786
3017
3061
3044
3037
3036
3039
3033
3021
820
3045
3032
3022
3041
3018
1310
3036
3016
3004
3062
3024
3058
3022
3107
3031
3029
3043
3006
3026
3030
2972
3001
3028
3046
2310
3028
3001
3021
3034
3011
3008
3024
3047
3112
3025
550
3043
3027
3038
3054
294
939
3057
3022
3023
3107
3021
3040
3031
3014
2887
2998
3026
2968
3041
3019
3043
3014
3042
3049
3016
3023
3043
3027
3051
3013
3007
2994
3044
3022
970
3110
3054
3015
3050
3042
1092
2867
323
3070
1135
3021
2882
3010
3041
3069
3059
2418
3048
3024
503
3040
3029
3051
3042
2974
2473
3021
3042
2989
3033
3065
3055
3035
3027
3057
3012
3012
3006
3010
3003
3005
3039
3051
2977
3048
3011
3033
3019
2964
3008
3017
208
3036
2712
3042
3034
2663
3031
3008
3029
3098
2996
3039
3031
2430
3043
2720
3016
3005
3016
3047
3057
3037
3012
3079
3042
3071
3025
3024
3011
3035
3040
3031
3020
2900
2980
3019
3069
3031
2970
3040
3005
3019
3026
3043
3043
394
2145
3005
3055
3023
3030
3030
3033
3041
3012
3029
2992
703
2601
3042
3037
2944
3020
3014
3000
3018
3006
3019
3059
2437
3028
3034
3030
3031
3053
3034
3026
3022
3035
3017
3008
3046
3043
3054
3010
3034
3036
2998
3039
3041
3020
3083
3038
2404
3038
3039
3027
370
3046
539
3038
3022
3053
3022
3023
3039
3002
2966
3067
3045
3053
3051
2965
3031
3048
1861
2835
3037
3062
3019
3023
1158
2964
3040
3015
3019
3019
2295
2823
3011
3067
3044
3019
3035
3012
2998
212
3026
3052
2826
3051
2991
3026
2984
3005
3048
3030
2996
3009
3065
3007
3066
3041
3026
2987
3045
3043
3262
2990
3033
3075
3038
2973
2982
3051
3031
3054
160
3004
3025
3036
3036
3017
3043
3039
3042
3028
3020
3096
3064
3063
2988
3061
1303
3014
3046
3022
2123
3051
3032
3034
2955
3015
3013
3053
3018
3054
2997
2581
174
3022
3024
2997
3053
3034
3029
3036
3050
2933
2976
2583
2951
3016
2842
3041
1371
3098
3047
2886
3046
3035
3032
2947
3043
3059
3038
3041
2961
3037
3041
3045
3043
3062
3043
3022
3070
3023
3045
3042
2330
2973
3047
3057
3020
3034
3098
3027
3026
3036
3048
3047
3023
3112
3008
3022
2981
1870
3035
1054
1598
3073
483
3060
2974
3052
3054
3020
3037
3009
2913
3042
2991
3034
3001
3048
3024
3037
3021
3020
3067
3064
3020
3037
3040
3038
3036
2990
3052
3044
3035
3049
3053
1814
3020
2987
3035
3047
3085
3049
3048
3004
3015
3042
3055
1865
3051
3005
3083
746
3031
3036
413
3071
3028
3035
3038
953
2993
3056
3038
3028
3039
3020
3031
3055
445
3032
3064
3028
3053
3029
3024
3031
3030
2880
2999
3053
3066
3055
3032
3034
716
3037
3040
2938
3034
3055
2773
407
3047
3051
3032
3048
3030
3025
3032
3025
3044
3021
1769
3057
220
3030
3020
3036
3023
3041
1892
3049
3055
3041
3017
3030
3031
3056
3014
3010
1558
3052
3025
1573
3034
316
3026
3045
3051
3062
3021
2954
2860
3017
2385
3046
3033
3031
2970
3032
3039
2855
3040
2860
2759
3046
175
3059
3030
3014
2992
3028
3035
3041
866
282
3048
3053
3059
3009
3031
3002
492
3028
3004
3050
3111
3004
3058
3023
3063
3045
3042
3021
3018
3040
3040
3058
3052
3033
3038
3035
3031
3029
3058
3021
3020
3045
3063
3006
3017
3053
3031
3017
3020
3010
3028
3028
3034
3009
3028
3019
3038
456
3020
3035
3034
3054
3013
2265
3050
3027
3024
3029
3030
3017
3055
3035
3110
3029
3076
3040
3048
3027
483
3006
3030
3008
3014
3000
3029
3038
3018
3012
3028
326
793
3030
3000
3076
3018
3020
3026
3040
3039
3032
3017
3039
3039
3037
3056
3027
3043
1859
3031
3033
3048
2997
3054
2863
3048
3000
3047
3025
3008
2997
2915
2994
3049
3048
3048
3035
3036
3059
3042
1841
2902
3034
3046
3015
2974
3064
3046
3044
1044
3012
3047
3036
1380
3069
625
3056
2658
227
3107
453
1773
2987
2995
3056
2911
3039
3035
3004
3040
3032
3034
2958
3033
2999
222
3037
3044
3011
3041
3048
2558
3052
3064
3049
3053
3013
3070
2971
2716
3047
2995
3015
3024
2991
3046
3048
3054
3050
337
3039
2128
3050
3044
2956
3035
3045
3051
3016
3039
3013
3035
3042
3041
3037
3041
2726
3022
3042
3031
3025
3048
3034
3023
3020
3053
3034
3016
231
3012
2953
2416
3061
3002
2767
367
3014
3034
3032
3062
3033
2975
3047
3018
2733
3245
3034
3008
3025
478
3051
3022
3025
2820
3021
3008
3014
3040
3019
3046
3007
3025
3039
3022
2996
2016
3036
3037
3002
3022
3030
3036
3030
3036
3048
3045
2762
3004
3048
2220
3051
3012
3007
3021
3029
3005
3049
521
3026
3055
3038
957
3019
3046
1195
3022
3045
3042
3047
3022
3037
1541
3027
3067
2963
3034
3029
3033
3056
3043
3052
1283
3027
158
3030
3028
3106
3012
3040
3075
3011
3024
2549
3042
3046
3051
244
3037
3022
3029
3012
3058
3045
3048
1707
3032
3005
3035
3036
3066
3027
3050
3133
3040
2783
3109
3055
3023
1995
3032
3012
3038
3048
2896
1506
3100
3034
1225
3034
3082
3022
3070
3036
3007
676
3077
3008
913
3038
2734
3110
3006
2983
3063
3055
353
3000
3051
3051
2992
3050
3033
3057
2999
3042
2914
2271
204
3050
3009
1993
3043
3040
3031
3027
2948
3008
3046
3033
3043
2877
3022
3052
2992
2969
3026
2945
2260
3019
1252
215
3040
3052
3028
3027
3020
2436
2982
3018
3030
3064
3009
1193
3009
3050
3008
3051
3008
3052
3031
3046
858
3013
3047
3028
1560
3051
2965
3054
3035
3006
3036
3011
2732
3016
3025
3032
3036
3012
3039
3041
3009
3048
2119
2963
2352
1857
2974
3034
3059
3047
763
3024
235
3044
3076
3001
3062
614
3013
3032
3060
3037
2567
3121
3035
3022
2438
3014
3038
684
3036
3040
3045
3064
3049
3051
3050
2702
3044
3041
3014
3030
3019
3038
3037
3055
2159
3016
2037
3046
3011
3046
251
2250
3045
2980
3056
3008
3034
3042
3044
3042
3026
3011
3024
2979
2122
3022
740
3019
3040
3010
3016
2415
3039
1390
3042
1620
1688
3075
604
2994
3019
2913
3051
174
3045
3067
3026
3031
3045
2767
3025
3027
3006
2882
2981
3014
3036
2885
2961
3027
3037
3032
3018
3001
3045
3038
3047
3039
3027
2240
3011
3061
3046
3045
2994
3029
3023
2396
3035
2995
2997
3032
3040
3118
3039
3008
3050
3054
3053
3024
3050
3018
3032
3040
3053
2035
2994
3037
3046
3082
3020
272
2060
2923
3045
3061
2978
3048
3119
1918
2324
3023
415
226
3026
2954
3037
1913
3022
3017
451
3007
2631
3061
3060
3015
160
3038
3043
3104
3011
3038
2993
2237
3017
1346
3044
3050
3011
3012
3026
1820
2709
3037
3055
3042
3039
3042
3034
2997
1138
3010
440
3004
3038
3048
3035
1048
3004
3028
3034
3015
3038
2990
3041
658
3012
2054
3037
3015
3049
3035
895
3033
3040
2127
3115
3083
3018
3039
2983
3000
2966
3036
3037
3036
3044
3062
3054
3016
3030
3032
2958
3029
3045
3038
3034
3056
3056
3091
262
3022
3018
2921
3038
3027
3041
3064
3048
3024
3053
2155
3048
3024
3058
3009
2994
3052
3055
3020
3007
3013
3035
3032
3041
3038
3019
2991
3012
3034
3036
3002
3034
3007
3024
3095
2970
2999
2969
2629
1613
2804
3068
3043
3037
3028
3052
3051
3037
3043
3060
2971
3036
3015
3033
3115
3065
3041
3032
3033
3021
3043
3033
3027
3024
3026
1045
3012
3050
952
3044
3047
3032
3035
3025
3000
3008
3028
2990
3041
3046
3037
1794
3022
3021
3047
3029
2986
3041
3047
3003
3031
418
3106
3052
2992
3036
1602
3042
2412
3032
3029
3045
3039
3059
3012
1764
149
3029
3049
3008
3019
3051
3047
3010
3036
3042
3025
3030
3031
3045
3033
3039
3041
2567
3037
3004
3012
3025
3047
843
3009
3012
1496
1199
3019
3032
498
3018
2202
3017
3030
3025
3027
3034
572
3037
1202
2985
3027
3039
3033
3055
3048
2965
3044
3045
3022
3000
2633
3059
3025
3021
712
3032
3009
3043
3054
3096
2999
3000
2919
914
3004
3021
3005
3047
3057
3065
3017
3055
3053
3041
1766
3040
3050
3008
3034
782
2313
3032
3028
3038
3049
3005
3062
3000
3021
3055
3024
3033
3101
3058
581
3014
406
3046
3042
3020
1759
3050
3038
3054
3031
3057
2861
3050
850
3039
579
3070
3028
3010
2788
3056
2961
3038
3042
3032
2983
3051
3052
3006
3014
3021
3051
2738
3048
3031
3033
3051
3051
1303
814
3050
3013
3001
3049
3052
3046
3026
2798
3047
3002
3008
1464
3054
3025
3038
3032
3032
3041
3019
3008
3030
3024
3019
3008
3023
3033
2995
3067
3011
3041
3028
2735
1495
3033
3029
3026
3029
3039
3004
3017
3020
318
3052
2994
3016
3023
3040
3024
3058
3016
3039
3031
2132
2767
3028
3017
2365
2994
3023
3039
2723
3019
3014
186
3048
3030
2993
3029
1255
3009
3020
3024
2408
2072
3051
3030
3010
3062
3045
2937
3038
3013
3038
3007
3021
3039
804
3046
3021
3034
445
3034
3079
1899
3039
3049
3036
3050
3032
3004
3027
2896
3034
3011
3015
2985
3018
3040
3049
3049
179
3051
600
3075
2976
3034
3032
3031
3069
2717
3000
3037
3026
1898
2495
3051
2880
3040
3017
3008
3045
3007
2983
3019
287
3026
2812
2988
2894
3064
3039
3033
3015
1396
1605
2990
2203
3116
3028
3007
3026
3065
1453
2237
3092
3001
3033
3049
3028
2980
3024
3021
202
1121
3064
3022
1778
1033
3011
1165
3034
966
219
3042
3057
3017
2172
3018
2921
3003
3046
3011
3042
3045
2504
3012
1620
3039
3044
3038
3052
3036
3039
2535
3035
3006
3035
3029
3007
1260
3044
3023
3048
3051
3006
3050
2125
3024
3039
511
3044
3046
3022
3047
3060
3082
3042
3030
1242
3067
3026
2987
3035
944
236
3008
3039
3039
3053
3038
3089
2883
3003
3074
3003
3049
3040
3068
3012
3036
3053
875
3082
3038
2973
3036
3043
3064
3028
3002
3018
1988
3033
3030
3039
2883
3051
3047
3058
2997
3020
3031
3050
3029
3036
2994
3048
3051
3032
3004
3050
3006
1295
3015
3009
3024
3049
3064
3026
3063
2739
3049
3020
3030
755
3081
3046
2910
3048
317
3044
3030
1882
3025
3039
3054
3047
3063
3028
3014
3019
3050
3039
3016
3045
3023
3051
2049
3016
252
3039
3027
1158
3095
3045
3053
3014
2913
3042
3028
3028
3056
2954
3032
3060
1040
3034
3025
3048
3038
3003
1108
2983
3034
3001
3027
3034
3022
3039
2982
3040
3001
3029
3017
3065
2996
3021
3061
2994
3008
3019
3024
3050
3044
684
3017
3054
3035
3052
3025
3046
3039
3040
3030
3011
3058
3030
3076
3015
3014
3053
3006
3039
306
3036
2953
3035
2165
594
3016
3034
650
3025
3057
1610
3037
2992
2842
3035
3027
3061
2998
3046
3010
3028
3046
3024
3013
2996
3013
1926
2985
3065
2845
3054
2426
3058
2954
3006
2773
2969
3032
3046
3048
3064
3049
3022
3039
3051
3077
3024
3044
3000
3027
3021
3029
3037
2622
820
3065
577
3032
2982
3048
3041
3009
3036
3035
3044
2993
2999
3020
3031
2628
3029
3008
3037
2889
306
3049
3003
3056
3052
1566
3028
1492
3041
3030
2987
3057
1643
3039
3032
3050
3048
236
3056
3032
2498
3040
3026
3046
3008
3018
3006
3039
2986
2715
219
3059
3025
1057
3009
2889
3033
3051
3023
3029
2997
3038
3027
3041
3025
3081
3115
2985
2630
3032
2970
3043
3011
3044
3029
3041
3024
3044
3050
3033
3034
687
1914
3032
2311
3023
2995
3016
3014
3042
3023
3059
2984
1978
3035
1051
359
3013
3031
3039
3028
177
804
2999
1435
3039
1855
3039
3038
3007
3047
2506
3072
3019
2714
3021
2980
3016
1704
3017
2519
3067
3030
3019
2854
2997
1203
3035
3057
3026
3048
3041
3042
3028
3055
2993
2977
3029
3010
2991
3003
3045
2988
3046
3023
2985
3036
904
3054
3043
3043
3047
3108
2971
3017
3057
3024
2954
2998
3029
1345
3034
2587
3030
3031
3054
3010
3044
3020
3029
989
628
3010
3056
911
3038
3064
2961
3017
1413
3044
3077
3044
2973
2973
1958
3044
3123
3028
3043
3020
1617
2847
3027
3015
3093
3029
3036
3040
3047
2532
3038
3021
207
3056
3035
3131
3004
238
3058
481
3008
2979
3063
3105
3021
3019
3040
3021
3027
3030
3012
876
3021
3002
2982
3008
3034
3026
3038
3054
3029
2990
3028
1562
3054
2964
3038
3018
3048
3004
1996
3026
3016
3014
2993
3037
3032
3057
3030
482
3030
3016
3024
3047
3050
3031
564
3017
3086
2997
3048
3012
3069
3042
2197
2714
2970
3040
1661
3014
3012
2944
3008
3021
3034
3002
3023
3038
3011
3057
3033
3023
3032
3015
2811
3071
2050
3017
3078
3037
3020
3039
3049
3028
3030
617
3034
3032
3061
3044
3021
3028
3034
2987
3066
3030
3052
3056
186
3050
3033
3054
3048
3054
3031
3041
2989
3025
3032
3038
2971
3257
3056
3022
3022
3086
2847
2992
3030
2628
3042
3057
3013
3038
3022
3026
2972
2964
2799
3029
3060
3045
3030
3017
3043
3055
3011
1321
3037
3036
2894
3022
3055
3041
3035
3041
3045
3096
3020
3014
3020
3020
3036
3034
822
2949
3037
3039
3033
3019
3080
3048
3034
3035
3053
3013
3013
191
1069
3013
3028
3040
3013
2997
3038
2287
3030
631
3067
1396
3048
3053
3046
229
2999
3016
2998
3041
3029
3017
3039
2154
2894
2703
3036
3041
3035
3056
551
2977
3055
3031
3040
3029
3012
3036
2576
3045
3058
3048
2040
3043
3045
519
3072
3031
3064
3041
3057
3008
3049
3047
3038
2722
3031
2997
3045
3049
3033
946
184
3050
3025
3031
3037
3050
451
3044
251
3052
3037
3057
3037
3057
3076
2927
3022
3038
1865
3042
3065
3028
3074
3024
344
3023
3018
3017
3046
3055
3037
523
3054
902
3042
3014
3040
3043
3037
3027
2972
3049
2518
3056
3072
918
3051
3006
2945
434
740
2985
3030
3035
3072
1349
3039
3015
3007
3032
3063
3047
3026
3030
3017
3017
3017
3027
3021
2989
3011
3041
3077
3035
3053
3067
2976
3047
3032
3027
3055
1227
2979
2967
3051
2924
2974
3036
3024
3048
3008
2945
3031
3018
3006
3003
3052
1082
2979
3027
2594
3020
2988
3065
3027
3052
3034
383
3036
3045
3025
3031
3061
3011
3033
3051
2976
2605
220
3128
3046
2423
3025
2882
3045
3040
3034
1576
3070
3026
3017
3045
3042
3057
3022
3032
2227
3041
3048
3047
3033
3023
3038
3015
1523
3032
3046
3047
3045
3038
3064
3054
462
3029
2811
3031
3030
3021
3043
3030
3047
3023
3005
3066
3043
3043
2931
3004
3032
3029
3046
3020
3049
3053
3056
2943
2949
3016
3030
1111
3130
3041
3000
1903
3044
2981
3046
2533
3034
3031
3038
3018
2983
3033
3052
3022
3034
869
3026
3047
3034
3029
3039
3034
2901
2302
3024
3023
3055
3013
3013
3049
3048
179
3044
3040
3021
3032
2983
1630
2989
3046
3011
3004
3119
3046
3030
3030
1860
3012
3023
208
3020
3039
3025
3011
3029
3041
2870
3037
3038
2981
3044
2401
2826
3003
3029
2955
3041
2038
3055
3012
2974
2964
3023
3036
3018
3026
3029
3051
3016
607
3041
3054
2052
3023
3054
3018
3010
3046
3032
3070
3052
3058
3038
3022
3065
3010
2972
3046
3048
1525
3036
2788
2991
1819
3004
2994
3010
3021
3024
3045
3002
3043
3019
3038
3022
2958
3052
3003
3045
2936
3020
3020
3019
3040
3032
3036
1974
3040
3045
2990
3056
3041
3041
215
3006
3012
2576
3051
3038
3028
2996
3039
3034
3009
2904
3009
3048
3067
3046
2207
3028
3048
320
2996
3012
2994
3037
3039
3029
3045
2417
2971
3017
3047
3029
3016
3018
3025
503
3049
3054
3040
3008
3037
3046
1654
3043
3035
2160
3038
3039
2952
3064
2761
3010
3026
3029
3023
3025
3076
3046
3033
3032
3010
3057
3022
3032
3035
3029
3042
505
3062
3021
2994
3019
3034
3022
3034
259
3021
3043
1069
3067
3035
3052
3018
3016
3044
3039
324
2997
3045
203
3028
3031
3036
3072
3041
3016
2975
3053
1654
3046
3013
3016
3021
3057
3041
3037
3017
3038
3034
3018
3006
3037
3035
3046
3050
3072
2981
3030
3028
3015
283
3013
3012
3020
3022
3009
497
3038
2201
3006
3024
3046
3032
3018
3041
3035
3002
3012
1776
3045
3007
3010
2984
3027
3042
3013
3005
3014
3015
3030
3041
3039
3037
3054
2788
3037
3032
3032
3065
3034
3027
2655
3062
3045
3055
450
3020
3023
3061
3089
3030
3042
3036
3033
3023
3005
2985
3015
3040
3048
3050
2558
3038
3038
2998
3066
378
3038
3022
3040
2245
2814
3060
3054
2907
280
3006
3022
3047
3023
440
3026
3043
3046
3050
224
2506
3010
3046
3071
3048
3033
2966
3034
2967
3022
280
3062
3029
3030
3025
3058
3037
3028
2053
3008
3034
1809
3020
3024
3038
3055
3051
3017
3062
1415
3054
3031
3025
2597
2990
3044
3037
3036
2999
1969
3038
2653
3051
2978
3071
3030
3041
3037
3037
2582
2298
3067
3030
3009
3047
3041
3034
3031
3047
3029
310
2638
3075
3046
1775
3026
3043
3038
3037
2949
3048
3059
3015
3042
3018
243
3018
3029
3029
3013
3059
3040
3064
3031
3037
3116
3029
3060
3037
3059
3045
3038
2956
3025
3004
2999
1648
3020
3009
3028
1185
2996
3068
3054
3019
2459
2943
3019
3039
3049
3047
3095
3092
3014
3046
3009
3032
3040
3009
3033
3029
2869
3050
3024
719
3010
150
2696
3020
3029
3025
3049
3020
3024
3040
1188
3031
519
3056
3027
3052
579
3041
3021
3018
3039
2985
3042
3027
3050
3038
363
2994
3060
3079
3037
3058
2991
3030
3053
3047
3035
3041
3025
3011
3045
896
3039
3033
2167
3036
3053
3030
3035
3009
3037
426
3016
2234
3000
3021
3090
3007
2998
3044
1094
3045
2931
905
3022
3034
2625
3012
417
3007
2981
246
3025
3054
3058
3048
2998
3041
3052
3034
2995
2587
3048
3014
2998
3075
3046
3029
2952
440
3031
3016
3040
3042
3056
2064
3024
3056
3045
3006
3063
3045
2359
3060
3004
3043
3038
3029
3018
3027
3047
3060
3009
3034
2563
3031
3006
3011
3022
3053
3037
3014
3008
3036
3036
3046
3036
3020
1276
3037
3040
3066
3045
3002
450
3031
3024
3078
3067
3044
3108
570
3055
3024
3037
3035
2991
2940
2621
3040
2994
3066
3042
3016
3013
3023
3042
3022
3068
1388
3041
3042
3058
1840
3034
3014
3103
3043
3044
203
3013
3060
3019
1011
3037
3044
266
3032
1385
3038
3037
3029
3023
1630
3004
3022
442
2995
3020
3050
3012
582
3042
1122
1176
3034
3038
3002
3030
3022
3112
3049
1120
3025
3063
1790
3039
3046
3037
3021
3008
1788
2610
3014
3044
3005
3065
3032
3131
3031
3022
3037
3032
2987
808
3026
3012
3041
2980
3061
3012
2996
3030
3039
2883
2471
3003
3024
3043
3020
2214
2666
3016
3009
3036
3012
2889
3024
2987
2995
3043
2363
3037
3009
1629
3009
3032
2995
1366
3037
3004
3061
3006
1623
2827
3024
3027
2993
3035
3005
1300
3057
3037
3049
3015
3053
2754
2974
3010
3031
3029
3012
3039
3054
3021
2949
3014
3003
3024
3052
1148
3024
3026
