2977
1381
2950
2991
2152
3018
2995
3013
2961
975
3003
3012
2366
2956
2916
3005
2572
3000
3016
3033
3017
2948
3018
3038
3008
3025
3007
3022
3012
3040
2950
2479
3037
3039
2998
2996
2958
664
3020
3028
3003
2969
3015
3005
2936
2981
2934
2983
2990
3017
3025
3019
2908
3017
1611
2810
2985
2964
2902
2946
2995
513
2987
2997
3019
3028
3014
3044
3003
3017
3009
2997
3018
2996
606
3019
3008
3005
2932
2987
2986
3004
2978
2910
2997
3012
3003
2946
2806
2964
3032
3012
3021
3018
2995
2939
2941
2930
3021
2990
3030
3001
3014
2836
3022
2995
2968
2998
3016
2991
3033
3006
2971
1685
3002
3011
3012
3020
3011
2960
2984
2974
3053
2989
2998
3034
178
3029
3000
3013
3005
3015
3007
2988
2683
3003
1262
3024
3024
3003
2980
3028
2965
3026
3018
2243
2996
1266
3046
585
3002
3018
3004
2981
3005
3007
3019
1420
2964
2973
2961
2998
2984
3063
2993
3000
3012
3034
3028
2997
2954
3045
2481
3011
2380
3013
2958
3023
2984
3017
3006
2965
3017
2974
3006
3006
2978
2986
2978
2986
266
2967
3003
2400
3016
3000
3000
653
2920
3019
3015
3006
2971
2981
3023
2998
2984
2939
2989
3076
2854
2545
2970
2986
3055
3008
2998
3034
3009
691
3024
3027
2998
3017
3011
3005
3023
3001
3102
2972
3043
3024
2918
2469
3022
2987
3009
3025
3042
3004
2997
2985
3013
2996
2633
3017
3011
2966
3021
2501
3035
3015
2961
2996
3021
2268
3029
3023
3015
175
2997
2987
3106
3020
3032
3035
2976
2960
3021
2974
3018
2958
3023
3008
3023
2901
3016
3054
3019
3013
2984
2957
2991
3024
2994
2986
3035
2975
3017
2889
1970
2535
2997
2989
2974
2998
3004
3006
2017
2979
3019
2992
2984
2803
2296
3023
227
3035
3014
3012
3001
3017
2373
2992
3008
3014
3027
244
2998
3001
2923
3018
3012
2987
3013
3007
3032
898
3002
2996
2980
3058
3041
3012
3045
3000
3016
3022
614
2981
3001
3012
278
2975
2979
2979
2916
2021
2961
2987
3033
3027
2977
3007
2967
2940
3032
2809
2995
2967
2812
2987
3009
3017
2967
1128
2993
2966
2129
2988
3026
3012
3012
3005
1974
3023
2997
3044
1388
1821
3021
3055
3038
3065
2960
495
2960
3014
3011
2171
3015
3032
290
3028
3019
2902
3088
2994
3027
3025
2961
3012
288
3003
3037
3033
3022
3007
3010
3017
2986
3017
3005
3004
3022
3043
3014
2088
2136
3033
3021
2986
3001
3013
2642
3065
3027
2812
3031
3019
2933
2955
3033
309
3036
2991
3013
2985
3028
3021
3007
714
2967
3033
3030
2996
2944
3080
3030
2916
3014
3016
2988
2521
2993
3024
2960
3016
3013
3023
1538
2974
3015
3014
2986
3002
3029
3029
2997
3017
2996
2872
3024
3031
2965
3023
3004
3030
3011
2978
2998
3004
3016
2148
3035
3016
1448
3032
2960
3003
3016
3019
2986
3038
3010
2964
3011
3020
3021
3014
3009
2960
2985
3026
3040
2974
2988
3004
3012
3009
706
2951
2993
3029
2997
3015
3032
2884
3013
2939
2999
2529
2938
3020
3014
3026
3018
2952
3019
3020
2999
3009
2997
3010
3051
3036
2998
3016
3026
3010
2999
2434
3027
3005
2994
3022
2995
2674
2996
3012
2158
3011
2985
3004
2999
3022
3019
3011
3012
3053
3011
2998
3021
3029
3011
3024
3000
1629
3017
573
2800
3004
2986
2124
2969
3036
2992
3020
2980
3018
3015
3015
2962
2771
2974
2993
3000
284
3009
3006
2994
2990
2986
3009
3017
2982
3000
3008
3014
3010
3019
3036
2984
2983
3005
3006
3036
3029
2983
2998
2957
2989
3005
2980
2044
2956
2965
3003
3016
2679
3023
2839
2998
2996
3031
2989
3003
3000
3024
3010
2999
3015
1708
3028
3032
2981
2223
3015
3043
3052
2801
2928
2986
2307
2985
2996
2979
3045
3013
2982
2999
664
2961
2982
3001
3006
3012
3038
2916
2999
204
2976
3010
1106
2979
1423
2979
3012
2962
3018
2989
3005
2971
3020
3028
3031
3019
3006
3011
2974
3004
1763
2974
3021
3043
3011
3028
3020
3009
3024
3021
604
2997
2986
3025
3041
3019
3066
3036
3002
3008
2958
3024
2978
2420
3010
505
3014
3007
3032
3004
3027
2994
3009
2987
3011
2694
3010
3036
3013
2984
2541
3043
3009
694
3029
2990
3000
2967
2975
2865
3028
1034
3034
2993
3030
3029
3020
338
2975
3001
3012
3006
3000
3032
2640
3050
2992
3008
3036
544
2951
2930
3055
3009
3014
2985
3023
3022
2279
3002
2958
3016
3037
2960
3010
2987
3011
2915
3034
3000
3007
3002
3016
3016
3007
2985
2978
2991
2656
3030
3023
2967
3031
2997
2741
3004
3004
3019
3048
3034
3028
3008
446
2462
2457
3019
3030
2956
2984
3006
2999
2969
3011
282
3028
3014
2998
3010
2966
2986
2937
3004
3014
3019
3030
2975
2896
3005
3001
3045
3048
3003
3004
2898
2990
1514
3013
3019
1795
3026
2973
204
2998
3021
2314
447
3026
3010
2982
3030
3017
2997
2970
2998
2128
1511
2314
3012
2429
2990
3008
3001
2994
1546
2955
3014
2785
2984
2937
3030
2778
3017
2999
3023
3057
2108
2984
3004
3009
3014
3018
2981
2992
3007
3053
2984
3010
2989
3033
3007
3037
3017
3019
2930
2988
2973
2987
2492
552
2977
180
3033
3022
3013
3030
3034
3041
2990
699
3017
2988
2997
1015
2971
904
3026
2972
3013
2997
3012
3019
2986
3013
3012
2992
2306
2959
3023
3035
2971
3032
2954
2997
2996
2992
3058
3033
2972
3033
2644
3017
3031
3024
2966
2889
3024
3013
3031
3030
3015
3037
3016
2979
3005
3007
3032
895
3007
2971
3014
2998
3004
2998
3007
1172
2405
2998
3020
3007
3024
2963
3033
3009
3011
193
2994
3004
3014
3013
2993
1101
2973
3027
3001
3003
3095
293
2996
2991
2996
3002
183
2801
2992
2994
3007
3038
2940
3010
484
2994
1660
3021
313
3018
2973
3002
2995
3040
3024
3032
3004
2994
3006
2968
3023
2995
3000
3031
3039
3014
3001
2962
2997
2980
3043
2994
3001
3035
2735
3024
3012
3002
1002
3008
2490
197
3008
3013
2743
1094
3029
3013
2943
3022
2533
2993
3018
3042
3002
3010
2975
3026
2989
3007
2990
3009
2755
3017
3015
2989
3076
3013
1073
3013
3005
2975
2977
2158
2999
2971
3028
3025
3002
2996
3022
2896
2008
3022
1130
1595
1512
3026
3020
2972
2990
2986
3029
2724
547
2963
3009
3009
3010
3003
3017
2982
3015
1208
3013
3024
2999
3030
3020
2974
3002
3040
3020
3010
2571
2989
3013
3016
2601
3014
2296
2926
2607
3013
2993
2978
2996
2978
3011
3038
2989
2947
2995
2872
2997
2999
1542
1621
3028
3018
3002
3016
3019
1640
2969
3001
3004
2985
3003
2982
2722
2992
3031
2980
321
3017
2982
3007
3028
2995
3005
3027
2880
3021
2978
2987
3018
3025
3022
3043
3016
2967
3037
2980
2994
3028
2967
2803
2975
3010
2998
2977
3020
3015
2985
2948
3000
2329
2154
1521
3014
2976
3039
3000
196
2953
2989
3016
2999
2989
2286
3009
3015
3004
3012
2976
3026
3003
1844
2950
3016
3019
1053
3004
2950
2635
2451
356
2960
3037
3021
2968
2995
3030
3044
3048
272
2807
785
2966
3028
3009
614
3024
3009
2989
2997
2988
2894
3022
3019
1609
3002
3021
3014
3022
3020
3018
3000
3020
3059
3019
3003
2984
3012
3009
3018
2962
3024
2999
3035
3011
3024
2999
3005
3023
3020
3014
2974
3103
270
3021
3058
3003
3007
3012
2994
3030
3006
3022
3002
2958
2996
3019
3030
3021
2996
2994
3014
3008
3033
3017
2996
2971
3024
3005
585
2958
3040
3018
2998
3031
2976
3020
3013
3000
3019
3031
3095
3026
2795
3000
2984
3001
3015
3007
3025
3020
3010
3027
2992
2992
3014
3009
3021
2999
3053
3015
2991
3009
3000
2999
2985
3008
2938
3091
2994
3063
3014
2991
3020
2934
2976
2999
3018
3015
3008
3032
2996
3016
3007
3032
3015
742
2986
3004
2985
2955
217
3013
3047
2996
2999
3015
3019
3032
3017
2993
3009
2973
3003
3029
3015
2999
2972
2997
2999
2781
2544
3025
3028
3029
2996
2976
3010
3008
3018
3024
3020
3014
3038
2995
3017
1597
2145
2983
3031
3014
2988
3007
2983
2980
3013
442
777
1512
2998
3032
1928
3036
3023
2975
2995
2991
3029
2997
2994
3014
2996
3022
3029
3010
2933
2942
3006
3013
2983
3009
2986
3000
3002
3026
3021
3000
521
3006
3080
2949
3010
2958
3004
3019
3049
3005
2999
2907
3032
3027
3012
3025
3005
3038
2987
3022
3013
3005
2997
2993
1068
3002
2843
3005
3015
3023
3013
2987
3038
2909
3019
2993
2990
3020
2957
3003
3052
2880
3011
2997
3049
2728
2990
2989
2989
2984
2958
2737
3018
3003
2955
3004
3018
3087
3007
2962
3020
3005
1877
3014
2992
3003
2978
3006
3023
3018
3012
2991
530
3014
3024
3052
3032
3003
3049
3042
3008
3008
3029
3053
3012
3009
729
2994
2979
3011
3019
700
3044
2971
3013
3009
3009
3017
2996
2985
2768
3072
2987
2655
3011
512
1504
2983
3043
3008
3028
3040
3000
3032
2994
3023
3001
2982
2942
3027
2962
2985
3020
2528
3005
3023
3007
3007
3024
3005
3118
3010
3023
2764
612
3033
3033
2390
3020
3011
3017
3011
2963
3072
3025
3011
3045
3011
2966
3011
2496
3000
3042
2984
3009
3017
3027
3027
1694
3010
3016
2836
3019
3001
2978
2994
2999
3019
385
3005
3018
1544
2971
2964
3015
3000
3035
3005
378
3005
3041
2989
2913
3058
2977
2999
2993
3015
3014
2899
3012
2994
2969
3006
3046
2949
2980
3034
2952
3019
404
3009
2999
3010
3005
263
2977
3021
3019
3022
3027
2802
3017
2951
2989
3023
3014
3012
3024
3010
2989
3041
3038
3034
2974
2156
2967
2989
3011
3036
2992
3012
3008
3007
305
3013
3006
2985
1957
3004
2990
2999
3011
1566
3028
2989
3030
2996
3033
2994
3011
2989
3032
3011
1567
2980
3019
3024
3015
2991
3025
3031
3039
2483
2987
2988
1705
2365
3014
3028
3004
3013
3019
2992
2963
2629
3002
3023
3044
2996
2995
3013
444
2992
3009
2984
945
3008
3020
2310
2972
2946
2992
3045
2969
3032
2903
3004
2999
3012
1997
3002
2836
2967
2975
3023
2009
3028
2981
3016
3030
3019
3034
2790
3059
3033
3022
2985
783
3018
2990
2986
3026
2769
2663
3005
2987
3033
3038
3010
3035
2959
3032
3030
2998
3025
3019
2997
3013
3033
3021
3018
1947
3033
3011
2979
3038
291
2978
1327
3005
3009
2994
2992
3005
3023
2989
3030
3012
3038
3084
3019
3003
2969
2988
1650
3002
2991
3074
3001
2996
3034
2994
3011
2988
452
2792
3019
3058
1910
3039
3000
3019
3033
2868
3016
3008
2987
2989
3003
2979
3018
3008
2993
2980
3006
3043
3022
3017
3013
2990
3013
3018
3037
2991
2988
2142
3022
3019
3021
3014
3025
3004
3008
3026
2980
3048
3009
3004
3003
1052
3016
3025
3016
2965
687
2976
3054
3004
3013
2985
2999
2997
3003
3025
3039
3007
2991
2166
3025
2999
2995
2995
3010
3019
2997
2663
3010
2995
2182
3004
1773
2999
2982
3009
2974
3082
3023
3032
3014
2955
1080
2687
3002
3082
3017
3014
3003
3007
2993
2913
2949
3011
3026
2995
2979
2948
2976
3010
3042
2394
2976
2934
2962
3026
3038
3018
3031
3007
3022
2996
3002
3032
2840
3027
2109
3000
3034
3014
3010
2971
2971
3031
3020
2956
3015
3009
756
3045
2969
3011
234
3016
744
3019
3022
3109
2998
3039
2996
3015
3010
3028
2990
3020
3024
3013
3009
3000
290
2961
2957
3016
2998
1812
2993
2806
3007
3024
3010
3069
3019
3018
3011
3007
3014
2967
3021
3050
3021
3023
2978
3015
2983
2981
2972
2997
2984
2042
2994
2982
2946
2987
3022
2943
2981
2998
2999
3006
3015
3027
3031
2583
442
2989
3019
2314
2987
3004
3037
3036
2908
2994
2995
3015
3020
3015
3032
2933
3007
2993
2966
2997
3027
3031
2998
3010
2993
2992
3018
3007
3065
1680
2959
3012
3019
3012
3016
3018
3025
3018
2168
2944
3012
3000
3026
2923
3000
3013
3056
3009
3006
2998
3017
2052
2985
3001
2971
2993
1062
2950
3022
470
3010
3004
2978
2924
3010
3018
2970
3018
3015
3000
3003
2977
3017
3000
3024
1103
3008
2442
3015
2272
3019
2990
2966
3007
2997
3003
2576
2851
3012
3000
3043
2981
2993
2981
2990
3012
3020
2994
217
2972
294
3006
3017
3013
2831
3011
3034
3019
3037
3019
3013
2969
3028
2792
2922
2991
3001
2986
2975
3010
1966
3010
2998
2961
3014
2993
2999
2989
3041
2977
3011
3014
2929
3011
2978
2998
2988
3024
3002
3001
3051
2992
2930
2995
3019
3045
3018
2999
2992
2985
2997
2986
2991
3012
2994
3015
3030
3011
3013
3027
3017
3015
3019
2972
2925
3019
3020
3013
3027
3081
2991
2967
3011
3011
3046
3014
3001
2890
3017
2984
3015
263
758
2987
3043
3001
3033
3098
2998
2615
3031
2981
3028
3025
3023
2980
3024
3075
2987
3010
3013
1821
2983
3037
3012
3004
206
3000
3010
3018
2856
2998
3003
2995
2997
2988
2603
305
3025
2898
3006
2994
878
2991
3029
2430
3048
2951
2990
3000
3033
2998
3008
2951
3032
3058
2995
3018
3023
3018
3026
2963
2952
2995
2923
3037
2993
2160
657
2992
2953
3019
1121
2970
2978
3008
3011
3030
2989
2985
3037
3013
3025
3003
3002
3004
2992
2131
3004
3012
2966
3005
3035
3009
3010
3019
3040
2995
2968
3016
3002
573
2998
2973
2973
621
739
3026
2997
3022
3045
3039
3032
3028
2999
2699
3026
2986
2981
2817
3016
2612
1752
2999
3029
3011
3005
3004
2975
3003
3002
3004
3005
2994
2121
2982
2984
3001
2978
3014
3003
3013
530
3001
3009
2974
3037
3039
3018
524
3097
2992
3045
2833
3004
3011
3027
3034
3001
1864
892
3004
3006
3029
3007
3020
3017
3010
2994
2977
2972
2990
3020
2547
3025
3035
3016
3014
2998
3026
2982
3029
2995
3045
2994
812
3028
2982
2998
2998
2992
2130
2984
2984
2733
3019
2996
2990
2961
3041
3004
3006
2998
2949
2995
3021
2991
2979
3011
2981
3012
3002
3102
3027
2967
3000
3001
3008
3005
2999
2989
2991
3021
3023
3001
3014
3024
2987
3017
885
3029
2995
3003
2976
3036
2961
3041
3033
2121
2945
3007
3004
2987
2970
3005
3043
3014
2993
2935
1965
3033
2979
2992
2997
3019
3018
779
2998
3002
3010
2893
3011
2516
3026
3016
3002
3030
597
2979
3011
3020
3003
2996
3028
3029
2972
3001
445
3001
3039
2996
3029
3031
2970
2990
2323
2735
3006
3009
2895
3007
2978
3023
2984
2986
2989
3015
1144
3013
3032
2999
3033
3014
3012
2998
1026
3024
607
3009
3035
3020
3014
2964
3009
2970
3038
2776
3027
3002
2988
2984
3013
3018
2538
3023
3018
3013
2078
3006
3041
3049
3007
2998
2994
2951
3021
3005
2932
2983
3004
2977
3024
1116
2956
2977
2377
3021
3030
2957
3004
3018
3038
3066
2974
3000
3033
2977
3026
3024
2756
3034
3001
3001
3045
1692
2939
2980
2993
712
3046
2989
2998
3031
2949
3025
3037
2997
468
3004
2996
2990
3037
3007
2978
2973
3012
3016
3027
2999
1355
3041
3001
3034
3033
2987
3090
3023
3092
2990
3011
3029
3049
422
3039
2992
3041
3030
3018
3003
1829
2986
2960
1875
3020
2235
3002
3011
2962
3004
3018
3014
2994
3028
2958
3015
2978
1660
3020
2829
3018
3016
3024
3057
3024
2978
2999
871
2982
3012
3022
3018
3097
3006
2996
2984
2988
3020
3004
2519
3017
2839
2983
2991
2995
3003
2994
2991
3015
3006
3050
3020
2991
2988
3027
3028
3006
3044
3009
2995
2982
2986
3033
3030
2991
3020
2981
3007
3052
3012
2994
3041
2985
3034
2996
1081
2182
3018
3024
3028
3008
2981
2996
3059
3013
3021
3040
2983
3030
3004
3011
2992
2993
3019
3028
3003
3014
165
2991
3027
2639
3021
2581
3003
3031
2989
2989
3026
2994
3045
2971
2996
3008
2966
2994
858
2180
2985
3025
3070
2983
3039
2775
3014
3003
1139
3002
3019
2987
3027
2928
3024
2989
2974
2655
2960
3016
325
3004
3031
2997
3016
3012
3017
2883
3038
3037
2993
3007
3028
3018
3002
3041
2996
2995
3020
3017
2982
2019
3012
3000
3002
3021
2991
721
3027
2990
2999
3029
3039
3031
3009
3034
3026
2988
3007
2982
3009
2992
3009
2982
3023
2995
3039
2995
418
863
2797
3039
3001
3013
2976
2974
778
2975
3021
1949
3001
2956
3013
3009
2990
2995
2959
3019
2403
3012
3026
3028
3018
2992
2980
3033
3016
2982
2965
3020
2978
2971
3024
3034
3026
3041
3013
3016
2989
2965
2461
2998
2943
2041
3021
3002
334
2992
3055
3016
2984
3023
2988
3015
3009
2986
1096
3018
3021
3003
3002
2994
2993
3013
3011
2984
3002
3015
3022
2995
3019
2983
3008
2981
2985
3007
3005
3005
3029
3016
2995
2981
2989
3022
1524
2994
2976
3007
3005
2990
2987
3005
2965
3011
3039
3009
3005
2990
3024
3046
2975
2835
2979
3021
2616
3029
441
2997
3005
3042
2983
2637
2975
3012
247
2981
3022
3018
2994
2218
2991
3003
2920
2990
2655
3009
3021
1261
2853
3026
3014
2995
2979
2999
3017
2949
2988
3029
2929
1115
2997
3025
1856
3048
2996
3018
2957
3041
2980
3033
2984
3009
3004
3008
3031
2972
2435
2981
2985
3005
2977
3004
2998
211
3014
3021
3005
3018
3007
3012
3043
462
3019
2954
2239
2984
2988
2968
2988
2984
2957
3003
2995
2946
3028
3013
1899
3003
1910
3031
3005
2991
3001
3020
1597
3013
3007
3012
2965
2015
3003
3004
3000
2950
2986
2957
3031
2979
2996
2990
166
2919
2963
2959
3009
3043
672
3015
3010
3038
2782
2324
3008
3010
3002
3006
3020
3009
2889
3022
732
2422
3001
2992
3044
3009
3039
3028
3024
280
2964
3030
2943
2964
2984
3004
2817
2560
3006
1326
2995
3022
2985
1476
2999
3027
3017
893
2995
3005
3011
3025
2768
2987
2914
3005
1808
2204
1789
2994
3033
2998
3007
3001
3039
3009
3005
2987
3002
2992
3018
2982
3013
3020
3051
3009
3032
2997
3041
2972
3013
3001
3023
3033
3045
3080
3031
3035
3048
2992
2984
2950
3019
3001
2955
506
3036
3025
3004
3067
3006
2933
2984
3003
3018
3000
2980
3015
1229
3004
3015
3017
2996
3015
2978
3009
3012
2913
2990
3009
2970
3010
446
3003
2969
3019
2830
3033
2985
3011
2933
2943
2998
3012
933
3009
2996
2983
3053
3020
3009
2995
2997
2950
2979
2999
3031
2982
3011
3007
2985
2927
310
2994
3017
3020
3033
3016
2973
2983
3026
3020
3005
2921
2937
2984
2993
3005
3009
2976
3023
3036
3005
2965
2953
3012
3001
3003
333
3066
2988
3013
2997
2985
3027
3023
2986
3001
3004
231
3004
3018
1974
2544
174
3022
2151
1448
2997
3004
3045
3000
2990
2955
2993
3023
2964
3039
3000
2967
3010
2988
2120
3035
1276
2989
3015
3008
2992
3024
3011
3004
3010
2978
3000
2994
3008
2964
3044
3005
2979
2988
3015
3019
3022
2908
3014
2992
2970
3020
2977
1199
3019
581
3019
3014
2986
2456
3008
2999
2658
2882
3041
3007
3006
3002
3007
3011
2960
3015
3010
3015
1030
3013
2983
3012
2989
3016
2013
3026
3005
2978
2849
3003
3021
3011
2996
3014
3021
1987
934
3018
3000
3007
2988
2992
3046
2973
3038
3006
2982
249
3011
3017
3013
3012
3012
3006
3014
3016
2982
2994
2993
3026
3019
2995
1379
3014
3043
2995
3009
3041
3019
2983
3020
3023
3000
3042
3020
3004
2988
3023
3000
1556
3035
2999
3029
2996
2999
3031
2984
3008
2817
2992
3019
3013
3020
2978
1105
2556
3026
3007
3021
2980
3018
2994
2995
3021
3014
3024
3046
3003
2985
3014
2988
3034
2978
2978
2984
2828
3037
3017
3035
2999
2974
2999
2963
2780
3029
2984
3021
3028
2982
3000
3051
3022
3014
3023
2988
859
2989
2975
394
3012
2953
2995
3013
3032
3078
2948
2988
3005
2956
3023
2999
3045
3019
3029
2976
2991
3012
2999
3013
1686
3017
2905
3017
1332
2529
1063
2970
2986
2956
2999
3000
3000
2965
3004
3030
3010
3001
3009
2989
3032
1367
2973
3008
2951
3012
3023
2982
3013
2959
2997
2964
3003
3008
2970
2993
3000
2858
2959
2988
3007
3032
642
2999
2992
3030
3012
3020
536
277
3022
3021
2985
3014
3002
2941
2986
3013
3025
555
2218
2973
3012
1471
3035
2994
3001
3017
3024
3011
2795
3025
3031
3004
3033
3003
3002
3020
2985
3006
3071
2993
3041
3019
2990
3029
3032
3050
3024
3013
3053
3022
3005
3000
3003
3034
2430
3000
2916
3003
2996
3002
2902
2954
3006
2962
3014
3006
2995
3001
3043
3062
2994
2980
3001
3003
2981
3008
3006
3011
3011
3004
3005
2992
3004
3079
3002
3000
2852
2980
2892
2993
2928
3014
3002
3000
3031
1436
3014
2985
2998
2600
3041
2933
3014
3019
2991
2985
3003
2987
2957
3021
3006
3028
3000
3039
3016
3021
3009
3004
2997
3021
3016
3026
3016
2981
3023
3012
2992
2959
2983
2987
3021
2998
3010
2996
3017
3011
2984
3037
3002
3020
3067
3011
2992
2987
3108
2987
2772
3011
2975
3008
3020
2984
2951
3017
3021
3022
2136
2979
2630
3000
1826
3030
3000
2991
2995
3046
2981
3017
2983
3040
3006
3015
3021
3018
2842
3006
3045
2985
2974
3007
3040
2991
2864
3008
3024
2985
2989
3031
3004
634
2994
2970
2994
3012
2992
3029
3027
3021
2907
2992
2984
3019
2150
3009
3027
3050
2232
3046
2988
2804
2997
3020
2979
3010
3048
2991
3024
3000
2976
3025
2733
3007
3012
3028
3023
2996
3010
2984
2984
3026
2970
2988
2929
236
3001
2539
3028
2997
3039
2996
2989
1344
2982
2852
3019
3020
3022
2957
3039
3040
3004
3047
3017
3103
3028
2288
3002
665
2982
3003
3002
2977
3001
2980
3007
2956
2837
3006
3021
2953
2736
3001
796
2996
2999
2396
3016
1144
3002
1298
3021
2995
2972
742
3058
3039
440
3097
2939
3001
3012
3011
3030
2955
3006
2992
2565
3024
3017
2967
3022
3026
2996
2998
3034
3006
2992
3006
2965
3015
3001
2865
3039
3031
2942
2026
3007
2992
2995
3018
3032
542
3001
3008
3032
3084
3007
3020
3001
2982
3009
2987
3020
3025
2823
3029
3006
3007
3018
3015
3044
2943
3000
3040
3004
3007
3025
3037
3000
3028
2975
2988
2971
3003
2582
2994
3045
2852
3017
2996
2984
2978
278
2066
503
3007
3002
492
3019
3019
2979
2982
2891
2987
3016
3021
3012
3018
2992
3001
3014
3010
3011
3022
2977
3032
2973
3019
2992
2942
2986
3005
3027
2572
3030
3036
3004
2994
3018
3007
3011
3007
2999
3011
2991
3031
2993
2962
2983
3020
3025
2994
3015
2968
2993
3045
1823
3014
2997
1955
2979
1837
3008
3016
1572
2984
2951
2882
2973
3041
3008
3048
3019
3002
3020
3034
2969
1510
3018
3009
3027
3032
2983
2980
3053
2999
372
2976
3010
3042
3020
3011
2960
1678
3000
3018
2991
3034
2998
2975
2987
2986
3039
2992
3006
3036
3011
3035
3005
3049
525
3014
3010
2748
292
2983
2995
3018
2184
2992
3015
3012
3028
3006
3014
3001
2997
3021
3008
3006
2558
3023
2919
2983
3008
3038
2971
3026
2975
3011
3024
2972
3012
2995
3025
2952
3022
3015
2622
3035
2989
2991
3020
3034
2979
2979
3010
3122
3008
2984
2977
3027
3016
2987
3034
2965
2689
3013
3039
2968
3016
3004
2960
2982
3000
3021
3029
3019
3019
751
2753
2966
3042
3026
2985
2961
3033
3007
3012
172
2950
3007
2982
3044
202
3003
3002
3026
3024
3021
2996
3050
3085
3007
2214
3012
2731
2958
2908
3018
2968
2983
1296
3007
3002
2944
2348
3017
2988
1057
3006
2998
1715
2984
3016
3032
2988
3020
2973
3027
3021
2963
3001
3007
742
3002
3028
3056
3011
3016
3039
2957
2983
3023
2997
3021
3015
2111
3014
3029
3020
3006
3008
3107
2638
3006
3006
2999
3057
3047
3009
888
2994
207
2970
3014
3017
2986
3002
2986
2517
2996
2908
3024
3012
2999
3012
2986
394
2988
2959
3016
3024
2992
3016
2994
3025
3053
2326
3022
3101
2983
2993
2896
3038
755
2999
3023
3025
2997
3009
3018
2499
3029
3026
3001
3001
3030
3000
2710
2961
3012
3006
2986
2933
2967
3012
3016
2994
2955
3012
2992
3034
3027
3006
2999
2989
2984
2614
2988
1524
2985
3017
1192
3008
3026
2998
2991
2991
3055
3002
1233
2971
2973
1280
3021
2998
2987
2992
2025
2979
319
3008
3017
3022
3015
566
3004
3028
2983
2854
3080
3023
3006
3014
2983
2974
3032
3029
461
3018
3031
2989
2574
1586
3024
2977
3014
3015
2985
2983
3036
2967
2985
3017
1855
2936
3025
3021
3025
2997
2997
2993
1362
3030
3009
3023
2999
3048
3037
3015
2825
3006
3014
1994
3002
1707
3019
2765
3047
239
3023
2999
3053
2991
2996
3045
2989
3012
3040
3017
2988
3038
2998
2968
3026
2982
3047
3013
3019
512
2997
3016
3014
3010
2118
2847
3004
2936
3012
2739
1140
3015
2999
2984
3000
1119
3014
2988
3004
3017
2978
3023
3012
2998
2953
3006
3042
3105
2964
2915
3008
3034
3036
2987
2999
3003
3003
3029
3053
3009
3030
1484
3027
3005
2596
3022
3008
2981
3025
3011
1740
3030
3024
3009
2999
3012
3006
3005
2944
1935
704
2999
1513
3039
2997
2991
2996
3026
3034
3035
3017
3012
2995
2988
3024
3019
2995
3029
2978
3014
3008
3022
3024
3010
2990
719
2996
662
3005
3010
3027
3002
978
2954
3012
601
2997
2950
2990
2963
3044
2991
3058
3002
3017
2585
1507
3030
3035
3020
3004
3023
3010
2987
3028
3037
823
2952
2634
3025
2900
1677
3065
3027
3013
2987
3057
3017
3024
3020
3035
3029
3032
2088
3031
3013
3013
3038
2999
3012
2963
2954
2548
2993
3010
3006
2930
3000
2986
471
3016
2956
2976
3029
2966
3017
3017
3002
3029
3024
2510
2986
2969
3021
3006
3007
2978
3007
192
3031
2005
2975
455
3079
3037
3018
2973
3019
616
3004
3049
3009
634
2984
3009
3007
2989
3024
2978
2992
2986
2999
2992
225
2985
3009
3023
3024
2979
3003
3005
3031
3011
2998
3025
2985
3012
2986
2991
2466
3023
3010
3005
3028
2975
3015
3014
2991
2995
2996
2998
2968
2455
3022
2974
3021
2975
3005
783
3011
2997
2987
2998
3039
3003
3025
969
2972
3027
3028
2992
1074
2991
3048
3107
2982
3026
3002
2977
3016
2982
2979
2963
3016
3027
2670
2981
684
3021
2984
2256
3008
3019
3004
3035
1202
3032
2979
2983
2713
2993
3023
2656
3017
2995
2975
3032
2988
3031
3019
3018
2987
2989
2996
3010
2366
2971
2966
2966
366
2993
1915
3011
2975
2982
2992
3018
3029
3000
3036
3008
2987
3000
3021
2969
3019
3003
2998
3012
3008
3003
1373
3007
2983
2982
3034
2988
3007
2994
3004
1999
2775
2884
3011
2987
2974
3023
3023
1651
3030
483
2967
3026
2963
3021
2878
3030
3031
3025
3015
2981
2992
3011
2985
3006
1743
2998
2980
3011
3002
3018
2990
3023
2972
3011
3020
3026
3035
3031
3004
3048
3001
3029
2997
2998
2510
433
3030
2958
3001
3040
2997
3009
3001
2997
3032
3017
3011
3010
2965
3025
2993
3012
3005
3042
2976
3005
3027
3034
2962
3051
3014
1789
2984
3002
3019
3027
3042
2981
3015
2951
2990
3033
3021
2949
3020
2898
1964
3017
2825
2991
2994
3012
2997
3000
3020
2999
3005
2981
3001
3033
3008
2984
2871
3007
3014
3023
2475
283
1264
3029
3015
2971
2984
3021
3035
2999
2996
3015
3025
2439
3012
2300
3003
2446
3007
2981
3034
3007
3004
3006
3010
2995
2963
3004
3020
3010
2987
3014
3000
2971
3032
2971
3004
2964
3014
2963
3002
3019
2989
2927
3026
3012
3030
2988
2993
3004
2961
3024
3008
1678
3006
3009
2983
2998
2987
2994
2989
3002
3016
2992
2997
3001
909
2991
3034
2998
3014
2271
3019
3013
3000
3041
3033
2988
3013
3013
3011
3001
2980
3029
3010
3003
2990
2991
3048
3009
3031
2999
2968
3005
3110
3002
3029
3024
3023
2976
2978
2975
3038
1106
3020
3001
2994
2987
3040
2962
3007
756
2991
3001
2531
2942
3085
3007
1934
2993
3024
3011
3018
2956
3025
479
1023
1860
2979
3009
3009
2995
3046
3009
2726
3020
2978
3025
1127
3005
3017
2855
204
2989
3012
2986
2495
2997
2993
3001
2825
3003
2988
3017
2874
3014
3017
2995
550
3038
1719
3040
2988
2188
3033
2995
3021
2983
2980
2948
3014
2973
2834
1246
1943
776
2991
3022
3034
3031
643
2976
2959
3000
731
2997
3005
3024
2992
2988
3030
3020
1447
2475
3007
2946
2921
2979
3018
3007
3007
2996
3012
3034
2918
3012
3010
3010
245
3015
2987
3053
3017
2990
3028
3022
3007
3005
3000
1668
3035
3020
2961
3007
2893
2993
2983
3006
2990
3018
2994
3048
2101
2990
3023
3023
2980
2999
2998
201
2981
2982
3013
2118
2983
2827
716
249
898
3009
2978
2996
2983
3007
3011
2491
3009
3030
3050
3016
3012
2949
2984
3040
2987
2993
3000
2997
2990
3027
3018
3003
3020
3013
2985
305
3023
987
2992
877
3002
3022
3007
3017
2931
2998
3006
2990
3020
2955
3015
2995
3018
2985
2840
250
3013
2995
2989
3018
2989
2888
2991
3012
3005
3014
2971
2987
2934
3021
2944
3000
3037
2988
3028
3006
1936
3005
2994
3026
2977
2948
2979
3013
3013
3012
2983
2998
3004
3019
2993
3021
3002
2933
2991
2986
3017
2981
2997
3025
3005
3015
3009
3000
3030
3012
3023
3011
3017
3027
2241
3009
2658
2978
3043
2918
3016
2985
3012
3082
3000
3024
3009
3002
3041
2997
3010
3049
3030
1393
2959
3009
3003
3027
3011
3020
3019
2550
3003
3015
3025
3026
3021
3008
3040
2941
2986
3024
2993
3020
3030
3084
3025
2969
2977
3015
2966
3028
1683
3028
3005
823
2540
2966
3005
3004
2991
2988
2991
3015
3088
2011
2729
2768
2932
3022
3049
3013
2145
3007
3059
3023
3011
3049
3026
3015
3012
3035
1020
3030
2066
3005
3000
2985
3000
2999
3006
3009
3002
3028
3016
3009
3009
3007
3048
3000
2981
195
2935
2887
2995
2971
3010
2361
3008
2996
2999
2981
996
3014
3023
2951
2727
2267
3006
3000
2978
3026
3005
3023
3019
2872
3004
3021
3050
2993
3011
2979
2997
3045
1497
3054
3032
2662
2271
2611
945
3018
3028
2983
2981
3019
3000
3018
2990
3001
3000
3020
3041
2820
2033
3021
2999
3023
3010
2977
3000
3010
3023
3014
2997
2963
2839
2133
2997
3000
1946
2990
2978
3001
3019
2352
3040
724
3006
3011
3031
3000
2981
1454
2975
3018
2949
2968
3039
2991
849
3018
3017
2992
3012
3019
3026
3017
3039
2988
3013
3005
3027
3007
3045
2973
3021
3115
3006
3013
403
3006
189
2942
3040
1955
3016
3005
3029
2981
3040
3022
3022
3019
3035
3004
3014
2976
2988
3027
3004
3068
3037
3020
3031
2995
3047
2977
3023
3029
3016
3004
3018
2990
3002
3035
2959
318
3054
2728
2982
3017
2992
2979
3043
3050
2984
2996
3017
653
3026
2983
717
2077
3046
3008
2985
3008
811
2980
2981
3018
2926
2973
3013
467
3012
3015
2995
3002
3017
2991
846
3011
3017
3004
2975
3053
3017
2950
3002
3013
3034
3010
3016
2983
2948
3030
3011
3020
3027
3003
3050
2819
2952
3005
3000
3011
2932
3005
3009
3024
3021
2990
2855
1454
3013
3007
651
3000
2974
3008
2996
3016
3004
3009
3022
2342
2999
3024
2980
3006
3018
3025
3028
3015
2992
3017
1399
3031
2994
3009
2986
3005
3025
2942
3005
2956
2992
867
3023
2965
3009
3058
2999
3014
2974
3008
3028
2974
3036
1392
2992
3018
2952
3005
2970
3031
2987
850
2993
2412
2986
3020
3011
2998
2972
2964
3007
3013
2993
2979
3001
3053
3000
3013
2995
3104
657
3003
3028
2950
2997
3006
2982
3008
2970
1063
3040
1282
3000
1374
2083
2990
3030
3010
3008
2195
2853
2994
2995
3003
2970
3013
3022
2993
2991
3053
2997
2969
3010
3022
3032
3004
3024
2978
3010
2380
3007
3001
2995
3018
362
569
2938
2998
3018
2955
3017
3010
3058
3019
3038
2987
3020
2998
3019
3023
3028
3059
2988
2992
3036
2984
3009
3032
3011
3002
3011
3007
3007
3025
2974
3014
2749
3021
2944
3008
2997
3017
3009
2981
2981
3029
2965
3017
2957
2988
855
3016
2981
2989
3012
3000
2977
2994
350
2989
3023
2985
2986
461
3012
2991
3047
2980
3006
3016
2826
3016
3019
2994
2975
1706
2968
3029
2971
3032
2999
3027
2955
2964
871
3012
3010
2997
2997
2995
3020
3011
3006
2958
2293
2864
3010
3013
2975
2990
2999
3011
2993
2948
3012
1166
2981
2988
3016
3020
3027
3039
2992
2982
3013
2988
2959
3002
3020
2990
1736
3017
3018
2982
3027
3006
407
2975
3039
2990
2810
3037
3018
2991
3041
2945
3007
3029
3024
3031
3002
1079
2627
3025
1370
2940
2815
2980
2982
2935
3030
3052
2973
3020
3007
3020
3032
2997
2998
2914
2935
3013
3014
2999
3005
2926
2965
2990
3010
3017
2974
1688
2986
3015
3008
3073
3024
3023
1799
3031
3006
3006
2967
2997
3038
2997
2987
489
3010
2990
1145
2223
2979
2951
3019
3044
3083
2965
3034
2977
3000
2987
3003
2967
3010
2985
2996
3013
3037
3022
3027
3039
2987
3000
3034
2975
3011
3034
3022
3042
2993
2996
611
3006
3077
2994
2889
2987
3028
3009
3038
3009
3022
3021
3039
2988
3020
2593
3050
3006
2993
3003
3002
2999
3024
3014
3017
2986
2944
2963
2123
2992
2990
3027
2973
3003
2808
3036
2703
2966
2999
1563
2908
541
2993
3047
3006
3033
2992
3006
3025
2980
3012
3020
3008
3021
2945
3020
3034
3029
2998
3028
2983
2977
2097
2962
3008
2953
3010
3027
3006
2086
2993
2886
3019
3038
2976
2997
3001
912
3022
901
340
3022
3058
2989
3051
3026
3006
3008
3011
3023
2975
2697
3007
3022
3031
3010
2981
1298
3020
3077
3003
1275
3003
3014
3014
2944
3013
3037
3042
2690
3004
1160
2992
3015
3001
2981
2994
3007
2448
3018
1866
2989
2936
2991
3020
408
3007
3118
3002
3013
3012
2968
2995
2968
983
3025
2830
2968
3003
542
1789
2966
3030
2996
1793
3029
3010
3008
2564
2977
2992
3004
3027
3018
2973
2929
542
2887
2968
2990
2197
1744
3014
2996
3005
3005
2938
3021
3022
2340
3010
3021
2977
2994
3040
248
2883
3021
3037
2984
3000
3032
3028
3032
3004
2749
3019
2995
3022
3000
2990
2296
2989
2980
2994
2987
2990
3027
3023
2995
3028
3098
3025
1740
2988
2993
1712
3014
3029
3029
2983
3014
2993
3001
3013
3027
1458
2986
3094
546
2925
2921
3020
1878
3039
2996
3027
308
2992
3006
2993
3015
519
3033
3014
1917
711
3002
2089
3020
2984
2936
1019
2996
3005
2941
2968
2939
3026
3029
2994
3014
3000
2534
2987
3016
2990
3007
3023
2989
3050
3021
2991
3059
1978
3008
3001
2986
3023
2982
3016
3015
3007
3012
3026
2993
3014
2997
2878
3059
3009
3034
3029
3010
2981
2659
3017
3010
3002
2989
811
2723
2994
3018
3041
2983
2982
3006
3007
3019
3017
3001
3012
3037
3006
2997
3019
3013
3030
2986
3003
434
3021
2968
3005
2991
3038
1070
3004
3005
3017
416
3017
2986
3003
3004
3003
2977
2999
3011
3002
3026
3022
2995
2987
3029
2981
2976
2954
3015
2976
3028
3014
3028
3043
3043
3027
3017
3007
3010
2638
2994
3012
2985
436
2997
2975
3032
3009
2996
3006
3029
2961
3004
3017
3021
2941
3021
3033
3059
2936
2990
3068
2988
3027
3036
2972
3045
3002
3036
3041
3025
2981
3019
3046
2998
3003
2998
3007
3019
2992
2951
2994
3003
3021
3077
3033
3028
3014
3017
272
3037
3029
2994
710
3044
2967
2973
3019
2982
3037
3009
3022
2994
2973
3015
3014
2995
2974
2944
3002
2996
3028
2986
3088
2984
3008
3006
3015
1740
721
2974
2734
3008
3002
3025
3022
2986
3022
2616
2992
3026
1284
1725
3000
2990
3005
2994
2573
3031
3005
3001
3026
1995
2976
3025
3013
3033
2975
2999
2983
2997
3024
3017
3007
3006
2968
2996
419
3015
3013
3009
2879
421
2979
3002
3027
3015
3018
3049
179
2984
3002
2673
2995
2995
3011
2959
3011
3007
3037
3042
2146
2990
3015
389
2391
3008
2914
2997
3006
3009
3014
2095
3044
3026
3015
3036
3038
2895
3010
3008
2991
3036
2994
3005
3020
3036
2994
3013
2998
3010
3012
3009
3042
3033
3036
2992
2998
3030
3028
3011
2938
2712
3005
850
3019
2195
2985
3027
3036
2907
3024
2998
3008
2991
2050
3012
2979
3036
3051
3045
231
2975
3008
3023
3006
3017
3021
3006
2971
3006
3010
3000
2987
3021
3034
3014
2630
2992
2998
2979
2616
3031
3015
3010
3002
2991
3011
2987
3020
3027
3014
2963
3013
3022
3004
3016
3022
2968
3024
2995
3002
3021
3013
3006
3028
2999
3063
3025
3010
3021
2981
3001
903
2992
3011
2993
3034
3040
3009
3008
3034
3008
3008
2985
2999
2944
3013
3003
2998
3017
2984
2730
2995
3006
3031
2335
3034
3061
954
2991
3029
3023
3042
3038
3007
1319
3019
1486
2996
3021
2989
3041
3030
3007
2961
2976
2996
2988
2676
3039
3089
3011
3034
3003
3011
3000
2990
3000
2992
3012
3040
2825
3020
3062
3016
3008
3010
2977
1680
2983
3029
3028
2975
3012
3018
3048
3024
3014
875
3043
472
3025
2983
1456
3018
3012
2967
3033
2974
3020
2888
3010
3016
3017
3063
1475
2984
3075
2620
3020
3038
3000
3004
3002
3000
3004
3015
2976
1313
2974
3035
3022
3014
2908
2979
2971
3035
3026
2989
3009
3020
2944
3012
3015
2997
2469
247
3000
3006
3008
2532
3020
2995
3035
3045
2944
3037
3003
3014
3024
2990
2553
2973
2943
2728
2446
2977
3031
2999
2709
3017
2992
3018
3027
2993
3021
3011
2997
3034
332
2632
1341
3004
3010
3014
553
3039
3025
2999
3004
3002
3011
2976
2987
2987
3026
3025
3001
3019
3052
3023
3035
2995
2978
2997
3007
3040
2985
3014
2938
3016
3009
3025
2980
2971
2970
3002
3005
3042
3001
2978
2967
2987
3009
2961
2967
3013
2981
2977
2678
3009
3008
2970
2995
1167
2950
2973
3000
694
3006
2984
2956
3008
2904
2986
2854
3012
2011
3008
2963
3009
3011
3038
2973
3019
2996
3036
353
3016
2999
3002
3102
3035
2997
3011
3014
3018
2991
