3021
2700
2978
2969
2990
2992
3000
3012
2992
542
3010
3030
3024
3007
2976
2983
2974
3012
3034
3093
3011
3017
3015
2983
3027
3075
3026
2981
2668
3015
492
3054
285
2991
3001
2979
2751
2952
3000
3008
3025
3016
3013
2984
3033
3025
2987
3012
2999
3029
2984
3018
2968
2996
3020
2991
3033
1775
2998
3022
2971
3034
2970
3021
2991
3021
3004
1851
3002
3024
3033
3038
2911
3017
2949
3024
2996
3020
2346
2980
2965
2998
2999
2981
2998
2999
2277
2988
3016
2984
3025
433
2411
3007
285
2824
2973
3044
3026
762
1587
3012
2990
2993
2947
980
3037
2258
3024
3015
1343
3020
3050
2998
3031
3032
2996
3067
1861
3056
2979
3021
3053
3089
3029
3016
185
3007
3026
3026
3009
3008
3009
3022
3034
2071
3025
2961
3013
3013
3039
3030
3024
2992
3030
2742
3017
279
3028
2995
1249
2969
3010
731
2973
2999
3007
2991
3031
2994
3031
2090
3001
3028
3004
2965
2970
2994
2995
2991
2967
1427
2937
3007
1077
652
2609
264
3029
3049
3020
3038
3046
3036
2976
3011
3010
3018
2987
3019
3019
2980
1531
3005
3030
2921
3019
2998
3029
3063
3002
2976
2991
3047
3025
3076
3008
2934
3002
3006
1212
3018
2981
2837
3019
3033
2919
3040
2986
3010
3012
367
2988
3051
196
3026
3001
2944
3031
2976
2941
3020
864
320
2990
2996
3026
3036
2478
3033
3023
2960
1974
3015
3005
2772
3037
2377
2898
3019
3060
3005
2942
3006
3017
2982
3006
3050
3015
3043
2980
2973
2973
3028
3017
3019
2997
2984
3021
2866
3007
2975
2984
1271
2973
2727
1082
2996
2942
3014
2991
3041
3010
629
3001
2087
2979
3015
2122
1491
2981
1115
3025
2968
2977
3025
3019
2003
3012
2987
3022
2992
3022
3039
3010
2980
2968
3004
2993
2918
3032
2981
2966
2990
3023
3019
1742
3012
2986
3007
3018
2972
3003
1390
3006
3014
2857
2862
3024
2983
2997
2989
3011
3010
3003
3028
2983
2996
3023
2974
1111
2975
2998
1553
2989
3026
3036
3036
3019
3000
2970
3039
3020
3000
3022
3000
3013
3021
2975
3017
3014
2970
3015
2968
3088
3000
3022
2988
3014
3016
3018
3003
2989
3009
2981
3001
2952
3024
3041
3014
3011
3001
2961
2958
3019
3050
3040
3003
2974
3012
2772
2981
3040
2963
2941
1860
3044
2983
3008
2996
3025
2986
3024
2931
3006
2974
3003
2985
3031
2990
3012
2974
2958
3004
2968
3020
2986
3007
1956
2983
2799
3006
2984
2757
3016
2996
2951
2824
3035
3005
3017
2882
3017
2983
3009
3040
3011
2980
2989
3029
2980
3030
3032
2976
3024
2964
2989
2976
3006
2984
3046
3008
3015
3018
3008
3012
2985
2980
2938
2980
2726
1932
2989
3022
3063
3027
1676
2964
2981
1187
3028
2991
3028
3021
2968
3030
3033
3029
3005
3005
2949
2993
3041
2979
3007
3056
3008
3041
3018
2964
391
3008
2997
2982
2978
3031
2986
2986
3002
2994
2967
247
2984
3020
3006
3014
714
3000
2948
2998
3007
2997
2987
2993
3000
3040
3025
3017
3011
2920
3028
3021
2998
2973
3005
3018
3021
3008
3035
3003
2998
2995
3019
3024
2981
2258
2986
3011
3042
2976
2844
3036
3023
3021
3056
2152
3013
222
3029
2986
3048
3040
3006
3006
3016
3014
3014
2999
2988
3003
3032
2990
2967
2976
3010
3001
2574
3001
2990
2988
3007
3039
2983
3047
3020
2917
3031
1780
3017
3006
3026
2705
2992
3007
2996
3027
2974
2993
2988
2986
3011
2966
3030
3023
3047
2670
3018
2999
3014
3013
2989
2680
2981
2972
3023
2950
3011
2985
2988
2993
2992
3014
3001
2993
2987
3017
2941
3004
2990
3029
2973
3019
2939
3027
2985
2968
3011
3049
2934
3017
2999
1050
2996
3022
2768
2961
3004
2999
2569
2945
3031
3028
3006
3002
2983
3016
3017
3038
3018
3050
2976
3013
3031
2964
3049
3004
186
2734
2748
2980
2572
616
2993
2989
3056
3013
3004
3018
2981
2974
2996
2438
3041
579
2988
2982
3027
3024
3015
2942
2842
3007
3014
3020
424
3021
3023
2998
3007
3003
2985
3006
425
1685
2987
2986
3048
3009
3001
3040
749
2201
2988
2986
2592
3008
3032
3006
1468
3025
3019
2998
3027
2980
2691
2958
3019
2987
2335
3019
2997
2978
3022
2999
2853
2997
3031
2998
2513
3022
3040
3028
3015
3002
3027
3029
2994
3022
3007
981
3002
3001
2980
3002
3091
3011
2990
2988
3025
666
2901
1899
2981
3074
630
3013
3017
2973
2997
3005
2867
3004
2287
2993
3010
3006
2963
3014
3034
3001
3002
2990
3001
2947
3043
185
3003
2989
3006
2987
3038
519
3020
2947
3035
3033
3021
3022
2966
3025
2922
2988
270
3028
3017
2720
2303
2994
1105
2998
2160
2837
3001
2958
3010
3008
3034
3018
3010
2340
3050
3062
2999
2963
1757
3013
2954
2992
3037
2846
2948
3013
3005
2216
3007
2947
3013
3015
3000
257
2994
2990
3014
3014
3023
3007
2991
2997
2033
2977
2974
2987
2937
2576
2958
2432
560
3004
3035
3020
2834
3013
914
3016
2956
2943
3002
3016
2959
1080
3015
3035
3036
389
3005
2664
3039
2979
3039
2905
3011
2979
3009
318
2990
3011
3042
3028
2993
2023
3007
3004
2977
3014
3056
2985
2995
3036
3016
3026
2960
3018
3007
3088
3004
2892
1400
3009
175
2986
3005
3073
2989
3018
3009
3035
3079
3026
3012
2986
3017
3007
3036
2191
3050
2604
2727
2947
2988
2964
3003
3023
2981
3004
2959
499
2951
2962
2983
3014
3001
3015
2959
2462
3002
3038
3008
2991
3030
3019
2997
3002
3039
3024
3033
3021
2818
2987
2992
2969
1507
2204
2989
3012
1366
2893
1345
3004
3064
2965
2998
3020
3013
3024
3015
3020
2946
2991
3037
2184
3052
3007
3013
364
3037
3029
2968
2976
2177
3006
3012
2995
3001
3007
3002
2992
2990
3034
2990
3025
3017
2326
3032
3006
3009
3036
3034
2964
2972
1807
2959
2987
2976
3035
3003
2986
2953
3001
3025
3027
2996
3044
3009
2428
3022
2998
2583
2995
3031
3003
3017
2943
2998
3034
3010
2975
3019
3066
1503
2995
3028
2984
3011
3047
2200
3036
2978
3036
2916
2183
2985
2999
3003
3031
239
2977
3013
3001
3031
2965
3025
3038
2990
3000
3044
2977
2977
3005
2996
3065
3018
2981
3028
2940
2960
1560
3009
1563
3007
1030
2992
2988
3038
2997
2994
2982
2997
3036
1807
1857
691
3010
3019
2970
2950
2752
3029
2962
3023
1422
2993
2973
2995
3053
2986
3006
3004
2988
3015
2976
2921
3029
2593
3014
2615
2999
2826
2945
2992
2972
2985
3012
2994
3040
2969
3022
3052
1698
2995
3024
3013
3005
2977
3034
3027
2996
3023
3026
3007
2996
3025
3010
3025
3001
3049
2974
3053
3005
2984
3024
2986
2983
1755
3032
2999
1523
3018
3030
3008
3089
2995
2994
3011
3008
3007
2980
3023
3024
2990
3012
2997
3004
2990
3051
2983
3033
2994
3019
3009
2987
3006
3013
3009
1686
492
2991
3040
1586
3002
3031
2968
2974
3038
3000
2993
3008
3010
3018
3002
2984
2999
3010
3007
2992
2730
2982
3020
2995
3010
3044
3008
2985
3016
2622
2955
2992
412
2986
2961
3097
3004
2922
2915
3013
2959
3008
3026
2992
2969
2900
3024
2416
3012
3030
3037
2992
3024
3008
2996
3017
2999
2996
2922
1682
3029
3015
3045
3005
2992
3006
2996
3029
3022
2962
2686
3018
3014
3002
3075
3005
2995
2986
2983
2996
2965
2993
3058
2900
2908
3022
2961
1307
2835
3036
196
2978
2991
2984
3023
1076
2977
3046
3010
2992
2990
3038
2937
3022
2936
3013
3040
3010
3024
3008
3002
2987
3006
468
3005
2998
2992
2973
3033
3028
2999
2982
3007
2964
2914
2991
3031
3013
653
3043
3028
1202
2951
3000
3035
3035
2943
3018
1922
2983
565
3049
2646
3028
2988
3031
1655
2983
3000
3011
2539
2808
2969
2806
3011
3008
3002
3013
3019
3030
2987
2990
3018
2992
2983
1890
2993
2990
2984
3014
2991
3003
2979
3019
3019
2998
3001
3009
3036
1403
3004
2999
3007
1538
3005
2993
3009
3018
2889
2962
2060
3033
3022
2999
3023
2971
3040
3027
1130
3029
2980
3022
3039
3029
2996
3004
3044
3057
2998
2992
3019
3028
3019
2974
2978
739
3016
3029
3085
2970
3002
2954
3017
3028
3058
3021
2440
3039
1601
3015
2987
2990
3009
2847
1241
2252
2964
3044
2980
3017
3033
3002
3002
1545
3010
2995
2993
3003
3014
1755
2964
2999
2986
3029
2768
2973
3046
3008
2974
3003
3017
3001
2972
3006
3002
2998
3016
2967
2954
2998
3031
3010
3010
3007
2971
3031
2997
2992
2989
3015
3017
3006
3001
2988
1198
3030
2988
2986
2115
3032
3015
3006
2983
2347
2990
3013
2992
3009
2995
3027
2220
1355
2994
2936
3024
3034
2998
3027
3023
3037
3021
3000
2987
3012
3060
3005
2987
2950
2994
1197
3016
3008
2960
2991
1216
3010
3015
3033
2979
3025
3009
3032
3006
2998
275
3002
3017
533
3043
3027
3013
3010
2998
3024
3002
3012
3014
2675
2971
3025
1086
3033
3007
2985
1958
3027
2999
3000
2698
3036
2659
3000
2994
3010
3029
1358
2988
2992
3033
3027
2998
2969
3015
2453
3029
3026
3011
3013
3017
1650
3038
2964
3041
3024
2960
3032
3005
3037
537
2997
3001
3022
3017
2264
3002
209
1254
2996
2566
3027
2916
2991
3020
3029
2608
3039
3128
2989
3052
2896
3036
3006
2988
1004
3009
3019
2562
2981
3020
2988
2974
3008
3010
3014
3043
190
3010
2995
2959
3049
3076
3043
3004
2994
2967
3016
3007
2994
3011
3013
3019
3043
3080
2995
3005
1964
2795
544
3022
3041
2985
3004
2929
363
2958
3010
3039
2943
414
2983
3038
2991
1739
2963
3022
2956
1482
3012
3001
3047
1523
3040
3005
3016
3014
2995
3002
2852
3045
2991
3024
2982
3024
2972
2998
3012
3016
2994
2968
3028
2998
2995
3018
2948
3037
3008
3004
2976
3030
578
3001
2978
3032
3007
3001
2979
3015
2992
2953
2982
3013
2982
2989
2983
2633
879
2942
170
1011
2981
3004
2967
3041
2990
3026
2978
2973
3035
3013
3010
2998
2991
3010
3046
3006
2994
3029
382
2978
2980
2992
2989
3000
3010
3057
3028
2985
3102
3006
3061
3041
1521
2994
2990
2993
1154
3026
3017
2989
3025
3031
3036
3020
3019
2998
206
1808
2955
2982
2975
2957
3002
3012
3034
3015
3021
3009
2980
3030
2989
1986
1568
3003
1443
3029
3050
2957
3006
3030
3009
2938
3061
2995
2937
3007
3029
3012
3012
759
3045
3047
3011
3028
3005
2988
2999
2992
236
3020
3001
2993
3002
3022
3008
2992
524
2967
2840
3015
2992
2946
3038
3023
2965
2985
2981
2958
971
3028
3034
3013
2935
2342
3018
3013
1203
3029
3006
3004
3037
2975
3026
3027
2993
3000
3015
3024
234
2976
2971
2172
3026
2875
3030
2988
3029
2972
2956
3003
2940
3020
2979
3000
3022
2975
3024
2979
2381
3013
3003
3019
442
2992
2945
2982
3040
2968
1102
2964
3031
3032
3007
2988
2996
2950
3014
3029
3025
2903
3024
2972
1014
3021
3044
3025
3032
3026
2966
3024
2988
3028
2926
3023
2999
2995
3002
338
2869
3025
1181
3022
3043
3001
2998
2986
3036
2998
3026
2994
3026
2988
2967
3017
3041
3015
3005
3005
3035
3013
3017
3032
3042
2639
3012
3019
2981
3013
3015
3010
1771
3033
3020
3012
3033
2994
2968
2998
2996
2659
3027
2535
2961
2972
3033
2992
2995
2996
2994
2958
2983
3030
3005
3005
2211
3016
3047
3018
2980
3033
3000
3001
2994
3025
2683
3033
3017
2993
3021
2993
3009
3017
3022
2991
3043
3001
3041
3008
3012
2961
3010
3058
1076
2985
3048
2322
2989
3017
3011
2869
2989
3020
2967
2967
2577
3058
2999
2141
3008
2999
1069
2967
3034
2966
2997
3034
2743
2973
3014
3019
3007
2975
2996
2980
3042
3012
2742
3047
2959
3041
3048
725
2960
3037
2995
2992
3018
3002
3012
2993
2981
2969
2558
1942
2937
3059
1237
3001
2996
3017
3015
2479
2989
1879
2508
3024
3034
3019
3019
2996
629
2941
2996
3033
3006
2932
3001
2995
2989
998
2998
2987
3022
2967
2982
3023
2994
3012
3003
3019
3005
3022
1101
2988
2915
3041
3029
1053
3035
3024
3020
3008
3026
3009
633
2942
3018
3026
3026
2970
3024
3004
2967
3028
2984
162
2994
2954
3052
2982
996
3025
3037
850
2962
3034
2983
2560
2974
2979
2994
3003
3006
2949
3000
3001
3041
3000
3013
3033
3000
2982
2991
2968
3033
2962
3019
2976
2995
2997
3041
3258
2994
2278
3019
2928
2464
3007
2990
2994
2998
2942
1303
3030
2945
3025
3010
2998
3006
2970
3007
3005
3020
2996
3023
2999
2952
3025
2992
2975
3018
3012
3004
3011
3013
3005
3017
3024
3020
3024
3020
3027
3024
3031
3061
3029
2995
3057
3019
3017
3033
1277
2978
3030
2997
2981
2988
2982
3012
3024
3040
3009
2824
3030
2980
3025
769
3001
3002
3026
3042
3024
3014
3033
2983
3016
3041
3033
3001
3002
3020
3028
3032
3004
3075
2985
3015
435
2990
3075
3003
3033
2990
3059
2996
447
3008
1879
2987
2970
2960
2981
2999
2995
3024
3009
3012
3027
2948
3009
2993
2973
2997
3052
2987
3029
2993
2978
2970
3020
3003
3006
2911
3015
3036
3012
3026
966
3011
3008
3006
2970
3003
3024
2994
3015
3009
2053
3015
3017
1913
2978
3003
3015
3019
3027
2996
3044
3023
3008
3032
2991
2989
2993
3008
3030
2998
2997
3019
2995
3017
3105
2987
2973
3061
3029
3023
3014
3032
2993
3026
2984
2974
3028
3023
3019
2519
3020
3008
2984
3014
3008
2507
2973
2993
3011
2942
3042
3021
2958
3023
439
2990
354
3005
2963
3017
2982
3020
2560
3002
2978
2997
2997
3002
3040
2977
3014
2790
3012
3044
2991
2997
2972
2982
3047
3028
3017
2980
2974
1503
3011
3015
3004
3039
3014
2974
2996
1697
2982
3002
3032
3057
2985
2981
3025
3046
3006
3001
3011
3030
2967
3006
3027
3002
3020
2987
2991
657
3007
3031
2987
1106
3005
2756
3024
3009
3004
3048
2985
3034
2974
3007
3007
3038
2845
3045
3031
2983
2926
3085
3010
3022
2966
3024
3002
3009
2755
3035
2999
3018
3000
3026
3007
2999
3044
3053
3033
3030
3004
3017
3009
3005
3037
3012
2902
3003
3006
3001
2974
2972
2969
3003
2455
3010
2713
3002
2987
2985
2961
3013
2939
3047
877
3029
3000
3043
3018
2975
3002
2728
3004
3004
3005
2980
3019
2951
2990
3019
3017
2966
3033
3016
2745
3013
2986
3076
2994
3010
2680
3012
3026
2980
3015
3047
3009
3007
2987
3002
3027
3016
3029
3004
3004
3029
2981
3033
3006
3017
3023
205
3010
3022
3043
3010
3014
2786
233
3007
3015
561
2981
3024
3012
2986
3072
3025
2975
3051
3035
3021
2992
838
3045
3007
3023
3014
3029
3005
653
3031
2985
3003
3026
3006
2982
2998
2998
2991
2954
3004
1454
3009
3005
2984
3030
3031
3025
3003
3014
3001
3044
2994
3018
3022
2980
3004
3019
3011
2962
577
2999
2993
2961
3001
3131
3003
2981
2445
3012
3001
3062
1959
3001
2997
3063
3037
3043
3002
2980
3008
3029
2923
3011
2293
3035
3004
3019
3019
1163
3024
3024
3022
3022
3035
3018
2972
2992
2950
3024
3029
2986
3026
3008
3046
3004
834
3017
3023
3043
3004
3042
3024
2953
3019
3046
2995
2969
2951
2995
2958
2994
2940
3007
2959
1105
3009
3008
3036
2995
3027
3013
2978
3030
2954
3033
3008
3019
2998
580
1068
3009
3069
2981
2979
2997
2978
2967
3026
3003
3033
2977
3044
2988
2964
2988
2990
3005
2671
2947
414
3008
2269
2992
1623
3016
3012
3023
3015
3030
3024
2996
2969
2270
2306
2975
3020
2948
2992
2989
2919
2791
3014
3030
2810
2978
2991
3074
2991
2969
3012
3023
2187
2494
3004
2936
2928
3030
1984
3015
3035
1677
3020
2997
2327
2939
2982
3016
3026
3036
2982
2996
1339
1435
3025
2998
2968
2990
765
2887
2994
2808
3001
3112
2978
2996
2969
1948
2998
1130
2982
2972
2996
2951
3021
3030
3025
3046
3043
2984
3013
3008
2992
3003
3005
2954
2999
2992
3013
2966
1317
3048
3020
2994
2988
3025
3012
2973
3037
3019
3001
2972
2973
3011
2969
3053
2985
3076
2990
3033
2999
3007
3021
3002
3005
3019
2968
3014
2117
3005
3030
3071
3024
2999
3035
3017
3039
3025
3000
3016
2878
3014
1270
3023
2968
3041
3027
204
3028
3050
2981
2893
3015
2998
768
3026
2892
3000
720
3031
3002
3013
3007
3005
3000
2998
3002
2994
2996
3012
2956
3053
3062
3005
3011
2997
3002
3022
2996
2995
2999
2410
3041
3011
3002
233
2992
2991
3011
2952
2997
3027
3031
3043
3028
1468
3017
3008
2979
2979
2996
2937
2989
1442
3034
2971
3044
3017
2773
3013
2856
2710
1990
3013
3018
3022
2446
2920
3016
3007
2944
2975
2991
3047
3015
2976
3031
3018
3008
2955
3032
2990
3011
2998
2825
2999
3033
3019
2840
2011
3010
3012
3060
2981
3027
2990
2011
3027
2986
2977
313
2995
2972
2996
2806
2998
3039
2993
3026
3008
3048
3062
3032
2988
3010
3009
2990
2510
3029
3010
3001
2937
1932
1790
3017
3077
2944
1770
3003
3026
3002
3006
3048
2999
2945
2280
1041
3022
3003
3022
3017
3038
2976
3007
3021
3018
2965
2994
2992
3031
2990
2987
2944
3008
2989
3005
3005
3049
3007
2379
3012
3018
2974
3024
3032
2992
3018
1497
2997
3022
3011
3009
2984
2981
3041
3033
3019
3015
3005
3011
3015
2993
2673
2785
3013
2999
3010
3021
3010
3017
3011
3003
2981
2990
3018
2937
3109
3006
2994
2955
3021
2983
3027
2828
3022
3009
3050
2939
597
2991
3029
2986
3045
2999
2945
3041
628
2969
3015
2981
2990
3000
3025
3013
1004
2982
2991
2964
224
3015
2943
3040
2993
3007
3024
3022
2988
3038
3012
2945
2986
2991
3066
546
3010
3000
3022
2988
2953
2985
1607
391
3031
3010
3007
3037
3012
3039
3008
3090
2574
3007
3002
2999
3031
2926
2985
2964
3008
3011
2981
2983
2998
2978
3038
3031
2973
2999
2995
3012
3000
3011
3003
2997
3010
2801
2993
2933
3014
2988
3014
3022
3011
395
2862
3040
2976
3016
3006
3017
2985
3007
3037
3017
2997
2999
3009
3020
1760
3046
2996
2831
2966
3019
2988
934
1412
2977
2990
2990
3006
3009
3002
2993
3016
3020
680
3016
3032
2979
3012
2989
3008
2996
3026
3042
3092
3021
3000
2978
2993
2992
3004
3003
3021
3005
2970
3021
3006
3036
2834
3016
2922
2999
2947
3034
2989
3020
3026
3000
3002
3009
3010
2989
3001
3100
3006
3039
2976
1808
3001
3022
3008
3041
3001
3030
2964
2927
3012
3028
2969
3009
2991
2992
3013
2953
3013
2998
3018
2975
2999
2640
3034
2959
2970
3015
3018
3011
2995
2977
3019
3019
1961
2986
2968
2969
2537
2998
3012
2948
3017
2988
3006
2999
2747
2990
2810
2979
3013
3031
3033
3052
3053
1584
2949
3002
2995
2991
2456
3014
3073
3023
2014
1910
2947
3017
3058
2999
1175
2996
2965
3017
3018
3031
2938
3002
3002
2994
3011
2977
3050
3009
3025
3003
3000
2997
2997
3016
3008
3020
2994
3011
3009
3004
2996
2976
3040
3023
3015
3018
2971
3003
3016
2999
2813
3020
3009
2986
606
3015
2911
2976
2981
3042
3007
3000
3014
3005
3021
3007
3015
2998
2989
3011
3009
3007
2935
3007
2980
2997
2992
3043
3033
3001
3030
2997
3009
2976
3008
3043
2995
2990
1972
3046
3028
2955
3005
2990
3005
2992
3033
3007
3009
3034
3012
3026
3010
2834
2963
2978
2995
2997
2999
3010
3017
198
2985
2367
2822
3025
3027
3055
2996
3049
3030
2986
1612
3008
2453
3012
3047
2988
2990
3026
3020
3036
3034
3013
3020
2997
3000
3043
3013
2941
3021
3019
2904
2987
1798
3022
3002
3022
2992
3056
3003
2988
2965
3012
3023
2970
3001
2964
2990
3025
3020
2120
2975
3014
3010
2985
3037
3027
2241
3027
245
2971
2971
2999
3036
2988
2946
3012
3024
2999
2984
2988
2380
3028
3024
2993
3011
3017
3043
2066
3001
191
2074
3033
2982
2975
602
3026
759
2966
1971
3005
2324
3000
3008
3032
2996
3012
3010
460
3021
3029
2951
2986
3050
1139
3093
2996
3003
3009
2987
2942
3013
2990
3015
2992
3020
3031
3017
2961
2968
3011
2998
3027
3005
3013
2997
3030
2933
3018
3001
3034
3025
3014
2976
3023
2733
3026
2994
2996
3028
3017
3008
3007
2988
3022
3010
2996
2963
2978
3004
3040
3002
3004
2984
2971
2993
2977
2998
3020
3014
3032
2980
3042
2976
2985
3024
3019
3065
3018
2997
3029
2153
2981
3029
2977
3087
2816
2918
2991
3020
3026
3016
3005
2998
2984
2988
2888
2968
2996
2980
3074
2939
222
2994
2102
3009
3011
1495
3033
2928
3032
3031
2937
3061
3018
3020
2590
2945
3006
2996
3023
2996
2269
2999
2980
3039
3033
3040
3013
2990
3024
2984
2986
2986
2998
2983
3019
2993
2695
2883
3036
2992
3019
2992
2985
3051
2990
2972
3015
3025
2790
3039
2527
2029
3019
3034
2958
3022
3027
2994
1349
2998
3052
3034
3014
2319
3030
3008
3037
3031
2745
3036
3011
2992
3032
3025
3000
2984
2931
3043
2971
3025
3034
2993
2946
2991
3004
3018
3024
3008
2964
2987
3020
2990
3042
2967
2985
1584
2942
2988
3001
2194
3009
2987
2998
3009
3007
3027
3010
2976
3000
2996
3025
2999
2868
1062
2983
3019
3017
3013
3026
2967
3091
3085
2997
3004
3045
2578
2984
3018
3024
3038
3024
2993
2972
3012
3000
2974
2981
3025
463
3013
2958
2971
3034
3009
2978
3003
2918
2997
2973
3019
2997
2999
3009
2981
2985
3021
3038
3019
3019
2976
2994
3008
3019
1253
2987
3013
3106
2998
3006
2985
2998
2966
3013
3000
3032
2125
2946
2965
2999
3026
3044
3011
2985
3003
2779
3001
2975
1082
2973
2997
3029
3015
3020
3005
2961
1320
3005
3032
3023
2965
2955
3023
3001
3016
3005
1554
3001
3028
3017
1430
2988
2928
3022
3014
3037
204
2985
2982
3016
3008
2998
3022
3021
2975
2988
3046
2996
2958
2995
3027
3026
3015
3020
2662
3026
3053
958
2998
2973
2971
3039
3002
2966
2982
381
3017
3017
3000
3032
3014
3012
2498
3008
2998
3042
2998
2992
1401
2992
3030
2611
3003
3014
3020
3011
3000
2991
2976
3025
2170
2991
1531
3015
3018
3004
2980
2865
3030
3024
3038
2997
3009
311
3006
3019
3002
3000
3028
3097
3015
3018
3109
2968
3012
1004
2978
2996
3038
3015
3009
3021
2991
3033
2848
3034
3065
2964
3025
3013
3003
3019
2819
3012
2978
2851
2978
3011
2998
3011
3008
3011
3016
2986
2784
3027
179
3022
3045
3027
3012
2982
3019
3043
2946
3016
3012
3025
1803
2973
3040
2976
3003
3036
2987
2997
2090
2996
2998
2985
2988
2816
2993
2987
3018
2986
3015
2935
2935
2973
3035
2988
3022
3036
3015
3028
2971
3051
3011
3020
2996
3007
3015
3020
3004
3006
3020
848
2997
2995
2978
1540
2984
3004
3016
3040
3011
934
2970
2988
2970
3062
2966
3042
2992
3041
3034
3006
3041
2968
2998
3002
3009
3034
2997
3022
1997
3019
3009
2981
1363
2939
2994
3068
2995
2177
2949
3005
2980
2957
3007
3019
2985
2952
3023
2951
3038
3004
3001
3006
2133
2758
3005
3019
2532
2994
3009
2981
3006
3018
3032
3014
2996
2969
3019
3032
3012
3027
3004
1410
2952
2977
3009
2999
3005
2973
707
3007
3005
3043
3019
2991
3026
1255
2872
3027
2983
2971
3039
2986
3005
2983
3010
2991
2969
2991
2999
2982
2956
1357
3007
3040
2982
2279
2975
2980
3003
3049
3031
3013
3011
3006
3020
2987
2981
2962
2999
2996
3025
2991
3004
2992
2996
2985
3023
3030
3033
3011
1021
3011
2994
3009
2981
1426
2998
2704
2645
2808
3004
3085
3012
3027
3025
2989
508
3000
2998
2994
3038
714
2352
2975
2982
3015
3019
3021
3001
2532
3005
3006
3013
2978
3040
3010
3036
2987
3018
3003
3006
2451
2991
3014
2958
3000
3015
404
3011
1459
2996
3022
2981
2981
801
3011
2988
2970
3010
2994
3007
3013
2283
3019
3000
2988
3003
3028
3018
3001
3014
2987
3018
3020
2987
3023
3001
3052
2988
3018
3038
3015
3001
3021
3062
2997
3031
3026
3013
1372
2625
2961
478
2111
3034
3020
3024
3005
1784
3021
2943
2965
3016
3010
2967
3002
3023
3014
3005
3024
2992
2946
1488
2999
3014
3044
2982
2963
2984
2998
3028
1800
1257
3003
2983
3009
2994
3009
2993
2976
3031
3010
2991
1798
2972
864
3011
647
2993
3050
3028
3031
2995
3089
3014
3008
3019
2376
3017
523
469
2992
1646
2972
2968
3026
3026
1768
2988
3008
3039
3022
2985
2954
2989
3031
3032
2996
3039
3018
3014
786
2978
3003
3004
3025
2391
2973
3006
3034
3034
3017
3004
3000
3007
1829
2998
3034
2990
2957
2979
3016
2992
2971
2981
3003
2988
2978
2994
3011
3006
3008
1684
3034
2101
3023
3012
2974
2984
3018
2975
2980
3010
2949
2957
3004
2989
2969
2833
2973
3042
2979
3000
3114
2906
3074
3024
3010
3005
2959
3010
3000
3012
3031
3028
3001
2864
2991
2999
2973
1530
3001
2999
2983
3012
3044
2168
548
2989
2659
2979
2975
3014
2952
3003
3034
3024
3035
3031
2999
3005
3013
2954
3008
2957
3014
3011
2995
2991
3032
2400
3087
3019
3055
3031
2986
3016
3000
2994
2979
3004
3035
2696
3006
2993
211
2991
640
2985
2974
2918
1121
2991
3021
2995
2972
3013
3024
3004
3025
3007
3044
3028
2963
2993
3006
2978
3041
3002
3025
3001
3014
2980
3008
3027
3019
2803
2964
2964
3016
2978
2994
3020
3017
3000
2917
3006
3026
3013
2990
3023
2994
3008
3029
3036
2995
2996
3023
2983
2981
2977
3036
3016
3019
2908
2979
2998
3000
2988
3034
3044
2990
3001
1099
2996
3010
3034
1612
2974
2982
2988
3042
2971
2977
1864
2984
3048
1538
293
3047
2986
1827
3023
2673
3022
3024
3033
2971
3003
2983
3020
2991
3011
1654
3014
3002
3002
2998
2946
3051
3006
2126
2939
3042
3000
2998
2978
3006
2503
3005
2623
3006
2958
2993
3005
1595
2573
3027
2964
2999
3010
486
3026
3010
211
2975
3009
3024
3019
3041
2594
3032
2932
2999
3017
2997
3016
643
3040
3028
3036
2984
3004
3039
3061
3014
3019
2968
3003
1079
2946
3020
2994
2969
3039
966
2970
2790
2255
2482
2941
3014
2984
3036
2989
3029
3066
2995
3007
3014
879
3011
2993
2980
2960
2004
2999
1841
1250
3014
2942
3038
3006
3085
2074
2991
3000
3048
3011
2988
3019
3019
2937
3013
3020
3040
3030
2971
193
2986
3023
3034
2999
3004
2980
3037
3009
1443
2925
2996
2978
3026
2996
424
2977
3009
2057
3005
3020
3023
3012
3045
3026
2909
3006
3039
3019
3033
271
2992
3028
3025
2967
3017
2999
2981
2983
2997
2645
3034
3001
3017
3004
3032
2996
3039
3041
3018
2953
3032
3006
2974
3022
2997
523
3009
2977
3058
3005
2998
3012
3007
3006
2988
3036
2499
3020
2989
2972
2967
2986
3026
2978
3007
3003
1642
3030
2993
3003
2985
3008
2978
2969
3009
3028
2997
1302
3009
3009
3002
2993
3004
3007
2980
3026
384
3036
2977
1862
178
3036
2977
537
530
3010
2980
3040
2935
3030
2959
3003
2999
2987
2983
3008
3023
1943
2947
3025
2998
3034
2994
3028
2952
2988
2995
2997
3004
2893
2720
2995
2987
3010
2998
3010
2976
2954
2936
2970
2950
2929
251
2995
3027
3016
1498
3001
3017
437
3053
3011
2996
2954
3033
3019
3014
2989
3037
3018
3004
3008
3029
559
3020
3008
3003
3017
3027
3033
2947
3001
3034
2996
3021
1085
3002
3002
2776
3003
3001
3005
3034
2987
3004
2995
3001
3023
3011
2988
2993
3028
2973
2972
2994
3004
2946
3016
3034
3004
3015
2981
2169
3019
3011
2404
2696
3039
2952
2744
927
3008
2884
1411
2991
3091
3011
3010
2958
3032
3014
2986
2966
3034
2988
3032
3029
3057
3029
2070
3017
2999
2929
3017
2989
2997
3015
3014
3025
3028
3039
3024
306
2826
3042
3029
3002
3017
3012
2980
238
3011
3033
2932
2569
3001
3001
3030
2960
2994
3004
3011
2470
2985
2753
2995
2954
3000
3038
2942
3021
2978
2991
365
2980
3040
2986
3009
3049
3002
3016
3034
3028
2992
3022
3003
2988
3020
3013
3013
3010
3017
3022
3031
3011
2998
3015
3031
3032
2994
2993
2986
3028
3023
3018
2983
2277
3000
249
826
2958
2970
2997
3021
2920
3027
3019
2185
3013
3007
2996
3008
3005
3034
3014
2984
3016
2993
3104
3014
2978
3024
3038
2985
3023
2996
3003
3026
729
2998
3012
2987
3003
3007
3018
3010
2989
2947
2997
3023
2976
3024
2957
3034
3018
454
3008
2985
2315
2993
2992
3030
3036
2949
3001
3011
3007
3016
2393
3023
1290
3014
2982
2997
3019
3029
2066
2847
2959
3007
3032
3026
3033
2984
2959
3015
3010
3010
3016
3012
2986
2996
3007
2959
2996
2990
2985
2724
2956
2852
3019
204
3016
3027
975
2350
2958
2988
2992
3028
3003
2941
2986
2963
2990
2984
2985
696
2967
2985
2979
3065
3002
3022
3046
2976
3012
3027
3001
2984
2998
261
3021
3048
2976
3007
3033
2991
2995
2990
3021
3010
3026
2985
3000
3014
2649
2983
3028
3020
3033
2991
2997
3035
2996
2976
3018
2973
3010
3037
2993
3008
3025
3056
3011
2973
3008
1051
3022
3006
3041
3059
3014
2985
2996
3015
3033
3017
3022
3018
3006
3039
2973
2993
3001
2995
3024
2289
2889
3000
3015
2963
3040
3009
2030
2988
2932
3038
3009
2972
3031
3094
377
3022
2977
3022
2886
2972
2985
3024
2983
1285
2980
3026
2976
2969
3048
2990
3030
2856
2992
2922
3001
2730
1345
1792
2585
891
668
2324
3025
3013
1778
2962
3011
2274
2108
3003
3021
2998
2976
2978
3018
3002
2978
2757
2984
3019
3018
2978
2931
1454
3011
3032
2960
3001
3009
3019
2998
2996
2993
3006
2798
1839
3013
2988
3031
2973
3026
3064
2939
2852
3027
759
2913
3003
3033
3017
2986
1431
3008
3018
2977
2984
2985
2998
3015
2944
3024
2999
3013
2992
3010
391
3021
3123
2991
3080
3030
3010
3003
3036
3028
3012
3011
3010
1421
3019
3018
3025
2987
3021
2940
3045
3007
2994
1471
3030
2980
2987
3003
2997
1251
2980
3026
2987
3033
3002
2418
2306
3005
3015
2979
3020
2958
3012
3014
2966
2984
3011
2975
3030
2872
3042
1979
3024
3049
3001
1678
905
2994
2984
3023
3022
2992
2952
2989
2975
3021
3016
3033
2993
2973
3014
2979
3028
232
3029
3009
3016
3009
2973
3005
2997
2978
3021
2991
3022
3004
3033
2988
2820
3006
2944
2992
3031
2981
2983
2991
2959
2661
3017
333
3007
3025
3033
2434
3014
2969
2979
3009
2969
3013
2981
2946
3007
2999
3017
3026
3020
2956
3008
3021
2979
3047
2998
3001
347
2972
3026
3018
3024
3036
2115
1470
3077
2937
3041
3014
3037
3025
3027
2987
2965
3008
3016
2997
3014
3040
452
3042
2960
2960
3014
3006
2983
2537
3019
2921
3001
851
3030
2992
2967
3007
2984
2957
3013
1444
3084
2961
3027
2974
3022
3053
3008
2915
2515
2982
2957
3040
3036
2995
3020
2974
3000
3019
3035
3017
3020
3035
1319
243
3022
3008
3036
3013
3010
3038
2998
2672
2996
2999
2967
2992
3020
3004
3020
2968
3003
2409
1439
3013
3022
3025
3030
2985
2995
2998
2032
2943
2991
3001
3006
2988
3026
3088
2989
3005
3023
3005
2993
3031
2335
2992
3040
3016
3008
2983
2804
2996
3027
3016
3065
2983
1624
3010
3005
3003
2976
3001
2263
2209
3031
197
3026
3001
2981
2973
1325
3003
2985
2933
3016
2991
2998
3018
3013
3017
2929
3000
2963
2924
3013
2983
1399
1521
2880
3019
3026
2993
2986
2928
2999
3038
2094
3047
3004
3039
2992
3073
2987
2562
3004
2979
3064
3026
3001
3029
3025
1336
3035
2905
3000
2998
3004
3026
3016
2985
3025
3010
2988
2957
2986
3033
3013
3007
3008
3006
2997
2971
2999
3014
3037
3013
1163
2930
2951
505
2504
3046
3013
3021
3017
3048
3006
3021
2985
2929
3015
2201
2984
2997
679
3023
3019
2987
2982
2994
2996
3008
3011
3006
3015
2997
3012
3015
1515
2387
2992
2998
3000
2998
199
3014
3006
3000
2998
2986
3077
2994
2438
3005
3016
3056
2564
2812
3036
2950
1250
2981
3047
3027
3027
3023
3069
3019
293
3010
2996
3028
2980
3009
3070
3007
3011
2999
2941
1908
3001
3035
3007
3013
1686
3018
3094
2996
3006
3003
3022
2994
3003
3014
2987
356
3012
3056
2874
3029
3003
2997
3056
3016
3054
641
2983
2964
2802
3025
2607
3002
3009
2988
2954
2965
2986
3027
2996
2986
3012
3024
185
3042
3009
3047
2983
3018
3014
2984
3041
3010
2998
3008
3017
3028
2996
3011
2965
2985
3022
3012
3008
2961
3019
3013
2993
3015
3006
2971
3010
3025
3002
3008
3020
3032
3019
3024
3040
3014
2983
1681
2975
3033
3019
2983
3033
2958
3015
3025
3020
3024
3006
3027
3031
2965
3035
3009
2978
2959
2944
3010
3036
2987
1954
2487
2960
3026
3009
2997
2984
3022
2986
2991
3015
3032
3021
3000
3002
2991
2991
2995
3025
3007
2979
3016
3022
3074
2692
3034
2997
2993
3028
3036
2979
2947
2974
3021
3011
2989
3000
3023
2882
3014
3036
3003
2982
3008
454
2998
3024
3030
169
3035
2980
3030
1700
2930
3022
3028
3001
3035
3018
3017
3010
2987
625
3046
2996
2356
3019
2995
2998
2963
3037
3106
3000
3011
3022
3012
2981
2905
2798
3023
3008
3102
3014
2989
1166
2987
2998
3020
3008
3045
3014
2971
3009
2954
2416
3023
2921
1452
3016
3023
2395
3002
3023
2981
3004
3021
3019
3017
3000
2994
3020
1392
1514
3009
2672
3012
2815
3015
3009
2526
3000
2944
2984
1139
3021
2950
3012
3005
2997
3031
640
2953
2891
3017
3042
3013
2967
3009
2992
3017
2981
3030
2987
1397
3035
3027
3003
3034
3031
3035
3005
3037
3013
3049
3029
2996
3009
3059
2954
3017
3010
3018
3025
2982
3062
3012
2932
3016
2994
3009
3027
2959
2963
2998
3002
2934
3036
3015
3027
2950
3034
2951
2958
2991
1952
2975
2981
2957
3012
2971
3031
3042
2997
3023
2979
2979
3000
3028
2962
2982
3012
3028
3032
2953
3018
3060
2933
3020
2999
2993
3022
3013
2999
692
2998
3022
2971
3053
3046
2467
2497
2858
3019
2990
3019
3027
3018
3015
3048
2984
2117
3060
3008
2995
2998
2984
3005
3019
2994
3044
3004
2304
2966
2994
2987
3079
3009
2995
3010
1665
3029
2974
2989
3005
2963
2985
2979
2987
1521
3043
3046
2489
3038
2986
2990
2967
3014
3019
3086
2019
2990
3029
3029
3017
2852
3007
3001
3105
3008
3053
3017
3016
3042
3018
3033
3035
3006
2957
2730
3000
2781
3016
2988
2995
3016
2984
3032
2951
2965
2977
2989
2953
390
3008
2992
2997
2996
3020
1271
2998
2977
3009
3025
3028
2994
2979
3015
2899
2987
3021
3286
2937
3040
3061
2973
3000
2977
2995
2960
3032
3005
2804
3111
301
2971
2992
2993
2994
2910
3022
2983
2979
2995
2961
2996
3022
3040
3017
2074
3023
2990
1239
2998
3008
2968
2976
2962
2956
2965
2986
3014
3013
3000
2266
3009
2993
324
3034
2991
568
3010
2981
2957
3019
2999
2434
3005
3009
2932
3005
2754
3006
3028
3012
2984
3023
2651
2999
3018
2995
3022
2985
3011
2992
3019
3024
967
2158
2848
3009
3045
3008
3020
2990
2988
3035
3002
3001
3049
3029
1849
3013
2982
3021
2995
3045
2994
3003
2774
2970
3035
2998
577
3008
2933
3030
2986
670
3012
3025
2999
2959
2987
2993
3024
2997
3019
2922
3005
2982
3024
2934
2998
3023
2965
2737
2443
2970
2993
2969
403
3014
3030
2870
3033
3036
3036
3000
3039
3035
3048
2969
3018
3033
2981
2211
2999
2999
3044
3003
1998
1396
2997
3023
3022
3020
2984
2971
1005
2990
3025
808
3027
2973
2978
3014
3039
2996
3004
2973
2968
3032
3004
2998
3003
210
3036
2986
3018
3000
2988
3233
3058
3033
1524
2987
2920
3012
3044
3004
3002
3019
2997
2997
3111
3019
2986
3026
2980
3036
393
3023
3030
2960
3018
2991
2991
533
3010
2986
831
3014
3003
3007
2976
2936
1288
3003
3023
3006
3024
2979
2963
2986
3017
2965
3000
3016
2937
206
3031
3063
3024
2992
3021
2658
3089
2965
3015
2988
3024
2994
2989
2982
3009
3027
2857
3019
3020
2969
3015
2996
3014
3050
3012
2988
3002
3046
3033
3009
365
3005
3000
2770
2989
2994
3004
2978
2974
2989
3009
3100
3035
423
3020
557
1888
3017
3019
2780
3025
2906
2982
3047
1320
3019
3032
3008
3014
1255
2995
2994
3019
3065
2960
3030
3028
3010
2937
2982
3013
2999
3032
903
3021
3030
2997
3002
3070
2945
233
1864
2994
2521
2999
2956
1664
2997
3007
2974
1349
3005
3021
3014
2980
3005
2976
3038
3027
3010
2989
3001
3012
3010
3023
3015
2987
2992
3003
2670
2998
3036
