1558
1554
1545
1456
1560
1565
1551
1547
1555
1563
1560
1564
1561
1549
1545
1565
1554
1562
1560
1021
1559
1562
1024
1561
1569
1555
1557
1561
1564
1538
1558
1525
1359
641
1552
785
1546
1552
1511
1560
1556
1567
1558
1359
1552
1558
1560
1559
1558
1562
1551
1535
1561
1556
482
1559
1561
1561
1559
1565
1553
1552
1555
1557
1562
1554
1556
1556
1557
1562
1488
1566
1568
1563
1559
1557
1556
1148
1555
1555
1560
1561
1559
1563
1556
806
1559
1565
1561
1342
1451
1560
1567
1554
995
1545
1565
1539
1556
1544
1560
1554
834
1557
1557
1558
1560
1538
1556
1556
1553
1553
1559
1564
1558
1554
1557
1548
1563
1555
1568
1559
1021
1558
1049
978
1566
1563
1564
1555
1566
638
1558
1559
1554
1563
1562
1568
1551
1558
1558
1437
1561
1147
1558
1569
1560
1556
1564
1568
1562
1559
1564
1561
1564
1548
1563
1562
1552
1551
1560
1562
1550
1564
1559
1559
1553
1554
1238
1562
1565
1216
1379
1552
1561
1522
1561
1558
1568
1452
1558
1554
1545
1562
1543
1509
1549
1560
1557
1539
1532
1560
1560
1204
1561
1557
1562
1537
1549
1567
1548
1565
1560
1549
1550
1553
1565
1556
1554
1557
1557
1559
1564
1553
1552
971
1560
1554
1569
1566
1563
1561
1551
1554
1548
1557
1565
1555
1515
1549
1560
1562
1563
1547
1555
1563
1562
1151
1549
1560
1569
1562
1559
1528
1555
1563
1560
1548
1562
1564
1563
1559
1560
1554
1563
1545
1556
1566
1563
1561
1566
1563
1559
1554
1532
1561
1556
1308
1256
1510
1555
1564
1561
1567
1554
1552
1554
1560
1561
1562
1554
1553
1561
1207
1560
1546
1561
1069
1547
1057
1555
1558
1560
1563
1573
1551
1557
1565
1568
1556
1534
1561
1554
1560
1574
1563
1562
1552
1558
1556
1565
1566
1567
960
1554
1542
1561
1179
1561
1566
422
1559
1569
1553
1562
950
1559
1563
1552
1561
1558
1562
1556
1562
1563
1562
1561
1562
1553
1558
1558
1553
1555
1565
1515
1557
1539
1558
1558
1546
1050
1562
1558
1547
1556
1558
1554
1567
1554
1556
1569
1567
1546
1540
1564
1553
1541
1552
1557
1560
1553
1564
1561
1129
1556
1563
1559
1560
1565
1557
1560
1563
1548
1557
1560
1565
1555
1561
1552
1556
1569
1545
1507
1009
1044
1547
1564
1550
1560
1305
1561
1556
1561
1543
1569
1559
1559
1135
1311
1556
1567
1522
1554
1445
1553
1560
1560
1559
1558
1563
1558
1562
1543
1556
1572
1530
1558
1561
1564
1561
1559
1555
1570
1545
1556
1562
1555
1561
1529
1556
1555
1559
1559
1556
1557
1541
1562
1563
1555
1561
1565
1561
1562
1552
1557
1557
1562
1554
1562
1562
1549
1560
1549
1541
1565
1545
1565
1560
1563
1567
1563
1017
1547
1563
1558
1557
1559
1562
1556
1565
1544
1553
1546
1566
1564
1542
1562
1562
1565
1560
1568
1566
1549
1540
1564
1562
1562
1557
1555
1545
1568
1562
1230
1555
1561
1561
1558
1549
1562
1556
1557
1556
1563
1557
1560
1558
1564
1559
1561
1320
1568
1539
1563
508
1562
851
1558
1547
1556
1559
1571
1563
1560
1557
1507
1539
1559
1559
1555
1554
1563
1561
1560
1419
1561
1570
1557
1550
1554
1550
1563
732
1552
1564
1562
1554
1562
1559
1020
1563
861
1564
1549
1460
1557
1564
1558
1560
1558
1567
1556
1566
1524
1559
1562
1565
1555
1555
1552
1561
1564
1554
1559
1564
1537
1560
1566
1532
1530
1558
1555
1342
1558
1557
1560
750
1559
1156
1554
1541
1571
1562
1562
1550
1560
1556
1561
1559
1563
1555
1563
1326
1563
1558
1574
1565
1547
1547
1557
1565
1561
1565
1565
1562
1539
1557
1118
1542
1562
1480
1556
1556
1558
1560
1548
1561
1558
1054
1002
1557
1549
1561
1559
1554
1576
1567
1554
619
1541
1560
1550
1561
1562
1565
1566
1558
1559
1556
827
1564
473
1557
1562
1542
1560
1559
1566
1566
871
1567
1532
1566
1562
1560
1561
1544
1385
1563
1563
1554
1563
991
1555
1549
1550
1555
1545
1553
1547
1552
1532
1553
1171
1550
1546
1557
1560
1567
1554
1551
1568
566
1564
1562
1569
1566
1554
1564
1548
1549
1562
1567
1565
1563
1556
1558
1555
1565
1560
1202
1564
1361
1562
1559
1564
1564
1563
1561
1553
1560
1563
1561
1528
1543
1564
1561
1562
1557
1562
1560
1545
1566
388
841
1559
1564
1565
1556
1571
1542
1558
1559
1556
1561
913
1547
1559
1513
1561
1562
1517
1351
1555
1546
1058
1556
1557
1562
1563
1562
1548
1551
1562
1554
1554
1546
1554
1570
1559
1547
1552
1564
1561
1566
1550
1564
1560
1554
1563
1567
1558
1542
1560
1563
1563
1554
1560
1560
1297
1559
1565
1561
1563
1556
1580
1563
1571
1560
1555
1553
1562
1557
1561
1553
1550
1558
1555
1569
1553
1560
1566
1548
1559
1569
1555
1565
1564
1563
1561
1029
1565
1560
1156
1547
1434
1558
1562
1549
1569
1126
1554
1548
1561
1570
1555
1568
356
851
1466
1560
1559
1561
1546
1545
1563
1543
1571
1563
1529
1561
1565
1558
1557
1541
1552
1560
1558
1556
1556
1559
1556
1566
1557
1546
1552
1566
1558
1547
1238
1543
1558
1560
1504
1562
1033
1561
1324
1559
1552
1549
1558
1562
1434
1544
1562
1563
1556
971
1562
1550
1555
1551
1566
1534
1554
1567
1554
669
1557
1556
1293
1561
1520
1546
1533
1552
1559
1543
655
1563
1569
1570
1561
1562
1561
1563
413
1559
1563
1559
1566
1563
1552
1562
1565
1560
1560
1553
1553
1367
1562
1557
1555
1563
1072
1564
1547
1560
1217
1551
1550
1563
1559
1567
1553
1560
1560
1563
1405
1564
1565
1555
1069
1343
1557
1558
1558
1559
1554
1090
1557
1559
1003
1560
1553
1542
1549
1253
1561
1554
1562
1561
1564
1557
1567
1553
1561
1541
1561
1552
1558
877
1558
1553
1553
1561
1537
1559
1044
1557
1555
1563
1559
1185
1558
1558
1533
1554
1565
776
1562
1564
1562
1560
1557
1568
1561
1536
1556
1557
1559
1555
1560
1564
1557
1549
1559
1562
1553
1539
1553
1559
1543
1560
1552
1550
1557
1567
1565
1547
1563
1561
1558
1563
1560
1025
1558
1557
1559
1565
1532
1563
1566
1456
1557
1570
1564
1565
1562
1528
1558
1553
1557
1565
1557
1560
1558
1558
1548
1537
1552
1560
1561
1408
1555
1573
1181
1561
1568
1555
1555
1565
1545
1556
1542
1562
1553
1560
1568
585
1542
1553
1551
1569
1560
1559
1565
1564
1524
1561
1557
1547
1559
1562
1562
1556
1571
1459
1549
1566
1559
1559
1555
1562
1557
1560
1559
1560
1551
1559
1569
1567
1556
1524
1558
1557
1558
1556
1555
1001
1564
1558
1559
1562
1552
1566
1562
1537
1568
1563
1513
1567
1565
1560
1559
1481
1558
696
1558
1554
1560
1560
1563
1556
1562
1560
1556
1559
1559
1565
1557
1560
1565
1569
1563
1437
1559
1400
693
1560
1552
1560
1564
1567
1564
1560
1534
1567
1560
1557
1560
1546
1554
1564
1557
1552
1131
1558
1555
1567
1558
1565
346
1565
1560
1567
1567
1558
1550
1561
1559
1560
1552
1562
1560
1561
1556
1559
1559
1567
1566
1561
1555
1567
1563
828
1559
797
1561
1561
1559
1448
1560
1311
1558
1564
1555
1084
1561
1155
1561
1559
1547
1574
1562
1559
1549
1556
1567
1556
1534
1565
973
1559
1547
1561
645
1543
1561
1373
1561
1567
1556
974
1561
1567
1554
1565
1549
1563
1562
1545
1555
1562
1542
1531
1565
1556
1551
1558
1546
1557
1571
1553
1562
1560
1558
1567
1566
1563
1255
1559
1572
1558
1549
1553
1565
1556
1553
525
1559
1560
1567
1560
1553
1560
1551
1555
1560
1549
1568
1567
940
1565
1566
1559
1557
1542
1561
1563
1567
944
1552
1553
1556
1547
1561
1556
1560
1548
1559
1548
433
1555
1552
1559
1562
1354
1559
1562
1564
1544
1563
1563
1549
1561
1559
1564
1303
1554
1563
1558
1557
1550
1553
1228
1549
1534
1558
1571
1109
1563
1560
1542
1563
1562
1564
1559
1566
1554
1548
1561
1522
1557
1558
1554
1562
1565
1569
1563
1571
1151
1562
1564
656
1558
1561
1520
1561
1545
1568
1562
1558
1554
1559
1562
1562
515
1569
1564
1395
1569
1562
1564
1564
1557
1573
1560
1567
1561
1559
1565
1543
1550
1554
1559
1150
1550
1565
1564
1561
1563
1555
1552
1553
1549
1546
1563
728
1554
1550
1554
1555
1563
1555
1564
1571
1573
1565
1566
1557
1561
1565
965
1554
1557
1557
1564
1555
1565
1569
1559
1552
1566
1562
1562
1116
804
1546
1568
1514
1555
1560
1072
1557
1562
1572
380
1524
1558
1538
1542
1422
1055
1555
1546
1559
1567
1554
1561
1552
1497
1556
1558
1560
1544
1559
1543
1567
1558
1545
1546
1560
1550
1547
1250
1572
1548
1568
1562
1552
1561
1559
1556
1555
1565
1562
1565
1559
1557
1559
1552
1562
1566
408
1563
1561
1561
1531
1558
1546
1552
1545
1564
1556
1555
1560
1508
1202
1521
1564
1557
1544
628
1548
1551
1547
1556
1560
1557
1561
1550
1560
1555
1562
1557
1547
1563
1561
1542
1557
1552
983
1564
1561
1553
985
1553
1554
1565
1563
851
1559
1560
1548
1560
1557
1544
1564
1553
1559
1556
1563
1567
1564
868
1563
1540
1563
1569
1559
1547
1556
1560
1556
1567
1551
1531
1563
1563
1560
937
1568
1562
1508
1177
1558
1567
1554
1564
1570
1556
1394
1514
1545
1565
1560
1558
1554
1554
1209
1555
1567
1543
1558
1555
1558
1563
1569
1558
1567
1563
1561
1569
1562
945
1560
1561
1564
1558
1427
897
1563
1029
1561
1563
1573
1561
1563
1556
1555
1541
1568
1560
1538
1551
1566
1549
1566
1566
1561
1561
1562
1564
1553
1554
1560
1553
1558
1092
1556
1550
1565
1556
1566
1559
1550
1557
1548
1567
811
1537
1567
1560
1570
1558
1557
752
1554
1558
1553
1554
1558
1542
1520
1564
1563
719
1554
1566
1559
1568
1558
1554
1563
1554
1557
659
1465
1559
1567
1501
1562
1561
1561
1553
1559
1559
1564
1557
1541
1550
1564
1557
1567
1551
1525
1555
1563
1560
1568
1550
1558
1547
1562
1562
1561
1559
1559
1559
1572
1558
1567
1552
1565
1566
1531
1556
1561
1516
1561
1561
1557
1560
1560
1550
1556
1547
1570
1568
1272
1554
1556
1551
1564
1563
1560
1558
1558
1554
1557
1560
1566
1562
1574
1546
1569
1539
1550
1547
1547
1571
997
1565
1556
1565
1335
1565
1557
1563
769
1553
1560
1572
1443
1540
1566
1563
1558
1135
1560
1553
1558
1562
1554
1562
1557
1563
1557
1565
1565
1566
1560
1556
1528
1550
769
1559
659
1550
1557
1562
1501
1546
1560
1524
629
1569
1560
1540
1555
1081
1558
1560
1557
1558
1553
1551
1561
1318
1562
829
1555
1557
1563
1563
1557
1565
1491
1558
1542
1402
1567
1562
1532
1562
1551
1554
1556
1560
1558
1557
1560
337
1547
1559
1529
1555
1560
1558
1563
1556
1550
1564
1565
1542
1556
1564
1555
1560
1512
1562
1559
1557
1562
1556
1567
1561
1553
1567
1050
1562
1551
1006
858
1558
1563
1556
1553
1548
1131
1561
1559
1569
1466
1535
1560
1566
1560
1218
1562
1566
1557
1559
1530
1558
1556
1560
1553
1554
1559
1426
1556
1439
1560
1558
1558
1555
1548
1525
1557
1559
1555
1566
1558
1578
1556
1479
1070
1557
397
1559
1527
1542
1557
1556
1562
1561
1429
1559
1559
1550
1559
1565
1564
1564
1549
1561
1329
1563
1558
1561
1554
1559
1551
1549
1560
998
1544
1561
1555
1220
1547
1553
1565
1560
1564
1562
1559
1556
1559
1568
660
1460
1520
1540
1557
1552
1566
1550
1142
1563
1565
1579
1551
1555
1557
1564
1561
1556
1543
1556
1559
1528
1558
1563
900
1560
1559
1562
1542
1564
1542
1557
1559
1560
1563
1567
1558
1550
1534
1564
1552
1560
1561
1561
1557
1560
1565
1556
1563
1558
1557
1555
1557
1559
1557
1561
1573
1561
1561
1560
1556
1548
848
1551
1559
1558
1556
1557
1571
1559
1557
1566
1567
1559
1567
1553
1561
1561
1562
1550
1560
1564
1055
1565
1561
1393
1551
1563
1556
1565
1555
1562
1553
1554
1560
1376
1563
1562
1555
1028
1567
1571
1546
1558
1554
1565
1565
1567
1553
1555
1550
1559
1567
1554
1557
1564
1565
1561
1552
1569
1553
1523
1564
893
1555
1560
1556
1564
1556
1564
1055
1562
1559
1553
1553
1561
1557
1556
413
1545
1565
1554
1569
1560
1558
1544
1554
1563
1562
1567
1561
1569
1558
1558
1553
1537
1564
1548
1561
1559
1417
1560
652
1511
397
1561
1566
1557
552
1541
1559
1563
1560
1561
1559
1098
1563
1556
1561
1558
1557
1556
1555
1575
1555
1557
1564
1558
1569
940
1549
1559
1559
1564
1177
1560
1560
1561
1548
1564
1552
1558
1554
1555
1569
1513
1560
1562
1550
1565
1549
1567
1561
1561
1561
1564
1566
1558
1563
447
1546
1558
1551
1563
1547
1560
1561
1564
1556
1554
904
1562
1530
1554
1555
1559
1544
515
1557
1556
1570
1558
1554
1294
1558
1556
1562
509
1565
1559
1553
1565
1561
1561
1562
1562
1566
1568
1541
1561
1542
1552
1548
1550
1557
1557
1562
1003
1486
1559
1572
1197
1564
1553
1541
1571
1561
1556
1545
1551
1563
1561
1559
1544
1559
1563
1544
1526
1554
1559
1554
1560
1544
1555
1557
1549
1533
1556
1545
1557
1557
1562
1557
1559
1565
1546
1562
1533
1553
1437
1561
1566
1568
1557
1546
1558
1566
1563
1553
1564
1554
1548
1556
1566
1553
1555
1554
1561
1560
1562
1560
1564
1564
1557
1555
1566
1550
1567
1557
1524
1558
1557
1542
1553
1298
1560
1562
1552
1561
1283
723
1567
1559
1557
1558
1552
1562
1559
1428
1556
1560
1559
1059
1577
1555
1560
1566
1558
1557
1556
1554
1558
1560
1566
1560
1553
1559
1548
1564
1558
1559
1559
1555
1510
1557
1576
1553
1555
1565
1554
1567
1304
1556
1544
1561
1565
1566
1555
987
1552
1558
1557
1559
1563
1558
1549
1555
1561
1540
1558
1542
867
1555
1561
1556
1561
1565
913
1551
1562
1558
1554
1566
1558
1561
1566
1143
1562
1538
1565
1560
1561
1563
1561
1562
1567
1554
1559
1563
1560
1553
1554
1110
1547
1562
1564
1558
1565
1562
1555
1554
1557
1558
966
1186
1563
1567
1559
831
1561
1559
1551
1044
1567
1561
1564
1560
1565
1560
1554
1559
1547
1564
1556
1554
1564
1560
1563
1573
1560
1553
1561
1558
1560
1565
1560
1118
1558
1566
1544
1560
1559
1567
1402
1570
1128
1565
1558
1557
1560
1563
1504
1560
1520
1567
1564
1508
1563
1561
1546
1567
1529
1552
992
1526
1570
1555
1557
1557
1553
1547
1529
1556
1549
1558
1563
1555
1564
674
1560
1559
1226
1566
1552
1557
1574
1550
1002
1559
1558
1561
1559
1558
1557
1558
1552
1554
1547
1561
1563
1564
488
1413
1558
1561
1553
1563
1569
1571
1559
1550
1551
1559
1550
886
1557
1561
1545
1562
1549
1551
1363
1532
1563
1562
1561
1558
1564
1567
1573
1568
1560
1563
1558
1553
1553
1555
1560
1558
1563
1565
1556
1554
1546
1552
1559
1078
998
1557
1546
1556
1555
1547
1554
1554
1561
1564
1560
1545
1553
1518
1550
1546
1559
1555
1564
1563
1567
1560
1560
1557
864
1455
1553
1555
1568
1563
1342
1556
1562
1551
1563
1565
1560
467
1553
1562
1557
1561
1555
1562
1558
1562
1560
1554
1549
1562
1562
1244
1553
1361
1549
1564
1560
1555
1531
1555
1561
1546
1556
1561
1568
1562
1562
1558
1538
1554
910
940
1571
1121
1558
1556
1564
1556
1070
1540
1562
1563
1559
1560
1564
1528
1565
1547
1560
1553
1559
1557
1559
1540
1563
1550
1551
1553
1559
1551
1537
1559
995
1556
1097
1563
1558
1419
1557
1486
1563
1568
1558
1555
1554
1555
1550
1565
1549
1545
1554
1531
1562
1563
1553
1454
1552
1554
1559
1566
1546
1560
1557
1558
1554
1562
1559
1558
1562
1559
1561
1549
1565
1561
757
1186
1549
1567
1564
1556
1559
1547
1566
1560
1559
1556
1545
1563
1562
1561
1556
1147
1556
1565
1555
1551
1544
1116
1563
1568
1560
1562
1559
1562
1557
1561
1503
1558
1564
1559
1562
1566
1567
1555
1558
1548
1555
1558
665
1560
1549
1383
1568
1565
1556
1560
1556
1554
1553
1544
1542
1569
1563
1567
1561
1562
1560
1559
1559
1558
1560
1561
1560
1565
1557
1552
1152
1548
1561
1565
1556
1560
1558
1560
1558
1558
1556
1565
1558
1563
1056
1558
1551
1501
1572
1560
1560
1561
1558
1558
1571
1562
1558
1564
1560
1552
1541
1454
1564
1556
1559
1556
1561
1562
1552
1562
1552
1561
1563
1564
1563
1555
1564
1555
1560
1562
1549
1558
1562
1139
1554
1516
1557
1549
1561
1559
1559
1563
1560
1566
1556
1555
1563
1555
1568
1558
1562
1555
1557
1554
1563
1556
1558
1548
1447
1555
1558
1560
1557
1563
1560
1557
1554
1560
1552
1553
1174
1561
1568
1565
1561
1564
1555
1563
1570
1560
1203
1558
1563
648
1144
1561
1557
1567
1555
925
1545
1149
1560
1565
1544
1557
1564
1046
1556
1541
1558
981
1560
1555
1553
1566
1563
1559
1559
1554
1561
1561
1556
1554
1551
1553
445
1547
1558
546
1562
1557
1564
1567
1555
1109
1548
1558
1553
1556
1538
1555
1553
1553
1558
1553
1317
1563
1559
1558
1545
1534
1561
1549
1563
1550
1560
1554
1556
1556
1565
1361
1026
1548
1557
1553
1562
1554
1304
854
1558
1569
1574
1562
893
1553
1286
1567
1566
1284
1563
1562
1563
1554
1556
1380
1558
1555
1567
1573
1546
1561
1298
1466
1560
1554
1552
853
1567
1561
1564
1549
1554
1154
1554
1557
1564
1558
1557
1562
1564
1562
1568
1557
1564
1562
1557
828
1560
1557
1554
784
1564
1567
1555
1570
1560
1556
1563
1530
805
1553
1561
1553
1385
786
1539
1538
1554
1550
1442
1544
1557
1554
1557
1563
1549
1556
1559
1573
1558
1562
1554
1549
1544
1549
1580
1563
1571
1566
1556
1548
1557
1554
1564
1556
1563
1559
1555
1559
1555
1565
1550
1176
1547
1565
1520
1553
1561
1561
1546
1540
1550
1551
1564
1554
1553
1557
1564
1562
1564
1567
1534
1560
1568
1571
1559
1528
1564
1543
1559
1567
1565
1548
1563
1294
1548
1564
1563
1558
1559
1561
1554
1559
1554
1559
1558
1564
1564
1371
1541
1551
1547
1560
1565
1568
1563
1558
1563
1563
1559
1551
1556
997
1563
1555
1558
1559
1566
1562
1557
1558
1564
1560
1561
1562
1537
1543
1538
1564
1555
1561
1563
1560
1556
733
1566
578
1551
1559
1559
1566
1560
1555
1007
1557
1562
1529
1561
1556
1565
1557
1566
1345
1555
1554
1559
1140
1542
1556
853
1558
1437
1316
1555
1553
1559
1551
1566
1554
1045
565
1559
1565
1563
833
1565
1549
1559
1561
1567
1566
1532
1557
1561
1562
1564
1561
1566
901
1548
1551
1559
1557
1558
1561
1568
1562
1569
1557
1561
1554
1561
1556
1516
1561
1559
1561
1543
1545
1564
1564
1545
1561
1560
1555
1446
1437
1554
1548
1560
1564
1562
1552
1566
1555
1553
1561
1562
1553
1566
1551
1564
1537
1538
1557
1557
1473
1561
1567
1556
1562
1561
1561
1554
1556
1562
1558
1524
1567
1572
1546
1497
1571
1558
1555
1563
1563
1558
953
1551
1559
1543
1168
1536
1570
1555
1570
1557
1539
1550
1558
1559
1551
1549
1560
1557
1561
1560
1563
1558
1555
647
1567
1559
1551
1558
1565
1554
1558
1562
1147
1558
1567
1238
1567
1558
1561
1551
1546
1550
1537
1557
1560
1557
1541
1563
1564
1555
1550
1558
1550
1563
1559
1559
1558
1559
974
1560
1574
1564
1561
1542
1556
1554
1546
1562
1567
1564
1560
1554
1560
899
1554
1570
1563
1564
1543
1566
1558
897
1560
1559
380
1565
1556
1557
1562
1565
1560
1563
1560
1336
1560
1562
771
1562
1550
1562
1544
1564
1509
1557
982
1539
1556
1566
1558
846
1564
1550
1558
1055
1563
1559
1567
943
1375
1511
1557
1553
1512
1560
1561
1560
1553
1560
1562
1553
1561
1557
1555
1564
1552
1476
1462
1560
1558
1561
1552
1565
1560
1538
1554
1556
1557
1491
1554
1561
624
1563
1567
1567
1566
1562
1562
1546
1565
1544
1558
1564
1519
1571
1559
588
1565
1570
1572
1561
1564
1562
1563
1558
1555
1566
1566
1556
1534
1565
1557
1562
1564
1561
1544
1555
1554
1540
1554
498
1562
1562
1549
1559
1530
1563
1557
1560
1563
1560
1563
1555
1550
1562
1568
1551
1557
1565
1559
1549
1558
1557
1561
1574
1564
1563
1552
1566
1562
1563
1546
1557
1553
611
1565
1551
1564
1555
1312
1548
1566
1520
1557
1561
1555
1558
1560
1560
958
1547
1560
1543
1565
1559
1560
1555
1555
1561
1558
1557
1561
1563
1557
1417
1558
1556
1553
1563
1562
1555
1563
1563
1570
1560
1560
1547
1559
1559
1560
1558
1552
1561
1564
1466
835
1560
1556
1562
1525
1564
1562
1447
1563
1567
1538
1554
1559
1558
488
1544
1540
1558
1208
1557
1560
1564
1558
1568
1558
1563
1569
1552
1548
1569
1560
1559
1554
976
1557
1560
1555
1551
1558
1548
1565
1572
1570
1549
1559
1558
1557
1544
1540
1564
538
1529
845
1553
1564
1160
1553
1558
1527
1559
1558
1555
1564
1560
1559
1555
1542
1565
987
1559
1558
1556
1560
1560
1565
1553
1539
1557
1560
1560
1564
1554
1178
1571
1558
1564
1560
1501
1558
1558
1567
1552
1563
1565
1555
1554
1556
1557
1554
1559
1556
1543
1558
1555
1560
1550
1554
1562
1565
1561
1555
1566
1560
1553
1549
1555
1559
1561
1558
1562
1566
1553
1568
1560
1558
1561
1554
1562
1556
1561
1564
1555
1551
1558
1548
1557
1558
1563
1558
1561
1552
1562
1571
1550
1570
1568
1557
1561
1556
1558
1563
1565
1138
1562
1557
1567
1561
1563
1573
1561
1560
1560
1563
1562
1555
1566
1527
1559
1558
1542
1560
1560
1565
1569
1047
1535
1560
1562
1354
1544
1564
1563
1559
1558
1567
1560
1559
1561
1554
1555
563
1564
807
1551
614
1559
1561
1564
1561
1566
1550
1557
1576
1563
1568
1563
1562
1558
1520
1055
1559
1557
1557
1557
1568
1549
558
1567
1566
1564
1553
1544
1345
1559
1558
1554
900
1559
1554
1546
1566
1558
1545
1562
1562
1090
1568
1568
1564
1547
1457
1554
1566
1567
1564
1551
1556
1559
1564
1558
1558
1558
1565
1545
1564
1561
1558
1552
1553
1560
1562
1558
1552
1558
1550
1563
1530
1554
1551
1562
1548
1559
1557
1561
1536
1557
1556
1555
924
1559
1563
1564
1565
1564
1552
1558
1549
1562
1550
1563
1559
754
1570
1569
1564
1566
1554
1567
1562
1556
1560
1549
1547
1564
1561
1554
1560
1568
1563
1562
1561
1531
1563
1566
1558
1562
1065
1546
1504
1563
1574
1557
1565
1559
1542
1558
1560
1553
1562
1552
1553
1550
1566
1569
1554
982
1560
1558
924
1559
1561
1559
1449
1561
1558
1552
1557
1555
1567
1561
394
1550
1555
1557
1548
1555
1564
1566
1559
1561
1558
1557
1529
1559
1556
1234
1557
1564
1549
1555
1561
1562
1547
1561
1348
1557
1564
1563
1560
1559
1548
1554
1549
1555
1547
1561
1564
1554
1537
1564
1557
1562
1565
1284
1562
1559
1555
1540
1540
1565
1570
1557
937
1423
1559
1563
1557
1557
1556
1561
1548
1562
1565
1171
1559
1563
1540
1560
1554
1565
1562
1554
712
1526
1144
1543
1559
1566
1555
1346
1563
1562
1559
1545
362
1554
1563
1566
1558
1525
1567
1558
1562
1560
1557
1534
1559
1560
1558
1566
1556
1558
996
1558
1556
1556
1554
1552
1544
1565
1563
1556
1563
1560
1548
1573
1560
1559
1557
1490
1117
1563
1560
1563
1561
1377
1534
1563
1563
1547
1562
1563
1560
1552
1554
1567
1564
1555
1563
1556
1554
1560
1565
1538
1552
1559
905
1555
1557
1066
1564
1553
1564
1557
1220
1552
1558
1540
1546
1557
1565
1567
1562
1563
1564
1551
1354
1524
1567
1556
1557
1544
1561
1560
1567
1558
1566
1564
1563
1395
1557
1562
1192
1552
1564
1533
1549
1560
1564
1556
1567
1568
1560
1560
1556
1539
1553
1169
1557
1552
1562
1564
1553
1557
1570
1571
1564
1555
1552
1564
1555
1555
982
1564
1554
1562
1551
1563
1564
1562
1559
1552
1555
1555
1562
1532
1561
1568
1539
1561
1541
1555
1558
1552
1566
1530
1564
1566
1552
1563
1548
1558
1557
1562
1564
1556
1564
1543
1528
1553
1552
1549
1564
1556
1550
1559
1546
1554
1551
1559
1565
1556
1562
1562
1541
1571
1124
927
1556
1563
1561
1141
1558
1562
1549
1556
1540
1558
1548
1543
1572
1559
1558
1560
1555
1563
1561
1562
1552
1555
1558
1562
1552
977
1558
1558
1559
1561
1552
1549
1546
1553
1564
1558
1559
1555
1553
1530
1559
1565
938
1530
1558
1546
1563
1565
1557
1556
1536
1554
1564
1557
1565
1569
1553
1559
1561
1509
1565
1560
1544
1553
1555
1525
1560
1559
1497
1558
1535
1571
1530
1555
1315
1536
1529
1146
1562
1561
1568
1568
1563
1568
1570
1561
1556
1559
1547
1300
1567
1566
1561
1564
1298
1565
1567
1538
1568
1113
1563
1557
1546
1567
1549
1556
1556
1559
1561
1560
1560
1560
1556
1571
1562
1522
1557
1563
1569
1559
1548
1563
1561
1558
1555
1482
1553
1571
1569
1541
1556
1553
1548
1554
1564
1568
1522
1561
1573
1564
1561
1559
1565
1548
1565
1562
1563
1550
1523
1555
1567
1436
1558
1561
1557
1554
1558
1547
1555
1566
1560
1352
1558
1567
1558
1572
1149
1556
1544
1564
1395
1570
1551
1563
999
1557
1560
1562
1559
1559
1560
1563
1564
593
1562
1558
1552
1567
1544
1561
1539
1557
1567
1560
1560
1476
1381
1565
1558
1557
1556
1463
1545
1561
1565
1559
1559
1560
1550
1554
1559
1544
1049
1564
1549
1555
1559
1555
1551
1564
1562
1560
1545
1561
1557
1546
1554
1543
1540
1561
1564
1548
1571
1568
1559
1563
1552
1564
1451
1568
1562
1409
1562
1541
1557
1556
1559
1560
1553
1557
1555
1558
1564
1551
1560
1515
1562
1567
1544
1562
1562
1556
1563
974
1560
1562
1558
1566
1568
1556
1545
1570
1561
1565
1554
1557
1561
1569
1561
1540
1535
1209
1559
1558
1552
1052
1566
1537
1566
1554
1545
1561
1558
1553
1553
1564
1562
988
1546
1559
1554
1541
1560
1564
621
1547
1564
1552
1566
1565
1560
981
1560
1556
1546
1548
1187
1552
1550
1559
992
1555
1563
1544
1357
1554
1533
1558
1214
1567
1561
1543
1571
1561
1562
1556
1560
1552
1558
809
1560
1551
1568
1571
1565
1176
1564
519
1555
1548
1560
1496
1568
1551
1547
1568
1560
1560
613
1555
1563
1566
1535
1566
1564
1549
1547
1553
1562
1561
1563
1557
1565
1563
1570
1562
1550
1564
1550
1036
1555
1558
1557
1565
1557
1559
1563
1559
1563
1556
1552
1504
1433
1561
1565
1558
1559
907
1080
1560
1544
1551
1561
1559
1560
1566
1566
1559
1554
1568
1558
1268
1528
1561
1542
1551
1564
1561
928
1551
881
1036
1553
1561
1557
1554
1546
1550
1559
1563
1554
1559
1235
1547
1560
1567
1567
1540
1551
1532
1554
1563
1564
1553
1550
1534
1563
1560
1558
1562
1561
1568
1557
1562
698
1560
1562
1565
1560
1563
1119
1230
1566
1559
356
1550
1542
1554
1559
1565
1564
1559
1551
1479
1550
1236
1558
1551
1558
1566
1554
1545
1490
1548
1562
1564
1569
1552
1559
1531
1553
1562
1550
1560
1559
376
1570
1538
1570
1556
1559
1562
1575
1559
1552
1557
1555
1558
1556
1559
1563
1568
1566
1022
1531
1545
1560
1558
1562
1560
1557
1555
1563
1556
1534
1560
1561
1551
1552
1549
1486
1539
1561
1558
847
1557
1565
1564
1561
1554
1552
1528
1028
1572
1557
1560
1568
1565
1565
1549
1558
1553
1566
1554
1555
1558
1564
1560
1561
1558
1563
1553
1557
1552
1564
1555
1554
1560
1565
1368
1566
1565
1563
1556
1559
1566
1557
1234
1541
1553
1119
1568
1559
1560
1285
1558
1565
1560
1435
1547
1566
1089
1552
1557
1560
1568
1535
1562
1565
1558
1568
1562
1555
1558
1275
1553
1568
1557
1568
1559
1065
1560
1562
1547
1557
1567
1558
1554
1551
1549
1134
1563
1556
1554
1555
1529
1552
1564
1562
1555
1557
1555
1559
1560
1567
1550
1560
1565
1564
1559
1569
1560
1561
1563
1573
1565
1100
1528
1275
1552
1561
1559
1556
1563
1566
1561
1558
955
1555
1563
1565
1567
1558
1560
1561
1567
1172
1565
1363
1561
1573
1564
1559
1561
1560
1560
1549
1563
1558
1549
1561
1559
1567
1567
1560
1152
1566
1518
498
1560
1565
1559
1554
1548
1562
1558
1517
1556
1560
1558
1562
1561
1564
1565
1485
1477
1543
1555
1565
1562
1556
1560
1548
1565
1567
1559
1568
1559
1557
1548
1561
1556
1561
1273
1562
1564
1565
1554
1558
1557
1559
1559
1558
1566
1554
1557
1548
1556
1552
1555
1563
1558
1565
1559
1037
1551
1562
1564
1560
1555
1562
1545
1556
1228
1561
798
1564
1548
1564
1565
1560
1126
1557
1555
1099
1543
1555
1560
1559
1555
1559
1558
1533
1434
1562
1568
1536
1560
1563
1558
1557
1565
1563
1561
1555
1563
1564
1557
1562
1547
1559
1549
1277
1502
1352
1563
1571
1559
1556
768
1556
1538
1542
1558
1564
1558
1566
1569
1560
1315
1560
1556
1562
1553
1557
1553
1564
1563
1567
1559
1548
1556
1556
1551
1561
1560
1560
1558
1563
514
1555
1563
1443
1549
1533
1554
654
1563
1559
1545
1558
1558
1548
1560
1570
400
1558
1543
1278
1548
1544
1555
1555
1555
1562
1234
1570
1547
1556
1553
1561
1558
1555
1559
894
1556
1558
1564
1566
1541
1565
1494
1557
1557
1560
712
1527
1561
1564
1570
1559
1567
1563
1558
1564
1558
1566
1570
1560
566
1572
1546
1293
1553
1555
1561
1555
1565
1561
1564
1560
1562
919
1557
1561
1556
1567
1555
1561
1563
1555
1559
1557
1542
1562
1571
1539
1558
1516
1560
1562
1551
1548
1546
1549
1561
1564
1569
1559
1533
1542
1561
1552
1565
1560
1554
1568
1558
1565
1555
1546
1561
1558
1559
1560
1556
1562
1565
1536
1551
1564
1556
1559
1561
1557
1562
1559
1563
1555
1546
1549
1550
1097
460
1556
1555
1565
1542
1562
1569
1563
1559
1556
1550
1564
1559
407
1560
1553
1564
1560
1559
1559
425
1559
1523
684
1050
1565
1565
1563
1563
1561
1559
1565
953
1563
1566
1551
1072
1564
1563
744
1560
1560
1552
1555
1567
1566
1551
1561
365
1547
869
1570
1565
1560
1429
1560
1536
1564
1561
1568
1547
1095
1557
1548
1555
1553
1541
1558
1548
1564
452
1555
1559
1564
1564
1557
1557
1558
1057
1507
1566
1563
1548
1555
1557
1554
1562
1567
1559
1567
1562
1558
1100
1556
1559
726
1560
853
1554
1557
1555
1555
1564
1558
1566
1552
1565
1563
1549
1564
1565
1558
1563
1545
1562
1561
1556
1562
1563
1570
1561
1548
1544
1555
1575
1566
1565
1528
1554
1565
1529
1562
1565
1570
1554
938
1572
1557
1562
1566
1562
1567
1511
1562
1564
1559
1547
1553
1563
1557
1570
1557
1563
1555
1501
1542
1565
1557
1558
1566
1565
1564
1557
1192
1559
1561
1562
1556
1556
1537
1570
1547
1556
1573
1561
1565
1563
1123
1555
1548
1568
1534
1544
1563
1557
1559
1558
1564
1551
1544
1559
1564
1556
1559
1561
1549
1550
1556
1560
1545
1549
1559
1561
1559
1552
1547
1555
1444
1273
1561
1565
1566
1550
1560
1468
1555
1562
1558
1556
1556
1559
1560
1563
1564
1543
1561
1560
1572
1549
527
1562
1561
1556
1561
980
1558
1564
1553
1557
1554
1571
1566
673
1554
1554
326
1566
1556
1549
1560
1560
1573
1559
1549
1555
1541
1563
1544
1558
1554
1249
1559
1559
552
1565
1557
1558
1517
1558
1556
1554
1563
1565
1556
1558
1550
1561
1554
1555
1557
1554
1564
1563
1560
1563
1562
1527
1562
1531
1557
1543
1557
1563
1557
1558
1521
1572
1562
1557
1548
1564
1554
1558
1546
1546
1565
1556
1565
1552
1558
1545
1577
1475
1560
1556
897
1564
1384
1548
1549
1563
1561
614
1565
1560
1555
1561
1565
1562
1565
1560
1554
1569
1553
714
1561
1558
1566
1562
1559
1173
1559
1562
1573
1556
1562
1564
1564
1564
1563
1554
1555
1549
1568
1546
1555
1556
1553
1567
1558
1282
1561
1568
1566
1561
1568
1553
1553
1560
1559
1524
1563
1561
1421
1555
1550
1568
1567
505
1562
1554
1559
1544
1556
1128
1557
1547
1561
1571
1558
1565
1554
1555
1586
1549
1543
1554
1553
1562
1553
1558
1511
1558
1562
1553
1545
1558
1542
1547
1563
755
1556
1538
1557
1540
1561
1560
1563
1558
1556
1559
1493
1566
1042
1546
1563
1566
1559
866
1542
1566
1567
1401
1040
1559
1555
1558
619
1094
1560
1565
1560
1558
1541
1565
1564
1567
1564
1567
1566
1572
1557
1560
1563
1550
978
1535
1561
1557
1553
1565
1561
1554
1561
1549
1567
1562
1243
1565
1530
1562
1557
1561
1555
1562
1563
1565
1569
1533
1555
1548
1555
1562
1556
1566
1554
1565
1568
1562
525
1563
1542
1564
1554
1559
1564
1569
1561
1566
1564
1558
1559
1558
1560
1561
1543
1560
1563
1559
1571
1564
1566
1556
1565
1560
1567
1558
1555
1558
1559
1549
1565
1557
1562
1536
1566
1559
1567
1553
912
452
1548
1555
1561
1562
1565
1563
1559
1556
1569
1559
1565
1561
1009
1565
1564
1457
1561
1562
1560
1557
1562
1561
1528
1562
1568
1563
1566
1558
1556
1539
1560
1569
1572
1565
1392
1557
434
831
1557
1535
1560
1552
1323
1561
1546
525
1562
1517
1563
1546
1546
1558
1557
1560
1554
1564
1567
1560
1550
1483
1558
730
461
1449
1559
1556
1564
1564
957
1556
1559
1555
1540
1570
1566
1559
1564
1562
1019
1559
1559
1558
1554
1565
1564
1565
1564
1562
1569
1554
1125
1564
1559
1028
1564
1559
1562
1557
1557
1561
1562
1563
1564
1567
1568
1566
1536
460
1563
1559
1560
1548
1560
1552
1562
1550
1347
1565
1524
1562
1552
1560
1554
1553
1563
1546
825
1553
1560
1563
1555
1557
1524
1545
1559
1562
1560
1082
1544
1547
1535
1565
923
1564
1566
1572
1566
1556
1571
1556
1558
1558
1547
1560
1565
1477
1560
1555
1557
1568
1565
1558
1561
1557
1550
1546
1549
1567
1493
1562
1557
1534
1565
1566
1551
1571
1562
1555
1566
1487
1563
1556
1558
1563
1561
1560
1557
1553
1558
1561
1558
1567
1544
1563
789
1452
1553
1127
1505
1559
1546
1568
1546
1562
1493
1565
1567
1561
1559
1562
1551
1562
1556
1551
1555
1563
1545
1560
1193
1560
1563
1558
1563
1342
1561
1574
1560
1552
1540
1560
1562
1565
1553
1559
1556
1562
1558
1558
1563
1567
1538
1565
1560
1562
1039
1563
1547
1562
711
1552
1555
947
1020
1556
1556
1043
713
1553
1568
1566
1565
1554
1559
1561
1573
832
1559
1552
1567
1567
1559
1564
1508
1558
1564
1547
1559
1559
1563
388
1557
1561
1563
1550
1564
1559
1546
1556
1556
1561
1561
1555
1556
1500
1556
1296
1557
1558
1560
1575
1553
1561
1561
1559
1542
1350
1562
1566
1563
1551
1560
1558
1564
1557
917
1562
1565
1547
1540
1555
624
1568
1552
1537
1566
1557
1555
1560
1564
1369
1547
1561
1567
1562
1565
1562
1550
1558
1568
1554
1436
1553
1264
1565
478
1550
1554
1560
1556
1555
1564
1547
1561
478
1556
1564
1555
1563
1560
1554
392
1549
1557
1554
1560
1560
1564
1560
1562
1550
1564
1564
1563
1567
1547
1567
1554
1559
941
1559
1554
1552
1559
1546
1565
1554
560
612
1561
1561
1565
2926
1557
1562
1557
1537
1558
1559
1557
1569
1561
1558
1566
1563
487
1567
1565
1540
1565
1561
1552
1546
1559
1179
1556
560
1561
1546
1551
1558
1559
1558
1555
1556
1557
1503
1566
1552
1557
1513
1557
1367
1557
1557
1540
1566
1558
1550
1559
1558
1562
1554
1441
917
1557
310
1561
1566
1502
1557
1548
1552
1564
1559
1570
1550
1563
1550
1562
1548
1543
1567
1498
1556
1562
1569
1565
1563
1563
1553
1558
1562
1526
1563
1581
1540
1559
1560
1568
1570
1563
1551
1548
1487
1189
1562
1564
1556
1567
1568
1566
1562
1564
1571
1565
1559
1554
1561
1566
1567
1467
1537
1565
1559
1564
1561
1564
1550
1562
1558
1556
1557
1549
1555
1565
1569
1563
1548
1549
1550
1566
1556
1560
1567
1550
583
1564
1561
1563
1563
1567
1559
1557
1561
1557
1053
1552
1556
1565
1547
1561
1557
1552
1550
1557
1564
1562
1313
1556
993
1249
1560
1556
1568
1136
1561
1555
1563
1556
1301
1565
1564
1555
1544
1563
1566
993
1568
1550
1557
1546
1565
1553
1551
1561
1552
549
1562
1563
1563
1555
1565
1560
1537
1553
1561
1561
1541
1574
1569
1569
1563
1566
1566
1557
1120
1559
1558
1558
1555
1562
1557
1547
1564
1542
1183
1571
1554
1557
1558
1559
1558
1562
813
1570
938
1557
1569
1104
1565
1562
1561
1564
1521
1386
1565
1565
1557
1562
1567
1560
1434
1577
1550
1558
1345
794
1557
1548
1554
1537
1560
1564
1346
1563
1559
1566
1560
1558
1557
1543
1556
1564
1431
1559
1558
1561
1531
1566
578
1560
1542
1565
1567
1166
1558
1554
1558
1547
1448
1558
1566
898
1543
1541
1135
1552
1556
1530
1559
1561
1560
1569
1558
1552
1562
1542
1561
1558
1561
1549
1556
1530
1561
1557
1560
1558
1562
1547
1564
1566
1542
1558
1040
1559
1558
1573
1560
1185
1553
1564
1547
1557
1560
1559
1559
1192
1563
1298
1562
1540
1559
1557
1566
1554
1559
1552
1555
1554
1548
1557
1551
1554
1561
1054
1563
1567
1550
1562
1554
1541
1544
1564
1560
1561
1325
1565
1564
1559
1432
1570
1560
1559
1552
1561
1564
1565
1562
992
1557
1540
838
1559
1556
1565
1554
1556
1559
1554
1560
1558
1545
1556
1568
1559
1564
1564
1560
1557
1562
1569
1554
1565
1564
1562
1561
1563
1558
1501
1562
1542
1547
1563
1563
1563
1560
1562
1563
1545
1552
1312
1029
1561
1563
1561
1559
1550
1532
1560
1568
1557
1555
1399
1561
1555
1549
1565
1564
1559
1558
1569
1559
1560
1562
1560
1558
1109
1564
1563
1558
1576
1558
1551
1557
1560
901
1561
1523
1555
1548
1564
1556
1560
1553
1557
1559
1550
1556
1567
1550
1555
1563
1569
1554
1561
1565
1549
1565
1544
1559
1555
1109
1556
1555
1557
1560
1367
1548
1551
1569
1560
1558
1565
1559
1566
1551
1563
1563
1568
1559
1566
1241
1566
1557
1408
1565
1550
1574
1565
1555
1562
1531
1563
1561
1561
1558
1559
1559
1556
1558
1566
1559
1554
1556
1550
1551
1566
1563
1555
1555
1560
1562
1559
1561
1564
1562
1562
1562
1543
1564
1550
1561
1353
1556
1563
1564
1564
1557
1570
1562
1568
1553
1555
1544
1558
1557
1557
1552
1559
1566
1559
1560
1523
1557
1559
1564
1557
1548
1548
1559
1565
1562
1563
1556
1554
1564
1558
1552
1558
1560
1549
1565
1556
1554
1567
1465
1559
1559
1553
1544
1562
1560
1567
1566
1555
1561
1536
1562
1563
384
1569
1555
1560
1551
1560
1566
1546
1567
1555
1558
1559
1564
1569
1149
1456
1557
1570
1556
1554
1558
1554
1553
1546
1559
1559
1556
1555
1552
1540
1551
1557
1558
1547
1558
1563
1559
1574
1562
1542
1563
1562
1094
1555
1557
1567
1140
1555
1558
1551
1556
1569
1559
1548
1551
1555
1566
1553
1558
1297
1553
1510
1565
1563
1563
1557
1559
1503
1550
1552
1565
1546
1556
1569
1556
1562
1552
1545
1553
1559
1560
1562
1564
1560
909
1495
1550
1544
1562
1566
1554
1560
1559
1578
1560
1549
1560
1561
1428
1562
1559
1515
1137
1563
1561
1563
1562
1553
1566
1564
1562
1572
1560
1560
1563
1548
1560
1288
1557
1555
1547
1564
1558
1562
1553
1561
1532
1558
1281
940
1560
1564
1555
1558
1558
1562
1554
1201
1555
1504
1567
975
1547
797
1559
1560
1556
1559
1511
1555
1558
1564
1567
1547
1566
1562
1558
1554
1560
1562
1557
1565
1558
1562
1552
1387
1562
1563
1551
1548
1556
1555
1560
1554
1554
1424
1564
724
1559
1562
1553
1561
1555
1562
1554
1564
1558
1561
1547
1548
1508
1550
1554
1557
1555
1564
1556
1560
1534
1555
1550
1126
1561
1558
1552
1172
1565
1562
1557
1563
1540
1568
1561
1543
1549
1560
1564
1563
1143
1563
1566
1563
1563
1560
1493
1556
1558
1571
1566
1561
1552
1554
1563
1563
1566
1547
1551
1555
1039
1556
1566
1562
1543
1564
1572
1562
1562
1572
1562
1558
1065
1552
1561
1557
1566
1562
1542
1546
1550
1150
1559
1560
1558
1567
1566
1562
1556
1564
1563
1565
1565
1567
1558
1050
1552
930
1565
1559
1536
1558
1522
395
1555
1563
1554
1560
1561
1318
1567
1552
1563
1466
1150
1565
1553
1559
1560
1559
1097
1564
1550
1559
1557
1549
1562
1554
1564
1561
1562
1568
1548
1565
1548
1563
1552
1567
1565
1553
1561
1553
1563
961
1561
1543
1561
1553
1563
1551
1530
1556
1555
1560
1556
1563
1565
1557
1563
1544
1572
1555
1563
1565
1558
1560
1557
1550
752
1567
1565
1554
1294
1043
1565
1548
1549
1565
1547
1561
1527
1558
1560
1560
1563
1555
1557
1566
1556
1551
1550
1559
1559
1548
1542
1545
1564
1468
939
1555
1556
1559
1563
1504
1565
1560
1565
1564
1556
1555
1560
1560
1431
1558
1566
1545
1536
1555
1559
1548
1555
1544
1553
1563
1564
1559
1419
1463
1560
1457
1566
1556
1528
1558
1525
1556
1559
415
1086
1560
1565
1536
1559
1552
1537
1543
1556
1565
1531
1563
1554
1379
1564
1552
1562
428
1543
1558
1560
1568
1558
1560
1560
1548
1558
1560
1562
1561
1566
1563
1560
1558
1545
1562
1563
1557
647
1560
1547
1567
1524
548
1560
1560
1567
1558
1559
1102
482
1565
1562
982
1547
341
1557
1554
1559
1562
1561
1565
1557
1565
1555
1565
1556
1557
1560
1563
1556
1560
1562
1563
1554
1565
1562
1561
1560
1558
1570
1361
1536
1565
1549
1553
1553
1560
1559
1554
1546
1564
1562
1563
1555
1560
1562
1561
1557
1565
811
1563
1563
1553
1543
1562
1566
1568
1559
1500
1561
1558
1565
862
1569
1560
852
1564
1561
1532
1229
1491
1563
1560
1561
1559
878
1557
1558
1560
1544
1565
1554
1562
553
1559
1563
1554
1526
1480
1556
1555
1542
1564
1567
1557
1565
923
1557
1564
1559
1566
1556
1556
1558
1554
1559
1558
1561
1567
1545
1556
1560
1559
1405
1564
1555
1557
1566
1559
728
1538
1563
1476
1557
1561
1562
1561
1563
1556
1562
1567
1561
1410
1555
905
1560
1562
1563
1556
1477
1072
1564
1557
1563
1525
1549
918
1558
1564
1567
1567
1547
1563
1544
1563
1560
1547
1555
1566
1560
1493
1269
1564
1560
928
1550
1544
1564
1365
1562
1561
1561
1569
1566
1560
1556
1557
1566
1562
1560
1561
1558
1541
1567
1562
1567
1561
1555
1561
1559
1564
1548
1550
1565
1560
1558
1552
1551
1555
1504
1565
488
1563
810
1568
1554
1558
1558
1566
1564
1566
1559
1561
1558
1553
1143
1563
1558
1218
1563
1564
1549
1543
1560
1552
1271
1558
1479
1568
1531
1559
1547
1568
1561
1558
360
1566
1546
1554
1551
1555
1494
1566
1559
1560
1545
1546
1552
1561
1547
1557
465
1568
1558
1550
1554
1546
1557
1555
1554
1554
1251
1566
1555
1566
559
1564
1569
1561
1548
1559
1559
1568
1566
1549
1558
1558
1562
1551
1563
1547
1569
1544
1560
1555
1565
1558
1476
1555
1569
1562
1552
1563
1550
1550
1558
1563
1553
1558
1556
1544
1561
1563
1552
1533
1542
1562
1386
1524
1562
1557
1548
1556
1561
1559
1558
1558
1542
1538
1565
1564
1557
1565
1562
1564
1541
1556
1577
1546
1561
893
1549
1547
1566
1557
1553
1559
1559
1560
1566
1560
1559
1556
1066
1567
1571
1550
1550
1561
1116
1552
1461
1563
1566
423
1562
1559
1565
1542
1554
1559
1568
1554
1562
1557
1556
1559
1565
1555
1560
1561
1536
1553
1563
1138
1563
1562
1566
1563
1560
1561
1561
1561
1554
1556
1563
1313
1565
1569
1540
1554
1562
1548
1544
1564
1563
1568
1557
1547
1560
1567
1558
1564
1561
1561
1284
1563
1562
1147
1558
1562
1563
1553
1557
1567
1558
1552
1557
1526
1559
1561
1560
1236
1562
1561
1560
1565
1553
1564
1558
1549
1561
1559
1555
1561
1564
1563
1542
1543
1570
1557
1556
1556
1535
1551
1542
1551
1554
1559
1560
1576
1554
1559
1557
1561
1529
1559
1531
1564
1567
1564
1559
1561
1561
1555
1557
1540
1558
1563
1553
1567
1565
1558
1557
1554
1556
1559
1553
1562
1560
1562
1563
1562
1555
1552
1556
1556
1564
1563
1559
1556
1559
1558
1566
480
1555
1564
1565
1383
1565
1560
1551
1535
1566
1556
1564
1575
1557
1557
1546
1559
1555
1553
1558
1554
1557
1560
840
469
1560
1554
1205
1566
1550
1550
1552
1564
990
1566
1559
1554
1198
1554
1563
1559
1555
1282
1560
1559
1569
1564
994
1559
1460
386
1567
1000
1532
1540
1573
1547
1555
1558
1565
1557
1533
1555
1560
1573
1564
1557
1569
1563
1567
1561
796
1555
1550
1554
1564
1560
1549
1556
1466
424
1561
1565
1552
1557
715
1557
1561
1559
1556
1559
1567
1564
1547
1552
1559
1553
1568
1541
1560
1560
1504
1511
1560
1559
1533
1558
1549
1564
1560
1547
1559
1558
1558
1533
1551
1560
1561
1378
1548
1544
1562
1561
1561
1561
1569
1512
1559
1557
1551
1558
1561
924
1557
1549
1151
1421
1561
1465
1563
1555
1558
1564
1562
1556
1564
604
1554
1508
1562
814
1559
1562
1568
1552
1554
1553
1562
1563
1554
1554
1557
1554
1568
1562
1529
1562
1562
1552
1556
1568
1558
1553
1551
1563
1560
1545
1561
1561
1568
1552
1559
1576
1541
1551
1565
1566
1563
543
1263
1561
1578
1550
1566
1551
1561
1563
1566
864
1560
1564
1561
1556
1561
1545
1558
1559
1195
1559
1553
1563
1562
1558
1142
1555
1558
1562
1318
1561
1568
1550
1560
1543
1408
1556
1560
1566
1566
1562
1558
1558
1570
1565
1563
1569
1313
1561
1559
900
1546
1556
1562
1120
1545
1555
1551
1567
1562
987
1556
1564
1533
1565
1558
1545
1560
1562
1561
1565
1571
1555
909
1561
1564
1554
1556
1556
1560
1038
1564
1559
1487
1564
1560
1547
1562
1555
1565
1568
1558
1185
1416
1570
879
537
1562
1490
1565
1544
1547
1569
1541
1551
1556
1559
1382
1535
1564
1562
1566
1558
1564
1562
1550
1547
1551
1562
818
1543
1567
795
1563
1024
1554
1542
1574
1568
1558
1558
1553
1556
1558
1551
1548
1563
1560
1558
1567
1553
1565
1554
1553
1562
1558
1557
1566
1560
1559
1551
1560
1580
1559
1005
1558
1541
1559
1561
1544
1548
1560
1560
1559
1555
1544
1561
1380
1555
1560
1563
1558
1563
1556
1550
1560
1558
1560
1563
953
1559
1562
1521
1561
1565
1545
1549
1560
1567
1558
1563
1553
1548
1556
1554
1558
1539
1569
1562
1569
1559
1559
1566
1561
1551
1560
1556
1537
1555
1564
1555
1558
1555
1558
1559
1558
1550
1218
1564
1556
1526
1558
1559
1559
1176
1557
1562
1539
1560
1566
1536
1563
1559
1562
1525
1557
1544
1559
1566
567
1563
1562
1545
1536
1557
1544
1532
578
1451
1559
1561
993
1563
1559
1569
1561
1564
1567
1316
1490
1556
1565
1558
1558
1544
1557
1556
1562
1564
1555
1557
1572
1554
1555
1562
1562
1562
1561
1559
1564
1566
1550
1560
1558
1560
1550
1561
1568
1557
1557
1559
1559
1567
1562
1526
1561
1556
1563
1521
939
1563
1560
1581
1565
1565
1554
1563
1568
1542
1559
1541
1547
1507
1561
1561
1560
692
1566
1530
1559
1563
1561
1562
1565
1537
1535
1561
1487
1555
1543
1559
1561
1571
1559
1554
1549
1578
1564
1564
1547
1561
1554
1565
1561
1561
1568
1566
1304
1559
1450
1561
1546
1550
1537
1547
653
1552
1561
1563
1559
1555
1560
1554
1564
1559
1553
1557
1558
1564
1562
1563
1560
1558
1499
1545
1556
1550
1545
1564
1568
1566
1534
1560
1556
1562
1563
1554
1560
1561
889
1563
1569
1566
1565
1561
1560
1559
1546
1552
1565
1553
1559
1554
1558
1568
1243
815
1558
1554
1556
1561
1560
1546
1552
1559
1555
698
1559
1562
1555
1556
1562
661
1559
1564
1562
1566
1557
1544
650
1560
1542
1059
1560
664
1550
1560
1552
1552
1572
1555
1543
1565
1561
1561
1565
1555
1564
1561
1558
1557
1521
1557
1559
1552
1563
1559
1561
1550
1560
1381
1566
1263
1566
1560
1565
689
1557
1561
1561
1562
1565
1560
1546
1534
1562
1560
1562
1544
1550
1571
1548
1569
1563
1561
1543
1549
1559
1548
1564
1546
1565
1562
1549
1562
1565
1554
1555
1561
1557
656
1570
1008
1551
1177
1561
1537
1558
1553
1570
1556
1563
1570
1562
1550
1563
1557
1552
1556
1560
1549
1540
1558
1560
1446
1566
1560
1558
1556
1557
1565
1561
1563
1558
1556
1553
1557
1538
1560
1562
1564
1558
1557
1509
1553
1562
1558
1556
1515
1555
865
1556
1563
1567
1559
1564
953
1552
1546
1560
1375
1554
1560
1561
1561
1545
1555
1559
1559
1561
1556
1569
1222
1555
1521
1560
1562
1562
1526
1551
1570
1554
1083
1561
1241
1555
1560
1561
1566
1553
1543
1558
1552
1568
1556
1553
1561
1562
1546
1565
1557
1550
1562
1562
1559
1567
1555
1555
1568
1561
1553
1546
1561
1566
1557
1549
1387
1555
1554
1555
1559
1146
1553
1560
1546
1562
1557
1559
1556
1569
1555
1287
1554
1559
1561
1562
1553
1563
1559
1555
1561
573
1553
1571
1562
1562
1556
1556
1452
1553
1562
1565
1563
1559
1560
1563
1566
1044
1525
1560
1563
1555
1565
1563
1558
1562
1570
1559
1565
1537
1563
1565
1473
1562
1559
1559
1546
1558
1560
1564
1561
1561
1556
1566
1561
1555
1553
1562
1540
1564
1551
1561
1558
1554
1560
1548
1544
1568
1150
1562
1355
941
1558
1572
1556
1566
1567
1545
1554
1553
1559
1559
1551
1546
1552
1564
1558
1565
1151
1560
1570
1568
1563
1560
1560
1567
1567
1563
1557
1563
1140
1540
1559
1559
1563
1544
1545
1566
1550
1560
1561
1553
1543
1553
1545
1565
1556
1545
1558
1082
1545
1554
1566
1566
1553
1554
1558
1553
1560
1552
1496
1567
1566
1565
1564
1558
1552
1558
1558
1560
1567
1562
1570
1558
1554
1551
1558
1558
1562
1469
1563
1370
1553
1488
1563
1561
1565
1535
1064
1563
1556
1563
1558
1559
1558
1570
1561
1570
1558
1553
1555
1562
1410
1559
1562
1563
1561
1558
1568
1565
1559
1558
1259
1566
1562
1560
1556
1557
817
1556
1563
1545
1557
1557
1571
1552
1545
1577
1555
1553
1565
1559
991
1161
1492
1562
1563
1119
983
1375
1561
1563
1565
1563
1541
1560
1568
1564
1561
1571
1571
1563
1555
1544
1562
1541
1563
1526
1545
1552
1557
1565
1553
1553
1562
1556
468
1555
1555
1560
1554
1141
1555
1562
1562
1566
1561
1567
1560
1277
1547
1562
1569
891
1552
1557
1559
1562
1400
1544
1561
1513
1560
1556
1550
1546
1538
1555
1574
1558
1558
1565
1559
1571
1561
1550
1561
1562
1556
1559
1566
1564
1567
1552
1560
1564
1551
1561
1545
1568
1550
1566
1150
1556
1556
1517
1557
1562
1561
1574
1554
1562
1548
1565
1561
1547
1558
1561
1562
1107
1542
1563
1560
1550
1548
1563
1563
1570
1537
1558
1557
1563
1564
1555
1561
1557
1428
858
1560
1559
1555
1557
1541
1561
1563
1570
1564
1016
1149
1560
1557
1561
1566
1549
1541
1563
1557
1568
1556
1562
1559
1560
1559
1563
1555
1559
1562
1557
1325
1562
1564
1561
1558
1553
1562
1555
1542
1546
1561
897
1560
1560
1570
1560
1550
1554
1563
1563
1562
1561
1571
1563
1565
1555
1558
1544
689
1049
1558
1563
1563
1521
1558
1181
1550
1558
1560
1563
1548
1539
1553
1563
1568
1559
1560
1545
1564
1558
1555
1547
1554
1419
1559
1566
1557
1562
1561
1562
1560
1310
1552
1559
1504
1563
1563
1564
1559
1543
1565
1561
1562
1558
1549
1540
1553
1566
1560
879
1559
1553
1558
1560
1563
1564
1569
1544
1541
1562
1566
1562
1564
1451
1557
1563
1563
1533
1546
1551
1565
1042
1561
1565
1558
1562
1563
1542
1550
1555
1557
1557
1517
1559
1561
1553
1504
1563
1553
1555
1565
1547
1558
1560
1557
1562
1561
1549
1555
1188
1555
1542
1568
1557
809
1557
1553
1553
1561
1562
1555
1555
1563
1562
1565
1562
1561
1552
1553
1556
1562
1551
1560
1572
1414
1563
1567
1561
1566
1557
1554
1553
1543
1553
1562
1564
1544
1561
1546
1538
1568
1560
1558
1565
1550
1542
1564
1559
1547
1558
1546
1547
1559
1556
1557
1557
1513
1557
1560
1557
1558
1553
1560
1562
1561
1557
1562
1561
1554
1561
1553
1555
1563
1564
1560
1555
1555
1568
1545
1563
1552
1563
1429
1554
1552
350
1549
1551
1565
1557
1570
1568
1564
1554
1557
1548
1574
1559
1551
1560
1556
924
1561
1558
1527
1544
1543
1552
1552
1260
1561
1566
1553
1559
1533
1548
1566
1556
1557
1565
1557
1540
1563
1561
1540
1558
1528
1555
1567
1564
1549
1558
1562
1560
993
1563
1558
1557
1557
1372
1555
1552
1554
1559
1560
1555
1558
1096
1564
1564
1560
1440
1563
1564
1558
1562
914
1561
1564
1567
1563
1541
1564
1540
1561
1541
1551
1567
1566
1560
1558
1556
1558
1567
1561
1527
1560
1558
605
1567
1566
1457
1447
1436
1565
1558
1543
1553
1567
1555
1339
1567
1556
1417
1462
1563
1549
1552
1563
1565
1549
1475
1554
1534
1557
1554
1562
1561
1556
1566
1556
1552
1560
1557
1557
1558
767
1570
1552
1556
1558
1545
1554
1555
1566
1559
1561
1553
1556
1560
1554
1565
1565
1575
1565
1555
1557
1530
1550
1555
1547
1548
1557
1545
1559
1540
1560
1559
1562
1545
1554
1566
979
1554
1559
1569
1566
1532
1567
1557
1559
1561
1563
1565
479
1210
1561
1548
1074
1543
1564
1559
1559
1563
1401
1557
863
1559
1562
1555
1561
1542
1564
1566
1559
1565
1565
1564
1558
1562
1552
1564
1545
1564
1551
1541
1561
1563
1554
1562
1571
1551
1555
1558
1477
1561
1552
1556
1558
1566
1557
1569
1561
1548
1558
1558
1548
1568
1558
1548
1563
1524
1558
1564
1557
1558
1553
1551
1560
1529
1557
1558
1562
576
1556
1557
1564
1559
1562
1561
1561
848
1559
1565
1577
1555
1551
1550
1555
1550
1558
1562
1559
1567
1558
1560
1562
1570
1549
1543
1544
1560
1567
1556
1568
1561
1559
1562
1092
1565
1173
1574
1557
1554
1559
868
1557
1525
1545
1553
1559
1555
1549
1554
1559
1547
1557
1559
1130
1564
1555
1560
1568
1556
866
1558
1565
1558
1564
1209
1564
1253
1570
1568
1386
1556
1558
1559
1556
1511
1554
1557
1555
1558
1171
1559
1557
1550
1566
1550
1568
1556
1566
1563
1551
1557
1560
1551
1569
1545
1550
1533
1556
1204
1559
1565
1561
1557
1569
1558
1551
1556
1557
1153
1563
1563
1540
1566
1564
1556
1560
1557
1557
1559
1561
1560
1568
1555
1544
1555
898
916
1558
1562
1558
1556
1560
1561
1534
1558
1547
348
1562
1547
1547
1555
1559
1555
1560
1565
1558
1555
1561
1569
1555
1535
1556
1562
1557
1553
1020
1551
1537
1551
1563
1088
1564
1553
1555
1561
1568
1567
1561
1559
1565
1532
1559
1564
1568
1553
1531
1542
1560
1551
1020
1558
1550
1558
1560
1085
1567
936
1560
1538
1543
1521
1553
1563
1451
1563
1565
1563
1559
1560
1549
1065
1553
1545
1504
1560
913
1560
1564
1568
1558
1551
1562
1540
1556
1548
1541
1561
1540
1560
1548
1557
1563
1558
1551
1558
1538
1567
1561
1558
1561
1555
1553
1356
1560
1556
1563
1020
1560
1573
1554
1555
1561
1556
1567
1564
1153
1556
1555
1427
1557
1559
1561
1563
1556
1558
1563
1556
991
1567
1565
1556
1549
1562
1563
1559
1561
1560
1550
1559
1566
1300
1504
1565
1552
1560
1558
1554
1534
1563
1558
1566
1181
1553
1551
1558
1561
1557
1546
1552
1561
1565
1561
1562
1545
1567
1561
1554
461
1561
1554
1558
1543
1554
937
1566
1564
1567
1551
1566
1556
1553
1565
1527
1559
1556
1396
1557
1561
1559
1563
1552
1560
1556
1550
1566
1573
1213
828
1556
1557
1560
1563
1561
1557
1561
1559
1561
1565
1559
1551
1560
1564
1532
1548
1547
1079
1490
1523
1558
1564
1560
1552
1563
1560
1385
863
1561
1444
1570
1541
1563
1566
1409
1561
1534
1563
1568
1566
1564
1555
1549
1564
1558
1569
1559
1562
1564
1247
1559
1558
1565
1537
1552
1569
1535
1555
1541
1565
823
1559
1561
1448
1561
1555
1563
1564
1554
1566
1568
1567
1497
1559
1556
1566
1566
1550
1555
1559
1570
1557
772
937
1566
1526
1562
1561
1556
1552
1559
1550
1437
1542
1523
1271
1563
1564
1567
1564
1562
1556
1545
1055
1546
1148
1555
1556
1567
1558
1540
1556
1528
1563
830
1561
1543
1545
1560
1554
1538
1556
1185
1561
1547
1560
1550
1559
1555
1560
1566
1371
1560
1551
1554
1557
1559
1553
1560
1561
1566
1557
1555
1560
1559
1541
1557
1562
1034
1560
1560
1550
1558
1546
1074
1556
1562
1565
1562
1559
1544
1556
1565
1544
1562
1561
1518
1545
1533
1561
1569
1558
1545
1563
1550
1477
1548
1557
1543
1558
1556
1566
1559
1567
1444
1566
1555
1563
1561
740
1565
1558
1557
1560
1548
1562
1557
1568
1561
1561
1559
1566
1557
778
1554
1547
1562
1560
1551
1200
1544
1570
1552
1560
1558
1554
1056
1557
1556
1569
1401
1545
1562
1567
443
1542
1565
1562
1562
1556
1561
1556
1554
1567
1554
1570
1559
1173
1566
1560
1557
1559
1173
1557
1561
1558
1342
1560
1562
1264
1555
1557
979
1549
1552
1522
1568
1546
1067
1560
1562
1559
1563
1564
1558
1564
1562
1565
1564
1552
1545
1567
1538
1565
1531
1570
1557
1563
1542
1550
1414
1562
1559
1558
1555
1555
1561
1503
1556
1544
1561
1533
1555
1568
1546
1567
1561
1565
1563
1570
1567
1557
1559
1563
1539
1564
1559
1567
1556
1566
1559
1562
1488
1560
1558
1564
605
1568
1562
1558
1502
1130
1551
1564
1542
1558
1549
1563
1492
1565
1552
1556
1256
1563
1558
1558
1565
1557
1568
1562
1573
1565
1556
1541
1299
1556
1550
1558
1554
1528
423
1554
1549
1560
1560
1558
1533
1561
1556
1548
1553
1557
1542
1568
1558
1560
1562
1561
1556
1549
1560
1562
1565
