3067
3001
3011
143
392
2964
3013
2943
3048
2990
3058
3000
3072
3030
2993
2837
3021
2981
2766
3060
1853
3037
3024
3055
3038
3036
886
2949
3038
2248
3011
3039
2998
3036
337
3036
3020
860
3010
2773
3049
1930
1940
3025
616
3122
3003
3058
2965
3043
3060
3010
3026
3035
3049
3047
3051
3031
2994
3055
905
3036
3045
3031
3036
3053
3005
3064
3026
3023
3040
3001
3007
3053
3020
3013
3022
852
3000
3000
3032
3040
3020
3037
3020
3008
3034
3026
3038
3022
3029
2957
3017
3004
2083
2986
2954
3024
3036
3006
3054
3056
3044
2269
2553
3024
3035
3089
3015
3042
3034
3004
3019
3046
3062
3061
3017
3050
683
3038
3038
3048
1312
2987
3041
3058
3011
2605
778
2984
3022
2885
3029
3036
3013
2176
2961
3037
3024
3026
2996
3034
3046
3046
3013
3046
3000
3095
3030
3118
3058
3054
3000
1306
3015
3011
2975
3023
3059
3036
1374
3028
3014
2990
3044
3010
3054
3042
3030
3018
2997
2703
3051
3035
453
3053
3011
3026
1486
3034
3044
2555
2969
2995
3044
2982
3044
2994
2793
3063
2992
3049
2810
3043
3050
3044
2561
2861
3006
3019
3018
3038
3044
3026
3028
3008
3074
2971
311
1128
3049
2996
2872
3022
3014
2988
3052
3023
1992
3075
3048
3035
3042
3010
3063
965
3012
3015
2982
2974
3040
3053
3053
3033
3016
3057
3084
2996
3044
3008
2015
3031
3029
3002
3054
640
3031
3031
3042
152
2998
3007
3005
3016
3041
3034
3053
3058
3061
3075
3031
3019
2232
3010
3022
3035
3017
2961
3041
3033
3020
3000
3020
3047
3039
3073
122
2981
3019
3014
2978
3041
2983
3064
3022
3057
3089
3069
3015
2989
3018
3026
3000
3006
3025
3020
2932
2989
3038
3056
3019
3015
2997
3027
3018
3031
3019
1178
3031
175
2992
3056
634
3039
3033
3047
3030
306
3043
3001
3064
3033
3054
3042
2987
3028
3039
3044
2986
3003
2155
3014
3010
3002
1090
3024
3037
781
3004
2999
2851
3058
3022
2335
3011
3047
3024
3025
3045
3076
3019
2769
3009
3044
2928
3017
3043
3063
231
3056
3018
3022
3033
3064
3041
189
2940
3052
3039
2130
3003
3068
729
3044
2996
3032
2997
3010
3052
3039
3053
3013
3042
3016
3001
3005
3046
3035
3004
2662
2999
2999
1758
3029
3026
3022
3045
3050
3019
3057
2982
3018
3000
3018
3006
3011
3031
3038
2948
3062
3039
2992
3000
3019
3045
3053
3019
3019
3057
3048
2056
2850
3010
3012
3020
787
3048
3035
1020
3042
3013
3026
3037
2979
3033
3030
3046
2533
3004
2947
3011
2993
3035
3122
3094
3030
549
2939
3027
535
3046
523
3019
3033
2990
3023
3037
344
3052
3006
1124
2982
3056
2999
2964
3028
844
3068
3025
3016
3047
2712
3027
2982
2448
3035
3013
3038
3009
3047
2669
2625
2999
3033
2903
3089
3040
3046
2982
3022
3023
975
3030
3060
3036
3036
2990
2629
1439
3037
2654
3042
3020
3033
3024
3035
2978
3015
3041
3009
3027
3030
3073
3016
2977
3010
3021
2991
2977
3025
3046
3038
3050
3046
3035
3001
3040
3046
2180
3011
2986
3015
3052
2992
3062
135
2964
3002
1287
3021
3034
1353
3016
3039
3046
3013
3003
3057
3110
443
3041
2966
3004
1377
3008
3059
3026
2987
3010
209
3073
2977
114
3045
2223
3012
3067
3041
3000
2993
3025
3047
3030
3053
2992
2217
3022
3034
340
3048
2901
2999
3052
3026
2995
309
1006
3003
2994
3019
1309
3031
3009
3051
3047
2993
3015
1755
3005
3017
3019
2978
3000
3046
3037
3044
3048
3032
3038
3009
3029
2449
3053
3029
726
933
3019
3022
3045
3072
107
2520
3036
3038
3043
2958
3056
3066
3043
3031
2981
2949
3024
3047
3023
3013
2878
1713
793
2856
2968
3019
3010
3010
2998
3002
3017
3034
3047
3037
3021
3056
3019
749
777
3099
2660
3030
3024
3025
3043
3011
3031
2649
3017
3030
2995
3021
3029
1970
3039
2984
3038
3021
3008
2986
3012
3108
3028
3043
3047
3017
3044
3000
3033
3041
3015
3032
3016
2321
3015
3052
3049
3039
2984
3019
3051
3024
3023
3052
3023
3019
3020
3013
2932
3031
3005
3021
3002
3042
3035
3023
3028
3012
2093
3011
3053
3030
3006
3045
3033
2239
3003
3068
2988
3013
3044
2988
3018
3071
1633
3077
3049
2922
3059
3008
2974
3033
3022
3024
3021
3034
3018
3012
3037
2681
3048
3012
3032
922
3006
3001
3027
2984
2552
3023
3048
3025
3043
2982
3030
3026
3032
3061
2999
3028
2824
2578
3007
170
3063
119
3042
3044
3007
3015
3037
2990
3013
3031
3016
536
3026
3026
3001
3057
3036
3019
3001
2519
3061
3053
3014
3064
3068
3062
1920
3010
3012
3041
3018
2997
3004
3080
282
3036
2188
2317
2997
3020
3016
3063
3031
153
3038
3038
3041
3008
3043
1756
3023
3013
3038
3107
3027
3056
2497
3060
3052
3103
3044
3042
3065
3000
3011
3039
3030
1144
3024
2926
3020
3029
3031
3023
3052
3001
3021
811
3048
3038
3034
2367
762
3063
1518
3048
2933
999
3025
3042
3020
3045
2960
3058
3036
2031
3026
3013
3020
3017
3021
3034
3063
3050
2996
2086
3059
2955
3056
3011
3036
3032
2974
3031
2987
3020
3024
3100
3027
3034
474
3033
2982
3068
3065
3017
3048
3042
3030
3094
3005
3047
3024
3032
3002
3026
3050
2837
2988
3031
3054
2990
3042
3024
3000
1424
2377
3037
3053
3059
2711
3053
3022
3032
3037
3036
2981
517
3011
3029
3049
3050
3024
3044
1239
3012
3053
3029
3014
3010
3059
630
3012
3027
2992
3058
2823
3027
3037
2661
3063
3039
2973
2976
3041
3021
3020
3040
548
2991
3033
3113
1711
1241
3030
3021
3012
3052
3016
3030
3043
1818
3004
2926
3054
334
2989
2878
1745
3059
3025
3040
3035
3067
3035
3048
3008
3052
3058
3041
3027
3027
3042
3013
3052
3025
2978
3039
3030
3051
2762
3010
953
3032
2826
3066
3032
3031
2955
3087
3015
3019
1959
2842
3044
3047
359
3059
3015
3079
3044
3008
2953
2869
3070
3034
3029
3009
3044
3031
3021
3049
3003
3047
3056
2943
2638
3042
3027
2896
215
3051
2956
3016
3025
3039
3001
3042
3011
3041
3034
3048
3028
3036
3043
3006
3051
3011
3034
2997
3032
3031
2995
3045
3037
2998
3015
3023
3049
3008
2996
3032
3074
435
3028
3015
3048
3050
3025
3022
3063
3034
2917
3028
3063
3010
3033
3274
3014
2992
3027
3017
1843
3009
3048
3024
3029
3017
3011
3004
3062
2323
364
3059
3027
3013
3007
3043
3028
3067
3025
2635
3024
3035
3036
3059
3071
3041
3014
3031
3042
3065
3041
398
3048
3000
2979
3062
3037
3016
3011
3033
3034
3056
3078
3007
2987
3014
2974
3043
3013
3026
3037
2993
3028
2999
3035
3001
3021
384
2980
2981
2998
3029
3012
3042
3008
3002
3035
123
2809
3041
3039
3026
3010
3009
282
3050
3060
3070
3012
2284
3018
3010
3011
3031
3058
3074
3056
2861
3037
3042
3011
2133
3046
3037
3012
3034
3098
3011
2459
2996
2378
1878
2992
2996
1446
3026
3032
2990
3028
3044
3022
3021
3064
2646
3024
3007
3018
3044
169
2998
3024
3035
3052
3018
3037
3017
2993
201
2802
3052
3036
3072
3051
3015
3051
2991
271
3050
3003
3006
3009
3045
2891
3053
3032
3031
3021
3041
3040
3035
3008
3049
3015
3023
3034
3014
3009
3003
3039
2989
3019
1250
2724
3026
3040
1937
3062
2998
3031
3056
3035
3028
3017
3023
2995
3024
3050
893
3004
2987
3020
2994
2949
3043
3035
3021
3052
3012
3041
3005
2471
3007
3061
3010
3035
3004
3022
3028
3035
3032
3011
3027
3000
3020
3022
3000
3018
3080
2993
3005
2979
3024
3018
3008
3064
3026
3050
2936
3035
3015
3019
3033
2993
1442
3088
3034
3002
1080
3024
3131
3065
3035
3041
3013
3027
3003
3061
3008
2634
3015
3078
3040
3057
2998
3033
3033
3034
3042
3010
3032
2992
3004
3053
3024
3032
3011
3051
3045
3027
3050
3038
3017
3039
2970
3016
2998
3033
3024
3049
2647
3005
3030
3019
1296
3010
3006
3111
2997
3053
2826
3014
3046
3055
3015
3032
3035
3025
3016
3026
3049
3041
3015
3016
3035
633
3020
3023
3058
3027
1107
3054
3035
3023
3014
3035
3033
3034
3017
2994
2986
3048
3016
3059
3037
3042
3042
3005
3058
3014
2992
3043
3065
2985
3054
3035
1475
3033
2970
1532
3010
2979
2995
2994
3023
3042
3016
3066
2925
208
3008
3035
1298
2992
3037
3015
3029
2994
3013
3043
3009
3059
3039
3055
3031
3014
3041
3121
3063
3019
3029
3059
3038
3031
3011
3075
3099
2632
3002
3039
2947
3005
2892
2097
3042
3013
2992
3043
3052
3041
3094
1992
3069
3025
3011
3049
3034
3035
2995
3065
3042
3027
3019
3066
3048
124
3042
3006
3044
3071
3008
3048
3036
3029
3063
3052
2523
3047
3046
3049
3032
2995
3026
3000
3040
1918
655
144
2958
3024
3031
3017
3035
3057
3057
3023
3039
3026
3022
3251
407
3044
3013
3051
3043
3015
3101
3019
3030
3022
3003
3030
3020
3044
3035
3040
2747
3044
3089
3003
3022
3040
3027
3023
3037
3006
3008
199
3066
3048
3018
2931
3011
3043
3100
3025
3052
2986
2997
3041
3025
3028
3057
3049
3017
2942
2985
3053
3037
3068
3048
3038
3047
3005
3042
3006
3068
145
3063
3045
3047
3037
307
2019
3021
2818
532
605
3028
3007
2996
3041
3022
3003
3014
3043
3019
3044
3023
2986
3073
3009
3015
3046
2998
3023
3043
3017
3040
2996
2961
3030
3029
3041
3045
1187
3029
3036
3055
3107
3044
3012
3026
2961
1063
875
3019
3004
220
3037
3062
3045
943
2954
3052
3041
3027
3053
3051
3003
3058
3068
3035
3026
477
3030
3051
2850
3023
3010
3054
2991
982
3069
3046
2950
3035
3014
467
3040
181
3041
3032
3047
3028
3023
3029
2928
3037
3064
3007
3070
161
2192
3005
1787
3061
3049
3068
3032
3052
3049
3018
3025
3020
3020
3019
2968
678
3026
115
2363
3025
3020
3008
2967
402
3061
581
3051
3030
2978
1948
3019
3049
3034
3044
3025
3047
3025
3050
3008
3039
3042
3024
3059
3004
3009
1954
2956
3054
3017
3029
2626
3015
2071
2987
3039
1938
3049
3027
3015
2128
3045
388
3055
209
3024
3037
185
3030
3045
3032
3031
3001
3046
961
3002
3024
3019
3055
3025
3022
3035
203
3074
2939
3020
3045
2907
2995
3022
2232
3010
3006
3032
3038
3000
3026
3056
3038
3046
3036
2757
3041
2992
3043
3023
3046
3031
3024
3023
3015
448
457
3010
2752
2765
3036
3014
2984
3059
3048
3053
3020
3046
3023
3004
3030
2978
3029
2993
3034
3043
3048
3051
223
3051
3031
3035
3043
2854
3047
3033
3039
2538
2997
1335
3045
3032
1584
3060
853
3023
950
3043
3035
3059
3040
151
3023
3031
3028
361
3061
3054
3050
3057
3008
3004
3068
3049
2565
3029
3039
3040
3030
3036
3006
3023
2977
3033
3075
3058
742
3015
3040
2980
2521
441
3020
2944
3018
3028
3020
3025
3031
3046
3092
2994
3033
3007
1400
3038
3014
3037
3043
2987
2999
3037
3098
3036
3074
3022
1842
3068
2991
3045
3000
760
3027
3028
3115
3041
3047
3024
2963
3046
3053
3024
3026
3001
3088
3003
244
1383
3057
2321
109
3041
3035
3048
3037
3007
3032
3024
3073
2996
3082
2965
2770
2041
3037
601
3012
3012
3032
3055
158
3041
1221
1037
3015
3021
3057
2934
3012
3023
3052
2428
3040
3056
2743
3020
3008
2350
161
3027
3022
1167
2560
3036
3027
3017
3036
2942
2957
3045
3056
3005
2925
3024
3037
3029
3033
3052
2994
3058
3019
3036
3008
3011
3004
922
784
3048
3042
2180
3035
1190
3030
3043
3049
3037
3019
3036
3053
3009
3016
3050
3012
3046
3041
142
3044
3017
3053
3042
3004
3017
3041
3013
3022
3038
562
1874
2999
3023
2597
3012
3027
2889
1437
3029
2976
3044
2983
3018
291
3057
3045
3011
3064
3043
3049
3009
3010
2989
3059
2964
3024
3029
3050
3029
3047
3003
3026
3015
171
3068
3038
3016
3043
3010
3037
3030
3051
3003
3016
3045
3016
2378
2987
3026
1542
3027
2994
3052
3011
2948
2991
3025
3080
1044
1662
3058
219
3007
3060
2516
3015
3034
2978
3021
3046
3032
3050
239
3009
3039
3034
150
1283
2498
2963
3010
3010
3034
3038
3060
3028
3040
1182
2962
3015
3064
3020
3053
3022
3030
2602
3049
3019
170
3025
3052
2897
672
3025
3016
3000
3098
3037
232
3041
3029
3057
3031
3040
1555
3022
3038
3051
3035
3048
3000
3017
3058
3053
3053
275
481
3068
2970
3069
532
3029
2982
3030
3037
2716
3042
3004
3020
3022
3056
3051
3010
2425
1982
2807
3004
3038
3014
3044
3053
2550
3050
3037
3065
3080
3054
3004
3054
215
2963
3038
3033
3027
2990
3027
2797
3046
3003
3001
3046
3019
3018
2992
3037
3027
3046
2983
2539
3027
3006
3016
3017
2280
3019
1562
3038
1147
3016
3011
3057
3047
3052
2991
3041
3024
3055
3049
3049
3050
3046
3065
2299
2986
3012
3038
3040
3043
3051
2813
2954
3024
2868
3037
3005
3011
3046
3042
3018
3053
3043
3019
2922
3018
3052
3028
3011
1757
3023
2959
2970
3066
1086
3027
3035
3087
3052
2993
3002
3026
3050
3002
3012
3052
3005
3019
3005
3001
3046
3031
3013
3036
3000
3031
3008
3022
3051
3013
2924
1941
3034
3028
2971
3026
3012
3029
3066
3006
3005
3000
3019
3064
3039
3049
3041
3052
3015
3010
2923
3034
3044
2951
3032
3058
3000
3016
2986
2328
3000
3051
3025
3055
3009
3014
3030
3024
1991
3070
770
3018
2724
3038
3023
717
3028
2507
3052
3021
2995
2967
3015
3067
319
2999
3023
2991
3029
3003
3005
3049
2985
1390
3014
3058
3020
215
2981
3014
2952
3031
2600
830
3063
2998
3018
861
3048
3034
3056
3016
3025
3040
3045
3014
3036
980
3042
1443
3028
3044
3041
3025
3094
3008
2582
2871
3009
3014
3005
3011
3035
3070
3007
3031
3058
3030
3006
476
3002
3039
3014
2664
3004
2995
2999
3038
3002
3019
3026
3063
3013
3041
3067
2890
3039
766
3032
3009
3001
2995
2894
3036
2770
3031
3004
3052
3058
3064
3052
2974
3069
3010
2993
2738
3055
3025
3058
3020
3003
3024
3091
3039
3026
427
3041
528
3048
3026
3012
3030
3045
2995
242
3020
3002
3046
3036
2569
3046
3059
1860
3028
2984
3027
2266
3059
3034
3007
3071
2970
3033
1751
3033
3026
2864
3026
3065
3013
3049
3014
3050
3020
3006
2700
3034
3056
561
3068
2283
3026
3006
3049
3026
2882
3036
3010
3023
2645
3051
3014
3043
3057
3011
2860
3006
3025
2313
3034
3026
3012
3012
2997
3059
3039
2994
3016
135
3015
3025
359
2797
3039
2362
2982
3055
3014
3051
3039
3032
3025
2992
3031
3038
3054
2951
3031
3021
3022
2985
1415
2218
3051
3010
3053
3027
2998
1143
3030
2980
2987
3021
2991
3026
3032
388
3000
3045
3028
2995
3052
3069
3027
3023
3036
2994
2301
516
2999
3008
3035
3009
3023
3036
3006
3010
3014
3053
3031
3025
821
3000
3019
3036
3009
625
3033
3062
3016
3028
3023
3102
3064
3031
2763
3005
1827
457
3048
2590
3008
3032
3000
3003
2980
3046
2990
2983
3057
2903
2848
3013
3025
2772
3018
3028
502
3028
190
722
3043
3023
2988
1431
3017
3039
3016
3000
3045
3080
3007
3028
3054
3067
3065
3033
3065
2811
3033
3029
438
3046
3017
2526
3032
2858
3015
3011
1359
3093
3070
3014
956
3054
3042
3027
3023
2916
3027
2984
3021
3031
292
1399
3032
3032
3037
3011
2985
2936
1012
3013
3004
2831
3043
3043
3047
1520
2990
3031
3058
2990
3031
3001
2982
3028
2115
3054
3038
3029
3041
2965
3021
3008
3022
3058
223
2000
3013
3052
3028
3002
386
3044
2143
2961
3050
3006
3073
3062
2999
3021
2994
3007
2992
3019
3013
3048
3024
2985
3023
3027
3017
3022
608
3030
3055
3069
2988
2990
3038
3015
3041
3055
3055
3051
2258
3022
3050
2990
3058
2981
3005
3012
3030
3033
2537
3025
1506
3019
3021
3005
3032
3053
3025
3054
2999
2987
897
3036
174
3041
3031
3042
3027
3009
3017
1418
2979
3095
3018
820
3027
3042
3027
3041
3026
3033
3042
3046
2991
159
2846
3024
2960
3044
3042
3035
3042
1803
3024
3110
3045
3038
3028
3031
3023
3018
3003
3050
3017
3018
3016
2997
3043
3055
3007
3012
3053
3048
3033
3031
3055
3027
3001
3016
3037
3033
1582
3054
3027
3021
3045
3013
3002
3018
3040
538
3100
1689
3077
3034
3008
2612
3036
3049
3056
3044
2363
3020
2991
3043
3056
1194
3031
3000
2972
3029
2992
3049
3041
2983
3036
2999
3043
3031
3032
3040
2964
3049
243
1919
3055
3036
3069
3049
3011
3055
2905
3056
3021
3074
2591
3002
3038
886
3035
3066
1301
3066
3056
3024
1784
2965
3032
3010
3059
1836
428
820
3021
3026
3037
3023
3019
2949
3027
2354
3001
3035
3028
3022
3058
3024
3023
3040
3054
3044
3034
3035
3000
598
3062
3031
2858
3041
3123
2984
1070
3025
3039
3030
3031
3001
3022
2983
2989
612
3032
3012
3023
3025
1982
3032
3067
3049
3024
3061
3039
3059
3051
3053
3019
3043
2281
3031
3024
3046
2990
3016
608
3000
3011
3029
3070
2385
2991
3028
3032
2996
593
3028
2999
2999
3000
3051
3055
3042
3016
3012
3030
3021
3019
2610
2821
2627
2766
3066
2987
3016
2979
3024
3054
3032
3037
2989
3054
3021
3039
3038
2997
3030
3045
3060
3050
3029
3013
3022
3033
3039
3008
3041
3026
3027
3012
131
3037
691
3034
3023
3015
3033
2997
2860
3045
3043
3038
3027
3037
2963
948
3000
3077
3020
3006
2982
3009
1974
2995
3015
2987
2911
3030
3055
2993
3014
1428
3024
3056
3028
214
3078
3037
3027
3044
3007
3055
2087
992
3023
3026
3034
3044
3023
3056
3034
3106
3012
3026
3021
3037
3003
2978
3019
3015
3032
3029
3067
3050
908
3022
3033
3003
2996
3055
3029
3053
293
3005
3039
3043
3050
2802
3031
2647
3039
2492
3036
427
3050
3001
2993
3041
3007
3057
3004
3032
3025
3002
3098
3010
3035
3091
3012
3062
2998
3057
2977
3024
2970
3021
3012
3030
3000
3009
3033
2988
3026
2425
3051
3033
3030
3056
3052
3009
3015
2382
1051
3029
3017
3041
500
3027
1223
352
3076
1601
3019
3019
3024
3048
2893
3036
3019
3039
3058
3016
3036
1053
3034
3050
2985
3025
3042
3017
3022
3027
3010
3043
3036
3036
3028
3040
296
3021
2986
3010
3024
3032
3036
3003
2893
2989
2992
440
3052
2994
1609
3023
3038
3016
3035
280
3027
3060
2989
3038
3010
3016
2943
3002
3043
3010
2991
3022
2988
3011
3062
2101
3024
3046
3032
850
2993
3026
3046
2990
2990
1960
3050
3055
2989
213
3041
3036
933
3044
3014
3027
2941
239
3051
2987
3025
3017
2987
182
3040
1828
2990
3031
3009
3020
3038
3027
2996
3015
3033
3015
2575
3019
3045
3045
881
3058
1891
3033
2959
2957
3049
2938
560
3043
3047
3027
3062
3037
391
2286
3052
3005
3061
3030
3037
3030
3044
3040
3003
228
2991
2983
3082
3041
3044
2967
3009
3048
3026
3013
3028
3049
3052
503
3037
2736
3048
3035
194
2971
3029
3059
3056
2986
3105
3028
3026
2993
2680
2993
3032
3079
2501
3066
3044
3016
2091
2957
3027
3009
3038
3030
3033
3061
3010
3011
3044
3054
3019
2960
3048
3029
3033
3030
3056
2958
2969
3028
3038
3013
3040
3064
1268
2987
3027
3034
3017
3002
3001
3009
3039
3025
2780
3014
3085
3046
3064
3029
2985
3044
1350
3042
2741
3064
3076
3017
3043
3014
500
3042
3023
3027
3042
2833
3018
3017
2978
3000
3017
2974
3112
2983
3041
3053
3025
2990
3012
3032
3021
3037
3029
3043
3033
3021
3048
3048
3060
2999
2990
3042
3034
2856
3023
2980
3053
3014
3029
3025
3012
3045
3043
2765
3025
2991
3017
3037
3022
2346
3023
3042
3027
2144
2844
2337
3022
3060
3047
3031
2979
2996
2983
3060
205
3064
3062
3025
3011
3052
1134
3009
3061
3047
3042
3036
3018
3026
239
3026
2970
3016
2498
3052
3035
3033
3048
3031
2337
3003
1370
3007
3059
3056
3006
3023
3062
2248
3019
3049
3013
3066
2838
3052
170
3056
3062
3089
2951
3032
3008
138
3050
779
3038
3012
311
2365
3029
3006
3022
3019
3023
3060
3053
2895
3036
3019
3048
3024
3047
3019
143
3006
2997
1152
3014
2994
1949
3041
3052
3046
3024
3025
3016
3038
3040
2937
3062
3025
3015
3025
2983
2906
3046
3004
2986
3020
3050
3017
2980
3030
1352
720
3023
3019
3040
2991
3027
2269
3034
1884
3055
3050
3031
3007
3034
2772
3037
2879
2029
2959
3045
3048
3013
289
3038
3041
3032
1390
2872
3045
3060
3010
2952
3019
2975
3025
3026
3020
3038
3070
1903
3037
3003
3004
2450
2997
3078
3038
3023
3021
3037
3007
2628
2991
3043
755
3042
2969
3028
3025
244
2998
3029
3027
2699
2978
150
3032
2322
3030
3058
3011
3017
3064
3052
3023
2971
3003
2554
3030
3033
3029
3005
2993
3023
3031
3019
3034
3059
3012
3043
3045
1081
1184
3048
3011
3037
2342
2692
645
3051
3058
3005
3039
2978
2891
3060
3021
3005
3044
3016
3015
3061
3014
3015
3019
3015
3134
1601
3035
963
3056
2999
3038
3054
3017
3035
2873
3007
2126
3053
3052
2847
2900
1773
3045
3023
3045
2213
3045
3043
3019
3054
3028
3004
3017
3014
2984
2887
3003
3051
3005
2998
2141
1226
3045
3057
2992
3021
3046
878
3070
2697
3018
3031
3004
3038
2997
3015
3009
3049
2994
3002
3009
3032
3016
3024
2993
3024
3039
3012
3041
942
3003
3006
3007
1476
2861
2127
3026
3048
3005
3028
3048
3017
3048
3014
2970
3039
3027
3043
3063
2988
3023
3058
3027
3035
3038
3040
2865
3010
3032
2920
3023
3000
3028
1163
3047
2986
3006
3038
3036
3043
3004
3032
3070
3040
1791
3108
3033
2776
3054
3033
2959
3046
3003
3017
3044
3035
3055
2839
3044
3027
3025
3048
3048
3032
2554
2980
3025
2908
2948
3018
3045
3056
3043
3021
3106
2979
3046
3051
3043
3049
3069
3011
2999
3029
3031
3003
3021
3033
3021
3037
2987
3037
3047
3017
3022
3020
3056
3063
2984
3012
3015
3023
3042
3009
3053
3027
2791
2993
3024
3055
3000
2972
1821
3022
2992
2986
3039
2971
2995
3035
2267
3022
2999
1580
3064
2983
3017
3008
3036
1722
2994
3008
2990
169
3064
3017
3011
3035
3005
1411
3015
3044
3058
3004
3028
3032
2994
3039
1643
3102
3025
3015
3033
3043
2996
3037
3030
3050
541
3037
3026
3054
109
3051
3017
3054
1277
3020
3018
3021
3040
3011
3107
3021
1366
3038
3042
3047
3077
3007
3005
3038
2831
3030
2985
143
796
3024
3033
3037
3045
127
3018
3028
3047
2477
3033
3054
3002
2614
3033
3047
3018
3045
3038
3038
3028
3049
3021
3025
2984
1448
3031
2981
3039
3027
3007
3045
3015
3029
3003
3034
2848
3009
128
2455
3001
3025
3048
2946
3011
3006
3047
3040
3067
3020
3066
2953
3050
3008
3057
3043
774
3019
3121
3042
3112
2997
2797
2999
3021
3011
3024
3027
3034
3041
3047
2922
2953
3013
3029
3073
3033
2972
3043
2954
3022
3064
3061
3037
1038
284
3094
2319
3043
1467
3041
2995
3047
3044
2609
1532
3025
3012
3047
560
3016
3069
3006
3038
3049
3023
2988
2909
3032
3046
2998
3043
3048
2999
3056
2742
1269
3018
299
3013
3009
3026
3031
3017
3085
183
3023
3134
3052
3020
3058
3027
3030
3045
2947
3069
1146
3050
3051
2550
3025
3053
678
3050
3021
3072
2288
2098
3005
3010
3111
2305
3063
3023
361
2980
3002
3033
3047
3052
2981
3034
3062
3033
3031
3040
2914
3001
3055
3044
3025
3003
3019
1061
3046
3042
3050
3038
2970
3009
3027
3014
2998
3051
3055
3045
318
3035
3037
3002
3055
3043
3027
3039
3016
3006
2997
3037
3053
3027
3040
3047
3018
1165
3013
2902
3038
3035
2999
3039
3028
3039
3032
3035
2710
3011
2937
3024
3049
3015
3010
3049
3028
2875
3025
529
3038
3005
3051
3006
3005
2968
3053
2995
3048
3052
3048
320
3035
3058
3049
3036
3026
3017
3023
2948
3028
2580
3018
3017
3026
3021
2988
1110
3038
2098
3029
3002
2996
3045
3012
3031
3043
3037
3016
3071
3053
3045
727
3049
3030
3028
3013
3052
3036
3004
3045
3065
3017
3032
3034
3022
3039
2132
171
3015
3053
3058
3020
3018
3027
3029
3021
3038
3029
2967
2511
3050
3027
3031
3016
3050
2997
2500
2992
2672
2345
3041
3024
3028
3036
3012
3036
678
3070
3049
2984
222
2996
3044
3016
3058
3031
3063
144
3022
3003
3039
3043
3041
3045
1987
3014
3042
3017
3016
2993
3047
3057
3044
2954
3006
3057
3004
3011
3061
3019
3038
3022
3019
2976
1509
3034
3031
1975
3020
2975
3039
3024
3016
1893
3011
3033
3016
3025
3012
3016
2985
3036
174
3005
570
976
3013
2996
3059
2969
3010
754
3041
2991
3048
3049
3073
3024
3042
3110
3025
3024
3036
3084
3054
3014
3025
3001
3003
3023
3039
3062
3069
2947
3005
2644
3047
3006
3053
3036
2628
3027
3015
3052
3040
1452
3048
3038
3006
3044
2965
3044
3078
3012
3002
172
3049
3032
3048
3018
3049
2936
537
3020
1132
3012
3034
3002
3051
3031
3041
3007
1579
3022
3013
3102
2163
2998
3026
3034
3034
3009
3087
3002
3053
3016
3058
2994
2492
3024
3022
3011
1175
3056
3040
2992
3024
3028
3018
3019
3089
3035
3013
3025
3067
3039
3110
3011
3031
3033
3035
3006
549
3065
3021
3040
3021
3022
2959
3021
3046
3022
1606
3022
2539
2981
3095
3013
3053
3029
3043
3034
2985
2973
3083
3025
3034
2533
216
3032
3036
3014
3044
3027
3025
3054
3058
3019
3049
3017
3015
3030
3029
3047
2979
3046
3043
3022
2552
3017
3010
2821
3041
3084
3013
3042
3041
3013
3068
3043
3017
3012
2958
3080
683
2069
3039
162
3057
3020
2961
3065
2124
3006
1057
106
3053
3031
3046
3056
3027
3047
3045
2237
2980
2820
3098
140
3003
2761
2997
3006
3016
2969
3048
3032
3021
2994
3037
2991
3033
2757
3004
3006
3044
2999
3030
3023
2991
226
3057
3047
3018
3032
3000
3020
3005
3013
801
3054
3043
3016
2485
3043
3076
790
2980
2982
1455
3013
3086
3048
3070
3036
2953
3016
3037
2994
3020
978
3028
3015
3038
3053
3029
2833
3014
3039
3044
2975
3029
3005
2927
3027
3039
3026
3012
3005
3037
3034
3037
3040
3060
1990
3010
3000
3005
194
3057
3050
3015
3050
1954
3059
3028
3037
3058
332
3027
3014
2994
3022
3004
3010
3049
3066
3052
2809
1397
3018
2214
3020
3036
526
2998
2990
3021
3012
3007
3026
598
3039
3052
2988
155
3030
3020
3055
2987
3004
3014
2988
2999
3027
3059
3047
3017
3019
3012
3052
3001
3050
3033
3031
3002
3051
3011
3012
3059
3033
3017
3041
3030
3039
3006
3013
2991
2997
1985
3010
3008
3024
277
3030
3031
3057
3032
3124
3047
3030
3010
3126
3042
3044
2995
3014
3044
3029
3002
2987
316
3015
3006
3009
3022
3051
3054
3013
3030
3035
3018
2417
3006
740
3049
3004
3061
3045
3044
3043
3051
3011
3035
3058
3038
3058
3064
3035
3057
3033
3013
2842
3059
3055
3006
3042
3038
3018
3057
3036
3043
3037
1753
3035
3035
2990
2683
3025
3011
3024
3025
3005
3022
3030
1093
3030
3025
3044
3020
3018
2444
3036
2989
3064
3043
3059
3022
3016
2046
2989
559
3051
3032
3027
239
2882
3036
3042
3050
3010
3020
3015
3043
3019
3001
3010
3040
2976
3037
2975
3037
3023
321
3033
3121
3024
3248
3011
3034
3031
3007
3017
3041
3020
3035
3038
2953
3051
3013
3008
3019
3053
2979
3038
1420
3037
3017
3045
3030
2677
3023
3015
3014
3020
3016
3041
3047
3009
3010
3022
3018
3041
3020
3032
3012
3049
3057
3026
3033
1206
3031
2941
3020
2443
3020
1051
3017
3015
3045
3027
3027
3055
3003
131
3046
3053
3029
179
3073
3056
3059
3063
3020
3051
3008
3058
3005
3034
3027
3008
507
3050
3024
3027
3024
3042
3048
1903
2985
3045
959
3036
3012
2982
2982
3064
635
3025
3022
3045
3031
3035
3056
1998
3066
2976
3025
3057
3063
2983
3014
1907
3025
3056
3040
3032
594
3029
3047
3044
3050
2980
3027
3002
3035
2996
3027
1596
3015
3028
3109
3021
3032
3037
3039
3076
2998
3063
2986
3031
3052
3049
1172
3027
2982
3041
3018
3044
3040
3040
3049
2983
3042
2981
3043
3057
3019
3056
3072
3015
3056
3042
3018
3036
3017
3039
3035
3039
3020
3021
3050
3007
3038
3048
3031
2471
3075
3023
2850
3007
2957
3037
3065
3017
3037
3094
2990
3056
3021
3045
3046
306
2993
1309
3033
387
3005
3019
3015
3054
3013
2372
3000
3049
824
3057
2997
3028
3053
2981
2972
3040
3013
3063
3044
3010
1670
3060
2979
2245
3036
2971
2998
3031
3026
3032
3030
3031
3041
2986
3063
3030
3027
3041
3022
3023
3004
3049
3038
3007
3023
3063
3075
3037
534
3035
3041
2958
2980
3028
3031
2988
3022
3002
3043
3000
3001
2983
3036
3046
3031
3049
3028
2908
3041
3037
3032
3018
3036
2855
2971
2997
3044
3029
3041
3035
3014
3041
2953
3029
2998
2989
100
3019
867
3010
3012
2908
3028
3032
3054
3031
3032
3006
3053
3001
2824
613
3048
1544
2997
2989
2979
3003
178
2961
3042
3008
3034
3030
3017
2717
3045
3019
3017
3252
3003
3051
3016
3004
3073
3019
3045
3053
3042
2500
3057
3048
3053
2980
2987
2971
2994
3048
3052
3050
3011
2950
3066
2989
3007
179
3025
3050
439
3023
3035
3020
3031
3034
3017
2972
3013
2975
3041
3039
2038
3025
3034
3029
3007
2985
3067
3001
3031
3089
3043
3033
3036
3012
3053
3024
465
3118
2739
3032
3001
3047
2992
3002
3017
144
3049
3012
3056
3047
3006
3013
3030
3051
3021
3010
3112
3020
3016
3024
2523
3035
2997
3024
3041
3050
138
3040
3009
3042
3019
3046
2988
3039
3013
1960
2995
3034
3088
148
3017
3034
3012
3002
468
3055
3036
3066
3027
1708
3014
2998
3055
3049
3031
1176
3002
3033
2794
2741
3025
3016
3012
3025
259
3063
3025
3039
1708
3099
3022
3015
3123
3018
2939
3023
2297
3016
3016
481
3038
3011
3031
3055
3025
3043
2931
3004
2530
3026
3032
2895
3063
3059
3021
2951
3059
1837
3056
3042
3054
3069
3049
3032
3059
3036
3000
3060
3048
3043
2191
3003
971
3004
221
3001
3083
692
2165
318
3027
2365
3003
2584
3031
3017
3014
3003
3016
3058
3041
3015
3026
3009
3031
3020
3047
3102
3017
3055
668
3033
3041
3055
3036
3029
3006
723
3017
3014
3088
2579
3014
3015
571
2877
2932
3013
2859
3013
3036
3046
3031
3046
3000
1769
2780
2998
3012
3022
3022
3015
3006
3041
3051
3020
3057
1329
3024
3051
3028
3021
2235
3036
3059
3068
2955
3010
3007
3022
3062
3034
3018
2987
3057
134
3063
3022
2375
3040
2367
3027
3014
3032
2985
3051
3036
2978
1032
3042
2989
3021
3062
2798
947
3027
120
3033
3023
3039
3009
3039
3054
2395
3018
3012
3038
3037
3003
2988
3003
3007
3017
3050
3059
3018
232
3049
3081
3026
2025
3050
3036
3056
3008
3010
2983
2955
3005
3041
3063
1829
2999
3033
3006
3031
3030
3040
3044
3045
2987
3006
3060
2992
3116
2903
3049
3035
3004
3016
3046
3023
3068
3039
2982
3049
3005
3023
3032
3046
3056
2979
3049
741
3005
3055
3040
3042
3047
762
3022
3053
3019
3041
3026
3008
3049
3016
3016
3011
2673
3047
3063
3024
3035
3027
3045
3015
2938
3044
2622
2984
3007
3026
3040
3017
3065
3046
3073
3015
3045
2901
1103
3038
3004
3041
2982
3023
3016
3050
2987
2996
3048
3052
3070
3052
3072
2341
3040
3019
3026
3009
3024
3031
3035
3030
3025
3046
3045
3019
3006
2850
3049
3010
3037
3009
3027
1881
3023
2192
3072
3007
2029
3025
2418
2990
2995
3130
2994
3060
3036
1200
3048
2557
3049
3113
3023
2985
2973
3027
2663
3004
3028
3043
3031
3012
2989
3057
3032
2508
3006
3030
3019
2995
3013
3032
3026
2992
3038
3050
2546
3025
3064
3023
2801
3034
2980
3029
3035
3038
3017
3038
3060
3049
3006
3048
2974
3023
3006
3039
2979
3015
3049
3017
3027
3003
3047
3046
3029
3013
3027
2866
3035
3026
3050
3047
3053
3008
3022
903
3033
3069
167
3039
2178
3043
3102
3044
3000
3059
3032
3043
1736
3006
3049
3036
3047
3012
496
3058
3041
265
3016
3007
3001
3042
3038
2979
3055
2513
3045
3030
3015
3015
2925
3034
3009
3007
3041
3037
2741
3039
3031
3018
2980
3018
2974
1306
2006
3048
3022
3002
3059
2998
3019
3021
2936
3060
3027
2964
2984
3043
3079
2906
1944
3043
3010
3031
3042
2166
1601
2602
211
3012
3072
3036
3024
3006
3044
2074
3035
3044
321
3032
3003
3027
2700
3033
3043
3023
3044
2984
2997
3005
2958
3013
2457
3023
3030
2222
2979
163
3127
3046
3016
3034
2992
3034
3034
3045
3028
3049
2984
3003
2978
2996
3035
3017
3023
3021
2698
1424
3014
3046
2996
3050
2804
3052
3028
3039
3008
3001
796
3060
3035
3016
2433
2947
3026
2971
3013
3026
3079
3023
3072
3043
203
3024
3021
2034
3016
3031
3037
3028
3057
3075
3023
3026
3000
3037
3036
3041
3005
3022
2576
3024
3008
3056
3046
3003
3014
143
3007
1979
3039
2970
2987
3008
3023
3043
3038
3013
3053
2997
3021
3054
1039
282
3013
3017
121
3019
244
3066
2981
3052
2998
3023
3054
2983
3029
3005
3022
3034
2925
3006
2596
3013
3041
2993
3035
3056
2802
3038
1010
3039
3029
3062
2997
3022
2985
3058
3020
3041
3016
3028
3024
3019
3019
3047
3056
2007
3024
3034
2897
3038
3044
2998
2212
3021
2993
3025
3046
3040
407
3017
3053
3019
247
2974
3012
848
3046
2967
3024
3028
3049
2446
3011
3051
2942
3000
3031
2974
3051
3015
3024
3052
1645
3010
3012
2676
3028
3025
3066
3061
3029
3022
3053
3002
3028
3026
3046
3044
3038
3026
3049
3042
3050
3023
3017
3036
3040
3051
3055
3020
2986
3022
2657
2741
3052
2772
3060
3040
3053
2839
3057
3033
3023
2991
2983
3033
3012
3008
3031
3056
3037
2392
3018
3001
3039
2986
3109
3022
3026
2928
2995
2969
3013
3014
3049
3025
2922
3052
3003
3002
3045
1783
3049
2915
3036
2964
3046
3023
3006
260
3036
744
3043
3060
2982
3034
2981
3024
3028
2023
3036
3011
3001
3002
3020
2930
3012
3035
3030
3020
2909
3015
3005
2981
3018
3036
3047
3021
3033
3030
214
2857
3016
2995
2993
2865
3055
1812
2993
3030
3019
3054
2981
3022
3043
414
3035
3061
3019
3028
3046
3026
3012
3030
3049
101
3025
2993
2981
3043
2993
3033
3023
3019
3022
3026
3048
3030
3102
3030
3043
1317
2996
3085
2997
3061
3016
2599
2929
3019
3025
3063
2980
3015
3069
3019
3030
3014
3037
3026
3049
3014
2974
3033
2379
3039
2711
1835
3022
3024
3039
3010
3011
3130
3044
3018
3060
3040
3003
3051
967
3087
192
3020
3012
3056
3032
3011
3031
101
2999
1819
224
3016
2652
2994
2952
3045
3047
3011
3034
1674
3031
3049
3052
320
2991
3013
170
3025
3036
2204
3043
3026
2998
3041
2999
3027
2983
2488
2993
130
2991
3059
3036
2630
3041
3006
3041
2402
2991
3017
3019
3005
3041
915
959
2261
3027
3024
3023
3015
343
3056
3010
3038
3038
2993
3003
593
3035
261
3031
2991
3036
3044
2232
2594
3031
3032
3020
3054
3018
3007
3018
3061
3003
3030
3029
3023
3003
992
3074
3027
3028
3007
3031
3016
3012
3019
3004
3035
3047
3050
3021
2959
3013
3039
2999
3030
3076
3014
3057
3008
3057
3021
3030
3045
3010
3040
2995
3026
3044
2999
3020
3033
3012
3057
3050
1532
3027
3009
3017
2995
3023
3034
3007
3037
3005
200
3052
3036
3037
3067
2241
3055
3060
3013
1018
3014
1522
3056
2805
3006
2979
2977
2966
3019
3007
3040
3010
2806
2271
3041
3063
3028
908
1628
1507
3032
3007
1442
3045
3024
3014
3030
3034
3026
3031
3026
3043
3003
2998
3006
1118
3041
3017
3039
3045
3025
3051
3034
2994
3038
2984
2998
2984
3008
3102
3131
3043
3041
3023
3025
255
3056
221
2991
2988
3024
3052
236
3026
3047
3052
2987
2984
3025
3015
3056
3054
3026
3037
3041
371
3000
3066
2612
3047
3023
3125
3015
2304
2995
1359
3020
3050
3049
3024
3027
3057
3031
2987
3033
3059
3026
3030
3025
3040
2979
3009
3049
3067
3049
3012
3071
3003
2209
146
3096
3032
3039
3015
2784
3014
3054
3045
3005
3064
3017
2970
3051
1703
3103
3026
3041
3067
3020
1487
3010
1083
3042
3045
3030
190
3001
3023
133
3004
3021
3065
3035
2995
2486
3058
3009
3012
3042
3012
3062
3025
3021
3055
3055
3028
3023
3031
429
3072
3050
1767
2921
3019
1465
3012
2994
3035
3030
1457
3008
420
3052
3030
3042
3070
2248
3042
2988
3049
697
2991
1139
678
3010
3042
3060
808
3031
3026
3051
3029
2565
3039
2963
3002
3059
3047
784
3054
3071
3062
1914
2997
3029
415
3018
3021
3005
3009
2981
3056
3027
2959
3017
140
3044
2990
3048
3037
3017
3015
3016
1588
3047
2447
3052
3043
3032
2964
3050
2996
3031
2673
3035
3079
3040
3042
3045
3029
3062
3007
3041
3037
3038
3035
3014
2572
3022
3040
2907
3068
3033
3014
3053
3024
3024
3133
3024
3028
2990
2874
3022
3032
3029
1875
3038
3026
2988
3048
3048
3015
3005
3012
3036
2886
3041
3060
3004
3043
3057
3070
2942
338
1123
1744
3020
3020
3046
3040
3018
3039
2986
2995
3036
3027
3052
3029
3048
3016
3003
567
3027
520
3029
3030
3024
3039
2874
2978
3027
3052
2110
3065
3012
3043
3032
3024
3044
3042
3004
3023
1109
3048
3066
1450
3042
3073
3050
2996
3061
3036
3045
3014
3007
3032
1333
3004
3058
3026
3050
702
3012
3003
3027
2981
3017
2893
2987
1444
3018
3045
3035
3046
3030
3034
3044
3057
1948
2994
3005
2586
3021
3047
3053
3047
2195
3055
3040
3035
2151
3005
3043
2856
3015
3055
2997
3049
3025
3009
2999
841
2839
3043
3033
3064
3015
2199
3057
2998
3025
3011
3041
2995
1314
3015
3022
794
3040
3020
3004
3008
2983
3042
3042
3033
3028
3009
3011
3049
3014
3033
3034
3042
3022
3053
3057
3005
3033
3030
3082
2826
2978
3034
2691
3043
3017
3024
2993
2891
3101
3041
2923
3047
3028
3043
3033
3044
3059
3021
3017
3058
1302
3044
3087
3035
3015
3038
3005
3054
3021
3045
3021
3030
3008
3008
3018
3042
3038
3055
525
3045
3006
3034
2997
3017
2996
346
3050
3032
3028
3046
1790
3013
2440
3047
3029
3040
3021
3003
3017
2999
2984
3061
3022
3026
3013
2988
3043
2999
3038
3023
3044
3017
3034
3020
3049
1039
1960
3012
3047
3010
3004
3022
3016
2483
3038
3024
3016
3017
344
3015
3047
2988
2980
3019
3028
3068
2984
3015
3053
3028
3044
3049
2965
3029
2305
2986
2992
3089
2223
3057
1874
3028
3014
3000
3043
3033
3021
1152
2495
3010
3014
3001
2840
3042
3115
3005
3030
2503
2999
3032
3038
3039
3018
3053
3028
3005
3025
3027
3031
1193
2994
2400
3082
3038
2751
2997
3051
2345
3039
2983
3008
3016
3054
3017
2433
3031
3070
1282
3043
3080
3009
2603
3006
3050
3006
3032
3054
2983
3008
3015
1404
3020
2996
2975
2975
1474
3007
3008
3023
3041
3018
3010
3024
2890
2262
2997
1965
3054
1770
3022
3050
3014
3041
3031
3041
3010
3023
3067
3008
3040
3010
2173
3009
3015
3050
2875
2993
3007
215
3019
3023
3050
3024
2274
2713
3015
3006
2999
2589
476
3013
3002
3032
3012
3027
3024
3039
2808
3030
3041
669
3032
3055
3027
2832
3026
2948
460
3048
3007
3001
2037
896
3035
3040
3011
3041
3020
3018
610
3047
3060
3029
889
3029
2812
2054
3033
3026
3010
3024
2988
3038
2968
3058
2983
3035
3011
2943
3035
2967
3043
3043
3038
3016
3002
230
3063
3051
2995
3044
3037
3015
3000
3046
3068
2994
3034
2963
3035
3059
3045
3021
3021
3022
3025
2967
3006
3050
3032
3037
3042
3004
3028
2989
3013
3009
3035
3015
3009
2989
3010
3000
3063
2999
3021
3009
3032
3085
3053
3028
3048
3036
3052
3068
3033
2982
569
3036
3037
2963
2995
3031
3001
3017
3045
209
3016
2134
3077
3017
3043
3051
3011
3055
3107
2634
3035
3015
3046
1892
2988
3039
3049
3009
3024
2972
1171
3050
2726
1704
3000
2945
3074
2972
3027
3068
3009
913
3021
962
3107
3064
3070
1751
2955
3026
3031
236
3040
296
3002
1367
1613
3043
2970
2851
2972
3032
3067
3035
3013
1565
3006
2975
3057
3009
3043
3037
3004
3057
3071
3036
3019
2981
3014
755
162
3012
3031
2991
3034
3028
3059
3071
3049
541
2987
3044
3034
3025
3022
3031
2556
2088
3048
2441
3022
3023
3019
2999
3042
3021
3049
3007
3009
3060
2969
3035
3057
2977
3046
3016
2991
1493
2995
3045
3040
3038
1297
2971
1269
3008
3058
3083
2978
3017
3028
3040
3038
3022
3025
3032
3036
3030
3005
2980
3040
3035
3030
2928
262
3024
3032
3032
3021
3062
3036
3055
3051
2975
3073
3015
2648
3057
3018
3029
3030
3003
2993
2943
3019
3018
3040
3038
3052
2988
3038
3012
3025
587
3024
1903
1421
3018
3008
3017
3042
3040
3025
3055
2989
3010
3027
3026
3030
3018
911
3007
3017
3132
3047
2992
3050
2924
3023
2042
3008
3018
359
2998
3020
3037
3085
3055
3007
3049
3059
2800
1297
3032
3022
3035
2524
3023
2943
2982
2947
3057
3038
2874
3068
3073
3029
1776
3047
999
3055
3043
3019
3036
2374
195
3002
2146
3001
3042
3007
2838
3021
3020
3039
3051
649
3020
1352
2971
204
3036
2992
3024
3017
3044
3046
3044
169
3032
3040
3051
2992
3047
3008
3032
3033
3058
2989
3030
3013
3015
3035
3026
3026
3027
3026
2342
776
3079
2968
2989
3026
3021
3020
3020
3029
3049
3047
2878
2990
3075
3028
3040
630
2094
3025
3026
3048
3046
2909
3012
3062
3058
3011
3042
3033
3054
3024
2986
3073
3044
3012
3054
3026
3072
3013
3042
3017
3039
3069
3035
2146
1634
3034
2994
3012
3019
1009
3028
3001
3026
3056
2978
3036
1965
3008
3035
3056
1282
3015
3009
3031
2994
3022
3012
2988
3032
3017
2850
156
3049
3063
3039
3036
2133
3038
2989
3046
3046
609
3023
3050
3025
2995
3033
2677
3101
3047
2990
3093
3000
3033
3042
3022
3031
2891
2979
3008
3029
3016
530
3032
770
2297
3031
2999
3048
3072
2961
3024
3059
3000
3011
3035
2990
1084
3025
3022
3036
3046
3093
3001
3044
3032
3054
3053
3055
3001
3019
3014
3021
3058
3044
3030
3062
3013
3026
3037
3067
3010
2990
3007
3047
3031
3010
3036
3035
1864
3020
2982
3045
1299
2995
3032
3031
3011
139
3010
3038
1958
340
2994
2995
3027
3033
3033
3029
3048
3010
3034
3012
3052
3000
3049
3053
2993
3012
2988
3011
3031
3053
3047
3008
2968
3044
2855
3028
3012
3056
3016
3043
3032
2988
3043
3040
3046
2956
3031
3027
2981
2981
2997
3037
3038
3015
1271
3038
3046
963
3146
3008
3021
3007
3019
802
3057
3024
3045
3030
3080
3003
3044
3008
3010
3025
3012
3035
3064
3056
2480
3041
2991
2970
3081
3015
3035
3047
2991
3013
643
101
3031
3021
3038
2247
2702
2974
2986
3041
3037
3034
3026
3044
3023
3032
3030
3074
2998
3043
3012
3018
3033
3057
2725
3025
3038
3001
3045
3030
3061
3025
1707
3014
2923
2998
2212
2904
3028
3049
3027
134
3027
3050
2126
3025
3026
3025
3018
2903
3041
3065
3036
3020
3036
3025
3001
3040
3042
3002
3035
3012
3010
3040
3029
2951
3043
3079
2997
3019
3058
3080
3021
3055
631
3009
3002
3027
3035
3008
3043
3066
2990
3005
3060
3035
3027
3046
3025
124
3043
3029
3067
3064
3041
3004
3056
2316
3033
3055
3050
2979
3068
3056
3049
3045
3027
3020
3039
3032
3120
2947
1330
3006
3053
115
3049
3057
3066
2996
3001
3044
3050
3025
3040
2976
3029
3011
3025
3052
2984
2996
3045
3059
3026
3058
2955
2404
2952
3039
3024
3055
3035
3021
2994
2990
3017
3035
3011
3067
3053
3028
3002
3062
2596
3025
2773
3051
3031
1729
3005
1024
3037
3070
3058
1953
3042
3036
3025
3001
3065
2993
3051
2869
2928
2963
3045
3031
3032
3034
2379
3046
2928
3000
3015
3110
3041
3055
3070
3050
3060
2989
1511
3057
3017
3013
2975
3009
3014
3003
3026
3041
3012
1612
3037
3014
3036
2844
3025
3054
3028
3027
3052
3010
3028
3046
3039
3046
3009
3007
3007
2978
3042
3025
3047
3041
3001
3046
3059
1651
3043
3035
2979
3037
3027
2996
3024
2984
2956
3017
3001
2964
3015
3041
3025
2924
603
3055
2974
3034
3051
3059
3005
2999
3053
3030
3047
3049
3032
3051
794
559
3016
2996
2979
3005
124
3050
3038
3026
3061
2954
3043
2496
3058
3032
823
3003
3032
3014
3047
2981
3027
3041
3043
3006
297
3022
3045
3045
3018
3030
3013
3047
3000
3015
3008
3056
3026
3052
3020
719
3033
3019
3020
3066
2979
3025
3026
3031
2945
3003
3034
2973
3054
415
3071
3010
2986
2977
3051
3030
2987
3004
3055
2972
3040
3015
3047
3054
3013
3016
3010
539
3050
3033
3042
3074
3022
3067
3006
3024
1571
3017
984
3024
3036
3070
1946
3012
2899
3050
3035
3032
3036
3044
420
3045
198
3051
317
3007
2334
3028
3041
3026
2974
3038
1987
3030
3006
3102
3033
1772
3005
3029
3061
3061
3001
2969
3002
3007
3034
3043
3049
3000
2997
314
3022
3013
2987
2147
2459
3030
3036
3007
2936
3042
3041
2126
3036
3052
3023
3038
3024
3014
460
3044
3051
3037
3057
3045
3034
3003
820
1645
453
3068
3025
3031
3011
3024
3053
2992
3035
3053
3028
3042
3041
3007
3060
3042
3050
2946
3032
411
2992
3028
3036
3043
2149
2657
3044
3044
3000
3009
3023
2995
3008
991
2636
2960
3019
3033
3027
3024
3017
3015
3043
3018
2988
2967
3021
3003
2113
3028
3025
1062
3026
3043
3049
3079
3018
3035
3043
2996
3010
1113
3046
3022
3042
3037
2993
1087
3000
3038
3039
860
3015
3002
3029
3029
3033
3018
3040
3098
3025
3044
3020
3041
3050
2996
3048
3015
3032
2985
2998
3016
3036
3027
3051
3031
2971
3009
3019
3011
3002
3020
3014
3028
3016
3025
3024
3028
3008
1658
3038
3045
2453
3016
2951
3052
3048
3026
3026
3031
3003
187
2988
3049
3034
2996
3025
3042
3034
3004
3023
3016
3046
3075
3032
2794
2975
3057
2974
3069
1834
3047
3010
3012
3025
2987
2675
3030
2997
2998
3017
2995
3059
1711
3004
3041
3023
2517
3024
2699
2745
1403
3009
3043
3030
3072
3033
1883
3075
3004
2998
3050
3043
3047
2952
3034
2998
3077
3069
3032
3019
3027
596
3023
3027
3043
3042
3033
3009
3030
3033
2333
3047
440
3024
2643
3062
3057
3049
3047
475
2644
3019
3047
2964
2992
3027
2990
3020
3008
3006
185
2302
3043
3049
3033
3030
3045
3053
2999
2398
2703
3036
3033
3018
3056
3034
3019
3049
3011
3025
3047
3029
1632
3011
3012
3011
3011
3044
3021
3013
2956
2976
3040
2990
3045
3128
3001
920
2924
2988
3025
3006
3055
3023
3022
3031
2348
2338
3063
3021
3076
3024
3033
3023
3039
3032
3017
3032
3049
3040
3003
3035
3042
3022
3014
3022
2966
2999
3005
2999
3013
3073
3009
3011
3010
2397
3049
309
3010
3002
1433
2999
2965
2899
3062
3021
2775
3022
3026
3049
3080
2993
3048
2986
3023
2993
2961
2397
3039
3040
3042
3067
369
2006
1911
3011
3026
191
3054
2993
3021
3031
3044
3020
3033
1246
2502
3035
2980
3006
3057
3015
3035
3040
2965
3034
2987
3027
3034
2560
3000
3019
2694
3038
3058
3036
2994
2999
3102
3012
3034
3050
3055
2789
3042
3009
3041
3024
3040
3041
3004
3020
3018
3018
2953
3009
3011
3011
3016
1714
1626
3037
3026
2843
368
2973
2743
1898
3021
1112
3041
3047
3020
2979
122
3031
3026
3028
3067
3030
3070
3056
3050
3043
3062
3033
3005
2989
2994
2990
3061
3088
2997
3043
3031
3062
3045
3042
3065
2280
453
3006
2984
2990
3051
3056
2630
3038
281
3024
2996
3017
3038
3069
3000
3049
3026
2998
3024
2964
2994
3018
3044
2952
516
2993
3030
3061
3048
3034
3022
3054
3024
3014
3023
315
3044
3077
3084
2989
2894
3012
3001
2938
3044
3063
3015
3036
3017
3051
2995
3047
3055
3006
2828
2945
3018
2992
383
3021
3049
3043
3115
1041
3025
3027
3005
3034
1646
3027
2987
3010
3017
3032
3000
2508
3056
3006
334
3026
3009
3002
3035
3037
3007
1227
3007
3030
1654
3077
531
3021
3035
3018
3014
3037
3026
2896
3036
3027
3022
2987
2728
2997
3078
3050
562
3082
3022
3022
3017
2993
3042
3063
3032
3005
3007
3051
3018
2975
3036
3004
2973
1988
2933
3035
3012
2376
3012
2949
3059
3033
3022
3056
333
3028
2811
3040
3051
3004
418
3046
3003
3044
3031
3103
3017
3023
3062
3049
3034
3055
2998
3041
3056
3054
3037
3071
3050
3009
1414
3009
3032
3045
3033
3068
1552
2995
3060
2688
3022
3046
3014
3033
3011
3040
647
1634
2997
3028
3012
3059
3023
3029
3016
162
3015
3016
3068
3021
3086
3031
3027
479
1145
3007
3021
3043
3051
1231
3034
3060
3010
3014
1096
3019
3081
2995
3040
3000
3028
3043
801
3031
3057
3006
3022
3028
3029
3007
3022
3005
3060
2986
3037
3030
1614
3029
497
2821
3041
2526
3010
3035
1676
3021
3010
3031
2991
1807
3006
3055
3033
3022
3052
3017
3036
3024
3044
3036
3053
2993
3005
3018
3005
3002
3047
3020
3054
3029
2427
3041
2983
3017
2826
1874
3016
3017
3061
3054
3036
3038
2760
3039
211
3005
808
2690
2050
2834
2318
2986
2992
3036
2141
3034
3052
3033
2211
1132
3039
3025
3004
3041
2997
2762
3055
1127
3015
3045
3013
3037
3014
3004
3035
3035
3012
3057
3040
3021
3011
1984
2968
3040
3033
146
3025
3032
3042
3019
3006
2974
3042
3049
3023
3030
3022
2978
3035
3021
3041
3055
3030
3067
3022
2573
3020
3023
3027
3059
2991
3009
3026
3033
3039
3009
3076
2995
1090
1216
3035
3046
3046
2842
2987
3014
3061
3023
3003
3023
3015
3035
3047
3027
2875
313
3034
1991
3002
3021
3041
3045
2981
3029
607
3065
2968
3032
3037
3056
105
3055
3028
3036
3022
3015
3053
256
3015
2362
3032
3051
2977
3001
794
3043
3012
3044
1622
3026
3043
3015
3061
3029
3039
3035
896
3019
605
3036
290
3048
2998
3056
2974
199
3016
3030
458
3008
3001
3040
3008
3032
3006
3028
3013
1747
3005
3020
2398
3023
3036
3039
3017
3018
3035
253
3020
3030
3053
3022
1664
3036
3032
3031
3055
3035
3025
3057
3064
454
3045
3056
2969
3037
3025
3013
2998
3043
3050
3033
2986
3081
3049
1935
3005
2955
1825
3029
2767
3036
3016
3082
3031
3000
2983
3048
3046
2971
535
3021
2993
2945
3022
3041
3025
3033
3006
2958
3007
3030
3025
3009
3018
3024
3027
3016
2916
3015
3041
3028
3047
3014
3070
3064
3026
2969
2989
2978
3030
3021
3032
3016
3043
3012
377
3039
2740
3042
3014
1237
199
2969
3047
3007
3023
3052
3030
3048
1825
3034
3049
3038
3002
3038
400
2998
3022
3039
3052
2961
3016
3018
3024
2996
2869
2993
3039
3016
3036
1793
3022
1557
3025
3055
2986
3030
3011
3024
3049
3006
3037
618
3043
2985
3054
3038
2984
3040
3016
3031
3063
3021
3023
2999
3031
3023
3039
3001
2697
3017
3067
3058
2960
3015
1020
3028
2842
3053
3072
3093
3023
3038
1640
3019
3005
3049
3042
3057
3038
3040
3015
3071
3015
3047
3071
2995
3007
3018
2202
298
3042
2967
3025
3005
166
3015
2982
3065
3042
3036
3034
3013
3006
3021
3036
2989
3032
2288
3023
3013
3035
3027
3018
2995
3089
2988
3035
3060
3062
2794
3046
3025
3041
3054
2992
3011
3030
3054
3010
1386
3028
3025
3072
2877
2509
3071
3039
2962
2610
1198
122
3052
618
3014
3051
3023
3038
3016
3067
3033
3019
3047
2989
3044
377
2990
3059
3039
3030
3045
3017
3028
3040
3042
3064
3028
3058
3034
3012
3027
3056
3012
3029
2918
1329
3035
3037
2286
3078
3039
3038
3026
3013
2126
3028
3017
3026
3004
3037
3022
1965
3019
3039
3079
3024
3016
2263
3031
3053
2842
3013
3029
3038
2988
3063
3038
3043
109
3000
3040
2997
3014
2997
3038
2989
2995
3039
3037
2344
2972
2941
2844
3041
3039
3035
3007
3006
3004
3045
3022
3008
3004
3007
3036
3043
3013
3046
3038
3006
3020
3029
2999
2976
3040
3044
3030
3015
3096
3022
2962
3036
3021
2993
3027
3037
3003
3042
3036
3016
3043
3025
3045
249
2941
3059
3069
3087
3020
3021
3045
3003
3019
3059
3063
3013
3055
3022
3102
3043
2958
3011
3036
3003
3054
2994
2782
3036
3126
3041
2907
2999
3069
1846
3023
3037
3018
3065
1829
947
3037
2990
3037
3040
3008
2997
3067
3050
3077
137
3014
2984
2608
3045
2986
3093
3020
2176
3027
1226
3003
3041
3040
2995
3068
3045
2999
2309
3036
3029
3011
3039
3051
3020
2932
3037
3047
2981
2998
3034
3001
3003
3004
2994
2873
2669
3076
3029
3033
3084
3010
3007
3031
3047
3046
3044
3037
1225
3051
3059
3063
3031
3024
3016
3028
3031
3022
3004
3020
3051
2657
3035
3026
3014
3037
3000
3020
3026
3024
3071
3007
3003
3046
3058
3019
3060
3028
849
3036
3058
3006
3016
3051
3046
3063
3012
2979
2955
3008
3017
3053
3024
2987
2946
3010
3014
3051
3016
3060
3038
3042
3038
2979
2934
3023
3040
3010
3032
2982
3099
3044
3037
3013
3023
3052
386
3029
3040
3035
2669
3012
3020
3020
3065
2977
3009
3056
310
3029
3056
3049
3032
3004
164
3014
490
3041
2433
2985
3045
1227
3000
3003
3034
3007
3001
217
3036
2987
2780
3015
3050
3003
3026
3027
3013
2871
3064
3036
3047
3054
3004
573
2966
3017
3040
3049
1704
3012
2999
3010
2865
2493
3032
2985
3060
3029
3050
3066
3048
2722
228
1425
3032
2961
2999
3030
2361
3006
3056
3107
2982
2973
2981
2149
3047
3003
2443
3034
3005
3030
3000
3047
2737
3041
3011
3026
3055
3019
186
3041
3043
3043
3118
3046
3014
3069
3019
2986
974
3001
3020
2528
3041
160
1838
3065
2699
3050
3006
3019
3011
3022
3056
1734
3034
2332
3010
1372
1171
3004
2954
3013
3037
3020
2996
3052
3006
3041
2993
3021
636
3053
3037
3019
3048
2985
3023
3106
3051
751
3052
3046
3042
294
3042
3035
3015
3045
2206
3031
3023
2354
3055
3006
3046
2983
2714
2989
3010
155
3052
620
3062
3035
3017
3043
3041
3030
3004
2996
3047
1264
3014
3041
3036
3026
3033
3033
2966
3001
3033
3040
3024
3066
3011
2267
3020
3044
3025
3037
3040
2991
3048
3016
3043
3026
3065
2956
3077
357
3054
2423
2837
3046
3023
3010
3020
2184
3042
3049
3022
3032
3034
3032
3043
2916
3045
3126
3058
1910
3063
3050
190
2635
3019
3036
3057
3014
3023
3006
3027
3016
3034
3000
2035
3029
2988
2978
3027
2444
1621
3034
3038
3008
2909
2996
3030
3033
3023
3061
3063
3033
438
3031
3031
1745
3025
3023
2992
3041
3049
3041
2973
3055
3033
3013
3065
346
2608
3056
3028
3030
2917
3048
3024
2972
2981
1571
3043
3033
3039
3024
3022
3044
3019
2989
2998
3012
3014
3032
1003
3062
102
3009
3020
958
3051
3021
2945
2936
3018
3078
3029
3033
3009
3024
2990
3010
2183
3041
3039
3037
3029
3051
3022
3029
3020
870
2985
3049
3067
3021
3009
3029
3083
1587
3013
3028
3017
369
3018
3040
3032
3029
354
3006
3047
3038
3013
3028
3011
3030
3019
3006
3013
3056
3009
3018
3051
3032
3011
824
3052
3011
3017
3018
3002
3036
3084
3050
2989
3041
3034
3037
1616
3062
3013
3050
3002
3036
3002
3050
3031
3053
3036
3043
3039
3017
3008
3004
3047
3044
3018
3046
3016
3034
670
3010
2992
3040
3012
3012
3025
3044
3047
3047
3036
3021
3018
3037
2966
3040
3023
3050
3032
193
3001
3059
2945
2974
3017
3031
503
2990
2385
1923
3017
3007
3023
3006
3031
3055
3024
3048
2997
3053
2893
3021
3057
3030
2965
3006
2465
3034
3038
3012
2981
3040
2521
1105
2518
3047
3045
1492
3037
3050
3025
3006
3065
3013
3028
3030
3050
3014
3048
1979
3038
3066
3039
3018
507
262
3118
3015
444
3009
2992
3045
2985
3042
2572
3023
3016
3052
1204
143
3031
2972
2819
3034
3044
3029
1990
3048
2945
3004
151
3033
387
3003
2995
3029
2997
2989
2885
3027
3025
3032
3040
3036
3020
3058
3007
3022
3043
2952
3002
184
3026
3062
3020
3002
145
2438
3026
3024
3029
3046
3036
3017
3048
2995
130
3040
3022
3035
839
3022
3037
3064
3016
3051
3011
3040
3003
3105
1033
2104
117
2980
3059
3057
1982
3022
3014
3008
3011
3022
3045
3042
3050
3026
3021
3010
2987
3023
3049
3058
3020
3009
768
3022
3127
3056
3043
2873
2991
2084
3029
2902
3014
1491
2835
3029
3042
3029
3004
3050
1428
3015
3029
3046
3002
3037
3014
2990
3017
3013
3052
3033
3039
3033
211
3065
2621
3029
2988
3025
3037
3028
2996
1880
3047
3041
3005
1726
3023
3045
3063
3050
3035
3036
3019
3090
3026
2483
3032
3045
3054
3038
3005
3016
3009
3051
1812
3018
3010
2947
835
3022
786
3036
3031
3027
682
3043
3044
3002
3011
3037
2917
3044
3037
3023
3055
3065
2989
3027
3020
3053
3030
1708
3072
2969
3018
3035
3002
3049
3044
3026
3040
3040
3025
3045
3047
3028
3052
1099
3029
3007
3042
3035
2994
3028
357
3025
3047
163
3033
3025
3019
3031
3038
2829
3025
1180
3025
3023
2998
3024
3035
3050
3053
3025
3039
2905
3072
3032
3035
3030
3068
3056
3052
3044
2899
3014
3029
1006
2993
369
3066
3036
2925
3043
3024
3044
3008
2814
3057
3027
3009
3011
1079
3027
3029
3011
3007
2986
3043
3010
3018
3016
3008
3024
3035
3051
3026
2907
232
3028
2978
3029
3034
3054
3017
3069
3006
684
3072
3030
2079
3032
3033
3007
3017
2975
349
3031
3013
3031
3013
3007
502
656
3033
1581
3034
3029
3003
3019
3052
377
3050
809
3040
2999
3035
3033
2973
3019
2998
3014
3058
3015
3005
2992
3049
3038
3027
3028
3059
3058
3009
3053
3020
3020
2945
2532
3043
3022
1646
2994
3038
3026
3030
3060
2946
3035
3034
3024
3013
3072
3053
3044
2926
3029
3085
2971
3041
3052
3021
3013
2985
3027
2251
3043
3022
1394
194
853
3047
2998
3008
3043
3015
2991
3081
3055
3040
3045
2436
3008
3022
3001
2982
3027
3046
2965
3006
3025
3049
3030
3095
3049
2764
3051
3028
2965
3014
2984
3049
3043
3016
3049
3021
1615
3053
3003
1049
1709
3079
3012
3015
3027
3051
3034
2986
3042
3014
3030
3024
3010
3056
2214
3011
2999
2985
3040
3010
2991
3057
3028
2976
3052
3071
3041
3001
2993
3046
2977
3054
3037
2995
1238
3043
3060
3062
2991
3010
3049
2830
374
3023
3039
3003
2972
3035
241
2925
3117
3006
3019
2982
3035
2997
2977
3023
3022
2838
2969
3019
3008
3012
2985
2982
3026
3025
3050
3035
2782
3104
3042
3030
1709
3046
3118
2999
3091
3035
3046
3025
1545
3037
2447
351
3022
3014
1638
3054
3057
407
3007
1955
2987
3006
2851
2984
3025
2987
3051
3022
3026
3005
3037
3026
3040
2776
3009
3023
3021
3043
3032
3009
2948
2420
3029
3121
2964
3065
3066
2983
3063
2977
3013
3051
3037
3061
3043
2777
2999
139
2934
2958
2826
3022
3022
3028
3054
3010
3037
2977
3065
2866
2998
3030
2973
820
3025
2231
3026
3036
3030
1224
3038
1811
3053
2098
3020
3044
2519
2956
1254
3009
3016
3053
3016
3033
3029
2924
3019
3037
3029
3023
3040
3050
3007
3056
3031
3020
978
2988
2998
3010
3034
3007
3062
3027
3060
3029
967
3043
3002
750
3037
3057
3018
3010
3053
3076
3009
3031
3039
3010
2996
355
3014
3048
3044
3098
3047
3060
3040
181
3000
3068
2995
2269
3034
3059
2843
2995
2500
3039
2991
1955
3031
3024
883
3015
3024
3036
3062
3040
2999
3033
3031
3038
3003
3034
2972
3040
3037
1264
3025
3012
2892
3056
3100
3051
2804
3029
3026
2952
485
3039
2974
3047
3022
3036
3035
3044
1123
3043
2870
3041
532
3068
3046
3042
3012
1748
3019
3014
3002
3051
3027
3044
3029
3006
344
3049
3002
3007
3037
3035
1968
3007
3043
2994
911
3038
3036
3050
3073
3034
3038
3035
2759
3014
3055
2989
124
3037
2987
3090
2945
3022
3048
3014
3081
3006
3036
3069
3067
3017
2982
3018
3011
3026
3028
1966
3021
3018
3039
3046
3009
3022
3030
1659
3045
3050
1889
105
3012
3064
3023
3035
1768
3027
3022
457
2032
3020
3016
3060
3058
3032
2787
3052
3062
3056
3022
3046
3030
2936
3014
3029
3028
3056
2992
2995
3020
2988
2999
3023
3013
2877
3027
3028
3043
3020
2908
3029
2799
3041
3017
3039
3039
3027
2986
3033
3017
3032
3008
3086
3011
2816
3011
3033
549
3012
3058
3024
2984
3013
3012
3028
3056
3044
3075
3038
3062
2999
3050
3051
2962
2276
294
3027
3113
3036
3026
3039
3034
2999
3008
3013
3039
2011
3053
3047
3023
3025
3018
2979
3037
3003
2994
3053
3038
3056
3016
3017
3051
3058
3012
3051
3034
3060
3043
3027
2885
2141
3065
3045
3015
3039
3011
3067
3003
3025
3055
2538
3006
2980
3044
3016
114
2967
1695
2985
3010
3014
2997
3044
3000
3057
3030
3017
3045
3020
3042
3039
3026
3008
2095
3020
2993
3034
3060
3035
3050
3017
2998
3017
3010
2965
3022
3016
3006
3029
3082
3027
731
3027
3046
3033
2990
3022
3000
3045
3031
3083
3051
3009
2962
2987
2970
3035
3044
3031
3024
2897
3076
975
3043
3042
3029
3025
3024
3007
2989
618
2994
3022
3014
2592
3030
3074
2994
2062
3048
3077
3006
3012
3025
3019
3034
3014
3059
3053
3020
2797
568
699
149
3015
596
156
1931
3042
3032
3041
3016
595
3021
3038
2975
2987
3063
3046
2665
3082
3018
3007
3014
3034
3023
3037
3008
2964
3038
3035
2987
3030
2990
497
3022
3005
3061
3108
3033
2985
3036
3045
1569
3014
2968
2983
3023
3018
2336
3029
166
2981
3042
3010
2998
2999
2996
3040
3018
3047
3039
3027
3046
241
3035
1250
1308
3106
3041
3036
1030
3045
186
3023
3014
2992
2937
3055
3021
2783
3033
3062
3026
3029
3043
3025
2904
2809
3047
215
3042
3059
2991
3033
3011
3025
3018
3037
3062
3045
2805
433
3037
2212
2998
3006
3053
3007
3041
3009
3015
2053
3042
3044
2980
3010
3032
3036
899
2998
2707
2986
3019
1362
3028
1208
3079
533
2784
3026
1026
2544
3041
3031
3023
2983
2969
3039
2644
3052
3048
3041
3016
3048
2976
3006
3043
3040
3007
727
3016
3029
3010
3047
3037
3012
3018
2957
3040
3010
2959
1768
1855
3065
3017
3057
3040
655
3055
3021
3021
3023
2726
3061
3032
3045
