3005
528
3005
2988
2983
3021
3014
3002
3030
3008
3037
3010
2989
2066
2973
2987
573
1382
2956
3006
3002
142
3053
3014
3052
2059
3008
1003
3011
2978
3005
3010
2996
3020
3019
2989
3015
2992
2991
3019
3021
3040
3037
3014
1851
3030
3010
3045
3048
3039
3011
3017
3026
3025
3025
494
3008
663
3006
3018
2987
3018
879
3033
2988
3032
2984
2996
3130
2999
3037
3026
3012
2686
3031
2983
3051
141
2991
3041
2965
3019
458
2344
3024
3021
3020
3054
2973
3023
3036
3024
143
3001
3030
2511
2985
3021
2997
3017
3008
3032
3018
2995
3009
1034
2981
2979
3013
2970
2991
812
3015
3021
3003
2997
3033
217
3008
2816
3015
977
3023
3030
3025
3019
1026
3024
616
2992
3015
3025
2988
3019
1739
2969
3018
508
3026
2843
3012
3049
3021
3046
2998
2942
2983
3016
3005
3007
3030
2991
2963
2960
3040
236
3003
2970
2963
2994
2989
3035
2316
3002
2999
3027
3046
3030
169
3008
2988
3015
2954
3030
3032
3004
3038
3039
3090
1819
2992
3058
3025
3021
2999
129
3005
3017
3026
2971
1233
3004
3029
3042
3037
3017
3029
2994
2980
2087
3013
3003
555
140
3029
1447
965
3036
2993
3024
2995
3019
3038
2972
2952
3043
273
3047
3021
3019
2998
3031
3078
2994
3020
3007
1332
2937
2990
3026
3023
3023
3002
2989
3036
3018
3034
1740
3011
3021
3034
3016
3013
3018
3000
2909
3017
3012
3048
3035
3028
378
3038
2990
2828
3013
685
3057
2988
3014
3012
3029
3032
3013
3026
3020
3013
3022
2978
3010
3064
3070
3050
3015
2924
3000
3028
3010
401
2990
3024
3001
2992
2207
2997
2852
2984
2974
3039
3058
3022
3023
3029
3037
3036
3071
2987
3013
3057
2998
3038
189
3008
2989
3004
3026
2991
1132
3032
3039
230
3021
342
3026
3026
3006
2971
3007
2947
3001
2983
2995
3023
3036
2899
2934
2991
3003
3007
3012
2766
3013
3022
3035
3038
3015
3015
3021
3005
3001
3033
3063
2983
2972
3011
3013
2984
3022
483
3046
3029
3008
3036
3030
3014
3030
3029
2650
2794
3011
3029
3013
3021
3009
3012
2991
3056
3024
3022
2977
3010
2994
1838
3040
2993
616
2996
3028
3020
3014
3028
2996
945
145
2906
2260
2990
2905
2966
3013
3040
2985
3001
3014
2987
2933
3039
2970
2991
3000
3013
3024
3052
3018
911
3011
3002
1079
3052
2993
2991
3045
2985
3048
129
3012
2983
3038
3030
3042
2987
3020
2990
2990
3003
3020
3055
1199
3008
3029
3013
3028
1136
3023
3016
2983
3000
2968
795
3054
2991
3020
3009
2989
3048
3086
1736
2978
808
3005
3020
3047
3035
3009
2970
3008
2038
3054
2994
3035
3019
3014
2999
149
3038
3019
3001
3007
3001
2617
3014
3031
3045
3047
3019
3040
3033
2879
3031
3016
3018
2972
2998
2979
2994
2965
3010
3018
3126
3006
2987
863
2987
3064
3017
3015
3011
3038
3011
2983
391
2918
2981
3014
2189
3025
3024
2046
3027
2861
3020
3016
3026
3037
3003
3000
3028
2956
3028
3024
3043
2515
3036
2976
3024
3013
3054
3030
2983
2995
2997
2990
3046
3007
2999
2967
3019
2761
178
2997
741
3023
3026
2955
2976
3006
2985
3053
2987
3043
3022
814
450
3061
1938
3027
3017
3014
3042
2467
3006
2845
1569
406
3040
2966
3051
3055
3000
3044
3021
3010
3017
2989
1433
2991
3014
3038
2997
3050
2106
2985
2735
3030
3064
3026
3009
2995
3041
3027
2971
3011
155
3023
1967
2991
3010
782
3004
2980
3045
3024
2789
3048
3015
2996
3003
3025
3016
3026
693
3023
3011
884
2976
3015
2333
2981
182
168
3016
3009
3002
2999
1015
3093
3019
2960
2722
3027
3041
3017
146
2993
2973
2971
2573
3024
3015
3013
3030
3022
2992
2995
3015
3033
3010
3030
220
3018
3009
3005
1136
2995
2939
3025
2992
3032
3018
2991
3042
3025
3030
613
3008
3007
3034
2987
2680
3012
3022
2993
3017
3019
3040
2971
3004
2621
3014
3031
1223
3022
2991
3002
3029
2996
3018
3011
2988
2991
3015
3044
3002
3024
3011
3001
3020
3005
3025
2921
3015
2996
3037
3044
3002
2999
2317
3002
3028
3020
3048
3027
3015
3010
2630
3033
1373
3034
3035
3033
2999
3073
2986
3026
3006
3018
3019
2993
131
2978
2267
3008
2973
3003
3028
3011
3024
2953
2997
3029
2999
2985
3016
3000
2984
452
826
3040
2933
3043
2983
3010
3008
3011
1939
2999
3042
3000
3001
3025
3030
3028
1559
3027
3018
1035
3023
271
3047
2988
3036
2975
3036
3021
3086
152
3001
3038
3010
3013
3059
146
2994
2958
3005
3021
3015
2872
3036
2992
3078
3020
3006
3008
2974
3023
139
3018
3086
3026
3046
3011
3003
3045
2987
3019
3010
3037
2143
3015
3024
2992
2154
3010
2904
3019
3036
2056
3036
3004
3010
3008
3017
1972
2544
3026
3017
3044
3056
2813
3009
3014
2999
3037
3039
3012
3019
3018
3053
3105
3015
3010
1495
3047
3053
3019
3010
3060
3022
3039
3004
2999
3012
220
3043
2989
3002
2782
3086
754
2987
3041
3020
2978
3010
3032
2920
3036
3041
151
3015
3002
3022
3020
316
3006
3017
2807
3020
3098
2988
2593
3014
3028
3000
3002
2967
3018
3015
3005
160
840
3009
3013
3029
3031
2990
3013
3015
3023
3031
777
3089
3016
1603
3027
3011
3015
2990
2899
3032
3005
3030
2994
2979
3034
2977
2226
3021
3034
3016
3008
2493
3033
3029
2995
3028
3027
2992
1511
3027
3012
3010
2989
1835
2973
3001
3024
869
3007
3014
3039
3032
2990
3026
2976
1903
3030
2963
2973
2973
3027
3030
3002
3006
1963
1722
3077
2949
3041
3007
2968
3009
3020
2987
2978
3013
3044
2990
3009
2407
2770
2986
2962
2891
2999
2992
2987
2995
3044
2607
3015
3031
2997
3029
3019
3030
3012
346
2995
2097
3036
3005
3038
3020
2978
2998
218
3037
2519
3055
2992
3029
3029
3028
2976
3027
2991
3047
3036
3031
3025
3043
3005
2727
3008
3030
3025
3049
2973
3034
3001
3033
3005
2985
2992
3039
2982
2241
3054
135
2182
2958
2857
2973
3006
1970
3040
260
3006
3006
3014
2643
3037
3040
3045
2980
3009
3008
3042
2968
3025
3007
3008
3006
1620
267
3027
3005
3045
2985
3015
3007
2990
3043
3030
3019
3013
3021
2989
3024
3014
3019
670
3041
3004
3014
3018
3010
2071
2992
2967
3004
3014
3027
3028
526
3003
3020
3079
3022
3003
2984
336
2998
3082
3002
3022
3035
2828
3020
3010
3047
2995
3014
3040
3021
3032
3007
3030
3015
3010
3065
3013
3043
2987
3027
180
3036
3031
146
3049
3013
2992
3007
3027
2962
3035
3029
1206
3063
3011
3029
3006
2993
3000
3026
3036
3021
2987
195
3001
3005
3038
2990
2974
3002
2979
3028
3018
2996
3065
3032
3037
2957
3014
3089
3000
2983
2360
2995
3022
2993
3039
3038
3012
3039
2995
2989
2928
3013
1169
2684
2996
2988
3001
3084
3025
3012
3017
2994
665
1187
3014
2987
3040
3025
3013
3030
2994
3033
2979
539
2982
3048
3035
3010
3006
3016
296
3005
3016
3036
1641
2995
2998
2969
3020
2998
2986
3007
3019
2981
2922
2127
2075
3002
3055
2961
3025
3021
3015
3011
2919
1538
2972
3008
3044
3013
2986
3037
3051
3040
2998
3025
3037
2977
3007
3015
3042
3036
3022
3009
611
3011
3026
3032
2995
3003
3028
3010
3035
3026
2867
3022
2925
2997
3042
3008
537
3001
2538
3010
3029
3016
3001
3009
3017
2976
3028
3033
1628
3017
2987
3004
191
2510
1371
3037
1363
3036
3030
3071
3030
153
3020
3046
2986
2992
3040
2992
3008
3007
3041
2993
3019
3022
3022
3033
135
3021
3036
234
3031
3045
2988
139
2972
3016
3015
2991
2242
2838
3026
1266
2986
3020
3008
1541
2684
3033
2812
1827
3030
2978
3025
568
3028
3040
3011
2963
3049
3038
2998
3003
3012
595
3026
3007
3042
2987
3030
2991
3053
1411
3041
3027
2994
3048
3032
709
3055
2984
3011
3038
2717
1804
133
2981
3026
2712
3014
2306
202
2965
2286
2593
2796
3004
3093
3034
3006
3014
3059
3005
2861
3005
2945
3030
3012
3014
3024
3032
3022
2755
3039
132
2995
2997
2999
155
3011
3036
3046
3035
3041
3079
3005
3041
2391
3032
3023
3050
3006
2946
2889
3018
3026
1371
2996
3013
3023
3036
3053
3027
3041
3042
3021
3008
2897
3007
3133
3036
3049
3021
3015
3024
3036
3006
3034
3001
2936
2984
3010
3041
3003
3035
862
3033
3029
3004
3025
2981
2973
2999
3024
2968
3028
3022
3044
3051
3026
3032
3073
3025
3027
2999
2147
2982
3022
2991
3036
3001
3017
3038
218
3046
2999
3024
3018
3030
316
3029
3013
3002
2996
3034
2542
3024
3019
3016
3026
352
1883
2985
3001
3021
3027
3032
3030
208
2966
3014
2937
2996
2985
3000
3043
2988
3053
3057
2953
3010
1685
3005
612
3032
3041
2042
3073
580
3004
2994
3016
3012
3024
3014
3007
3025
2986
3019
3031
3041
2958
3042
476
3095
3000
3012
2909
3010
3006
3009
248
1514
2970
3032
2990
2993
3097
3016
3006
597
3009
2968
3047
3023
3030
2878
2848
3053
3020
3015
3023
3018
3005
2969
2993
3027
3054
234
204
1720
2994
2985
2991
1578
3003
3000
3039
2992
180
2983
2991
3030
3022
3027
3005
3035
2996
3034
264
2943
447
2987
2982
3023
3029
2957
2991
2956
3005
3019
3019
2901
2992
2976
3037
1633
2644
3017
2988
2992
3037
3017
1586
3021
3013
3023
1192
2860
3019
3091
260
2740
3026
3001
2979
2963
2125
3022
3050
3008
3020
158
3010
2920
2908
2994
2948
3048
2940
3007
2998
3018
3013
3020
509
3008
3011
2975
3034
3013
3041
3024
3063
3047
3046
3006
3025
2943
3014
3015
426
3006
3018
3043
2972
3036
3019
3029
3028
3016
2965
3040
3026
2487
3007
3037
2978
2994
2979
133
3000
2976
3041
2940
3076
3009
3009
3023
3010
2993
525
2929
3036
3033
3024
3029
3050
3021
178
3027
3022
2977
3014
2684
3014
2995
3021
2992
3010
3022
3010
2982
3027
3001
2953
3032
3040
455
3004
3054
3030
3025
2944
3001
3029
2666
3037
3042
3039
3008
3043
3031
3017
2995
3014
477
2365
2980
3031
390
1476
3021
1215
3011
3013
3017
2981
3011
3047
3031
3007
3005
211
3011
3027
3022
2001
3003
2989
2996
3007
3090
2588
3010
3006
3019
3019
3045
3039
3026
685
2991
3023
370
2994
3085
3008
3034
3011
2827
2548
1979
3022
3048
2975
2983
3029
3009
3033
3085
3008
3017
3044
3014
2705
3045
1139
175
2366
2994
3010
1282
3001
3011
3048
3002
3049
3049
2975
3004
3041
3019
264
3031
3020
1331
3022
3015
2991
2976
3015
3040
2971
3014
132
481
2744
3027
3028
499
2977
860
3016
3019
1812
3027
3043
3014
885
2983
3015
2625
3010
3011
2983
2991
3059
3002
3026
3032
3025
3031
3024
2933
3023
3016
2985
3035
2007
3045
3012
557
3026
3025
3002
2995
2996
3028
2996
2955
3020
3040
3028
3022
3006
3040
3043
2989
1309
2972
2995
3029
3017
1246
3072
3043
1128
2969
2531
3026
3017
1755
3028
3018
3020
3012
3015
3006
2964
3007
3023
3033
2964
3033
2994
2836
3041
3003
3008
3003
3017
620
3019
3029
3015
317
2957
166
3036
3024
3019
3014
3013
2999
2969
3029
2946
3011
3016
3108
448
2622
235
3020
3003
3025
3020
3007
3014
3009
3010
3000
2976
3007
3031
3019
3048
3001
3022
3016
2967
3032
3049
2997
2868
2986
3021
2972
3043
3005
3027
2991
3004
3028
3015
3006
3000
2987
3004
3019
3028
2987
460
3033
3005
2968
3026
169
475
1926
1984
3019
1171
2986
3005
1555
3043
167
2837
1117
3082
3002
2378
2274
3026
196
3004
3008
3040
2980
942
3018
3017
2988
3006
3032
3013
2027
2736
2982
3009
2978
2994
2983
3022
3039
3026
3006
2990
1161
1614
3035
2990
2981
3024
2847
2960
3057
3011
3000
2995
2991
3011
3040
3030
2985
2983
3034
3020
3025
2994
3046
3033
2993
1755
3040
3023
3047
2990
3103
3038
3050
2296
3021
3030
2995
3006
3029
1749
3027
2989
3017
3021
2967
3004
2332
3037
3037
2461
3010
2992
3012
2999
2977
3015
3021
3065
3023
132
2982
1497
3007
3017
2985
3037
242
3009
2884
3025
2965
3024
3043
3029
2396
3008
2988
3033
2811
3017
2967
466
3021
3003
3019
3003
3015
3020
3023
3017
2998
3001
3028
3041
3016
3028
2973
2976
162
2982
3041
3027
2861
468
3027
3018
2999
3019
3044
3008
1974
2960
3028
3004
3029
2931
3031
2997
2926
2704
3015
2994
3049
3007
1885
2998
2988
3011
3029
3019
2565
3008
149
1448
1514
2849
3001
1535
483
2981
2990
3033
788
3041
2978
3017
2993
3064
3004
2993
1567
3059
3006
3033
3029
3023
2958
721
2982
3037
3037
3021
3041
3045
3021
3016
3039
3006
3017
3026
3027
3017
2970
3001
3027
3030
2984
2829
3014
3020
3053
2979
3001
2993
2811
3039
3041
3049
3007
2966
2939
3039
3034
3000
2998
3018
2999
3008
3020
1347
224
2995
170
2659
3019
3030
2988
2966
3017
3032
3034
2350
303
3019
2865
3030
3010
3007
3023
3032
2968
2971
3007
3030
578
3002
2992
3022
1138
3038
2793
3023
3028
3016
3027
155
2954
3042
3008
2987
3024
3042
139
3017
3009
2989
3019
3004
3014
3098
3028
223
3028
3027
2981
3035
230
872
3040
3041
512
272
3035
3035
3025
3036
3024
2982
2990
3022
3060
3007
3049
2997
1252
3035
2985
2996
3010
3010
2967
3030
3006
3037
2980
3015
2995
3039
1643
3016
451
2957
3042
3033
3044
3011
3009
3024
3011
3020
2942
136
3028
3043
3039
2159
1260
2968
2964
3017
2970
3012
3022
3081
3021
3039
2226
3006
3025
3026
3013
2999
3020
3016
3037
3009
3007
2166
2994
2996
2538
3011
2359
3008
539
3029
3016
3033
3048
321
3003
3014
2995
3002
2816
3032
1568
2697
3047
3013
3018
3036
3050
2972
2998
2977
3089
2982
3047
3053
2311
2986
3023
3041
3017
3046
2989
3051
2918
3027
2979
2065
3023
3033
3015
3020
1889
2950
3029
3029
2029
3048
3042
2998
3013
2988
2153
3006
2980
3041
2796
2929
3056
3019
3047
1286
3014
3032
2990
3029
1907
3028
484
2953
2993
3002
2940
3024
3027
3029
3030
3030
3005
3035
3016
3033
3000
3042
3003
3031
3041
2989
2981
1457
3001
3023
3025
1113
2963
3001
3025
3014
147
3015
3017
3062
3025
3017
3046
3033
136
3033
3031
1238
2183
3072
3001
3027
2993
3037
138
2995
3045
3013
3071
2984
3037
1865
2784
134
1390
454
2977
3021
3004
3031
2969
2313
2994
3005
3033
3015
2993
3005
1964
3025
3023
3017
3036
3006
2978
3004
2995
3008
3003
2319
2989
3030
3033
1614
3001
2701
3011
2995
3041
3002
3027
3021
3015
276
2995
3017
3032
3020
2983
3001
2747
2993
3048
3004
2955
3063
3019
3039
3081
2957
2992
3019
3020
3008
3006
3034
732
1967
528
569
3021
2989
3027
3018
2987
3021
3011
3014
3006
2961
3036
2915
3014
3000
3028
3020
3032
3030
2996
2995
2999
2972
3029
3008
3019
3011
3025
3024
2982
2989
2958
3019
3016
3034
2900
3039
2554
2184
3031
3013
3026
3040
3000
3035
3024
3022
3003
2982
3001
799
3059
3043
3030
3007
3016
3048
3027
2990
3014
3046
3017
2985
260
3103
2972
3052
3006
2973
3023
3030
3032
3019
2981
2986
3009
3014
3028
406
2815
3012
3020
2988
2994
2574
3064
3028
3004
3042
3002
1822
3013
3020
3051
2979
3011
2986
3026
2700
3037
2361
3016
3028
3046
2995
3047
3066
3027
2997
3011
3000
2991
2995
3019
3017
2923
3004
2998
3005
2872
3015
3027
3003
2943
3011
3040
3045
3023
3039
3037
2534
2986
3021
3014
3006
2976
2358
2984
2994
3034
3019
3022
3024
2840
3007
3022
2989
3010
2984
3030
301
3013
3038
2089
2901
3005
2858
3004
3014
3010
2907
3024
2996
2582
2997
2996
3003
3037
2990
2996
3062
2999
2996
3005
2979
3001
3014
3012
241
3032
151
2985
3026
3027
3021
2774
3023
3018
1696
3040
3016
2942
3014
248
3056
3008
2999
3015
3048
2997
2991
3026
3028
3007
2988
3018
541
3083
2996
3043
2996
3028
3017
2666
3022
3020
3021
3021
2981
3028
3017
379
3023
2956
333
3016
3017
1828
3032
3058
3035
3035
2616
2972
3012
2979
3006
3002
3023
3013
3063
3025
3017
2994
3000
2312
3037
3014
3045
1217
2981
2997
3009
3011
3088
3012
3037
2986
2912
3034
2961
3001
3009
3004
3043
3003
3020
3052
2452
3025
2072
3031
3016
2946
3032
2995
2990
3029
3004
2984
2642
2998
2997
2977
2950
3019
3020
3030
2995
2949
3009
2940
2997
236
3015
3030
2997
3024
2818
3005
201
3037
2986
2998
3073
3016
2999
2953
2979
3018
3025
2984
3027
3015
3025
1670
143
2994
3018
2990
3010
3025
3047
2996
329
3039
3013
3044
2996
3024
2995
224
2987
3033
3014
3022
2979
2456
3029
3018
2968
3016
3078
3048
3005
3046
2994
2995
3041
3012
3080
3051
3025
3025
3000
2079
3011
3032
2984
3049
3026
1111
2992
2974
2647
2942
2996
3022
3032
2959
3039
1062
3025
2379
3068
3052
3064
2986
2953
3000
3025
3022
2648
2987
2960
3040
3031
2359
3029
2989
2971
3020
3012
248
2962
3048
2901
2967
2320
3023
2989
3011
2961
3017
155
3013
3062
212
3003
2969
3028
3029
3001
2997
2994
3055
3024
2969
3040
3037
3060
3033
3027
3038
264
3046
3024
3031
3000
3043
2962
1384
3028
3035
2996
3003
3021
2960
3023
3007
3016
3033
3008
2978
3101
3066
2995
3005
2991
3046
3001
3040
3013
3016
2851
3058
882
2734
3030
3019
3043
130
1198
3041
3042
3017
1997
3009
3004
2993
1366
3071
2180
3024
3063
3032
1239
3044
2994
235
3056
3006
2994
1821
2979
2999
2647
3016
3042
3015
3001
3028
3000
3013
3040
3002
3084
3030
1850
2993
2409
3035
2994
3023
3038
3022
1376
2992
3016
3011
2892
3004
3030
3030
3019
2773
3039
3015
2964
3009
3014
3031
3005
994
3020
146
2965
2994
3000
2131
3101
3002
2985
575
707
2859
3017
2996
3020
3026
3026
3014
3023
3001
3018
3023
3025
2942
3036
2978
3025
3012
3029
3043
475
2978
3018
3051
3023
3001
2969
3010
3039
3040
3005
3018
3006
2836
3009
2917
3005
3030
3006
3018
3052
3018
3012
1408
3003
3019
3028
3008
3040
2998
3020
3022
2832
3042
2999
3118
3000
3026
3019
2979
3036
3023
2973
3006
3043
3016
733
3067
231
1329
3011
3029
3068
3034
2969
3036
2992
939
3002
2957
3021
3040
3013
3039
2547
3092
2991
2967
3022
2976
2996
3002
3013
3090
2864
2959
3002
682
2977
3023
2992
3033
2911
3025
3031
3023
3015
3009
2995
2987
2998
2997
2844
244
2882
3046
2973
2836
3024
3017
3035
3047
3083
3025
3015
2976
3014
3001
3012
3043
2986
2518
287
3009
2990
3024
3034
1651
2993
3047
3036
3056
3008
3018
3010
3044
2987
2780
2066
3010
3025
3059
3023
2986
2997
3012
3018
3097
3025
2988
3033
2985
3002
3001
3020
2976
203
2794
1512
2870
3007
2998
3020
2716
2735
2931
3016
2970
2972
3042
2590
2414
619
751
3003
3004
3027
3052
3020
3025
2985
3000
3079
556
3013
2998
3004
2336
3040
2959
1763
3011
3038
3021
3007
3010
2513
3039
3013
2962
2952
3047
3000
3020
3003
2980
2512
3013
3019
3058
312
3027
2993
151
3027
157
3021
2866
3105
776
3022
3058
3028
1161
1052
3011
3042
2998
1152
2984
3040
2987
2994
2999
3034
2974
3016
2941
3001
246
3094
2991
2801
3019
3013
3031
3024
3017
2537
3053
1069
3012
3027
3008
701
2995
3012
3008
3000
2918
3020
3004
3100
657
312
2989
1305
2998
2985
3005
2980
3016
3033
2709
231
3023
2987
1633
152
3015
3012
2944
2997
3040
3040
3031
3020
3012
2875
3022
2985
2985
1758
3034
3010
3003
250
3010
3002
153
3059
1797
2976
3013
3000
3034
3013
3025
409
2984
3017
3067
3002
2218
3081
3033
3018
3017
2496
3014
325
3050
2970
3021
145
2471
3045
3031
3030
3001
3034
2987
2998
3063
3018
3024
193
2962
3016
3019
3049
3030
3032
3020
2957
356
3034
2994
767
3000
3028
3008
3014
3022
2968
3014
3037
2997
2997
2609
227
2967
3016
3068
3006
3041
3001
3022
3002
3006
2993
2924
1891
3005
3031
3020
2269
3081
2963
2909
514
3011
3003
3003
2963
3003
3037
3011
3035
3002
2996
2939
3047
3017
3002
3024
2997
2986
2977
2982
3019
3023
1119
3018
3044
3046
3039
3036
3030
3030
3025
201
2995
3043
3026
2981
160
3006
3016
3024
3017
3038
3014
1358
3022
126
3021
541
2719
256
2929
3015
2993
2973
3028
3063
2992
2986
2787
3036
3040
3085
2991
2981
3009
1852
3023
1459
2959
3003
2992
3011
3003
3008
1652
3025
2992
3025
3025
2974
968
3019
3039
1777
1415
3012
3009
3024
2970
3024
2995
2986
3049
3025
3008
2978
3010
2961
3054
3020
3023
3031
2988
3002
3017
3021
2999
2990
2822
3023
3012
3031
3046
3024
3021
3023
3018
3020
3028
3035
3012
3025
3032
3003
2796
2999
3041
3018
3022
3036
3032
3033
3031
3099
3015
2978
3031
3033
3002
507
3040
597
2959
3035
2304
2989
3020
3050
3023
3019
3003
184
2999
2996
2990
3038
3057
2665
3017
2896
2879
2999
2984
2975
3012
2909
3019
2990
2993
3040
2742
2992
2990
3048
3011
3011
3018
3023
2978
3033
3043
3002
2992
2987
3031
2991
2994
2998
2253
3023
2999
3028
3014
3002
3038
3031
2546
3050
3032
239
2997
3011
2528
3020
2354
2997
2946
2999
2956
1663
3008
3005
2987
3017
3031
3038
3004
3007
2779
3013
3024
3018
1647
2987
3026
3016
3018
2992
2987
332
3011
2961
3014
3023
2995
2989
3069
3052
2280
3018
2982
3065
3019
3006
3027
3011
1606
2973
3000
328
3026
529
3027
3041
3002
3122
3022
722
3046
2751
2984
3006
3010
3026
3024
2000
3019
3032
3046
3019
2998
3022
204
1314
2975
2558
872
2008
3023
3032
2993
3035
3034
3019
431
2999
3005
3011
3014
3036
3010
3001
3040
2995
2948
3013
3016
3045
3024
1457
412
2753
2940
2984
2994
2975
3046
2968
3042
2982
3038
3020
3029
2974
2971
738
3028
2976
3016
3010
2968
3023
2938
2993
3005
3038
3035
2978
3049
3021
2977
2921
3042
3041
3022
3005
407
3002
2975
3006
3014
3006
3042
3015
3038
3024
3002
2990
3007
3028
2922
1258
3030
3011
3023
2977
3038
3026
3060
3009
2976
3041
2998
3036
2967
3003
3025
3015
3033
3013
2946
3042
2428
1729
3035
2988
3024
178
2973
3024
3032
2985
1377
3037
138
3007
1850
3017
3001
3029
2885
2980
3014
2957
3029
2028
3034
2993
3010
3021
2989
3018
2970
3018
3023
2979
3032
2955
2963
2994
2991
3022
3023
3018
2879
3002
1494
3011
877
3010
3026
1746
3049
3038
2951
3011
1067
3023
2983
3035
2954
3010
3023
3010
3015
2827
302
2671
2997
2942
3015
2672
3034
2992
3015
3021
3019
2982
3013
3101
3003
2992
2985
3051
3013
3015
2986
3010
3004
2940
3030
3019
2995
3007
3034
3012
3021
2999
3024
1404
2993
3016
1289
2995
3003
3061
2098
3007
3015
1554
3010
3016
3028
3014
3027
2987
3004
3038
2488
2983
3042
3050
3011
2985
2997
3041
3000
3020
3026
2996
3013
2960
3013
3012
3053
3002
2789
3075
3017
3001
3007
2961
3035
3057
3037
1586
3035
1380
1848
3011
3011
2987
3032
3005
3026
3027
2997
2985
3021
3011
3063
2968
3052
2966
3003
3020
2999
3018
3019
2994
2994
139
3022
3019
2992
3023
3043
3044
3002
3004
3022
3039
2937
3045
2877
2919
3043
3029
3012
3010
3048
3031
3013
2999
3014
3001
3000
3021
2982
3023
2978
3035
3016
3128
3016
147
811
2980
3021
1762
3023
2985
3023
3007
3016
1980
3019
129
2979
3030
2998
414
1261
3007
2996
3026
3031
1274
3039
3011
3016
3022
3019
2979
2981
289
2981
3045
2956
3027
3012
2969
1189
3012
2986
3051
2189
865
3014
3061
2943
3050
174
2989
3040
3031
3013
3004
3028
3029
3014
2971
2989
135
3031
3013
3024
2945
3019
2951
3025
2924
3010
3039
242
2984
3003
3021
2213
3029
3014
3095
3004
135
2993
2619
3021
3023
2999
1695
2989
2993
3005
2882
3020
2870
2987
3009
3029
2988
3042
2331
2680
2972
3030
3025
3029
3020
3014
3002
2923
3020
2979
3015
2999
3043
1255
2990
814
3023
3032
3021
673
3045
3019
2987
3038
3014
3023
3024
3000
3012
3018
3016
151
3029
2779
3022
2970
3058
3060
3010
2999
3036
3010
3024
262
3024
950
443
3087
3005
3030
2994
2799
3023
3033
3016
2964
3013
3004
3004
2991
2992
3014
2961
2997
2989
3043
2595
2987
3028
2856
3034
893
2177
3008
3045
3023
3006
3008
3035
2990
3014
3011
3026
239
3017
3017
2969
3017
3041
3009
3033
3003
3034
3027
3011
3008
2998
3011
2928
3017
3016
3067
2976
884
3019
3006
3047
2991
2831
3025
2948
3005
3017
3035
634
3021
3029
3016
3047
3018
3065
3025
2993
3024
2779
3022
3071
3036
3020
3042
3028
610
2561
3022
3010
3017
3018
2916
3031
3001
2956
2962
3013
2985
3056
3114
3020
3028
1233
3037
780
301
3008
2996
2970
3012
3021
2997
3018
3012
2588
2980
2955
3037
2807
3018
2993
3019
3026
2999
230
2986
3053
3043
3011
3008
2984
3015
3045
2438
3023
2992
2982
3018
994
3009
2969
3106
3028
2979
2953
3007
2667
3039
2981
3034
2993
3010
2945
3021
3033
3037
3035
3037
2993
3017
3004
3028
313
233
2139
3017
3043
2996
3015
3008
3033
3039
2999
3026
3004
140
3028
2992
3026
3026
3015
2999
3008
3040
2992
3021
3009
3011
2985
3038
1930
3039
3025
1134
3026
3031
2982
3011
150
2972
2177
171
3033
2986
3006
3044
3037
3016
2986
3010
3002
2415
2990
3007
3019
786
2968
2998
3019
2559
3027
3093
3084
2990
3031
3064
3008
3034
3071
3009
2976
3021
3010
3013
3000
3003
3046
2989
3015
3037
3009
2976
3021
3005
3023
2978
3001
3020
3022
3000
3004
2994
3010
3021
2985
3007
3010
2969
3035
3024
3057
393
2993
3018
3000
3011
3005
3001
3025
3027
3001
3040
2968
3031
2931
3018
3001
2985
2985
3012
3032
3018
3019
3012
3040
2979
3011
3003
3027
3037
2574
2987
3024
3026
3051
2995
3045
2975
3010
3050
3015
2983
2989
3060
3043
3024
2989
3007
3004
3007
3026
3030
3014
3015
3008
3061
2797
3014
2384
3012
2989
3009
3049
3005
1009
3029
2986
3042
3048
1594
3007
2978
3001
2179
3071
3029
970
3004
2977
1903
3036
141
3025
3035
3023
3021
2997
2994
3039
3025
3063
3033
2978
2964
2964
3034
433
2982
3007
136
3048
3017
2755
3046
3011
3016
3016
3006
3030
3035
3001
2146
3015
3024
2963
3026
2445
3004
3030
2991
2776
3006
2993
2998
2768
2996
3009
2994
2970
3032
3030
2996
2971
2848
3006
3025
2988
2749
2999
2984
3019
2127
3000
3026
3016
2210
2974
3027
2999
2976
1381
1234
2968
2986
2181
1793
3013
3035
3023
3025
2957
3042
2953
3033
3020
2937
3093
3022
3062
2992
3019
2990
2964
3008
3005
3030
3014
3038
1596
3035
2987
2546
3039
3028
3005
3022
2997
3011
3028
2987
2997
2959
2991
3006
2987
3002
2988
3031
2980
3000
2965
3008
1306
367
2985
3029
3018
3028
3045
3105
3045
2313
2994
3022
3027
2964
2983
3038
3012
2983
3017
191
2994
3031
3032
2995
2991
2971
2984
3021
152
3050
3021
2220
3039
3022
3009
1196
2770
608
2994
2999
1691
2989
3007
3017
3018
3099
154
3007
3034
3025
3013
2992
2943
3017
2982
3006
3025
3084
2991
1360
3015
3003
3013
3008
2999
2528
2956
258
3014
2864
2980
2995
3041
3005
2961
3002
3016
2999
2975
2569
2992
3039
3007
1271
2682
3025
2986
337
2985
2665
2989
3008
3040
723
3028
3023
915
2962
2995
3005
3019
3029
2995
1190
3005
3001
3025
3037
3019
1022
3027
1913
2991
3004
3004
215
2870
3017
3013
3007
2834
832
2994
3045
3023
3024
3062
2575
3025
466
3034
3065
2143
148
3015
3014
3007
3018
3005
2977
1893
3041
3108
2973
2624
3025
2960
150
3031
3016
3050
3043
3029
2997
2960
2988
3027
3044
3039
2958
2992
3023
3030
3016
2986
3006
3006
1911
3024
3006
3020
1596
2963
3021
1923
2968
3052
2948
3036
3005
3045
3022
3052
3043
3043
3033
2568
3041
3065
3034
2994
3029
3002
2996
3017
2995
3019
3007
2989
3030
3020
3069
3022
3039
2995
3013
3027
3001
2993
2986
3001
2990
3039
693
2994
3036
3047
3012
3025
2993
2999
1484
2987
2901
3004
2258
2947
2973
3006
3026
3012
3025
3020
3005
1073
2991
3036
2969
2920
3035
3009
3010
2999
1623
3047
2937
2984
3013
3015
3003
2992
3026
3014
3005
3009
3020
3020
2937
3026
3030
3024
3001
3037
3026
2981
2545
2957
3006
2963
3042
2970
3064
3007
2963
3024
2868
3021
3036
2964
3000
3019
194
3006
3028
2990
3003
2986
2985
3044
1757
3001
2507
590
3015
3037
2665
2956
3024
2967
2993
2974
3007
3029
991
2465
2899
2966
2015
2967
3008
136
3022
600
3006
3032
3022
3009
2982
3038
1612
3028
3036
3017
3003
2962
3038
2332
3049
3007
223
3015
2998
2882
3022
3005
3018
2963
2985
195
3017
2970
3034
1927
3045
3016
3024
3017
2996
267
3024
2972
3029
2949
2983
2824
3050
2977
3023
1182
2971
3000
3043
2997
3013
3012
3021
3011
2996
2987
3001
3015
3085
3027
3008
3007
3009
2010
3010
1752
1477
3020
3001
3011
3000
459
3005
3004
2955
3016
2978
3003
3003
3013
2930
3004
2844
3008
3002
1494
3025
1721
2740
3026
3069
3023
3032
3058
3034
879
3017
2581
2724
2989
3036
2964
3041
3036
971
3116
3029
2983
3039
3004
3017
3046
2999
2998
2994
2945
3021
2016
3008
3008
3021
2998
3030
3046
3020
2976
3023
3058
3011
3021
2064
3006
3063
3009
2994
3027
3022
3029
3004
3026
3009
2995
3018
3017
3014
2999
3018
3010
3023
3034
2973
222
2670
3012
3024
3054
3049
3030
3064
3033
2936
3008
2951
2989
2995
3036
2997
2996
2811
3004
131
2992
2987
3036
2976
2984
3038
3021
2972
3031
2965
2955
3018
3040
3011
3041
3013
3035
3026
3007
2985
2989
133
166
3020
132
2973
3002
3031
3021
3024
2739
242
2990
2981
2964
3015
3023
2624
2996
3031
1373
3000
3009
2992
3004
2978
2832
2960
2987
2229
2980
2998
2987
3009
2342
3016
1082
3011
3015
3022
3016
3019
2982
3080
3032
2976
3005
2994
3034
132
2995
3026
3031
3038
2999
3017
3068
3016
3030
2994
2982
3005
3023
3034
3047
3008
1156
2925
3005
3042
3015
3017
3010
1056
2959
743
2992
3013
2978
2740
1761
3021
3020
3060
2999
3022
373
2682
1348
3026
3041
2981
3024
3016
3009
3035
2978
2835
3064
2988
3024
191
2973
2981
3006
3055
2868
3042
2968
2993
2887
3005
2995
2990
3096
2977
3003
3015
3018
3014
2995
3023
134
2981
137
3032
3007
3026
2996
2976
3006
3029
3003
3004
3035
3016
3028
3032
2974
3036
3049
2991
1062
2957
3024
3042
3033
3024
3017
909
3019
3012
3026
3022
3028
3015
3019
2967
2955
3052
2971
3010
3026
3000
2551
2993
2983
3038
3001
3002
3018
2998
1163
3014
2988
2993
2990
3033
2965
3010
3081
162
2997
3015
3015
3018
274
2992
3017
3028
166
3031
147
2932
3022
3038
2516
2982
3029
3025
2987
3032
3002
3003
2962
2999
2998
3044
3029
2961
3041
2937
3044
2953
2978
2989
3026
2898
2995
725
3001
3061
3053
2870
3023
3023
167
917
3015
3018
3031
3010
3031
2836
3005
3006
3025
2990
2969
3007
1582
3020
3029
147
3017
577
2999
3026
3025
2871
3009
2989
3013
3039
3023
3048
3046
3037
3015
2308
3049
2410
2226
1893
171
169
554
2950
136
3025
3025
3009
3022
3021
3024
2898
3026
3010
3013
400
3042
2979
3018
2986
746
3011
2992
3045
3028
3012
2985
2991
158
2960
149
3035
3018
3022
3036
2995
2999
2979
1964
2995
3065
942
3027
3052
2735
3043
3002
2983
3006
3018
3000
1557
3000
1398
2974
1616
2987
3021
3063
3017
2067
3054
2573
3028
3018
3040
3026
3034
2996
3026
2991
2992
623
3073
3000
3002
2941
2986
3043
3029
815
3017
3001
2996
3056
2476
3014
1959
3015
151
3046
3004
2869
3001
3008
3024
3021
3056
221
3023
3042
3032
2930
3057
1917
3010
3008
3000
3001
3033
3053
3030
3033
3027
2953
3021
3035
3020
2992
152
1472
2995
3012
2912
3084
3003
360
2982
3039
1305
3002
3024
2996
3087
3026
3007
3018
3004
3013
2999
2850
2617
3025
3016
2993
3010
3012
3027
192
3012
3014
2999
3004
3033
3025
3034
3018
3031
2981
2992
2995
3018
1043
2939
3008
3027
2737
3025
3042
3023
3010
3012
2967
3020
2980
2968
3029
2953
2338
3012
2986
3090
2988
3022
3031
3009
3025
1289
2963
3028
2989
3029
3007
2969
2977
3014
182
3036
2987
186
2992
3043
3001
3024
3003
1577
2997
2972
3003
3020
3026
3046
3006
3025
2929
2989
3016
2992
2990
3009
567
2998
3019
3013
2475
2999
3037
3005
2215
3007
2986
2948
3003
3053
3022
3044
3017
1281
2994
1875
3014
2574
3029
3010
3012
152
2998
2995
3012
3014
2881
3002
3031
2999
2991
3045
3031
2963
2937
3018
3030
2986
2957
3019
3005
3047
1338
3006
3016
3018
3075
2996
3033
2358
2980
2993
161
2747
3049
3022
3039
3060
3010
2961
3007
3023
3044
2988
3046
3011
3045
3009
2998
3017
3014
3005
3017
1328
2996
460
383
2974
3020
3039
3003
2994
3007
3001
3032
3031
3004
3030
3025
2960
2906
3012
3003
3043
3029
2994
682
193
177
3015
3011
2970
140
2975
3020
3047
3023
2982
2982
3032
2977
2989
2995
3016
1219
2996
2992
216
2842
3032
3010
3030
3040
3029
3076
3009
3015
2993
2943
2977
3010
2983
3024
3015
2983
3016
2995
1639
1425
3000
3016
2985
2993
3001
2993
3019
3026
3008
764
3045
3009
2991
3020
2634
2996
2853
3073
2241
3012
3005
365
3023
3033
3023
1507
685
3020
3027
3025
3001
3034
3014
3014
3023
2860
3016
864
511
3004
2990
2998
3028
3016
3039
2998
2206
3012
3022
3013
3012
2649
3024
3036
2970
3011
3005
3038
3008
2946
3017
2970
2951
2996
3041
3041
3018
534
3004
3025
3040
975
3042
2979
3029
3017
3004
2980
2296
3035
3037
2984
3033
301
3018
1514
3037
3016
2979
3023
2976
3051
3060
3015
2993
3038
3054
3045
718
3002
3049
1062
3017
2994
232
3047
3011
2974
337
3007
985
3016
136
2779
3056
3003
3022
2950
2966
3001
3007
2986
2791
3012
2993
2951
3012
3040
3039
3040
3023
3035
2991
1453
1962
3016
3005
2982
3015
2103
194
3044
3012
3016
2979
3002
2966
3033
3012
3044
3037
3071
2155
3019
1953
2993
2931
3001
2995
3032
2993
3038
2981
3084
2757
3054
3029
3000
1081
3041
2960
3033
3016
3017
2993
2892
3019
3033
3011
2963
3020
3010
3022
3016
2327
2509
2182
3007
3064
3022
2817
3038
2972
2988
2969
2997
3052
3052
3005
3009
3004
3004
3026
3068
3030
2973
3040
2983
3008
2947
3031
1994
3099
2994
2978
2999
3030
3042
3009
3023
2940
3030
2979
1648
3002
3003
3010
3030
2981
2922
3016
3027
2984
3004
2999
3032
2985
2998
3017
2990
3036
1118
2990
3016
2994
2795
3010
3038
2999
260
3009
3018
3004
3020
2862
2944
3073
3031
3036
3006
3044
803
3017
3013
2999
3040
3010
2995
2993
2996
3011
3016
170
638
3019
3039
3036
3005
2028
2996
2028
3012
3017
2951
3023
2997
2990
481
3000
1915
3034
3028
3021
3028
1701
3024
585
3020
3019
3053
3006
188
3030
2975
3004
3018
3020
3002
3020
3013
2549
3005
2971
3019
3010
3028
3022
3001
2988
3051
1868
3037
2996
2658
3031
3007
979
2954
3022
649
3004
3040
3000
3046
2990
2964
3008
154
148
3028
3031
3026
3037
3013
3020
223
3011
2982
3025
3015
2985
461
2988
3059
3028
3032
2835
3018
2767
3029
3051
3029
2967
3007
3029
159
2932
3024
3021
3036
2331
3030
2999
3006
3021
3031
3023
2997
3020
3020
3056
2313
3003
169
2964
2150
3025
2988
2999
143
128
3020
3026
3016
2400
2739
3021
214
3024
2614
2250
2996
3054
2982
2959
1986
3043
2960
2989
3002
3005
161
3007
3007
3015
2964
3039
2969
145
3016
2985
3001
3043
2985
3027
3018
3023
3042
3024
3070
3049
3024
2995
3040
2997
3020
3026
2995
3026
3046
3020
1016
3019
3012
2982
3035
3003
2381
2983
2994
3002
2975
3035
3024
3020
3022
3034
3002
3011
2988
3029
2998
3014
3024
3019
3013
3038
3035
2998
3000
3021
3031
3013
3032
3006
3031
2982
3009
3010
2998
2860
3007
3014
3037
1019
3032
3012
3033
3015
3092
3038
2732
2989
3007
2981
3029
3027
3085
3004
3036
3008
138
2934
2993
3029
2548
3050
3011
3013
3000
2981
2730
3030
3028
3030
2989
3048
3030
2938
3013
3036
2803
3003
2988
3026
3015
2984
3020
3041
3037
3031
3020
3026
3023
3020
3006
2988
2999
3030
2979
3011
3007
2903
3007
2997
3012
3015
3008
3000
2848
3015
3001
3006
3018
3064
3033
2998
3051
1441
3039
2955
3042
515
3008
3029
3037
3000
2999
2993
2992
3007
3011
3014
3004
3050
3036
3026
3013
833
3026
3016
3021
3022
3019
3020
424
3030
2986
2797
976
2993
3000
3042
3046
3034
3007
3045
3030
3003
3026
2993
3007
3019
2991
2982
3004
3007
3023
3032
2981
3035
3055
2850
3038
3060
2989
3057
538
3038
2980
3042
3008
2975
2073
3042
2934
3041
2984
3020
3015
3023
2966
3008
3020
2993
2993
3004
3012
3004
3032
3035
3022
3003
3007
1890
2957
3000
3028
3002
2945
3036
2801
3019
3023
3012
2971
3026
2986
3019
3001
3004
3063
3046
2417
3032
