2998
2950
2920
2954
2985
2951
2974
2955
2952
2938
2951
2947
2968
2969
2931
2934
2980
2963
2953
2929
2956
3017
2974
3010
2977
2971
3001
2980
2955
2955
2938
2976
2943
2962
2951
2945
1784
2114
2963
2349
2977
2959
2946
2994
2940
2836
2959
2944
2955
2993
2962
2946
2933
2832
2962
2960
2986
2957
2976
2976
2923
2968
2968
2956
2984
2961
2832
2982
2948
2951
2964
2949
1011
2982
2952
2978
2985
2946
2925
2989
2836
2929
2945
2955
2924
2913
2968
2979
2957
2977
2975
2962
2974
2963
2957
2925
2944
2898
294
2990
2927
2983
2958
1407
2961
2921
2990
2986
2956
2849
2946
2776
2973
2935
2971
2960
2330
2955
2945
2981
2950
2931
2958
2982
2981
2994
2969
2921
2975
1925
2963
2970
2987
2950
2944
2980
2949
2984
2999
2965
2970
2963
2952
2950
2977
2315
2980
597
2927
2906
2984
2985
1938
2948
2928
2964
3008
2987
1831
2979
2924
2946
2988
2962
2972
2938
2969
3067
2995
2955
2960
1049
2922
2967
2971
3003
3008
2951
2950
2951
2959
2989
2961
2951
2994
2933
2974
2990
2965
2990
2957
2932
2975
2980
2970
2942
2949
2966
3048
2989
2798
2961
2926
2819
2988
486
2937
2980
2843
2963
2977
2971
2937
2971
2970
2966
2963
2978
1686
2938
2923
2971
2934
2959
2942
2981
2968
2954
2947
2972
2962
2935
2959
2906
2962
2945
2970
2981
2551
2971
2975
2934
2960
2998
2992
2573
2343
2965
2954
2974
2973
2955
2895
2954
2998
3041
2959
2627
2952
2976
2959
2894
2932
2906
2923
2957
1717
2940
2967
2924
2888
2835
2970
2966
2962
2966
2937
2967
2981
2971
2998
2959
2948
2999
2993
2925
2993
2955
2961
2981
2939
1524
2938
2960
2960
2945
2942
2966
2931
2937
2958
357
2708
2927
2963
2952
2997
2966
2901
2983
2964
2931
2940
2993
2368
554
2971
3006
2955
2973
2987
2965
2941
2955
3008
3007
2894
2947
3013
2297
2986
2960
2912
2968
2969
2976
2931
2964
590
2938
2941
2940
2984
2988
3020
2992
2929
2966
2986
2950
2970
2943
2396
2937
2975
2949
2987
2964
2943
2976
2967
2783
2940
2955
2960
2184
2965
516
2743
3005
2928
2974
2956
3010
2999
2634
3022
990
2819
2965
3014
2928
2959
2960
2914
2921
2975
2942
2915
2955
2977
3007
2978
363
2970
2966
2976
2966
2973
2971
943
2955
2989
2965
2972
1262
2991
2982
2967
2980
2981
2979
2976
2954
2987
2980
2939
249
2961
2977
2974
2979
2960
2978
2941
2966
2963
2955
2982
2979
2927
1085
2953
2964
2942
2981
2966
2988
1001
2936
2950
2952
2969
2938
2965
2955
2958
2947
2953
2981
2973
2916
2919
2974
2911
502
2949
2983
2942
303
2969
2985
2973
2956
2973
2967
2498
2988
2971
2916
2949
2952
2959
2192
3052
2996
2981
1388
2938
2946
2931
2946
2961
2938
2877
2976
2985
2934
2946
1830
2962
2937
1882
2951
2493
2981
2965
2905
2977
2975
2947
2957
2905
2966
2363
2971
2970
2935
2968
2788
2974
777
2954
2980
2893
2955
2975
1213
2974
2956
2959
2782
2884
2986
2233
2968
2931
2917
2961
2970
308
2915
2987
2960
2972
2906
2555
2960
2962
2919
2932
660
2959
2966
1463
2937
2967
2997
2962
2981
2909
2929
2968
2974
2954
2925
2956
2971
2969
2960
2937
2822
2984
1638
2964
2981
2962
2937
2983
1145
2968
2959
2946
2928
2979
2963
2930
2955
2947
284
2938
2953
2966
2033
2472
575
2952
276
2949
2954
2679
2955
2228
2883
2912
2941
2934
2978
2948
2974
2977
2948
2967
2997
3011
2934
2926
2937
2988
2935
2910
2975
2978
2947
2963
2934
2934
2994
2987
2964
2977
2975
2974
2937
2934
2936
2792
2980
2962
2828
2971
2998
2957
2966
2980
2977
2969
2966
2840
2919
2929
2975
2956
2957
2936
2902
2961
2970
2972
2991
2949
2964
2999
2983
2621
1030
2946
2950
2212
2978
2953
2759
2948
623
2961
2963
2862
2978
2965
2972
2949
2922
2969
2939
2943
2304
2889
2965
2949
2963
2976
2992
2934
2982
2976
2969
2976
2909
2964
2936
2963
1613
2938
2969
2940
2986
2584
2977
2919
2934
2986
2919
2914
2916
2976
2978
2944
2951
2953
1682
2915
2408
2088
2948
403
2952
2957
2981
2989
1309
2933
2987
2958
2975
1745
2984
2995
2977
885
2954
2965
2988
2975
2943
2963
2974
2976
2945
922
2808
2972
2953
2947
2895
2777
2927
2932
2974
2351
2934
2940
2950
2971
2975
2820
2960
2981
2998
3016
2956
2967
2965
2968
2954
2991
2975
2518
2957
2898
2961
2956
2907
2996
2962
2863
2945
2985
2965
2917
2955
2966
2956
2974
2985
2993
2957
2940
2950
2955
2976
2983
2940
2955
2956
3019
2969
2968
2974
2981
2991
2958
2933
2942
2957
2989
2980
2976
2961
2988
3003
2954
2929
2938
3047
2928
1915
2961
2286
2950
2902
607
2938
1512
2971
2951
2939
1819
2953
2958
2986
2953
2966
2959
2951
2910
2953
2964
2953
2950
2990
2981
2912
2969
2999
2497
3011
2952
2912
2943
2976
2939
2939
2961
2972
2979
2956
2967
2984
2501
2956
3009
2942
2972
914
2951
2915
2956
2914
2944
2955
2902
2989
2962
2948
2962
3010
2961
2962
2950
2961
2967
2996
2980
1695
2914
2988
3030
2877
2993
1083
2967
2929
2935
2665
2942
2752
2982
2971
2994
2969
2960
2977
353
2980
2946
2952
2962
2962
2999
2962
2971
2943
2947
2948
2966
2281
2980
2960
2961
2972
2986
2967
2979
2894
2994
2941
2981
2962
2967
2973
2962
2990
2974
2987
2969
2843
2865
2992
2600
2916
2969
2948
1950
2978
2956
3038
2959
2936
2952
3002
2952
1037
2933
486
2970
2933
2963
2967
2945
3004
2921
2992
2471
2954
2980
675
2955
2949
2714
2934
2800
2003
2933
3011
3020
2941
3003
2803
2952
2946
2969
2966
2969
2936
2976
2945
312
2957
2972
2976
2970
2986
2958
2990
2993
2957
2989
2986
2968
2950
2959
2673
2942
2956
1497
2980
2953
1908
2950
2965
2972
2943
2966
2930
2958
2557
2930
2969
2984
2937
2970
2902
2976
2957
2966
3053
2933
2942
2962
2944
2967
2964
2989
2894
2960
2998
2987
2955
2960
2913
2933
3042
1528
2953
2976
2940
2203
2947
2969
2650
2983
2950
2927
2947
2943
2967
2976
2923
2942
2984
2943
2988
2928
2938
2946
2965
1501
2940
2975
2989
2621
2983
2969
2995
2981
2955
2967
3006
2980
446
2949
2977
3009
2385
2984
2981
2989
2935
2966
2961
2966
2965
2969
2924
2945
2957
2933
2928
2978
2985
2982
2955
2916
2977
2963
2978
2959
2952
2998
2923
2937
2921
2903
1134
2966
2975
2958
2912
2942
2971
2969
2963
2978
2689
2945
2143
2956
2013
2969
2952
2974
2928
2943
2980
2957
2953
2951
1968
2985
2972
1728
1342
2953
2438
2959
2967
2920
2960
1277
2944
2980
2963
2966
2969
2973
2934
2622
2953
2965
2933
2962
3034
2930
2838
2930
2949
2944
2939
2957
2940
2964
2971
2972
2913
2955
2995
1341
2944
2974
2939
2994
3035
1772
2937
2986
2981
2996
2955
2736
2947
2947
2947
2951
2932
2968
2927
2644
2963
2972
2940
2940
2938
2970
3054
2699
2992
2994
2967
2984
2829
2970
2938
2808
2893
2949
2953
2973
2999
2928
2950
2958
2931
2986
2945
2874
2944
2894
2939
2977
2915
2913
2982
2952
2973
2963
1300
3023
1639
277
2912
2972
2991
2985
2914
2990
2948
2928
2995
2906
3020
2944
2917
2883
2907
2988
2991
2974
2956
2990
2167
2967
2969
2947
2962
1515
2948
2995
2956
2520
2949
2974
2957
847
2962
2793
2964
2959
2975
2980
2899
2553
2962
2933
1264
2957
2407
2932
2979
2974
2959
2935
2347
2942
2943
2942
2987
2997
2966
2980
2959
2922
2968
2981
2959
2982
2670
2669
2957
2986
2938
2973
2939
2963
2959
2964
2929
3019
3044
2957
2978
2963
2962
2987
2915
2926
690
2954
1920
2958
2960
2403
2962
2969
2831
2963
2960
2961
2950
2942
2983
2978
2928
2988
2183
2973
2138
2913
2969
2800
2924
2936
2978
2993
2977
2976
2991
2957
2932
2976
2924
2997
2956
2833
2973
2973
724
2978
2166
2953
2971
2971
2953
2918
2934
2989
1393
2771
2962
2985
2959
2936
2990
2597
270
2997
2960
2956
2998
2951
2932
2941
2959
2993
2964
2996
2975
2991
2964
3011
2987
2959
2941
2946
2998
2944
2946
2937
2987
2948
2975
2954
2987
2972
2982
2968
2994
2946
2943
2873
2940
2958
2968
2962
2926
2952
2988
2928
2984
1623
1252
2960
2884
2945
2953
2976
2958
2926
2949
2925
2950
262
2984
2984
360
2941
2958
2969
2938
2878
2921
2968
2956
2931
2963
2960
2949
2954
2970
2969
2954
2956
1640
2996
2951
1369
2974
2985
2949
2974
2949
2979
2960
2955
2981
2981
2942
3027
2074
2972
2989
2969
2955
2969
2963
2965
2983
2959
2969
2974
2952
3012
2996
2984
2981
2952
2943
2938
2963
2907
2983
2911
3010
2981
2989
2961
2964
2929
2967
2020
2519
2924
2949
2945
2987
2927
2908
490
2961
2956
2948
3020
2003
2995
2989
2979
2950
2969
2928
2933
2983
2957
2570
2972
2809
2967
2970
2967
2980
2809
2944
2955
2770
2967
2971
2970
2950
353
2976
2962
2916
2958
2936
2964
292
2923
2967
2936
2945
2970
2932
2993
2904
2985
2509
2963
2970
2962
2982
2952
2901
2958
2954
2957
2948
2959
2135
2957
2961
2981
2915
2947
2957
2983
2932
2970
2960
2976
2957
2970
2956
315
2738
2941
2967
2963
2966
2950
2956
2976
2959
3027
2953
2964
2933
2947
2992
2981
1508
2973
2897
2977
2960
2937
2959
2941
2975
2982
2935
2961
2919
2927
2950
2954
2951
2932
2962
2968
2946
2963
2956
2973
2950
2934
2964
2950
2342
2960
2913
2953
2954
2955
2999
2950
2986
2930
355
2952
2955
2958
2887
2818
2992
3048
2951
2983
831
2992
2972
2970
2920
2992
2811
2927
2959
2989
2972
2972
2937
2976
2961
2945
2917
1976
1187
2968
2998
2955
2940
2968
2990
2919
2988
2957
2995
2973
2966
2948
2932
2921
3034
2979
2931
2956
2944
2975
2944
2943
2922
2959
2956
2977
2993
2936
2934
2959
2982
2945
2942
2956
2966
2982
2666
2978
2958
2015
2958
2934
2932
2929
2975
2950
1322
2953
2944
2960
2967
2989
1552
409
2972
2954
2946
2954
2950
2945
2969
2970
2974
2958
2916
2975
2980
2952
2941
2959
2972
2976
2981
3024
2958
2960
2900
536
2970
269
2969
2964
2961
2949
2944
2934
3020
2934
429
2954
2995
2976
2962
2970
1191
2983
2985
2829
2986
2936
2949
2967
2966
2950
2974
2980
2981
2968
2981
2920
2997
2963
2915
741
2943
2977
2987
2972
2977
2973
1845
2944
2983
2986
2939
2963
2982
2932
2985
2969
2964
2965
2962
2969
2951
2914
2956
2961
2956
2961
2971
2882
2957
2006
2968
1387
2951
2944
2960
2959
2927
2976
2394
2956
2521
2946
2926
2942
2967
2970
2959
2962
2976
2947
2931
2929
2980
2986
545
2936
2974
2946
2891
2956
2965
2964
2920
2685
2975
2969
2963
3017
2957
2875
2955
2983
2980
2992
2953
2945
3031
2964
2959
2990
2950
2956
3003
2922
2243
2979
2949
2964
2980
2980
2980
2983
2952
2768
2971
793
2026
2974
2933
2966
2939
2983
2951
2326
2948
2982
2937
423
3006
2966
2977
2975
2982
2917
2956
344
2968
2955
2955
2967
2420
2991
2940
2946
2848
2376
2992
2985
3009
2933
2873
2934
2954
2922
2918
2953
2929
2909
3011
2973
2953
2867
2961
2168
2927
2831
2941
2980
2960
2921
2340
2944
2957
2994
2949
2980
344
2975
2991
2954
2951
2967
2981
2370
2048
2989
2990
2978
2951
2959
2967
2925
2981
2960
2960
2871
2969
2957
3005
2949
2964
2977
2959
2971
3003
2942
2982
2949
2969
609
2931
2928
2978
2972
3050
2996
2967
2898
2969
2754
2997
2973
2946
2951
2981
2988
2953
2993
2895
2974
2927
2967
2932
2957
2978
2992
2962
2935
2953
2973
2978
2988
1354
894
2971
2932
2981
2950
3041
2969
2976
2967
2958
2908
2961
2912
2988
2962
2860
2954
2168
2958
2985
2922
2923
2555
2956
2988
2960
2982
2999
2971
2967
2934
2937
2996
970
1612
1086
2943
2990
2937
2864
3014
2941
2952
2930
2947
2970
2980
3007
2967
2963
2931
2955
2942
2936
2944
2961
2966
2985
298
2956
2965
2961
3010
2971
2980
2970
2942
2960
2979
1631
2978
3003
2987
2933
2967
2980
2961
2988
2957
2938
2967
2950
2971
2547
2958
2954
2913
2966
2923
2989
2977
2962
2945
2976
1517
2984
1512
2982
2887
2960
2944
2968
2966
1290
2524
2833
2941
2153
2948
2991
2819
2953
2978
2522
2941
269
2374
2963
2987
2366
3014
2413
2976
2975
2974
2938
3022
246
2920
1759
2940
2938
2980
2668
2949
2740
2959
2949
2981
1219
2944
1603
2969
2982
2950
2955
2947
2941
2941
2965
2851
2993
2965
2943
2936
2933
2814
2972
2958
2949
2968
2987
2794
2988
2890
2980
1068
2935
2938
2510
2951
2951
2960
2959
2963
2960
2540
2936
2979
3049
2961
2976
2948
2939
2956
2941
3020
2988
2994
2921
2967
2971
2965
2928
2931
2984
2937
2982
2942
2911
327
2945
2960
2924
2979
1426
2979
2969
2983
515
2964
2972
1466
2649
2931
2720
2957
2965
2830
2996
2926
1891
2971
2967
2985
782
2947
2958
2960
2964
2967
2937
2977
2969
2973
2949
3009
843
2969
2960
2950
2979
2957
2195
2967
2925
2912
2799
2918
2980
3004
2962
2974
2951
2934
2964
2916
2977
2947
2885
2966
2951
2966
2988
2958
2211
3007
2968
2983
2903
2962
2969
2950
2936
2971
2928
2981
908
2945
2959
2952
2946
2928
2939
2984
2949
2977
2963
2964
2991
2771
2981
2939
2984
2936
2341
2325
1486
1566
2972
2950
2981
2947
2947
2938
2954
2948
2973
2991
2953
2567
2956
2954
2943
2888
2951
2940
2967
2938
2945
2977
2972
3038
2951
2996
2928
2970
2918
2973
2981
2950
2958
2907
2959
2994
2980
2983
748
2963
2993
2947
2967
2999
2978
2943
2981
2965
2952
2935
2980
2968
2957
2933
2938
3014
2959
2998
2992
2942
2964
2937
315
2956
314
2966
3001
2833
2970
2990
2961
2903
2956
2944
2438
2964
2977
2930
2947
2988
2990
2947
2016
2940
3002
2935
2933
2958
2993
2954
2969
2979
2943
2959
2931
2915
2890
1692
2813
2943
2936
2977
2917
2953
2965
2975
2937
2955
2924
2977
2987
479
2992
2950
2959
3027
2979
2913
2937
2981
2967
2961
1322
1010
2963
2055
945
2960
2956
2685
2948
2972
2964
2952
2916
2936
2941
2960
2952
2727
2794
3012
2865
2962
2934
2971
2986
2972
2978
2975
1738
2947
2962
2996
2980
2982
1404
2975
2946
2982
2929
2762
2978
2925
2957
2946
2002
2957
2978
2914
2960
2982
2951
2948
2951
628
2949
2889
2967
2939
2913
2947
2965
2957
2967
2792
2961
2963
2930
2921
2949
1269
2987
2958
2947
2959
3039
1210
2961
2943
768
2955
2158
2973
1848
2937
2988
3000
2971
2947
2957
2970
2950
1028
2980
2933
2969
2952
2909
2966
2063
2926
2977
2958
2946
3048
2967
2746
2962
2994
2933
2967
2962
2972
2955
2954
2985
2966
2984
2992
2948
2807
2963
2917
2950
2977
2977
2967
2972
2906
2979
2988
2949
2929
2919
789
2442
1704
3014
2970
2960
2986
2971
2944
2936
3040
1988
2916
2961
2972
2943
2952
2951
2947
2947
2992
2962
1836
2949
2988
2938
2975
2959
2959
2953
2873
324
2997
2980
2956
2978
2982
2951
2957
2998
2425
2960
2937
3021
3001
2780
2907
2988
1846
2943
559
2957
2982
2956
2927
2980
2975
591
2988
2970
2946
2949
2959
2338
2975
2973
2969
2974
2980
2973
2965
2267
2989
2783
2953
2974
3005
2926
2945
2931
2961
2997
2988
2968
2945
3017
2956
2952
1798
2917
2973
2921
2966
2988
2977
2984
2954
2963
3002
1761
2967
2950
2969
3011
2965
2952
2649
2983
2937
2776
2991
2983
2966
2965
2897
2978
2935
2967
2947
2967
2952
2977
2952
2173
2989
2955
2983
2964
2996
2946
2938
3005
2918
2989
2976
563
2936
2961
2959
1995
2980
2943
515
2474
2951
2982
2966
2973
2970
2965
2914
1105
2962
2927
3046
2984
2921
2945
2780
2958
605
2868
2431
2970
1948
2943
2945
2965
2941
2257
2958
2412
2975
2984
2992
2980
3006
2940
2916
2971
2954
1764
2928
2968
2907
2963
2984
2336
2940
2931
2972
2960
2964
2961
3001
3035
2914
2952
2954
2962
2962
2958
2933
2940
2935
2969
2958
2979
2972
1407
2944
2943
2948
2954
2953
2987
2944
2926
1922
2934
2997
2949
2817
2987
2931
2917
2981
2978
2967
2980
2978
2991
2962
2971
2975
2961
2967
2984
2673
2951
2963
3003
2171
3000
2949
2948
2977
2988
2855
2879
2943
2839
3044
2968
2960
2972
3020
1416
2984
2965
2965
2956
2997
890
2259
2966
2974
2932
2974
2940
2942
1591
2948
2963
419
2488
2955
2968
2972
2944
2947
2929
2947
2962
2943
2978
2950
2993
2993
2967
2171
2783
2978
2925
2963
2990
2922
2938
2990
2951
2940
2962
2972
2968
756
2978
2963
2893
2996
2903
2951
2986
1342
2946
2993
2923
2967
2944
2916
3005
2994
2935
2979
2916
2953
2956
2956
2990
2946
2942
2898
2952
2952
2967
2904
2937
2765
2977
2974
2981
2956
2953
2972
2938
2979
2982
3030
2679
2942
2963
2936
2971
2968
754
2933
1755
2979
2961
2955
2984
2972
2970
2948
2645
2966
2950
2833
2889
2951
2971
2985
2953
2953
2955
2967
2947
2979
2981
2929
2946
2940
2991
2986
3047
2982
3038
2975
2985
2979
2926
651
2903
1027
2979
2945
2964
2959
2957
2854
434
2967
2957
2995
2981
2955
2942
2938
2977
2933
2970
2928
2947
2958
2958
2993
2965
2946
2911
2953
2970
2939
2787
2956
2962
2978
2988
2945
1825
2935
2905
2935
2912
2959
2949
2967
2966
2959
2963
2956
2988
2990
2942
1635
2943
2970
2953
2977
504
2965
2955
2945
2942
2873
2964
2988
2965
2953
2974
2830
2957
2971
2917
2952
2972
2620
2998
2939
2959
2956
2980
2966
2979
2961
2975
2996
2997
2968
2959
2998
2902
2948
2952
3010
2940
2984
2955
2967
2674
2937
2929
2967
2942
2984
2934
2973
2958
2956
3023
2918
2947
2958
2976
2067
1888
2981
2976
2955
2528
2959
2981
2941
2972
3015
2955
2927
2631
2944
2937
2858
2951
2962
2984
2963
2954
3000
2973
2961
2991
2909
2963
2994
2983
2959
2913
2963
2921
2977
2963
2928
2939
2995
2915
3041
2964
2966
2967
2957
1066
2232
2976
2416
282
686
2940
2951
2915
2332
2924
2943
2906
2985
2820
2989
2142
2933
2954
2929
2944
2769
2956
255
2470
2957
2974
2928
2922
2957
2562
2964
2990
2975
2964
2983
2957
2960
903
3028
2980
2961
2657
2930
2943
2986
2736
1576
1360
2937
2987
2956
1095
2986
2938
2983
2975
2971
2965
2973
1533
2979
2976
2928
2939
2973
2359
2939
2984
2985
2953
2950
2930
2956
2951
2921
2991
2948
2944
2934
2988
2917
2945
3034
2962
2936
2980
2943
1299
738
2940
2978
2733
2949
2947
3005
2931
2944
335
2962
2950
2963
2951
2817
2878
2878
2949
2337
2986
2945
1112
1152
2954
2941
2941
3035
2983
2939
354
2966
2899
2969
2966
2977
2937
2970
3000
2955
2960
3013
2968
2987
2942
2983
2943
2970
2905
2959
3030
2966
2980
2989
2958
2976
2975
2954
2934
2946
2970
2931
2893
2922
2960
2950
2920
2976
1281
2964
2961
2967
2990
2958
2967
2949
2970
2333
2962
2948
2984
2976
2958
1462
2973
2962
2958
2947
2968
2976
2966
2946
2943
2952
2974
2985
2956
2975
2940
2823
2934
2956
2912
2983
2973
270
2756
2972
2947
2948
1838
2988
2970
2888
2961
2946
2928
2961
1076
2978
2925
2964
2952
1418
2946
3014
2971
2945
2993
2862
2913
2972
2989
2965
2979
2973
2982
2971
2992
2982
2980
2973
2766
2958
2976
2954
2958
2926
2996
2932
2964
2927
2939
2977
3029
754
2994
2976
567
2913
2942
2933
2900
2962
2990
2016
2835
2962
2968
2989
2766
2926
2736
2944
2997
2979
2979
2960
2015
2940
2950
2926
2947
2962
2598
2954
3013
2979
2963
2978
2974
2964
2930
2972
2120
2964
2966
2952
2950
2981
2952
2994
2965
2954
2979
2991
2944
2131
2969
2955
2956
2954
3002
2963
2970
2917
2981
2959
2877
2949
3013
332
2938
2980
2904
318
2964
2964
2959
2912
2947
2975
2950
2935
2957
852
2977
2963
2997
2929
2968
2986
2967
2985
2977
2985
2965
3023
2958
1987
2967
1424
2930
2962
2978
2972
2984
2956
3001
2969
2941
2950
2974
2951
2913
2173
2918
2978
2933
2974
2982
2960
3000
2966
2974
2984
662
2134
2977
2974
2933
2958
2979
2945
2994
2985
2968
2942
2982
3001
2952
2974
2971
2973
2985
2957
2950
2943
2959
2944
2947
2964
2960
2926
2983
2972
2989
2917
2602
2976
2948
2968
2954
2911
2999
2955
2971
2952
2980
2969
2950
2955
2917
308
2951
2945
3056
2944
2970
2945
2964
2935
2989
2980
2991
1453
2624
2986
1895
2895
3004
2970
2970
3044
2944
2960
2964
2881
2951
2946
3057
2931
2941
2954
2898
2972
2973
2967
2961
2963
2955
2964
2942
2943
2525
2525
2890
2954
2948
2980
2993
1578
2940
2974
2913
2944
1127
2989
2946
2911
2901
2971
2938
344
2958
2983
2973
2969
2940
2950
2460
2977
2791
2949
2962
2951
2995
2862
2936
2956
2990
2977
2988
2936
2995
2945
2926
2966
2944
2951
2947
2956
2958
2978
2968
3000
2956
2953
2931
3014
2970
2964
2998
2988
2938
2581
2958
2972
2907
2639
2947
2973
613
2938
2953
2945
2970
2996
2932
2981
2970
2241
2596
2959
2424
2977
2953
2967
2952
2970
2963
3012
2952
251
2980
575
2249
2950
1884
2591
2935
2946
2937
2992
2985
2965
2974
2996
2942
2973
2971
2944
2927
548
2949
2943
3020
2914
2943
2973
2944
2986
2953
2963
2954
2950
2952
2969
2971
2962
2950
2966
2932
2977
2967
2952
2989
2967
2972
3010
2969
2981
2966
2975
1814
3011
2929
2922
2941
2974
2950
2908
2957
1994
2963
2884
2894
2990
2947
2927
2934
2941
2967
2955
2984
2966
2960
2950
2970
2986
3002
2948
2958
2983
2948
2946
2948
2975
3025
2981
2762
2923
970
2899
2942
2972
2951
2948
1488
2949
2932
2963
2939
2968
2949
3027
2952
2996
2961
3003
3001
2961
2965
2974
2696
2902
2544
2930
2996
2463
2957
2971
2870
2945
2969
2975
2933
2960
2941
2961
2985
915
2948
2963
2971
2975
1817
2953
2946
2982
2949
2974
2943
2968
2984
2935
2990
2975
2934
2962
2952
2963
614
2432
2784
2970
2953
2923
2993
3009
2973
2997
2977
2939
2968
2987
2946
2984
2982
2943
2933
1265
2963
2961
2958
2939
2951
2974
527
2921
1650
2962
2954
2938
2982
2947
2930
2929
2952
762
2954
2668
2973
2993
2984
2981
2949
2940
2948
2968
1050
2969
2989
2976
2798
2937
2949
2916
2922
2804
2939
2820
2961
2968
2935
2950
2991
2941
2992
2854
2944
2974
2986
2989
2945
2946
2885
2961
2932
2891
2956
2974
2966
2939
2974
2987
2979
2938
2998
2952
2967
2974
2966
2969
2937
2951
2961
2981
2950
2926
2972
2937
2942
2901
2941
2979
2941
2950
928
2952
2937
2939
2982
2975
2870
2981
3003
2974
2907
2902
2934
2951
2992
2961
2920
2954
2933
2687
2987
2958
2174
2981
2691
3000
2973
822
2980
2981
2990
2966
2974
2989
2038
2952
2525
2990
2941
1741
3005
2982
2916
2984
2921
2922
2986
2965
2938
2967
1688
2964
2987
2937
2961
2941
2970
2960
2970
1462
2894
2974
2939
2971
2973
2988
2972
2938
2816
2943
2964
2969
585
2972
2941
2957
2937
2956
2981
2999
2971
2977
2925
2923
3034
2973
2949
2917
2965
2972
2987
2977
2955
2551
2983
2947
2751
2986
2753
2964
2988
2949
2995
2525
2985
2982
2958
2957
1822
2966
2951
2974
2968
3001
2972
2935
2974
2968
2954
2938
2870
1208
2969
2971
2822
2941
2968
2951
2916
2982
2948
2916
2921
2972
2981
223
2978
2970
2990
2985
2957
2921
1231
2946
2971
2959
2950
2974
2986
2985
2733
1689
2917
2231
2992
1415
2989
2317
2951
2220
2659
2967
2985
2987
2963
1213
2939
2979
813
2951
2582
2961
2991
2267
2953
2973
2958
2975
2946
2962
2951
2952
2947
2937
2961
2949
3056
344
2966
2966
2936
2977
2974
2980
2940
2964
2960
2932
2804
2968
2959
2956
2952
2977
3007
2938
273
2888
3000
2954
2917
2991
2950
2946
2931
2945
2453
2937
2933
2935
2994
2988
2962
1698
2983
2937
2938
2956
2950
2985
2953
2986
2990
2986
2952
2918
2942
2983
2955
2965
2958
2980
2965
343
2964
2963
2931
2994
2914
2958
2974
2955
2984
1627
2987
2999
2948
2951
2933
2931
2948
2976
2971
2926
2986
2935
2968
2982
2993
2925
2986
3000
2946
2942
2938
3050
2970
2154
2998
2942
2923
2956
2932
2943
1878
2961
2961
2960
2877
2962
2910
2983
2973
2982
2962
2939
2977
2948
432
2913
2974
2956
2869
2961
2926
3051
2827
241
2971
347
2971
435
2929
2979
2956
2970
2952
627
2960
2960
2984
2952
2965
2912
2712
2919
2987
2933
2988
511
2906
2976
2951
2972
2961
2982
2989
2947
2934
2950
3022
2976
2978
2989
2973
2997
2947
2954
2961
2954
2895
2954
2980
2946
2943
1285
2976
2942
2993
2987
2950
2860
2020
2964
1220
2910
2958
2976
2984
2950
1269
2607
2969
1162
2939
2946
2923
3034
3028
2985
2977
2958
2966
2952
2988
2970
2961
2908
2952
2954
2951
2972
2958
2959
2974
2988
2964
2984
2976
2948
2928
2933
2942
2985
2967
2669
2305
2967
2950
2976
2997
2962
2653
269
2994
3003
2960
2911
2890
2994
2980
2949
2936
2950
2946
1733
2966
3005
2986
2936
2957
424
2979
2884
2965
2988
2463
2931
2976
2936
2947
2957
2994
1412
2974
2975
2927
2965
2987
2972
2951
2939
2990
2985
2978
2947
2956
3025
2972
2974
2955
2990
2938
2976
2962
2970
3001
2951
2983
2938
2975
2972
2891
2951
2949
2946
910
2923
2960
2990
2957
2935
2942
3038
1378
2960
2995
2971
2969
2952
2990
2967
2976
2970
2982
2966
2898
2943
250
2993
2969
2964
2967
2968
437
2971
2969
2951
2941
2935
2973
2951
2921
2976
942
2923
2964
2975
1231
3015
2882
2997
2942
2960
2955
2952
2852
2966
2890
2649
2902
2974
2962
1601
345
2990
2972
2967
2979
2967
2935
2962
2974
2956
2975
2949
2991
2949
2946
2942
2943
1955
2983
2967
2947
2964
2909
2979
2965
2962
2970
2938
2955
2935
2976
2957
2982
2880
2946
2981
2950
2055
2931
2207
2960
1984
2982
251
2905
3001
2939
2964
2946
2947
2945
2996
2976
2937
2937
2932
2817
2980
2714
2953
2237
2889
2957
2963
2927
2933
3008
2940
2906
2973
2985
2999
2964
2980
2969
476
2941
2822
2923
2943
2949
2995
2979
2964
2975
2963
2942
678
2986
2978
2934
2959
2888
761
2978
2980
2950
2984
2965
2941
2968
2961
2966
2978
2969
2956
2258
2957
2980
2981
2965
2878
2952
2971
2896
2944
2933
2956
2937
287
2326
2822
2971
2966
2955
2962
2974
2782
2989
2922
1888
2963
267
1605
2961
2957
2944
2987
2926
2967
3012
2967
2971
2963
2974
2934
2890
2913
2952
2914
2946
2967
2585
2937
2955
2960
2964
2983
2952
2950
2939
2944
2993
2799
2969
3043
2939
2979
2980
2938
3000
2957
2986
2934
1122
2918
2769
2988
2975
2937
2915
2947
1839
2959
2938
2965
2987
2971
2999
2942
2901
2986
2977
2938
2939
2962
2965
2964
2938
2962
2954
2961
2958
356
2919
728
2951
2983
2945
2970
2941
2945
2963
2996
2969
2954
2952
2966
2985
2878
3020
2926
2972
2992
2916
2979
2981
359
2953
2958
2993
2972
1346
2959
2937
2950
2841
2934
2917
478
2927
2902
2955
2942
2927
2942
2497
2844
2950
2988
2972
2948
2943
2969
2958
2976
2923
2942
2972
2974
2976
2961
2975
2999
3023
2968
2978
2969
2947
3067
2981
2926
2951
2876
2977
2982
2913
2974
2989
2960
1410
2968
2956
2919
2930
2981
2968
2739
2975
2946
1577
2983
2972
2999
2909
2961
2950
2956
2940
2956
2971
2933
2963
2990
2996
2840
2945
2978
2973
2937
2993
1561
2969
2995
2935
2906
2928
2974
2951
2932
3026
2945
2977
2922
2943
2752
2063
2702
2907
2971
2954
2987
2972
2937
2782
2701
2978
2958
2980
2943
2977
2966
2968
838
537
2962
2988
1842
2951
1056
939
2938
2942
2947
2196
2968
2950
2937
2919
2951
3009
2934
2947
2926
2972
2957
2926
2941
2927
2966
2947
2965
3026
2342
2980
2949
2971
2932
2984
2936
2912
354
2964
2462
2933
2929
2945
2966
2956
2993
2959
2960
2953
693
2740
2931
2937
2969
2968
2981
2951
2956
2963
2972
2961
2960
2955
2972
2979
2964
228
2967
2962
2967
3048
2938
2950
2911
2941
2976
2963
2972
2978
2974
2983
2982
2933
2929
1765
2994
2979
2991
3005
2931
3004
2935
2963
2920
595
2973
2821
2939
2988
2909
2933
1145
2954
2903
2977
2925
2978
2985
2897
2956
2958
2944
2978
2951
2682
3025
2958
2977
2988
2957
2944
2949
2946
2968
2966
2976
508
488
2908
2954
3042
2987
2953
2945
2978
1594
2925
2901
3014
2940
2983
2949
2974
2984
2945
2652
2993
2992
2960
2978
2970
2937
2942
3060
2175
2954
1029
2946
2955
2953
2980
2943
2866
2239
2979
2964
2935
2983
3049
2968
2948
2861
3000
2963
2954
2653
2939
2036
2927
3000
2946
2980
2934
3007
2952
2910
2975
2944
2932
1239
2999
2949
2944
2456
2925
2975
2960
2977
2887
2946
2973
2931
2347
2934
2996
2860
2959
574
2956
1136
2953
2959
2928
2189
3045
2978
3004
2980
2963
2971
2979
2985
2956
2961
2926
2956
2972
2963
385
2935
2974
2996
2941
2954
2931
2386
687
1243
2961
2957
2981
2963
2927
2947
2877
1882
2957
2972
2993
2986
2978
2949
2935
2958
2940
1199
2949
2951
2982
2991
2216
2966
2939
2962
3036
2959
2948
2755
2955
2902
2915
2948
2985
2944
2984
2952
2996
2917
2955
2961
2970
2955
2999
1434
2919
2967
2973
2957
2955
2964
1650
2919
2973
304
2800
2964
2976
2945
2947
2992
2942
2976
2969
2961
2971
2963
2966
2946
2953
2943
2971
2940
460
2912
774
2928
2986
2976
3039
2973
2951
2956
2965
2967
2957
2994
2937
2914
2956
2933
2915
2967
2932
1215
2937
482
2972
2961
2974
2974
2925
2620
2962
2981
2953
2985
2951
2949
2967
2891
3026
2936
2954
2945
2954
2906
2989
2954
2973
2973
2941
2635
2936
2978
2965
2948
2843
2948
3011
3000
2977
2998
2969
2950
2963
2966
2884
3001
2989
2961
2931
1103
3043
2381
2951
2920
2884
2872
2949
2318
1068
2947
2969
2946
2962
2951
2979
2940
2974
2944
2970
2934
2896
989
2962
2943
2959
2168
2944
2960
1654
2997
647
2927
2936
2960
2995
2942
2938
2262
2700
2931
2972
2922
2952
2443
2991
2941
2945
1145
3003
2958
2919
2965
2959
2952
2981
2972
2936
2924
1091
2924
2186
2993
2915
2957
2968
2980
2957
2942
494
2978
2965
2981
2944
2438
2981
2948
2968
1654
2925
2960
2950
2712
2947
2989
2933
2958
2945
2077
2945
2971
2935
2954
2926
2990
2959
2986
2995
2975
732
2981
2995
2955
2983
2956
1262
2984
2977
2958
2956
2292
3004
2976
2959
1350
2927
2940
2943
2987
2977
2970
2941
2919
2971
2974
2947
2948
2966
2957
2994
925
2913
2965
2965
2938
2966
2987
2991
2952
2946
2955
2989
2967
2971
2935
2951
2950
2943
2961
2934
534
2981
2963
2979
2845
2954
703
2935
2964
2949
2816
2925
2941
2962
2818
2955
2975
2974
2965
2930
2915
2959
2948
3004
2022
2924
2914
2959
2992
2954
2966
2957
2947
2933
3006
2985
2948
2955
2962
2941
2982
2970
2975
2938
2937
2936
2986
2929
3003
982
2962
2979
2942
2976
2987
2884
2935
2964
2988
2440
2963
2943
2966
2950
2964
2765
2913
2974
2953
2933
2928
2929
2927
2990
2955
2968
2972
2963
2958
2945
2931
2979
2905
2991
2785
2976
2935
1247
3011
2965
3037
2950
2913
2978
2978
2966
1298
1819
2928
2936
2904
2976
2960
3000
2963
2920
2896
2948
2984
2991
2964
2954
2956
2979
2953
2989
2925
2936
2490
1475
2931
2968
2951
2985
1765
2965
683
2938
2917
2943
2985
2958
2931
2936
2941
2915
456
2995
2988
3014
2954
2947
552
1606
2961
2091
2977
2940
2925
2955
2956
2980
2903
2952
2983
2949
2965
2946
2985
2926
1018
2974
2954
2958
2943
2972
2923
2977
3042
2970
2953
2956
2992
2950
2350
2392
2939
2946
2912
2949
2955
2912
2934
2967
2952
2911
914
1729
2983
2969
2929
2928
2965
2959
2958
2981
2899
2921
2969
2935
2970
2937
658
2953
2957
2975
2989
2983
3014
2935
2176
2973
2945
2948
2970
2814
2947
566
2968
2972
2950
1705
2961
2955
2939
2986
2973
2921
2947
2560
2963
2944
2921
2997
2932
2960
2955
2950
2947
2977
2952
2970
2947
2981
2912
2971
2942
528
2948
2973
2941
2926
2928
2954
2982
2947
2942
2964
2954
2983
2992
2978
2571
2948
1208
1013
2985
2953
2982
2974
410
2970
2959
2951
2967
2971
2972
2978
2966
2976
2984
2976
2697
2952
2968
2956
1201
2965
2988
2942
2967
2965
2995
3021
2952
2872
2891
2967
2910
3043
2861
2972
2964
2970
2922
2958
2956
2986
2982
2969
2982
2911
2919
2929
2990
2965
2998
2982
2965
2310
2925
2256
2957
2977
2958
2978
2957
2936
2951
2982
2934
2964
1890
2985
2959
2938
2613
1488
2959
3009
2956
2908
2961
2957
2956
3003
2960
2954
2904
2228
2957
2928
2924
2974
2983
2949
2961
2936
1259
2955
2953
3064
2937
2970
2949
2969
2950
2887
2933
2950
2915
2954
2994
2982
2973
2939
2955
2998
2923
2930
1617
2922
2917
2950
2967
3026
2989
2952
1276
2958
2960
2964
2968
2917
2985
807
2986
2943
2986
2973
2786
2954
2988
570
2897
2672
2942
2943
2943
3006
2982
979
2959
2959
2960
2977
2971
2974
2972
2991
2973
2880
2977
2918
2928
2974
2981
2956
2970
3005
2956
2966
2977
977
2963
2959
2963
2947
2974
2973
2976
2966
2962
2919
2937
1317
2331
247
2985
2953
2979
2933
2967
2988
2921
2979
2960
2608
2984
2925
2114
2985
2978
2976
2941
2928
3000
2958
2958
2978
2909
2965
2961
2972
1851
2941
2970
2920
2990
2945
2954
2951
2945
2969
2944
911
2971
2916
2937
3053
1532
2959
2983
2972
3022
2988
2978
2956
2966
2943
422
2964
2964
1572
2981
2955
2928
2935
2497
3003
2979
2980
2943
2966
2962
2950
2956
2979
2957
2913
2977
2954
313
2940
1045
2984
777
2934
2902
2967
2952
2914
2961
2940
2957
2983
2972
2949
1803
2924
2723
2977
2968
2975
2957
2954
2950
2895
1785
2940
2850
2730
2945
2982
2980
2802
2949
2942
2951
2959
2898
2987
2982
2826
2223
2940
2939
2949
2945
2922
2981
2937
2937
3002
2975
2971
2968
2966
2945
2995
2949
2977
2957
2926
2952
2951
2952
1707
2229
2958
2918
3001
2997
1539
2944
2956
2947
2791
2937
2952
2962
2973
2726
2911
2903
2321
2955
2960
2953
2965
2991
2120
2945
2971
2966
1499
2973
2971
2944
2955
2933
2971
2976
2958
2927
2983
2921
2939
2940
263
2962
2946
2967
2963
2900
2980
2946
2814
2963
2895
2427
2947
2471
2959
2970
2978
693
2981
2929
2960
2972
2945
2965
2962
2963
2974
2954
2951
2914
2940
2951
2936
2948
1786
2953
2948
2975
3000
2946
2899
2974
2965
2904
2942
2984
2928
2837
2965
2952
2963
2997
2986
2665
2945
2937
2936
2989
2975
700
2951
2868
3034
3026
2949
2924
2975
2985
1273
2989
2907
2969
2974
2988
2980
2955
2973
2974
2959
2942
2959
2960
2945
2968
2917
2943
2958
3007
2976
2980
1697
2959
2977
2985
2974
2946
2970
940
2985
2929
2967
2948
2978
2960
2958
2113
2986
2979
2987
2939
2952
2765
2955
2985
2899
2946
2941
2948
2936
2940
2950
2959
2966
1866
2966
2965
2987
2983
2831
2971
2999
2977
2948
2981
3001
2950
2965
2963
2963
2976
276
2963
2951
2946
3002
1654
2934
2961
2976
2946
2947
2957
2954
3044
2971
2986
2976
2899
2889
2958
2945
2963
2962
2173
2960
2966
2984
2964
2927
2998
1693
2941
322
2948
2971
3012
2972
2930
2894
2985
2985
2981
2976
2948
2983
2952
2998
2931
2136
2898
2940
2933
2949
2955
2973
2976
2993
2922
2963
2460
2950
2927
2956
2952
2971
2936
2951
2931
2955
2926
2888
2981
2931
667
2962
942
2962
2790
2963
2937
2981
2951
2943
1565
2993
3033
2926
2911
2974
2973
2933
2968
2938
2936
2950
2940
2019
2979
2967
2979
2965
2956
2654
2956
2955
2969
2907
2983
2959
2956
3043
2955
281
2959
2914
2937
2989
2969
2979
2922
2940
2964
2945
2920
2937
2883
2960
2969
2932
2985
2997
2951
2948
2936
2934
2907
1882
2933
2979
2952
2924
2962
2925
2903
2941
2949
2979
2940
3044
1924
2941
2974
2910
2981
2955
2999
2934
3018
2972
2958
2623
2815
2969
2191
2947
2971
1814
2983
2836
2958
2938
2937
2907
2964
2355
2899
2972
2969
2957
2914
2952
2946
2948
2943
2954
2959
2961
2941
2467
2970
2962
2961
2948
2450
2985
2908
2847
401
440
2920
2953
2957
2986
2968
2974
2953
2656
2979
2223
2915
2949
2979
2982
2978
2988
2988
2975
2956
3000
2961
2956
2999
2977
2983
2915
2934
2955
2098
2953
2974
2951
1470
2948
2806
2965
2975
2980
2951
2965
2980
3036
2955
1426
2978
2923
2955
2963
2967
2942
1781
2960
2935
2969
2959
2966
2927
2950
2939
2134
2962
2976
368
2980
2983
2929
2978
2954
2958
2953
2979
270
482
2940
2973
2955
2976
1470
2949
2998
2917
1807
2940
2966
2934
2922
2928
2985
2985
2952
2891
2973
2983
2970
2983
2965
2976
2977
2983
2957
2930
2977
2944
2940
2955
2975
2936
2937
2975
2970
2968
2958
2978
2957
2990
2921
2954
2952
2964
1302
445
1522
2385
2955
2965
2988
2982
3002
2939
2967
2992
2925
2911
2956
2954
2974
2938
2952
2946
2970
2981
531
2935
2892
2959
2939
2918
2901
2987
232
2931
221
2944
2958
2934
2995
2982
3048
2953
2887
2974
2928
2945
2995
2973
2953
2951
2960
2969
2957
3016
2964
3004
2950
2965
2886
2930
2848
2989
2952
2958
2948
742
2948
2986
2957
2975
1652
2969
2959
2933
1030
3026
2992
2958
2954
2956
2941
2966
2935
2960
1597
2785
2940
2943
1556
2935
2953
2932
2963
2978
3007
2964
668
2665
666
2965
2973
599
2945
2956
2956
2992
756
2947
2911
2922
2974
2960
2980
2924
2977
2810
2953
2781
2976
2980
2977
2074
2964
2990
2959
2974
2967
2972
2873
2910
2980
2987
2922
2955
2980
2927
2542
2918
3008
2954
2951
2953
2975
2953
1438
2947
2974
2956
2934
2957
2953
640
2950
2024
2503
2943
2961
2964
2952
2916
2998
2982
3048
2954
2967
2953
3005
2963
1655
2936
2953
2955
2960
2968
2952
2957
2934
2951
3003
2926
2959
508
2943
2961
2964
2934
2951
2877
2962
2513
2967
2957
2007
2972
2955
2944
2954
2968
2938
2981
2994
2989
2907
2913
2990
2934
2969
2973
2956
1245
2950
2947
2976
2962
2757
2952
2957
2940
2977
2950
2942
3008
2967
2806
2962
2985
2834
2965
2942
3039
2976
2958
587
2961
2955
2919
2951
2956
987
2944
2964
429
2941
2661
2966
2961
3040
2926
2954
2942
2899
668
2983
2910
1253
2819
2942
2955
616
2948
2969
260
2942
2979
1882
2959
2969
1830
2964
2954
2976
2813
2891
2965
2965
570
2945
2944
2956
1504
2981
2973
2435
2974
2966
2966
2974
2961
2976
2100
2959
2953
2961
2949
3017
2985
2968
2972
2943
2972
2958
2948
2991
2939
1631
490
2951
2950
2938
2963
2936
2940
2954
2961
3012
2954
2942
2949
3007
2970
2977
2984
2956
270
2968
2944
2957
2996
2954
2997
2965
2922
2973
2382
2988
2970
2962
2955
2974
2964
2973
2959
2991
2954
2948
2992
2971
2979
2933
2957
2978
453
2987
2992
2966
2976
2988
2885
2959
2951
2990
2984
2964
2949
2938
2926
2043
1334
2950
2961
2950
2906
1646
2968
2981
1215
2951
2744
2911
2994
2967
1084
2960
2989
1720
2930
2994
2963
2942
1916
2980
2975
2985
2970
2941
2983
2975
2488
2961
2963
2934
2901
2943
2972
2986
2983
2912
2963
2971
2950
2122
2997
2987
2997
2944
2970
2925
2989
2931
2996
2954
2940
2942
2946
2990
2946
2962
2943
2956
2956
3002
2867
2996
2927
1742
2958
2953
2914
2971
2961
2985
2965
2972
2988
2991
2951
2929
2988
2991
2958
2969
2982
2964
2945
894
2946
1245
2971
324
2964
2996
2945
2988
2998
2944
432
2954
2989
3002
2970
2973
2968
2953
2938
2947
2954
2949
2969
2967
2104
2932
2933
2973
2957
2945
550
2981
2532
2989
2950
2960
2937
2953
2920
330
2950
2970
2963
2940
2954
851
2952
2958
2952
2239
2975
1946
2951
2954
2954
2969
2207
2946
2979
2966
2963
2978
2959
2969
2984
2957
2903
284
2952
2969
2964
2954
2978
359
2970
2968
3023
2977
2976
2949
2941
2945
2996
252
2954
2969
2924
2943
1844
2946
1704
2907
2976
2971
2956
3000
2929
2975
2937
2956
2947
2973
2958
2940
2960
2920
2941
2943
2958
3011
2945
3031
2942
2909
2941
2978
2958
2957
2930
2961
2925
2948
3001
1536
2219
2973
2970
2987
2781
2800
1593
2931
1810
2954
599
2972
2974
2054
2955
2952
3000
2993
2946
2935
2928
3004
2641
2262
2934
2969
2955
2956
2969
2953
2989
2907
2953
2975
2924
2972
2923
2958
2960
2987
2218
2962
2982
2983
2954
2971
2957
2970
2936
2976
2936
2963
2915
2918
2936
2975
1424
2951
2982
2969
2963
2987
2934
2971
2949
2979
2956
2974
2949
2877
2983
2951
2944
2962
2984
2727
2947
2963
2972
2975
2933
2955
2968
2932
3025
2944
2961
2974
2934
2961
2966
2971
2985
2921
2717
2949
2955
2967
2964
2965
2970
2746
2929
2968
2986
2951
2491
2972
1847
2987
2977
2918
2959
2948
2972
2958
2976
2956
2967
2960
2979
2989
2960
3002
2965
2956
2972
2115
2901
1114
2980
2934
2940
2929
1155
522
2939
816
2962
2989
2892
2966
2990
2970
2972
2975
2965
2983
260
2925
2959
2624
2986
2967
2938
2946
2932
3002
988
2970
2927
2957
2940
2948
2818
2953
2956
495
1997
2987
2929
2972
2982
2968
2985
2956
2951
2896
2980
2964
2919
2949
429
3004
2938
2952
2963
2969
2946
2944
2972
2973
1967
2959
2991
2976
2939
2974
2976
2960
2960
2953
2943
2967
2941
2903
2780
2982
2944
2909
692
2948
2949
2972
2922
2978
2899
2705
2962
2968
2974
2965
2949
2965
2969
2962
222
2978
2982
2955
2968
2900
2975
2953
2932
2469
2961
2968
2961
2966
2986
2929
2994
2936
1902
2973
1530
2969
2959
2962
2965
1650
2970
2947
2960
2961
2935
485
2961
2694
2948
2920
2916
2938
2978
2955
2973
2916
2965
2938
2907
2976
2955
2979
2992
2952
2905
2958
2947
2835
2968
2948
2932
2990
2938
2940
2989
2945
2476
2952
2967
2964
2921
2843
2963
2919
2966
2293
2996
2963
2939
2945
2960
2969
2997
2965
2927
2966
214
2925
2416
2956
2969
2944
2990
1937
2998
2950
3029
2956
1093
2930
2933
2938
2967
2977
2939
2941
2970
1305
2941
2933
2961
2936
2993
2025
2955
2992
3003
3023
2910
2930
2958
2933
2790
2961
2964
2996
2959
2915
2983
2952
2953
2973
2961
2351
2976
2973
2964
1178
2947
2952
2912
2967
2875
2889
2959
2968
2938
3003
2999
2927
2965
2903
2947
2949
2990
1845
2978
2947
2978
2955
2989
2980
2948
2987
2979
2924
2999
2915
2962
2982
2286
2995
2959
2909
2888
2936
2998
2958
2968
2947
2959
2983
2947
2962
2985
2960
2951
2940
2946
2977
2908
2945
2979
2979
2957
2938
2933
2743
2973
2845
2987
2990
2974
2953
1727
2980
2966
2946
2165
2977
3097
2983
2938
2991
2991
2984
1439
2947
3041
2876
2964
2987
1541
1812
2935
667
940
2948
2953
2998
2968
2864
2976
2972
2970
2971
2964
2768
2936
2953
2967
2977
2952
2990
3002
2940
2946
2948
2952
2979
2963
2944
2900
2991
2954
2957
2949
2969
2854
2970
2979
2968
2937
2954
2954
2934
2968
2977
1819
2945
2960
2940
2969
2916
2964
3014
2961
2893
2955
2939
2964
2829
2588
2945
2992
2947
2949
2950
2992
1923
2908
1740
2966
2922
2955
2957
2959
2433
2960
2325
3001
2962
2960
2925
2937
2961
2551
2971
1523
2923
2995
2968
2965
1734
2991
3047
2974
1634
2971
2956
2973
2943
2961
2983
2959
2889
2932
2975
2965
2958
2976
2947
2953
2973
2978
2974
2964
2974
2951
2958
2964
2954
2962
2948
2972
475
2967
2964
1703
2985
2945
2969
2457
2945
2964
2974
2996
2815
2986
2962
2941
2928
2909
2897
2975
2979
2296
2806
2989
2960
2985
2971
2987
2911
2863
2977
2955
2968
2955
2985
2973
1552
2960
2861
2950
2978
2967
2942
2976
2973
2964
2967
2968
467
2896
2616
2942
2969
2938
2972
2960
2941
2957
2938
3002
2427
2947
2997
2970
2945
2923
2925
3045
2902
871
2969
2960
2979
2962
2962
2957
2969
2962
3070
2985
2937
2943
2944
2976
2963
2982
1931
2952
2970
2957
2976
3011
920
282
2936
3017
2915
2982
2260
2947
2978
2969
2932
2965
2966
2931
2965
2974
2961
2922
2988
2958
2991
2974
2951
2485
2990
2966
2951
2965
2527
2967
2963
2944
2978
1351
2984
2978
2926
2960
2968
510
2956
528
2925
2962
2979
2953
1436
2897
2952
2934
2954
2926
2978
2975
2968
2867
2967
2957
2962
2924
1901
2978
2944
2931
2974
2949
2943
2949
2967
671
2934
2487
2989
2957
2998
2925
2986
2969
2927
2942
2971
2960
2974
2890
2983
2926
2932
2974
2973
2933
2976
2957
2987
2962
2815
2981
2957
2986
2983
2977
2930
1100
2977
2966
2990
2991
2988
2948
2964
2948
2923
2957
2963
1932
2976
2992
1139
2841
2967
2961
2967
2936
3003
2991
2977
2943
2975
2954
2872
2980
2976
2952
2979
2967
2904
3022
2978
2976
2908
2996
2923
2108
3034
2945
2970
2943
894
1028
2969
2993
2961
3001
2977
2502
1931
2948
2940
2956
2967
2904
2968
2915
1410
2992
2978
2997
2948
2935
2974
2955
774
2918
2953
2957
2913
2976
2974
2948
2903
2938
2922
2956
2990
2964
2964
2951
2969
2962
1413
2980
2937
2964
2978
2974
2974
3022
2971
2969
2957
2951
2893
2940
2969
2977
2970
2963
2985
3015
2922
2958
2952
2979
2936
524
2934
2996
2934
2943
2919
2968
2985
2957
2957
1880
2945
2977
2998
2958
2938
2990
2958
2982
2925
2939
2941
2953
2942
2969
2949
2919
2002
2955
2971
2770
2958
2990
2967
2957
2807
2937
2984
2970
2959
2936
2942
2994
2956
292
3009
2954
695
2962
488
2986
2945
2976
2993
2898
2937
2926
2983
1592
2940
2965
2895
2944
481
2953
1041
1878
2969
2978
2983
2924
2804
2932
2974
2671
2305
2937
2918
2954
2993
2965
2962
2388
2923
2979
2971
2938
2979
2947
632
2965
2954
2964
2456
2960
2918
2874
1401
2966
2962
2990
2945
2976
2972
2943
2954
2978
918
917
2986
2955
2973
2933
2958
511
2947
2950
2947
2958
2968
2955
2997
2318
2961
2946
2977
2974
2940
2960
2944
2979
2955
2944
2977
2968
2790
2937
2954
2948
2973
2998
2976
2977
2931
2957
2938
2975
2951
2980
2851
2942
2978
2986
2951
3042
2963
2686
2971
2928
2986
2979
2959
2930
2968
2954
2956
2874
2999
2840
2995
352
2996
2970
2960
2981
2935
2944
2946
2964
2972
2970
2935
2976
1483
2302
2960
2950
2279
2955
2934
2903
915
2981
2978
2921
932
2976
2964
2957
2961
2938
2804
2984
2967
2979
1602
2963
2982
2960
2972
2944
2965
2949
707
2978
2974
2884
2842
2951
2957
2933
2982
2974
2963
2951
2992
2947
3030
2964
2941
2950
2935
2982
2935
1158
2922
2963
2950
2972
2900
2433
2992
2987
1356
1781
2961
2971
2944
2965
2988
2926
2945
2965
2762
2957
2948
2977
2964
2946
2978
2980
2975
2984
2967
2984
2949
2753
2962
2940
2954
2972
3179
2943
655
1965
2949
2966
2966
2975
2953
2962
2964
3004
2956
2943
2948
2988
2952
2970
2936
2977
2993
2951
1020
1950
767
2987
502
2991
2957
683
2973
2980
2956
2947
2968
2961
778
2976
2973
2971
2942
2971
2946
2967
2970
2973
2622
2997
2991
3011
2962
2944
2919
2964
2995
2943
2952
2952
2950
2980
2984
2943
2958
2354
2971
2989
2957
2931
2941
2984
2986
2970
2955
2941
2861
518
2956
2977
2958
2927
2974
2980
1900
2943
2959
2933
2957
2938
2968
2966
519
2491
2956
2944
2424
2701
2948
2951
2307
2971
2969
2982
2815
3022
2981
2967
2940
2976
2864
2969
2430
2911
2979
2958
2804
2967
2961
2992
2954
2921
2992
2992
2926
2949
2948
2723
2961
2787
2963
2962
2974
2963
2944
2967
2966
2969
1540
2934
2952
3043
2849
856
2954
2967
2948
2961
2961
2961
3007
2600
2939
2977
2988
2969
2971
2952
2986
2914
2960
2974
2946
2953
2967
2951
2973
2999
2987
2949
2974
2936
2946
2981
2949
2946
2952
391
2959
2952
2800
2992
2959
2965
2969
3013
2939
2986
2934
2800
2958
512
2961
2991
2973
2981
2937
2956
2963
2944
2953
511
2964
2749
2940
2983
2956
2951
2954
2911
2966
2931
2787
2980
2959
2939
2944
2968
2956
1092
2948
2954
2980
2947
2957
2946
2962
2930
2950
2958
2975
2956
489
2991
2978
2932
2984
2954
2958
2824
2795
2989
1673
1784
2952
2964
2958
2952
2966
2960
2979
379
2957
2944
2991
1793
2958
2938
2929
2985
2934
2656
2964
2918
2976
2956
2974
2793
1258
2952
2953
782
2940
569
2972
2930
2967
2971
2971
2983
2965
2970
2960
2908
2970
2959
2253
2966
2955
2919
2986
2967
2953
1320
2981
2927
2908
2989
2974
2981
2943
2959
2947
2967
2947
1085
2987
2525
2968
2985
2951
3001
1805
2952
2979
2993
2970
2977
2949
2652
2957
2962
2992
2942
2912
2051
2945
1470
2944
2981
2922
2967
961
579
2990
2970
2984
2963
2957
2966
2937
2918
2970
2987
2959
2977
1959
3027
2965
2977
3048
2922
2976
3015
2940
2928
2950
2942
2955
2943
2992
320
2951
826
2961
2978
2468
2956
2986
2981
2960
257
2992
2665
1032
2976
2961
2959
2936
2957
2975
2979
2479
2979
2976
3031
2925
2929
2977
2972
2972
2963
2948
2947
2955
2956
2107
2924
2947
2959
2962
3010
2966
997
2938
1036
2970
2921
2914
2920
2050
2974
2993
2979
2961
2929
2981
2955
2952
2973
2939
2928
2959
2969
2962
2953
2951
2948
2425
2941
2886
2136
2983
2897
425
2979
2926
2945
2948
2912
2965
1798
740
2980
2928
2965
2670
2971
2981
2960
2954
2980
2900
2999
2971
2978
2969
2968
2964
2992
1489
2960
2951
1366
2912
2963
2989
2948
2938
2955
914
2971
3031
2920
2949
2973
722
2958
2906
2967
2971
2933
2992
2898
2797
1661
2949
2684
2964
2952
306
2945
2981
2964
2983
2984
2939
2936
3062
3004
2969
2968
2990
3020
2955
2958
2991
2965
1573
2960
2912
2978
2988
2954
2978
2958
2969
2984
3008
2948
2972
2949
2953
2746
2971
2959
2822
2162
2965
2946
2966
3005
2963
641
2932
2970
2985
2957
2926
2935
1709
2967
2853
2902
2937
2972
2986
2256
2961
2936
2959
2913
2988
2989
3048
1278
2961
2955
2953
2962
2930
2941
2971
2973
2963
2905
2899
2959
2993
2986
2927
2948
2905
2969
2795
2988
2885
2959
2921
1660
2496
2961
2988
2965
2961
2839
2948
2818
2956
2957
2932
2859
2973
2957
2951
2971
850
2987
420
2952
2947
2957
2956
2980
880
2947
2957
2570
2951
2961
2954
2963
2911
2939
2962
2662
2958
3026
2925
2945
2968
2967
2944
2927
2955
3001
2976
2947
2988
2927
2939
2977
2928
2958
2964
2929
2940
2936
2955
2980
2947
2972
2993
2921
2942
2971
3001
2982
2939
2932
2768
2967
2940
2958
906
2933
2975
2995
2966
2933
2971
2935
2984
2957
2966
2676
2991
1844
2969
2979
2675
2929
2933
2944
3013
2971
2957
2982
2415
2952
2946
2944
2968
2987
2960
2042
2990
2937
2949
2957
2586
2869
2971
2946
2939
2946
2951
547
2863
2995
2971
329
2968
3000
2953
2988
2969
2938
2958
2958
2925
602
2934
2969
2830
2971
2969
2918
2770
2666
2993
2977
2953
2963
2908
2962
2880
2933
2735
821
2974
2994
2962
2362
2913
3008
2875
2972
2974
2460
2911
2913
2965
2969
2958
2936
2967
2956
2925
2950
2970
2976
2931
2647
2522
2984
2941
2973
2961
2942
2954
2948
1094
2937
2967
797
2964
2965
2912
2912
2985
2938
2987
2965
2961
2960
2912
2946
1420
2982
2991
367
2986
3009
2963
2934
2973
2945
2864
2943
2972
2954
2987
2896
2930
2950
2988
2941
2967
2972
2978
2956
3014
2977
2939
3045
2959
2980
2957
2907
2947
2929
2934
2885
2955
2785
2955
2952
2959
2964
1387
2984
2917
2966
2988
2996
2962
3029
2960
2994
2960
2982
2961
1405
607
2993
2990
2982
2976
2952
2964
2953
2992
2955
3008
2959
2958
2957
2977
2959
2966
2972
2945
2965
2935
2969
2975
2975
2952
2969
2948
2951
2946
2875
2961
2944
1757
2848
2975
2952
2983
651
2941
2972
352
2975
2957
2958
2956
2493
2930
1230
2951
2951
2962
2963
2931
2928
2940
1448
2954
2979
2959
3001
2940
2999
2971
2959
2968
2961
2985
2946
2705
2927
2959
998
2975
1912
2973
2964
2911
2937
2965
2950
2955
2946
2972
2947
2961
2993
2961
2974
2972
2962
2924
2984
2927
2960
2972
2919
2969
2977
2943
2976
2961
2976
2977
2999
2946
2907
2954
2970
2933
2962
2954
2972
2964
2903
2953
2931
2923
2954
2974
2979
2964
2980
2962
2970
2949
2980
2982
2739
2960
2979
2968
2992
2988
2960
2942
2168
2948
2948
2951
2929
3005
3018
2809
2897
1487
2962
2982
3036
2986
2984
2937
2967
2952
2955
2971
2988
2959
2995
2967
2926
2954
2988
2952
2956
2973
2965
2975
2942
2949
2339
2932
2981
2956
2405
2930
2989
2992
2970
2931
2967
2935
2997
2914
2921
2982
2944
2956
2904
2952
2970
1727
2978
2978
2921
3011
2968
2953
2969
1622
2938
2974
2972
2955
2916
2947
1463
2961
2894
2955
2943
2921
2931
2984
2621
2961
2976
2761
2976
2981
2880
2910
2974
2966
2946
3038
2951
2964
2939
3003
2918
2961
2928
779
2923
2967
2956
2978
2959
2967
2982
2973
2971
2975
3007
2955
2967
3001
2952
2917
3008
2945
2944
2943
2952
2971
3001
2957
2935
2948
2907
2954
2937
2966
2973
2961
2947
2944
2966
2975
2957
2965
2958
2961
2968
2953
2965
2971
2974
2967
2939
3040
2959
2962
2945
2930
2959
2941
2949
3000
2987
2961
2925
2982
2961
2978
2967
2980
2937
2951
2898
2572
2943
2918
2976
2964
2947
2965
2959
2963
2975
2943
2930
2958
2955
2972
2822
2923
2972
2986
2974
3001
2537
2995
2973
2977
2946
2274
2949
2939
2964
2967
2898
2772
2542
2846
2961
2945
2971
2948
2996
2989
2957
2945
2970
2993
2978
2962
2920
2913
2963
2892
2844
2985
1368
2976
2975
3009
2993
2951
2970
2952
2970
381
2980
2928
2952
2983
3031
2909
2956
2969
2987
2949
2974
2966
2953
2972
2979
2952
2943
1361
2990
2922
2937
2480
2940
2969
2964
2970
2986
2994
2928
2950
2950
2915
2967
2925
2961
2968
2954
265
2946
3011
2955
2984
2943
2976
2958
2967
2953
2960
2978
2947
2966
2966
2948
2958
552
2931
2950
2949
2218
349
2960
2939
2945
2969
2971
2976
2975
2943
2957
2959
2926
2952
2947
2992
2453
2953
2977
2970
2302
307
2929
2949
2935
2947
266
2749
2518
2182
2910
2932
2913
2954
2994
2549
2904
2977
2946
2974
2979
2890
2940
2972
2916
2948
2968
2980
2958
2944
2989
709
2986
2913
2898
2991
2954
2938
2962
2996
2961
2960
2970
2915
2970
2968
2943
2904
2945
3042
2963
2960
2965
2949
2983
2926
2938
2971
2958
2881
2952
2965
2957
2930
2971
2955
2913
2954
2971
2959
2951
2967
2933
2950
2953
2952
2986
2934
2970
2984
2977
1462
2943
2974
581
3004
2889
2986
2953
2973
1404
2980
2909
1563
2988
2975
2902
2931
2995
2920
2932
2973
2927
1246
3004
2973
2931
2956
3017
2954
2964
2962
558
2982
3001
2950
2958
2993
2952
2158
2961
2946
2955
2953
854
2910
2980
2932
2917
2949
2967
3022
2958
1945
2896
2955
2958
2953
2483
2944
2906
2966
2032
2623
2991
2928
3052
2955
2965
2957
2955
2960
2962
2956
2989
2953
2873
2897
2931
2937
2972
2957
2975
2959
2970
2942
2968
2958
2956
2918
2466
2933
2962
2969
2971
2966
2960
261
2988
2926
2987
2923
2967
2989
2993
2967
2952
2956
2960
2173
1833
2962
2959
2925
2942
2949
2993
2989
3045
2975
2970
2955
2718
2930
2121
634
2925
1696
2955
2941
2931
2964
2931
2975
2965
2945
2925
2977
2940
2972
2988
2021
2940
2949
2986
2947
2964
2947
2974
2966
2945
2947
2938
2911
2941
2978
2926
2881
2945
2984
2937
2941
2947
2956
2962
2929
2948
2927
2920
2967
2965
972
2955
2972
2502
269
2951
2969
2917
334
2925
2937
535
2982
2964
2957
2974
731
2963
2979
2975
2994
2926
2971
2916
2924
2911
2984
2946
2926
2944
2995
2960
2956
2991
2971
2976
832
2930
2716
2853
2947
2986
2993
2979
2889
2931
2955
2025
2976
2954
2910
879
2959
2956
2979
1732
2944
2946
2981
655
1478
1674
3031
2937
2184
2958
3000
2965
2949
2962
2964
