2908
2842
3026
2927
2877
2809
2795
2867
2969
2901
2943
2642
2756
2888
2924
2901
2946
2809
2917
3178
2868
2927
2863
2912
2889
2999
2867
2918
2409
2697
2992
1775
2867
2994
2893
2855
2889
2693
2476
2784
2861
2442
2606
2840
2838
2755
2670
2929
2944
2867
2831
2781
2863
2910
2867
2693
2897
2831
2499
2695
2926
2899
2821
2839
898
3027
2660
2465
2910
2919
2810
2687
2892
2876
2923
2707
3078
2734
2956
2823
1664
2847
2925
3129
2767
2639
2803
2955
2680
2923
2908
2797
2861
2724
2781
2912
2951
2900
2985
2852
3018
2937
1123
2023
2893
2786
2827
2876
2950
2836
1926
2895
3055
2931
2801
2851
2820
2912
2991
2886
2617
2962
2811
1545
3018
1567
2980
2829
2460
2853
2740
2896
2902
2919
2435
2882
2875
2629
2769
2873
2938
2707
2948
2298
2914
2947
2693
2955
2666
2858
2810
2895
2843
2962
2957
2901
2630
2923
2725
2955
2896
2823
2656
2717
2752
2887
2725
2952
2835
2935
2884
2749
2935
2649
2612
2135
2911
2841
2713
2878
2845
2841
2832
2620
2841
2846
2907
2725
2835
2882
2825
2816
2892
2898
2925
2989
2851
2796
2894
3002
2917
2815
2602
2917
2862
2939
2945
2915
2442
3048
2778
2963
2919
2515
2707
2872
2919
2617
2897
2878
2707
2837
2745
2876
2839
3021
2863
2845
2516
2883
2861
2543
2925
3036
2803
2851
2991
2804
2693
2761
2430
3009
2826
2886
2908
3115
1307
2907
2901
2905
2943
2839
2889
3008
2795
1027
2847
2859
3023
2988
3051
2900
2002
2922
2935
2809
2677
2662
2839
2896
2649
2769
2975
2763
2852
2762
1928
2864
2767
2924
2823
2843
2937
3045
2955
2627
2976
2990
2810
2843
2897
2931
3004
3057
2875
2915
2969
2874
2838
2840
2873
2901
2874
2849
2730
2220
2881
2921
2911
2885
2842
2946
1330
2923
2875
2848
2240
2884
2895
1804
2882
2895
2957
3003
2796
2804
2971
2847
2891
2760
2528
2324
3016
2795
2851
2867
2899
3000
2874
2942
2924
2632
2990
2762
2443
2915
2841
2546
2976
2648
2960
2935
2718
2956
2796
2768
3043
2991
2648
1593
908
2893
854
2828
2735
2990
2632
2654
2928
2494
2966
2905
2700
2863
2934
2882
2966
2916
2145
2893
1540
2810
2889
2710
2999
2797
2902
2911
2760
2969
2912
2240
3016
2886
1505
2606
872
2881
2851
2884
2808
2891
2842
3100
2805
2653
2868
2894
2902
2886
3005
2706
939
2672
2792
2488
2918
2788
2576
2826
3087
2889
2500
2996
2891
2904
2951
2736
3007
2920
3024
2798
2874
2998
2896
2986
2657
2698
2775
2821
2851
2633
2548
2936
2790
2917
968
2445
2902
2827
2778
2485
2982
2898
2785
2759
2870
3072
2852
2926
2563
2947
2772
3018
2617
2811
2855
2777
1203
2925
2580
2621
2989
2537
2847
1665
2952
2837
2746
2879
2887
2991
2676
3052
2868
2867
2895
2879
2802
2912
2981
2903
2843
2721
2966
2701
1594
2563
2845
2682
2935
2930
2907
1545
2898
2910
2311
3014
2911
2936
2772
2970
2895
2802
2879
2893
2797
2492
2682
2837
2872
2919
2178
2363
1997
2829
2588
2676
2853
2977
2846
3096
2752
1615
2598
2733
2808
2625
2829
2766
2795
2930
2509
2535
2834
2742
1028
2977
2814
2859
2928
2987
2923
2870
2913
2881
2964
3007
2768
2939
2621
2784
3158
2529
2884
2869
2945
2752
2450
2841
2912
2988
2867
2864
2811
2909
2857
2478
2828
2672
2938
2982
2503
1513
2978
2875
2911
2793
2137
2895
2905
2841
2815
2951
2553
2554
2928
2884
2976
2894
2526
2672
2932
2728
3011
2649
3018
2865
2722
2868
2908
2921
2960
2750
2752
2720
2757
2974
2896
2968
2944
2839
2906
2710
2090
3011
2807
2971
2889
2816
2745
2793
2678
2813
2872
3100
2932
2904
2797
2841
2979
2978
2859
2984
2796
2916
2733
2933
2907
2994
2736
2852
1055
3018
2675
3032
2838
3000
2916
3006
2661
2941
2887
2794
2800
2632
2878
2511
2888
2850
2755
2815
1541
2544
2836
2693
2879
3104
2551
2491
2928
2890
2758
2862
2945
1552
2770
2713
2163
2894
2914
2806
2734
2704
2999
2858
2617
2941
2538
2899
2796
2881
1386
2826
2700
2847
2869
2858
2975
1497
2866
2826
2610
2827
2766
2860
2817
2433
2889
2477
2858
3003
2741
2809
2550
2896
2664
2879
2824
2629
2682
2638
2911
2936
875
3019
2693
2941
2836
2940
2728
2914
3012
2716
2874
2741
2963
2810
2570
2870
2714
2653
2749
2895
2833
2963
2899
830
2880
2831
2906
2885
2745
2935
2899
2907
2882
2983
2887
2917
2676
2973
2800
2651
2805
2716
2826
2899
2900
2752
2452
2874
2916
2886
2885
2588
2807
2976
1337
3083
2909
3010
2874
2901
2786
3090
2984
3073
2945
2909
2893
2816
2779
2961
2942
2588
3049
2906
3130
2858
2892
2892
2883
2961
2920
2964
2811
2673
2770
2869
2771
2880
2746
2863
1679
2931
2808
2843
2745
2782
2807
2892
2549
2682
2797
2892
2859
2698
2775
2859
2644
2693
3097
2859
2914
2840
2776
3028
2920
2875
2778
2917
2731
2925
2943
1934
2913
2728
1226
2837
2896
2903
2850
2591
2881
2813
3004
2996
2846
2918
2729
1448
2939
2904
3052
2905
2858
2826
2880
2831
2908
2838
2960
2856
2877
2709
2913
2446
2952
2933
2325
2323
2754
2939
2916
2873
2665
2949
1809
2489
2966
2905
2937
2816
2830
2878
3067
2879
2752
2737
2895
2911
2940
2655
2910
2921
2332
2765
2014
2876
3050
2815
2645
3046
2602
2863
2850
2811
2708
2976
2989
2495
2854
1964
2806
2850
2937
3101
2850
2858
3002
2802
2746
2958
2799
2942
2826
2832
3023
2517
2923
2860
2961
2627
2866
2989
2858
2878
2867
2911
2816
2822
2865
2908
2542
2805
2982
3035
2947
2701
2857
1862
2829
2933
2981
2877
2788
2882
2555
2958
2497
2625
2595
2790
3039
2911
2838
2845
2851
2822
2499
2782
2828
2957
2520
2873
1844
2899
2864
2907
1406
2848
2585
2495
2824
2971
2910
2532
2852
2731
2768
1339
3002
2884
3068
2916
2872
2607
2890
2892
2994
2941
2825
2567
2892
2729
2892
2901
2671
2697
1396
2892
2361
2895
2529
2810
2846
2858
2517
2262
2599
2919
2973
2600
2835
2634
2897
2934
2816
2885
2962
2860
2762
2806
2846
2909
2858
2906
2581
2852
2865
2895
2804
2775
2852
2738
2874
2511
2973
2823
2964
2754
2410
2915
2699
2611
2939
2851
2845
2602
2839
2932
2617
3028
2857
2443
2515
2663
2985
2894
2810
2817
1024
2651
2928
1776
2895
2914
2890
2823
2850
2882
2849
2716
3015
2864
2524
2925
2730
2949
2953
2898
2700
2961
2762
2828
2948
3036
2904
2877
2491
2941
2836
1752
2502
2652
2925
3013
2968
2666
2887
2941
2854
2908
2745
2848
2914
2875
2820
2758
2735
2926
2498
2547
2616
2493
2918
2847
3014
2692
2910
2666
2893
2946
2905
1821
2493
2802
1236
2907
2865
1705
2845
2863
3017
2843
2765
2892
2825
2598
2921
2976
2829
3047
2895
1646
3004
2878
2761
3004
2545
2867
2870
2853
2943
2920
3002
2597
3061
2820
2403
2828
2874
2842
2935
2477
2882
2993
2735
2848
1038
2450
2639
2861
2687
2754
2946
2887
2783
2979
2801
2878
3028
3042
2725
2899
2793
2706
2763
2810
2284
2781
2883
2960
2872
2762
2917
2998
2785
2864
2744
2731
2779
2888
1749
2830
2838
2915
2167
2949
2547
2919
3005
2816
2876
941
2992
2834
2763
2701
1845
2900
2834
3160
2730
1384
2770
2769
2849
2840
2967
3051
2916
2836
2838
2869
2667
2853
2742
2927
2938
2890
2877
2747
3026
2855
2858
2854
2748
2843
2907
2826
2935
2909
2853
2879
2389
2834
3077
2824
2722
2677
2832
2767
2910
2847
2962
2873
2821
2942
2839
2966
2826
2870
2880
2829
2875
1948
2562
2119
2394
2684
2889
2718
2917
2923
2939
2872
1135
2959
2593
2736
2845
2906
2874
2247
2924
2834
2928
2971
2932
2900
2824
2882
1799
2841
2660
2874
2872
2942
2856
2922
2830
2979
2986
2892
3112
2815
2878
2825
2862
2948
2908
2128
2919
2885
2864
2826
2026
1412
2793
2842
2811
2927
2801
2621
2955
2851
2886
2793
2531
2867
2998
2703
2840
2321
2777
2993
2938
2997
2882
2771
2530
2519
2883
2794
3023
2901
2931
2862
2745
2931
2543
2859
2532
2879
2946
942
2656
2865
2865
2792
2783
3028
2875
2865
2961
2870
3061
2915
2636
2579
2960
1520
2826
2931
2766
2822
1742
2684
2751
2841
2811
2893
2816
2941
2906
2972
2894
2680
2883
2726
2786
1926
2903
2975
2715
2846
2800
2924
2150
2853
2873
2806
2784
2748
2814
2829
2844
3048
3022
2849
1379
2721
2944
2919
2996
2678
2832
2519
2863
2843
2909
2916
3093
2893
2820
2981
2846
2912
2682
2834
2919
2950
2291
2682
2776
2914
3017
2549
2925
2817
2730
2322
2555
2255
2804
2801
2802
2905
2941
1225
3050
2015
2830
2974
3017
2838
2824
2996
2863
2539
1053
915
840
2860
2807
2841
2716
2819
2820
2919
2939
2852
2673
2786
2637
2823
2853
2960
2954
2889
2907
2785
2585
2598
2827
2930
2667
2752
2851
2850
2919
2852
2688
2862
2958
2891
2859
2999
2578
2899
2877
3013
2652
2826
2915
2943
2965
2607
2847
2717
2894
2548
2913
2780
2966
2645
2533
2895
2585
2980
2470
2928
2870
2812
2841
3057
2910
2904
2680
3032
2873
2953
1478
2602
2572
2699
2825
2876
2913
2915
3002
2815
2980
2585
2876
2860
2930
2916
2784
2466
2873
2792
2615
2754
1799
2826
2871
2877
2830
2850
2558
2842
2964
2708
2909
2878
2886
2654
2902
2479
3093
2763
2727
2808
2824
1708
2549
2792
2600
3082
2635
2133
2901
2959
2976
2842
2531
2889
2814
2933
2827
2801
2983
2721
2976
2853
2868
2868
2809
2894
2903
2822
3008
2911
2904
3028
2963
2871
2985
2960
2889
2755
2931
2849
2896
2958
2295
2962
2554
924
3035
2913
2866
2676
2715
2861
2713
1036
2963
2867
2916
2598
2798
2832
2863
2975
2935
3109
2926
2873
2852
2809
2826
2051
2879
1935
2994
3186
2710
3095
2873
2929
2323
2893
3049
2818
2865
2957
2916
2916
2824
2855
2836
2829
2890
2952
1754
2962
2767
2750
2715
2855
2864
3031
2803
2526
2789
2572
2891
2832
2913
2956
2864
2958
2890
2874
2809
2892
2857
2393
2910
2745
2558
2608
2881
2897
2407
2907
2783
2938
2737
2908
2739
2971
2871
2899
2918
2970
2907
2825
2450
2907
1211
2920
2925
2855
2222
2914
2542
2863
2913
2868
2835
2812
2908
2920
2938
2902
1657
2788
2874
2853
3053
3094
2915
3033
2930
3000
1142
1004
2856
3022
1554
2770
2969
2901
2975
2998
2897
2882
2155
2751
2839
2823
2815
2856
2888
2688
2772
2959
2642
2903
2862
2894
1006
2777
2643
1848
3037
2915
2957
2667
2754
2909
3021
2674
1622
2881
2966
2175
2906
2853
2782
3073
2719
2807
2995
2818
3066
2776
2925
2907
2873
2872
2650
2794
2858
2584
2831
2884
2972
2793
2648
2941
3004
2997
3036
2857
2814
3044
2649
2856
3041
2829
2650
3032
2753
2828
2918
2980
2901
3026
2799
2967
2897
2948
2753
2845
2764
2935
2932
2865
809
2900
2753
2821
2909
2892
2872
2983
2863
3004
2916
2977
2828
2965
2113
2515
3047
3000
2922
2985
2925
2941
2897
2785
2846
2930
2855
2983
2304
2911
2932
3012
2827
3085
3048
2970
2797
2916
2512
2908
2837
2492
2041
2875
2914
2975
2869
2791
2943
2773
2909
1672
2863
2578
2887
1795
1507
2899
3021
2876
1361
2856
2971
2901
2847
2853
2732
2840
2626
2901
2857
2841
2510
3049
2702
2722
2999
2966
3003
2883
2839
2815
2991
2861
2611
2725
2793
2878
2734
2997
2957
2885
2982
2907
3019
2523
3023
1162
2935
2791
2741
2803
2924
2830
2908
2844
2794
2939
2741
2944
2855
1054
2858
2915
2994
2894
2822
2869
2811
1309
2896
2655
2738
2638
2996
2883
2722
2983
2816
2776
2674
2937
2842
2943
2620
2978
2703
2783
2850
2664
2858
2652
2747
2789
2865
2831
2804
2756
2852
2925
2902
2864
2877
2766
2690
2947
2867
2974
2607
2879
2458
2721
2870
2586
2782
2562
2581
2894
2959
2863
2901
2702
2818
2863
2901
2898
2959
2873
2714
2810
2778
2937
2944
2870
2993
3055
2823
2834
2123
2993
2868
2636
826
2810
2769
2942
2873
2977
2753
3038
2903
2749
2934
2590
2650
2529
2776
2884
2667
2440
3007
2903
2836
1342
2931
2239
2988
2780
2817
2877
2533
2951
2704
3031
3009
2967
2766
2757
2080
2536
2838
2620
2818
2692
2905
2857
2771
2815
2899
2817
2023
2925
2453
2860
2003
2827
2955
2974
2636
2905
2828
2771
2773
2981
2859
2989
2918
2792
2902
2475
2804
2999
2942
2832
2856
2808
2958
2799
2874
2940
2993
2887
2930
2858
2937
2958
2773
2657
2769
2842
3008
2816
3027
2814
2849
2745
2663
2969
2574
1940
2461
2931
2964
2851
2918
1456
2939
2771
1146
2748
2814
2794
2902
2730
2985
2868
2750
2709
2750
2882
2311
2809
2943
3031
2827
2427
3006
2519
2865
2981
2729
2821
2965
2915
2886
2649
2807
1691
2602
3056
2860
1904
3000
2756
2918
2858
2781
2959
2507
2166
1166
2816
2841
2821
2720
937
2925
2616
2944
1069
3084
2959
2894
2899
2952
3087
2957
2915
2958
2899
2780
2904
2837
948
1562
2801
2437
2811
2879
2925
2839
2912
2416
2976
2682
2497
2888
2663
2909
2919
2908
2993
2794
2976
2795
2955
2934
2824
2890
2978
2621
2708
2706
2823
3028
2961
2916
2878
2968
2846
2858
2821
2812
2655
2912
2633
2993
2906
2771
3045
2837
2871
2833
2853
2893
2918
2822
1904
2874
2907
3018
2933
2822
2665
2814
2872
2324
2891
2790
2874
2993
1044
2851
2870
2957
2795
2940
1557
2844
2743
2801
2775
2596
2820
3039
2873
2887
2922
2983
2922
3026
2880
2510
2917
2678
2845
3019
2868
2770
2540
2828
1786
2939
2812
2899
2653
2902
3034
2933
2888
2914
2789
2851
2698
1603
2947
2941
2843
2864
2934
2871
2866
2856
2949
2609
2898
2869
2760
2941
2531
2844
838
2925
2846
2631
2919
2868
1035
2850
2898
2854
2816
2841
2353
1837
2835
2920
3034
2868
2866
2908
1698
2987
2621
2927
2995
2679
2798
2904
2923
3016
2779
2960
2836
2279
2781
2936
2960
2683
3013
2908
2831
2814
2987
2681
3013
2725
2672
2546
1494
2920
2912
2802
2801
2903
2845
2924
2870
2833
2710
2802
2906
2842
2874
2860
2776
2859
2883
2937
2844
2923
2864
2722
2995
2556
3021
2813
2509
2732
2892
2678
2797
2891
2884
2835
1135
2851
2725
2926
2851
2698
2831
1922
2978
2641
2907
2898
2820
2826
2913
2426
3030
2884
2867
2817
2891
2779
2694
2850
2650
2780
1571
2833
2969
2877
2809
2819
2898
1956
2878
2878
2911
2817
2674
2720
3019
3045
2638
2916
3012
2665
2733
2944
2620
2896
2950
2825
2947
2726
2845
2956
2839
2634
2881
2948
2800
2868
2863
2975
2630
2762
2850
2975
2634
2866
2878
2855
2905
2875
2000
2561
2656
2934
2954
2967
2901
2905
2984
2942
2777
2770
2710
1826
2452
2798
2870
3076
2805
2738
1262
2546
2911
2917
2228
2981
2922
2494
2775
2924
2595
2858
2873
2949
2808
2588
2594
3065
2890
2938
2769
2897
2899
2916
2970
2819
2881
2887
2539
2639
2893
2855
2765
2946
2915
2737
2948
2946
2661
2656
2085
3008
2826
2350
2701
2853
2816
2690
3002
2748
2979
2568
2970
2942
2851
2525
2849
2791
2829
2969
2465
2512
3015
2711
3020
3009
2858
3045
2893
3050
2870
2901
2829
2864
2951
2902
2803
2951
2641
2853
2860
2983
3009
2877
2939
2851
2721
2854
2994
2704
2749
2817
2837
2969
1159
2857
1253
2691
2822
2836
3043
2888
2832
2893
2693
2597
2917
2918
2313
3034
1162
3050
2410
2922
2850
2697
880
2878
2697
2907
2912
3075
2779
2432
2679
2951
2937
2983
2916
2877
2915
2814
2857
2882
2580
2900
2817
3072
2917
2531
2761
2901
2818
2886
2925
2963
2902
2840
2975
2727
2965
2812
2749
2770
2920
2895
2881
2909
1117
2728
2903
2282
2726
2866
2960
2879
2894
2960
2792
2804
2863
2816
2861
2891
2695
2868
2839
2875
2842
2818
3011
2932
2881
2622
2880
3052
2831
2951
2746
2957
2769
2886
2670
2802
3001
2942
2956
2854
2467
2727
2753
2760
2439
2692
2851
2827
2843
2767
2644
2906
2842
2780
2961
2903
2955
1779
2954
2890
2788
2918
2741
2860
2938
2991
2835
2931
2783
2567
2784
2566
2584
2674
2924
2982
3008
2901
2784
2810
2398
2833
1703
2649
3016
2885
2961
2822
1774
2931
2965
2946
2745
2882
3061
2863
2689
2898
2714
2961
2867
2901
2517
2832
1497
2857
2855
2723
2924
2555
2845
2956
2623
2968
2812
2882
2937
2736
2926
2878
2935
2731
2860
2732
2851
2931
2968
2849
2887
2868
2904
2808
2891
2845
2848
2825
2737
2899
2607
2907
2928
3046
2845
2997
2892
3073
3046
2367
2834
2707
2809
2805
2588
3001
2895
2564
2820
2831
2760
2526
2893
2798
2903
2944
2738
2949
2633
2925
2836
2652
3019
2893
2946
2817
2493
2868
2749
2888
2861
2871
2947
3021
2662
2875
2848
2910
2955
2882
2624
2904
2870
2544
3003
2846
2916
2968
3015
2441
2857
2150
2903
2894
2741
1450
2846
2913
2809
3076
2852
2859
2961
2853
2605
2815
2557
2859
2839
2837
2934
1466
2617
2908
2886
2956
2858
2322
2941
2842
1555
2825
2454
2881
2676
2867
2720
3054
2729
2983
1453
2913
2994
1670
2983
1608
2900
2921
3007
2829
2808
2819
1553
2877
2880
2962
3038
2800
2922
2867
2921
2611
2794
2883
2946
2217
2931
2729
3007
2924
2871
2799
2904
2769
2977
2336
1372
2952
2831
2765
2619
2865
2922
2879
2905
2813
2775
2680
2792
2936
2862
2999
2643
2856
2903
2856
2845
2935
2882
2964
2914
2823
2932
2849
2841
2894
2912
2765
2841
2662
2602
3027
2966
2590
2943
2828
2947
2936
2830
2884
2901
2377
2745
2999
2618
2894
2865
2928
2697
2694
1864
2756
2962
3000
2923
2922
2936
2853
2881
2848
2965
2589
2952
2784
2950
2915
2970
2798
2896
2777
2838
2995
1633
2952
2910
2915
2839
2900
2661
2953
2656
2808
2882
2653
2350
2890
2871
2484
3061
2924
2828
2571
2904
2804
2974
2770
2618
2735
2639
2850
2889
2843
2802
2899
2866
2722
2853
2897
2844
2617
2906
2832
2751
2787
2907
2871
2730
2872
3029
2963
2846
2989
2824
2659
2776
2716
2940
2546
2548
2843
2621
2633
2743
2900
3015
2876
2703
2832
2859
3030
2796
2829
3046
2954
2961
2773
2844
2924
2573
2863
2843
2778
1958
2982
2850
2837
2730
2448
1595
2846
2838
2803
2860
2881
2857
2847
2977
2884
2890
2701
2699
2852
2861
2917
2984
2891
1359
3141
2820
2674
2832
2741
2893
2399
2956
2810
2983
2785
2914
2520
2541
2735
2833
2892
2601
2883
2870
2895
2522
2764
2628
2803
2790
2903
2895
2917
2882
2788
2847
2704
2887
2919
2781
2836
2731
2873
3007
2898
2640
2639
2814
2860
2941
2831
2553
2924
2793
2817
1273
2974
2774
2934
2867
2789
2853
2899
2258
3008
2916
2878
2412
2949
2872
2891
2929
2629
2944
2999
2113
2990
2849
2845
2685
2616
2480
2937
2881
2991
2674
2887
2949
2584
2887
2863
3052
2785
2812
2786
2891
2928
2944
2904
2834
2808
2795
2820
2808
2775
2973
2911
2820
2909
1298
2779
2554
2900
3077
3054
2624
2994
2905
2948
2910
2876
2671
2744
2813
2803
2811
2867
2454
2836
2724
2893
2770
2900
2796
2839
2886
2819
2755
2492
2827
2812
2895
2766
2890
2849
3017
2997
2971
2819
2881
2768
2924
2795
2910
2866
2808
2863
2773
1292
2867
2945
2826
2872
2688
2972
2788
2791
2898
2590
2909
2881
3030
2886
2872
2872
2514
2877
1465
2584
2797
2952
3006
2901
2985
2804
2916
2895
2936
2923
3051
2883
2851
2928
2939
2884
2106
2955
2699
3035
2790
1389
2791
2871
2942
2877
2803
2920
2901
2447
2762
3007
2747
2889
2826
2845
2660
2523
2595
2592
2955
2742
2607
2885
2965
2951
2977
1939
2865
2945
2923
2927
2781
2950
2754
2888
2668
2856
2932
2993
2118
2823
2903
2950
2788
2954
2904
2809
2715
2838
2991
2772
2928
2980
2976
2841
2936
2682
2843
2898
2974
2855
2801
2822
2620
1650
2891
2906
2609
2552
2732
968
2900
2874
2596
2889
2521
2947
2825
2902
2546
2925
2881
2843
2183
2815
2918
1022
2856
3055
2929
2847
2900
2539
2634
2858
2862
2754
3008
2057
2870
3032
2007
2770
2857
2795
2823
2580
2130
2883
2813
2833
2585
2777
2894
2502
2880
2893
3053
2875
2742
2933
2945
3015
2932
2607
2861
2884
2997
2831
2783
2920
2828
2833
2847
2991
2236
2935
2859
2924
2701
2924
2763
2772
2852
2962
1037
2865
2818
2930
2819
2952
2908
2460
2941
3036
2549
3082
2514
2969
2785
2701
2945
2666
2890
2911
2931
2998
2855
2973
842
2813
2917
889
2824
2810
2618
2792
2771
2936
2917
2879
2876
2918
3078
2770
2843
3042
2740
2943
2892
2738
2749
2460
2963
2901
2661
2782
2968
2998
3013
2872
2835
2655
2968
2580
2816
2925
2893
2982
2584
2651
2459
2808
2938
2936
1386
2951
2889
1132
2868
2816
2870
1784
2846
1687
2562
2759
2965
3018
2941
2882
2912
2833
2693
2869
2840
2880
2647
2726
2878
2953
3253
2859
2886
2950
1626
2963
2937
2807
2901
2903
2818
2837
2891
2910
2864
2919
2899
2658
2789
3065
2923
3024
2853
2865
2821
2923
2866
2930
2867
2824
2951
3109
2896
2904
2967
2785
2922
2810
2841
2919
2639
2945
2811
2571
2716
2940
3015
2823
3025
2668
2793
3053
2986
2804
3061
1062
2041
2934
2579
2766
2941
2396
2859
2829
2909
2933
2972
2942
2915
2843
2635
2882
2863
2901
2936
2855
3005
2621
2745
2843
3003
1805
2909
2837
2887
1644
2923
2711
2777
2953
2840
2925
2911
2813
2999
2788
2860
2864
2895
2852
2614
2843
2800
2913
2844
2706
2885
2661
2864
2954
2939
1628
1804
1461
2628
2902
2837
2563
2889
2928
2806
2826
2919
2826
2649
2899
2861
2758
2454
2966
2908
2959
2886
3010
2824
2856
2770
2971
2869
1932
2920
2953
2850
2907
2934
2853
2767
2671
2909
2940
2948
2658
1466
3017
2781
2802
2654
2820
2639
2818
2858
2964
2784
2843
2933
2763
2895
2683
2814
2554
2734
2808
3030
2902
2940
3025
2904
2919
2890
2934
2925
2628
2045
2987
2797
2851
2921
2867
2709
2762
2884
2903
2739
2943
2434
2763
2898
2743
2788
2970
2663
2879
2936
2926
3001
2777
2970
1520
2872
1428
2959
2909
2820
2963
2784
2864
2898
2463
2902
2969
3054
2845
2889
2927
2897
3008
2890
2586
2551
2837
2896
2916
2979
3039
2909
2710
2982
2918
2830
2897
2921
2910
3028
2866
2921
1421
2839
2906
2859
2754
2967
2999
2978
2693
2798
2786
3009
2738
2789
2934
1280
2687
3004
2905
2646
2936
2866
3073
2936
2916
2852
3079
2926
2794
2864
2618
2908
2876
3010
2717
2850
2961
2805
2880
3007
2898
2901
2888
1769
2876
2840
2702
2837
2946
2576
2921
2825
2812
2731
2873
2833
2881
2247
2856
2971
2800
2931
2846
2861
2908
2928
2741
2960
2883
2867
2522
2891
2878
2856
2810
2900
2803
2672
2746
2986
3092
2916
2926
2712
2820
3006
2136
2823
2770
2853
2638
2845
2486
2889
2991
2870
3004
2769
2978
2956
2898
2839
2892
2883
2916
2566
2849
2740
1345
2927
3029
2862
2740
2919
2120
2957
2866
2740
2901
1325
2898
2909
2827
2848
2602
2820
2869
2800
2960
2832
2894
2526
2874
2770
2588
2825
2948
2922
2000
2381
2825
2718
3173
2975
2899
2872
2943
2903
2247
2859
2887
2829
2965
2693
1606
2655
2948
2894
2966
2858
2844
2845
1333
2465
2861
3008
2910
2876
2981
2885
2810
2942
2216
2853
2728
2738
3087
2475
2737
2892
2812
2902
950
2714
2484
2834
2489
2903
2978
2867
2927
2931
2901
2941
2852
2623
2672
3024
2832
2832
2934
2757
2989
2511
2892
2966
2980
2824
2762
2872
2804
2939
2182
2800
2817
2854
2944
2612
2886
2517
2723
3005
2702
2660
2907
2888
2887
2704
2776
2840
2893
2616
2866
2751
1559
2874
2974
2870
2867
2825
2855
2794
1518
1175
2992
2607
2643
2879
2934
2917
2830
2885
2663
2886
2964
2865
2924
2683
2908
2940
2808
2870
2814
2754
2632
2691
2831
2526
2738
2829
2921
2945
2916
2903
2910
2931
2905
2909
2902
2746
2891
2891
2872
2844
2856
2766
3005
2935
2884
2596
2927
2845
2848
2923
2962
2641
2898
2577
2804
2968
2767
2798
2716
2755
2836
2574
2840
2793
2713
2644
2867
2664
2897
2937
2948
2854
2951
2895
2903
2968
2962
2729
2952
805
2909
3053
2824
2935
2611
2875
2764
2662
2466
2711
3086
2728
2641
2977
2807
2872
1197
2701
2943
2821
2883
2326
3014
2906
2838
2929
2858
2867
2746
2876
2516
2737
2775
2729
2760
2993
2873
2887
2934
2411
3003
2827
2754
2707
2886
2839
2870
2826
2745
2792
2963
2851
2903
2819
2831
2974
940
2880
2920
2837
809
2822
2895
2818
2865
2621
2875
2935
2709
2551
2555
2873
2750
2202
2517
2899
1016
2961
2925
2720
2619
2528
2787
2898
2871
1104
2869
2885
2462
2865
2930
2609
2957
2842
2858
2743
2913
3053
2752
2906
2899
2928
2809
2613
2875
2743
2868
2946
1306
2914
2925
2854
2538
2794
2889
2881
2911
2903
2927
2840
2916
2931
2799
2974
2785
2952
2932
2895
2911
2875
2870
2897
2915
3109
2967
2881
2802
2890
2863
3004
3030
2759
2906
2890
2900
2692
3149
2681
2909
2876
3048
2856
2865
2942
2894
2800
2367
2631
2962
2964
3006
2682
2794
2897
2892
2679
3040
2800
2859
2911
2340
2678
2910
2977
2468
2904
2875
3005
2797
2881
2838
2745
2952
2906
2813
2785
2777
1890
2537
959
2881
2932
2932
2709
2900
2881
2791
2859
2973
1167
2852
2968
2930
2677
2444
2931
1815
2864
2798
2785
2332
2923
2834
1046
2998
2839
2913
2993
2899
2880
2957
2635
2863
2782
2557
3010
2840
2898
2905
2778
2937
2856
2940
3012
2900
3064
2873
2385
2569
2980
2787
2469
2848
2855
2861
2736
2863
2755
2885
2311
2917
3039
2856
2870
2884
2891
2884
2852
2183
2919
2577
2836
2880
2920
2788
2350
2912
2885
2860
986
2890
2889
2689
2971
2941
2907
2872
2688
2917
2937
2772
2882
3000
2871
2864
2789
2619
2523
2963
2891
2875
1413
2794
2840
2875
2976
2862
2810
2704
2916
2881
3116
2859
2740
2884
2772
2797
2913
3016
2642
2992
2873
2923
2993
2953
2818
2864
2929
2839
2985
2909
2810
2736
2884
2796
2930
1181
2787
2911
2734
2842
2907
2817
2935
2952
2973
2835
2892
2986
2929
2917
2864
2832
2713
3013
2959
2928
2841
1575
2562
2905
1603
2975
2918
2820
2865
2819
2848
2626
2850
2858
2899
2939
2996
2822
2939
2958
2730
2607
2633
2595
2868
3016
2468
2869
2637
2861
2915
2683
2677
2860
2867
2793
2858
2684
2924
2865
2733
2803
2662
2787
2910
2791
2716
2925
2928
2926
2923
2882
2889
2888
2867
2810
2756
2941
3009
2925
2521
2864
2919
2930
2860
2779
1658
2883
2909
2863
2954
2558
2893
2655
2952
2887
1956
3093
2589
2885
2895
2041
2928
2927
2914
3037
2858
2951
2981
2882
2921
2956
2833
2513
2872
2834
3000
3102
1517
2909
3018
2959
3051
2830
2894
2865
2846
2916
2926
2771
2805
2778
2931
2686
3039
2859
2663
2552
2863
2872
2922
2981
2983
2971
2776
2920
1927
2990
2823
2986
2850
2576
2870
2820
2903
1566
2168
2515
2975
2793
2871
3033
2773
2437
2878
2645
2133
2764
2934
2768
1465
2917
2876
2876
2932
2936
3044
2876
2775
2579
2971
2882
2642
2933
2873
2805
2856
2925
2773
2851
2742
2861
2626
2510
2852
2732
3013
2999
2386
2932
2857
2908
2344
2633
2742
2865
2763
2510
2915
2635
2872
2994
2959
2773
2831
2726
2565
2514
2932
2846
2930
2985
2967
2948
2741
2750
2890
2559
3018
2947
2757
2860
2949
3103
2865
2364
2958
2805
2900
2763
2909
2977
2768
2885
2896
2887
2740
2864
2863
2917
2906
2963
2913
2812
2662
2387
2898
2855
2636
2529
2765
2795
2873
3004
2866
2823
2545
2555
2767
2948
2841
2477
2923
2882
2942
2869
2691
2944
2938
2803
2818
2788
2873
2928
2839
2858
2809
2719
2617
2758
2791
1846
2755
2974
2820
2581
2971
2937
2853
2906
2739
2509
2863
2025
2831
2879
2924
3214
2884
2882
2945
2919
2975
2861
2934
1341
2769
2638
2976
2241
2931
2811
3001
2575
2921
2850
2664
2641
2625
2656
2816
2707
2769
2705
2808
3080
2944
2789
2837
1934
2879
2943
824
2854
2895
2886
2357
2841
2881
2808
2853
2879
2642
2870
2541
2927
2537
2941
3016
3002
2982
2861
2881
2868
2950
2961
2594
2925
2896
2826
2902
932
2816
2939
2773
2851
3034
2945
2821
2828
2838
2795
2050
2717
2927
2909
2472
2744
2799
2915
2988
2632
2491
2926
2193
2932
2685
2849
2848
2918
2657
2525
2390
2815
2984
2872
2942
2926
2833
2801
3051
2851
2729
2800
2772
2985
2909
2995
2479
2999
2973
2930
2871
3017
2902
2859
2920
2800
3015
2884
2685
931
3023
2834
2854
2988
2746
2795
2522
2892
2930
2838
2796
2835
2730
2904
2974
2979
2810
2799
2764
2959
2943
2502
2941
2768
2750
2912
2893
2974
2777
2858
2930
2953
2564
2839
2869
2956
2723
2896
1000
2707
2900
2802
2171
1850
2814
2811
2679
2054
2933
2829
2783
2776
2849
2634
2950
1290
2879
2925
2961
2404
2679
2965
2841
2944
2794
2240
2906
2854
2793
2776
3034
2866
2854
3094
1382
2920
2457
2899
2516
2780
2909
2794
2686
2900
2781
2983
2712
2703
2982
2631
2919
2861
2988
2936
2777
2958
2896
2858
2624
2851
2958
2928
2753
2663
2887
3083
2941
2870
2926
2923
2874
2750
2499
2735
2919
2847
2792
2850
1487
2878
2363
2850
2872
2525
2937
2933
2275
2805
2745
2862
2746
2831
2813
2915
2933
2968
2808
2957
2836
2969
2929
2903
2941
2784
2876
2608
2600
2798
2789
2924
3028
2727
2920
1441
2294
2669
2668
2864
2816
2838
2929
2623
2817
2822
2808
2690
2455
2828
2906
2984
2850
2941
2885
2932
2871
2927
2614
2796
2930
2909
2876
2807
2939
990
3037
2548
2900
2885
2267
2882
2429
1263
2906
2950
2986
2828
2857
2949
3020
2946
2873
2868
2609
2218
2943
2968
2772
2982
2628
2905
2921
3001
2897
2609
2714
2970
2884
2869
2727
2850
3037
2787
2547
2850
2897
2853
2835
2644
2798
2922
3011
2690
2755
2923
2826
2859
2877
1273
2923
2799
2885
2902
2966
2913
2630
2895
2868
2843
2853
2839
2878
2929
2954
3010
2551
3011
2882
2596
2967
2961
1145
2800
2915
2822
2628
2788
2724
2623
2850
2879
2885
2926
2933
2883
2876
2955
2543
2878
2799
2512
2643
2727
2880
2890
2936
2937
2909
2802
2890
2675
2677
1667
2509
2862
2883
2864
1594
2864
2850
3010
3011
2943
2931
3014
2955
2925
2843
2874
2820
2848
2466
2833
2662
2924
2843
2735
2684
2976
2873
1164
2700
2862
3000
2761
2988
987
2779
2843
2845
2710
1464
2770
2847
2889
2927
2910
2650
2804
2911
2808
2878
2624
2786
2862
3007
2860
2807
2106
2805
2858
2968
2983
2822
2897
2954
2820
2952
2735
1408
2983
2802
2803
2789
2902
2765
2968
958
2874
2769
2775
2948
2838
2864
1320
2863
2884
2826
2958
2777
2843
2653
2964
2681
3039
2560
2795
1351
2849
2916
3018
2858
2788
2901
1971
2764
2853
2871
2742
2844
2841
2852
2909
2849
2887
2930
2814
1788
3007
2983
2772
3006
2917
2891
2904
2940
2885
2878
2875
3033
2864
891
2890
2854
3089
2902
2818
2784
2847
3018
2860
2862
2852
2827
2872
2869
2803
2859
2849
2797
2866
2684
1144
2957
1312
2850
2883
2952
2546
2918
2893
2936
2871
2846
2778
2805
2521
2829
2976
2889
2912
3174
2775
3037
2929
2845
3012
2904
2885
2542
2892
2839
2817
2906
2853
2825
2718
2917
2815
2943
2648
2861
2974
2935
2830
2814
2933
1063
2878
2811
2848
2489
2955
2960
2875
2797
2876
2900
2863
2886
2768
2528
2911
2885
2983
2564
2980
2849
2893
2736
2925
2963
3029
3042
3009
2759
2874
2944
2841
1060
2909
2673
2651
2917
2926
2826
2954
2878
2779
2936
2692
2864
2977
2824
2916
2817
3153
2869
2497
2882
2927
2981
2787
3024
2843
2829
2742
2845
2769
1747
2932
2898
2880
2921
2904
2687
2801
2878
2786
2631
1124
3060
2562
2890
2655
2905
2779
2671
2939
2169
2614
2839
2516
2150
2847
2817
2597
2840
2932
2507
2935
2828
2819
2954
2810
2965
2954
2961
1602
2636
2655
1221
2912
2863
2799
2912
2982
2709
2876
2914
2763
2849
2645
2908
2854
2854
3072
2650
2845
2932
2837
2840
2948
2859
1321
2811
2908
2998
2895
2835
2902
2831
2926
2549
2912
2783
2831
2829
2965
2938
2906
2983
2864
2978
2987
2261
2878
2848
2647
2510
1876
2882
2862
2887
2055
2548
2795
2322
2843
3045
2907
2765
2652
2730
2982
2741
2915
2945
2870
2930
2890
2887
2619
1513
2425
2878
2877
2743
2900
2795
2756
3049
2724
1227
2895
2988
2947
2849
2839
2865
2783
2517
2899
3032
3091
2504
2731
1937
2937
2838
2626
2949
2856
2849
1199
2941
2897
2766
2909
2911
2972
2806
2850
2490
2801
2864
2777
2342
2897
2904
2870
1429
2848
2944
3026
2880
2882
2903
2826
2861
2867
2490
2628
2650
2935
2835
2730
2939
2774
894
2962
2745
2960
2204
2743
2792
3034
3050
2035
2613
2904
2678
2769
2787
2044
2705
2963
3176
2859
2994
2978
2637
2868
2994
2870
2902
2902
2954
2924
2838
2830
2877
2866
1160
2668
1216
2963
2779
2724
2744
2788
2428
2928
1601
2607
2642
2835
2723
2825
2944
2821
2734
2800
2971
2997
2828
3060
2817
2608
2901
2898
2844
2937
2855
2588
2886
3005
2769
2814
2736
2929
3023
2715
2566
2611
2790
2871
2920
2965
1886
2624
3006
2882
3088
2874
2888
2047
2768
2896
3050
2797
2938
2674
2855
2888
2957
1579
2855
2905
2653
2867
2530
2114
2860
2900
2569
2934
2786
1580
2631
3035
2888
2881
2877
2289
2998
2256
2941
2697
2931
2907
2985
2846
2883
2151
2714
2887
2852
2767
2879
2800
3006
2991
2614
2903
3026
2883
2967
2828
2542
2971
2588
2821
2820
2845
2898
2750
2852
2555
2745
2834
2703
2260
2919
2794
2550
2918
2806
2940
2850
2879
806
2886
2781
2595
2990
2680
2921
2887
2906
2986
2919
2949
2866
2934
2804
3000
3002
2843
2892
1887
2651
2971
2783
2588
2962
2987
2787
2849
3019
2845
2895
2899
2526
2891
2538
2996
2504
3058
2902
3003
2879
3084
2981
2872
3007
3029
2819
2911
2653
2872
2946
2862
2775
2833
2966
2829
2034
2847
2826
2923
2917
2867
2827
3031
2801
2854
2820
2904
2783
2882
2540
2961
2982
2931
2876
2774
2601
2777
3006
1394
2880
2900
2952
2572
2902
2931
2904
2836
2631
2874
2896
2731
2894
2898
2788
2916
2873
2889
2871
2884
2796
2957
2925
2971
2523
2925
2810
3014
2813
2802
2900
2813
2616
2934
2894
2678
2736
2889
3037
2948
2727
2931
2716
2781
2884
2877
2545
2901
2617
2878
2863
2873
2832
2614
2846
2858
3034
2871
2256
3027
2783
2910
2881
2864
2897
2986
2871
2896
2964
2903
2961
2870
2889
2970
2589
3009
2850
2849
2809
2859
2916
2965
2780
2743
2821
2880
2776
2758
2798
2877
2896
2906
2967
2877
2630
2635
2949
3086
2687
2856
2896
2893
3011
2682
2594
2930
2896
891
2922
2722
2954
2925
2842
2807
2940
2828
2900
2843
2613
1528
2771
2874
2930
2934
2876
2679
2980
2563
2572
2855
2710
2598
2554
3081
2750
2828
2963
3067
2913
3006
2945
2530
1812
2876
2963
2827
2266
2842
2835
2526
2847
2806
2757
2816
2838
2937
2884
2648
2738
2882
2694
2995
1471
2667
2876
2721
2852
3033
2900
1219
2573
2888
2882
2998
2768
2592
828
3025
2882
2856
2775
2831
2787
2990
2867
2887
2915
2969
3092
2973
2807
2870
2763
2946
2618
2877
2730
2733
2596
1273
2899
2842
2871
2822
2793
2912
2751
2878
2896
2930
2923
2155
2909
2947
2633
2929
3016
2904
2936
2703
2768
2798
2889
3028
2869
2863
2917
2769
2715
2846
2861
1366
2866
2774
2928
2523
2814
2851
2610
2911
2797
2602
987
2881
2961
2975
2934
2927
2613
2823
2722
2879
2893
2954
2880
2850
2964
2698
2938
2938
2676
1847
3077
2938
2918
2901
2822
2604
3035
2539
2937
2677
3085
2890
830
1828
2897
1768
2852
2953
1990
2530
2878
2916
1595
2835
2913
2671
2734
2989
2701
2813
2859
2821
2879
3153
2928
2917
2816
2893
2799
2907
2841
3013
2824
2965
2956
2842
2790
2891
2729
2939
2496
2900
2885
2788
2857
2684
2940
2832
2981
2757
2904
2636
2922
2585
2734
2888
2801
2868
2780
2875
2892
2841
2834
2948
2658
2955
3007
3116
2464
2808
2608
2655
1641
2886
2735
2830
2795
2976
2864
2620
2909
2736
3011
2982
2960
2878
2907
2891
2729
2745
2750
2817
3099
2842
2692
2612
2888
847
1948
2660
2658
2422
2886
2479
2912
2906
1901
2933
2898
2673
2797
2826
2964
2759
2979
2899
2983
2962
2844
2619
2852
2913
2701
2678
2870
2698
2773
2465
2895
2691
1743
2860
2854
2664
2785
2936
2667
2910
2987
3035
3145
2717
2907
2990
2762
2446
2987
2851
2801
2820
2861
2869
3025
2830
2828
2971
2664
2901
2848
2821
2945
2833
2812
2684
2782
2919
2903
2758
2853
3119
3042
2525
2841
2865
2862
2838
2822
2843
2966
2915
2979
2547
3008
2965
2904
2607
2800
2754
2937
2752
2940
2736
2444
2820
2781
2529
2981
2854
2770
2799
2979
2771
2760
2828
2748
2950
2746
1638
2976
2839
2660
2966
2402
2862
2924
2758
1364
2688
2949
2758
2807
2678
3017
2891
2435
2930
2783
2885
2853
2779
2739
2901
2986
2893
3014
1765
2882
2891
2810
2823
2897
2842
2785
2953
2865
2923
3026
1163
870
2849
2942
2853
2735
2925
2702
2764
2861
2853
2875
2505
3083
2908
2891
2853
2646
2925
2587
2906
2881
2188
3087
2854
2758
3017
2877
2845
3025
1542
2928
2640
2802
2842
2867
2944
1106
2852
1835
2773
3116
2825
2893
2866
3036
2861
2719
2895
2902
2764
2884
2904
2921
2771
2706
2998
1712
2644
2865
2363
2787
2829
1651
2684
2675
1016
2841
2856
2850
2960
2874
1065
2854
2755
2776
2928
2777
2915
2682
2963
2820
2476
3094
2877
2869
2726
2907
2841
2951
2589
2890
2924
2947
3006
2879
2960
1579
2798
2867
2720
2997
2947
3021
2243
2441
2896
3102
2994
2828
2972
2662
2125
2877
2858
2692
2826
2994
2884
2733
2991
1405
2879
2918
2897
2695
2717
2883
3022
2994
2857
2859
2658
2828
2896
2866
2819
2783
1760
2974
2850
2078
1576
2442
3081
2887
2895
2807
2798
2890
2917
3008
2805
2767
3007
2737
2577
3009
2515
2905
3011
2733
2876
2847
2868
2982
2553
3007
2844
2869
2873
3003
2746
2950
2854
2803
2888
2894
2858
2817
2989
2835
2850
2867
3026
2947
2804
1798
2928
2645
2924
2899
2548
2921
2932
2800
2968
2876
2885
2878
2885
2839
3031
2936
2969
2983
2856
2571
2902
1283
2809
2893
2967
2552
2838
2955
2990
2853
2917
2981
2898
2848
2852
2958
2860
1466
2830
2896
2847
2838
2559
2998
2949
2632
2899
2897
2954
2813
2931
2876
2084
2849
2871
2766
2907
2838
2591
2974
2857
3015
2876
2884
1619
2747
2872
1169
2883
2973
2900
2931
2909
3057
3058
2767
2945
2919
2596
2831
2545
2897
2613
2750
2926
2908
2661
2938
2772
2862
2842
2618
2843
2845
2395
2869
3028
2546
1725
2929
2875
2682
2901
2911
2739
3006
1311
2700
2514
2973
2703
3016
2831
2553
2677
2928
2879
2849
2862
2795
2732
1007
3021
2790
2812
2753
2925
2926
2942
3036
2760
2848
2885
2951
2818
1045
2771
2930
2786
2928
2742
2966
2835
2907
2846
3036
2960
2586
2732
2855
2841
2895
2913
2764
2838
2688
2921
2903
2772
2986
2897
2942
2832
2777
2819
2738
2868
2799
2860
2898
2752
2938
2844
2895
2997
2820
2837
2880
2824
2986
1626
832
2634
2839
2875
872
2772
2785
2728
2837
2933
2798
2819
2841
2824
2865
2962
2573
2980
2672
2840
2992
2874
1406
2810
2622
2924
1992
2803
2948
2926
2693
2611
2799
2942
2972
2888
1033
2872
2872
2883
2812
1885
2906
2912
3003
2655
2729
2890
2577
2484
2852
2863
2878
2916
2804
2937
2850
2031
2593
2879
2828
2849
2936
2903
2953
2897
2777
3024
2872
2788
2832
2804
2342
2819
2823
2943
2705
2927
2558
2971
2563
2869
1911
2969
2870
2647
2862
2960
2853
2902
2783
2965
2753
2916
2544
2887
2397
2889
1501
2513
2784
2961
3009
2766
2843
2654
2921
2480
2664
2877
2835
2853
2920
2748
3012
2793
2712
2721
2873
2586
2155
2576
2947
2700
2323
2850
2837
2826
2819
2860
2935
2818
2867
2949
2874
2771
2926
2791
2866
2844
2969
2560
2609
2834
2902
2405
2832
2744
2737
2834
2875
2120
2682
2789
1878
2981
2846
2827
2953
2642
2989
2649
2127
2783
2552
2650
2978
2958
2878
1821
2693
2784
2741
2816
2805
1086
2795
892
1192
2601
3085
2761
2865
2939
2866
2723
2970
2905
2551
2856
3024
2705
2980
2835
2966
2937
1199
2786
2837
2824
2894
2752
2942
2907
2888
2937
2784
2639
2847
2763
2834
2827
2919
2864
2867
2650
2879
2979
2870
2972
2817
2956
2879
2782
2806
3015
2984
2641
2446
2793
2767
1428
2961
2928
2870
1750
2894
2841
2735
2875
2845
2842
2955
2510
2873
2760
2863
2758
2871
2339
2891
2836
2977
3022
2775
2963
2963
2961
2896
2859
2878
2340
2870
3098
2981
2494
2811
2781
2929
2700
851
2858
2850
2754
2861
2721
1577
2928
2767
2554
3113
2920
2110
2946
2993
2883
2670
2932
2889
2782
2695
2861
2854
2883
2988
2696
2840
2881
2739
2891
2565
2810
2848
3072
2949
2781
2837
2825
2859
2812
2909
3016
2784
2857
1438
2871
2930
2946
2821
2798
2913
2451
2802
2804
2796
2979
2850
2921
2935
2359
1264
3000
2672
2816
2893
2949
2848
3024
2945
2926
2896
2885
2744
2595
2531
2905
2731
2871
2937
2698
2695
2730
2797
2925
2794
2905
2958
2859
2843
2795
2557
2740
2819
2888
2703
3048
3076
2886
2849
2941
2640
3017
2684
3079
2880
2848
2807
2637
2883
2814
2885
2859
2866
3048
2862
2983
2878
2519
2903
2937
2899
2807
2938
2964
1858
2705
2807
2875
2958
2774
2749
2672
2711
3039
2914
2753
2855
2947
2844
2971
2912
2519
2897
2850
2906
2486
1279
1567
2836
2190
2803
2934
2912
2712
3076
2948
2803
2846
3013
2923
2897
2908
2679
3044
2791
2796
2856
2895
2829
2885
2957
2569
2847
2799
2728
2951
2795
2772
2637
2783
2600
2822
2761
2850
2942
2852
2975
2989
2983
2893
2712
2903
2959
2852
2844
2727
2897
2880
2829
2736
2825
2999
2786
3049
3001
2601
2751
2851
2865
2871
2680
2827
3083
2860
2775
2860
2872
1126
2862
2860
2834
1404
2697
2923
3061
2848
2981
2935
2820
2844
2981
2857
2612
2920
2955
3095
2889
2907
2956
3041
3049
2921
2894
2836
2940
2475
2942
2792
2894
2860
2728
2739
2746
3009
1214
2795
2395
2800
3087
2940
2760
2830
2961
812
3144
3034
2864
2958
2875
2763
2760
2963
2799
2756
2623
2863
2819
2934
2978
3035
2923
2727
2864
2696
2829
2777
2920
2915
2844
2896
3108
2866
2833
2695
2858
2922
2892
2903
2802
2625
2628
2863
2860
2364
2841
2816
2992
2791
2919
2737
2905
2628
2832
2944
2899
3059
2907
3034
2841
2730
2901
2977
2849
2947
2934
2878
2916
2654
2946
2957
2615
2890
2116
2957
2687
2775
861
2786
2902
2851
2850
2795
3026
2644
2002
2884
2742
2862
2923
882
2790
2785
2790
2855
2625
2901
2498
2596
3031
2314
2826
2887
2829
2598
2913
2909
2856
2629
2672
2889
2914
2910
2467
2833
1338
2870
2884
2973
2907
2681
2158
2872
2880
2577
2948
2974
944
2422
2937
2977
2949
2827
2826
2881
2427
2937
2074
2585
2814
2892
2669
2770
2983
2893
2908
3002
2785
1585
2867
2869
2693
2859
2812
1825
2520
2852
2883
3141
1471
2886
2849
2815
888
2904
2879
2891
2088
2567
2789
1680
2958
2983
3143
2766
2917
2689
2862
2830
2882
2778
3045
2769
2795
2694
2906
3030
2843
2896
2987
2863
2923
2867
2917
2719
2699
2871
2963
1820
3017
2767
2927
2876
2857
2994
2443
2987
2818
2860
2884
2545
2533
2899
2744
2751
2940
2807
2879
2906
2094
2934
2746
2936
2628
2896
2864
2845
2578
1100
2149
3062
2795
2953
2751
2746
2921
2665
2876
2582
2799
2811
2499
2952
3110
2948
1297
2951
1243
2935
960
2732
2849
2900
1481
3015
2848
852
2857
2601
2957
2753
2704
2858
2475
2914
2845
2557
2661
2730
2769
2717
2938
2960
2891
2659
2944
2899
930
2855
2977
1396
2925
1704
2724
2848
2873
2942
2909
2890
2944
2894
2825
2754
3029
2812
2994
2550
2865
2870
2877
3098
2551
2589
2978
2830
2818
2921
2019
2887
2865
2921
2747
2736
2685
2847
2749
2905
3007
2625
2976
2903
2941
2340
3013
2788
2951
3044
3049
2956
2898
2797
2832
2778
2710
2917
2585
3084
2826
2329
2822
2859
2533
2965
2863
2912
2740
2744
2923
2945
3010
1747
2859
2912
2877
2903
2940
2926
2665
2496
2882
2924
2931
2727
2692
2618
2821
2574
2883
2898
2928
2842
2879
2584
2866
2859
2859
2660
2654
2193
2868
2950
2949
2895
2809
2783
2961
2821
2774
2833
2670
2727
2923
2772
2601
2884
2896
2869
2961
2750
2932
2952
2922
2892
2987
2693
2848
2773
2790
2832
2693
2548
2656
2918
2880
2834
2697
2368
2713
3002
2755
3007
2847
3004
2880
2780
2805
2593
2930
2743
2982
2787
3019
1155
2892
2811
2685
2750
2555
2830
2949
2565
2898
2559
2421
2910
2894
2506
2868
2647
2746
2840
2941
2917
1512
2835
2666
2721
2500
2646
2962
2991
2990
2889
2512
1244
2709
2845
3014
2869
2666
2826
2871
2807
2775
2961
2827
2710
2579
2892
2809
2597
2914
1591
2970
2617
2803
2857
2970
2640
2952
2908
2569
2974
2838
2746
2946
2763
2702
2341
2876
2924
2576
2835
2888
2468
2840
2823
2849
2700
2870
2825
2926
2673
2873
2452
3004
2914
2809
2600
2891
2949
2880
2916
2723
3031
2756
2832
2670
2580
2863
2721
2684
1009
2620
2988
2910
2949
2659
1612
2797
3024
2933
2805
2830
2928
2881
2966
2858
2903
2909
2744
2000
2788
2330
2886
2965
2910
2812
3122
2805
1883
3015
2642
2898
2858
2851
2936
2899
2757
2854
2564
2722
2826
2763
2890
2540
2873
2856
2984
2596
2895
2918
2907
2837
1052
2713
2761
2149
2776
2930
2723
2951
2960
2911
2829
2915
2886
2477
2556
2859
2913
2748
2835
2913
2933
2740
2835
1656
2835
2840
2865
2667
2818
2634
2843
2841
2909
2894
2867
2790
2950
1401
2891
2662
2881
2982
2729
2502
2930
2860
2905
2897
2890
2917
2851
1696
2898
2802
2879
2906
3026
2904
3038
2940
2847
1820
2907
2884
2924
1218
2922
2748
1207
2756
2914
2792
2635
2845
2737
2944
2393
2774
2829
2807
2927
2808
2926
2931
2892
2569
2936
2865
1669
2901
2871
2773
2761
2675
2793
2890
2868
854
2940
2816
2855
2791
2901
2910
2763
2949
3045
2933
2778
2889
3007
2860
2860
2777
3037
2781
2750
2190
2843
2773
2931
2811
2810
2592
2962
3019
2644
2810
2868
2920
2525
2867
2873
2935
2481
2928
2831
2886
2833
2792
2556
2857
2870
2037
875
2928
2782
2902
2932
2874
3000
2882
1865
2789
2928
2784
2871
2633
2843
2941
3015
2891
2028
2880
2864
2952
2837
2332
2820
2821
2896
3256
2795
2927
2831
2930
2922
2716
2937
3058
2921
2869
2300
3024
2819
1430
2894
1322
2965
2821
2838
2938
2821
2882
2616
2771
2829
2877
2948
3081
2899
2904
2833
2921
2796
2949
2826
2732
2797
2955
2640
2612
2793
2895
2918
2889
2965
2820
2869
2768
2895
2676
2876
2927
2932
2594
2862
2830
2975
2874
2938
2775
2932
2804
1268
2913
2775
2920
2948
2806
2627
2926
2879
2859
2862
2851
2655
2597
2819
2794
3006
2932
2913
2996
2882
2976
2783
2935
2895
3061
2907
2683
2578
2962
2778
2826
3007
2849
2452
2995
2890
2728
2864
2765
2485
2394
2943
2814
2551
2847
2975
2926
2867
2902
2963
2889
2886
2892
2777
2441
2974
2336
2921
2554
2572
2764
2712
3128
2858
2582
2866
2899
2875
2828
2934
2920
2883
2881
2815
2943
2985
2612
2866
805
2798
2648
3016
2969
2826
2951
2857
3043
1367
2843
2889
2993
2815
2945
1234
2851
2729
2902
2821
1215
2830
2757
2954
3005
2902
2149
3053
2459
2778
2878
2871
2950
2550
2909
3089
2855
2578
2642
2851
2448
1541
2596
2862
2843
2785
2826
2813
2943
2885
2564
2932
2822
2692
2761
2840
2745
2588
2109
1249
2865
2813
2842
2510
2647
2049
3060
2840
2970
2886
2948
2839
3006
2734
2840
2867
2764
2902
2862
2806
2667
2730
2779
2729
2851
2895
2915
2813
2806
2938
2878
2765
2772
2857
2908
2795
2538
2832
2356
835
2457
2888
2858
835
2879
2906
2972
2630
2812
3161
2840
2686
1810
2840
2913
2914
2968
3013
2712
2900
2642
2888
2964
2894
2819
2867
2905
2681
2708
2827
3036
2959
2693
2875
2844
2872
2817
2857
2702
2872
2802
2742
1926
2847
1899
2862
2835
2805
2968
2985
2889
2886
2647
2886
2483
2622
2686
2834
3027
2295
2655
2824
2920
2807
2904
2811
2903
3060
2778
2887
2872
2839
2977
2872
2824
2925
2819
2983
2890
2954
2957
2814
2658
2709
2512
2897
2885
2826
2835
2726
2959
2831
2939
1456
2422
2823
2835
2600
2820
3013
2746
2915
2956
1917
2709
2918
2967
2876
2943
2890
2807
2705
2383
2905
2780
1841
3003
2568
2829
2907
2908
2893
2676
2856
3029
3045
2882
2913
2827
2897
2668
2784
869
3051
2838
2717
3053
2941
2969
2154
2864
2962
2391
2763
2920
2883
2817
2994
2902
1057
2901
2881
2888
3035
1933
3032
2608
2937
2677
2963
2693
2981
2896
2796
2887
2631
2984
2852
2544
2763
2994
1109
2976
2662
2854
2781
2558
2938
2473
2625
2544
2747
2913
2894
2809
2826
2784
2555
2905
2764
1927
2922
2973
2837
2825
2447
2439
2889
2970
2974
2716
2797
2945
2647
2844
2660
2655
2205
2611
2824
863
2553
2959
2917
2811
2702
2864
2816
2971
2785
3066
2811
2898
2686
2584
2760
2838
2922
2867
2870
2900
2805
2900
2607
2884
2625
2897
2965
2693
2646
2933
2870
2890
2690
2737
3057
2856
2908
2816
2866
2864
2844
3000
2873
2813
2855
2819
2904
3080
3027
2857
3046
2809
2611
2595
2812
2727
2812
2804
2335
2931
2874
2113
2889
2913
2817
2991
2653
2864
2498
2891
2850
2789
2862
1384
2922
1675
2850
2806
2908
2907
2813
2843
2889
2867
2987
2806
2943
2834
2628
2974
2803
2857
2949
2914
2891
2898
2948
2888
2865
2947
2823
2983
2839
2883
2723
2871
2913
2850
2910
2838
2584
2806
2965
2883
2964
2861
2371
2805
2621
3042
2734
2829
2756
2847
2848
2563
2817
2914
2890
2780
2966
2988
2852
2560
2977
2787
2821
2764
2999
2859
2882
905
2834
2967
2818
2886
2816
2927
2835
2874
2898
2829
2618
2959
2807
2866
2996
2896
2760
2863
2892
2702
2916
2973
2986
2753
2930
2106
2609
2817
2903
2871
2812
2872
2899
3006
2661
2737
3075
2875
2644
2822
3049
2867
2412
1719
2927
2875
2810
2949
2866
1134
2696
2878
2704
2864
1730
2926
2838
2839
2871
2708
1825
2882
1458
2885
2863
2964
1020
2925
2580
2879
2880
2781
2920
2843
3023
2681
2940
2849
2908
2833
2848
2843
2858
2392
2914
2817
2820
2612
2579
814
2928
2813
2983
2968
3028
2834
2848
3014
2860
2815
2839
2841
2867
2902
2865
2828
2856
2811
2801
2908
2925
2866
2909
3006
2875
1286
2971
2887
2762
2892
2770
2822
2968
2539
2811
2931
2557
2859
2587
2969
3090
2865
2954
2816
2817
2827
3030
2881
3133
2855
2754
2520
2902
2937
2831
2987
2891
2829
2744
2894
2839
2906
2775
2363
2843
2665
2885
2867
2966
2765
2850
2810
2986
2889
2894
2883
2890
2759
2840
2845
2871
2906
2677
2850
2720
2860
2737
2925
2915
2925
2812
2882
3114
2781
3040
2923
2755
2916
3042
2980
2615
2686
2898
2936
2853
2800
2856
2824
2845
2895
2866
2826
2881
2729
2886
2847
2876
2602
3092
2759
2781
1050
2833
2885
2862
2792
2867
2694
2917
3013
2970
3092
2470
2845
2832
2319
946
2722
1315
2796
2872
2884
2826
3020
2901
2633
2830
3008
3065
2078
2850
2837
2815
2728
2986
2440
2797
2914
2752
2860
2880
2872
2934
2878
2620
2538
2767
2828
2751
2963
2948
2917
2850
2892
2843
2903
2840
2893
1645
2741
2958
2749
2843
2944
1699
2389
2629
2798
2832
2918
1959
2872
2867
2889
2997
2742
2589
2550
2916
1507
2844
2873
2802
2905
2878
2836
3043
2523
2668
2905
2836
2931
2876
3052
2925
2859
2676
2944
2604
2787
2777
2938
2526
2717
2845
2814
1391
2925
2843
2609
2574
3011
2930
2997
2952
2833
2840
2594
2864
2862
2558
2930
2807
2497
2942
2874
2593
2864
2701
1683
3094
2907
2597
1637
2862
2820
2886
2556
2844
2873
2806
2864
1497
2872
2645
2919
2751
2791
2846
2917
2962
2286
1577
2733
2995
2682
2719
2904
2864
2890
2593
2841
2800
2757
2922
2881
2873
2808
2822
2891
2955
2879
2807
3067
2867
2964
2840
2088
1107
2932
2675
2871
2618
2748
2807
2928
2821
910
2955
2745
1107
2855
2766
2878
2925
3031
2445
2834
2749
2566
2912
2836
2944
2896
2924
2537
2627
2860
2859
2908
2819
2874
3017
2958
2906
2975
2851
1138
2895
2997
2922
2992
2444
2816
860
2948
2911
2857
2831
2895
2680
2994
2936
2692
2929
2860
2753
2917
2955
2720
1679
2967
2777
2749
2735
2984
2753
2950
2679
2899
2937
2787
2555
2820
961
2709
2860
2999
2954
2926
2737
2967
3061
2590
2858
2823
2901
2819
2937
2923
2854
2954
2902
1540
2935
2704
2910
2916
3022
2897
2784
2640
2866
2924
2839
2972
2947
2711
2963
2554
2829
2792
2898
2916
2948
2786
2893
2482
2646
2876
2958
2867
2881
2874
2867
2855
2559
1533
2892
2914
1166
2913
3087
2454
2823
2819
1527
2753
2890
3019
2819
1672
2920
2805
2918
2922
2689
2908
2642
2917
2882
2865
1214
3042
2829
2798
2722
2989
2622
1093
2862
2919
3037
2617
2903
2396
2804
2658
1525
2654
2744
2665
2948
3099
2027
2833
2628
2861
1775
2829
2868
2773
1601
3069
2832
2967
2825
2686
2926
2926
2954
2539
2941
2816
2687
2853
2650
2875
3075
1914
2628
2939
2939
2694
2840
2874
2882
2903
2887
2622
2889
2897
2889
2865
2819
2674
2884
2708
3091
2870
2924
2844
2977
2820
2821
2937
3012
2645
2829
2670
2985
2914
2867
2725
2826
2834
2907
2975
3036
2669
2859
2924
2979
2841
2918
2901
2600
2709
2342
3017
2843
2819
2727
2898
2438
1112
2789
2554
2914
2966
3038
2987
2883
2335
2818
2425
2847
2636
2693
2894
2877
2907
2843
2796
3034
2944
2757
2951
2759
2622
2883
2661
2861
2929
3141
2844
2757
2762
2899
2797
2910
2959
2795
2696
2936
2720
2682
2917
2824
2716
2909
2884
2965
2898
2719
2700
2318
2862
2861
2922
2768
2899
2843
2585
2540
2966
2976
2963
2714
2956
2876
2597
2697
2818
2822
2725
2912
2989
2949
2954
1567
3168
2914
2948
2804
2442
2879
2866
2919
2808
2882
2880
2942
2863
2504
2933
2878
2746
2876
2906
2844
2796
2754
2686
2841
2134
2491
2871
2905
2092
2641
2887
2855
2688
2916
2937
2971
2893
2582
2963
2903
2916
2828
2915
2806
2461
3113
2809
2901
2961
2913
2543
2804
2818
2884
2826
2718
2801
2934
824
2938
2904
2831
2456
2889
2926
2855
2812
2866
3067
876
2412
2539
2510
2917
3010
2784
2591
2880
2959
2844
2871
2634
2887
2945
2847
2837
2722
3009
2689
2255
3064
2616
2497
2838
2722
2306
2973
2812
2840
2778
2795
2793
2822
2950
2887
2895
2958
2821
2600
2900
2382
2892
2644
2826
2612
2869
2855
3007
2835
2872
2927
1379
2722
2890
1516
2975
2914
2864
2508
3028
2946
2834
2848
2686
2874
2526
2728
2567
2809
2762
2912
2906
2898
2544
2877
2916
2820
2008
2837
2925
2875
2948
2840
2890
2870
2652
3000
2914
2992
2896
2834
2912
2842
2839
2287
2882
2526
2862
2532
2518
2879
2885
2806
2878
2703
3021
2770
2982
2677
2013
2765
2949
1808
2798
2945
2816
2842
2572
2921
2921
2736
2924
2934
2637
2843
2885
3009
896
2880
2955
2851
2840
2817
2783
2861
2846
2869
2593
2543
2529
2931
2885
2637
2819
2896
2966
2778
2873
2839
2876
2686
2865
2538
3028
2923
2945
2970
2756
2771
2767
2914
2783
2921
1969
2918
2907
2893
2617
2778
2980
2862
2784
2850
2926
2927
2687
2898
2892
2821
2058
2927
2795
2811
2943
2877
2977
2887
2857
2863
2767
2692
3031
2484
2817
2962
2942
2793
3068
2893
2821
2872
2890
2972
2864
2779
2503
2837
2552
2826
2890
2943
2903
2678
2920
2675
2964
2853
2754
2878
2839
2844
2488
2673
2818
2910
2851
2777
2887
2859
1879
2930
1393
2882
2862
2723
2836
2958
2826
2668
2759
2840
2894
3018
3045
2497
2652
2950
2044
2868
2375
2880
2663
2810
3020
2864
2821
2844
2879
3019
2901
3045
2777
3022
2933
2245
2834
2911
2683
2911
2991
2862
2855
2874
2794
2926
2477
2801
2736
2900
2842
2868
1454
2881
2853
2907
2473
1471
2925
2844
2842
2879
2860
2815
2816
2507
2897
2973
2945
2828
2779
2817
2855
2943
2594
2636
3155
2858
2888
2891
2965
2723
2794
2929
2713
3077
2763
2912
2752
2719
2824
2975
2788
2963
2871
2569
2932
2965
2851
2932
2590
2958
2829
2882
2811
2891
2881
2879
2805
2795
2781
2847
2791
2531
2699
2867
2651
2850
2525
2864
2878
2877
837
2636
3041
2813
3041
2923
2895
2803
2961
2870
2856
2879
2881
2941
2883
2833
2814
2895
2707
2845
2967
2716
2811
2883
3044
2961
2142
1448
2851
2880
3091
2865
2816
2890
2951
2846
2838
2668
2888
2855
2155
2830
1941
2815
2729
2930
2845
2708
2453
1859
2880
892
2768
2771
2873
2704
2977
2747
2910
2932
2925
2818
1516
2841
2962
2905
2869
2945
2878
2891
2984
2886
2849
2845
2809
2986
2814
2843
2859
2911
2919
3015
2837
2901
2861
2849
2952
2576
2840
2901
2937
2687
3025
2927
2916
2937
2839
1128
3012
2567
2873
2894
2537
2630
2870
2881
2544
2707
2871
2845
2471
2834
2811
2900
2764
2641
3073
2750
2872
2554
2825
2596
2741
3030
2883
2918
2789
1960
2639
2898
2867
2830
2827
1569
2909
2888
2663
2864
2923
2791
2936
2701
2551
2730
2795
2820
2950
1457
2641
2883
2748
2899
2845
2920
2857
2922
2961
2960
2760
2786
2992
2806
3094
2975
2734
2868
2730
2868
2894
2824
3091
2892
2935
2620
2810
2787
2985
2745
2891
2963
2470
2954
2790
2712
2732
2918
2275
2924
3125
2874
2912
2716
2596
2848
2810
2661
2913
2929
1122
1132
2714
2847
2970
2860
2872
2769
2624
2617
3092
2898
995
2796
2829
2897
2815
2855
2677
2848
2940
2829
2853
2947
2853
2785
2948
2507
2937
2855
2894
2935
2608
1388
2950
2528
2432
2917
2860
2775
2848
2816
2613
2786
2893
3058
2911
2749
1906
2849
2888
2767
2921
2964
2870
2915
2852
2825
2879
2950
2799
2953
2903
2111
2600
2802
2889
2968
2891
2585
2760
2908
2853
2889
2714
2389
2669
2906
2938
2654
2865
962
2831
2303
2860
2860
2738
2732
2823
2592
3071
2822
2962
2731
2869
2830
2922
2481
2751
2759
1466
2996
2895
2831
2931
2848
2570
2899
2812
2787
2776
2857
2915
2825
2828
2873
3040
2857
2830
2905
2882
1343
2822
2834
2978
2991
2781
2968
2786
2979
2887
2044
2811
2675
2900
3004
2963
2613
2742
2778
2597
2869
2771
2699
2875
2886
2951
2806
2783
2769
2932
2848
2709
3086
2487
2836
2920
2555
2925
2875
2462
2849
2918
2818
1916
2750
2931
2956
1339
2919
2946
2613
2946
2089
2866
2942
2532
2904
2722
2959
2934
2869
2881
2910
2836
2623
2819
2708
3006
3078
2947
2845
2404
2696
2855
2840
2892
2808
2869
3115
2909
2905
2781
2917
2828
2896
2905
2934
2782
2853
2916
2921
2917
2868
2874
2867
2862
2948
2906
2847
2890
2907
2824
2899
2898
2783
2867
2776
2673
2898
2834
2858
2921
2939
3101
2880
2843
3053
2764
2744
2731
3031
2742
2856
2458
2604
2799
2442
2984
2416
2913
2929
2902
1838
2926
2913
2919
2858
2620
3137
2936
2692
2848
2694
2900
2749
2875
2872
2598
2599
2806
2931
2909
2631
2844
2911
2927
2892
2810
2969
2792
2891
2810
1434
2963
2904
2893
2833
2967
2897
2854
2932
2902
2892
2550
2577
2801
2821
2750
2876
2804
2788
2785
2868
2698
2004
2841
2919
2657
2902
1578
2818
2582
2881
2757
2636
2524
2920
2840
2701
2924
2909
2902
2921
2940
2855
2546
2982
2846
2993
2750
2831
3003
2896
3011
2537
2583
2605
2761
2928
2853
2918
3046
2777
2863
2650
2795
2760
2891
2880
2540
2955
2937
1789
2518
837
2692
2953
2390
2894
2742
2933
2553
3080
2860
2891
2707
2968
2877
2969
2893
2897
2894
2592
2873
2588
2973
2842
2990
2775
2816
2861
2935
2966
1901
2947
2949
2988
2911
2842
2962
2013
865
2925
2944
2600
2917
2834
3032
2936
2729
2088
3033
3044
2963
2828
2783
2939
2697
2865
3031
2489
2975
2891
2063
2833
2949
2882
2735
1935
2886
2824
2636
2903
2890
2792
3008
2923
2536
2360
2706
2856
2652
2834
2961
2906
2818
2888
2827
2875
2838
2886
2690
2875
2769
2959
2868
2811
2983
2773
2885
2602
2879
2067
2165
2808
2983
2916
1599
2930
2910
2809
2984
2852
2839
2824
2682
2884
2937
2912
2841
989
2079
3194
2751
2869
2835
2945
2817
2902
2955
2837
3016
2953
2944
2929
2970
2896
2937
2967
2630
2608
2823
2626
2926
2942
2855
2890
2814
2944
2984
2828
2983
2944
2871
2938
2856
2912
2888
2858
2730
2695
2864
2946
2926
2633
2855
2706
2899
2910
2893
2778
2903
2970
2846
2881
2881
2887
2201
2440
2980
2738
3041
2860
3054
2929
2838
2644
2883
2643
2780
3004
2556
2913
3035
2841
2862
2973
2838
2744
2968
2867
2863
2599
2826
2065
2724
2754
1620
2940
2957
2795
2855
2674
2814
2910
2891
2820
2404
2844
2857
2935
3130
2845
2815
2700
2859
2780
1582
2947
2946
2923
2999
2900
2796
2963
2671
2844
3030
2971
2768
2765
2764
2744
2850
2686
2787
2719
2925
2853
2581
2930
2849
2778
2856
3035
3032
2942
2878
2818
1335
2909
2843
2878
2730
2902
2876
2913
2703
2791
2578
2598
2974
2792
2896
2927
2903
2948
1708
2375
2842
2796
3012
2949
2925
2876
2944
2844
2964
2945
2957
2964
2921
2932
2843
2934
2948
2892
2750
2874
2821
2687
2627
2857
2448
2981
2944
2653
2994
3004
2897
2530
2931
2854
2761
2813
2931
2684
2846
2872
2904
2849
2938
2197
2898
2873
2936
2941
3002
2877
2659
2747
3045
2679
2891
2724
3149
2643
3023
1055
2827
3089
2889
2829
2866
2866
2859
2862
2856
2278
2906
3046
2959
1027
2953
2837
2881
2952
2798
2880
2635
2927
2270
2661
1176
2897
2821
3002
2908
2568
2821
2921
2845
2837
2810
2909
2864
2704
3007
2708
2856
2972
2872
2858
2851
2396
1761
2880
2923
2901
2888
2909
2741
2924
2844
2811
2656
2928
2974
2709
2730
2922
3016
2939
2947
2760
2806
2884
2550
2979
2879
2846
2206
2920
2768
2700
2833
2875
2817
2832
2917
3060
2628
2869
2641
2852
2906
2882
2836
2824
2926
2830
2954
2898
2937
2960
2825
2835
2981
2907
1457
2984
2681
2788
2847
2915
3076
2241
2873
2125
2929
2570
2597
2513
2539
2917
2895
2827
2779
2935
2668
2359
2888
2716
3084
2856
1108
2790
2771
2889
2937
2882
2885
3007
2837
2492
2288
2961
2850
2955
2878
2949
2684
2899
2739
2958
2770
2448
2878
2470
2724
2809
2903
2797
959
1856
2709
2812
2903
2671
2933
2763
2810
2806
962
2855
2978
2811
2733
2762
2811
2944
2834
2905
2855
2972
2787
1403
2772
2852
2893
2930
2698
2739
2793
2720
2890
2819
2919
2647
2719
2869
2618
2903
2623
2881
2962
2511
2706
2566
2889
1699
2767
2944
2539
2588
2844
2853
2974
2782
3182
2695
2834
2819
2891
2716
2541
2825
2713
2881
2446
2924
2621
2963
3067
2541
2767
2905
2752
2885
2879
2990
2759
3013
2705
2812
2584
2504
2819
2950
2838
2660
2863
2490
2694
2885
2902
2905
2806
2975
2884
2789
2793
2817
3011
3015
2969
2941
2845
2725
2652
2410
2879
3054
2520
2602
2106
2786
2846
2820
2695
2933
3020
2808
2629
2695
2878
2728
1089
2885
2845
2751
3041
2747
2917
2578
2455
2723
2901
1612
2958
2878
2905
2908
2852
2885
3127
2895
2770
2688
2874
2938
3032
2858
2934
2433
2870
2899
2996
2960
2353
2780
2512
2782
2761
2847
2912
2809
2841
2767
2929
2881
2815
2714
3039
2899
2764
3027
2734
2834
2884
2972
2835
2933
2930
3008
2975
2858
2910
2523
2758
2806
2812
2815
2961
2890
3039
2654
2776
3016
2836
2789
2944
1161
2950
2835
2857
2962
2860
2600
2356
2921
2853
3013
2884
2798
2839
2646
2885
2546
2633
2799
2826
1938
2711
2693
2836
2954
2968
2810
2802
2836
2865
2905
2890
2682
2816
2992
2507
2783
1187
2875
2948
2822
2861
2464
2656
2924
2970
2581
2881
1759
2964
2886
2895
2893
2979
2186
2979
2915
2827
2805
2881
2809
3012
2806
2867
2889
2792
2829
2722
2976
2841
2919
2816
2886
2900
2756
2819
2579
2829
2874
2876
2931
2842
2865
2956
2890
2985
2884
2879
2821
2782
2764
2762
2537
2706
2972
1274
2934
1077
2867
2906
2961
2871
2852
2847
2888
2869
2742
1479
2850
2853
2778
2791
2842
2675
2999
2773
2848
2908
2743
2801
2854
2787
2873
2913
2882
2579
2685
2834
2870
2764
2679
2906
2018
3100
2924
2809
2620
2327
2850
2753
2516
2906
2810
2937
2858
2723
2887
2882
2926
2864
2832
2787
3032
3008
925
2756
2886
2847
2545
2830
2927
2652
2910
2843
2842
2820
2876
2699
2439
2815
2736
3078
2829
2802
1485
2953
2863
2699
2783
966
2668
2859
2969
2878
2858
1140
2879
2589
2551
2924
3034
2728
2848
2811
2778
2852
1423
2981
2926
2717
2787
2890
2896
2921
2547
2847
2986
2896
2837
2808
2693
2958
3002
2942
2594
2681
2620
2855
2836
3100
2946
2797
2853
2938
2916
2632
2859
2944
2816
2862
2855
2752
2883
2913
2700
2625
2850
2759
2707
2811
2520
1041
2767
2825
2572
2610
2704
2734
1175
2864
2837
2915
2875
2714
2668
2861
2851
2908
2866
2755
2426
2851
2978
2927
2948
2814
2883
2891
2780
2590
2953
2844
2985
2917
2885
2862
2813
2917
2619
2855
2940
2084
2904
827
3132
2701
2951
2963
2818
2896
2914
2888
2813
2635
2924
2861
2782
2929
2633
2932
2846
2807
2921
2650
2882
2492
2870
2772
2863
2104
2828
2906
2743
2814
2838
2843
2897
2760
2650
2619
2783
2786
2865
2081
2659
2847
2846
2867
2884
3108
3008
2894
2792
3022
2724
2900
2805
2917
2850
2857
2723
2890
2826
2777
2952
2714
2834
2884
2784
2842
2804
2674
2695
1975
2919
2822
2776
2798
2861
2870
2895
2732
3102
1089
2903
1090
3016
2023
2847
2721
2814
2648
2906
2798
2631
2625
2971
2906
3081
2883
2721
3000
2819
2868
2798
3010
2753
2949
2642
2643
3035
2983
2883
2921
2850
2370
2835
2948
2270
1230
2899
2790
2880
2853
2768
2854
2859
2842
2888
2974
2544
2521
2763
2906
822
2978
2885
2841
1040
2860
2827
2964
2877
2906
2613
2753
2850
2552
2758
2954
2904
2968
2566
2900
2964
2840
2803
2724
2891
2810
2562
2861
3021
2814
3084
2756
2909
2810
2689
2532
2850
2953
2901
3005
2895
2910
2855
2867
2576
2721
2904
2813
2839
2497
2837
2140
2871
2933
3021
2629
2839
2876
2869
2544
2985
2928
2995
2888
2869
2591
2777
2970
2904
2797
2859
2812
2794
1883
2838
2881
2918
2879
3013
2907
2954
1329
2680
3040
2832
2963
815
1104
2868
2986
2893
2930
2685
2912
2863
2885
2567
2672
2863
2857
2973
2632
2848
2910
2802
2851
2923
2805
2830
2828
2924
2931
2824
1292
1288
1892
2785
2016
2658
1423
2870
2859
2799
831
2888
2821
2797
2747
818
2874
2921
2936
2777
2941
2859
2888
2863
1162
2809
2735
2883
2880
2245
2708
3017
2854
2569
2737
2968
2910
2938
3024
2724
2746
2859
2965
2925
2735
2738
2884
2891
2547
2805
2930
1968
2972
2890
2831
2591
2829
2949
2907
2914
2911
2880
839
2816
2897
2873
2864
2563
2820
2935
2790
2523
1029
2956
2874
2957
2661
2935
2804
2638
2906
2749
2893
3116
2800
2898
1237
2972
3008
2918
2729
2782
2867
1957
2864
2965
2836
2449
2861
2561
2929
2879
2878
2293
2927
2938
2864
2882
3058
2844
2865
2823
2832
2936
2872
2575
2905
2848
2972
2833
3069
2668
2539
2876
2743
2793
2872
2907
3015
2883
2749
2997
2828
2866
2543
2918
2796
2951
3039
1494
2730
2900
2881
2518
2602
2838
2959
2879
2892
2896
2679
2927
2983
2620
2685
2989
2870
2336
2872
2903
2908
2954
2716
2920
2799
2936
2918
2793
2759
2949
2972
2478
2649
2770
2701
1362
2893
2737
3001
2799
2950
2599
2874
1852
2441
2738
2865
2217
1896
2767
2873
2952
2676
2956
2883
2944
2884
2426
2876
2624
2607
2932
1811
1609
2908
2716
2613
2984
2704
3001
2892
2962
2949
2856
2924
2847
2788
3087
2902
3009
2923
2633
2944
2772
2797
2814
2926
2877
2914
2955
2862
2747
2797
2855
2949
2852
2713
2883
2904
2774
2891
2923
2955
2870
2699
2726
854
2834
2971
2675
2907
2904
2925
2864
2732
2863
2952
2928
1013
2934
2978
2728
1186
2814
2895
2621
2809
2842
2832
2830
2772
3036
2912
2892
2918
855
2799
2937
2830
2657
2816
2753
2853
2566
2908
2918
2866
2859
2829
2648
2560
2878
2921
2840
2880
2077
2732
2836
2841
2766
2876
1553
2898
2911
2948
2868
2609
2700
2806
2854
2866
2729
3005
2865
2795
2900
2925
2977
2779
2678
2787
2799
3020
2942
2853
2864
3023
2979
2832
2755
2822
2832
2975
2885
2371
3081
2886
2819
2743
2877
1203
2967
2857
1008
2978
2913
3010
2873
2970
2889
2768
2877
2842
2786
2813
3012
2905
2911
1993
2850
3068
2759
3119
3055
2914
1741
2647
2827
2946
2895
2539
2359
2835
2825
2943
2854
2942
2884
2959
2885
2714
2775
2909
2841
2911
2812
3007
3064
2733
2908
2963
2660
2879
2817
2914
2844
2807
2892
2824
2613
2789
2829
2810
2932
2315
2826
2498
2916
2940
916
2924
2806
2159
2747
3003
2908
2867
2898
2895
2861
2836
2858
2957
2848
2855
2883
2668
2867
2812
2818
2922
2908
2960
2562
2735
2905
2892
2818
2597
2893
2912
2590
2867
1359
2791
2855
2204
2951
2778
2831
2967
2845
2620
2858
2572
2943
2880
2848
2896
2867
2741
2915
2806
2760
1207
2895
2830
2621
2372
2852
2925
2950
2731
1313
2681
2824
2885
2839
2909
2968
2519
3087
2785
2904
3063
2919
2849
2781
1428
2692
2901
2672
1244
1715
2857
2958
2816
3065
2517
2575
2934
3009
2941
2716
2898
2881
2841
2853
2719
2917
2861
3037
2983
2791
2768
2752
2846
2841
2603
2837
2778
2922
2503
2657
2380
2878
2908
2853
2925
3059
2898
2851
2866
2915
2714
2835
2858
2908
2678
1723
2925
2841
2933
2733
2937
2924
2851
3021
2828
1225
2936
2346
2941
2762
2539
2932
2763
2689
2807
2883
2607
2912
2923
2945
2745
3065
2096
2717
2817
2960
2618
2756
2555
2783
2815
2703
2867
2852
2788
2905
2902
2782
2984
2537
2832
2494
2799
2988
1712
2737
2779
2845
2659
2904
2884
2942
2852
2862
2858
2711
3010
2607
2510
2759
2850
2617
2691
2974
2935
2962
2876
2036
2824
2867
3025
2993
2856
2980
2900
2851
2877
2802
2703
2902
2936
2744
2678
2902
2769
2904
2885
2775
2984
2839
3016
2820
2773
2666
2871
2847
970
3053
3081
2856
2935
2892
2888
2867
2938
2717
2876
2371
2831
2851
2852
2847
2931
2903
2905
2896
2584
2886
2472
2993
2831
2884
2426
2945
2851
2924
2898
2973
2766
2751
2838
2848
2889
2918
2618
2864
2982
2982
2890
2881
2787
2857
2840
2805
936
3025
2855
2812
2726
2663
2948
2872
2871
2891
2728
3065
2676
2835
3033
2611
2815
2544
2958
2740
2756
2840
2853
2933
2707
2646
2854
2854
3018
2828
2709
2447
2885
3049
2919
3008
2880
2816
2348
2704
2815
2853
2809
2957
2491
2960
1411
2796
2865
2861
2832
2906
2934
2742
2935
1462
2916
2747
2924
1763
2947
2762
3021
2852
2842
1565
2914
2862
2925
2893
2703
2526
2903
2870
2919
2854
2901
2960
2802
2929
2891
2896
2901
2986
2862
2890
2867
1595
2811
2681
2647
2815
2160
2894
2850
2886
2918
2777
2843
2815
2604
2496
2798
2394
2813
3012
2905
2772
3111
2917
2875
2949
2720
2894
2822
2878
2194
3025
2689
2570
2992
2702
2944
2582
2914
1198
2997
2894
2986
2903
2861
2899
1651
2897
2949
2572
3023
2956
2633
2703
2798
2927
2915
1132
2846
2844
2808
2484
2882
2316
2428
2811
2897
2980
2909
2634
2967
2491
2869
2787
2936
2844
2850
2283
2450
2659
2695
2996
3013
2916
2880
2996
2736
2856
2836
2697
2876
2926
2936
2568
2899
2915
2947
2827
2905
2882
2802
2860
2781
2842
2876
2761
2584
2862
2850
2941
2854
2985
2867
2518
2958
2789
3022
3162
2983
2885
2929
2662
3093
1996
2863
2907
2505
2914
2834
2962
2815
2812
2592
2933
3143
2946
2923
2910
3048
2826
2939
2786
2882
2964
2779
2845
2869
2600
2904
2857
2624
2875
2765
2867
2970
2577
2791
2620
2967
2931
2814
2904
2995
3052
2647
2772
2558
2941
2775
2822
3059
2914
2764
2866
3040
2916
2818
2699
2860
2964
2716
2846
2881
2768
2686
2864
2958
2671
1422
2908
2510
2407
2875
2872
2445
2851
1751
2886
2981
2893
2818
2764
2821
2538
2649
2902
2745
2539
2365
2680
2719
2952
2868
2840
2917
2981
2942
2925
2632
2935
2881
2828
2974
3028
2895
2722
2940
2722
2956
2886
2874
2875
2936
2581
2665
2897
2734
2826
2946
2503
2796
2927
2613
2872
2708
2918
2900
2936
2660
3019
2818
3012
2877
1400
2864
2840
2651
2838
2820
2863
2885
2785
1179
1097
2743
2844
2928
2834
2989
2859
2920
2189
2554
2785
2772
2862
2875
3005
2775
2944
3131
3049
2886
2846
2933
2894
2820
2912
2941
2897
2949
2972
2826
889
2851
2854
2828
2924
2956
2935
2923
2866
2758
2996
2781
2693
2777
2602
2786
3027
2587
2688
2851
2821
2806
2861
2870
2716
2961
2736
2862
2785
2702
2912
2728
2900
2950
2907
2818
2837
1944
1433
2936
2821
2689
2894
2632
2836
2721
2602
2807
2944
2868
2950
2547
3003
2846
2876
1588
2875
2846
2766
2824
2900
2901
1844
2916
2890
2984
2941
2951
2965
2804
2580
3002
2681
2903
2798
2877
2891
2857
2897
2850
2891
2887
2762
2937
2910
2986
1261
2849
2973
2924
2747
2987
2700
2837
2749
2856
2584
2901
2793
2834
2907
2798
2895
2951
2819
2906
2852
2891
2862
983
2883
3002
2854
2775
2215
2921
2863
2937
2445
1740
2870
2775
2937
3011
2677
3051
2410
3073
2907
2823
2766
2796
2948
2813
2825
2948
2603
2474
2885
2902
2788
2860
2859
2629
2960
2933
