2495
2977
2970
3020
2952
3055
2979
2999
3004
2998
2951
2997
2957
2884
2981
2950
2965
2984
2976
2971
2944
3007
2981
2942
2987
2991
3008
2994
3000
2978
2981
3006
534
2991
2992
2916
2982
174
2972
2993
2944
2998
2992
3006
2974
2984
2962
2974
2941
3009
2978
2959
2967
2970
3001
2977
2986
3000
2992
2981
2914
2990
2979
2989
2981
2977
2981
3003
2954
2946
2915
3006
3012
3005
2984
3011
1072
2964
2990
3014
3007
2964
2962
2985
2981
2980
1236
2990
234
2943
2993
1993
3001
2967
2973
2992
2954
2845
2695
2948
2455
3011
2948
2968
3014
2999
3006
2850
2988
2967
3018
2972
2972
2019
2989
2994
121
2979
3002
2996
2765
2948
3003
2948
2998
2903
2972
3014
2940
3029
2982
2959
2985
2960
2980
3002
2955
2995
2986
529
2963
122
2968
2924
2978
2978
2995
2979
2061
2979
2993
2984
2707
3009
2967
2660
2983
3000
3019
2993
2966
2980
3004
3010
2948
3003
2999
3003
2967
2985
2989
2940
1133
2993
2984
2941
1747
2949
2984
2992
2997
3000
905
2990
2960
3019
2989
3010
2998
2981
2999
1832
2985
2982
3008
2966
205
2981
2182
2936
1087
2976
3004
2973
2979
2979
2977
2982
2072
159
3005
2987
1158
2986
2954
2994
3001
2990
2974
2995
2959
2990
2977
2991
2970
3004
3017
2708
3056
2997
3002
2978
2980
2993
2990
3004
3002
2953
2955
2992
2976
2953
2960
2971
3032
2990
2971
3004
2870
2983
2978
2968
313
2940
2995
2984
1858
2977
2994
3022
2974
3081
2947
2946
3000
3003
2970
3023
2988
2995
3050
2971
3000
211
3018
644
2984
1707
2331
2957
2995
2976
3036
2998
2976
3003
2965
2999
2996
2975
2982
2985
398
2970
2981
2974
2966
2969
1878
2997
2982
2938
2982
824
2997
2979
533
3020
3011
2994
2966
2978
2854
2975
3005
2500
2972
2968
2993
2983
2941
2989
2947
1448
2979
2744
3010
2985
2526
2981
2952
2964
2983
3020
2987
2978
2926
2941
2953
3026
2976
2978
2966
2978
2985
183
2995
2701
2992
423
2950
2735
2946
2966
2978
1317
760
2982
2981
2987
3004
2993
128
656
2980
2505
3052
2992
2971
2995
2977
2981
2975
2984
2419
2984
2992
2978
1223
3005
2955
3000
1193
3009
2953
3001
2963
2956
3007
2981
3005
2978
2922
2995
2088
2986
2975
3001
2978
2955
2991
2999
2989
2977
2976
2975
2967
2989
3005
3011
3005
2984
3003
3000
2964
2986
3014
2998
2944
2997
2993
2982
3002
3001
2974
2994
2993
2996
2964
3002
3016
725
1642
2962
2997
2997
2657
2954
2972
3028
2958
2986
2975
2968
2992
2977
2893
176
2987
3004
2944
2986
2956
2964
2965
2945
2969
2983
2981
2996
2943
2972
2962
2516
607
2993
2037
2975
2969
2994
2769
3018
2958
2708
3023
2985
1740
2981
2987
2982
2923
2984
2486
2981
2747
2967
3046
2991
1548
2994
1365
2980
2291
3008
2987
3002
2985
2955
2988
3016
2977
2982
2964
2961
2933
3013
3009
2961
1732
2977
2975
2985
2265
3012
2992
2954
3001
498
2958
2201
2974
2970
3004
2945
2974
3000
3009
2961
2993
2974
92
726
2976
2992
3006
2985
2941
3004
2962
2987
2659
2997
2872
2991
2989
2982
2970
2981
2999
1301
3001
2977
2965
2978
2997
2950
2832
2929
2986
2575
3037
3004
2992
2952
2961
2998
2632
2979
2984
3012
2980
906
3007
3008
2958
2983
2990
3007
2976
3000
3007
2995
2984
2968
2957
2954
2987
2345
2928
2983
2960
1948
3013
3021
2992
2977
2886
2968
2979
2979
2982
2958
3003
3062
2941
2929
2994
2985
2972
2998
2990
3002
2944
2993
2960
2958
2984
2961
2926
3002
2976
2758
784
2927
3007
1297
2970
2946
3005
2966
2727
2996
2998
763
3008
2955
412
2981
3029
2985
2968
2978
3013
2927
2989
2979
2996
2972
2997
2981
2996
3003
2997
3000
2999
2961
169
1152
2964
2280
3009
2976
2973
2999
3007
2988
3005
1148
2972
2978
2968
2978
2983
2994
2999
3059
2994
2958
3013
2986
2965
2434
2982
3004
2979
3024
2999
2912
2984
2949
2964
2960
2989
3027
2945
2988
2966
468
2955
2996
2991
2976
2978
2954
3008
3003
2923
2962
2978
2987
2965
2989
2961
2831
2999
2988
3019
3000
2950
2973
2993
2917
2997
2955
2997
2963
2954
2962
1900
611
2994
2982
2996
2991
2994
2978
2994
2988
2993
3007
2999
2986
2998
430
2957
2992
2992
2995
3004
2961
3025
2985
3001
2983
2968
2993
2927
2969
3007
2982
2962
2962
3030
3005
2944
1040
2830
2982
2998
1389
257
230
3007
3005
2997
1002
2966
2963
2987
2962
2991
2982
1958
808
412
2874
2763
3017
2968
155
2995
2978
2899
3072
2993
3008
2995
2983
3037
3006
2983
2991
2929
2979
2980
2964
2980
2981
2970
3005
2989
3038
2975
3008
2951
2995
1039
2994
3040
2990
2949
2936
2963
2974
3003
2968
2979
1828
1881
2970
2945
1730
2966
2976
2969
3006
3002
2883
2949
537
2992
2954
2530
2976
3004
2963
2987
3016
2969
2975
3007
2976
3000
2996
2988
3006
2990
2952
2997
2969
2937
2963
2971
2989
3009
925
2644
2999
2954
2981
2959
2997
2990
1235
2945
2951
2952
2973
2976
2987
2995
2971
2965
2983
2994
3030
2981
252
2965
2971
2970
442
2986
2988
2984
2987
2319
2964
2966
3000
2963
2959
1380
285
613
2989
2989
3009
2983
2990
2953
3015
2981
2930
2949
2986
2977
2954
2948
262
2971
3006
2961
2942
1783
769
2970
2997
2963
1392
2936
2972
3003
3009
3006
2978
2982
2969
2959
3007
2979
3003
2987
2947
3001
2990
2970
2989
2978
2977
2975
2981
2982
2886
2968
2966
3008
2193
3010
2937
2985
2926
2993
2994
2984
2971
2996
2990
3015
3018
2950
2944
2980
3052
2982
2953
3006
2936
2978
2981
2998
1036
2986
3006
2997
2912
2966
2992
3009
2996
2971
3000
3004
3021
1178
2753
2933
3082
2981
2959
2986
940
2973
3002
2966
2996
3004
2971
2973
2975
2950
2965
2987
3017
2989
2987
2949
2967
2906
2979
3002
2962
2939
2984
2988
2997
3005
2972
2941
2955
2993
2949
2990
2939
2999
2950
3013
2995
3004
2948
2993
2970
2979
3006
2987
2961
2991
3016
2835
3012
507
1844
2996
2987
2991
2941
3090
3025
2972
2998
2970
2975
2995
2993
2994
2988
3075
2957
2998
2996
617
764
3008
3030
2953
2996
2967
2993
2400
2993
2965
3009
2962
2118
2964
3004
2969
181
2976
2996
2978
2996
2940
2975
3015
2985
2990
3000
2811
2944
2983
2992
3006
2982
2999
2997
3001
2967
2984
2957
3000
3000
2981
2966
2947
3013
2993
2971
2991
2992
2983
3020
2991
3012
2982
3000
3005
2995
3027
2909
2965
3035
2995
2984
2991
1101
2984
2993
2977
2975
2519
2991
2986
3026
2934
1181
2979
2979
3015
2964
2988
2955
2942
2968
2966
2989
2606
2976
2974
2996
2991
2964
2999
3003
281
2970
2992
722
2922
2982
2976
2964
3012
2996
2992
2941
2996
2972
2946
2987
2982
2980
2978
2995
3013
2942
2986
1789
2972
3010
2988
3015
2905
3001
2991
1157
2964
2968
3004
2991
2892
1809
3004
2973
3001
2992
2979
2984
2204
2985
2975
2979
2932
2659
3000
2683
2990
3004
2971
2968
2955
2980
2975
2952
2987
2968
3007
1205
2961
2989
3000
2963
3003
3014
2987
2995
1352
2990
2980
2988
2965
2945
2933
3006
2980
3009
2986
2984
2985
3000
2984
2948
2977
2931
2981
2202
2997
2968
2986
2981
2951
2971
239
3001
2966
2926
2981
2973
2959
2910
2950
329
2959
2951
1900
2985
3007
2953
3033
2965
3066
2994
2996
3023
1765
2959
2946
2971
2940
2982
2962
2978
2997
3012
1938
2988
2982
2985
2993
2977
2969
2900
3013
2940
2966
2951
2968
2987
2960
2992
2710
2960
3009
2982
2989
3072
2091
2945
344
2982
2986
2964
2956
1747
1881
2992
2957
2972
2959
2997
2982
2956
2987
3006
213
2982
2973
2986
2985
2992
2947
2952
2993
2981
2961
2904
2974
590
2986
2979
3027
2287
2976
2942
3055
2978
2972
2989
2970
2948
2953
2988
2994
2981
2939
2965
157
2939
2939
2974
2986
2996
2979
3002
3073
2973
2991
2977
2996
2960
2995
2417
2997
2959
2982
2814
2851
2909
2993
2996
2978
2954
2994
2973
2965
2978
490
2994
2985
2909
2977
2973
2975
2991
2973
2980
2934
2966
2963
2971
2949
2992
2899
2997
2989
2988
2999
3014
3003
2962
2967
1645
2389
2979
2997
2999
2972
1399
2972
2995
2966
2998
2705
2964
2968
2589
2971
3076
2992
3022
666
2970
3009
2959
3024
2961
3036
2996
2968
2989
3007
3001
2992
690
2957
1972
3001
3014
2935
3008
2985
3005
2819
2999
3005
2998
2974
2965
2973
2915
2971
2943
2022
2855
2980
2989
2563
3019
3049
2999
2999
2984
2948
2993
2903
2951
2983
696
3068
2898
2963
2975
2995
2977
2962
2998
3009
2993
2978
2923
2861
2994
2731
2981
2949
1367
504
2973
3000
2964
2969
2981
2857
1356
2992
1462
2966
2955
2312
2749
3043
2975
2955
2971
2934
3000
2994
3009
3008
2948
3006
2977
1202
2871
3017
2947
3029
2990
2994
2991
2995
2978
2951
2985
2995
2972
3077
2988
2985
2996
2994
2973
1681
3035
2972
3011
2842
3013
2944
3008
2949
2962
2981
2948
2970
2986
2999
2922
2960
2948
2990
3000
2988
2993
2993
3020
1056
2973
1742
2981
2979
2980
2953
2995
2971
2979
3008
2999
2149
580
2988
2953
2636
842
1427
2981
2978
3066
2971
2979
2600
3012
1592
2973
3022
2943
3018
2979
3038
2970
2994
2965
2991
2934
3000
3009
2965
1952
2935
2985
218
667
2967
2995
2778
2928
2975
2987
2995
2995
2984
2965
3003
2968
1973
2972
2835
2960
2950
3000
2941
2971
1919
2969
2982
2946
2968
2992
2988
2980
2846
3000
2993
2981
2972
3002
732
2975
2923
2950
2523
2283
2992
2016
3009
2969
1038
2985
3086
2994
179
2957
2990
2964
2966
2980
2998
2925
2973
2973
161
2987
3002
2973
2983
2974
2990
2979
2998
3027
2990
3004
2991
2993
2975
2968
2937
2982
2976
2981
2969
2982
2985
3001
2964
3001
2992
2998
2983
2867
2964
2964
2983
2993
3009
2959
206
2956
3018
2980
2991
2969
2960
2995
2980
3003
3002
2986
1079
2995
3005
3018
3016
2976
2988
2931
2978
2902
3026
3054
3002
2899
3044
2989
2983
2957
2991
1598
2967
2973
2954
2993
2981
2978
2750
3000
2991
2987
2962
2988
1511
2981
2987
2739
2982
3002
2999
2991
2954
2978
2965
3001
2986
2995
2866
2958
2977
2960
2977
2990
2969
2960
2992
2990
2973
2995
2973
3030
2985
2980
2987
2976
2971
2931
2976
2993
2986
3000
2936
2980
2990
2959
2807
2992
2998
3000
3011
2974
2982
1722
2982
2952
2954
2982
3026
2982
2965
2993
2184
3001
2987
2947
2929
2992
3050
2980
2936
3005
2982
3002
2978
2977
2990
2973
2969
3004
2991
3024
2992
2968
2991
2969
2955
1133
272
2959
2914
2982
2989
2975
2988
2974
2677
2982
2956
3061
3009
2930
2961
2986
2956
2577
1727
3015
2969
2975
3003
2985
3029
3005
2987
2980
2993
3016
776
2995
2964
3004
2966
2973
815
3018
3002
3003
2965
2985
2738
673
2098
2991
2951
2997
3000
2988
2978
2970
3021
2978
2957
2981
2992
2992
3015
2988
2955
2911
2977
3010
2992
2988
3010
2959
2997
2961
2989
2997
3013
2429
2988
2799
2970
2945
551
3050
2961
3020
186
123
2977
2975
3001
2963
3005
2985
2972
1422
2977
2975
2996
3004
2993
3003
2979
2981
3019
2993
2967
2978
3004
2983
1707
2963
2989
2983
2994
2290
2946
2989
2988
2961
3010
2970
3003
3002
2998
3000
2989
2977
2973
3001
3002
2974
2557
2982
2456
2992
2769
2989
2570
2995
2993
2985
2987
2992
2981
2288
2991
2954
2946
2992
2961
2996
2933
2955
2974
2991
2965
2824
2969
2962
317
2979
2971
2950
2977
2997
2979
2897
2986
2995
2994
2986
2985
3014
2988
2962
2943
2961
2959
3021
159
419
2979
3013
3017
2629
2561
2974
2981
2997
3011
2982
2985
2937
3011
2988
2990
2979
2967
806
2968
2991
3009
2995
2998
2948
3000
2992
2991
2993
1945
2997
2991
2995
2996
3010
2978
1653
3055
2984
2999
2972
3005
2976
2979
2998
3005
3003
2979
2980
2971
2989
1809
2972
2955
2961
3052
2952
2983
3000
2723
2998
2981
2955
2974
2979
2972
2991
2679
2994
2974
2971
2992
2439
2926
2999
2981
3003
2991
1553
2997
3017
3009
1884
3006
2800
2187
2991
3012
2867
2937
3005
2961
3015
2990
2964
2991
2973
2980
2960
2926
2965
261
2518
2974
2962
2979
3006
2972
2875
2673
2993
2982
2995
2996
2965
3019
2927
2983
2467
2985
2354
3075
2990
3011
2992
2608
2978
2964
2978
2987
2991
169
3078
2976
2978
2990
2812
586
2989
2998
3004
3000
2962
2997
2961
2942
2974
2994
2990
1858
2996
2992
2869
2976
2993
2990
2948
3022
2967
3032
2982
2996
2992
2983
2999
2838
2596
1554
2492
2985
2967
1321
2874
2910
2992
2970
2987
1091
2624
2982
2979
725
2990
2579
2980
1352
2984
2987
3001
2990
2944
367
2990
1240
2992
3020
2988
2982
2980
2819
3038
2974
3001
2843
2935
2981
3000
2996
2222
2987
752
3049
2969
2854
2980
2234
3015
3014
2959
2984
774
2966
2990
2975
2970
2974
2998
2994
3004
3023
2981
2969
2992
2153
209
2992
3000
2988
3063
2950
2972
3016
2976
2974
2961
3065
2958
2981
3009
2983
2993
515
2912
2992
2833
2979
2993
2976
2995
843
368
3011
2970
2924
2341
2976
2982
2959
2994
2992
2904
3003
2951
478
2998
2952
3008
2990
2983
2977
2966
2961
2978
2958
2991
2983
2970
3000
3022
3032
2972
2997
2968
2993
2985
2937
2985
2961
2980
3010
3081
2976
2963
3014
2996
2995
2966
2961
3011
2996
2947
2616
2988
2836
2958
2982
2230
2953
2935
2999
2992
2973
2952
2957
2997
3007
2971
3019
2981
3006
2980
2969
3021
3005
2895
2723
2990
1782
2983
2945
2103
2975
2974
3007
2949
2972
3003
2974
178
3000
2994
2970
3007
2994
2953
2988
3014
2804
2959
2986
2973
2987
3007
3018
2981
3028
2491
2974
2980
2975
2992
3067
2925
3001
2995
2973
3001
2965
2999
2965
2982
2951
2975
2975
2995
2991
1865
2987
3019
2970
2976
2977
2940
3005
2987
2951
2642
2986
2957
1866
2992
2998
2988
3003
2973
2998
3022
2959
2982
744
3015
2968
3015
2906
3045
2976
2990
874
1952
3055
2983
2383
2971
2943
3012
2992
3006
2989
1835
2994
2981
2964
2952
2971
3006
2997
1114
2964
2991
2158
2974
2996
2993
2996
2946
2954
3004
2976
2960
2962
2983
2968
2974
2997
2939
3040
2066
3001
225
2974
2952
2982
3026
3013
3017
2938
2976
2987
1785
1257
2974
3001
3006
2919
2915
2966
2963
2981
2951
3001
3003
2998
2446
2971
2975
2975
2994
2968
104
2996
2972
2991
2916
2990
2985
2975
1539
2949
3009
2997
3012
2987
2980
2997
2723
2915
799
2975
2995
2370
2982
2808
3007
2302
2993
2936
3079
3004
2989
2970
2988
2977
2998
2987
2989
2989
2702
3017
3017
3060
2992
3002
2984
3066
1257
2968
2929
1615
2992
2946
2954
3021
2997
2942
701
2960
2969
2836
3006
2991
2976
1418
2994
2973
2973
3003
2959
2977
2984
2858
2985
2988
2991
3005
2982
2995
3011
2973
2982
2926
1763
2980
2969
3000
2975
2983
2996
3000
2983
2990
2702
2974
2990
3019
2979
2952
2949
3003
2972
2998
3015
1053
2988
2980
2596
1009
2990
2948
2965
3022
2997
2990
2969
2968
2246
2998
2939
2856
3014
2973
3011
2924
3005
2943
2983
2967
2979
2977
2972
2955
2968
3008
3007
2981
2982
2998
2992
2990
2951
1896
3000
2967
2986
2947
2962
2988
3066
154
2944
2971
2976
2952
3007
787
2985
2427
2892
2986
2837
2988
2997
2990
2971
2985
2956
2995
2993
2977
2960
2935
1265
2981
2982
2238
2972
2974
843
2964
2984
2774
2954
2957
2990
2973
3016
2972
2982
2982
2970
770
2977
2984
2947
2967
2974
3024
2932
1067
2977
2982
2950
2966
2992
2121
3023
2972
3006
2950
2994
2989
2982
284
2995
3018
2976
2972
2999
2969
2944
2743
560
2968
2946
2994
2976
2976
3018
2985
2985
3014
3010
2962
2953
2985
3001
2982
2986
2981
2996
3021
2991
3022
2996
426
3011
2625
2995
3013
2952
2643
2992
2996
2991
3000
3006
3014
2819
2958
3002
2998
2990
2971
2995
3027
2996
121
3006
603
2289
2990
3061
2996
2991
2995
2986
2886
2232
2985
1466
2386
3008
2990
2924
2955
2960
2981
2901
3047
2994
2883
3007
2987
2985
2868
3003
2981
2982
2997
3053
2992
2981
2987
2963
2980
2965
3003
2984
2086
2993
2911
2996
2797
2978
873
3018
2984
2988
3019
3010
2987
2994
2699
2987
648
2943
2979
2982
2980
2973
720
3003
2983
2984
259
2999
3007
2999
2991
2959
2998
2118
2992
3000
3087
3004
2959
2167
2989
2961
3006
2991
2361
1125
2996
3011
2985
2934
3005
3005
2806
2948
2944
2949
3000
3040
2968
3014
1960
3028
3001
2974
2946
2976
2964
2959
2987
2976
2940
2980
2996
312
3008
2990
3003
2983
3011
3004
2993
2992
2996
2990
2970
2950
3002
2986
2993
2989
2968
2967
2959
3009
3008
3024
2891
2989
2972
3001
2985
2971
2992
2976
2944
2989
2917
2983
2972
2957
1626
2963
2997
2990
2959
2955
3010
2963
2981
2896
874
2981
2737
2968
3001
2994
2989
2964
2983
1603
2970
2986
2970
2933
812
3013
2845
2984
3002
2979
242
3026
2989
2995
2999
3013
3008
2991
2995
3004
985
3000
2957
2974
2993
2993
2991
2964
2970
1067
2997
3055
2998
3014
2571
2680
2967
409
3011
2950
2968
2994
2987
2983
3015
2965
2976
2982
3020
2565
2965
2977
3020
2597
3013
2976
3007
2981
2980
2984
2962
3006
2986
2971
3019
2989
2932
2972
3003
2986
2987
3002
2970
2229
2956
1735
2975
2998
2650
2964
2984
2944
2973
2982
2998
2966
2996
2985
3050
2964
3024
2956
2976
803
2992
2997
2960
2998
3024
2664
1316
1674
2974
2967
2962
3010
2997
1765
2967
2827
2989
2968
2966
2957
1147
2943
2976
2980
2953
2973
3010
2987
2976
2842
2911
2974
2977
2975
2996
2989
2975
2994
2627
3006
2961
2965
2984
2984
2981
2962
2975
3002
2999
2973
3001
2981
2975
3016
2975
3001
3056
2948
2987
2980
2988
2805
2994
2977
2983
2992
2882
3010
230
2977
2936
2985
3012
2999
2995
2943
3006
2472
2980
2904
2954
2943
2979
252
3003
3009
2986
1392
2994
2981
2960
2986
2998
3008
2991
3000
2988
2955
2982
2995
2996
2961
1081
3005
2956
2974
2991
2973
2988
2982
2949
2985
2978
3009
2969
2972
2933
2997
2959
3007
3020
1948
2978
2973
2989
2956
2949
2993
2988
2983
2958
2978
1028
1188
2978
2985
3002
293
2992
2950
2967
2992
2984
3022
2863
2984
2989
3007
2972
2974
2989
2986
2981
1882
2981
2975
2969
2979
2945
2965
3018
2043
2997
2967
2975
2242
2961
2977
2989
2996
3000
2980
1771
2983
2986
2995
355
1246
2965
2989
2980
2730
2969
3013
2995
2959
2967
3034
3042
2958
2959
2971
2987
2934
2999
3002
2971
2947
1427
2975
2990
2774
3005
2995
2999
3019
2966
2964
2995
1523
2980
1865
2995
573
2999
2928
2955
1376
2989
2974
780
2980
2951
2963
3024
2961
2942
2958
2969
2996
2963
3008
2984
2984
3001
2972
2934
2995
3008
2962
2961
2984
3003
2912
2979
2910
2982
2963
2992
2952
2973
2939
2971
3000
3004
2834
3005
2990
3013
2939
2954
3005
1229
2980
214
2805
2972
2978
2881
3008
1720
2995
2991
2994
2769
2734
2999
2981
2753
2961
1378
2968
3016
2975
2957
2974
1274
3017
2982
3005
2986
2692
221
2990
2991
3007
2986
2959
2978
2978
2993
2967
2994
2843
823
2986
2990
441
2987
2832
2943
2990
2939
2455
2996
2991
3006
2997
2997
2772
3014
2959
2989
3002
2984
2948
214
2979
2973
3008
2923
2983
2948
2977
3023
2910
2972
3003
2997
2789
2990
2982
2951
2912
2939
3018
3003
2869
2957
2978
264
2961
2997
2918
2982
3021
2962
2952
2993
1062
2994
2980
2970
2975
3001
2983
1459
2978
2989
3013
2941
2975
2981
2989
2973
2978
2984
2991
2981
2975
2996
3009
2991
2996
2797
546
2984
2968
2983
250
2953
2978
2987
2967
2985
2996
2980
2983
2994
3024
2998
2962
2993
2943
2981
3019
2986
2921
2984
2987
2985
2958
2963
3020
1732
2988
3026
2984
3002
2993
2987
2936
2958
2980
3056
3022
2947
499
3011
3042
2998
2991
2984
1351
3012
3011
2940
2970
3003
2905
2963
2966
2975
2975
521
2977
3001
619
2976
2995
587
2963
863
2976
3001
2973
2819
2980
1678
3005
2128
2980
2926
2972
2983
2990
2950
2998
2969
2994
2160
3022
3012
2982
2978
2986
2990
2948
2963
2999
3007
2979
2968
3001
2928
2992
2996
3005
2963
2954
2995
2983
2936
2985
2979
2974
3003
2997
2965
2951
2977
2062
2953
1056
2951
2992
2363
2981
2918
2809
2988
2980
2987
2955
2909
2946
3010
2989
2957
2966
3005
2950
2988
1262
2025
286
2995
554
2973
2997
3000
2902
2086
2209
2992
1198
2939
2964
2947
2994
3003
2969
439
2979
2986
2991
2994
3072
273
3019
2971
2982
1598
2913
3012
2965
3008
2989
2989
2960
2973
3012
2948
2403
2104
2991
2992
2980
1838
2991
2977
2972
2938
2944
2990
2995
2977
2974
2976
2974
2964
3032
2990
2958
2968
3006
3011
2531
2974
2993
2971
2968
2971
1004
2995
2980
2987
3085
2986
463
2978
2971
2975
1478
2998
458
2990
2971
2992
2968
3006
3009
2988
2981
2976
2981
2997
2983
3007
3001
2941
2992
2998
2946
622
2948
2999
3002
2997
160
2960
2945
3007
2963
2946
2943
2996
2945
3005
2965
2974
2962
2993
2872
2978
2979
2949
2942
2964
2951
2977
3020
2996
2979
2963
430
3014
2990
2938
2976
2949
2936
2927
2509
2975
2968
3045
2949
2994
2990
2963
2975
3009
2991
2978
3069
2965
2972
2978
2314
2980
2985
668
2949
1201
3002
2968
2981
2958
2185
2992
2416
3007
2959
2984
2974
2739
2979
2999
2987
2922
2980
2990
3002
2989
2984
2991
1918
1449
2963
3010
2997
3012
2982
1002
2977
2990
2975
2972
168
2309
2982
2981
2964
3000
3001
2986
228
2995
3000
2958
2980
2995
2962
3007
2974
2943
2942
2982
206
1103
2974
2994
2970
2962
3004
2977
3001
2938
2969
3051
2953
2968
2944
2993
2998
748
2971
2998
3010
2976
3000
2991
3026
2999
2944
2992
2902
3011
2041
2976
3017
2971
2979
2918
2972
2986
371
2994
2984
3006
2943
3009
3031
3001
2993
2976
2958
2994
2996
3007
2974
2878
2987
2980
2106
2976
3037
2988
2994
3006
2993
2973
2980
3021
2995
3005
2808
2988
2991
2996
2961
2986
1805
2967
3024
1398
3003
2969
2959
2956
203
2971
2962
3000
2987
2995
2957
2994
3009
2995
2977
2983
2982
2992
3027
2960
2938
1123
2301
2964
2960
2985
2989
2965
2930
2994
2928
2969
3009
2980
2977
410
2999
2956
3042
3013
2990
3003
588
2966
3002
2972
199
2890
346
2980
2991
2983
3009
2967
3000
1317
3001
2963
2978
2935
3013
3001
2940
2976
2956
2978
2971
2962
437
2979
2991
2976
2955
1429
448
2996
2997
2967
2998
2960
3013
2988
2951
2996
326
2971
2982
974
2420
2918
2967
2963
3016
2184
2992
3005
2975
2993
2986
2996
3008
2988
2991
3002
2994
2991
2959
2996
2954
3002
3035
2992
3014
2998
2741
3007
2965
2975
2996
2959
2984
2983
2975
2984
2983
3003
2990
2974
2972
2204
2986
3003
3003
2950
2989
2999
1423
2885
2976
2992
2998
2962
2982
2981
2983
2995
2943
659
2968
1953
201
3023
1748
2990
2968
2991
3003
2960
2994
2991
3031
2954
2090
2923
2972
2969
383
2994
3040
2992
2986
2988
2916
3001
165
3064
2990
2968
2939
2962
2914
2980
110
2998
2966
3007
2552
3005
2992
2985
2989
2996
2988
2987
1421
2994
2975
2981
3014
3006
2992
2996
2945
826
2975
862
2946
2989
2976
2969
1017
2965
2979
2989
2996
2979
2401
497
3001
2992
2997
2979
2994
3009
2986
2982
2938
2986
2950
2997
2997
2953
1871
3013
2961
2973
2915
2988
3017
2969
2967
2969
2998
2994
2975
3006
2967
2992
1444
2970
2994
2999
2997
3054
2945
2906
2998
3025
2978
2992
2992
2958
2553
2966
3008
2994
3006
2985
2969
1408
2991
2999
1865
165
2973
2936
2946
2964
2944
1247
297
2974
2968
3037
2980
3013
2948
2947
2993
2997
2985
2981
1599
2998
2958
2945
2991
2994
2963
2939
2983
2982
3006
2993
2991
2943
2971
2964
118
2989
3021
2972
2941
3001
2988
2979
3003
2992
2933
2969
2921
2962
2983
3004
2991
2989
2984
3001
2984
1487
1564
2971
2999
2976
3000
2962
3010
2967
2943
2970
2997
2996
3009
2792
3010
2987
3011
2976
2989
2951
2977
2973
2984
2994
2991
3013
2978
2992
2995
2961
2952
2920
2885
3006
2985
2960
2956
3018
3061
2998
2954
2979
2989
2862
3002
157
2975
2998
3056
3004
3073
2917
2971
2985
2970
2987
2983
2953
2990
2959
2949
2966
1103
2974
2982
2996
3000
2972
2989
2981
2966
2973
3020
3006
2938
2956
2983
2952
3010
2933
2991
1493
2993
2965
3016
3003
2973
2985
2978
2974
2987
2919
2986
2956
2990
2955
2978
3024
2242
2996
272
3017
2998
2976
722
1616
2989
2674
3001
2977
633
2964
2994
2998
2977
3003
3000
2981
2992
189
2972
1703
2966
3005
2990
2973
2985
237
2998
2945
2937
2990
3005
3000
2992
2968
2988
2186
3032
2968
1201
2837
1892
2972
1031
2979
3005
2935
2979
2056
2970
2992
2978
2972
2482
2980
2984
2997
3010
2955
3002
2967
2972
2975
3018
2957
2006
3010
2974
2961
2983
2986
3007
2993
2990
2972
2980
2978
2981
2987
2958
123
2942
2972
2991
2993
2658
2936
2981
2963
3014
2965
2987
2986
2902
2943
2985
2231
2996
590
2972
2859
2079
2975
2971
2985
2984
2980
3013
2836
1012
1323
2980
2972
2920
3025
2982
2982
2970
2981
2981
3010
2970
3006
2987
2987
3006
2768
2990
2994
2981
3006
3015
1850
1942
2366
2609
744
2329
2980
2970
3021
3036
2990
2972
2953
3009
2980
2962
2972
191
2986
2949
3036
2990
2278
2976
2969
2337
2990
2970
2959
2965
2980
2978
3001
2957
238
2972
3006
2946
2672
3000
3004
2962
2943
1377
2954
2986
2961
1607
545
2974
2281
2970
2995
2609
3022
2988
2990
3002
2971
2957
2955
2987
2981
1505
2986
2970
3001
2986
781
2962
2975
2956
3051
108
2954
2976
2992
3015
2935
3005
2539
2953
2971
2587
3003
2943
2986
2970
2988
2947
2973
3013
2984
2974
2979
1740
2807
648
2981
2968
2998
2998
2972
3006
2971
1647
3019
2960
3012
2980
2979
2317
2924
2963
2992
2958
1383
2979
2967
2959
2977
2976
2973
3010
2987
3011
2996
2994
2972
2955
149
3058
1145
2999
2937
2986
179
2969
2966
3002
1160
2953
3007
2981
2964
1148
2974
2989
2945
2986
2995
2965
3000
2915
2955
2978
1397
2971
2976
2994
2995
2827
3009
2950
2266
205
2998
1425
2971
2988
2986
2992
2674
2974
3000
2965
2963
2984
2952
2989
2993
2977
2953
2980
1918
2973
2976
3003
2717
2970
2951
3018
2993
2945
2927
3014
2972
3013
2988
2981
2953
3000
395
3002
1614
3016
2947
2944
3004
2983
2992
2978
2993
2967
2912
2105
2050
2986
2956
2968
2964
2977
2992
2969
2946
2954
3002
3005
2972
2926
3005
3015
2980
2999
2979
2986
2970
2958
3041
2976
3009
2981
3004
2961
2893
1274
3005
2982
2995
3002
2995
2690
2990
942
2814
2983
1297
2980
2968
2973
2753
3028
860
2988
2973
1755
2996
2975
2974
2997
3008
2970
2929
2971
2983
3004
2991
3081
2932
3015
2973
2976
2971
3050
2982
2924
2978
2975
3006
2987
3022
3018
2706
2975
2972
554
2990
2975
2460
2951
2973
2705
2991
2919
1072
3019
2984
2995
2981
2985
2985
2943
2959
2976
2969
3009
2990
2996
3063
3027
3065
2369
3025
2973
2994
2956
2902
2908
2939
3007
3037
2978
2964
2998
2980
2957
2963
3005
2997
270
2417
2982
2980
2974
2970
3000
2979
2917
2963
1233
1476
2977
2998
2959
3012
2993
2987
1408
3000
2939
3043
2983
2976
2959
2954
933
2984
1463
3001
3011
3025
2970
3015
2972
3000
3057
3003
2980
3006
2980
2973
3000
2990
2976
2953
2965
3004
2992
2846
2868
2996
2976
2972
2948
2641
3006
2985
3002
2804
469
1966
2974
2965
2960
2976
2959
121
2950
2967
2965
2987
2947
2973
2991
2990
701
2956
2986
3006
2979
2965
2974
2986
2942
2981
2965
2970
2993
2973
3004
2998
2995
3007
2968
3003
3003
2960
2979
2976
598
2988
2992
3005
2994
2997
1829
2905
2996
3001
2968
2983
2997
877
3006
2928
2937
3005
2982
2940
2974
297
3019
2976
2854
3005
2984
255
2957
2990
3005
2895
2985
2986
2992
2974
2987
3005
2975
2959
3001
2969
2984
2838
2966
2985
2977
2892
2961
2964
2987
2969
2987
2920
2971
1194
2976
2976
2996
2997
2988
2977
2987
3017
3059
2934
2952
2994
2983
2925
2972
2996
2984
3009
3024
2980
2936
121
3007
1043
2974
2977
2823
2984
2982
2931
3026
2976
1907
2982
3004
2983
2980
2965
3004
3005
2992
2973
3019
2979
2980
910
2970
3010
2964
2973
2947
2991
2974
3011
2973
2995
2977
2988
2985
2932
2977
2971
2943
2994
2988
106
2993
2957
3000
3013
2981
2977
3011
2982
2984
2996
2975
2965
2966
3010
946
3001
2999
2995
756
2959
3004
3001
2981
2983
2994
2962
2961
2986
2979
2992
3007
3056
2967
2988
2993
2981
2980
3005
2959
2974
2983
2972
2991
2987
2664
2981
2998
2979
2585
2987
2995
3014
632
640
2971
3037
2983
2956
2941
2998
2994
2968
2995
2985
2958
2999
2996
1085
2997
674
2999
2952
2869
2980
2930
2974
629
2996
2988
2982
2914
2988
2918
2998
2941
3023
3005
3000
2992
2982
2997
1904
132
2979
2983
2994
2981
2974
3021
2965
2957
2972
2986
2993
2959
3012
2985
2930
2949
2879
2979
2980
2978
3006
2986
3003
2994
2926
2981
2194
3012
3029
2987
2958
3007
3010
2953
2977
2962
2991
2974
2997
2972
2983
2971
2974
2977
1826
3002
2999
2386
2989
2984
2994
2965
2975
2995
2986
3018
1638
2990
2987
2893
2979
3009
2999
2978
2967
2980
3018
3003
2943
3025
719
2942
2993
2986
2985
3022
3007
2949
2992
2972
2979
3017
2936
2992
2971
2990
2730
2460
3008
737
2997
3014
1904
724
2955
2996
2985
2972
3000
2984
2989
2987
2986
2984
2971
1205
2970
2975
2982
2955
3000
2122
2988
2973
3003
2975
158
689
3009
2996
2976
2973
2982
2973
2905
2966
828
2991
2974
2974
2977
3069
2997
2989
2986
2964
2998
2996
2107
2978
2976
3006
3003
464
1945
3006
2978
2963
2972
2951
3015
2990
2975
2990
2954
2944
2996
2988
2970
3004
2975
2884
2980
2983
2996
2142
3024
2998
2973
2981
1334
3004
2967
3042
3076
2992
3035
2987
2999
3004
2958
2996
2990
2990
2958
1135
2961
2998
2971
657
2976
2962
2981
2985
2980
2977
2972
2997
2733
2999
2509
2958
2968
3006
428
2975
2995
2977
2974
2977
3001
2991
3003
2978
2348
2994
3005
2993
2981
2963
2966
3004
3010
2973
2952
2956
3017
2981
2911
2974
2987
2990
224
2986
2975
2945
244
2995
2980
2950
3008
2993
562
2965
2641
2957
2993
2996
2958
2998
2939
2986
2995
2991
2959
2967
2987
2992
2955
870
2966
2976
2949
2977
2974
3003
135
2966
2959
2986
2948
2958
2993
213
3007
2815
2969
2983
2994
2983
3062
3012
1363
2985
2987
3002
2979
1722
3003
2959
2880
2962
2990
2984
3000
2977
2977
2996
2996
2985
2968
2996
933
2197
2972
2990
2961
2969
2984
2977
3050
2998
2968
3032
2998
2970
2973
2940
2983
2936
2967
2972
2960
2957
2997
2925
2976
2995
593
2974
2981
2993
2992
1993
2989
2968
3008
2975
2953
3000
2997
2951
2957
2996
2961
3001
1107
3009
426
2957
245
2992
270
3006
3002
2992
2979
2105
2989
879
3011
2944
2548
2987
2795
2987
2973
2976
2993
2965
2980
1385
2955
2970
1381
2991
2948
2987
282
2976
3011
3005
3054
2986
2994
2988
3002
2965
2986
3001
3002
2991
232
2996
2996
1250
3073
2945
1006
2974
3009
988
2999
2999
2990
2970
2985
2978
2992
2958
2999
3003
3022
1675
3012
1237
2983
2975
3005
2955
2971
374
2940
2836
2975
3000
2998
470
3001
2969
3006
3005
2982
2861
3000
2023
2979
786
2976
474
2982
2997
2983
2540
3006
2989
2991
2995
2971
2981
2990
2991
2978
2993
2956
3004
2972
2972
2885
3011
2965
2964
3010
2990
2168
2996
2987
3057
1521
2967
2993
2987
2940
3021
2978
2972
2983
1848
2993
3006
2986
2995
3020
2979
3002
2994
2995
2991
887
3006
2988
3001
2977
3001
2969
2998
2991
2988
2990
751
3002
3019
2978
3000
2962
2994
3003
2976
2961
2999
2992
3010
2963
2991
2701
2954
2972
3001
2989
2993
2975
2990
2961
2952
2954
2995
311
2971
2986
2999
2973
2994
2952
2978
2998
2987
3009
2985
2968
2981
3019
2976
3001
3029
933
3000
2951
2993
2965
2994
2458
3002
2945
2386
722
2975
2999
367
2991
2988
2992
2983
2987
3004
2963
2988
2981
123
2932
2989
2986
1962
2994
2933
2993
3010
2978
2993
2986
2976
2974
526
3034
3015
2975
2999
2979
942
2997
2996
2983
2979
2980
2617
2974
2978
3013
1598
2984
2957
2988
2991
2991
3009
2997
2952
2978
2956
2976
2990
2983
2975
2979
1893
2976
2989
2933
3010
2987
2983
2946
2978
3010
263
3000
2842
2991
2938
3024
2979
2997
2964
3010
2967
2974
3007
2978
2990
436
2939
2976
2984
2988
856
2978
2968
2981
2969
148
3018
2966
2928
3010
2752
2889
1410
3003
2998
2975
2990
3004
2984
2970
2956
2991
2972
3008
3006
2982
2997
2985
2995
1750
2976
2976
3001
3076
2964
2979
3000
2953
3058
2934
2994
3002
3008
2951
2990
2962
2995
2981
3026
3024
2976
2977
3012
2958
2990
2854
2995
2981
2964
428
2998
2955
2959
1845
1986
2998
2947
2996
3007
2976
972
2974
2971
3002
2972
2962
2964
2983
2967
2979
2977
2994
2998
2957
2975
3011
2950
2948
2956
2963
2767
2979
2948
3003
3003
2979
2966
2917
781
2988
2939
2937
2971
2426
2926
479
2996
2948
2996
2986
2517
2983
3015
2975
2973
2890
2950
2963
3076
2983
2969
2825
2995
2988
2966
2982
2993
2964
2566
2956
3005
3004
2922
2990
2970
3019
2962
2971
2966
2962
2987
2974
2998
2958
2979
2979
2970
2943
2970
647
3003
117
2991
2139
3012
2987
3010
2990
2988
2978
2930
2992
2967
2979
2947
3000
2988
2976
1152
2962
2991
3006
2989
2992
3003
3001
2974
2958
3001
3010
2979
2987
2991
1110
2989
2972
2986
2994
2996
2971
2964
2999
2989
2974
222
2981
2965
2987
2992
3003
2667
2957
2967
2996
3024
2973
1548
2995
2975
2976
2994
2994
2311
2986
3000
2949
2966
2940
2981
2979
3000
1603
2959
3009
2995
3025
2973
2976
2938
2990
691
2989
2579
3001
3008
2985
2993
2968
2926
1718
2948
2989
2994
2983
2982
3004
2944
3006
2972
2994
2974
3005
3003
1507
2990
2584
2930
2976
2976
2950
318
3015
3010
3005
2610
3002
3002
2932
3000
2968
3009
2995
3024
2987
2979
2956
2951
2988
2997
2983
3001
2995
2993
2980
2969
2971
3054
1341
3017
1152
2967
2991
3023
2968
2995
2987
2972
2274
3081
334
2364
2601
2967
2996
2994
2986
2962
2993
2970
3015
3006
2982
2996
689
3004
3000
2984
630
2986
2977
2984
2976
3006
2976
2981
2983
2974
2777
2983
1618
2988
3007
705
2978
2968
2993
1477
2985
2984
3039
2999
2970
3019
2993
2966
2986
2993
2995
2967
1544
3013
2988
2979
2980
194
2973
3006
2968
2994
2983
2986
2987
2927
2971
2999
2977
2981
2986
2972
2979
2940
2949
2955
2981
1745
3012
2941
2985
1126
2960
2974
3012
2973
2954
2993
2983
2980
2937
2982
3028
2976
3000
2988
2974
2974
3006
3085
2969
2987
2984
2979
3001
2980
2968
2993
1527
2965
2983
520
3011
2940
2960
2927
2955
3008
2942
2989
751
2967
2720
2741
3021
2958
2977
3008
2970
2945
3071
132
2997
2889
2985
1250
2979
2139
2959
2992
2232
2996
2985
2986
3001
2961
2995
2991
2332
2985
2998
3010
3003
2969
2683
2980
2963
2361
2900
2985
2978
2958
2998
2991
2996
3039
2621
2994
3001
3001
2943
2946
179
3003
2970
2994
2967
3002
902
2989
2969
2984
1209
2987
2989
139
2931
2971
3017
2949
2994
3018
154
2945
1764
2985
2972
2982
1508
2900
2997
1618
198
2984
3001
2056
2991
150
3004
2954
2999
2992
2961
2992
2951
344
2973
2995
2938
3001
2960
3011
2624
2983
598
2977
2997
877
246
2990
2989
2966
2994
2960
3000
2984
3003
2984
2966
2982
2946
2311
2932
3004
3021
2926
2928
2952
2994
2963
2992
3006
3025
2980
3027
948
2970
3008
2989
2967
3005
2985
2952
2965
2989
2943
2991
2979
2975
3001
2969
2994
2985
2984
2862
2985
2990
2959
2998
2987
2971
3001
2986
3006
2996
2991
2853
2973
2981
2997
2985
2987
2984
2804
2913
3000
2957
2937
3017
2996
3015
2990
2999
2983
3011
2983
2960
2988
2590
3010
2031
2975
2979
3006
2991
2967
2984
2998
2982
2940
2983
2973
2929
2996
2988
2996
3013
2939
3007
2971
2976
2990
3015
2965
2954
2989
2963
2354
2979
2500
1393
3010
2976
2993
2990
2978
2954
2943
2995
2971
990
2960
2996
2984
853
1692
2971
2990
3004
2953
3004
2971
2975
2968
2985
165
2941
2996
2968
3018
3010
2976
2976
2993
2989
2979
2991
2998
2998
324
3017
3020
2593
2444
2981
2985
2958
2976
3010
2982
3037
3017
2996
340
582
2935
2995
2965
2997
2962
2985
2979
2957
2948
2951
2965
2972
2997
2874
3000
2972
2986
2118
2931
1403
2961
2097
2946
2993
3009
2703
2995
2986
2971
2978
2934
2965
2988
2997
2989
3021
3006
2976
3015
2508
3042
2994
2976
3009
2980
2970
2959
2993
1535
3005
2971
2993
2997
2869
3001
2991
2994
2990
3008
2976
2971
3001
2968
2979
2970
2984
2984
3009
2992
3010
2975
2775
2998
2756
1855
2933
2986
100
2995
2974
1544
3003
3002
3008
2996
3006
2984
3007
3003
2984
2952
445
1177
3014
2970
2966
2964
2972
2798
3070
2957
3019
2964
3012
3004
2965
2986
2848
2942
2988
2994
3003
2993
2925
3000
2969
2981
2995
520
2989
2960
2952
2960
2993
3021
1465
3003
2357
325
2954
2987
2570
2947
1445
2976
2986
2975
2997
2266
2958
612
2955
2975
2994
2972
1112
3000
2842
2967
2976
2965
2993
2996
2971
2959
2334
2993
3008
2995
2954
2595
2978
2988
2994
242
2970
2985
2986
2990
2557
2987
2963
3011
2963
2997
2993
2983
2951
2971
2951
3005
2989
2980
2944
2937
2955
1751
2978
2951
2978
3011
2970
2967
2990
2985
2999
3014
2990
2931
2979
456
2991
2999
2955
2983
2452
1583
2987
2973
2424
2973
2989
2982
2991
2910
2989
2912
2859
3005
2807
2978
2962
2960
2951
3010
922
2961
2966
245
2983
3009
2986
2987
2980
1910
3003
2984
1811
3008
3000
2976
2951
2971
2979
2937
3009
2957
2969
2994
2978
1114
2972
2992
2959
3022
2993
2955
2966
2981
2975
2950
2993
2977
2962
2987
3008
2990
2986
2989
2836
2984
1276
2992
2972
2983
2966
2979
2970
2965
2975
3005
2964
2953
3012
2994
3004
2956
3002
2957
3014
2957
2969
3005
3003
226
2993
2989
3008
3014
2978
2968
2992
210
2996
171
3025
2988
349
2990
2996
2965
3008
2983
2949
2998
2996
2969
2994
2898
2988
2993
2959
3009
2900
3004
2971
2904
2973
1995
2989
2948
2986
2914
2973
2980
2845
2973
2514
2986
2992
2963
2648
2482
2996
2982
3080
2941
2991
162
2952
2964
2956
3025
2992
2991
2986
2976
2935
2971
3007
3003
2957
2985
2992
2922
2981
2925
2967
2982
2964
3058
2974
3011
3018
2960
2962
2973
2952
1840
3005
3023
2981
3001
3021
2975
2985
2905
3007
3003
2998
2951
2995
3001
3002
3016
2991
2983
2995
2941
2989
2993
2940
2969
2993
2972
314
1209
2973
2964
2957
3017
2991
3029
3016
2984
2967
2959
2964
2965
2995
3014
3008
2987
3034
3016
2912
2921
2731
2964
2993
2940
2948
2729
3021
3001
2944
3019
2999
2961
2985
2975
2995
2942
2970
1176
3001
2976
2990
3006
2953
3019
2993
3003
354
3015
2982
3012
2954
2034
2989
3046
1160
2995
2986
2999
3000
2986
2985
2985
2554
1061
2987
553
2997
2982
2985
3020
2972
2984
3008
2994
3017
2985
2978
2918
3004
2981
3005
2979
2893
2988
790
2960
2958
2993
2970
2985
2092
3021
2988
3029
2959
3005
3001
2289
2960
2995
2964
670
2933
2953
2985
3018
2989
2988
2998
2961
2936
2929
1949
2966
2985
2710
2537
3009
3025
2982
3000
3042
2987
2993
2972
2917
2954
2970
2969
2979
2190
2945
2971
3019
3001
2961
2936
2972
2994
2934
2999
2993
2986
2973
3014
2355
3031
3014
2992
