1551
1548
1554
1554
980
1547
1535
1554
1546
1545
1555
1544
1547
1547
1553
1548
1547
1548
1308
1559
1538
1548
1550
1549
1550
1548
897
1548
786
1544
1551
1548
1545
1542
1551
1544
1538
1549
1550
1555
927
1547
895
1550
1547
1555
1545
1547
1548
1547
1532
1549
1551
1555
1542
1546
1530
1486
1550
1554
1550
1541
1553
1544
1547
1547
349
1545
1543
1537
1544
1545
1551
1532
1540
1546
1543
1545
685
1543
463
1080
1550
1547
1547
673
1538
1549
1552
1550
1437
1545
1547
912
1548
1549
1552
1548
1211
1547
1551
1551
1549
1549
1552
1544
1095
1538
1546
1544
1547
1548
1533
1513
1552
1549
1542
1286
1551
1548
1551
927
1552
1550
1541
1547
1547
1538
892
1548
1556
1550
1551
1545
1519
1542
1050
1552
1543
1537
1545
1552
1537
1543
1546
1545
1541
1555
1537
1547
1552
1549
1551
1549
1548
1537
793
1553
1544
1543
1549
1544
1544
1548
1550
687
1534
1562
1547
1537
1545
1546
1553
1554
1548
1538
1547
381
1548
1546
1550
1547
1537
1551
893
1545
1548
1536
1546
1543
1554
1543
458
1532
1548
1553
887
1543
1551
1546
1541
1060
1550
1547
1541
1537
1536
1550
403
1541
1542
1554
1523
1543
1552
1548
1528
1535
1548
1019
1551
1532
1551
1539
485
1222
1552
1548
1533
1550
1538
1557
1037
1551
1552
1549
1542
1550
1557
1553
1551
1548
1546
1551
1202
1555
1535
1544
1542
1549
1544
1445
928
1547
1542
1033
1518
1554
1544
1554
1539
1546
1544
1547
1551
1546
1559
1546
1541
1551
1549
1554
1552
1546
1535
1536
1017
1544
1546
1549
1551
1483
1537
1548
1542
1541
1546
1550
893
1549
1545
1565
1560
1535
1545
1545
1550
1551
1548
1550
485
1449
1551
1193
1553
1542
1539
1558
866
1298
1530
973
1549
803
1204
1543
1549
1552
1559
1536
1550
1545
1549
1550
1566
1551
1540
1534
1542
1546
1544
1538
1546
1549
1507
1552
1560
1557
1333
1543
1551
1536
722
1535
1496
1553
1539
1534
1521
1540
1558
1550
1555
1546
1551
1546
1540
1539
1547
1550
1555
1540
870
1546
1542
914
1546
1553
1552
1543
1542
1545
1478
1548
986
1553
1511
1550
1542
1549
1547
1538
1546
1532
812
1544
1546
1545
1273
899
1553
1551
616
1549
1547
1526
1556
1558
1545
1546
1533
1540
1549
1549
1554
1547
1547
1556
1541
1540
1552
1542
1549
1537
1549
1544
1556
1559
1529
1542
1547
1545
1549
1546
1542
1553
1553
1539
1545
310
1546
1517
1550
1546
1554
1537
1412
1501
1548
757
1514
1552
1550
1545
1542
1552
1546
1550
1550
1546
1528
1542
1549
862
1528
1547
1032
1548
909
1541
1548
1551
1547
1551
1544
884
1545
1550
1547
1550
1556
1546
1540
1545
1537
342
1548
1190
1548
1533
1544
1552
986
1542
1538
1546
1547
1542
1532
1549
1165
1226
1533
1540
1552
1546
1550
1553
1543
1556
1519
579
1543
1545
1548
1549
1550
1550
829
1539
1547
1551
1548
1544
1545
1544
1549
1554
1549
1527
1526
1552
1533
1548
1547
1540
1554
1545
1397
990
1544
1544
1543
1553
1545
1544
1117
1549
1546
1529
1322
1547
1548
1551
1541
1551
1548
1544
1550
868
1552
1546
1544
1535
1547
1538
1554
1544
1554
1555
880
1554
1046
1548
1554
1539
1551
1547
1514
1549
1542
1554
1563
1541
1530
1546
1546
1549
1546
1548
1550
1550
1538
1549
1550
1553
1554
1548
1547
1494
1532
1552
1538
1554
1549
1519
635
1517
1548
1550
1550
1545
1544
1551
1548
1551
1551
1543
691
1548
1551
1545
1551
1551
1543
1536
1549
1570
1551
1549
1552
1528
1541
1546
1548
1539
1547
1384
1556
1551
1549
1552
1540
1538
1559
1548
1546
1550
1550
1541
1552
853
1546
1553
1531
1546
1550
1546
1540
1548
1550
1550
1539
1545
778
1550
1537
1549
1551
866
1550
1529
1550
1553
1549
1556
1548
1557
1530
1547
1553
939
1545
1546
1549
1554
1542
1545
1553
1549
1549
1548
1558
1545
1085
1550
1094
1552
1559
1545
1544
1560
1532
1539
1504
1549
1550
1541
1538
1551
1558
1552
1548
1554
1548
1554
1547
1548
1542
1548
1550
1547
1551
1108
1545
1545
1556
1535
1531
1552
1550
1551
1552
1514
1551
1534
1557
1543
1545
1547
1549
1532
1559
1546
1544
1546
1538
1549
1541
1550
886
1552
1546
1556
1545
1547
1550
1550
1551
1548
1550
1549
1557
1546
1551
1547
1521
989
1546
1406
1539
1551
1540
1545
1543
1550
1547
1559
1549
1540
1128
1548
1072
1555
1531
1551
1547
1551
1544
1548
882
1536
1551
1550
1549
1541
1542
1544
1544
1542
1554
1559
1549
907
1554
1549
1544
1484
595
1315
1540
1557
1543
1549
1548
1545
1544
1551
1541
837
1544
1546
1546
1546
1548
1531
1419
1554
1521
1545
1551
1550
1554
1544
1542
1551
1546
1545
1546
1530
1548
1544
1410
1102
1550
1421
1553
1548
1547
1549
1534
1544
987
1551
1544
1544
1541
1530
1544
1548
1550
1549
1551
1220
1549
1549
1547
1548
1538
1554
1539
1545
1550
1550
1284
810
1549
1551
1338
1534
1552
1550
1549
1544
1225
1551
1560
1546
1544
1537
1553
1515
1534
1547
1559
1545
1353
1551
1536
1548
1555
1539
1548
1552
1553
1560
1552
1545
1555
1550
1551
1553
1550
1545
1556
1556
1545
1561
1535
1550
1546
1547
1553
1549
1536
1557
1544
822
1550
1547
1241
1533
1533
620
1556
833
1497
449
382
1543
1554
1548
887
1541
1551
1546
991
1553
1559
1546
1537
1556
1537
1549
1545
863
1543
1547
1551
1539
1534
1435
1542
1547
1535
1246
1549
1572
1547
1557
1542
1552
1546
1547
1552
1542
1536
1544
1552
1545
1542
1546
1547
1543
1545
1405
1546
1031
1555
1536
1549
1548
1555
1552
1465
1548
1547
1548
1542
1550
1551
1544
1551
1550
1388
1546
1547
1552
1530
1547
1013
1553
1547
1547
884
1546
947
1547
1553
1542
1549
1548
1552
1407
1545
1137
1517
815
1461
1543
1550
1535
1532
1527
1545
1548
1547
1434
1550
1533
1551
1546
1547
1549
528
1537
1371
1542
619
818
1540
1561
659
1530
1274
1547
1536
1118
1542
1550
1547
1546
1544
1549
909
1537
1547
1558
1548
1535
1550
1554
1546
1551
1411
1552
421
1551
1549
1549
1546
1539
1517
1547
1548
1546
1550
1547
1552
1550
1553
1536
1550
1548
1548
1542
1546
1544
1449
1482
1548
1543
1542
517
1210
1543
1552
1536
1566
1539
1548
1545
1552
1551
1541
1545
1536
1430
1529
1527
1551
1549
1526
1546
1466
1540
1550
1488
1547
872
1543
1532
1539
1548
1544
1548
1549
1553
1541
1545
1528
1552
1551
1543
1169
1554
1546
1555
1553
1552
877
1527
1545
1551
1518
1533
1554
1538
1554
1536
1518
514
1539
1533
1533
1550
889
1131
1549
1541
1553
1466
1548
1548
1550
1551
914
1551
1478
1548
1555
1547
1548
1546
1541
1549
1552
1542
1532
1537
1534
1544
1548
1547
1548
1547
1538
1550
1502
1541
1538
1555
1548
1548
1547
1543
1535
832
1551
1539
1543
1555
1536
295
1557
1548
1519
1547
1360
1542
1549
1539
1551
1551
1543
1516
1550
1552
1547
920
1543
1550
1552
1549
816
1543
1550
1531
1546
1551
1549
1546
843
1545
1555
1552
1555
1538
1549
925
1548
1538
1542
1550
1550
1550
1546
1551
1536
1550
1540
1544
1551
1545
1549
1545
721
1554
1543
1534
1551
1553
1553
1022
1549
1554
1548
1540
1546
1546
1554
1520
1539
1547
1544
1545
1545
1549
1549
666
1549
1550
1546
1554
1547
1435
1544
1551
1547
1544
1547
1208
1549
1537
1547
1547
1547
1548
1550
1551
857
1534
1551
1541
1537
1555
1549
1543
962
1547
1551
1549
1543
1532
1547
1550
1550
1546
1544
1530
1068
1556
1268
1540
1549
1402
905
1550
1547
1543
1559
1545
1549
1547
1550
1546
1545
1533
1549
734
1545
1547
1557
1548
1556
1537
1544
1532
1545
869
1543
1549
1309
1553
1535
1554
1551
1423
1544
1340
1527
1551
477
1549
1541
1544
1550
1550
1271
1557
1548
1547
1548
1543
1548
1551
1535
1110
1551
1548
1541
1543
1545
1541
1548
1111
1422
1547
1535
1542
1547
1545
1553
1545
1555
1541
1544
1548
1542
1550
1554
608
1528
780
1558
1551
841
1543
867
1536
770
1543
1551
1521
1545
1547
1562
1538
1336
1047
1544
1551
1546
1546
1550
1548
1432
1550
1557
1553
1544
1548
1545
1517
1532
1550
1540
1545
1429
1550
1550
1533
1548
1363
1533
1550
1549
1552
1552
1540
1552
1548
382
1551
1548
1512
1550
1550
1549
787
1557
1550
1541
1545
1547
1546
1549
1555
1514
1553
802
403
1551
1550
1555
1550
1544
1546
889
1555
1535
1549
1552
1555
1546
1531
1549
1551
1548
1546
1541
1544
1544
1547
1550
1546
1538
1534
1550
1534
1553
1540
1535
1547
1545
1536
466
1553
1537
1527
1366
1547
1549
1547
1553
901
1536
1552
1539
1550
1551
880
885
1549
1541
1542
1547
1520
1545
1554
1113
1550
1541
1549
1548
1547
1550
868
1546
1549
1552
1537
1557
1551
1526
1550
1546
1522
1553
1536
1546
1552
1536
1408
1534
1550
1548
653
1550
1545
362
1545
1553
1550
1535
1550
1296
1553
1549
1555
1014
1549
1560
1552
1555
1548
1545
1543
942
1551
1546
1546
763
1532
1526
1548
1549
1548
1542
1550
1550
1547
1542
1545
1556
1540
1555
1552
1533
1539
1539
1348
1547
1549
1549
1550
1552
1547
1556
1545
1542
1533
1554
1547
1544
1552
1544
1515
866
1542
1542
1549
895
1549
1535
1396
913
1537
1542
1554
1552
365
1532
1554
1550
1544
1552
1554
1548
1547
1538
1519
1550
1498
1547
1541
884
1545
1503
1546
1553
1549
1553
1556
1533
1549
1547
1369
1523
1549
1553
1272
1544
1516
864
1546
811
1547
1546
1549
1547
1555
1554
874
1556
1537
1549
1548
1545
1551
1552
1547
1398
1556
1546
1552
823
1553
1547
1551
1540
1548
1546
1403
1549
1538
1547
1513
1532
1545
1546
1548
1549
487
1532
1539
706
908
1544
1551
1547
1558
1548
1552
1542
1551
1526
1547
1517
1089
1548
1554
1538
1530
1538
1551
1546
873
1554
1552
1507
906
879
1555
1546
1532
1539
1545
1538
1550
1398
1556
1547
1541
1543
1550
1537
1553
1549
848
1530
1541
1549
1543
1551
874
1539
972
1545
1401
1551
1552
1552
1531
879
1553
1534
1554
1248
1551
1548
1534
1547
1547
1543
1538
1549
1547
1552
1548
1547
1553
1549
1534
1551
876
1548
1517
1548
1539
1562
1539
1536
1514
1547
1546
1171
1548
1528
1550
1533
1534
1544
1553
1202
1549
1541
1553
1467
831
1546
1554
1553
441
886
1548
1548
1547
888
1545
1547
1538
1551
1338
1480
881
1543
1547
1546
1552
804
1549
1555
1550
1546
1547
1553
292
1537
1492
1548
1551
1549
1548
1546
699
1541
1546
1550
1546
1515
1540
1554
1552
1549
1547
1547
1542
1546
1546
1449
1545
1533
1554
1544
1552
1556
1548
1537
1527
1551
1536
1509
1500
882
1545
1549
1549
1551
1099
1545
1554
1548
1541
1551
1540
1543
1552
1548
1549
1549
1547
1551
1550
1548
1550
1548
1551
1142
1547
1553
1524
1541
1514
1551
1543
1527
1550
1550
1550
1552
1412
1519
1550
894
1546
1533
1551
1541
862
1547
1553
1538
1551
1545
1546
1547
1546
1549
1554
1539
1549
1521
1552
1555
961
1532
1549
1552
1549
1548
1538
1548
1546
1554
1554
1556
1548
1545
1553
1548
1544
1549
1557
1554
899
1544
1541
1550
1552
1552
1549
1546
1551
1542
1551
1510
1552
1558
1545
1235
1551
1551
850
1550
1544
1544
582
1547
1545
1559
1540
1550
1557
1551
1551
1548
1552
1557
1083
1554
1547
1541
1551
1550
1552
1547
1548
1550
1551
1489
1504
1218
1544
1547
1545
1551
1541
1541
1545
1550
1542
1545
1552
355
1541
1549
1550
1537
1545
1519
1500
1515
1544
1538
1536
1545
1552
1540
1521
1536
1554
1553
1545
1546
1526
1545
1540
1551
1549
1548
1550
1551
1336
1545
1551
1557
1546
1497
1555
870
1554
1557
1534
1540
1547
1552
1547
1550
1531
1542
1555
1544
1556
1549
1540
1537
1548
1544
1551
1155
1568
1558
1533
1552
1544
1550
1459
1538
1539
1550
1538
996
1554
1539
1549
1549
1545
1495
1552
1535
1544
1553
1396
1555
1558
1550
1540
1539
1553
1537
1541
1520
1548
1548
1535
1534
1176
1549
1550
1544
1539
1548
1555
1549
1546
1551
1537
951
1551
1545
1478
1550
1522
1533
1545
1546
1549
1546
1545
1549
1550
1541
1539
1522
1547
1546
1553
1549
1553
1550
1549
1552
987
912
1544
1432
1541
1241
1550
1551
1550
1550
1547
1546
1546
1274
1545
977
1541
1551
1551
1537
1549
778
1562
1550
1532
1547
1549
732
1542
1552
1550
1547
1534
1545
1547
1550
1230
1548
1550
1548
1540
1551
1530
1544
1542
888
1511
1556
1549
1540
1552
1546
1532
1551
1551
1548
1551
1530
1547
1538
1555
1547
1554
1542
1557
1549
1553
1546
1548
1556
450
1550
1531
1549
1551
1547
1555
1546
1545
1554
1543
1554
1565
1547
1544
1552
876
1546
1542
1546
1533
1540
1544
1529
1538
1531
1538
1040
1544
1550
1552
1546
1545
1549
1533
1551
1546
1557
1359
1537
1530
1553
1545
1551
1548
1554
1546
1553
1545
1370
1551
1541
1200
1546
1551
994
1547
805
1536
1554
1541
1543
1551
1541
1538
876
1552
1545
1555
1530
1545
1549
1545
1540
1544
1547
1521
1550
1547
1545
1549
1548
1538
880
649
1538
1542
1550
1540
1551
1552
1538
1535
881
1539
1548
1543
1457
1537
1558
1526
1540
1520
458
1553
1013
1546
1544
1491
1550
1366
1534
1540
1548
1555
1558
1529
1539
1551
1554
750
1526
1550
1549
1551
1533
1556
1542
1543
1543
1538
1543
1525
743
1552
1526
1516
1553
1547
1553
1540
1522
1060
1548
1493
1107
1532
1545
1548
1539
1543
1544
1548
1548
1545
1554
1554
1553
1201
1545
1545
1554
1539
1544
984
1540
1551
1548
1535
1541
1414
1549
1308
1256
1550
1548
1556
1553
1539
1551
1552
1530
1538
1542
1548
1549
295
1548
1546
1549
1548
1538
1549
1548
1544
1543
1549
1545
1545
1547
1536
1545
1204
1553
1553
1555
1544
1547
1555
1544
1552
1550
1551
1541
1543
1547
1545
1443
1551
1549
1398
1539
1549
1532
1555
1555
1543
1544
1542
1555
1542
1549
1550
1537
1552
1545
1561
1550
1540
1551
1547
1547
1549
1549
1542
1553
1530
1054
1547
1554
1546
1544
1531
1547
1548
1546
1528
1548
1550
1542
1542
1547
1540
1550
1547
1549
1554
1555
1544
1553
1550
1434
1545
933
365
1552
1550
1544
1548
1549
1283
1539
1539
1552
824
1546
1542
1529
1520
1544
1551
1545
1538
849
616
1551
1550
1543
1551
863
1491
1552
1535
1403
1545
1539
872
1533
1548
1548
1547
1097
1551
1548
1546
1550
1545
1545
1556
1546
1539
1555
1547
1547
889
1540
1531
1533
1544
1556
1553
1539
1534
1554
1549
1545
805
1541
1550
1543
1549
1549
1545
1551
1542
1547
1551
1547
1522
1552
1531
1547
1541
1552
1547
1540
1548
1543
1547
1553
1134
1307
1553
1552
1543
1551
1539
1522
1550
1548
1548
1546
1443
1545
1548
1551
1544
1545
1479
1534
1554
1552
1240
1480
1547
1540
1023
1543
1555
650
1556
1548
1535
1551
1553
1519
1545
1518
1550
1548
1548
1549
1548
736
1541
1240
963
875
1543
1550
1544
1554
1549
1546
1545
1544
1550
1542
1549
1551
1538
1550
1550
1547
1539
1546
1533
1549
1557
1542
1544
1550
1532
1560
1545
1540
1162
1544
1543
1545
1549
1552
1546
1547
1552
1554
1539
1539
1546
1535
1540
1546
1550
1545
1534
1553
954
1546
1546
1547
1552
1542
1556
1546
1554
1556
1224
1550
1515
1039
1557
1547
1530
1390
1547
1547
1533
1556
1530
1550
1527
1536
1538
1550
1553
1521
1552
1553
1537
1101
1550
1549
1552
1545
1550
1554
1557
1547
1541
1550
1550
1545
1566
1551
565
1550
1549
945
1545
1547
1550
1537
1547
1542
1554
1547
1541
1550
1549
1549
791
1545
999
1551
1557
1550
1553
1546
1537
1549
1532
1544
1547
1541
1541
1546
1549
1541
1551
701
1556
1527
1549
1559
1546
1533
1533
1557
1548
1544
1532
759
1557
1550
1514
1553
1547
1550
1547
1546
1551
1551
1546
1535
1543
1505
1537
1516
1535
1549
905
1545
1555
1531
1552
1551
974
1548
1550
1534
1550
1553
1547
1553
1549
1550
1545
1529
1534
1544
1538
1546
704
297
1536
1505
1553
1550
1549
1545
1545
1548
1550
1549
1390
1546
1548
1526
1541
1553
1545
1548
1554
1535
1555
1526
1549
1546
1474
1545
1542
1550
1545
1556
1553
1552
1551
1549
1533
1550
1534
1542
1091
1556
1545
1533
1534
1550
864
1548
1534
1546
1546
1544
1565
1536
1550
1553
1535
1544
1540
1542
875
1550
1541
1556
625
1552
1555
1552
1550
1548
1482
1536
1555
1538
1552
1553
1551
1551
1533
1515
1543
1551
1552
1547
1555
1538
1545
1532
942
1538
1529
1550
1551
1552
1546
1545
1549
1548
1016
1546
1547
1548
786
1550
1350
1546
1553
1136
1549
1536
1554
1539
1546
1548
1547
1527
1535
1550
1550
1547
1547
920
1554
1551
1568
1560
1552
1552
1426
1531
1542
1533
1522
1554
1542
1550
1540
1539
1551
1547
1548
1552
1548
1553
1551
1545
1545
1550
1546
1551
1542
1549
1542
1548
1551
1531
1537
1536
1551
1529
1546
1548
1540
1555
1552
1546
1535
1549
1549
1549
1550
1550
1334
1557
1533
1544
1556
1548
1544
1550
1551
1547
1483
1544
1550
1552
1552
1550
1544
1546
1552
1551
1536
1548
1545
1557
1539
1546
1545
1546
1308
1551
1549
1552
1548
1547
443
1528
1551
1545
955
1542
1545
1549
1545
1555
1547
1547
1534
1545
1532
1551
1539
1549
1546
1551
1539
1553
1540
1389
1146
724
1546
1547
1546
1540
1554
1553
1557
1547
1255
1531
1552
1557
1548
1551
1541
1548
1545
1535
1543
1553
1094
1553
1548
1547
1540
1522
1551
1549
1548
1543
1548
1542
1541
1552
1547
1554
1546
1549
1547
1551
1543
1552
1550
1527
1547
1128
1550
1544
1552
1547
990
1073
1446
818
1549
1418
1293
1544
1547
1555
1556
1545
1472
1547
1549
1542
490
1549
1543
1457
1552
1541
1530
1551
1535
1539
1536
1551
1550
1546
1435
1548
1547
1548
1552
1531
1556
1547
1548
800
1547
851
1539
1552
1545
1548
1557
1553
1551
1524
1549
1540
1540
1549
1542
1548
1547
1548
1514
1546
1559
1539
1553
845
1546
1545
1525
1534
1552
1545
1543
1548
1550
1546
1519
1533
1547
1551
1546
1541
1551
1544
1551
1547
1148
1537
917
1554
1545
1548
1471
1547
1548
1544
1548
1538
1547
1549
1549
1552
1544
1543
1553
1547
1356
1553
1546
1539
1528
1551
1542
1386
1549
1544
1552
1544
1537
1152
1540
1543
1549
1540
1548
1554
1542
1542
353
1518
1341
1553
1536
974
531
1542
1555
1538
1540
1551
1533
1553
1547
1523
805
1552
1550
1555
1549
1550
1500
1540
864
1556
1544
1537
1044
1548
1539
1554
1551
1550
1548
1547
1548
1550
1540
1549
1545
1544
1554
1552
1549
409
1547
1495
1538
1545
1549
1571
1551
1539
1546
1550
1550
1532
1556
1543
1473
1547
1549
1542
1550
1540
1540
1543
1241
1548
1524
1550
1544
1538
1537
1513
804
1550
1295
1544
1530
954
1032
1549
1545
1528
1552
1549
1551
1540
1550
1551
1536
1542
1546
1550
1555
1550
1541
1555
1553
1550
1550
1522
1545
1547
1546
1545
1541
1547
1545
1554
1517
1549
1548
800
1550
1552
1545
1538
1550
1534
1547
1555
1541
1553
1544
1549
1549
1543
1538
1550
1549
1551
1047
1545
1550
1555
970
1539
1546
1534
1552
1545
1547
1554
1549
563
1546
1552
1538
1546
1551
1546
1552
1543
1540
1532
1540
1551
1269
1543
1530
1551
1528
1476
1536
1545
1536
1561
881
1553
1543
1554
1550
1546
1551
1528
1548
1551
1550
1546
1551
1542
1550
1538
1285
1548
1546
1549
325
1546
1557
1551
1546
1553
581
1551
1550
1535
1549
1542
1547
1556
1345
1545
1531
1483
747
1548
1553
1549
1542
1554
1549
1551
1546
1548
1549
1549
1549
1534
1546
1109
1554
1549
1554
1546
1544
1555
1555
1554
1336
1545
1551
1550
1546
1544
1516
1551
1547
1531
1554
1546
1538
1538
1544
1545
1548
1553
808
1546
1549
1512
1531
1550
1549
1537
1389
1216
1550
1536
1550
935
443
1547
1511
1547
1546
1521
1552
1543
1548
1547
1544
1537
1548
1545
1547
1549
1551
957
1555
1546
912
1553
1553
756
1548
1394
1552
1548
1549
1548
1532
1534
890
1549
1548
1533
1543
1552
1549
1548
821
1539
1545
1542
1547
1550
1558
1555
1534
1544
1559
708
1544
1537
1544
1537
1549
1407
1542
1121
1538
1546
1537
1544
1548
330
1546
1546
1568
1546
1541
1550
456
1545
1552
1553
1541
1549
1537
1538
1552
1551
1551
1555
1551
1526
1553
1533
1538
1546
1548
1557
1550
1550
1552
1516
1550
1552
1550
1549
1551
1547
1552
1548
1533
1545
1471
1544
1549
610
1550
1546
1555
1546
1540
1555
1552
1545
1313
1542
1542
1544
1537
1548
1522
1557
1534
1541
1545
1547
1535
1522
1543
1544
1546
479
1552
1549
1550
1548
1539
1556
1552
1549
1532
1545
880
877
1542
1534
1526
405
1099
1540
1542
1549
1316
1543
1546
1551
767
1553
1551
1546
1553
1555
876
1546
1538
1541
1547
1538
1540
1490
1534
1554
1547
1547
1541
1548
1542
1550
1548
1549
932
1542
1545
1541
998
1554
1536
565
1240
1522
1540
1543
1520
1550
1291
1519
1548
1551
1550
1539
1352
1530
1551
1554
1543
1536
320
1546
1550
1546
915
1552
1551
1544
577
1544
785
1531
1559
1535
1547
1548
1545
1542
1537
1548
1063
1555
773
1539
1545
1554
880
840
1554
1550
1530
1542
1531
1548
1550
1551
1545
1548
1533
1532
1211
1553
1547
1534
1545
1554
1549
1542
855
1547
1545
1550
1553
1556
1554
846
426
1548
1544
1028
1526
1546
1552
1546
1453
995
920
1537
1549
866
1547
1566
1542
1550
1549
1537
1555
1541
1531
1543
844
1550
908
1548
1549
1547
1543
1550
1548
1536
1544
1548
1510
1519
1541
1537
1546
1550
1554
1550
1245
1547
1519
1547
1549
1550
1549
1548
1549
1561
599
1549
1335
1539
1540
930
1555
1534
971
955
1542
1544
341
1530
1542
1546
1554
1544
1541
1549
1541
1551
1547
1531
849
1125
1534
1546
1546
1543
1543
1548
1548
1557
1538
1546
1550
1528
1551
1552
1552
1523
1551
1542
1129
1549
1543
1394
1524
1540
1548
1547
1544
1532
1517
1549
1542
890
1550
1537
1552
1553
1547
1550
1561
1551
1553
841
1546
1553
1546
1547
859
1536
1547
1541
1549
1550
1542
1543
1555
1557
1545
1543
1546
1548
1554
1538
1553
1548
1485
1532
1538
625
1545
1552
1544
1548
1551
1538
1548
1538
1547
1541
1550
1537
1518
1551
1522
1548
1546
1548
1529
1518
1553
1551
1547
1537
1551
1549
1539
1547
1549
1550
1513
1560
1551
721
1547
1551
1551
1542
1530
1536
1545
1250
1546
1548
1234
1552
1534
1524
879
1552
1539
1535
1551
1546
1547
887
1552
1546
777
1541
889
1548
1548
1548
784
1548
1545
1554
1544
1549
1539
1549
1545
1316
1545
1556
1544
1548
1544
1552
1543
1546
1546
1536
1545
1536
1536
1552
1549
1550
1526
1541
1553
1546
1547
1550
1547
1546
805
1552
1546
1399
1550
1550
1523
1539
1542
1544
1551
1552
1552
1540
1556
1539
1543
1539
1548
925
1550
1542
1545
908
1548
1554
1549
1544
1546
1545
1545
1551
1538
603
1553
1499
1527
1545
1518
1550
1551
1540
1533
1537
884
1534
1546
940
604
1529
1538
880
1555
1552
1548
1538
979
1549
1540
1550
1547
1538
1552
1534
1551
1542
1203
1538
1543
1542
1551
1539
1337
1545
1553
1545
1548
1551
1420
1549
1546
1551
1548
1550
1551
1547
1547
1548
1538
1543
1551
1551
1552
1544
1240
1539
1545
1432
1534
1539
1550
1553
1215
1544
1550
1528
1544
1313
1532
1551
1538
1547
1549
1543
1544
1546
1554
1549
1548
1552
1546
1549
891
1548
1521
1551
1532
1546
1553
1550
1554
1543
1552
510
1536
1552
1536
1551
1321
1540
1543
1551
1546
1546
1530
1441
1542
1556
1555
1236
1167
1540
1538
1555
1548
1543
1544
1543
1542
1535
1542
1391
1544
1544
1545
1548
1132
1543
977
1552
1509
1532
1548
1536
1551
1540
457
1547
1558
1555
1549
1557
1548
1550
1550
1551
1384
1533
1539
1548
1107
1550
1534
947
1550
1549
1548
1555
1536
1546
1542
1553
1553
1545
1542
1543
1218
1554
1543
1495
1550
1554
1533
1549
1547
1549
1543
1550
1549
1554
1546
1537
878
1550
1551
1547
1549
1546
1544
1548
835
1545
1549
1548
1548
1549
1552
1535
1447
1536
1033
1545
1550
1549
1548
1547
1556
1546
1140
1531
1541
709
375
1540
1549
1550
1540
1571
1553
1540
1555
1550
1547
985
1539
1547
1005
1547
1556
1522
871
1062
1215
1550
1544
1550
648
1548
1549
1545
1552
1541
1538
1546
1545
1204
1544
1547
1548
1097
843
1545
1541
505
1543
1545
1551
1544
1537
1546
1551
1553
1549
1541
1558
1548
1545
1545
1546
1551
1553
1544
1548
1551
1544
1538
1549
555
1541
1547
1549
880
1534
1555
1550
1549
1542
1553
1550
1553
1546
1546
1540
1535
1552
1553
793
1545
1559
1300
1546
1547
1546
1539
1542
1545
1552
1535
1543
1549
1397
1537
1546
1547
1550
1546
1531
1532
1521
1544
1539
887
1547
1551
1547
1498
545
1552
1540
1541
1526
1541
1553
1545
1551
1547
1545
1523
1551
1535
1547
1536
1546
1265
1506
1555
1550
1549
1553
1537
1534
1532
1548
1513
1543
1544
1551
1549
1545
1529
1540
1540
1550
1549
1432
1513
1554
881
1534
1515
1529
1543
1547
1547
1545
1549
1536
1545
1554
1302
1532
1533
1538
1537
1548
1548
1110
1545
1533
1548
1545
705
1551
1547
1327
1547
1548
1537
1546
1542
1553
1546
1542
1529
1551
1538
1334
1548
1546
1551
644
1552
1135
1546
1547
1554
1545
1547
1038
1550
1546
872
1553
1546
1544
1537
1550
1526
1553
1550
1551
1550
1539
1536
1548
1533
879
1551
1546
1551
1549
1544
1540
1556
1553
1553
1547
1548
1528
1548
1549
1560
735
1553
1538
1542
1550
1554
1421
1550
1539
1477
1528
1546
1555
1554
1542
1549
1545
1550
309
1553
1548
1415
875
806
1531
547
1544
1542
1542
1544
1539
1542
1527
1553
1549
1553
1554
1556
1553
1532
1558
1529
1549
1549
1545
1557
1533
1551
1549
1547
878
1543
1443
1543
1557
1540
1530
1542
1543
1509
1544
1551
1542
899
1545
1493
1551
1547
1554
952
1547
1557
678
1549
1539
1546
1547
1550
1554
1552
1516
1558
1534
1544
1555
1548
1523
1554
1551
1549
882
1550
1553
906
1550
1326
1545
1310
1551
1541
1540
1535
893
1546
1532
1553
1558
1466
1551
1544
1552
1547
1552
1545
1546
1538
1553
1549
931
1465
1552
1540
1554
1546
1547
1535
1426
1533
1539
1065
1544
1550
1550
1549
1544
1554
1543
1545
1544
1541
1549
1548
1553
1540
1556
1549
1542
1552
1552
1550
1549
1539
1560
1552
1550
1547
1553
1550
1550
1549
1540
1543
857
1555
1003
1554
1548
1547
1096
1542
1535
1550
1552
1556
1548
1550
1063
1547
1517
1493
1549
1550
1552
1534
1526
1549
1550
1544
1548
1547
936
1545
938
1551
1549
1546
1556
1548
1536
1554
1546
1553
794
1549
1142
1553
1551
1264
1547
1547
1530
1540
1547
1532
1551
1548
1080
1547
1552
1544
1544
1306
1549
1540
1544
1545
1538
719
986
1547
1550
1544
1551
1530
1500
1520
1544
1542
1545
1549
1536
1547
1552
1538
1551
1549
1520
1546
1556
1543
1542
1546
1551
1544
1557
1546
1555
1548
498
1550
1549
1547
1541
1518
1552
1555
877
1552
1521
1548
1545
1552
1404
1543
1321
1542
1551
1551
1100
1552
1550
1547
1553
1547
748
1551
1543
1544
1549
1546
1551
1543
1562
1547
1549
423
1532
1488
1552
1549
1545
1531
1549
1534
1188
1540
1542
1555
432
1460
444
1545
1546
1548
1550
1560
1534
1554
306
1547
1551
1548
1547
1547
1547
1550
1541
1550
1543
1548
1553
1543
1548
1545
1545
960
1550
1542
1547
1546
1480
1513
1129
1550
1544
1547
1543
1552
1547
1549
1561
1547
1284
1551
1544
1549
1546
1542
1543
805
1556
1548
1548
1543
1487
1478
1551
1548
1547
1558
1556
1553
1548
1550
1545
1548
1551
1551
1536
1542
1550
1545
1545
1551
1536
1548
1553
1547
1554
997
1551
1547
1544
1149
1552
1552
1535
1542
1547
1548
1554
1180
1362
1532
1554
1547
1545
1549
1119
1547
1545
1540
1331
1548
1363
1550
1546
1548
877
1552
1399
1552
1547
1553
1534
1537
1517
1545
1047
1543
1547
1531
1549
1545
1543
1544
1538
1545
1537
1544
1534
1549
1544
1544
1543
1550
1554
1556
1544
1551
1548
1547
619
1545
1546
1542
1473
331
1548
1555
1544
1552
799
1549
1529
1547
1553
1545
1552
1412
1546
1549
1188
1549
346
1552
1545
1547
1545
1533
1551
1522
1551
816
1541
1550
1553
1546
1541
1501
1553
1542
1339
1538
1545
1557
1550
1533
1550
1540
1547
1549
1444
1523
1546
1548
1551
1556
1548
1551
1544
1545
1543
1540
1549
1555
1547
1546
1550
1550
1551
1536
885
1550
1552
1551
1546
1532
1546
1552
1328
1545
1550
1548
1553
1551
1546
1547
1543
1544
1550
1539
1550
828
1529
1549
1555
1549
1551
1552
1544
1540
1551
1547
622
1548
1550
1552
1049
1542
1552
1547
1547
748
1541
1550
1536
1551
1434
1554
1396
1542
1551
1551
1551
1543
1547
1546
1546
1545
1542
1556
1549
313
1552
1547
1413
1539
1551
1509
1535
1545
1551
907
1552
1551
1520
1555
1397
1544
1543
1554
1552
1551
1552
884
1554
1545
1547
1541
1550
1539
1178
1547
1542
1550
1550
1550
1548
1555
1548
788
1552
1519
1547
1546
1536
1548
1562
1549
1553
1550
1552
1550
1551
1546
684
1545
1549
1403
1546
1548
1549
1555
1544
1547
1546
1071
1550
1543
1535
1551
1148
1552
1537
1548
894
1359
1534
1546
1536
884
1546
1551
1543
1036
1543
1547
1557
1551
1550
1556
1551
1554
1552
1470
1552
1543
1541
1550
1546
1550
1546
1551
1547
1531
1514
1554
1546
1545
1545
301
1550
819
1548
1545
1107
1547
1553
1538
891
1542
977
1546
1551
1554
597
1552
1551
1552
1551
1549
1385
1550
1546
1543
1548
1533
1542
1539
587
1543
1544
1503
1525
1548
1546
1543
1539
1540
1422
819
1546
1543
1557
310
1536
1556
1549
1544
1545
878
1447
1548
1549
1550
1550
1551
1548
1548
1530
893
1470
1523
1550
1537
1202
1554
1545
873
1537
1554
1548
1552
1552
1546
1544
1548
941
1535
1551
1533
1554
1549
1546
1549
1553
1543
1537
1551
887
1546
1549
1491
987
1537
1553
1542
1550
1541
1543
1550
1544
1551
1531
1544
1555
1548
1514
1549
1545
1549
1551
1544
1533
1553
1540
1555
1515
1551
1542
1517
1546
1531
1554
1552
1508
1528
1542
1549
1545
1548
1557
1538
1549
1547
1513
1534
1553
1556
1108
1546
790
1557
1546
1550
1545
1542
1551
883
1557
510
539
1552
1554
1547
1547
1551
1546
1545
1551
1543
1545
1550
1314
1154
1539
1553
1539
1543
1546
1548
1544
1540
1545
1550
1545
1536
1542
1533
1554
1551
1543
1555
1516
1550
1550
1543
1539
1549
533
1548
1546
1546
1549
1545
1545
1550
1551
1550
1549
1534
1508
1549
824
1554
1547
1552
1547
869
1549
1552
1548
1541
1539
1178
1551
1544
1554
1546
1550
920
1539
1543
1546
1551
1546
1544
1547
1539
1546
1544
1552
1542
1543
1534
1495
1547
1186
1545
1546
879
1551
1533
1546
1550
926
1545
1545
1553
1543
1552
842
1467
1551
1551
1552
1548
1551
1550
1546
1553
1490
1269
1551
903
1553
1554
1546
1551
1529
1497
944
1548
349
1545
867
1545
1541
1535
1545
1537
805
1547
1523
1546
1549
1549
1554
1555
1548
1545
1544
1557
1552
1546
1560
1544
1549
1554
1541
1553
1547
1542
1054
1537
1548
1545
1570
1549
1546
1552
1545
1549
1536
1549
1538
1260
1548
1547
1547
1545
532
1548
1543
555
1548
1535
1547
1549
876
1546
1551
1553
910
1553
1551
1230
551
1552
1537
1477
1546
1544
881
1543
486
1536
1551
1547
1527
1550
1536
1550
1546
1549
1544
1548
1554
1552
1550
1550
1549
1547
1550
1548
1502
1547
1541
1550
1555
1546
1531
1477
1556
1550
1542
1545
1552
1549
1479
1555
1547
1553
1536
1532
1530
1553
1547
1556
1546
1550
1539
1535
1550
1548
1551
1547
1548
1541
1552
1546
1552
1550
1551
1556
1548
1531
1001
1546
1553
1475
1548
994
1549
1546
1540
1545
1543
1526
1551
1551
1540
1537
1555
1536
1545
1551
1050
1034
1548
1546
1109
1545
1449
1548
1552
1539
1551
1543
1552
1548
1538
1553
1539
1554
1553
1548
1547
1542
1540
1549
1544
1547
1525
1501
1099
1542
1549
1553
1550
1540
1547
1306
1548
1555
452
1545
1490
1547
1545
1544
1549
1550
819
1547
877
1548
1547
1548
713
1554
1555
1552
1546
1514
1551
1490
1552
1552
1546
1538
1543
1553
1544
1537
1552
1519
1553
1547
709
1545
1539
1549
1247
881
1537
1532
1557
882
1548
1550
1543
1549
1536
1551
1558
1548
1549
1556
1547
1551
1469
1471
1550
1557
1546
1543
1552
1547
483
402
1545
1538
564
416
1549
1552
1546
1545
1552
1542
872
1547
1142
1416
1548
1550
1552
1544
910
1301
1541
1272
1552
1487
1551
1547
864
1555
1556
1550
1549
1551
951
1538
1549
1552
1544
1539
1552
1551
1408
1545
1486
1549
1548
1549
1548
1553
1542
1518
1550
1557
1543
1554
1549
1543
1546
1541
1551
1549
1552
792
1522
1535
1548
884
1549
1529
1532
1545
1190
1546
1548
1552
1554
1551
1547
1547
1002
1557
1530
1554
1552
998
1552
1547
1548
1545
1501
1550
1552
1547
1550
1537
1536
1554
1549
1548
1552
1371
1552
1545
1099
1558
1551
1543
1548
1549
1552
598
997
1554
1552
1509
380
1553
1551
1550
1544
1549
1536
1552
1536
1471
1113
1548
1506
1543
1537
1548
1543
1524
1544
1546
1408
1537
318
1547
1553
1543
1544
1531
1546
1557
1516
1550
1556
1546
1540
1549
1536
868
1548
1551
1550
1557
1545
1545
1553
1088
1531
1538
1552
1553
1551
1548
1543
1548
1331
1543
1533
1542
1549
1545
1550
1525
1542
1550
1548
1546
1547
1551
1533
1549
1486
1551
1536
959
1553
1151
1100
1545
661
1557
1534
803
1538
1539
1550
1543
1548
748
1547
442
1539
1543
1540
1546
1323
1553
1544
1533
1543
1548
1535
1548
1445
1547
1554
391
1538
1541
1546
1528
1551
877
1534
1537
1548
1548
1545
1532
1550
1544
1524
1543
1542
1549
1535
1552
1461
1551
1552
771
1553
1543
1551
1550
1553
1475
1552
1546
1551
1549
1548
1550
771
1545
1547
1555
1549
1547
1013
1549
1547
1044
1551
1542
1551
1548
1550
467
1555
1446
1549
1532
909
1543
1469
1537
1533
1531
1555
1552
1532
1538
1549
1535
1543
1552
1538
1553
1548
1465
1545
1546
1537
1542
1551
1554
835
1185
1550
1547
1545
1551
1549
1549
1545
1541
1545
1551
1544
1548
1542
1546
1545
1548
1555
1534
983
1554
1129
1547
1543
1542
1541
1543
934
533
1545
1553
1551
1549
1544
1554
1539
1533
955
1546
1333
1542
1543
1551
1548
1543
1536
1397
1546
1551
1551
1547
1552
1539
1561
1551
1536
1550
1542
1548
1544
1543
1549
1560
1549
1549
1550
1535
1531
1550
1557
1551
852
1546
1513
1552
1544
1555
1551
1541
1548
1542
1551
1551
400
1551
1535
1542
1548
1545
1549
1534
1546
1549
1489
1253
1543
1550
1546
1548
1540
1550
1520
1553
1525
1550
1555
1555
1546
1545
1554
1558
1551
1542
1546
1181
1548
1553
1535
1513
1533
1544
1547
1544
1540
1539
1546
1548
1552
1547
1548
1547
1296
1555
1543
1523
1556
1453
1546
1539
1524
1552
1554
1551
1536
1553
1398
1550
1546
923
1501
1536
1548
1552
1545
1545
1158
1453
1547
1533
1139
1551
1542
1540
1546
1544
1555
1554
1544
1550
1541
1535
1541
1550
1298
1530
1552
1550
1522
1533
1542
1548
943
1537
1554
1528
1543
730
1543
1551
1532
1548
1548
1543
1550
1532
1551
1552
1552
1442
1553
1559
1549
1552
1544
1545
1545
1546
1550
1535
1552
1550
1552
1173
1527
1551
1542
1546
1544
1412
1416
1548
1549
1545
886
1547
1522
1545
1551
1535
1550
1542
1551
1547
1539
1548
1547
1551
1547
1544
1548
1546
1534
1549
1144
1510
1544
1543
1552
1543
1214
1543
1551
1534
1550
1546
1560
1542
1555
1548
1547
1552
1541
1536
1548
1529
1553
439
1536
1533
1551
1559
1539
1554
1546
1571
1546
1537
1457
1360
1542
1541
1549
1544
1549
1552
1536
1550
1548
1547
1549
1543
1535
1548
1550
1536
1543
1553
1550
1549
1540
1549
1552
1549
1513
1555
1546
1529
1544
935
1539
1534
1542
1554
1533
1542
903
477
1530
1547
1536
1542
582
1550
1557
1548
1550
693
1546
1553
1555
1547
1547
1548
1545
1492
1546
1552
1546
1540
1549
1547
1544
1547
1548
1544
1552
1210
1546
860
1532
1556
1546
1551
1542
1534
1555
1543
1547
1536
1543
1548
1552
1542
1178
1545
1549
1548
872
1556
1545
1554
1549
1549
1552
746
1539
1544
1547
1554
1552
1546
880
772
429
1546
1550
1551
1553
921
1552
1550
900
1550
1547
1548
1549
1551
1532
1536
1547
1543
585
1538
1553
1546
1552
1547
1528
1543
725
696
792
1546
826
1551
1113
1549
1544
1374
1542
1390
1543
1546
1541
1545
1533
1548
1543
1557
391
820
1224
1539
1550
1545
1534
1545
1555
1543
1540
1543
857
1549
1536
1532
1551
462
1551
1552
1551
1549
1243
1548
1538
1553
1546
1463
1548
1540
1354
1351
1545
1545
1548
1549
1553
1547
1529
983
1566
1537
1546
1552
1552
1555
1544
1541
1543
1098
1555
1547
1553
1552
1535
1539
845
1545
1547
1406
1459
1550
1544
1549
991
1546
1545
770
1538
1548
1543
1545
998
1548
422
1549
1546
1551
1551
1216
1548
1547
1328
1520
1549
1134
1550
1551
1552
1375
1548
1541
983
1555
1554
1539
1553
1554
877
1559
1539
1536
1550
1543
1555
1546
1537
1544
1546
1541
906
1548
1551
1422
1547
1556
1530
1548
1547
1550
1446
1552
1545
1548
1549
993
1547
1554
1554
1561
1550
1360
1554
1477
1553
1423
1543
1549
1547
1552
1548
1539
1547
1553
1390
1551
1549
1551
1551
1541
1402
1549
1553
1546
1552
1525
1534
1552
1554
1543
1546
1550
1554
1544
844
1558
1008
1553
1550
1538
1546
1552
1541
1539
1549
1530
362
1548
1548
1517
1535
1548
1552
1548
1549
1552
1537
1549
1552
1550
1551
1553
1545
1551
1552
1551
1516
1546
1518
1546
1548
1553
1548
1550
1546
1550
1550
1546
1540
1550
1554
1544
1546
818
1540
1531
1546
1539
1529
1543
1538
853
1551
1515
1550
1541
1550
1556
1545
1553
928
1198
1547
1548
1542
1549
1105
1550
1549
1550
1551
1553
1553
1548
1546
1554
1547
1549
1544
1545
1549
1546
1553
1542
1546
1549
1546
1552
1543
1544
1541
1312
1540
947
1548
1548
1546
1546
1541
1556
1547
1365
1547
1548
1550
1545
1548
1546
1544
1552
837
1534
1402
1534
1544
1547
1532
1550
1545
1548
1556
1547
1547
1550
1550
1547
1546
1486
1541
1544
1543
1551
1545
1550
1554
1548
880
1550
1547
1511
1550
1548
1551
1540
1541
1550
1536
1544
1551
1545
1550
1546
1550
1544
1529
1545
1520
586
1517
1543
1544
1545
1549
1554
1546
1533
1553
1093
1552
1014
1552
1520
1548
1555
1544
1550
1551
884
1543
1549
1548
1546
1548
1533
1549
1550
1547
1345
1555
1552
1550
1550
773
1553
1546
1544
1547
1547
1547
1544
1542
1226
1547
1547
1551
1548
1436
1557
1536
1436
1541
1550
1552
1550
1542
1544
1157
1548
1545
1532
956
1473
1538
1539
877
1534
1546
1549
1541
1246
1309
1554
1544
1556
1548
1550
1550
1549
1550
1546
1547
1547
1551
1444
1547
1553
1546
1548
1549
1515
1546
1545
1539
1546
1549
1550
1539
1542
1242
1549
1543
1557
1544
1552
1549
1554
1489
1548
1543
1542
1544
1556
1550
1548
1549
1544
1533
1557
1542
1541
1548
1550
1549
1548
1031
1554
1546
1534
1466
1394
1552
1550
1550
1545
1545
494
349
1537
1540
1488
1549
1549
1546
1547
1512
1537
1537
501
1530
1553
1550
1544
1554
1464
1550
1550
1532
478
1529
982
1549
1540
1300
1550
1552
1548
1551
1435
1548
1549
1535
1541
1558
1547
1547
1541
1550
1555
1548
1538
897
1554
1556
1545
1545
1528
1558
1550
1527
1541
1553
1551
758
1547
780
1553
1548
1551
1549
1553
1554
1544
1546
1554
1550
1551
1553
1537
1547
1499
1550
1547
1551
1539
1546
1553
1533
1321
1551
1551
1548
1549
1549
1540
1546
580
877
1118
1552
1547
1549
1543
564
1547
1551
1551
1537
1529
1545
1554
1546
1541
790
1542
1538
1549
1552
1545
1543
1541
1549
1549
1549
1550
1553
1541
903
1549
1548
1543
995
1515
1559
1551
1546
1532
1557
1534
1361
1552
1541
1551
1537
1546
1550
788
1542
1547
1542
1550
1549
1549
1548
1551
1548
1544
1539
1550
1544
1535
1542
1379
1158
1552
1519
883
1552
1552
1547
876
1266
1548
1552
1547
1550
1548
1550
1549
1540
1550
1082
1550
1553
1554
1552
1553
1407
1551
1543
1544
816
1548
1544
1540
1539
1546
1553
1552
941
1549
1552
1553
1546
933
1544
1553
1550
1550
1556
1522
1550
1555
930
1546
1546
1544
1553
1538
1545
1534
1556
1265
1551
1551
1220
1540
1549
1554
1546
1546
1542
1550
922
1544
1545
1547
1544
1549
1531
1536
1547
1553
1552
1546
872
1535
1113
998
1546
1549
1547
1546
1567
1551
1540
1551
1533
1550
1541
1552
1549
1547
647
1548
1527
822
1545
1543
1540
1550
1541
1549
1557
1546
1548
1548
1523
1546
1547
1545
1551
1533
1544
1548
1550
1560
1547
1036
1555
1544
1524
1551
1537
1260
1542
829
1551
1548
1547
484
1545
1546
874
1543
1549
1546
413
1550
466
1549
1532
1549
1547
1543
1553
1551
877
1547
1544
1550
1548
1559
1549
1544
1542
1540
1546
1553
1530
1551
1545
1541
1554
1427
1296
1557
1517
1546
1547
1546
1534
1545
1551
1548
1549
1548
1420
1536
1546
1551
1543
1555
1543
1541
1555
1534
1550
1536
1552
1546
1554
1545
940
1546
1544
1547
1549
1546
1554
1551
1545
1545
1550
1542
1537
1101
1543
1547
1550
1550
1535
1543
1438
1549
1550
1539
1550
1534
1537
1544
1546
1552
1533
1553
1552
1537
1530
1544
1547
1534
1545
1552
1283
1548
1549
1559
358
1133
879
1531
1546
1506
1556
1550
1555
1541
1565
1546
1558
1541
1549
1544
1549
1553
867
1055
1549
1556
1535
1546
1555
1554
1541
1552
1544
1184
1543
886
746
1544
1525
1539
1553
1548
1552
1551
1532
1544
1550
870
676
1556
1555
1423
1549
1547
846
1548
1557
1549
1540
1548
1536
1551
1553
1208
1548
1386
1539
1522
1541
1553
1549
1554
1546
874
1547
1532
1452
1544
1546
1549
1542
1546
1552
1540
1556
1430
1551
1546
1542
1546
1550
1550
1539
1534
1548
1553
1558
1540
1548
1542
1524
1548
1551
1553
1548
1543
1550
1556
1553
1544
1535
1552
1545
1546
1556
993
998
1547
1549
1547
1555
1548
1544
1554
852
1550
1549
1548
1551
1543
1160
1477
1556
952
1548
1550
1548
1538
1554
1539
925
1530
1542
1548
1555
1554
1534
1545
1552
993
1566
1540
1547
1543
1547
1546
1551
1542
1534
1546
1543
1057
1551
1543
1549
1548
1554
1545
1540
1542
1345
1552
1541
1542
832
1550
1555
1514
1549
1548
1525
1554
1552
1459
884
1549
1549
1553
1541
1548
1545
1551
1535
1537
1534
1531
1552
1547
1547
1547
1323
1552
1531
1548
1526
1552
1543
1548
1556
1074
1550
1538
1558
1549
1552
1529
1545
552
1536
1550
1553
1546
1538
1543
1497
1550
1544
1555
906
1547
419
1548
1534
1534
1541
1549
1533
1548
816
1550
1534
944
1550
1550
1548
1546
1352
1566
1546
1360
858
1555
1550
1550
1536
1496
1550
1547
1551
1540
1553
1533
1547
1362
1553
1547
1547
1539
1548
692
1550
1549
1548
1431
1538
1551
1547
1552
1548
1546
1538
1545
1549
1540
1530
1540
1551
1546
1543
1545
862
1533
1541
1532
1538
1525
1476
1545
1551
1552
1535
1551
1398
1543
1545
1548
1542
1268
1555
1538
1551
1549
1536
1551
1545
1548
1547
1554
919
353
1536
1550
1231
1537
1552
1048
1553
1555
1206
1543
1557
1550
1549
1548
884
1121
883
1540
1556
1549
1547
1552
1553
1547
1545
1548
926
1555
1493
1501
1547
1524
1542
1548
1549
1546
1545
1555
1539
1502
1553
1555
1538
1540
1551
1541
1547
1545
1553
1537
1523
1548
1531
1542
1523
1545
1547
931
1534
897
1551
1540
1552
872
1552
1549
1545
1544
1549
953
1551
1539
1546
1068
1536
998
1537
1547
1542
1545
637
1556
1543
1538
1547
877
1056
1545
1555
1540
1549
1543
1555
1382
1548
1556
1551
1553
1547
1541
1551
1549
1545
1545
1544
1544
1530
1541
1536
1050
1547
1547
1529
1545
1547
1549
1530
963
922
1540
1557
1546
1546
1527
1551
1292
1553
1550
1548
773
1548
1542
1545
902
1548
1104
1540
1549
1549
1545
1552
1535
1549
1086
1556
1552
1550
1549
1550
1531
1549
1533
1548
1541
1493
1542
1547
1550
1553
1551
1550
1550
1564
1532
1549
1545
1549
1534
1552
919
1512
1541
1537
1550
1549
1551
1542
1546
1550
1524
1543
1551
1545
1533
1553
874
1230
1548
1550
1550
778
864
1540
1538
1550
1548
1388
1546
1546
1548
1101
1551
1551
1554
1545
1543
1545
1537
1550
1546
1519
1541
1549
1554
1546
1546
1546
1546
1549
1536
1543
1556
1249
1548
1538
1544
1130
1548
1542
1539
1543
1551
1544
1552
1552
1557
1545
1556
1548
1554
1552
1548
1543
1529
1550
1555
1549
1551
1538
1534
936
1545
1549
1547
1536
1520
1541
1551
1552
1542
1543
953
1551
1551
1553
1546
1557
1523
1551
1533
1553
541
1033
1556
1545
1547
1552
878
1542
1553
1545
1551
1536
1547
1528
1550
1548
1547
1551
1536
1544
1440
1551
1532
1538
1555
1551
1551
1548
1548
1544
1542
1558
1539
1536
1551
1541
1540
1548
1551
1546
1538
1543
1545
1550
1542
937
777
1550
1469
1536
1031
1550
1549
1541
1543
1513
1538
1546
1553
1017
1552
1547
1547
1549
926
1531
1543
1544
1550
1552
901
1547
1553
1547
1539
1553
902
1549
1550
1552
1550
997
1547
1546
1382
1554
1183
1550
1550
1540
1520
1263
1540
1551
1532
1533
1544
1551
1550
1544
1545
1539
1532
1542
1547
1554
1532
1353
1545
1507
1547
1541
1548
1538
972
1550
936
1550
1543
1489
1546
1554
1540
1551
1545
1521
1551
1554
1543
1550
1546
1551
1547
1552
1550
1548
1180
1556
1540
1553
1553
1532
1548
1549
1547
1527
1553
1553
1553
1548
1224
1545
1143
1312
1533
1530
1065
1542
1552
1547
1551
1260
1544
1546
1482
1542
1520
1551
1546
1554
477
1539
1550
1545
1543
1553
1551
1548
1554
1547
1262
1126
1535
1550
1302
1540
1518
1540
871
1552
1545
1554
1532
1549
1544
1556
1543
1541
1548
1548
1548
1554
1524
1555
1549
