3026
3015
3014
3016
2969
2973
301
243
2565
2986
2966
2924
3023
2949
3007
3001
3028
3026
246
3025
3018
3033
3044
3011
283
2785
2982
1117
2954
3012
2982
2999
2999
2105
2985
384
2986
2970
1702
3009
2996
3004
2668
2966
2998
2141
2989
3009
2966
3000
3013
3008
2996
2996
3024
2988
3016
2967
3021
2059
3012
2986
2984
2985
982
2997
2998
3017
3001
3025
3027
3005
2946
2898
2996
1415
2987
3001
2994
3023
3023
3000
2982
3023
2959
3021
238
2941
3013
2964
901
3011
3019
2987
3055
2983
2979
1878
2999
2973
3011
2959
741
3011
3015
3018
3042
3037
3021
3013
2955
3014
2979
2992
2999
2982
3011
2949
3005
3024
3016
2959
2861
3003
2995
3036
2989
2982
3004
3081
2978
3002
3032
2970
3007
3028
390
2194
3009
3040
2956
2925
2985
3064
2993
3008
1258
2996
3018
814
2979
3069
454
475
2967
3018
3014
2989
3011
2978
3009
3013
2899
3015
3009
2980
3066
2999
3007
2983
3010
2988
3036
2983
2994
1616
2984
2982
2972
2997
2995
2982
3009
2983
3003
2536
3008
421
2962
2935
2981
3005
2368
2954
3034
3046
3007
3014
3048
2996
2999
2988
3013
3018
248
3003
2992
2969
3003
2621
3011
3021
3008
3019
2962
2975
3019
2989
785
2967
2983
1695
3031
3028
2966
1113
2991
570
2911
3011
3012
2974
2999
3025
2989
3018
3002
3017
2983
2999
3008
3028
3022
3001
2991
3019
3015
3000
3020
2016
2955
3002
3024
1790
2963
3012
3001
3017
2995
2980
2993
2990
3001
3011
3026
2997
2887
3003
3019
3013
2835
3003
3019
2999
2975
3020
2982
3014
3004
3026
3011
2975
2957
2961
3000
2996
2992
2318
661
2993
3010
3040
3008
2973
2967
2985
2998
2941
2995
3006
3025
2983
3008
2979
3005
2987
2080
2978
3013
3014
2994
2993
444
2995
2990
3008
2979
3011
3017
2979
3010
2991
2981
2823
2997
3020
2360
2997
3005
2969
2990
2995
2965
2993
2978
3017
3006
3009
2985
2737
2478
2991
2984
842
3032
3017
3022
2999
3014
2227
1910
3005
2974
3007
2222
2798
2949
2957
3019
2983
2957
2994
2968
3001
3082
2945
3089
3003
2991
2969
3028
214
3003
2886
3033
3019
2931
2953
3001
2979
2819
2997
3021
3009
2826
2928
2982
2817
614
3025
2964
2964
2997
353
909
2928
2973
2970
2987
2974
3004
2062
2982
2972
2996
2987
2972
3019
371
3003
3008
1255
2987
2933
2941
2977
2877
3000
3031
3013
3004
2988
2982
3026
305
2979
3003
2988
2976
3004
3025
3018
965
2940
3021
2997
2980
2974
3016
3014
3012
2768
3026
2989
3014
3025
2973
2965
2978
3002
2281
3013
2970
3009
2974
2999
2984
2997
3015
3013
3002
3006
2983
2941
2998
3003
2964
2980
2994
3008
2472
2495
3017
3006
3083
3011
3017
3030
2688
2983
2988
2998
2986
1817
937
3000
3018
3008
2930
2988
2976
3013
2979
3030
2956
564
2971
2983
3001
2985
2972
2988
3041
523
2946
2992
2982
2968
415
3011
366
2530
2983
413
3027
2995
3010
2962
2991
2937
2969
2966
2997
223
290
2999
2988
3017
2988
2959
3000
2026
3015
2976
3031
3003
430
3010
3022
363
2932
3016
3061
3063
2999
2962
2997
3013
3010
3014
3000
2694
2966
3010
2962
2966
2988
3009
2863
2520
1684
2995
2988
2986
2991
2976
2990
2995
2966
2977
3020
3003
754
3015
1955
2996
2981
3001
2978
2963
1713
2980
3067
259
3037
2979
1663
2958
3005
3025
3025
2980
3008
3008
3001
2981
390
3002
2995
2979
1610
2999
2994
2980
2984
3042
2997
2797
2991
2995
2969
3008
2963
3002
3013
2973
808
3031
2984
2077
2982
3013
3029
3026
2975
3000
2984
3021
1726
1203
2963
2986
3007
2996
3024
3031
2990
594
2995
3014
2048
3021
3001
2971
2982
2989
2995
2972
3034
2945
2916
3014
3016
2964
3003
2979
2999
2973
3002
2971
3016
2994
3004
2962
2977
2966
1300
3015
2203
3015
3019
2983
2976
2994
2990
2978
2988
3021
3011
2977
3031
3000
2967
2995
2962
3037
2990
3009
2700
2981
3003
2998
2995
3012
2963
3000
1966
3000
2974
3017
2995
2978
2952
2984
2975
2982
2963
445
3037
3012
2963
2983
2991
3032
3028
3034
2942
2961
3012
2990
2981
2999
2971
2997
2988
3006
2987
2982
3019
2993
3023
823
2980
3017
3017
3001
2999
2950
2996
2958
2788
2974
3021
2996
2924
3027
2993
3017
3018
2932
3007
2992
2983
3029
2989
2973
2990
2959
3015
2988
2970
2980
2983
3012
2991
2991
3020
2672
3012
2969
248
3002
2985
2992
3018
2977
2997
3002
3038
3032
3052
3018
2994
3026
3013
2991
2982
3016
2999
2984
3002
2959
3032
199
2987
2994
2947
3001
3015
3016
3026
2966
3014
3018
3024
237
2795
2887
2989
3026
3004
2973
2997
2993
3003
2989
3014
2932
3019
2037
2977
3022
3003
3036
2997
2979
2986
2603
3021
2972
2991
3005
2443
2990
2981
2996
3007
2988
3013
3009
2859
2944
3012
3023
2981
2996
2987
3000
3023
3019
3000
3007
2990
3018
2984
2985
3031
1113
1796
2992
3019
3030
2983
2964
2983
2970
671
2973
2991
2972
3022
3008
2855
3003
3008
2990
3030
2972
2963
3006
2985
1197
2986
994
2990
3003
2955
2626
2992
3018
2599
3027
3001
3025
2955
2999
3010
2958
3013
2997
2969
2998
2980
1882
3022
2979
3031
2992
1257
3004
3010
2975
3049
3016
2141
3000
3005
295
2988
651
2201
3070
1466
2997
2985
2999
2990
2987
3005
2415
2979
2968
2991
2992
3010
3010
3023
722
2984
3023
2986
2986
2985
943
3026
3018
3021
3000
3024
3010
397
3015
3008
3022
2971
2998
2971
3020
2995
2989
2934
2975
2986
3017
3017
3038
3019
2996
3012
2989
3016
2969
2993
2998
2988
2934
2991
3001
815
2982
2986
2974
2992
3019
326
2955
2847
3023
1197
2937
2992
3011
2996
208
2979
2976
2979
3030
2987
2964
2964
2974
2967
3068
3008
3022
2998
2990
2977
2962
2978
3002
3012
3015
2983
3006
2975
2991
2780
2998
3074
3025
3009
2884
2992
2977
3000
2942
2992
2994
3003
2962
3006
3021
2991
1183
3002
3011
3015
2924
3021
3020
3011
2919
3027
2956
3071
2995
2963
2985
2989
2977
3037
2998
3022
2989
2992
2956
3007
2997
313
3006
2981
3006
3024
3022
2984
3018
3016
705
2994
3009
2985
2966
3002
2995
2997
3013
281
2985
3010
3016
3004
2971
3013
2981
234
2972
3028
1060
2984
858
2559
3005
3001
3020
3021
3002
2925
3023
3019
3006
2968
2974
3025
3002
2957
2993
2996
2983
3035
2963
3051
2998
2983
2995
2982
3052
3005
3038
2997
3000
3013
2956
3004
2984
2929
2545
2546
3029
2962
1821
2967
2779
3023
2972
3013
3048
2983
3025
3004
2826
3025
2982
2561
3002
2954
2995
3014
2943
2577
2991
3019
2975
3003
2969
2983
1158
3014
2985
3026
3011
2994
2999
2997
3024
2966
2950
2984
2974
3011
2990
707
2618
2980
3077
3027
2997
3012
3023
2999
3020
3015
2987
3006
3023
3037
3003
2990
2938
2956
2918
3017
3036
3005
2982
1626
3027
2997
3020
3016
2990
2985
2995
3015
2997
3001
2997
2980
3017
2991
2976
1256
1529
3031
3017
3008
3015
2987
2974
2985
2994
3004
2991
3022
2979
3003
2965
2978
2511
2089
2984
3028
2848
3027
3011
2982
2988
2994
2883
3016
2964
2975
2985
3001
3003
3006
2995
3022
2977
2999
2988
883
2982
2981
2971
3028
2986
2952
3009
2978
2987
2920
3031
2990
2914
3070
2999
3032
3005
3004
2999
2982
2972
2987
559
3018
648
3007
1113
2998
2995
2981
2993
2817
3003
3011
2977
2997
2995
3003
3036
2987
3042
2956
3024
3005
2983
2975
3021
2979
2941
2952
3024
3041
2998
2871
2995
2824
3014
3000
2993
3005
3034
2970
3003
2986
2982
3020
3091
497
3014
2996
3020
2989
2993
2972
3003
3039
2964
322
3009
2992
1054
3025
2989
2988
2985
3009
3022
3010
2958
3000
2971
2956
3010
2997
2983
2989
2910
3005
2006
2982
3020
2391
3028
3066
3023
2980
3015
3016
3011
2960
3002
3025
2988
3024
2984
2980
2977
3025
2973
3009
2989
572
2992
3011
2994
3002
3015
2997
2971
3032
3036
3017
2958
3013
2996
2973
3034
2986
2967
2974
3022
2982
3008
3034
2981
3034
2996
3038
2969
3021
2987
2999
2999
2861
3030
3003
1571
2985
2015
3010
3019
2933
3020
2971
2939
3017
2981
3003
2992
2996
2987
3014
2977
2980
2992
1055
3012
2961
3001
3004
2976
3020
2975
2971
2977
3006
2988
2976
2959
2996
3007
2973
2982
3003
3041
3007
2798
2993
3080
2995
2992
3049
1943
2958
1689
3005
258
3030
3006
3019
2948
2996
2981
3024
3069
3025
3004
3013
2998
2984
3031
1108
3033
2976
2970
2991
3015
3008
3006
2960
3001
3006
2966
2997
2988
3012
3026
2007
2970
2980
2987
2991
2967
1424
1704
2981
2959
2985
3027
2942
1253
2890
3000
3011
1666
3003
3003
3004
3022
3008
3020
2963
2991
2987
1177
2990
2967
3015
2996
3004
3016
3002
2982
3033
2989
2996
2985
2919
3010
1598
3017
3006
3006
3002
2995
1684
2996
2932
3018
2995
3003
3020
3023
2995
2987
3029
3008
2987
2994
2991
2994
410
3032
2995
3016
2967
2988
2998
3014
3009
3009
3013
2988
2974
3010
1009
3018
1424
2969
2946
2987
2995
3007
2986
3007
3017
3005
412
2988
198
3018
2893
3061
2955
2986
2997
2984
2981
2997
3019
2994
3041
3014
3016
2997
3006
2319
3005
3002
3028
2998
3004
3021
3031
3029
2990
2999
301
2926
3038
2966
2981
2989
330
3035
3006
1040
3009
2568
2999
3014
2944
3008
2999
2998
2971
2948
3002
2965
2986
3002
2966
3017
2991
2994
2755
3013
3007
2986
3023
2962
3020
2966
3015
3025
3012
3014
2961
2989
3005
2981
2764
2995
3004
3001
3022
2996
2989
3011
2967
3011
2969
2885
3035
3010
2982
3000
3006
3000
2998
1019
2325
2980
3015
2992
3005
2977
2707
976
2912
3000
3000
3015
2984
3029
3023
3054
3002
2970
3020
3022
3017
2978
3004
3032
3029
1954
3019
3004
2995
2982
2904
2086
3010
336
3009
3014
2984
3018
3249
1486
3004
3005
2966
2969
3010
2955
3014
2956
2959
3018
2956
2985
1191
2935
3016
3050
3008
3024
2982
2977
2996
2588
2982
2762
2984
2944
2974
3021
3012
3008
3006
3012
2938
3012
3005
2992
2964
2969
538
2968
2975
3075
2558
2990
3007
2948
3021
2998
3001
2970
2649
2986
2991
3004
3017
3022
2998
2923
2987
2987
3012
2968
3010
2623
3026
2977
223
3007
2163
2986
2992
2988
796
3019
3018
3024
2958
3015
2985
3038
3002
2992
2979
2980
3013
3191
2931
3017
2231
2452
2940
3005
3056
2987
3041
2997
2990
2999
2870
2984
2967
2947
2982
3015
2867
2802
903
2925
2904
3014
2993
3010
2829
2974
2996
3022
2974
2996
2973
2996
2959
3008
586
3006
2991
924
2997
3000
2968
2982
2977
2978
3015
3018
2995
2960
3003
2962
2547
3011
2551
2997
2947
2989
2998
3003
3032
3007
2761
3023
3003
3016
2989
2967
2989
2976
3010
3022
2989
3015
2993
2969
2883
2992
2965
3043
2947
3000
1939
2996
2933
2997
2981
3007
3016
2979
2863
3000
3001
3003
3000
3021
2999
2926
2999
3029
2955
3009
2956
2972
299
3005
3007
1716
3014
3005
2992
2999
2996
2988
3005
2976
2962
2923
2998
2990
2836
3009
3031
3016
3017
3014
2985
3007
3016
3022
3060
2396
2974
3006
3009
3031
3012
3000
2955
3026
2973
2966
2987
2998
1653
3010
3076
2291
3007
2597
3050
2937
3015
3022
3006
3037
2999
2997
2962
2936
2991
2959
2979
2976
3005
3039
2993
2998
2996
2966
2986
3007
2996
2998
2839
3002
2982
3008
2989
1648
2997
2990
2971
2976
2856
3000
3042
3036
3022
2964
3000
2985
3018
3088
3008
2987
3010
3009
2980
3008
2981
637
2985
3017
1606
2951
3020
2991
2991
2955
2997
1405
987
3006
2845
2948
1191
2973
3013
1798
1865
2992
2997
3009
3009
2994
2996
2990
2993
2998
1266
2966
2957
2936
3032
3008
684
3011
484
3012
3013
2985
2955
3020
2989
2961
2976
2838
3019
446
3014
2975
3007
3032
3026
2994
3007
2981
2983
3008
3024
2995
2953
2982
3044
1095
3011
2934
2990
2982
2938
2997
3037
2988
2974
2966
2323
842
2984
2056
3039
3027
3006
2965
3014
732
3021
2964
1814
2975
2975
2989
2982
3020
3029
3024
3023
2989
1215
3019
3001
3008
2965
2995
3016
3002
2986
2986
3000
3004
2042
2711
2945
2993
2975
2992
458
3048
3040
3018
3064
3069
2993
3004
3001
3035
3009
2684
3010
3026
2961
2984
2982
3019
2992
2985
3023
2986
3005
2953
2994
3065
2979
2841
2981
2982
2953
2988
2979
3015
3006
3001
545
3024
609
2990
3002
3012
258
2975
3006
484
2986
2957
3009
1946
1323
2976
2990
2942
2787
3021
2748
3016
3020
3012
2061
3012
2981
3010
3008
2981
2950
1791
3068
3009
3013
3077
2999
3020
3006
2879
2988
3025
2968
3021
2724
3000
2995
3002
3041
3033
3020
2761
2988
769
3010
3013
2970
2959
2989
2968
3026
3018
2999
2442
3020
2976
3020
3007
2989
3006
2869
2997
2665
2979
2996
2954
3002
2969
2991
2985
1001
2974
3003
2844
2978
3005
2997
505
3012
3043
2962
2930
679
2797
3018
2991
2980
3030
3017
2255
2949
2963
3019
3002
2977
2990
3023
3001
3010
2947
3005
3022
2938
3000
2947
2960
2660
3009
3002
286
2994
3016
584
2907
3004
2990
1439
2992
3029
2986
2998
3011
3010
3029
2974
2848
2970
3012
2986
3022
2996
3005
2868
3002
2970
455
2985
3000
3110
3001
2394
2964
2943
2379
3000
2597
3000
2959
3040
1201
987
2943
2981
2999
3008
2968
3006
2958
3014
2996
2984
2969
3021
3013
2940
2967
3031
3006
2979
1738
2997
3028
2995
3010
2982
2980
2989
3036
2993
1068
1720
3073
2999
2977
238
3013
2989
3213
3009
3045
3006
2972
2980
2977
2991
3012
3011
3040
2952
2993
2987
3047
3015
3002
2989
2984
2987
3001
2993
3001
1021
294
2967
2979
2249
2924
2996
3038
2982
3020
2998
2846
2993
2996
3008
2990
2964
2989
2982
2966
2799
2996
3048
3107
2949
2945
1577
2994
3009
3001
2983
2985
3061
2981
2144
2948
3027
2986
3012
2434
2981
3012
3035
3017
2981
2973
2970
2952
2965
3027
3015
2501
3038
3019
3015
3049
2981
312
3069
2982
3000
2972
2991
622
3027
2973
1333
2919
2962
2957
2972
2960
2996
2927
2124
2980
2242
2968
2993
3015
3019
3022
3084
3024
3010
3065
3024
3012
2786
2965
3004
2607
3014
2970
3007
2703
2983
2948
1733
3019
3013
2988
2931
2916
3037
3006
3004
2969
3004
3061
2979
2993
3015
3038
2989
3065
3007
2917
3009
2999
2993
2982
2967
3030
1241
3000
2996
2984
1416
2967
2999
2989
3059
3000
2983
2974
3045
2977
2988
2962
2956
3027
3020
2941
2979
2400
2945
3019
2928
695
3010
3088
2981
2992
2977
2974
2985
3008
3029
3013
2980
2844
3008
2943
3008
2995
2988
2983
3054
2985
3033
3048
2877
2964
2992
2995
2982
2770
2987
3001
3013
2967
3007
1170
2977
2991
3010
3018
2986
3005
2998
3044
2998
2811
3022
3003
2930
2919
3022
2993
2955
2967
1677
2999
2989
619
3000
2962
2991
1950
3019
3019
2943
2941
3002
3024
2879
3004
2989
2987
1587
3003
2988
2967
3009
2998
2994
3024
2960
2967
2976
2118
3011
2989
2967
3009
3040
3022
3007
2990
3021
2205
3013
3035
2936
708
3007
2920
3002
2953
3033
2977
3014
2996
1239
3030
2945
3013
2995
2994
3013
2987
1476
2134
3006
2340
2955
3029
3030
3018
3013
2526
3041
430
2990
3042
3011
2975
2986
3004
2986
2972
3023
3016
3020
2001
2990
2980
2521
622
1578
3007
2988
2812
2985
2961
2176
2971
2996
2033
3006
3001
2972
3011
1535
3010
3003
2995
2985
3007
3021
3007
3001
2957
3015
394
3097
3043
3030
2987
2999
2506
3002
550
3045
2996
3017
3002
1761
454
2970
2490
2965
2984
2999
3016
2005
3042
3004
2992
2987
3009
3062
2907
2958
2994
3025
2968
3022
2974
2969
2708
3026
2966
2986
3008
2998
1635
3018
2908
2826
2966
2988
3045
2972
3009
2918
224
2990
3004
2997
1483
2966
2972
3012
813
3011
2990
3033
2428
2790
3003
2980
2985
2606
2988
3004
3011
2988
3012
890
3006
2977
2994
2996
3034
3234
2758
3055
3055
2264
2937
2860
2992
3008
3013
2999
2976
2927
2919
2993
463
3039
2979
3011
2983
2994
2997
2997
2997
2952
2974
674
2988
2961
3018
3004
3003
3031
2988
3001
3017
2993
3001
1538
2963
2974
2992
2977
3015
2998
3004
3018
2975
3012
3002
3008
2990
2985
2826
973
3017
3004
3017
3019
3003
3027
2979
2269
3026
3023
2985
3025
3062
3005
291
2977
2952
3029
3016
2993
2990
228
3002
3016
2916
2959
3018
2997
2976
2997
2988
1447
3017
3012
2988
2969
3013
2618
2974
3026
2549
2984
3027
3014
2463
2992
2969
2851
3005
1310
2970
2884
3008
3035
3023
2977
3041
2994
2975
2914
2984
2991
3011
3002
2997
2975
2949
3004
2999
3008
2990
2997
3014
2981
3008
2944
2948
2977
2987
2900
2987
2965
2983
2960
2780
3020
3036
2982
420
2067
2991
2965
2975
2987
3007
3007
3023
3012
2909
2993
2997
2992
2968
2999
1210
3017
3023
3024
2990
2846
3022
3001
3038
3016
2148
3053
2981
2998
3001
700
2961
2959
2979
3010
2986
2983
1503
2964
3015
3013
3035
2949
2996
3028
2970
2963
2981
3021
3020
3034
3012
2970
2897
2963
3000
2957
3025
2636
2958
2997
3061
2954
2943
3003
3002
3021
2973
473
2987
2992
3008
3012
2982
2867
3039
2961
2996
2987
3002
2988
2982
2999
2962
3022
3016
2992
2946
3029
721
3042
2960
2967
2972
2993
3095
3007
3012
3013
2986
3041
2999
3024
2979
3008
2894
3008
3033
3002
2110
3015
231
293
307
2994
2992
2999
2988
2988
3027
2981
2967
3013
3007
3028
1102
3000
3008
2994
2997
3009
3033
2971
3028
2059
3026
2995
2978
2966
2927
2990
3012
2984
2983
3000
2998
2964
1718
3007
3023
3009
851
3024
2966
2022
2981
2950
2976
3013
1022
3016
3064
3031
3026
2854
2987
2966
3036
2958
2968
2982
3039
2946
3056
812
3034
2978
3016
2999
2573
3004
3027
3007
3016
3014
3008
2990
2984
2972
2916
3005
2966
2961
3018
3000
3013
3004
3009
2973
2969
919
2975
3024
2982
2992
3013
3005
2977
3018
2992
2856
3012
2988
3006
3000
3037
3032
3020
2952
2998
2956
2956
2994
3027
2975
2567
2990
2995
2993
2969
2996
2984
3001
2690
3046
2975
2987
3022
3001
474
2994
3001
3019
2985
3006
2983
3002
3042
2979
1887
3027
3016
2996
2997
2997
2963
3006
1970
3032
2919
3018
3031
3000
2987
3013
2980
3016
2991
3001
3018
2783
581
3012
2983
2990
2973
2968
1671
3000
3028
3010
1424
3018
3000
2498
3022
3003
577
2933
2988
2928
2630
1861
3016
1757
2982
3000
2893
3029
3011
2985
361
3008
2805
2978
3004
2994
3032
2977
2984
2938
2995
2998
2973
3007
2996
2983
3047
3024
2989
3022
3051
2988
2990
2924
2171
2996
2992
2994
3020
2976
3009
2979
3009
2990
3019
3015
3006
2979
2993
2877
2973
3008
3000
3008
2983
3035
2968
3006
3020
2977
2981
2940
2513
2956
1903
1402
2977
2978
2973
2966
3026
2996
3005
3011
2999
3024
2998
3025
2933
3000
2966
3025
3006
3002
2973
3009
3010
2816
2979
3044
3014
2983
3010
2984
2937
2992
3025
3013
2982
2997
3005
2977
3025
2980
2958
2997
919
2971
3002
3086
2994
3005
2947
2984
2995
3021
3004
2751
2516
2975
3012
3020
2967
3008
3028
3025
3008
2965
2894
3004
2983
3022
2979
2823
1619
1200
2964
3001
2982
3032
2952
2987
340
2985
2997
1822
2977
2947
3081
2834
2977
2988
3003
3009
3007
3002
2823
3020
2102
2996
3001
3015
2985
3016
3040
2965
3009
2976
3010
3012
2998
2791
3000
2977
2860
2991
3027
2997
2975
2968
2996
2968
3021
3057
2989
2998
3005
2984
3003
3038
3001
2978
2972
2996
2480
356
2998
3009
2983
3020
2998
3006
3016
2982
2989
2994
2991
2826
3024
335
2991
3010
2949
2938
3036
2986
2993
3035
3008
2983
3018
2973
2937
2970
2989
2977
2944
2980
2997
3015
2998
2962
2989
3008
3013
1441
2800
2967
2990
2986
2711
3010
3041
2989
2984
1337
1741
2983
2998
3017
3005
2989
319
3024
2997
3019
2990
2571
3013
264
3005
2988
3029
3008
3023
3020
1678
2999
2990
2962
3009
3027
2967
3043
3012
2982
2408
2999
2258
226
3014
2999
2992
3035
3024
3010
2989
2989
2993
2924
3010
3008
2999
2991
2993
3001
3009
3016
2995
3007
2991
3005
267
303
2996
3025
3002
3019
2959
2996
2972
3025
3009
3018
3031
3016
3032
2991
669
2919
3045
3025
2991
3016
3013
3000
2988
3064
3008
2996
2796
3024
2980
2963
2996
3077
3025
1184
2996
1847
3027
3016
3007
3009
2956
3007
3012
2986
3010
2758
2970
510
2970
3031
684
2980
3006
719
2967
2998
2995
3004
3005
2984
3006
2995
3000
2988
448
3003
2976
2977
2868
3059
2978
3040
2979
3000
3013
2162
2694
3000
686
2971
3039
3026
3001
3000
3004
2999
2990
3011
3002
3028
3007
2981
2992
1809
1390
3007
3021
3014
3017
3087
2978
3017
2982
2997
319
3010
2979
2996
2963
2969
1699
2991
2938
3017
3030
3034
1977
3001
2978
3047
1623
2300
2984
3015
2998
2991
750
3017
3007
2994
2975
2999
2685
3021
3003
3005
3011
1450
3015
2984
3004
2992
2993
3002
3016
2962
3019
2971
2786
551
2974
2983
2975
3005
388
2989
2833
2967
2994
2974
2966
2999
2977
2987
2735
3005
3004
3002
2971
3005
3035
3009
3027
2966
411
3009
2994
2969
2986
3002
2974
3044
2988
2968
2963
2977
3032
3015
2968
2942
2903
2946
3026
3014
2972
3012
2966
3005
3014
2994
2979
2937
2922
2981
3017
3004
3003
2985
2962
3056
2984
1909
3009
2928
2997
633
3016
3014
3005
3034
3016
3029
2998
3057
2969
3001
2982
2993
2975
3002
2995
3003
3000
2984
2968
2936
3007
2967
2004
2995
3004
3025
3017
3003
2956
3014
3005
3012
3033
2996
778
2998
2992
3030
3011
2993
1223
2831
3022
391
2987
3008
3013
609
2976
2987
2979
2959
885
3003
2109
3016
2992
2989
3019
3031
2992
3001
2990
2967
2973
2978
454
2932
2960
3005
2037
3095
3015
3036
2997
3042
3032
3000
2988
2984
3032
2987
2997
2994
3013
3016
3010
1659
3024
2986
2999
2915
2983
2995
2995
2986
3023
2974
844
2970
3008
2992
2268
3018
2955
1196
217
2992
3038
3034
2992
1725
2996
2977
2970
2989
3012
2978
2979
3040
3009
2974
2981
2976
2998
2007
3014
309
2992
3003
2982
3031
2975
3023
2921
2973
2929
3031
3012
3013
2836
2968
3007
3005
2986
3012
2984
2881
2963
2972
1496
2993
3030
3018
270
3037
2994
2948
3009
3015
3006
3026
2987
3063
3019
2996
2887
2976
3031
3004
2997
3036
2954
2969
2965
2996
3008
2969
2991
2988
3013
2980
2986
3017
2334
2991
2986
2036
2985
3019
3002
3037
591
696
3001
3001
725
3004
2964
2981
3002
3004
3008
3031
2961
2843
2969
2952
2977
3023
2976
3018
2882
3011
2998
3001
2983
2984
2984
2826
1354
2984
2974
2969
3004
3021
3001
3077
2969
3000
2955
3035
3013
2986
2941
2946
2977
1287
3030
1671
3001
2488
3025
3005
3018
2998
2818
2981
1620
2993
2996
3013
3029
2967
2961
2788
2998
2074
2997
2783
3022
1105
253
720
2986
3000
3023
3002
2963
2976
3012
3012
429
2956
2964
3014
3079
2991
2998
2994
3020
3037
3019
2987
2989
3008
3007
3014
2987
318
2959
213
2943
2989
2976
3006
3004
2989
2996
2923
3054
2998
2999
2996
3019
3026
3003
2950
223
296
3004
3041
2994
3022
2980
2969
3001
2998
3019
2179
2979
2910
3022
3027
2954
590
3018
2982
3006
2998
2973
3023
2980
3065
2897
3004
626
3006
2976
3019
3040
3000
2898
3068
3001
3000
3015
3007
3010
3007
3025
3011
2871
2987
1927
3005
2983
3024
2722
3003
3010
2985
2948
3036
2983
2384
428
1489
2979
2961
3006
2764
2971
3042
2984
2449
2992
3024
2991
3032
2988
2975
3001
3022
2983
456
2821
2960
2994
2701
3031
2988
3040
3021
1018
2735
2974
2976
2969
2974
2981
3034
2947
3041
3004
2980
1438
3010
3012
2981
2968
3029
2950
3000
2973
2685
2945
2951
2308
3001
2562
2986
3000
3039
3007
2990
3054
679
878
2962
2988
2993
3000
2646
2958
3005
2977
3000
3012
2792
3015
2951
2982
3020
2989
2969
2974
3028
2983
3048
2986
1928
2992
3018
3004
279
2980
2977
2962
3033
2987
2966
2981
3010
3000
2977
2952
2980
3000
2979
3060
3025
2999
2976
2625
3030
2936
2999
2995
2909
3024
3005
3015
3022
3013
3036
3001
2973
2952
2983
2984
2959
2981
2918
3043
3001
2978
2967
3016
3013
3012
3039
3001
2979
315
2866
2979
2956
2780
3038
3016
2547
204
2984
2807
3002
3014
2992
3020
3016
3086
3036
3005
3018
3029
3058
3000
2963
3009
2983
2993
2970
3008
291
3025
2679
2966
2979
3025
2992
2991
3002
2975
3008
3024
2984
3033
2803
3002
2982
3033
3066
2958
3000
2956
448
2990
2977
3025
2994
3016
2982
3031
2992
2999
2803
2972
2990
3038
3005
2283
3000
2977
3029
2988
2989
3014
3029
3004
2981
3016
2997
2965
3086
1952
2980
2986
2967
2968
3003
2960
2986
3006
2971
2988
3044
2976
2994
205
770
3023
2994
3027
3002
534
2914
3035
3034
3025
2993
2988
3046
2985
1903
2921
2989
2980
2256
3022
3029
3000
3015
3014
2988
3019
3015
2991
2073
2958
3007
3003
2864
3067
2004
476
2994
2976
3018
2976
3006
3000
2977
2989
2962
2960
3030
2967
3027
3009
2952
3026
2467
2982
2976
2977
2980
1461
3071
2982
3006
2985
2994
2982
2988
2949
3012
2987
3070
3009
2955
3074
2963
2995
2991
3008
2983
2968
2992
3002
2981
3012
2860
2432
2928
2991
2060
2989
3019
2986
2953
2988
3002
3032
2828
2997
2215
2961
3000
2963
3006
2987
2979
3065
3011
2985
2974
3029
3042
3006
2989
450
3012
3018
2997
2959
2967
3017
2960
3023
2992
3013
3001
3007
2965
2767
3016
2964
3026
2995
3013
2955
2996
3000
3004
3016
3027
2979
2994
2974
3007
3014
2980
3000
3015
1571
2978
2973
3014
3006
3030
2994
2979
3015
2934
3004
2972
3005
2937
327
3031
3034
3024
3008
3000
2996
3013
3041
2985
3019
2968
2984
2985
2972
2946
1390
450
2968
771
3022
2994
3016
3005
2987
2136
3022
2994
2937
2991
2981
3003
3019
3000
2975
2993
2995
2975
2940
2984
2958
2970
2981
2865
2768
2982
2997
2950
2925
3006
2431
2997
3025
2987
3012
2976
3022
2989
2227
2963
3025
3030
2972
2941
2999
2063
2989
2956
2991
2998
2892
2998
3023
3012
3008
3000
2878
3002
2766
2954
2986
1926
2988
374
3065
2960
2989
2928
3002
2989
1166
2997
1625
2979
3025
2986
2967
2970
3012
3030
3010
3010
3008
2996
1237
3037
2961
3020
2986
3009
2979
2273
3052
2936
3000
2994
3060
2661
2974
2970
3010
2508
322
2970
2968
3002
3014
2935
3002
2971
2982
3003
2982
3007
211
2900
3011
3017
2979
2982
2966
2985
2947
2859
2986
2998
3019
2991
2996
3007
3024
3002
305
2997
2978
3011
3004
2999
2977
2994
3019
3049
3016
3013
1581
2964
3003
2158
3014
2988
3023
2998
520
3001
3010
3013
672
2987
3014
2986
3035
2977
3016
2945
3010
2991
2952
1513
2995
584
3018
3002
1355
3004
3015
2999
3003
3012
2997
2996
2024
2977
3005
2997
3012
3004
2993
2936
2907
2991
3019
2983
3014
3002
3082
2965
2995
2973
2991
2981
3011
2987
1013
2975
2973
3028
2811
2982
2932
2982
2986
3002
2237
2666
3073
2961
2979
2976
1631
1312
3011
3016
3018
3015
781
2992
3002
2495
2958
3011
3011
2998
3001
3022
2855
801
318
2990
3100
2955
3007
2983
2980
3041
2996
2987
2980
2986
3021
3039
3007
2963
3002
2970
3005
1804
3047
3040
3013
2985
3013
3019
3025
2966
2996
3029
3000
2751
3038
3002
2999
2985
2987
2982
2998
3011
3037
2986
3028
2988
3014
2979
2997
2984
2977
2977
2985
3004
2849
2995
3007
3010
2959
2985
3020
2987
2993
2997
2939
3015
3040
2952
2983
2996
586
2994
3013
2972
2994
1725
2953
3030
2235
2995
2976
2994
2986
3002
3016
3000
1116
2999
2972
3026
2997
3013
2962
3012
3034
3045
2991
2974
2969
3009
2983
3010
2992
3001
2996
3016
2988
1252
3003
3029
2965
315
2999
2915
3040
3001
2993
3019
2926
2990
2993
3003
3012
3011
3017
2973
2627
2997
2993
3008
3000
2966
2931
2786
3068
2995
243
2979
3013
3004
294
2965
3037
3005
548
2979
2684
2984
2993
3024
3052
3015
2990
2989
2976
3007
2959
1290
2971
3010
3006
3024
3017
3003
3035
2934
1550
2994
3005
2998
2930
736
2963
3008
2999
3005
3018
2988
3019
2999
1273
3002
2987
2999
1613
3036
3016
2976
3019
1761
3012
3042
3015
3025
3019
2979
3004
2995
2972
2934
3027
3048
2920
3034
2784
3035
2046
3008
3006
2948
3027
2973
2970
2939
2988
2980
2975
2942
2974
3038
3019
3003
2972
3057
3038
2446
3014
2957
2995
2798
2932
2816
3015
2985
3038
2972
2995
3000
2023
3013
3023
2327
3011
521
3010
2351
3010
3002
2992
3009
2966
3011
3037
3021
2999
2994
2941
3019
2983
2377
2998
2927
3023
3055
2990
2980
2945
2983
3028
2961
3014
2995
3003
2970
3002
3015
2965
3005
3002
3034
2931
2980
3022
2999
3002
2992
3007
2987
3010
2996
2995
2900
3014
2981
2985
3003
2977
3040
3005
3011
2321
2953
2984
2967
2944
3016
2995
3029
2986
2595
3026
2990
3004
3002
3012
3017
3017
3083
2969
2984
3019
2988
3021
2997
2978
2980
2973
2993
540
2999
3005
2262
2277
3004
2939
2987
2993
1628
2990
3023
2714
3000
1803
3000
3001
3007
3018
1316
2457
2950
3010
3003
2995
2997
2919
2960
2990
2973
3034
3015
2836
2980
2994
2992
3019
2996
2999
320
2993
2393
2977
2970
3011
3008
2993
709
3010
3039
2987
2961
2966
448
2995
2874
2959
3010
2999
3018
2981
3008
3026
3015
2954
2907
3000
2983
3032
3033
3015
2977
2987
2991
2985
2993
3006
3007
2972
3019
2940
3018
2965
3004
3001
2964
3031
512
2962
3020
3023
3036
2762
3015
2957
2990
2987
2989
2999
2995
3011
3018
2950
2986
2995
2990
2977
3000
2995
3044
2981
2943
3002
2973
2984
2998
2065
3000
3002
3009
3067
2994
2977
3009
2987
3014
3013
3015
2979
3011
2955
2088
2996
2982
3225
2986
1090
2981
2405
2997
1427
3018
2986
3013
2960
3034
2989
2533
2983
3004
321
3043
3007
3011
3019
2989
2976
2954
2986
3014
3025
3019
3017
3029
2972
2966
3011
2991
3013
2993
3022
3000
2976
2979
3001
2893
2995
3015
2963
2983
3049
3013
2993
2975
3012
2993
2876
3001
2993
3026
2985
2549
2986
2932
2990
3008
3008
2759
2437
2991
2967
3005
2974
3020
2976
3015
2963
3003
3019
2985
3043
2957
2999
3003
2957
2990
3019
2526
2526
2997
2927
263
2960
2992
2995
3014
3039
3000
3019
3000
2970
2974
2984
3013
3017
2971
2911
3034
2994
2976
3018
3041
2966
2998
3059
3024
3000
532
2979
2988
3010
2853
3012
2964
3016
3026
2802
2979
2988
2975
1012
2955
2862
2985
3007
1374
2533
3010
3007
3036
2684
2953
2966
1292
2976
2997
3022
2052
3084
1338
2998
3000
2991
2964
3016
2969
3012
3036
3013
2961
3004
1268
2968
3002
3040
3021
3034
1808
2983
3013
2999
3084
3006
3025
2994
3010
2975
3000
2954
3017
2290
3001
3014
1032
2987
2985
3018
2991
3026
3019
3013
2951
2997
2989
3003
3019
3007
2993
2436
3015
2966
2997
3009
2999
2998
2017
2967
2931
2973
3001
956
2998
860
2977
3045
2985
577
2980
2979
3036
2966
1394
3006
2980
751
2967
2987
3037
2926
2993
2979
3042
3039
3001
2994
2992
2997
3002
410
2993
3003
2972
2959
2991
2987
3029
2989
587
2912
2978
3037
3019
3062
3022
1171
2986
222
2974
3000
3013
3015
3016
390
2837
3011
3003
1680
3011
2960
754
2983
2993
2991
2972
3017
3007
2975
3023
2957
2964
2986
3015
2952
2971
2984
3008
2987
2999
2591
630
2991
3014
2973
395
2997
2771
3011
3004
2597
2981
2981
2993
3020
3031
1937
2835
3012
2998
2985
2938
2955
3035
3023
3033
3009
3015
3020
3014
3019
3047
2982
2990
3008
3013
2982
2980
3000
3007
3031
2989
704
3039
2975
3005
3018
2998
937
2973
2982
2995
2989
2970
3025
703
2937
2740
2912
2558
2988
3036
3030
3030
2997
3025
3003
3004
3010
695
3010
2978
3035
3010
2989
3002
3003
2968
1382
3001
2991
3003
2944
416
2959
2997
2999
3018
2979
3017
3004
2945
2977
2995
3009
3021
3012
3009
3075
3020
306
3038
2993
2960
3017
2237
2975
2026
3018
3006
3011
2961
2973
2989
2990
3016
3016
2975
3005
2977
3009
3033
3010
3002
2995
3025
404
3009
3027
2988
3015
2972
2978
392
2944
3013
2995
2998
2974
3015
2952
2952
3029
3026
2967
2996
1888
2971
1822
2992
3037
1996
2979
3003
648
2998
2985
3004
3056
2994
3023
3016
2984
2986
2994
3009
2976
3016
3001
3026
3009
3024
622
2981
2977
2970
2994
3019
2716
426
3018
2988
3009
2984
2973
364
2967
500
2360
2951
2987
2968
2992
2963
2990
2940
2962
3028
2979
2966
3002
2960
3005
2975
2990
2998
2843
2341
3016
2971
2971
3004
3030
3096
2968
2711
2860
3050
3038
3020
2981
3011
2972
3029
3029
2995
2961
2951
3043
2952
3015
3027
2972
2840
3071
3020
2985
2994
2994
2987
3001
2978
3006
2989
2777
3070
2986
3013
2979
3017
3034
2741
3001
3023
2995
2977
2935
2982
2990
509
3008
3001
3023
2847
3001
2046
2983
2784
3023
2988
2699
2917
3022
2982
2970
2962
1708
953
3000
3009
2005
2998
3014
2976
986
3041
2975
413
3032
2763
2991
3000
2965
2997
2989
2991
2997
2991
3016
3001
3003
3014
3043
976
2978
3001
3025
2964
3009
3060
2998
3001
2979
2945
2984
2976
1205
2993
2639
557
3001
3007
2994
3019
3031
2971
3006
2960
3009
2999
2979
2826
2999
3001
2996
2996
3014
2992
3014
3022
2976
983
2967
3004
3018
2960
2990
3014
2975
2992
2964
2843
2963
984
2998
2988
3009
2965
3009
3003
3008
2983
3014
2992
431
2812
3019
3007
2969
3016
2872
3035
1036
3012
2990
2812
3024
3034
3018
2982
3016
3010
3012
3033
2994
3094
3026
2787
2913
3012
2906
2977
2993
3021
2985
3024
3008
3022
2981
3010
3026
3023
2979
2987
2986
2992
2977
3016
1981
3012
3015
2993
3072
3011
2971
3000
2976
2937
3024
2714
2953
3030
3018
1741
3028
749
1082
2988
2948
3010
3010
2988
3038
1989
2993
3024
2993
2842
2996
2902
2972
2982
3035
3022
2592
3033
3041
583
3008
1871
3007
2986
3013
2856
2967
3013
2999
2998
3020
3011
1248
3003
3007
2999
3010
2964
3009
2970
3010
2995
3003
2945
2950
2998
3016
2981
3007
3001
435
3033
3032
2969
2964
2989
2991
2959
2974
3015
3009
3020
2686
3011
3023
3008
262
2994
3018
3061
2994
2959
3035
3013
3008
3048
2980
3063
3003
2924
3009
2627
3023
3009
3034
2972
2523
3033
2981
3032
3000
3004
2992
3004
2999
2968
3017
3021
3013
1224
2824
3003
3014
3015
2984
3004
2960
3015
3024
3023
2728
3004
2932
3010
2986
2958
3024
3091
3017
3028
3022
2986
3006
3022
372
1818
3000
2983
2979
2905
2780
3080
903
3013
3002
2989
3007
2961
2982
2992
3004
3005
3007
3012
3018
2990
2989
3066
2908
2995
3015
2769
3009
3010
2992
2968
3017
2577
1187
2998
2973
2450
2974
3008
2969
3033
2944
3008
3000
2906
3015
2983
2986
2995
3023
3063
3004
3030
2986
2919
2974
2962
2987
2194
1880
2994
3025
2937
2997
2993
411
2988
2979
2111
2829
2984
3020
3014
2965
2996
3018
3001
2980
3021
607
326
2890
3030
1142
2976
3044
3017
2998
3019
2986
3005
2999
2959
925
2998
2998
2985
2982
2990
2981
3000
2995
2362
2950
3017
3007
2983
3005
2973
2988
2884
3032
2962
3007
3008
3015
2979
2972
2971
2978
2976
3020
2937
2849
3041
3034
2978
3023
2679
2967
2992
3011
3011
3008
2982
3012
3019
2972
2989
2951
2951
2930
2990
3002
2953
490
2991
2966
3006
3034
2992
2994
3006
3013
2984
2947
2997
2997
2988
2925
2034
3023
3005
2995
2996
3019
2919
2978
3048
2646
2986
2992
2958
3010
1498
2969
2363
3004
3040
3032
3014
2988
3012
2526
3042
3002
2979
2993
3004
2942
2990
2650
2999
3059
3010
3025
2969
3003
790
3016
2978
3028
2966
3011
3022
3023
3001
2970
2971
2905
2960
1660
2988
3009
3021
3005
2997
2994
1258
2983
3013
2971
3022
3009
2991
2994
3014
2990
2978
2958
3009
2969
3015
3022
3018
599
2962
3013
3016
2951
2985
3006
2986
2940
3036
1912
1449
2992
3016
3008
2941
3009
2958
2962
3036
3009
3033
2999
3000
2919
2983
3017
2972
3035
2957
736
2978
1985
3000
2997
3032
1422
3008
3024
3035
2990
2969
3012
3009
2979
2841
3020
3012
3018
1476
2994
3023
3005
2914
1478
2991
3036
3037
3017
2994
3014
2937
2939
2985
2978
2999
3010
2961
3019
2972
3019
3032
3038
2951
3004
3006
3002
2965
3033
3015
3021
2988
2980
2839
2985
3006
2953
2984
2977
2971
3001
3027
2944
3024
3013
2986
2989
3035
2987
3091
2996
3012
2749
2997
3037
2991
3010
2991
2998
3027
2971
3009
2992
2979
2990
3007
3045
3001
3020
2963
3014
2993
2613
2981
395
2987
2982
519
2990
3033
3042
3012
2934
3087
2975
3010
3032
2327
3011
3017
2976
2999
3012
3003
3017
2848
2993
2986
2874
3028
2962
2966
2972
2976
2981
2812
2988
3044
2990
706
1280
1488
2957
2938
2797
2974
3018
2633
3039
3000
2976
2977
3020
3000
3020
2954
552
3017
2989
2983
3004
3027
3027
3038
2997
2995
2995
3071
2966
3067
2875
1526
2962
2986
2976
2991
2981
2954
2950
2828
2992
268
2978
2315
2961
1834
3013
3023
3043
3016
3013
219
2996
3031
3003
3008
3007
3013
2993
2965
2974
410
3052
2967
3033
2998
1354
2990
2995
2514
3032
3007
2999
2978
3032
2965
3008
3011
947
3007
3007
2996
557
3016
2986
2941
3014
2982
3040
2958
2980
2972
3000
3015
3008
3010
3002
3006
2976
3005
2951
3002
3021
2998
1694
2960
2989
3030
3011
2987
3050
3001
2967
2990
2732
2785
1251
2984
2981
2997
3002
3009
2980
3011
2996
3011
2961
3004
2988
2971
2998
2940
2941
3030
2953
2435
3036
2434
2940
447
3059
3013
2864
3040
2182
3012
669
1891
251
3016
3005
2980
3010
3071
1524
3021
3002
2989
2918
2971
2979
2951
2978
3002
2864
1685
1990
3001
2281
3008
3011
2818
1947
2984
3007
3006
3020
3024
2964
2973
2965
2991
2929
2974
3024
3090
2996
3010
2649
3020
334
2993
3021
3012
3008
3027
2958
3041
2133
2986
3003
1721
2965
2974
3021
2980
2964
2997
3008
1677
3023
3005
3014
2999
2968
3019
3004
3076
937
3037
3003
3003
3014
2944
3023
3003
3064
3005
3070
3025
2980
2976
2214
3052
3009
3003
3000
3022
2975
238
3016
2969
2977
2999
2965
3009
2963
2955
3015
2993
2979
596
2285
2998
2981
2962
3016
3018
3003
2967
2978
3032
3028
319
2993
2979
3015
2978
2962
2989
3005
3006
3001
3004
3024
3046
3024
1735
2976
3022
2981
3022
2978
3030
2992
2964
2955
2971
3014
2988
3009
2988
2996
3005
3014
2851
3007
1810
3032
3020
3016
2995
2978
3020
2997
2979
2991
3022
2952
2725
3018
593
2943
2149
3003
2938
2991
2976
2996
2994
3003
2999
2981
2983
2961
3027
1046
2958
2956
2982
2985
2959
3005
3027
2979
2998
2993
528
2930
3025
3020
2145
3017
2997
3001
3002
3012
2980
3016
2994
557
2996
2964
2938
2951
2976
2977
2966
2989
1140
3016
3006
2978
2961
3015
488
2963
2973
3000
2986
3032
2972
2004
2996
467
3026
2995
2994
2987
3022
3014
2945
3023
2893
2975
2991
2992
3007
2988
2988
3000
235
3015
2964
997
3013
3006
3006
2652
2989
2993
1762
3005
2984
659
3000
3014
3019
3031
2989
2967
2992
3011
3041
2979
3034
3027
2966
2976
3017
2990
3011
2979
3018
3013
2979
2949
2998
3014
2990
3000
1081
1474
2978
2971
3007
2978
3025
3036
3018
767
1238
3032
3044
3036
2981
2847
2980
2987
3010
2992
3006
2825
2988
2985
3025
829
2999
3001
2985
3009
1822
3034
3028
2839
2965
3008
3007
2976
3013
2994
3016
2985
1753
2923
2934
2996
1572
2984
2530
2222
2993
3031
3015
3049
3040
3049
2739
2982
2993
3003
3026
2970
2983
226
2993
2995
937
3024
3016
2966
3028
3026
3020
1128
2975
2997
2987
3011
2946
3000
2111
2957
3004
971
2991
2980
1896
3020
3002
2983
2993
3008
2977
3029
2789
2967
2991
2977
2966
2768
3000
3018
2940
3005
3041
3081
2722
2936
3006
2971
2931
3055
2962
2979
2991
2973
2980
2993
2996
2985
851
3009
2997
3027
3017
2954
2997
2993
3024
2977
3019
3012
2989
2989
3029
2957
2979
2989
3026
2940
2967
2948
3039
2983
2980
2993
2987
2981
2405
2969
3019
3051
3021
2726
3019
3023
3000
2978
2806
2993
2992
385
2962
3037
2986
3012
2707
2969
2971
3012
3006
3016
2945
3005
2994
3026
2961
3003
2973
3026
2992
3025
2914
3007
2993
1299
3010
2986
3012
3012
2965
2991
2999
3036
2975
2983
3021
1234
2826
3044
3008
2962
2967
3017
1660
1398
1666
2989
3031
2984
2997
410
3008
2990
3027
3013
2976
2973
2995
3009
2970
2951
3025
3023
2983
2976
3003
2983
3026
3040
3001
2974
2997
1756
2971
3029
2984
2993
2975
2972
2993
2976
2996
2422
3011
3001
3031
3031
2940
3017
2990
3009
2988
3034
3028
2976
3024
2976
3004
3037
2987
3007
3019
2966
2987
3009
2983
3031
3007
447
1477
3034
2601
3033
2983
3015
2901
3050
2993
3074
2999
3020
2997
2998
495
2989
3028
2981
3029
3020
2982
2951
2994
3041
2999
3000
2996
2972
3035
3016
3001
3028
3039
2963
2971
2983
2990
3007
2939
2771
2997
2980
3009
3025
2985
3007
3004
2986
2989
2988
2978
3003
3013
2964
2954
2989
2942
2982
3012
2993
2987
2984
2995
3002
2986
2428
3019
2958
3027
3007
2999
2977
2998
2990
2967
2989
3005
2992
3019
2985
3002
2987
2971
2946
3053
3085
965
3037
3013
2992
2892
2650
2998
3002
2948
3026
2975
2670
3002
2599
3021
2993
2979
3035
3015
2972
3001
252
1685
3003
2969
2965
2991
3011
3010
2997
2963
2980
2998
3017
3024
2987
2990
3011
3004
2993
3025
2997
2976
2978
3044
651
3008
2994
675
2994
3008
2960
2987
3007
3014
2959
2984
2979
3017
2991
3019
2970
2980
3007
3025
2816
3016
2988
2893
2982
2941
3005
3020
3002
2975
3004
2982
3068
3002
3016
2991
3022
2972
2936
3017
2980
2892
3011
3022
3036
3009
2988
2973
2811
652
3006
3005
3001
2972
2951
2968
3019
3027
3001
3013
3042
3020
2974
3022
3021
3001
3015
2990
2332
2984
3029
888
3000
2987
3007
3025
3053
3008
2987
3008
2938
2970
2994
3000
696
3075
3013
2962
2969
2944
3049
3005
3022
3017
3059
2979
2994
2980
2992
2977
2995
3000
2991
2712
1973
3082
3003
2986
2982
3008
2967
3006
3026
3017
1083
2979
2986
3016
3022
3059
2512
2970
3005
2997
475
2991
2990
3023
2992
3047
3050
2950
2972
3021
2965
2962
1904
3040
774
3023
880
2998
3082
2970
3028
2965
2978
3032
2995
3006
3014
3026
3022
2982
3017
2979
3018
1426
2983
3013
2989
3012
3000
1490
3004
2998
3006
2999
3020
2960
3013
2999
2996
2930
2181
336
2448
2984
3025
3061
3020
3016
2995
2954
3010
3003
2920
3092
2981
3012
3003
2980
3025
3018
2873
3025
3006
3028
3034
3007
3000
3004
3029
2982
2998
2972
3023
2969
3023
2996
3016
3001
1136
2985
3027
3008
3002
2978
2992
2958
2990
2979
2860
2989
2965
3012
993
2994
2987
2993
2983
3005
2980
3018
2971
3026
2881
3005
2257
2993
2979
2988
3000
2969
3021
1850
2961
3026
2993
2925
2961
3004
2998
2992
2022
2986
3006
2989
3053
3026
3019
2987
3009
3067
1661
686
2983
3025
460
3060
3024
2976
2994
3027
2968
3020
2948
3030
2997
3031
3004
3005
3055
3004
2972
3024
2967
3031
2997
3008
2997
2986
2981
3018
2999
538
2984
2985
2989
2997
2973
3023
3046
2942
2980
2989
2991
3035
2988
2709
3024
2986
2335
2917
1898
3000
2996
3008
342
2957
2963
3036
3002
2979
3024
2990
3016
2974
3001
3005
2996
2977
3015
3001
2988
3088
3018
2987
2997
2993
2965
2947
2901
2992
2931
2981
3032
2959
3012
3028
3023
1325
3011
3033
2972
3004
3006
2941
752
3003
3000
3003
2231
2996
2994
2982
2975
3018
2974
3028
3014
2999
2978
2925
2965
3001
3003
3030
2997
3046
2397
3014
2998
2966
2987
2982
2603
2788
3014
3001
3011
2983
2965
2960
3018
2996
2993
2983
2983
3006
3022
2989
2885
2965
3011
1937
2975
2998
3011
2943
3077
2999
3075
3054
3006
2973
1486
2980
3020
2934
2977
2995
3019
3004
3009
3001
2975
3063
3000
2976
2971
3031
2978
2975
3093
3001
2986
2974
2958
609
2980
2998
3022
3074
2973
2965
3047
3031
3003
3017
3029
2998
2996
2970
2993
2959
2967
2989
3015
427
2965
2895
3012
2954
3013
2995
2957
3003
2989
1996
2976
2992
3013
3016
2947
1021
3012
3004
3021
2987
2988
3043
2954
3020
3005
595
225
3014
2945
2993
3035
3008
2969
2069
2984
3025
2994
1454
1436
2687
3014
3030
2965
2976
3015
3028
3000
2964
2999
3021
2983
2957
3009
3025
3026
2986
3028
2994
2973
333
3021
2997
2997
2896
2972
3005
3007
3043
3003
2997
3008
2943
2999
2987
2981
2990
2974
212
3027
3050
2968
3009
2985
2990
3008
2988
3008
2972
2997
3022
2221
2953
3002
2978
350
3021
2942
2989
2940
3009
3003
3035
2988
398
2991
2998
3008
2933
3024
2999
2990
3026
2999
2990
2990
2972
3014
3010
3003
2989
2407
3007
3026
2997
2965
3005
2939
2844
2989
3018
2973
3024
2991
3020
2976
3010
3029
2966
3009
3005
2977
2998
2998
2991
3018
2978
2840
2835
3017
2975
2972
2856
2961
2994
2986
1579
3002
2999
3028
2964
3020
3021
3014
2989
3015
3082
3012
2954
2855
3005
2992
2966
2943
3039
3033
3015
2982
2992
3002
3015
2982
2977
3008
3013
3020
2971
2976
2443
2917
2997
3014
2996
3011
2972
2995
2922
2998
3015
2924
2975
1970
2994
3018
1057
2993
3010
2992
3002
3019
3023
3017
3014
2999
1029
3012
3019
2972
3008
2993
3003
2988
2997
3003
998
3020
2982
2999
2994
3032
3011
3046
2992
1240
2988
2999
3029
2996
2997
3001
2352
3014
3020
2995
2958
2245
2970
3004
3024
2997
2980
564
3012
3000
3015
2993
890
3006
2967
3041
2999
3000
3001
2964
2972
1407
2495
3000
2820
3011
2984
3009
3085
2952
3002
2970
3036
2995
2984
951
2995
3000
2985
2978
2948
2777
3002
2995
3010
3028
3066
2585
3028
2977
3003
3005
3009
2983
3023
2989
3021
3016
2986
3006
3019
2963
2971
2995
3025
2997
2996
2997
2922
2200
2979
2965
3007
3019
2985
3006
2997
1939
2992
3018
3031
2971
3014
3016
2991
2933
2976
2993
2988
3044
2999
3016
3009
2922
3022
2945
2985
2956
3007
2995
3012
3000
2942
2970
3022
2985
3103
2997
2079
2954
2968
2937
2975
3018
2953
2937
3035
2981
3001
3035
3018
3032
3021
2972
2968
3014
3002
3015
2952
2975
2268
2660
2984
3037
2995
1212
2849
2986
3000
3019
3049
3005
3013
2978
2955
2987
888
3016
2935
2998
527
3006
2996
3026
3015
2999
3034
3016
3032
3008
3010
3015
856
2983
3017
3012
2982
3036
3006
3021
3063
3019
3017
232
2998
3014
3013
1165
2997
2977
3026
2972
2993
3001
2999
2975
2972
2996
2953
3010
2974
2967
2997
2979
3019
264
2994
3007
3011
3027
1092
1636
2965
2973
3012
2989
2968
3050
2959
3009
965
2992
2971
3002
2981
3020
3017
2361
3017
3031
2996
3010
3023
2986
2988
2880
3019
2992
2997
3063
2948
2997
2962
2987
2957
3035
3035
2991
3033
2861
2990
2972
2999
3016
3023
3009
3007
2863
2994
3036
575
3047
2981
3011
3033
2917
2994
2982
3039
3016
2967
2963
3016
1344
3058
2933
3021
2925
2950
2967
2995
2982
892
3025
2083
2990
2997
2990
2414
2967
3028
2820
3021
683
2975
2997
3017
657
3045
2904
2995
2971
2977
3052
3016
2999
2997
2982
2957
3002
3017
964
2990
2984
2981
2999
3033
2972
2981
2986
2994
2980
2993
2988
3032
607
2976
3025
2962
2709
3007
1583
2990
3012
2998
2934
372
873
2990
3010
838
3002
3011
2974
3037
3043
3003
3018
2629
3008
2992
3000
3018
2995
2992
3036
2887
3001
2999
3034
1741
521
3020
2992
3016
3022
3006
3004
2972
3023
2965
3009
2986
2954
3019
2996
2981
3081
2985
2954
2988
1606
2951
2944
3010
3023
3028
221
3005
2981
262
3008
2998
2994
2951
2966
2969
3000
3007
940
1527
3019
3001
2992
3037
2992
1071
2968
2998
3009
3009
3010
3018
1914
2978
3024
2892
3002
2965
3043
2962
3024
3041
2992
2997
2959
3018
2969
3040
2953
2970
3181
3004
2951
2979
2969
2942
3012
2982
3030
2983
2953
3004
3021
2986
3008
2999
3006
3024
3016
3020
2996
2993
2988
2722
3030
3007
2544
2997
3013
3019
3006
3001
3032
2865
3016
3039
2984
3010
2973
3034
3030
2977
3002
2996
3017
3072
3005
3007
3001
3020
3005
3022
2992
2473
2389
2997
3023
2974
2976
2992
2969
3033
2925
3026
3015
3005
2997
2969
3020
3007
3002
3028
205
3015
2984
2957
2994
2987
2961
2983
3017
2562
2990
3009
2980
3010
2980
1387
2978
2987
3009
2954
2997
3011
557
723
408
3058
2612
2994
2968
2986
2716
3002
3011
3012
2999
941
2988
2977
3001
3059
2947
2989
2979
2667
3013
2610
3000
1771
2960
1324
2991
2979
3004
3016
3035
3015
3023
3228
3025
3028
3004
2985
2960
3030
2884
286
2970
2980
2436
2992
2955
2959
3037
2975
2979
3023
3000
2970
2881
3000
2913
3003
599
2983
3031
2954
3003
3022
3026
2989
2973
3031
2512
2974
3039
2987
3012
2983
3020
2988
2992
2979
3002
3015
2971
3008
2960
3001
2999
3033
1574
2978
351
3017
3020
2993
2819
2996
3030
2844
1328
3043
2999
2938
2966
3031
2988
2975
3005
2546
2971
3029
2989
3059
2995
2973
3004
3026
3075
3011
3014
3009
3014
2880
3003
2966
2994
2997
1867
3007
3041
3013
3031
3002
3094
2997
2150
3014
2286
2993
3006
2983
3010
3006
3035
2989
3002
2999
3016
3014
2967
2999
3042
3008
3011
3004
2971
3041
907
3000
3018
2994
2497
3011
3018
2982
2985
2967
2984
2968
2981
3029
3012
1218
2997
3035
2994
3014
2209
2862
3052
2999
2969
2964
2991
3003
3008
587
1598
3021
2976
1112
2963
2995
2999
3015
2976
3065
2990
1687
3035
3042
3000
3003
2993
210
1903
955
3002
3000
2982
2786
2978
2955
2957
3021
944
3021
3025
3001
3010
3054
3055
2885
2952
3011
3029
2997
1885
3046
2969
3016
3020
2776
3066
2972
3016
3002
3020
3010
323
2993
3003
2975
2969
2997
2300
581
2998
2982
2960
2971
2978
2986
2990
2959
2980
2994
2993
2952
3002
2987
3014
3237
3020
3002
2980
3049
2999
2919
2975
2965
2982
2966
456
2992
3013
3022
2986
3011
3007
3039
3008
3009
2991
2995
2991
2971
1869
3021
292
3011
256
3022
2531
2195
3002
2991
2979
3016
2871
3019
2988
3027
2990
2692
2999
2959
1035
527
2974
2985
3031
2994
2989
2986
3004
274
2982
2992
2966
2979
2998
2977
3005
2756
649
2858
2911
2191
2969
2953
2991
3019
2990
3020
1353
2987
2993
2999
2960
2996
3003
2972
2083
3007
2975
2980
3011
2954
2967
3024
3027
3020
3007
2941
3042
3034
3028
2095
2979
928
2974
1693
2816
3010
2887
3009
2930
3026
1543
372
3019
2978
2959
3003
3004
1249
2964
2972
2994
2995
3004
3010
3073
2937
2995
2995
3015
2729
1336
3013
2943
245
2767
2971
2997
2996
2979
3029
2996
2994
2982
3007
2968
3007
2997
3039
3006
3009
2930
3024
2982
2982
2992
1466
2976
3008
3037
2918
2985
3010
3039
3008
3021
3018
2033
2971
3015
3033
3032
3099
2951
2989
2985
3000
3020
876
2975
3046
2980
3013
3015
2976
3014
2980
3006
3015
2984
535
467
3012
2899
2973
2978
3017
3005
3003
2998
3015
2576
2992
2997
776
2992
3025
2989
2983
2966
3010
2750
2989
3019
3029
1710
2833
2907
2982
3035
1596
3038
2986
3004
1157
3007
2887
2990
3017
3012
2993
3059
3016
2985
2982
2681
3023
2998
1263
2982
2952
2997
1214
2963
2948
1416
3007
3025
2986
2942
2986
3025
2982
3008
2984
3002
3002
262
2386
2629
3013
3031
3002
2981
2978
2999
2959
3001
2979
2962
3007
2948
3044
3002
947
2998
2937
2982
2989
2984
2988
3020
3023
1878
316
3011
2988
923
2959
3002
1954
2997
240
2944
3010
2495
2995
3026
2999
3000
2971
2956
2838
3014
3022
3034
3025
2967
2978
2978
3028
2673
3007
2989
3029
3003
3005
2978
2836
2999
2948
2973
2575
2948
2956
2986
3012
2190
3023
2987
211
2952
2977
2979
2989
2980
3002
3006
2949
2953
2987
2852
3018
2962
2963
390
2984
3024
2907
2836
2386
2987
3025
2988
2990
2966
3005
2939
3039
3010
2974
2612
3009
1194
2927
2996
3043
3028
2890
3007
2977
3016
2228
436
3024
2994
3014
2977
2983
2984
3004
2978
3018
2996
2643
2988
2980
3004
3014
3006
3013
2988
1665
3038
2952
2996
2983
3027
3038
3025
2978
2980
3015
2727
3017
3012
1061
2954
730
3017
3007
3016
2979
3011
3015
3026
2967
315
2961
2995
2824
2886
2990
2982
3019
3030
636
3015
3004
2949
2988
2998
3003
2989
3003
2958
2995
3023
3002
2991
2984
2970
2975
3031
2957
2989
2990
3008
2969
2989
3024
872
3028
2991
3035
2982
3002
1825
2936
3006
3032
2957
2943
2984
3010
3005
2999
3000
2996
3008
2928
3014
2986
2992
3018
3025
2989
3000
3010
2977
2986
3006
3007
2970
3029
3000
2974
2998
2978
3003
3029
2988
3006
2998
548
1610
2966
2991
3004
3086
2991
2943
3009
2948
3003
3005
1119
2990
3003
2942
1223
2989
2918
3001
2982
3010
1543
3029
3017
2998
2991
2991
3063
3025
2989
2963
2995
2988
2964
3020
3015
3008
873
2936
3010
3027
3009
2961
3013
2994
3013
3009
792
3008
2980
3016
3020
2986
2974
2998
2962
3017
2543
3030
1306
3001
3003
3028
3004
1248
2991
2991
2959
3014
3000
3015
2985
2983
3024
3022
979
1816
3011
2972
1862
2984
3016
3028
3010
2997
3027
2981
3002
2985
2991
2990
2987
2987
3015
2962
2975
3090
3024
3021
750
2989
2556
1763
3091
3016
3027
2914
2929
3054
2987
367
2985
3003
2993
3009
3002
3010
3015
2982
3031
3016
2959
2984
2707
3032
2990
2994
2941
3000
2980
3032
2979
3020
3019
2976
2074
2916
2995
3044
774
3014
3013
3012
2984
2910
3094
3035
2998
2951
3002
2962
1564
1464
3014
3036
3016
3014
3076
3024
3033
2982
2958
2999
3022
374
3007
2992
3009
431
2919
3057
2937
2846
3009
548
2851
2968
2989
2985
3036
2990
2989
2982
3008
2975
2992
3003
2992
2788
2978
2972
3011
3025
2996
3014
3024
2995
3025
2993
2437
3020
2314
3004
3003
3010
2852
3003
3014
2951
2960
2971
239
3004
3044
573
3025
2984
3014
3005
2957
2987
2988
2820
1551
752
3034
3030
2980
1122
3013
3011
2973
3078
2632
2923
2998
3004
2986
2993
501
3028
3008
2989
3007
2998
2918
2977
2980
2980
2982
2956
2955
3058
3001
3001
2981
3019
2925
2983
3018
2978
2501
3011
3007
2999
2982
3008
3017
3040
343
2963
2988
2999
318
3008
2620
2976
3022
3005
3022
2982
2991
3018
1272
3030
698
2995
2914
3005
1850
2990
3019
3107
1429
2959
3017
3014
2979
3003
3005
2947
3007
2937
3011
2975
2946
3021
2333
3029
2961
2992
2997
2975
2998
2986
2971
3021
2993
2243
2978
1367
3021
3000
2935
2994
3027
3017
2992
3014
2984
233
3020
2997
2978
3020
2955
582
2964
3019
3002
2966
351
2983
2982
2977
3004
2984
2997
3001
3076
2960
2973
3089
2996
3023
2480
2976
2821
2970
2702
2380
3011
3012
1699
2994
3001
2996
2158
3003
1727
2983
2999
2986
2974
2991
2983
2973
2971
2975
2971
2982
3010
3042
3015
2948
3006
2994
3032
2996
3005
2983
3026
3023
2961
3025
2987
2975
2921
3008
2988
2966
2963
3039
3011
2994
2994
786
3017
2969
3005
3005
3005
3041
2990
2632
3006
2996
2995
2710
572
2967
3010
2989
2916
2974
2990
2985
3004
2986
400
3028
3011
2997
1690
3009
922
2971
2974
2966
2955
3022
3033
3016
3015
3010
2985
2967
1341
2980
3080
2956
3012
2991
2721
2985
2988
3054
2970
3013
3026
2994
2995
3000
3001
3006
2969
3029
2631
2722
2969
235
1306
3048
3007
2985
2990
2988
2985
3022
2414
2980
1984
3002
591
3004
3037
2570
3034
3001
2942
2986
3018
3005
2998
3027
3024
2956
1967
3005
2893
3022
3016
3001
2977
2830
3001
3000
2980
2980
2982
3006
2999
3029
2977
3011
2989
265
2949
2991
1434
3027
3021
3022
2699
3005
2971
3005
2973
2641
2963
3003
2979
836
2987
2928
3032
3030
2943
3037
2992
3035
3009
2997
3008
2983
2969
2999
2978
2999
3001
2984
2985
2966
2943
3017
3004
2999
3010
2993
3013
1391
2979
3024
3010
2961
460
3036
2986
2996
2962
2364
3197
2997
3030
3053
3002
2998
2982
3022
2962
2988
2976
2748
2970
2988
3024
3047
2996
3007
2994
2945
2999
2942
2958
2998
723
3022
3010
2996
2972
2778
2987
2322
2996
2991
2984
2567
2998
3000
2970
2983
3054
2842
2527
652
2956
3011
3035
3009
2970
2991
2986
3007
2984
3025
2998
3008
3009
2997
2994
2972
2987
2827
2831
514
2999
3063
1890
2984
2964
1507
2431
2987
3017
3027
3057
2963
2961
2992
2999
1770
2981
1286
242
2971
2504
3024
3006
2511
2932
2683
2953
3022
3004
3029
2989
3007
2982
1307
2974
1013
2978
3030
3021
3009
1032
2840
2989
2981
3011
2617
2948
3001
2912
2999
3002
3018
2991
3031
2976
2976
3017
3032
1856
2832
2527
2636
3026
3001
2841
3013
3001
2998
613
2995
3000
1276
2979
3029
2995
2921
2998
2161
2879
2990
3040
2990
2999
2606
3047
3036
2982
980
3005
3014
2992
3016
2946
3002
3007
3028
3008
2990
2989
2987
3001
3034
3002
3006
900
2993
3021
3014
2998
3019
3027
1515
226
3007
2961
2808
2897
2977
2618
2999
1594
3012
3008
2986
2999
3018
3011
3009
3015
3023
3073
2980
2991
3024
3025
3030
3033
2944
2997
3016
3018
3019
2978
2599
2985
2988
3018
2984
2955
2983
3017
2912
1246
2979
3008
3003
2848
1996
2907
3003
2963
2976
3013
3008
506
3014
3033
2968
2997
3013
2985
2993
2932
2987
3013
2956
2975
3004
3026
2979
3011
1773
3010
2984
3020
2207
3017
2991
3010
3016
3031
2994
733
2989
3041
2983
3011
3019
3004
2977
2993
2995
2972
2983
2984
1518
2970
2943
3045
3025
2998
3006
2997
2982
2985
2900
2951
2972
3001
2983
3012
2996
2988
3001
2999
3006
2979
3071
541
2921
3002
2990
3019
2973
3011
2986
3015
3008
3000
2975
1772
3006
3026
2989
3026
1776
2998
2983
2995
3015
3004
2998
2982
3007
2942
3027
3000
2190
2873
2987
2999
2946
2955
3001
3004
3037
2984
2995
3002
2958
2000
3072
2596
3008
3002
2976
2981
2962
2990
2988
2982
3013
3034
3011
2980
3005
2972
2983
2994
3026
519
3018
2965
2991
3034
1278
3028
1357
3027
3067
2965
3048
3021
1856
2998
3017
2947
3003
2977
2939
1090
2336
3003
3001
2980
3006
2983
2631
2992
1332
3007
2997
3019
3007
2596
2972
2142
2954
3010
2997
3001
3012
3005
3011
2896
3005
1519
2785
3015
3002
2933
2986
2991
3022
2987
2995
2980
2980
2998
2966
3011
3010
3005
3026
2954
2984
3003
3051
2984
2991
2971
2992
3003
2991
2980
2977
3003
1598
1614
3006
3002
3004
2992
2985
2975
3010
2970
576
2971
2991
2982
2945
2998
2988
2991
2439
3004
3002
3032
2978
3015
3038
3002
1478
3009
3030
2994
2920
2972
2970
2979
2995
3008
2841
2965
3010
3012
3004
3043
3014
3000
3036
2983
2901
2999
2693
2977
1758
3010
3070
2900
536
3004
2996
3013
2990
363
2965
2978
2997
2946
2974
2999
3011
3009
3011
2843
2762
3014
2995
3017
2990
2979
879
2976
3032
2968
213
3035
3002
3024
3004
3017
238
2984
2994
1290
2995
3004
3009
2963
1249
3026
3014
3056
3017
2734
3021
3014
1329
3027
3018
3015
2980
2612
3007
2955
2985
1046
2997
2835
2983
2996
3003
2989
3027
3009
3007
2976
2962
3010
3036
3011
2234
3018
2978
2960
2981
2999
2983
3009
3018
3029
3002
2434
3012
2997
2994
2969
3017
2993
3022
3005
3005
3021
3015
2997
3001
2977
2983
2984
227
3015
2884
2982
3011
3011
3013
2864
2962
3017
3028
3006
792
2971
1769
2991
3008
2964
3015
2981
2998
2966
2957
3000
2947
2974
2993
2988
3013
3028
2986
2959
3029
674
2924
2996
3042
2254
1029
2965
3030
2996
2951
2921
3063
2931
2848
2999
3024
2981
3006
2834
3000
2993
1985
3027
2987
3014
2994
2189
2987
2981
2976
3015
2986
2995
2988
3019
2633
2992
2972
3002
2974
3008
2989
2955
2727
3024
2998
3030
2220
3025
2998
2986
3017
2959
2995
2998
782
2990
3011
2998
1399
2429
2994
2826
2982
2969
2998
2994
3012
2984
2950
2984
2962
2994
2991
3026
2997
2956
2974
1686
2951
3012
241
3023
3008
3014
2522
3003
2741
2994
1913
3013
3013
2997
2713
1844
3079
2983
2941
2980
3014
3018
2944
2986
2992
3011
3007
2991
3002
2993
3010
3026
3005
3001
3014
3023
3015
3003
2998
3006
2643
3020
3003
2984
3038
2949
2974
2955
2982
2970
3037
3036
2930
3011
3008
2983
2942
2965
2985
2941
2998
2864
2665
2944
2995
2879
3011
3001
3009
2964
3020
3009
2890
2958
3009
2990
2993
2981
3004
3020
2983
2994
3009
2962
848
3006
2989
1393
2986
2982
3027
2979
3027
2977
2966
3023
3024
1366
2978
3006
3064
3037
3025
2924
2977
2984
3031
2999
3007
3017
2957
1187
2997
2999
2991
2493
2904
3003
2988
3006
3031
3044
2680
2979
3041
2991
3012
2981
2991
3010
2980
2939
3014
2976
2988
2973
2998
2968
2994
3021
3007
3003
3031
2995
241
2985
2987
2991
3038
3032
2975
1188
1085
3004
3011
2985
2967
2987
3045
2974
2989
3019
2989
1701
3021
3037
3025
2982
2957
2992
2982
3002
3009
2986
2964
2248
3001
725
2993
2983
2844
996
3017
3003
2998
3014
3023
2992
3033
2981
2999
2989
2981
787
2983
3027
3003
2945
2956
2978
3016
2964
3056
2852
2982
2988
3001
3005
2988
3019
3052
863
3008
3015
2965
3012
3022
2992
3013
3028
3009
3017
2925
3007
2901
3023
2979
2982
2604
244
3031
477
3004
3009
3021
3006
2969
2983
2991
3015
2048
3002
3023
2962
3005
2976
2994
2979
3029
2994
2999
3015
3043
2979
2982
3087
3009
2982
3004
2966
3023
3033
2891
3002
3009
3017
2975
3036
3005
2979
3006
2982
3006
2980
3025
2965
3012
3011
3061
2059
3014
3012
2422
3008
2981
2988
2984
3096
3059
2985
2976
2008
2590
3012
3029
2943
3007
2938
2968
2996
2996
3004
3032
2968
2959
437
3021
3007
898
3007
3001
3009
3013
3002
2998
2999
3018
2436
3000
2255
2860
3011
2419
2886
2926
1055
3021
2988
2940
2982
2379
790
2978
3023
2986
2981
3035
2501
2943
3031
2975
2989
3012
2964
3017
2975
3005
2995
2976
2973
2986
3027
3015
2732
3023
3056
2943
1354
2937
3000
2957
2525
3000
2956
2982
3017
3033
2969
2999
3003
3024
3016
2947
2858
3004
3012
3038
2991
2991
1378
2976
3005
3001
2995
3009
3041
3005
2993
2988
3012
3009
2737
3022
2979
1720
2989
3003
2995
2858
2965
2975
2977
326
3025
3007
3059
3155
3027
3041
3001
1743
2996
3035
2998
2678
2925
3007
3009
2930
3008
261
2992
2973
3035
2999
2999
3018
2979
2999
3017
3023
2992
3010
2980
2996
2994
2976
2976
2988
3003
2957
2946
715
2990
3044
3034
2986
2963
2761
3044
2981
2643
3039
3017
3001
3029
3007
3024
2109
2988
1777
2988
2998
2988
3007
2978
2449
2966
2979
229
3005
3036
1934
3012
459
2994
2968
3004
2998
2990
2999
2977
2978
3007
2909
3020
2994
2988
2947
212
2972
3011
3015
2966
3009
3027
2975
2986
3024
2969
2993
2469
2964
2926
3028
3016
2990
3009
2999
2914
2952
2953
3028
3003
3018
3024
3004
3006
2979
3017
2988
2950
2965
3009
2991
2988
3021
2998
1623
2986
2989
2790
2975
3015
2988
3008
3013
2991
2969
2983
