2999
2995
2988
3005
2974
2995
2959
2986
3000
3012
3019
3034
3037
3025
3030
3063
2968
3063
3023
2990
3022
3009
2980
3031
3008
2985
2978
2964
3009
2902
3018
3015
2996
3007
3001
3032
2993
3006
3024
3037
2995
3035
2999
3021
3016
3020
944
3050
3025
3010
2986
2994
1938
2991
850
3012
2976
2995
3036
2982
3025
3011
3023
2980
3002
3010
3027
2878
3022
1744
3019
3011
3021
3025
3021
2971
2984
3035
3025
3053
2969
3054
2993
2932
3009
3025
3039
3034
3012
2999
3014
2983
2466
3015
3019
3018
3007
2985
3028
2964
3028
3034
2973
2958
3012
2910
2997
2998
3016
2972
3041
3004
2971
2456
2966
3054
2985
3013
2402
3042
3006
3009
3035
2967
2981
187
3010
2218
2999
317
2983
2872
2970
2996
3004
2999
3043
2984
1766
2983
3000
2978
2717
2988
3012
3041
3020
2991
2992
2944
2968
3102
784
3033
2995
3014
2995
3025
3015
2974
3005
2989
380
2965
2998
2979
3023
2230
3025
2970
3007
3002
3015
2865
3017
3005
3010
3001
3025
2996
2982
2986
3016
3030
1932
3017
3035
2996
3025
2968
3053
3014
3015
2995
2965
3001
3016
2992
3023
2054
3011
2997
3000
3020
2863
2998
2988
3022
3056
3012
3039
2994
2967
216
1496
2957
3039
3011
2981
3007
3016
2998
3010
3009
444
3005
2716
3001
3005
1207
3026
1010
2877
2949
3005
3011
3001
2999
3022
2252
2987
3016
2986
2404
2984
3028
3040
2993
2649
3027
3002
414
2746
2990
3027
2968
3002
3027
2992
2890
3007
3029
2969
3048
2882
3028
3016
3011
2995
3029
3020
2992
3006
3006
3050
3010
2970
2952
224
2956
2999
633
3017
2997
3023
3017
3019
2994
2974
3031
3003
3030
2997
3015
3007
3012
2972
3021
3008
3032
1565
3002
3012
3051
3000
3005
2732
3010
2978
3020
1157
3029
2995
2969
3035
3012
3019
140
3016
2978
2996
3039
3014
3009
3012
1422
3003
3012
3025
513
3007
3031
557
2968
3012
3017
3004
2711
2989
3004
3014
3003
3006
3009
3014
3024
3098
2997
3025
2994
2989
3023
3036
3020
3029
2991
2986
3013
3012
3016
3004
1269
3005
3028
2967
3013
3033
3025
2986
3029
2998
3012
3003
3014
3016
3014
1915
2026
3008
3070
3046
3020
3031
2993
3005
1723
3076
3022
2988
1661
2954
216
3000
539
3031
2990
3033
2979
3016
3001
2991
688
277
3035
3009
2830
3008
3045
3008
3035
240
2805
2970
3026
3006
3002
2994
3025
3020
2987
2999
3027
3016
3029
3008
3026
3045
3005
3007
484
2986
1694
3005
3002
3024
3002
3034
2991
3014
3002
2995
3025
3019
3017
2994
2978
3018
3033
3008
2021
3035
3027
2989
2986
3021
3012
3028
3009
2985
2999
3007
2999
3044
3020
2819
2991
3030
3003
3018
2968
2994
3032
3019
3033
3038
3001
3038
3017
2988
3029
3036
2993
3020
3009
3011
2947
2977
2862
3001
2418
3032
2997
2998
3001
3026
3034
3022
3027
3012
2962
2522
3025
3047
3017
3007
3012
3027
3032
2982
3027
2993
3011
3039
3006
3024
3000
2967
2970
3005
2992
2971
2984
2983
2977
1564
3021
3083
2976
2968
2982
2490
3044
3062
2907
3011
3008
3014
3014
3019
3030
3029
2998
3044
1178
2985
2995
3027
3046
3016
311
3025
2978
2987
3005
2790
3024
2971
3019
3010
3023
2982
3030
2986
2993
2984
2360
2988
681
2997
2993
2865
3041
3083
3004
2955
2971
3020
3040
3037
3016
3007
3019
3029
3025
3024
2038
3020
3008
3002
3030
3006
2998
2990
2987
2982
2993
3014
3002
3016
3033
3007
3004
3025
3010
3043
3034
2991
3037
3021
1101
3014
2982
3033
2993
2734
3004
2992
3004
924
3016
3032
2970
3019
2992
580
3102
3048
307
3020
3003
3017
2990
1059
3005
2983
3003
3012
3025
2680
3001
3002
2956
2976
2990
3020
2999
3033
3001
3005
3036
2987
3018
3006
2987
3020
2884
2976
3015
3019
3018
2550
2036
2992
3016
3003
3036
3018
2926
2984
3033
3002
3016
3021
2947
3016
3006
3005
3031
2998
3004
2996
3057
3016
3032
3002
551
3021
3008
3013
3032
2990
3064
2814
3007
3027
3017
3036
1975
2989
3026
3009
3016
3032
2979
2392
3042
1005
2999
2976
3021
2999
3027
3001
3001
1829
3050
3043
236
2955
3020
3040
3018
3049
2977
3025
2981
2999
3014
3038
254
2999
3014
3048
3036
2969
2947
3001
3019
3013
2945
3037
3027
3015
2986
3035
2988
3026
3043
3116
3032
3023
3045
2937
3012
3006
2987
3004
3029
3009
2492
3009
2999
2996
3079
3035
3033
3011
3024
3015
3019
3033
3004
2990
3026
3042
2996
3012
2995
3025
2991
3003
2991
2964
3019
2995
3019
3029
3011
3007
3017
3015
2983
3023
3021
3027
3033
3032
3020
3029
3029
3019
3006
333
3039
2994
3005
3023
3015
2988
3002
2978
3038
3087
3016
3007
3002
2995
3017
2959
2988
2986
2768
3032
3037
3006
3036
3039
3027
3006
3034
3012
3033
2654
3001
2987
3011
2880
3023
3061
3019
3026
2980
3015
751
2982
3015
901
2998
2953
2996
3007
2935
3015
3022
3016
2983
2999
3008
2987
3001
3021
3031
3020
2988
3028
3051
3001
3022
3012
3046
2964
3036
3013
3049
2995
3018
3042
3002
3007
3020
2961
2931
2964
3006
3004
3020
2989
3024
3000
3050
2969
3011
2985
3015
777
865
2953
3001
3034
3024
3009
3003
3001
861
198
2992
3033
3014
2118
3046
2985
3034
3023
3031
3098
2995
3012
2954
3006
2972
2989
2981
2969
2970
2989
3015
2998
3013
3012
2982
3027
3020
2980
3002
2984
3009
3093
3043
3015
2994
2987
3022
2958
3005
2998
2998
2987
2983
3027
2986
3028
2026
3013
2973
3006
2941
2994
3003
3001
3016
3022
3032
2994
1737
1769
3028
2985
3013
2985
3015
3002
3042
2983
2999
3019
3006
2989
3019
251
3016
3036
3038
3033
3012
3019
2992
2974
2999
2947
3010
3005
409
3024
2999
3038
2984
3036
2995
3009
2997
3029
3048
3022
2964
2988
3011
3029
3034
3011
3008
2996
2993
2990
3029
3021
3005
2993
3015
2973
3017
3002
3002
3017
3031
3027
3010
3040
3028
2979
3005
3023
3020
3001
3035
3057
3019
3000
2983
3039
2833
3086
3014
2889
3040
3013
3013
3010
2980
3027
3019
3020
3037
2996
3003
3021
3006
2298
3018
2915
1845
3005
2901
2966
2964
3002
3021
3035
3010
3018
2990
3050
3017
3053
3031
2991
2996
3018
1396
2998
3010
2844
3020
3025
942
2893
2999
3020
2232
586
2997
3016
3026
3008
228
2979
2748
2987
2977
3022
3022
3034
3043
3042
1399
3038
1485
3030
2068
3012
3023
3006
2296
3009
3015
3004
3027
3029
2969
1424
3009
2988
3017
3016
3028
2082
3022
2911
2988
3025
2989
360
2994
3020
2955
2967
3016
2965
3012
3008
3032
3013
3050
2987
2992
3022
3018
3017
3018
3015
3006
3025
2984
2997
3031
3005
3009
262
3036
2955
2969
3005
3013
2986
3013
3017
2843
3020
2986
3016
2833
2987
2992
744
3009
3018
3022
2969
3000
1924
3005
3015
3015
3043
3017
2986
3037
2699
2982
3064
3031
2993
2996
3012
2996
3012
3010
2968
3014
2911
3036
3015
3014
3010
3061
2998
2470
2984
3000
2676
3006
2906
2985
3016
3013
2992
1074
2974
2968
3017
3000
3018
2973
3014
3056
2994
3038
2998
3006
3019
3029
151
3048
3006
246
2972
3007
1111
3030
2999
2688
3030
3046
3001
2990
2986
3009
3003
3009
2991
2998
3088
2999
2966
3008
2999
3011
2998
3025
2996
3018
474
3057
3013
3027
3025
2981
2952
809
3018
2998
3021
3060
2988
323
3012
3035
3014
3014
2344
2929
3116
2937
2770
314
3013
3027
3031
2988
3003
2966
2993
3040
3006
2446
3007
3033
2981
2997
2846
2983
3018
3001
2953
3000
3000
3016
2927
2984
3017
883
2948
3015
3036
3025
2981
3030
335
3034
1517
3008
2990
3005
3007
2983
2955
3026
1671
3037
3048
2993
2903
3030
3031
2988
3002
3025
2983
2972
2987
3029
3021
3003
3041
3016
3044
3084
3040
2456
3011
3010
3019
2982
3027
3034
2963
1583
3031
268
3016
2993
1853
3015
3014
3029
1353
3021
2955
3007
3035
3012
3024
3028
3012
3057
3012
2848
3058
3050
3001
2988
382
3010
3010
400
1050
3001
2439
3027
2993
3017
3034
3018
3025
3060
3010
3043
639
2421
3031
3017
3027
3001
2996
2978
3032
308
3020
3080
2977
2973
3013
2963
2991
2501
3017
2933
3038
3014
2999
2991
3007
2989
3004
2427
3008
3003
3009
3004
1798
3001
2983
3050
3006
3040
3041
3075
3019
3026
2785
2765
2978
3018
2992
3005
3015
3008
3023
2989
2798
2366
3007
3026
2994
3005
2999
3026
2562
3033
2908
3016
3017
801
2963
3021
3017
3008
2934
3016
3034
2979
2931
2989
3016
3045
3017
3006
3026
3020
3035
2984
2664
2971
3034
3000
2972
3011
3045
2966
3020
2996
283
2999
3025
3029
3028
3081
2964
2860
3008
3044
3020
3001
3050
2997
2975
1448
3032
2989
792
2193
2832
2647
3014
2998
3016
3041
3008
1524
3004
2961
3033
3021
3021
3009
3010
2992
3006
2999
3022
2998
433
3098
3037
3013
3024
3005
3052
318
3031
3029
3027
2993
2993
2155
2993
2962
3030
2995
2989
3032
3004
2982
3015
3012
3025
2989
3028
3012
3036
2989
205
497
2567
3007
3035
3033
2644
2997
3042
3000
3025
3012
3003
3031
2963
3003
3014
3003
1761
133
2985
3010
1717
3035
2969
3014
3024
3029
2995
2997
3018
2988
3006
3007
2966
3042
904
3019
3059
2964
3002
3019
3011
3014
1926
3021
3022
3020
2985
3004
3006
3014
3040
2971
3018
3020
2994
3011
3021
3040
3032
2997
2961
3056
2458
3014
3002
3008
3028
3000
3035
3033
3005
2706
2958
3040
2524
3049
2934
3019
3016
3042
2950
3015
2992
2988
2388
3021
2982
2993
2979
3018
2997
2536
2996
3015
2974
3033
2043
2937
3004
3011
3024
2640
715
3049
2984
3024
2983
3002
3074
3003
3001
3031
3077
217
3023
2997
3015
3016
3016
3005
2972
3006
3039
2982
3023
2982
3033
2364
3013
2998
3002
2974
2999
3010
3007
3021
3039
2936
2993
1239
3026
3001
3008
3018
3022
3011
1168
560
3038
2990
3034
3011
3036
2682
296
568
3010
2992
3014
3011
3014
2985
3011
3020
2985
3009
3025
3017
3033
3003
3013
2263
2673
2996
3020
2986
3031
3064
2970
3028
3036
2650
3000
3010
3003
3027
2773
3002
3010
3045
2985
2051
3002
3022
3024
3004
2991
619
3044
3011
3018
3011
3010
2934
3006
3028
2995
2653
2985
3008
2984
2990
2995
3030
3004
3020
3023
3034
3031
2987
2975
2992
3056
3015
3037
2172
3009
2994
1761
2837
2988
3024
2969
3014
3021
3038
3000
3004
3017
2981
2368
3011
2809
3020
2975
3017
2103
3023
2996
3004
3022
3014
3022
3045
3002
3042
3007
3027
2987
995
2991
2994
2984
2995
3031
2993
902
3018
1927
2999
3004
3000
3020
3004
2993
2990
3032
2956
2967
3010
3010
2986
2987
3035
3049
3028
2997
3033
2536
2453
3012
1312
3000
3019
3027
3023
3008
2212
2932
2988
3026
3001
2275
2969
3030
1427
3013
3022
3031
3028
3031
2988
2877
3014
2933
2998
3001
3002
3066
2944
3008
2998
3009
2945
2942
3011
3002
2971
1060
3012
2985
3020
2975
3023
451
3044
3021
3039
2957
3025
3000
3018
2976
2969
3030
3000
3034
2969
2999
3097
3002
3034
3021
2990
3030
3022
3032
2998
1452
3014
3026
3011
1413
3017
3013
3022
3023
3033
3084
2161
3035
3017
875
3014
976
3008
2987
2984
2917
3000
2788
2978
3026
3021
3003
2991
3013
3006
1916
2973
3036
3056
3016
3041
2987
2994
3035
2999
2995
1574
3014
3010
2957
3015
328
2984
1133
2969
3009
2753
2994
2969
3022
1774
997
3023
3001
3007
2958
2978
3009
3028
3040
2974
3012
3003
3018
2977
2657
2993
3001
3013
2642
3054
3021
3016
3010
3013
3009
2985
2995
3022
2988
3029
3030
2999
3010
224
2972
3015
2975
158
2610
3030
2975
2997
2986
3027
2940
2999
2997
3012
3042
3010
3017
3043
3034
3045
3015
3025
3037
3029
2986
2996
2992
2997
579
139
3069
2988
3018
3007
3012
2983
3013
3016
3025
3033
3019
3048
3032
2985
3020
2950
3047
2974
2978
3023
2023
2999
2974
3014
3014
2981
3019
3012
3017
3015
2998
2968
2947
3008
2990
2988
2987
3017
2998
2999
1014
986
250
2984
3001
3002
2967
3007
3047
3020
3006
2982
2978
3005
3008
3023
3004
3038
2967
3004
3016
2994
3019
3012
3013
3012
2990
3038
3019
2731
3025
3022
3029
2985
3002
3013
3034
3024
3025
2938
3020
3048
3051
3014
2967
2948
3017
3031
3004
2978
3013
3028
2995
350
3003
3011
2994
136
2981
3023
3023
3019
2981
3009
2995
2978
2999
2945
421
3041
3019
3050
3004
3029
3043
2983
3019
2994
3003
1980
2988
3026
2996
3018
3026
760
3042
144
3034
3010
3010
3016
3042
3010
3008
3006
3028
2965
2978
2975
2998
2771
3001
3056
3017
2801
3018
3005
2882
2991
2973
3031
2839
2997
3004
2993
3026
3006
2933
3023
3018
3004
2999
2997
3033
3012
3022
1793
985
3024
2995
2972
3004
2957
3007
3031
3003
3011
3031
2980
3036
3021
2983
3016
3017
2987
2993
2981
3035
3057
2997
3010
2985
3003
2995
2983
3031
3034
2971
3053
3024
2956
3038
2988
3020
2978
3025
2999
3022
3013
2986
2984
2992
223
2986
3022
2978
3027
3009
3022
2998
3020
3000
2984
3004
159
1447
3029
3009
3001
2981
3009
900
869
2977
3031
3016
2994
3021
2988
3009
2917
423
3046
3043
3021
2992
3009
2986
3014
3001
2984
3033
2997
3000
3063
3011
3016
3013
3008
3017
3002
2995
2901
2999
2996
2989
3025
3037
3009
3023
3016
2971
2998
2996
2992
3005
443
2070
3004
2985
3022
2389
3005
2987
2439
2980
2981
2999
3009
2547
3014
3038
2955
2998
3007
2982
3004
3016
3026
3000
3019
2175
3017
3038
3015
3027
2993
3021
2980
3026
2320
3059
2973
3016
2990
2995
2989
2667
3012
2989
3068
3010
3018
2997
499
3002
3029
2999
3003
3034
1270
3000
2974
3025
3017
3003
2996
2995
3019
3001
3007
3033
2985
3006
3027
3031
3007
2981
2972
3026
3009
2998
2971
3016
2659
2976
3034
3002
3037
3046
3027
3030
3056
3015
1463
350
2437
1865
2993
2991
1451
3027
3005
3006
3014
3058
3008
2994
2998
2990
3024
2998
3015
3010
3028
2690
2990
2993
3011
2211
3016
3017
3023
2995
2971
2996
2957
3020
518
2996
2971
3009
2986
2997
3022
2948
3001
3016
3000
3010
2894
3040
3012
3005
2603
488
3023
3022
3029
3001
2997
2991
2996
2254
3005
2998
3013
2301
2344
3018
3007
3006
3022
2754
3006
3001
3002
2979
2993
3001
3016
3016
673
3049
3017
2348
2794
3033
3004
3028
2675
2984
2991
2975
2988
366
3035
3001
661
2999
1242
3008
2991
3002
3019
3000
2989
2990
2961
3038
3009
3000
1695
3010
1932
1546
2698
3026
2986
2980
3031
3081
2982
754
3049
3009
2194
2963
3021
2996
2959
2953
3014
682
1906
3004
3009
3022
279
3023
3089
3005
2978
2969
3018
2990
3001
3019
3011
2964
2970
2994
2986
2999
3030
3042
3010
3013
3030
3035
3020
3014
2994
3049
3000
3012
1228
2929
2963
3027
3018
3001
3016
2019
3023
238
3031
2974
2994
3021
2976
3002
2981
3014
3026
3002
3016
2983
2979
654
3009
2995
3007
3026
3010
3010
3011
2005
3017
3015
3029
2967
3039
163
2995
2993
3030
2962
2989
3023
3007
3014
3011
3002
2828
2997
3032
2983
3047
273
3008
3030
2998
3010
2953
2056
2162
3004
3016
3020
2654
3002
2895
3016
1419
3005
1340
2995
1352
3024
2960
2636
3014
3007
3051
2985
3020
3022
1256
3015
2978
2988
3017
2957
3017
3000
3017
2980
565
2992
2985
3018
3005
3012
3012
2967
3037
2989
3023
1892
2966
2994
3012
3013
3010
3000
3022
2832
276
3011
2990
2988
2990
3018
2978
3015
3029
3032
2996
3026
3030
3045
3035
3009
2991
2989
2990
3006
2978
3012
3023
2897
3016
3006
3000
2992
3014
3001
2982
3003
2931
3038
3043
2979
3026
1390
3002
240
3033
1710
3075
3035
2990
3021
2972
3019
3022
3012
3008
2981
3007
3008
3015
3028
3037
2971
3028
3010
2977
3008
1083
3023
2923
3000
3005
2993
3001
2975
3027
3025
2978
3032
3027
2984
2657
3018
2981
3002
3032
3016
2962
2503
2971
3045
3001
3008
3009
2988
2750
2898
3053
567
2995
3026
3004
266
3014
1532
3002
3010
3037
2967
2960
3006
3009
2988
3025
3032
3004
1439
2963
3037
3017
3046
2980
2990
2998
3035
3019
2996
3017
3035
2286
2929
2995
2963
3053
2991
3015
2991
3013
3027
3042
3024
3028
211
2979
3008
3051
3014
3008
3004
3030
1902
2983
438
3001
502
3006
2089
3007
3057
1435
2999
2983
2970
3043
2992
847
3008
3009
3014
1109
2990
3007
2493
2944
2983
2998
3041
726
3037
3026
2951
3033
2999
3000
3017
3021
735
3032
3094
3038
3033
2973
2994
2999
3013
2969
3005
2998
3003
3032
3005
3022
3019
2979
230
2395
3025
3002
3043
3024
2990
605
3035
3028
3012
3008
3103
3026
2961
2835
2523
2758
3034
3001
1322
2980
2727
3040
2983
3031
3014
2999
932
2993
3028
489
3025
2946
3010
292
1610
2986
2982
3005
2971
3002
2183
3011
3039
2991
1709
2960
3038
2993
3021
3021
293
3006
3029
3035
2993
3005
2334
2991
2984
2972
2992
2988
3004
2984
3012
3018
2992
2990
3015
3048
3008
3013
2965
3003
3016
1784
3021
3000
3038
3017
3013
2998
2984
2997
3015
2817
2146
3013
3014
3010
2976
2987
3005
2992
2978
2970
2990
3033
2972
3021
3015
3018
3000
3011
2968
826
3038
2960
3000
3049
3007
3004
2995
2995
3015
3015
3005
212
2988
2972
3006
2984
3045
3016
2995
3011
1638
3004
3003
3015
3001
3021
3043
3022
2965
2995
3022
2986
2935
3030
3011
2963
3033
3011
3032
2051
3017
3016
143
3044
3063
3002
3021
2985
2999
2952
3019
3006
2971
3000
3018
3022
1281
2978
2990
3014
3037
3014
3001
3002
3033
3008
3012
3024
3039
3015
649
3010
2952
3026
3010
2999
3002
2974
3000
284
3009
3024
3010
3015
226
2957
3009
3031
3011
2997
3000
3028
3056
2999
2946
2982
3022
3023
3025
1729
2453
3008
2985
2501
3006
3011
2945
3023
2978
3030
2944
3006
3003
3006
2999
2991
2982
3012
3023
3030
3047
2996
2999
2968
3013
3002
2983
3023
546
2461
1053
3006
3008
3002
3007
3069
3062
3008
3003
2984
2223
3001
3034
3006
3011
3021
2996
3026
160
3015
3024
2979
2968
3007
195
3016
3014
3012
3030
3005
3011
503
2985
3005
2950
2998
3022
2807
3015
2961
2986
2983
3011
3024
3020
3022
3014
3011
2994
2994
3013
2983
2991
2959
2993
3032
3031
3006
2991
131
3018
2997
3022
3009
3041
3023
2971
2986
3010
2995
3020
3023
3027
3006
2986
2982
3030
3002
2952
3019
2942
3011
2973
3000
2973
3012
2115
3018
2988
2993
3006
2958
2999
3008
2996
3008
2586
3023
3010
3059
2963
2997
2995
3022
3003
2780
3021
3021
3001
2986
2049
3022
3023
488
2986
3000
3051
2953
2982
2971
3023
2968
3000
3028
2995
2970
3007
2985
3013
2979
2971
2970
3075
3089
1961
3001
3027
232
3023
601
2993
3023
3081
3008
2864
3023
3032
2972
2993
3037
2966
2997
2996
2999
880
3013
3003
3007
3025
3023
3015
2990
3046
3017
1977
2621
3010
3006
3002
2994
3003
3005
3014
2994
3077
3001
3021
2986
3002
3037
3004
3020
3005
2972
724
2994
3028
3009
3019
2995
3026
3022
3046
3052
3038
3005
3006
3051
3006
2983
2189
3025
2982
2974
3024
2949
3086
3001
2973
2971
3031
1907
2996
3007
2990
2990
3025
3027
3019
3013
3002
2989
2988
1470
3034
3018
3021
3011
3002
3023
3012
3005
2981
3013
2990
3026
3020
2990
2657
2965
3012
3004
2990
3041
2993
2486
2367
2995
3007
3086
3006
3011
2995
3028
2960
3031
443
3001
3006
3006
3015
3013
3004
3024
3012
3021
3007
2980
2993
224
2966
3046
3013
3006
3012
3011
3005
3052
3071
3021
2996
3021
2974
3081
266
3020
3014
3036
3025
3016
3034
3017
3015
2973
2956
3086
3017
2999
2998
2936
2991
2991
3027
3012
2082
3005
3013
2968
3001
3000
3017
2868
2984
3005
3025
3033
2994
3004
3027
3079
3006
3008
3014
3028
2995
506
3018
3030
3009
2645
3001
3022
151
3028
2995
3018
3003
3012
2979
2973
2982
3006
3007
3023
310
3015
2989
3007
3017
2989
3024
2999
3014
3016
2956
3034
3000
3039
3016
2971
2916
3017
3022
3034
3011
1064
2992
3031
3000
3027
2982
1842
2648
3018
3026
3027
933
2987
2995
2992
3032
3025
3012
2984
3014
2936
2265
2992
3020
3006
3039
2988
2979
3010
2962
647
2958
862
2985
3002
3024
3056
2991
3050
269
1311
3009
3103
3023
2266
2260
3024
2997
2844
3018
3011
3019
1317
3008
3012
3012
1021
3004
3018
330
170
3000
3000
2999
3048
2996
2994
3006
3048
3016
3039
2999
2967
3024
2997
3008
2972
263
2994
2947
796
2981
3025
2680
3034
539
3005
3016
589
921
2992
3018
2980
2975
1309
2995
3020
3005
3021
2988
3017
3016
3009
3010
3031
3036
3035
3012
2975
3016
2980
2966
3018
3008
1985
2986
2983
2951
3038
3022
3015
3017
3035
2996
3009
3020
3009
2992
3024
2965
3014
3022
2688
3031
3015
2998
3003
637
3028
3013
3013
2643
2912
3012
3049
3044
3001
1497
3025
3015
2943
3032
3025
3038
2986
3029
3034
3004
3024
2812
3044
2626
3056
2972
3014
3007
3028
3010
3005
3037
2985
2009
3032
2973
2981
3017
3013
2999
2491
3014
2993
2978
171
3018
2996
3013
3022
3014
3046
3015
2990
3009
3001
3009
2950
3049
3109
3029
3012
3038
2689
3011
784
3029
3039
3049
3010
2988
3033
2888
3036
3005
3012
3017
3007
2207
3018
2971
3002
2987
3012
617
3023
3001
3015
3045
3055
3018
3030
3015
3030
2994
3000
3012
2962
3027
3013
3035
3010
3008
2964
3025
2995
3019
2984
2976
2992
3004
3016
2995
2987
2989
3013
2972
2994
3056
3103
725
3010
3004
3031
2998
2072
3004
3004
3032
2973
3007
3032
3009
3020
3013
3041
2987
3042
1949
2899
3015
3035
3000
3036
3022
3016
2994
752
2971
2782
3034
3031
3023
3038
3015
2968
3042
3006
3002
2986
2967
274
3003
3017
3037
1680
3018
3001
2942
3016
3015
3006
308
3006
2999
2965
3019
3040
2418
2998
3011
3025
3018
3012
3016
3003
3013
2981
2990
2072
2947
3085
3016
3014
2994
2976
2982
3043
355
3000
938
3011
2980
1680
3013
2972
3024
3020
3007
3014
3024
2134
3003
2983
223
2964
3024
3082
3023
3012
3012
2964
2827
1960
3000
2964
3026
3025
3002
558
3002
3019
3055
3002
3036
3008
1906
2800
3028
2972
3007
3000
3024
2997
2485
3014
1142
528
2584
3013
2985
2997
3005
3019
3020
3003
3010
3024
3031
3039
2991
3002
3021
3032
2995
2997
3044
2981
3002
3004
2996
3028
2974
2999
3015
3010
3027
3001
3040
2981
2939
3038
3007
2969
3025
3000
2886
3007
3005
2881
3086
2901
3019
2968
3010
2999
452
3005
3030
2056
3000
3002
2875
2952
3040
3008
3038
2989
3024
3022
3031
383
3031
3010
2972
3024
2996
3049
3009
2924
3022
2956
1809
3040
2970
3009
2999
2962
3002
135
3030
1556
3008
1869
3053
2971
3002
2985
3040
3016
3007
2235
2976
3039
3007
2990
3004
2990
3024
2962
2560
3005
2997
2998
3017
3012
3084
3032
3004
3009
3016
3042
3019
2978
3016
2989
3004
3065
2989
2981
2998
2974
3026
2996
2986
3030
3007
2929
3011
2970
2935
3013
2999
3016
3033
3009
3014
2999
3016
3005
3000
3010
3006
3002
1142
3005
3015
3022
246
3021
2988
3005
3026
2995
3042
3003
780
2981
3025
2993
3018
2992
3038
3000
2790
3016
2130
2981
2985
3002
623
3009
3035
2973
3019
3019
3005
3025
3000
2996
3019
3015
3001
164
2984
3034
2983
3034
3010
3000
2983
2997
1461
1156
1087
2940
2986
3010
3027
2979
2989
3029
3029
2965
3007
3015
2962
3029
3016
3017
2991
2627
3035
2971
3012
3010
3013
1191
3013
2238
3008
3027
3014
3025
3018
3041
2957
2992
2987
351
3008
3017
2976
3005
2865
3022
3007
3080
2968
3017
2994
2929
3027
3014
2981
3038
3016
2987
3053
2992
568
3023
3022
3013
1576
3008
3031
2992
2381
2995
3022
3003
3017
3015
3021
3006
3017
2984
3029
2389
3029
3032
2009
2954
3011
3036
2899
3022
3028
3035
3000
3016
3015
3011
2965
2985
3029
2977
3027
2911
3018
3004
2762
3017
3014
3029
3010
3001
2979
3013
3011
3009
3031
2993
1516
2995
3039
3026
3011
2057
3016
1975
2983
3001
2999
3011
3021
3032
3032
3010
163
2988
3029
3020
1081
3036
3018
3023
2979
3022
277
3005
3012
2980
3040
3002
3006
3053
1210
440
2998
3015
3007
3041
3006
3019
3048
3025
3007
2980
2983
3012
3001
3019
3011
2995
1972
3040
3009
3018
3025
3021
3004
2949
3002
2996
3025
2956
3039
2818
2996
2952
3000
2984
3019
3013
3022
2989
2938
2934
2925
2926
2160
3038
3028
2935
2991
2998
3020
3032
3019
2996
3009
3036
2991
983
3067
2486
3008
2998
477
3004
2999
3007
3014
3011
2967
3010
3008
3012
3017
3024
3001
3020
2969
3042
2977
2977
2981
3027
3051
3000
3012
2882
2965
3004
2993
3009
1019
3019
2996
3028
2999
2977
3018
3018
2514
2216
1719
2841
2973
3003
3010
2966
2975
3067
3021
2994
3010
2991
3069
2994
3008
3029
3009
3075
3003
2967
577
2933
3004
1205
2984
2965
2997
2980
2778
2993
3008
3025
2980
3026
987
2883
1655
3046
3001
3003
3002
3015
3021
3019
2812
3021
3024
3014
2819
656
3037
957
3031
251
3037
2993
2915
2998
3002
3017
3015
2978
2497
3020
3020
3001
2969
3057
3014
2971
2718
3015
3017
2997
2996
3005
3042
2992
3007
3010
3031
3119
2990
2977
3063
2982
2992
3026
3032
3019
2992
3041
3033
3002
2999
3037
3003
3022
3032
3028
2983
3053
3077
3005
2378
3014
1084
3002
3020
3031
2997
2994
3023
3011
3016
3016
2980
2976
2990
2974
2997
3005
2167
2992
3007
3050
2985
3002
2711
3041
3005
3018
2983
3009
3009
2511
3010
2968
3029
2384
311
3021
2843
3005
3021
2757
2930
3047
3032
2996
3001
2831
3020
3007
3033
3002
3038
3046
3023
3009
2989
2981
2994
998
3011
2187
3037
3039
3021
2988
3004
2991
2969
3070
3025
1059
3021
3022
3008
3017
3023
2762
3037
2993
1496
2913
3041
3010
1950
3005
3012
3014
2985
3007
2998
2998
2986
3024
3042
1202
3003
2998
2997
2981
3013
3003
3016
3010
2992
3010
3024
3015
2987
3013
2964
3016
2939
2978
3007
3019
2997
3029
2877
3034
3021
2990
2945
3014
3002
554
3017
2994
1917
3006
3010
2977
3016
2998
2998
2994
3006
3013
3022
2994
3017
1707
3023
2987
2992
2973
3027
3011
3053
2966
3018
2971
3006
1779
2444
3017
2996
3043
3039
2942
2992
3094
3018
3015
3003
3015
2983
3005
1781
2982
3003
3019
3032
2999
3015
3027
3028
3022
2987
2985
3009
3030
2994
2866
3016
2980
2290
3059
3010
3012
3007
3062
3019
2968
3012
1521
3005
3026
3021
3017
652
3009
3042
3041
2978
3033
2999
1479
2301
2344
3003
3005
3001
915
2116
3024
2995
3031
2988
2975
3015
2875
3030
3017
2973
2997
3013
3040
3028
3012
2994
3024
3021
3039
2993
3017
2961
2994
3013
3033
2996
3045
3064
3119
2926
2998
2993
2989
1368
2994
2977
3052
2984
277
2970
3037
2998
2991
2983
3033
3053
3018
2955
2999
3031
3008
3008
3006
2971
2987
2972
2911
2959
2993
3028
3033
3014
3006
675
2913
3030
3030
2973
2995
2633
3028
2971
2754
3007
3046
3020
3030
3009
1372
3037
3031
820
3027
3017
3020
2987
3023
3044
2975
3035
3027
2986
2983
2801
3034
2973
2993
2992
3014
3047
3004
3021
1652
3000
3002
3052
3055
3043
2974
3017
2976
2999
3044
3039
3005
2880
3017
2685
3030
3008
3004
3013
1670
3016
2992
3002
2984
2973
3000
3010
3019
3009
1982
2994
2168
2681
3024
3010
2936
2993
3001
3021
2911
3029
3023
3028
2680
3001
3030
3000
2613
480
3018
2979
2986
3008
3008
3029
3022
3084
3023
994
2993
2998
2993
2984
3004
2990
2042
3012
2997
2968
2891
2997
3033
3033
3014
3006
3033
3033
2992
3005
2990
3028
2989
1497
2971
1023
3023
3014
3027
2993
3001
3025
3022
2975
3023
2997
2988
2815
3075
3004
3012
3031
3006
3036
3032
3044
3006
3020
3009
172
1461
3000
2980
3030
3007
3007
2966
3006
3016
3001
2970
2984
3023
3023
2999
2979
2997
2978
3023
3032
222
3003
485
2216
3021
2987
3010
3007
2971
247
3042
3017
238
3005
1684
3015
3104
3094
2972
2205
1991
3034
2994
3030
2963
1027
3004
2738
3012
2983
3027
2990
3063
3004
3043
2600
3022
2972
3003
3003
3020
3030
3005
2997
2970
2996
3015
3015
3017
3031
3025
2937
2994
2991
3039
3013
2996
2984
2994
2984
3015
3025
3030
3002
3009
3040
848
3023
1848
1969
3007
3004
3011
3001
3004
3008
3015
2985
3035
3034
3003
3049
3022
2993
3026
3017
3019
2994
2885
3020
3033
2998
3011
2940
3020
3016
3008
3024
2976
2999
3037
2997
3022
2980
3009
2960
2998
2856
3002
1109
3025
3026
1763
1603
240
3006
3011
3009
2997
3022
3008
2981
2987
583
3047
2988
3022
3017
767
3047
2998
3021
3029
2966
3012
3018
3030
2942
3043
3005
2957
2984
3046
209
3054
2995
2962
2983
3023
3012
3028
2971
3012
2985
2978
3018
2995
3017
3013
2986
2780
3014
2388
2998
3005
3015
3046
3033
3037
166
2996
2987
3017
2988
2997
2998
2992
2934
3006
2999
3004
2808
3014
2504
261
3035
2955
234
3050
3000
3015
3022
3002
3027
3020
3029
2416
2988
3007
3012
1442
2457
3010
2991
3002
3020
2997
2946
3022
3019
2807
3036
3028
3025
3020
2979
2350
3024
1873
2987
3010
3024
2973
3004
3031
3017
3003
3020
3006
3015
2991
2965
3029
3005
2987
463
2992
2977
320
2368
2981
2990
3033
2988
3006
3014
3000
3025
3014
3003
2825
3021
2994
366
3019
2993
3087
3002
2949
3015
2363
3015
3031
3026
2971
3045
3012
2609
3024
2995
3047
2983
3037
3019
3001
2987
3014
3018
1034
3011
3063
2961
3037
3020
3000
3018
1332
2543
3018
2975
3036
2992
3006
3013
2979
2977
146
933
3025
3011
3015
3010
2642
3007
281
3045
2985
3054
3027
2907
3030
3048
2994
3013
2993
3046
3024
3034
1632
2983
3012
3014
2996
3012
3099
3019
2946
3037
3031
2977
1087
3003
2986
401
3013
3019
3004
3030
2976
3013
3022
3030
3000
3031
3002
2969
492
2937
3031
3025
3002
3007
3022
2983
3016
3005
2987
2996
2080
3011
3011
3000
3029
2988
3023
283
3024
2977
858
2347
2991
3023
733
3032
3002
3030
2991
3005
2990
3005
2593
3007
3017
3020
2909
3004
3012
3001
2977
2992
3011
2960
3021
930
2749
2984
3006
2980
3035
3038
2992
2175
3031
3027
3005
3009
1987
2991
2993
2987
3018
2987
1672
3012
3024
3004
2998
3028
2950
2955
2984
3034
3013
3021
3028
3020
2984
3020
2999
3021
2998
3020
2992
2973
3019
2916
2996
3035
3011
3013
776
3000
2781
3008
2449
3031
3034
3008
3021
2997
3022
1457
3033
3023
3012
3000
3024
3027
3020
2724
3036
2987
2980
2971
2976
3011
2991
3036
3012
3019
1910
3003
2997
3011
3023
3011
3004
2996
2995
3013
3005
3009
3006
3033
3079
3026
3008
3029
3015
3023
3021
3039
3046
2997
3008
3011
3011
3009
3012
3029
3028
3006
3011
3015
2447
2967
519
3021
2973
3026
3014
3002
2847
3010
3034
3030
3005
2974
3018
3019
3020
2984
3004
3008
3032
3004
2999
3022
3008
3014
2998
3024
3002
1880
1406
3038
1927
2517
3050
2949
3025
1056
3019
2991
3028
3022
3024
3034
3011
3012
3029
2994
3030
2987
3048
3024
3000
3013
3012
3026
3034
3004
3032
2979
2971
2989
370
2988
3046
3011
367
3025
2940
1006
3001
2368
3021
3037
3009
3030
2976
3023
3037
3007
3002
260
3010
2997
3016
3021
3041
3001
2934
2227
3015
2968
235
3021
2986
3018
2998
3012
2987
3019
3012
2972
429
3013
3014
2982
2961
3004
3006
2919
3029
3038
2978
3006
2998
378
3017
3029
3054
2993
3007
3038
3013
2991
3007
3027
3018
2980
3022
2995
3033
2978
2960
2987
2996
3025
3022
944
3049
2935
3027
3001
3027
2172
3008
2794
2967
3011
227
3004
3015
3020
3002
2998
1267
3054
3009
3039
2988
3003
2998
3021
2641
3026
2992
176
2998
3007
3029
3003
2956
3016
2990
3011
3046
2989
2152
2994
3078
3023
1492
3001
2953
2999
3004
2967
3013
3035
3006
2985
2980
3004
3002
3008
3007
2989
3017
3019
3005
3010
2993
3014
3020
3034
2963
2992
2997
2997
2964
2970
3010
2974
2995
2607
3024
227
3025
3001
3016
3020
2986
2996
3004
3018
2995
440
3026
2988
3025
3016
2992
3011
3040
3003
547
3031
3027
2981
2999
3012
3005
3026
3002
3015
3016
3016
2999
3011
3086
3037
2933
3020
2984
3033
2988
2984
3017
3008
3028
1896
3026
2999
1166
2998
3027
464
2965
3025
3029
2996
3010
3022
3000
2967
3003
183
3007
3028
3001
2338
2659
3011
2092
2097
3004
2997
3008
3051
3037
2892
2988
2985
3025
761
3004
2992
2996
3011
3009
2996
3003
3016
3004
3010
3024
3063
3038
2039
3034
3031
3032
2964
2941
3002
3035
3027
2955
2929
3012
3062
2686
2993
2989
2997
2572
2982
3053
3022
3004
3017
2991
3016
2954
3018
2949
2970
3028
3004
3007
3031
3017
2990
3021
2975
2985
2739
2971
2990
3032
3001
3000
3018
2984
2982
2996
3025
2941
3049
3010
3001
3008
2998
2891
3035
609
2948
3011
3030
2928
2994
2985
3031
2990
3034
3004
3023
2998
2996
3041
3038
2989
3009
3024
2477
2602
2673
3007
3020
3026
2995
3077
2359
3011
2992
3008
3013
3007
3042
2983
3005
2998
3021
2996
3109
2996
3006
3007
3019
3005
3014
3027
3031
2998
3008
2993
2987
3012
2913
3011
3004
3100
3017
3005
2174
2995
2995
3002
3021
3083
3036
3045
2954
279
3012
3012
2965
3032
3010
3005
3039
2983
3011
2578
3009
2985
2987
2991
3019
2921
2985
3025
3013
3002
2997
3000
3013
3008
3031
3003
3019
2993
3017
2996
3009
2936
2998
3030
3005
3008
3004
3006
3015
1262
2937
3023
3031
3022
3004
2731
2123
393
3014
3005
3028
2996
914
2986
2390
3032
3014
2994
2594
3003
3011
3052
3034
3018
3016
3045
2999
3036
2605
1618
2971
3006
3006
2985
3019
3045
3031
3015
2991
2599
2974
3014
2987
3009
2971
2273
3019
3017
2980
2535
3010
2947
3065
2842
3011
3008
3023
2925
3006
543
3034
1622
3016
2937
3008
2226
2979
3007
3005
2963
312
964
2980
2990
2992
2999
2987
1777
2968
3007
3009
2999
3070
3011
3008
2989
3010
2959
3043
3033
3020
138
3018
3022
2990
3036
3002
2994
3002
3012
2995
3023
3016
3019
3011
2989
2990
3008
2996
3005
3014
3002
3031
2701
2993
475
3005
2992
3018
3000
3018
1089
3022
3039
2969
3003
2996
3092
3013
3007
3043
3014
3009
3028
3002
3004
3035
3016
3016
3051
3014
2993
2924
3017
3004
3000
3011
2996
3017
915
3025
947
540
3080
3031
2969
1257
2997
3009
3015
2980
2992
2984
2988
3037
2826
917
2998
3014
3009
3033
3016
3031
3002
2677
3001
3041
2918
2983
2993
2997
2983
3005
3037
3006
2916
3037
3040
3025
3015
2991
2993
3011
2975
1913
3038
325
2957
3009
3018
2995
3042
3013
2972
3005
3014
3042
2983
2976
3034
3010
3033
3028
3019
3009
3037
2956
3016
3019
3029
3013
2989
3008
3022
2968
2982
2930
3007
3003
3048
2979
2988
3008
3024
2410
2986
1561
2969
2998
3014
2990
3038
3030
3016
2999
2991
3011
3024
2965
3028
2501
2958
3022
3009
2995
2993
2977
1509
3029
151
2769
3019
3024
3086
3026
3024
3039
2991
1125
3080
2989
2987
3043
2992
3017
3014
3020
3030
2989
2987
238
3004
2997
2994
2950
3036
2991
3050
3005
606
2968
3033
2989
3043
3009
3022
3018
3090
3011
3017
2991
1988
3018
797
3003
1308
3027
3007
3004
3019
3005
2840
2986
2935
1432
3007
2996
2999
2994
3010
3016
3000
2988
2978
3046
2977
2996
3059
3046
3028
3015
2853
522
2957
2983
3035
3041
2998
3007
3009
3009
3009
2991
1405
2222
3017
3011
3008
2992
2951
3028
2917
3019
2907
3008
3007
2727
3022
3023
2948
3005
3032
3030
3052
1749
2985
3024
3031
1670
2993
3018
2971
2992
3008
3021
3038
2997
2993
3009
3003
2984
2326
3034
2674
1811
3040
3039
2997
3002
2326
2965
3028
2982
2950
3028
3003
3065
2968
1288
3020
3023
1151
2974
2991
3022
3001
2062
2261
3016
3025
3027
2999
2966
2994
2988
1011
3011
2959
3028
2974
3110
3025
710
3001
3008
3010
3012
2939
2980
1740
3009
2989
2990
3000
3011
2951
3031
3007
3009
2482
2997
2995
2797
3033
3045
3010
3024
3014
767
3002
986
1951
2995
1928
3009
3027
539
2978
3014
3002
3000
3020
2798
3046
2090
2982
2995
3037
2612
3019
1270
140
2989
2985
3000
2283
3017
2999
3035
3005
3021
3006
3004
2931
3011
962
2996
3007
3018
558
3017
264
3007
3010
3013
396
2895
3006
3003
3010
3014
3021
3048
1051
3009
2981
3029
2999
3016
3004
3011
2989
3007
3025
3025
463
3047
1157
3015
3012
3005
1222
2995
2993
3009
2977
3024
3008
3008
3033
3009
3018
3018
3028
3003
3040
3006
3012
3014
2967
3000
2990
3037
2998
2995
2988
2973
2989
2979
2516
2992
3026
2778
3010
3025
3020
2991
3010
528
3021
2981
3030
3019
2992
3008
3058
1181
3012
3016
3009
3038
3004
3002
3017
3006
3016
2995
2976
3003
2996
3013
3097
2980
3020
2976
2951
3028
3005
3034
3012
2467
3008
2981
3002
347
2988
3007
3021
2984
3023
3033
3033
3013
3003
2996
3018
3002
3020
2989
2373
3005
2989
2993
3006
3028
2954
1495
2999
2998
3002
909
3020
2999
3011
3041
3013
3027
3025
3003
3016
2969
2670
3006
2974
3033
3023
3018
3008
3017
3023
3026
133
2997
3001
3010
3032
2959
2977
3006
2993
2989
3034
3039
2734
3012
3019
3032
3012
3008
3013
2998
3025
3041
3005
3019
3002
3003
2987
2986
2986
3033
3036
3009
3021
2963
2965
2959
3021
2984
2860
2985
2989
3029
2997
2998
3019
3022
3010
2997
3023
2990
3030
3029
3049
2961
2986
3018
2966
2696
3085
586
2999
3016
3031
3044
2404
2993
2943
2967
3050
3001
344
3030
2966
2958
2263
3018
3005
3018
3009
2990
3032
2950
2970
1358
2976
3019
3043
2984
3013
3012
3005
3040
2973
3011
3000
3009
2832
2738
3009
2989
3046
3033
3013
2998
3016
2974
3029
3028
3003
3019
2993
2454
2996
3002
3043
3023
3016
3031
3008
353
3016
2624
2971
3005
3016
3013
3013
3026
3010
3029
3100
2999
3003
2948
254
2781
3051
2701
2992
2995
3036
2976
3011
3027
3016
3013
3016
2999
3001
402
3015
2996
2987
881
3015
3024
3016
2986
2998
2999
2978
3003
3009
2907
3011
3006
3003
3007
3041
3003
2333
3033
498
3040
3021
2361
3009
2967
3002
3045
3006
3020
3047
2977
3095
2955
3010
2964
3046
3097
3004
3004
838
3023
3012
3021
3008
3085
3025
3004
3009
479
2995
3012
3030
2977
2970
3037
3019
2236
2906
1807
2991
3011
3037
2994
3004
1765
3018
3019
2998
2998
1042
2985
2881
2991
1794
3012
3024
3094
3000
2998
3029
3012
2997
3041
3031
2954
3000
3014
3003
3002
3000
2987
2997
3036
3000
3033
3027
3015
3014
3009
2984
3034
3025
3022
3006
2997
3092
3012
2905
3028
3037
2133
3037
2994
3011
2994
2900
2983
2805
3018
3008
2995
3002
2833
2992
3008
3033
3028
3072
1978
2976
2866
3022
662
3054
2988
3032
3030
2987
3029
241
3016
3030
3022
3006
3060
3014
2999
2954
2988
2984
2480
2677
3010
304
3034
3008
938
3038
3028
3006
3029
3015
3016
3037
2977
2991
3083
2961
3016
3009
3027
3009
3015
3031
2987
3037
3003
2995
2985
3043
3027
3022
2968
2988
3019
3010
3099
3043
2971
3031
2991
3010
3019
3009
2992
2949
2982
2992
3020
3003
3018
3014
2997
3016
2986
2983
2981
3020
3017
3067
3016
2997
3017
3002
408
2980
2745
2866
2266
2877
3028
2999
2627
3022
1430
3035
2415
3006
2271
2975
2759
2982
3047
3036
2537
2977
3009
723
3010
3016
2960
3059
2999
2951
2962
3014
3009
2764
3026
2983
2957
2923
3000
3040
3009
3036
2410
2922
3008
2981
2974
2960
3018
3016
3030
3009
2964
3016
2994
3024
3023
3023
3021
3014
3016
3015
2142
3054
3019
3042
3000
3035
3010
3024
3021
1783
3019
2891
3021
3020
3026
3000
3023
2983
244
3010
3012
3011
3018
3016
2960
2991
3032
1536
3001
3027
3005
3019
3010
3013
3019
3025
3019
3011
3001
3004
3011
2995
2978
2980
3031
3004
2967
3023
3011
2884
3007
3015
3028
3038
3011
2924
3024
2865
3010
3005
1666
2996
3016
3030
3017
3025
3003
3019
3023
3039
3043
3018
3028
3020
3002
3004
1757
3027
3016
3008
2997
3019
2979
2995
2970
2946
2993
2995
3026
3026
3010
2597
2978
3027
3014
2656
2019
3035
2830
2958
3008
3011
2978
2995
3000
3018
3025
3023
3031
3011
2911
2994
3043
3020
3032
3004
3053
3012
2995
3021
2811
3040
2515
661
3023
3030
2993
2951
3010
2918
3018
3034
2942
2996
2993
2991
2936
3008
3060
3014
2970
3021
3002
3015
3009
3023
177
3016
3003
2988
2973
3026
3036
2993
2916
