1521
1508
1533
871
1529
1525
1526
1528
912
1520
1523
1519
1523
1523
1522
1528
1518
1523
1525
1530
1531
1521
1523
1525
1524
1524
1508
1528
1527
1347
1526
1474
1520
1531
1013
1525
1516
1513
1545
1525
1522
1314
1521
1507
1526
1524
617
1509
1514
1497
1523
1041
1532
1517
1535
1523
1518
1519
1525
1523
1511
1521
1513
1521
1514
1510
1524
1521
1550
1518
1520
1390
1530
1523
1526
1508
1527
1531
1526
1516
1530
1526
1508
1527
1525
1104
514
1494
1519
870
1526
835
1518
1529
1533
1522
1525
1514
1522
1526
1533
1520
1490
1375
1526
1482
767
479
1527
1280
1512
1524
1526
1525
1523
1523
1529
1528
1523
1525
1527
1528
790
1524
1515
1521
1522
1526
1519
1523
825
1527
1508
1525
866
1130
1537
1514
1525
1525
1515
1511
1266
1519
1523
1492
1526
1526
1526
1526
1525
1531
1528
1525
1523
1527
763
1519
1523
1526
1517
1515
1511
1512
1528
1527
1519
1496
1491
1522
1523
1515
1516
1526
1522
1521
1530
1532
1522
1527
1528
1532
1526
1523
1523
1532
1519
974
1513
1516
1527
1531
1514
1510
1537
1532
1531
1528
1529
1526
1523
1520
1527
1517
1521
1517
1521
1527
1523
1535
1530
1531
1526
1532
1510
1512
1523
1533
1527
1527
1517
1526
1518
1528
1500
1525
1542
477
1534
1524
1522
1527
1517
1354
1528
1535
1523
1523
1511
1519
1523
1527
1497
1431
1526
1517
1525
1525
1523
1523
1530
1528
1520
1527
1519
902
1524
1517
1528
1527
1526
1513
1514
1527
1535
1419
1517
1527
1527
1526
1524
1523
1528
1527
1528
1525
1474
1500
1526
1532
1520
1525
1521
1523
1526
1512
1368
1492
1529
1504
1518
1528
1511
1178
1529
1500
1503
1528
1515
976
1522
1512
1518
609
1532
1514
1525
1526
1530
1531
1530
1523
1518
1529
1521
1527
1524
1521
1531
1508
1541
1526
1529
1529
1523
1528
1526
1493
1531
1300
1522
853
1525
1517
1517
1516
1527
1530
1479
1529
1530
1522
1519
1523
891
1521
1532
1526
1520
728
272
1525
1524
1520
1525
1523
1524
1526
311
1521
1513
1526
1523
1520
1520
829
1525
1525
1525
1514
1515
1534
1528
1522
1503
1515
1526
1530
1529
1527
1529
1528
828
1526
1527
1490
1531
1528
567
781
1436
1527
1530
1527
1083
1529
1518
780
1524
1526
1527
1518
1525
1515
1520
754
1512
1522
1527
1523
1526
328
1523
1523
1491
1524
1522
1501
1519
1520
1491
1526
1528
1528
1529
1528
1531
1483
1529
1525
1525
1518
1519
1513
1528
1526
1529
1528
1524
1517
1529
1499
1538
1510
1338
1528
1523
1522
1527
1528
1523
1520
1529
1527
1526
1511
1528
1519
1528
1524
877
1517
1526
953
1521
1529
1525
1520
1522
1535
344
1528
1527
1526
1523
1535
874
1520
1522
1530
1511
1519
957
1526
1509
1515
1493
1532
1052
1527
1441
1505
1516
1536
1523
1533
1502
1520
1532
1528
1403
1510
1388
1524
1528
1523
1528
1523
1534
1531
1523
1524
1530
1510
1277
1495
1518
1530
1523
1524
1529
1521
921
1526
1526
1516
1523
1527
1523
1528
1532
850
1525
969
1524
1528
1533
1530
1527
1517
1518
1525
851
1516
1499
1531
1523
1512
1268
1520
1526
1519
1517
1525
1507
1524
1530
1517
1520
1525
1528
1524
1523
1528
1517
1527
1512
1520
1532
1512
1507
415
1531
738
1528
1360
1533
1516
1545
1529
1524
366
1525
1527
1018
1522
1531
1298
1518
1525
1520
1534
1523
1518
934
1529
1272
1522
1511
818
1522
1521
1523
1534
1522
1532
1522
1397
1519
1520
1526
1517
1531
1526
1526
1529
1392
1545
1532
1513
489
1516
1536
1524
1525
1379
1087
1523
1530
1522
1350
1527
1532
1526
1522
967
1517
1525
1527
1523
1521
1523
1523
1520
1524
1527
707
1526
939
1525
1517
1525
1526
1527
1515
1522
1524
869
1529
1526
1502
1448
1510
1530
1524
1523
1525
824
1527
1511
394
1509
1510
1533
1530
1518
1524
1525
1482
1524
1528
1513
1524
1528
893
1525
1528
1523
1510
800
1515
1518
1506
1518
1520
770
1475
1526
1527
1013
1530
1531
1520
1518
1524
1524
1521
1526
1527
1476
635
1526
1498
1524
1526
1529
1526
1508
1519
1527
1527
799
1529
1520
1281
1530
1523
1528
1526
1513
1523
1284
855
1525
1517
1529
1531
1532
1518
1514
1525
1246
1528
1517
1532
1523
1105
828
1528
1525
1526
1519
1533
1526
1519
1529
1534
1527
1508
1520
1518
1529
1528
1527
1530
1521
1520
1526
1504
1529
1524
1088
1509
725
1524
1081
787
1533
770
657
1523
1525
986
1511
1517
1523
1511
1508
1526
1514
1523
1510
1526
1521
773
1524
1520
1528
1526
1534
1529
1521
1525
631
1509
1519
1521
1514
1349
1525
1526
1527
1521
1514
311
1525
1521
1519
1432
1522
1535
988
1526
1536
1526
1531
1521
1517
1526
1525
1522
1517
1525
1522
896
1524
1535
910
1518
1525
1525
1522
1528
1527
1539
1517
1517
1513
1526
1525
1512
1524
1512
1521
1519
1529
1525
1529
1526
1525
1527
1527
1520
1524
1505
873
1521
1528
1527
1527
1058
1501
1529
1517
1516
1365
1523
1530
1525
1522
1422
1530
1527
1523
1363
1533
1520
1516
1511
1528
1523
841
1504
1527
1530
1525
1061
1516
1304
857
1518
940
1526
1526
1522
1525
1529
1526
1514
1516
1519
1514
1535
1139
1517
1526
1521
1522
1522
1495
1435
1126
1505
1525
1513
1509
1525
1525
1509
1507
798
1526
1524
1524
1528
1525
1530
1531
1340
1529
1523
1519
1529
1521
1516
1524
1533
1527
1526
1529
1538
1525
1531
1531
1529
1514
1526
1526
1523
1519
838
872
1524
1524
1520
1530
1516
1508
1521
1426
921
1525
905
1530
1532
1521
1522
1522
1005
1520
1528
1526
1451
1531
1529
1532
1527
1517
468
865
1516
1521
1526
1522
1527
1521
1527
1525
844
1529
1522
788
1516
1525
1512
1511
1530
1524
1496
1527
1522
1537
1507
1510
1532
1531
1510
1361
1528
1525
1524
1520
1523
1210
970
1529
1531
974
1508
1529
1250
666
1527
1518
1529
1527
1528
1527
1518
1526
1524
1529
1527
1528
1526
1519
1525
1526
880
1416
1517
468
1520
1524
1525
1521
1528
1508
1537
1520
1520
1475
1526
1523
1526
1523
1515
1513
1513
1517
1506
1514
1502
1511
1522
1525
1523
1463
1534
1504
1527
974
1528
1525
1520
1516
1500
1517
1499
1526
1506
1519
1516
1524
1526
849
1526
1531
1525
1528
1533
1517
1527
1528
1520
1526
1513
1526
1522
1527
1522
1518
1528
1522
1529
1510
1528
1529
1520
512
1522
1528
815
1523
1528
1527
1526
1522
836
1520
1523
1516
878
936
1526
1521
1517
1522
1510
1530
1513
1521
1534
1534
1541
1531
1525
1527
1507
1524
863
1526
1529
1521
1515
1528
1506
863
1516
1526
1523
1525
1520
1520
1522
1526
1527
1525
1527
1518
826
1523
1526
1529
1510
1099
1526
885
1523
1527
1527
1509
1525
1513
1513
1528
1524
1529
1531
1518
1521
1116
1531
1524
1540
1524
1524
1521
1528
1524
1508
1525
1514
1531
1162
1436
1521
1520
1533
1509
1525
1530
1523
1516
1383
1532
1522
1528
1516
1529
1523
1531
1521
1497
1521
1517
1526
707
1232
1526
1525
1522
1532
1529
1523
1523
1515
1536
1524
1526
1523
1528
1533
1522
1534
1516
1533
1523
1529
1512
1525
1541
1529
1525
1522
1523
339
1515
1515
1528
1529
1526
1518
1517
1526
1519
1526
1527
1523
1529
1530
1531
1508
1538
958
1523
1531
1525
1416
1528
1525
1517
1530
1537
1537
1531
1527
548
1524
1525
1525
1525
1521
870
1517
1530
1100
1527
1529
1071
1524
723
1487
1524
806
1524
1522
1527
1522
1517
1519
1513
1517
1524
1526
1524
1522
1106
1522
1532
1526
1525
1531
1526
1527
1540
1519
1525
1520
1533
1520
1517
1521
1056
1521
1520
1528
1518
1514
1532
898
1520
1513
1522
1531
1522
1522
1522
1530
1526
1523
1528
1530
1530
1515
1522
1524
503
1516
1520
873
1535
1526
789
1414
1526
1535
1515
1521
1528
1509
1520
1525
1522
1534
1523
1532
1523
1529
397
1525
1521
1510
1531
1533
1527
1514
1535
1523
1533
1525
1528
1507
1522
1527
1512
1518
1526
1534
1504
1526
1529
1506
1534
1516
1528
1512
1530
1536
1516
1524
1532
1423
1538
1509
1521
1535
1521
1513
1493
1531
1497
1532
1526
1523
1522
1507
1402
1515
1524
1089
1517
846
1526
321
1524
1526
1533
1514
1406
336
1509
1511
1094
1521
1527
1523
1348
1523
1513
1511
855
1527
1526
1522
611
1531
1513
1533
1526
1460
1526
1526
1524
1537
1466
1515
1030
1528
1530
1525
1494
1483
1510
1527
1527
1522
618
1516
1528
1444
1503
1531
1527
1517
1532
1527
1534
1511
1528
1528
1527
1526
1523
1526
1524
1523
1527
1536
1528
1520
1528
1529
1523
1533
1524
1526
1519
1514
293
1515
1529
1524
1505
1514
1521
1521
1206
1527
1516
1528
1523
1530
1524
1532
1523
1526
1529
1522
1517
1524
1528
1512
1526
1524
1536
1496
1529
1522
1534
946
1522
1521
1521
1530
1519
1514
1198
1527
1521
1460
1527
1529
1523
1525
1297
602
1522
1527
1519
1519
1529
1509
1521
1530
1082
1530
1527
1521
1526
1523
1521
1529
1528
1508
1524
1526
1530
1526
1511
1529
1521
1523
1526
814
1537
1518
1533
1530
1529
1526
1510
1527
1535
1525
531
1523
601
1515
1527
1418
1527
1528
1526
1533
1521
1386
1506
1512
1512
1266
1154
1525
1517
1523
1522
1517
1528
854
1518
1514
1521
1520
759
1527
1532
1510
1526
1511
1514
1530
1524
1520
1525
1530
1524
1522
1522
1282
1004
1529
1525
1529
1525
1515
1527
1515
1293
1528
1524
1511
1519
1514
1525
1512
1517
1527
1529
1532
1525
1514
1501
1522
1072
1525
1526
1511
1502
1524
1517
780
1512
1526
1528
1517
1533
1512
1528
1539
1524
1509
1515
1526
1511
1533
860
1532
1522
1512
1508
1530
1526
1529
1531
1057
1167
1526
1533
1534
1516
1528
1261
1526
1531
1508
1507
1522
863
1526
1265
827
1523
1512
1529
1528
1524
1524
1532
1526
1524
881
862
1516
1512
1528
1524
1525
1511
1517
1520
1516
1526
1527
1523
1528
1493
1524
1524
1513
1488
1526
1515
1529
1526
1525
1530
1528
1532
1521
1521
1513
1520
1513
533
1520
1526
1522
1533
1527
1524
1402
1523
1526
1403
1500
1524
1528
1523
1513
1532
889
1531
1527
1525
1014
1519
1533
1525
1521
1527
1511
1517
1515
1529
1526
774
1524
1538
1525
1521
1529
1526
1504
1525
1293
1525
1524
506
1535
1525
1535
1532
1524
1534
1526
1536
1526
1512
1512
1528
1525
1523
1525
1517
530
1522
1515
1524
614
1522
1528
1525
1528
1514
1521
1519
1496
1532
1521
1517
1399
1528
1523
1527
1526
416
1529
1424
1516
1532
1199
798
1525
1520
981
1525
1487
1475
1529
1520
1528
1530
1520
758
1072
1527
1526
1528
1529
807
1528
1262
1529
1508
1530
1528
1532
1523
590
1523
1530
1530
1515
1525
1525
1524
1516
1524
1125
1523
1532
962
1515
1524
1520
1507
1254
1512
1424
841
1524
1531
1531
1509
1528
1520
1524
1533
1523
1525
266
1513
1530
1468
1532
1505
1525
1512
1526
1530
1490
1526
1524
1523
1533
1533
1524
1518
1529
1155
1537
1530
1273
1517
1527
1533
1526
1521
1525
1529
1523
1520
1523
821
1471
1523
1526
1521
1526
1524
1526
1518
1522
1525
1526
1526
1516
1512
1532
1523
1526
1528
1527
1532
1526
1530
1530
1546
1521
1499
1522
1514
1521
1526
1520
1529
1526
1513
1517
1527
1528
1507
1519
1532
1518
1522
1530
1517
1532
1524
1519
1515
1511
1153
1524
1468
1525
1520
860
1528
1527
1393
1541
1518
1525
1521
1519
1492
696
1525
1524
1527
1528
1485
1523
1519
1531
1523
1526
1526
1526
1520
1530
1513
1522
1516
1526
1529
341
1546
1513
1497
1120
1524
1522
1198
1529
1524
1531
1524
1526
1518
1510
1524
1530
1532
782
1528
1529
1524
1526
1521
1521
1525
1524
434
1529
1509
1529
1136
1522
1525
1526
1528
1533
1525
1527
1523
687
1528
1527
1524
1525
1527
1522
1523
1512
1532
1524
1530
1529
1501
865
1525
1525
1528
1513
665
1517
1522
1529
1516
1514
1531
1525
1528
1507
1523
1502
1523
1521
1519
1530
1530
1524
1530
1478
1523
752
1522
1524
856
1527
1512
1527
1522
1526
1531
1523
1535
1515
602
1503
1519
1529
1528
1525
1529
1531
322
1524
1525
1525
1531
1519
1533
1517
1530
1536
1529
1527
1520
1511
1518
1520
1523
639
1521
1512
1530
1529
1511
1004
1516
1523
1519
1522
1530
1521
1527
1528
1525
1527
1488
1517
1527
1521
1127
1526
1530
1523
1530
1491
1519
1521
1533
1521
1497
1528
1165
1520
1496
1532
1531
1524
1523
1527
1510
1523
1528
1527
1523
1518
1533
1529
1379
1518
1528
356
1242
1208
1526
1493
1529
1525
1532
1510
1528
1524
1525
1508
937
1524
1522
1524
1524
358
1524
1529
1532
1520
1526
1509
1521
1520
1212
1528
1526
1528
1520
1524
1526
1272
1509
1526
851
1532
1514
1529
1530
1509
1114
1529
1531
1532
1508
1082
1512
1523
1511
1525
867
1521
719
1531
1530
806
1524
1524
1513
1145
1508
1516
1529
1526
1530
1524
1524
1531
1520
1524
1524
1514
1519
1526
1523
1523
1527
1512
1518
1528
1531
1447
1353
1437
1526
1523
1521
1523
1529
1518
1525
1524
696
1527
1530
1527
1525
1493
1525
1517
1532
1523
1522
1528
1522
1535
1500
1526
1528
1509
1524
1526
866
1512
1515
1522
1522
481
1530
1524
1526
1526
929
1509
1525
1531
1529
1517
615
1517
1527
1525
1538
1537
895
1532
1524
1493
1524
1524
1519
1415
1522
1515
1520
1509
1531
1531
1524
1532
1513
863
1527
1520
1297
1530
1526
1524
1519
380
1523
1268
1528
1526
954
1530
1513
1527
1522
1524
1522
1525
1543
1536
1532
1526
1382
1515
1518
1513
1522
1528
1402
1523
1530
1526
1530
1521
1523
1532
1516
1518
1526
1519
1520
1530
1531
1435
1529
1525
1523
1527
1523
1535
1236
1526
1529
1525
1533
1526
1531
1519
1522
1521
1526
1514
1370
1528
1520
1514
1497
1520
1525
1526
1528
1530
1514
1078
495
1534
733
1524
1524
1527
1497
1529
1527
1521
1525
1524
393
931
1526
1496
1537
1525
1520
1530
1527
1531
1528
1526
1524
342
1465
1527
394
1519
1521
1524
1537
776
1534
1515
1516
1304
928
1515
1518
1528
1520
1526
1514
1530
1526
1529
1527
1522
1513
1523
1530
1529
1517
1533
1525
1526
1524
1515
1515
1521
1523
1531
1525
1533
1545
1524
1521
1524
1499
1525
1099
1522
1522
1524
1524
1526
1529
1528
1194
1518
1511
1531
1525
1527
1522
1534
1530
486
1520
1526
1513
1523
1528
1516
1525
1520
1475
1526
1522
1086
1531
1530
379
1523
1275
1529
1505
1523
1512
1528
1517
1518
1519
1104
1526
1515
1523
1520
1514
332
1525
1089
1514
1520
1524
1532
1526
1521
1527
1526
1531
1527
1534
1311
387
1522
1525
1527
1522
1527
1524
1522
1531
1523
1524
1524
1532
1524
1524
1528
1345
1497
1517
1524
1528
1527
1526
1511
1528
1528
1530
1522
1494
1513
1520
1525
1519
1530
1518
1370
1072
1525
1513
1531
1530
1005
1511
1520
1524
1518
1526
1526
1492
1521
1514
1524
1532
1522
1519
1533
1532
1515
1520
1520
1522
1485
1526
1531
1532
1522
1519
1524
1512
1523
1297
1528
1523
1508
1516
1527
1522
1529
1524
1526
1528
1515
1511
1524
1043
1524
1527
1527
1528
1521
1525
1497
1522
1526
1522
1533
1527
1527
944
1526
1527
1532
1526
1518
1530
1511
847
1530
1409
1523
1513
1527
1529
1512
1523
1524
1532
1527
1528
1524
1529
1523
1509
1521
1531
1514
1526
1515
1524
1523
1525
658
1247
1528
1530
1526
1524
1528
803
1518
1527
1526
1521
1519
1522
1528
1388
1523
788
1519
1522
1526
1525
1525
1529
1512
1527
1529
355
1520
1500
1521
971
1520
1510
1526
1494
1525
1514
1536
1523
1513
1526
871
1529
1528
569
1526
781
964
1522
1221
1523
1526
1527
1525
1525
1526
1496
1534
1527
1453
1457
1517
1520
1532
1147
862
1527
1518
1521
1526
1123
1520
1532
1017
1533
1529
1524
1510
1514
1451
1515
1523
1527
1530
998
1517
1521
1513
1523
1523
1526
1495
1527
1520
1527
1512
1533
1517
1521
1528
1515
1529
1527
1514
1497
1518
1519
1521
1524
1532
1522
1520
1530
1525
1528
1517
1525
1520
1522
1464
1525
1523
1513
1525
1528
1529
1526
1517
1498
1533
1518
1513
1528
1527
1525
1524
1523
1515
1289
1525
1407
1530
1522
1523
1371
1532
1525
1526
1533
1523
1517
1514
1525
1529
1523
1528
1525
1433
1520
1523
1520
1520
1519
1124
1525
1527
1489
1518
1525
1533
772
1522
1513
1529
1521
1525
839
771
1522
1525
1192
1524
1525
1522
1518
1399
1531
1522
1518
1519
1524
1528
1535
1524
1527
1526
704
1531
1525
1510
1516
1530
1495
1524
1523
1521
1300
1527
1509
1524
1518
1534
1525
1513
1517
1521
1469
1522
1526
1500
1515
1522
1522
1529
1397
1525
932
1516
1527
1522
1296
1524
1527
1528
1505
1526
1523
1517
757
1527
1528
1512
1518
1509
1527
1516
1522
1528
1527
1513
1534
1528
1521
1531
1517
1527
1518
1529
1534
1433
1518
1541
1519
1536
1525
1531
1523
588
1528
1523
1530
694
1524
1533
1525
1522
1526
1523
1521
1531
1449
1513
1529
1521
1520
1527
1520
1530
1139
1525
1527
1517
1531
1516
1507
1006
1532
1529
1512
1531
1527
1529
1511
1526
1528
1369
1515
1527
1523
1527
1525
1529
1510
1525
1519
1500
1517
1532
1507
1524
1529
1528
1509
611
865
1529
1522
1061
1526
1525
1524
1510
1525
1527
1347
1530
1533
1512
1530
1519
1527
1520
1529
812
1521
1511
1521
361
1531
1125
972
1518
1532
1532
1510
1526
1517
1484
1525
1528
1506
1516
1515
1512
1516
1531
1505
1523
1508
1521
1508
886
805
1523
1531
1526
1521
1522
1517
1501
1531
1522
1515
1530
1511
1522
1524
840
1537
1531
1531
1528
1523
1531
1536
1524
1526
1517
1529
1521
869
1229
987
1518
840
1521
1522
1517
1517
1528
1510
1523
1525
1528
1528
646
1524
1521
1525
1530
1523
1527
1524
1522
1523
1522
1530
1527
1517
1343
1526
1526
1525
1528
1521
1518
1522
1526
1503
1523
1522
1404
1530
1527
1522
1515
1526
1521
1517
1527
1522
1529
1532
1107
1524
1526
1521
1525
1533
1522
1521
1522
1521
1516
1521
1533
1512
1529
1523
1529
1524
1526
1533
1523
1524
1531
1526
1531
1523
1114
1531
1529
1519
1525
1525
1292
1520
1271
1521
1527
1519
1533
540
1529
1405
1522
1531
1518
1526
1524
1525
1522
1534
1518
1520
1518
1520
1523
1523
1526
1531
1530
1528
1526
1532
1522
1530
1530
1528
1528
1515
765
1523
1525
1523
1527
1402
1528
1524
1524
1529
1527
968
698
1528
1532
1526
1526
1385
1517
1533
1529
1505
1439
1527
1514
1515
1521
1529
1518
1520
1532
1529
1521
1532
1531
1528
1523
1534
1530
1522
1526
1524
1531
350
1501
1534
1515
1522
445
1528
1522
1517
1528
1526
1532
1525
1515
1510
1521
1526
1533
1529
1530
933
1522
1517
1282
1514
1372
1523
1532
1196
1524
1523
1510
1532
1528
1512
1513
1520
1528
1270
1514
1525
1525
1520
1527
1509
1526
1510
1527
1533
1528
1523
1493
1468
1528
1520
1522
1520
1523
1525
1523
1532
1431
1507
1524
1517
1513
1520
1530
1527
1015
1522
1529
1530
1515
1515
1524
1452
1522
1522
1511
846
1528
1527
1534
1529
1527
1526
1512
1526
1524
1527
1520
1526
1518
1522
1527
1404
1520
1392
1519
1287
1528
1525
1528
1526
1524
1528
1518
1513
1529
1517
1527
1526
1516
1534
1523
1521
1529
1295
1529
1526
1524
1511
1523
1512
1166
1509
1531
1531
1388
1513
1526
1534
1533
1519
1528
1533
1518
1517
1532
1517
1528
1520
1531
1525
1525
1526
1517
1529
1523
1523
1528
1528
1524
1523
1532
1521
1527
1524
1527
1525
1501
1531
1529
1508
1530
1508
1522
1518
1525
1508
1504
720
1525
1525
1531
1513
1533
1290
1523
1525
1520
1526
1513
1525
1528
1072
1521
1526
1500
1524
1524
1524
1526
1530
1530
1522
1521
1527
1529
1526
1525
1522
1527
1528
1525
1514
1471
989
1525
1522
1529
1521
1508
1520
1506
1525
1529
338
1527
1523
909
1526
1524
1521
1534
1523
619
1522
1519
1538
1522
1533
1399
1518
1528
922
1522
1522
1513
1262
1518
1528
1521
1518
1523
1528
1534
1524
1527
1524
1379
1531
1526
1525
1527
1517
1517
1532
1525
1518
1526
1523
1530
1528
1526
1538
1526
1520
1288
1523
1521
1515
1513
1494
935
1526
1520
1480
1523
1530
1526
1531
1524
1526
1528
1529
1503
1528
1514
1528
601
1528
1501
1520
1526
1527
1503
1528
1527
1529
846
1517
1515
1521
1512
1545
1507
1445
1491
1511
1522
1524
291
867
284
947
1529
1502
1529
404
1524
1533
1501
1533
1514
1526
1527
1525
1515
1511
1526
1525
1526
1522
1510
1417
1522
1527
1523
1521
1517
1520
1521
1511
1527
1520
1515
1530
1527
1525
1513
1508
1530
893
1520
1521
1523
1514
1508
1528
1525
1518
558
1530
1525
1524
1523
1529
1528
1532
1519
1524
1512
1528
1518
1528
1533
1528
1517
1525
1530
1514
1527
1524
1519
1534
1526
1524
1523
1524
1525
1531
1504
1521
1515
1530
1532
1513
1528
1529
1521
1438
1532
1527
1297
1534
1512
1527
1529
1521
1524
1524
961
1517
1509
1509
1525
1530
1531
1515
1523
1526
329
677
1528
1511
1523
1536
1469
1520
1522
1521
1525
1533
1414
1525
823
1528
1528
1527
1526
1501
1519
1513
1523
1527
1532
1527
1526
1532
1526
1501
1533
1441
1527
1512
1535
1514
1529
1519
1501
1522
1530
1512
1521
1497
404
1505
1523
1504
312
1519
1523
1528
1497
1526
1537
1526
1452
1531
1523
1506
1532
1526
1519
1529
1525
1531
1523
1509
1524
1526
1526
1529
1034
1412
1518
1533
1531
1521
961
1362
1526
1519
1520
1086
1526
1524
1526
1450
1525
1523
1510
1523
1319
1529
1523
1528
1199
1514
1526
1525
1522
1244
1531
1520
1533
1522
1525
1524
1525
1526
1531
1501
1511
1526
1525
1526
1536
729
1525
1514
1402
1520
1519
1524
1527
1512
1529
1530
1513
1525
1525
1523
782
1353
1532
1525
1250
1521
1532
1524
1311
1530
1524
1526
1515
1524
1527
1204
1526
1524
1520
1483
1522
1532
1525
1527
1529
1525
1531
1523
1520
1520
1527
1523
1530
1522
1523
1527
931
1529
1523
1513
1537
1528
1527
1518
1524
1525
1518
1523
1074
1522
1472
1531
1524
1531
1534
1518
1515
1528
1515
1528
1524
1529
1519
1533
1499
1522
1524
1523
1519
1526
1519
1513
1525
1521
1524
1527
1516
1528
1524
1523
1528
1510
1523
1531
1533
1521
1532
1477
1521
1526
1537
1519
1522
1525
1528
1529
1527
1527
987
1520
1525
1528
1528
1523
1506
1515
1520
1498
1523
1530
1524
1533
1536
1527
1527
1522
1520
1527
1523
1523
1522
1527
1531
1512
1486
1499
1518
1529
1526
1524
1531
1526
1501
1521
1528
1532
1516
1526
1528
1533
884
1525
1525
1522
1512
1524
1522
1511
1535
1523
1524
1521
1523
1518
1524
1526
1496
1530
1528
1527
1492
1529
1511
1512
1530
1526
1527
1523
1519
1526
1530
1524
1475
1518
1529
1529
1526
1527
1532
1505
1529
1527
1525
1533
1526
1523
1525
1528
1527
1520
1523
1519
1511
1531
1529
1533
1526
1525
1536
1518
1524
1526
1524
1528
1502
1523
1532
1527
1525
1520
1530
1508
586
1527
1526
1519
1215
1526
1516
1519
1526
1521
1427
1513
1520
632
1088
1527
1516
1512
1523
1528
1517
1275
1528
1512
1530
1524
1528
1509
1437
1268
1520
1525
1530
1515
1522
1524
1512
1525
1512
944
1527
1509
1527
1516
792
908
1460
1113
1520
1524
1524
1525
1531
1521
1529
1532
1509
1523
1531
1530
1534
1521
1507
1516
1525
1528
1117
1523
1517
1529
1516
1526
1511
1532
1526
1523
1527
1521
1525
1532
1530
1515
1517
1516
1522
1520
1514
1528
1529
1533
1529
1532
1508
1525
1521
1523
1500
1525
1526
1509
1527
668
1494
1527
297
1519
1524
1527
1524
1523
1530
1526
1529
1526
1524
1523
1506
1522
1526
1529
1255
1529
1527
1528
1520
1525
1508
1525
1522
1524
1524
1520
1525
1528
1526
1509
1515
1510
1527
1495
1527
1528
1470
1533
1521
1524
1529
1523
1516
1524
1509
1525
1518
1527
1531
1525
1252
1526
1512
1464
1519
1523
1529
1528
860
1510
1526
873
1532
1322
1530
1537
1531
1529
1275
1527
1528
1527
1531
1525
1524
1513
1519
769
1523
1537
1522
1513
1526
1518
1525
1525
1528
1532
1503
1529
1530
1525
1527
1527
1523
1528
1529
1524
1525
739
1534
1520
1524
1523
1531
940
1529
1520
1509
1527
1522
1530
1516
1523
1533
1519
1513
1529
1515
1527
1083
1525
1532
1515
1527
1518
1521
1530
1522
1523
1513
1526
1528
1462
1536
1524
1520
1538
1525
1526
1520
1525
1522
1522
1536
1378
1528
1509
1522
1527
1520
1507
1527
1530
1529
1523
1526
1513
1530
1524
1535
1524
1526
1530
1520
1527
1522
907
1526
1511
1508
1528
1527
1530
1520
1531
1533
1528
1332
1518
1525
1518
1516
1522
1528
1531
1072
1527
1524
1528
1527
1510
1529
1529
1529
1531
1523
1525
1532
1529
1533
1526
1524
1525
994
1525
1526
1527
1526
1529
1529
1528
1525
325
1529
1519
1504
1522
1511
1517
1529
1533
1511
1371
1492
1524
1526
1529
821
1526
1531
1522
523
1521
1526
1533
1516
1525
1520
1510
1526
1518
1512
1525
1527
1525
1521
866
1525
1530
1520
980
1116
1015
1526
1520
1507
1522
1515
1525
1522
948
1518
1529
1525
1529
1486
692
1527
1528
1523
1519
1527
1524
1528
1530
1522
1528
1527
1515
1529
1520
1523
1522
1523
1529
1522
1525
1523
1527
1526
1533
1523
1529
1528
1529
1506
1523
1524
1504
1530
1533
1492
1521
1520
1518
1527
1512
1528
1525
1528
1529
1515
1519
1528
1525
1526
1502
1519
1522
1524
1522
1513
1511
1471
1537
1522
1513
1303
1528
1421
1522
1519
1529
1536
330
1520
1528
1521
1532
1510
1528
1526
1498
1525
1525
1514
1534
1532
1523
1495
1527
1507
1525
1520
1524
1526
1527
1529
1526
770
1539
1522
1523
1524
1525
1528
1529
1524
1530
1518
1525
1525
1527
1524
1526
1528
1533
1532
1524
1528
1526
1528
1524
1357
1528
1522
1526
1533
1523
1528
1528
1518
1523
1533
1468
530
1525
1516
1517
1530
1526
1515
1537
1531
1340
1528
1514
1519
1521
1526
1533
1520
1527
1521
415
1491
1526
1532
1526
1514
1528
1514
1529
1529
1526
1529
1521
1522
1533
1522
724
1518
1514
1387
1516
1519
1514
1520
1523
1522
1525
1523
1527
1524
1529
1506
1523
1527
882
626
1518
1528
1519
1536
1525
1524
1513
1534
1526
1520
1524
1526
1529
1525
1529
1523
1520
1517
1530
1522
1525
1513
1485
1477
560
1526
1530
1531
1533
1516
1501
1517
1519
1534
1528
894
1524
1529
1527
1524
1524
1527
1518
1524
1525
1530
1528
1516
1526
1524
1525
1438
1522
1522
369
1520
1511
1522
1472
1516
1524
1526
775
1523
1527
1523
1500
1518
1519
1524
1530
1525
679
1519
1510
1514
1531
1521
862
1525
1167
1525
1524
1401
1016
1521
1526
1109
872
1520
1508
1532
1532
843
804
1527
1515
1526
1524
1510
1532
1522
1533
1527
1520
1519
1530
1527
1529
1528
1518
1527
1316
1520
1517
1528
1525
1530
1527
1527
1516
853
1525
1527
1521
1532
1530
1529
1532
1514
1531
1526
1421
1528
1524
1511
1523
1508
1525
1330
1530
1530
1514
1524
1523
1531
1530
1528
1519
1537
1529
1523
945
869
1368
1523
1529
1523
1508
1520
1527
1535
1524
863
1506
1512
379
1507
1528
1526
1529
1519
1514
1522
1522
1511
1529
1523
1531
1528
1522
1513
702
1532
1517
1471
1522
1524
1521
1521
1528
1498
1519
1530
1524
1516
1526
1526
1527
1524
1505
812
1515
1471
1526
1529
1523
1528
1522
1510
1495
1523
1530
981
1520
1524
1457
1526
1525
1528
1529
985
1019
1516
1526
1519
1524
1525
1506
1519
1529
1521
1521
1517
1525
587
1533
1528
1529
1527
1509
1526
860
1524
1503
1515
1525
1528
1150
1527
1524
1508
1517
1515
1520
1527
1510
1507
1512
1526
1524
869
1525
1529
1535
1519
1499
1529
1518
1537
1528
1521
1520
1525
1528
519
1525
1524
1533
1531
1524
1017
1529
1518
1529
1526
1520
1530
911
1452
1525
1525
1524
1501
1530
1445
874
1509
1529
1527
733
1533
1529
1526
1505
1509
1518
1522
1525
1531
1530
1528
1518
1525
1525
1529
1481
1519
1538
1522
1507
965
1450
926
852
1500
1527
1523
1512
1520
1523
1521
1524
1493
1533
1527
1060
608
1528
1530
1526
1523
1532
1535
1055
1529
1523
1473
1530
1513
1528
1520
1524
1507
1525
1525
1519
621
1523
1392
1519
1526
1522
1526
1522
1524
1524
1527
1523
1518
1094
1508
1530
1520
1526
1526
1521
857
1516
1531
1523
1515
1481
1519
1528
1516
1533
1526
1513
1524
1530
1523
1511
1529
1529
1526
1511
1517
1511
1534
1503
1529
1522
1524
1523
1524
1509
1498
1529
1517
1526
1448
1530
1454
1522
1531
1519
1518
1531
1528
1525
1529
1493
1532
1407
1521
1513
1525
1548
1529
1525
1507
1517
1527
1524
1533
1531
1521
1527
1527
1528
1249
1519
1530
1533
1527
1520
1513
1529
1528
1504
1527
1419
1531
1527
1524
899
1521
1530
1518
1521
1530
1528
1527
1527
1527
1524
1523
1520
1516
1525
1522
1532
1499
1526
1526
1520
1524
1520
1525
1547
1522
1525
834
1525
1522
1513
1530
1525
1527
1534
1514
1515
1522
1525
1522
899
1502
1535
1531
1523
1523
1082
1521
994
1531
1528
1525
1521
1526
1533
1047
1523
1525
1496
1523
1531
1525
1526
1276
1501
1514
1526
1298
1526
1525
1514
1526
1526
1525
1525
1526
1515
1527
1526
1521
1525
1525
1526
1531
1523
1523
1143
1517
1529
1525
1536
1527
1529
1528
1528
1527
1530
1526
1531
1521
1532
1534
1519
1531
1533
1512
1531
1524
1529
1531
1513
1520
693
1414
858
1525
1526
1531
1524
1515
1522
1221
1491
1524
1527
1494
1372
1522
1506
1528
1520
1522
1532
1524
1521
1529
1534
1522
1522
940
1522
1531
1530
1525
1527
1525
1501
1240
1521
1523
1524
1520
1522
1513
1531
1529
1530
1519
1511
1533
1524
1528
1520
1529
1524
1526
1530
1523
1527
1521
1514
1510
1529
1528
1520
1531
1517
1531
1528
1524
1119
1526
1524
1523
1519
787
1523
1350
1524
1531
1528
1529
699
1516
1437
1527
1523
1531
1522
1522
1521
868
1527
1532
1529
1530
1510
1408
1426
1520
1519
1519
1519
1402
1526
1528
1514
1513
1522
1522
1525
1515
1293
1517
1526
1522
1516
1522
1523
1511
1527
1525
1519
1519
1523
1533
1527
1527
1409
1493
1525
1525
1531
1524
1516
1514
1520
1534
1525
1462
1467
1528
1524
791
1522
1512
1523
1525
1521
1511
1502
1526
1516
1525
1527
1525
1527
1519
1526
1518
1522
802
1515
1521
1530
1525
1531
1528
1526
1529
1523
1430
1525
1522
879
1520
1527
1532
1526
1526
1528
1528
1528
1524
838
1531
1525
1509
1507
1526
1524
1518
1511
1527
1530
1525
1533
1524
1532
1115
1517
1526
1513
1526
1525
1418
1315
1527
1445
1528
1521
1533
1523
1525
1526
1523
1522
1523
1508
1527
1522
1520
1524
1487
1522
1526
1525
1370
716
837
1510
1532
1525
1535
1517
1516
1526
1531
754
1523
1527
1512
896
1530
1524
1529
1522
1528
1529
1529
1535
1530
1403
1525
1527
912
1507
1521
1528
1520
1526
1099
1521
1524
1495
1524
1531
1523
826
1530
1522
1532
1523
1521
1488
1410
1531
1513
1530
1524
1523
1524
864
755
1528
1426
1532
1528
1529
1529
1522
1527
1526
1533
1511
1531
1528
1528
1512
1515
1523
1531
1526
1407
1524
1521
1106
1518
1508
1520
1522
1529
1527
1515
1520
1532
1504
1525
1526
1056
1495
1531
1283
1528
1524
1528
1521
1525
1523
1526
1510
1521
1528
321
1518
1531
1513
1518
1526
1520
1526
1102
1524
1503
1521
1531
1522
1521
1527
1547
1528
1524
1522
1534
1520
1518
1526
1526
1511
1520
1532
1524
1528
1522
1528
1530
1303
777
1531
1514
1531
1512
850
873
1526
1512
1528
1520
1530
1526
1528
1519
1521
1519
1528
1517
1523
1518
1519
1519
1519
1525
1520
1524
1515
1525
1525
1523
1509
1469
1525
1520
1521
1523
1523
1528
1422
1526
1530
1529
1524
1524
1507
1513
1524
1527
1528
1524
1512
1518
1523
1530
1526
1528
1527
1526
1532
402
1523
1520
1532
1523
338
1527
1543
1527
1531
1516
1523
1525
863
1542
1475
1523
1525
961
1527
1511
1525
1523
1159
1526
1523
1523
1525
1515
1363
1514
1513
1517
1525
1518
1525
1524
1525
1526
1507
1523
1533
1501
1497
1525
1524
1524
1525
717
1517
1522
1528
1527
1533
1518
1508
1529
1520
1525
1523
1529
1521
1520
1515
1526
1524
1526
1513
1496
1530
1529
1525
1312
1529
1525
1544
1526
1521
1527
1524
1534
1525
1531
809
1518
1516
1522
625
1530
1536
1525
1529
1514
1510
1527
1527
1525
1522
1528
1525
1530
1531
1537
1516
1513
1521
1522
1515
1526
660
1532
1333
1529
1510
1528
1525
1526
1496
1511
1526
1521
1531
1514
1518
1526
1532
1536
1529
1531
1530
1526
1522
1514
1530
1522
1524
1522
1533
1512
1515
1445
1529
1518
1534
930
1538
1526
1519
1530
1522
1523
1515
1511
1532
1516
1525
1526
1527
836
1525
1512
1518
1508
1523
1526
1527
1520
1532
1518
1527
1529
1530
1510
1526
1508
1179
1526
812
1530
1530
1509
1514
1524
1514
1528
1527
1527
1526
1524
1518
1337
1523
825
1088
1522
1525
1529
1522
1519
1531
1521
810
1530
327
716
1531
1520
1527
1525
409
1526
1516
1520
1529
1530
1536
1528
1529
1515
1527
801
1512
1528
1513
1507
1535
1517
1525
1526
1116
1521
1527
1526
1525
1529
1528
1529
1527
1515
1529
1524
1527
761
1512
1506
1519
1527
1238
1526
1533
950
1535
1524
1514
1476
1531
1519
1527
1532
1530
1528
1531
1526
848
1521
1397
1529
756
1527
1527
1527
1521
1525
1531
1523
1515
1480
1513
1534
1526
1524
1523
1512
1528
1523
800
1527
1525
1526
1501
1514
1520
1520
1432
1356
1524
1526
638
1445
1522
1525
1524
1511
928
1526
987
1527
838
1524
1531
768
690
1527
1534
1519
1525
1527
1534
1516
1518
1521
938
1531
1519
1504
1527
1532
1522
1529
1522
1528
1521
1515
1524
1526
1382
1524
1522
1516
1527
1524
1351
1535
1516
1525
1520
1530
1529
1526
1528
522
1523
1523
1522
1526
1523
1527
1510
1389
1527
1528
1511
1383
1526
1538
1529
1529
1524
1522
1531
1536
1519
1527
1508
1529
1527
1527
1524
1529
1532
1515
1525
1521
1526
1408
1530
1525
1513
1524
1338
1527
1507
1025
1524
1532
1525
1531
843
1529
1521
809
1535
1524
1525
1530
1515
1524
1519
1522
1527
1524
1534
1528
1527
1526
1519
866
1526
1517
1340
1508
1518
1519
1520
1531
1520
1529
1527
1528
1527
1534
1527
1513
1516
1287
1527
1531
1524
1520
1517
1528
1518
1529
1519
1520
1527
1523
1237
851
840
861
1526
1508
1528
1527
1525
1525
1528
1523
1526
1502
1530
1518
1535
1512
819
1517
1035
1525
1525
1514
1531
1513
1523
1015
1506
1528
1277
1402
1488
1538
1527
1532
904
1262
1530
1524
865
1526
1524
1451
1523
1529
1526
1514
1531
1514
1527
1527
1520
1528
1518
1534
1531
1532
1522
1535
1511
1530
1525
1527
1526
1528
1527
1522
1525
1523
1342
1522
1520
1520
1521
1521
1524
1499
1516
1528
1520
1529
1527
1525
1519
1518
1531
1529
870
1527
1527
1503
1526
1531
1527
1528
1525
1516
1528
1514
1534
1525
1524
1531
1532
1496
1524
1529
1526
1528
1534
1513
1508
1527
1174
1527
1262
1529
1517
1499
1529
1537
1525
1514
1530
1528
1108
1515
1530
1368
1519
1532
1528
1523
1533
1505
1526
1529
1374
1526
1531
1523
1509
1341
1334
1520
1524
1532
1526
1524
1524
867
1525
1520
1525
1528
1525
1527
1221
1513
1523
1523
1526
1524
1526
1522
1520
1522
1508
1524
1523
1524
1511
1518
1477
1521
1512
870
1528
1512
1518
1525
1526
1522
1527
1526
1522
1529
1525
1525
1520
1313
1147
1526
1525
1528
1529
1528
1525
1516
1528
1526
1530
887
1523
1527
1530
1518
1534
1526
1499
1517
1527
870
1532
1530
1531
1519
1234
1530
1527
1514
1527
1517
1511
1516
1524
1531
1525
1523
1525
1535
1519
1526
1522
1525
1524
1523
888
1516
1524
1520
1529
1510
1529
1514
1432
1529
361
1519
1529
1457
1524
1524
1513
1522
1527
1526
1528
1511
1509
1547
1533
1512
1203
1520
986
1514
1545
1526
1527
1527
1525
1527
1525
1513
1526
1521
1334
1513
1525
1522
1521
1529
1531
1515
1533
1524
1525
1139
1519
1314
1527
1518
1311
1532
838
1528
1526
966
1415
1528
1529
1541
720
1076
1521
1508
1530
1528
1524
1528
1523
1025
1517
1518
1525
1526
1521
1532
1526
1523
1523
1529
1524
1528
1520
1522
1526
1525
1519
1522
1533
1532
1525
1529
1534
1528
1531
1526
1522
1522
1509
1482
1281
1528
1529
1528
1527
1528
1529
1532
1525
1516
1524
1529
1522
1528
1540
1529
1497
1531
1525
1520
1519
1404
1528
1410
1522
1519
1525
1511
1521
1525
864
1525
1520
1528
1525
1524
1511
1527
359
1532
1512
1526
1506
1528
1511
1532
1533
1526
888
1535
1528
1146
1529
1525
1527
1119
1524
1517
1509
1527
954
1516
1523
1528
1525
1520
1528
795
1517
1529
1520
1518
1528
1527
1533
1119
1527
1517
1526
1522
1526
1531
1524
1168
1164
1522
1522
1525
1523
1545
1515
1522
1523
1517
1522
1530
1512
1520
1529
1524
1526
313
1526
1445
883
1516
1527
1504
1526
983
1524
1531
1529
1527
1018
1527
1523
1524
1533
1530
1516
1528
1528
1527
1254
1526
1523
1520
1524
1527
1522
1531
1524
1528
1535
1520
1521
1523
1506
1528
1526
1516
1528
1504
1502
1515
1523
1525
1530
1532
1028
1526
1512
1441
1531
610
1515
1524
1521
1528
1501
1522
1520
1527
1536
1509
1528
1528
1523
1526
1513
1529
1525
1524
1520
1524
1532
1524
1530
1521
1526
1528
1527
1525
1526
1526
1536
1507
1512
1520
1534
1525
1523
1537
1531
1518
700
1528
1526
673
1514
1521
1524
1532
1525
1523
1527
1526
1520
1528
1522
1525
1521
1520
1518
1512
1524
1530
1521
1512
1526
1520
846
1517
1528
1527
1515
1523
1530
1530
942
1522
1516
1385
1515
1530
1523
1519
1525
1524
571
803
1516
1531
1528
1520
1521
1526
1529
1506
1522
1501
1524
329
1520
1526
1525
1527
1494
1394
1529
1517
481
1529
1529
1518
1521
1523
1523
1530
1517
1526
1529
1528
1522
1520
1524
1524
1404
1522
1529
1510
873
1524
1529
1514
1534
1527
1530
1527
1532
1495
1198
1525
1526
1525
1531
1528
1528
1520
1531
1533
1531
1513
1534
1520
1524
1524
1528
1527
1524
1530
1526
1527
1524
1341
1522
1414
1521
1527
1510
1524
1522
1530
1516
1530
1524
1519
1530
1528
1408
1505
1521
1526
1518
1529
1520
1517
1534
1524
1536
809
1521
1529
1522
1529
1529
1518
1474
1457
1529
1528
1517
1521
1525
452
1303
1515
1527
1519
1526
1280
1522
1530
1532
1522
1246
1528
1502
1512
1506
1527
1522
1521
1525
1530
1527
1519
1499
1520
1525
1513
791
1524
1514
1522
1136
1524
1523
1526
1524
1530
1532
1529
1518
1523
1521
1528
1526
1524
803
1508
1523
1515
1524
1523
1528
1525
1523
1533
567
659
1527
1527
1526
1525
1228
1525
1529
1529
1528
1534
1527
1456
1519
1531
1523
1529
1536
1524
1532
1518
1526
1535
1528
1518
1522
1527
1526
1528
1526
1527
1517
1523
1494
1531
1534
1495
1519
1513
1528
1525
1527
1522
1255
1527
1523
1510
1530
1531
1512
1520
1447
1517
1527
1532
1531
1526
1525
1523
1523
1523
1519
631
1519
1521
1533
1521
1520
1525
1524
1527
1523
1513
1513
1530
1522
1497
1521
1523
1514
1109
1532
1510
1519
1524
1524
1523
1533
1522
1530
1525
1527
1378
1069
1518
1518
1449
1525
1524
1522
1514
1525
1517
1532
1523
1526
1526
1530
1516
1519
1526
1373
1529
1528
1529
1515
1522
1523
1528
1509
1528
1075
1514
1523
1509
1395
1509
1519
1532
738
1521
1525
1532
1521
1500
879
1520
1525
1529
1531
1530
1526
1514
1527
1527
1528
1522
1514
1536
1523
1526
1532
1527
1522
1505
1241
1530
936
1021
1524
1529
1519
1527
1508
954
1526
1520
1521
1519
1522
1523
1518
1525
1530
1521
1514
1521
833
1527
1521
1524
1336
1525
1528
1508
1473
1520
1524
1531
1525
1527
1524
1531
1519
1529
1517
1519
843
1516
1299
1531
1527
1531
1521
1498
1511
1453
1513
1521
1528
1521
1524
1501
1521
1509
1531
1523
1524
1524
1530
1526
1505
1514
1526
1523
1523
1522
1528
1520
1512
1524
1528
1516
1521
1528
1516
1526
1519
1530
1525
1527
1530
1175
1531
1519
1522
1531
1513
1526
1530
1511
1533
781
1173
1378
1294
1543
602
1520
1530
1523
1525
1527
1525
1512
1523
1527
1525
1528
1523
1532
1525
1523
1515
1493
1533
1519
1426
1523
1524
1526
1515
1526
1510
1528
1531
1533
1397
1046
1528
1522
913
1526
1335
970
1527
1533
1527
1523
1530
1513
1522
1516
1530
1531
1527
1534
1521
1518
1525
1521
1533
1522
1531
1515
1527
1521
1521
1520
897
1522
1520
1501
1517
1524
1484
1526
1530
1525
1523
1268
1526
1506
861
1526
314
1527
1028
1528
1522
1526
1519
1534
1534
1525
1528
1523
1516
1521
1506
1524
1527
1525
1530
1525
1522
1533
1523
1519
885
1508
1530
1511
1529
1510
1529
1528
1522
887
1529
1528
1526
1527
1523
1528
1186
1528
1531
1525
875
1522
738
983
1520
1531
1524
1529
1531
1525
1527
1520
1531
1510
1522
1525
1530
1521
1532
1532
1527
1520
1518
316
1520
1514
1510
1526
935
1528
1513
1525
1511
1366
1517
1528
1522
1247
1533
1523
670
789
1522
1085
1520
1526
1515
1523
1524
1511
1532
1525
1526
1518
1524
1524
1516
1526
1526
1532
1531
1518
1528
1526
1532
1510
1526
1493
1022
1503
1523
1522
1527
1517
1522
1529
1525
1529
1523
1524
1532
1528
1521
1519
1534
1526
1229
632
1520
1522
1525
1525
1526
1509
1527
846
1530
1514
1511
1519
855
1218
1521
1519
1516
1510
1520
1529
1515
1514
1524
1511
1494
1526
1514
1513
1524
1524
1524
1516
1531
888
746
1530
1524
1515
1534
1515
1526
1530
1527
1525
1511
1521
1524
1515
1529
1529
1523
1534
1531
1520
929
1494
1526
1514
1523
1519
1520
972
1516
1525
1492
1527
1536
824
1512
1525
1526
1524
1526
1524
1513
834
1497
1530
1532
1529
1515
1524
1509
872
1527
1522
1524
1524
1526
1529
1530
1525
1522
1524
1529
1526
1527
750
1524
958
1521
479
1523
1520
1525
1523
1529
1504
1513
1517
1528
1521
1520
1083
1528
1531
1513
1179
1526
1520
1529
1524
1522
1501
1529
1525
1530
1433
763
1524
1527
1522
1528
1506
1523
1523
1522
1520
1532
1523
1512
1525
1537
1523
1525
1512
1522
1533
1491
1524
1287
1527
1527
1527
1525
1528
1525
1527
1520
1516
1522
1518
1171
1523
1527
1522
1520
1514
1526
1514
1518
1493
1513
1516
1523
890
1523
1501
1509
1530
1525
1526
1529
1529
1159
1427
1527
1263
1521
1134
1524
1526
1523
1526
1524
1527
1346
1521
1525
1523
1526
1364
1509
1514
1531
1012
1531
1515
1525
1517
1530
1523
1004
1518
1532
1525
1178
1531
1491
1531
1528
1525
1524
1524
1425
935
1521
1515
1528
1520
1528
1528
1529
1526
1256
1530
1528
1530
1502
1510
1522
1529
1527
1522
1538
1514
867
1523
1522
1423
1522
1516
1515
1529
1523
1376
1528
1537
1530
1517
1521
1516
1529
1527
1522
1527
1523
1534
1519
1521
557
1517
1523
1524
1527
1526
1529
1519
1526
1526
1520
1522
1487
1524
1524
1537
1526
1459
1531
1515
1506
1526
1294
1528
1524
1519
1525
754
1532
1447
1526
1478
1518
1528
1510
1527
1517
1525
1528
1512
1525
1525
397
1518
1528
1534
1530
1520
1522
1524
1104
1529
1529
1079
1522
1517
1521
1526
1521
1526
1524
1526
1516
1533
1529
1527
1527
1529
1516
1532
1530
1526
1525
1536
880
1499
1530
1524
985
1531
1514
1183
1524
1526
1532
1520
1523
1524
1510
1531
1513
1522
1525
1528
1241
1531
1528
1517
1526
1141
1532
1529
1534
1507
865
1492
1081
1524
1531
1524
1512
1534
1520
1521
1528
1522
1532
1521
1526
1525
1520
1528
1529
1525
1523
1522
1517
1531
1523
1531
1540
1512
1524
1524
1508
1528
1528
1063
1530
1533
1523
1527
1526
839
1502
1520
1526
1531
1526
1518
1517
1522
1516
1528
1527
1523
1529
1518
930
1450
1522
1528
1520
1526
1517
1527
1531
1516
1528
1534
1534
1054
1524
1103
1513
1522
1531
1516
1525
1515
1523
1526
1527
1527
1525
1522
1530
1518
1524
1533
1522
1505
1518
844
1521
1519
1528
697
1522
1524
1063
1524
1517
1523
1525
1530
1525
1528
1526
1515
1528
1507
1526
1528
1477
1525
1528
1523
1523
1528
1530
1512
1527
1514
1525
1532
1050
1514
1525
1525
1531
1522
1526
1520
1518
1521
1527
1518
1531
1525
1527
1476
1529
1522
1514
1399
1520
1386
1523
1529
1513
1201
1510
1525
1529
1517
1526
1528
1528
1505
1519
1532
1498
1173
1528
1533
1528
1518
1521
732
1516
1517
1521
1527
1529
1053
1524
1529
1517
1518
1521
1524
1526
1534
1530
1514
1529
1519
1525
427
1524
1530
1529
1520
1515
1518
1524
1520
1527
952
1518
1469
1529
1459
1526
1528
1515
1516
1492
1526
1522
1508
1534
1525
1534
1530
1527
1512
1527
1502
1529
1445
352
1272
1528
1526
1534
1533
1514
1525
1487
1501
440
1522
1521
1513
1523
1509
1528
1527
1526
867
1524
1524
1205
1524
1520
1338
1528
1525
1519
1505
1530
1525
862
1525
1526
1524
1520
1527
1525
1522
1529
1521
1523
1524
1525
1525
595
1520
1524
1522
1525
1526
1519
1529
1497
1528
1508
1507
1522
1525
1529
1510
1481
1210
1532
1517
1525
1514
1527
1520
1273
1523
1530
1535
1524
1530
1510
1529
1523
1521
839
1525
1157
968
1528
1526
1528
557
1523
1519
1530
857
1526
1527
1525
1521
1527
1524
1527
587
919
1511
1536
1517
1531
1518
1525
1516
1528
1524
1527
1528
1511
1526
1518
607
1526
1529
1521
1520
1512
1523
1521
1527
1522
1509
1523
1516
326
1517
980
1534
1530
1516
1524
1511
1519
1526
810
1526
1524
1523
1525
839
1197
1523
1521
1534
1499
1526
1518
1531
1527
1530
1517
1529
1518
1519
1526
1529
1525
1150
1512
760
1534
1527
1530
1529
1530
1525
1533
1523
1533
1528
1517
1528
1467
1522
1524
1527
1533
783
1521
1531
1528
1524
1523
1520
1530
1480
1527
1527
1533
1526
1530
1522
1453
1396
1525
1522
1525
1509
1519
1523
1505
1517
1531
1534
1536
1506
1526
1529
1467
1527
1528
1522
1535
1529
1524
1529
1523
1525
1526
1524
1529
1531
1517
1498
1510
1524
1531
1524
1529
1527
320
1523
1525
1519
1532
1419
1480
1518
1521
1525
1527
1515
1519
1512
1536
1522
1522
1530
1525
1519
1525
1531
1527
1525
1518
1527
1516
1525
1487
949
1527
1528
1190
1520
1527
1525
1502
1528
1523
1529
818
1519
1524
1520
1521
1532
1509
1515
1522
1522
1518
1519
1512
1527
1516
1531
1527
1523
1530
1523
1176
1533
1524
1523
1527
1525
1525
1530
1523
1527
1521
1525
1530
858
1525
1523
1524
1065
1518
1531
1526
1510
1482
1525
1142
1526
1515
1523
1520
865
1522
1528
1524
1526
1520
1519
464
1042
1526
1456
1528
1524
1528
1527
1508
1027
1530
1523
796
1530
1531
1523
1506
1526
1056
1527
1526
1522
1523
1513
1523
1524
1516
1526
1527
1523
1524
1522
1527
1488
1529
1529
1525
1520
1304
1399
1528
1512
1527
1525
924
1525
1525
1512
1524
1495
1516
1530
1524
1528
974
1500
1532
1480
1523
1167
1522
1518
1100
1527
1520
440
1536
1527
1522
1520
884
1529
1521
1527
1523
1527
1526
1527
1527
1522
1512
1318
1524
1503
1521
1526
1522
1523
1526
1529
1523
1522
1527
1527
1508
1532
1518
1522
1520
1512
1531
1531
1037
1523
1530
1527
1523
1185
1523
1525
1523
1518
1525
1515
1528
1526
1526
1524
1520
1525
1529
1521
1527
1514
1397
1531
1517
1520
1507
1520
1525
1521
1526
1531
1531
1501
1514
1473
1518
1528
1524
371
1523
1155
1531
1523
1526
1525
1529
1520
1527
1522
1526
1526
1528
1526
1523
1521
1527
1526
1533
1515
1528
1524
1531
1515
1521
1527
1491
1522
1521
1527
1521
1504
1529
1514
1507
1526
1527
1530
1511
1524
807
1519
1519
1529
1529
1515
1524
1517
1518
1530
1516
1518
912
399
1520
1524
1530
1526
1503
1524
1509
1524
1530
1526
1526
1531
1522
1517
1492
280
1528
381
1525
1526
1524
1323
1520
1522
1525
1524
1526
1527
1519
1518
1075
1530
1527
1107
1513
1523
1526
1527
1529
1527
1508
1511
1518
1524
1530
1527
1519
1438
1515
1524
1523
1525
1521
1526
1428
1278
1531
1525
1526
1535
1527
1528
1486
1529
1503
1522
1522
1513
1528
1520
1508
1530
1502
1531
1531
1527
1535
1530
1525
1528
1529
1518
1460
1522
1520
854
1527
1523
1532
1527
1522
1533
1360
1516
1527
1523
1528
1523
875
1529
1522
1531
866
1521
1515
1526
1520
1510
1519
1526
1513
1525
1526
1527
1525
824
1528
1084
1523
1517
1543
1511
1524
1523
1528
514
1528
1520
1510
1522
1521
1523
1359
1525
1086
1532
1517
1518
1518
1512
1507
1521
1506
1526
1532
1525
929
1520
1534
1534
1521
924
1516
1533
1525
1521
1535
1526
1495
1509
1530
1531
1519
1528
1507
1511
1512
1317
1477
1153
1531
1523
1529
1406
1528
1360
1511
1524
1533
1526
1519
1497
1497
1527
1523
758
1530
1525
1521
1119
1532
1505
1527
825
1448
1528
1514
1528
1522
1527
1526
750
1331
1529
1515
1524
1526
1523
1515
1525
1521
1523
1523
1525
1529
1526
1519
1458
1528
1526
1516
1518
1071
1521
1530
1522
1519
911
1532
1521
798
1524
1524
1527
1515
1524
1334
1527
1147
1376
1525
1521
1509
1515
1525
1527
1532
829
1519
1529
1502
1530
1526
1526
1532
831
1529
1526
337
379
1329
1523
1533
1519
1532
1273
1524
870
1525
1513
1525
1527
1521
1507
1513
1523
1499
1529
1503
1536
1525
1530
1526
1490
1527
1003
1528
1529
1510
1525
1471
1505
1528
1521
1522
1471
1529
1500
1523
992
1526
1505
1437
1524
1536
396
898
841
1519
1521
1528
1480
1528
1523
1517
1514
1508
1534
1521
1526
755
1532
1527
1526
1524
1523
1522
942
1522
1542
341
1513
1019
1530
380
1527
1067
1525
1530
1525
1520
865
430
1533
1520
1516
1514
1530
1499
1525
1521
1410
1508
1530
1498
1522
1528
1524
1530
1513
1522
1523
1501
1521
1517
1529
1523
1520
1386
1525
1498
1526
1530
902
1517
1525
737
874
1512
1521
1523
1522
1528
1533
1526
1518
1353
1530
1527
1524
1413
1522
1530
1522
1529
1514
1531
1523
1524
1528
1530
1516
867
1530
1521
1516
1512
1521
879
1527
1531
1525
1525
1529
1522
1513
1526
1517
1507
1531
1533
1486
1521
1525
1529
974
901
1536
1526
1528
1521
1527
1527
1524
1514
1523
861
1523
