2991
1336
3020
2333
3046
3003
3014
3033
3004
3005
2940
2951
2986
2996
2983
3006
2977
2981
2982
3008
2992
3002
2985
862
2980
2991
2984
2989
3025
3002
2964
2999
3014
3011
2982
2872
2962
2985
2989
2726
3063
2991
2992
174
3021
3002
2999
2967
3005
3034
2974
3000
2985
902
2979
2972
2994
2992
3027
2975
3019
3025
2986
3017
3006
3011
2988
2983
3004
2910
3004
2999
3010
2993
3003
2974
2976
2974
2968
3004
3023
2981
3018
2993
3016
3003
3017
3016
2993
3062
3001
3001
2999
3012
3005
3016
333
2985
3044
3013
3007
2705
3026
2995
2995
2991
2996
3017
3014
212
2997
3013
3013
3014
3015
3006
2997
385
3028
2981
2973
2995
3104
2990
3017
3025
2988
2982
3001
2824
3012
2997
2950
3006
3018
2996
2991
2978
3021
3019
3009
2966
170
3006
3014
2983
3030
3011
3001
3005
3008
2522
2959
3021
3012
1185
3012
3004
2947
2386
3031
2996
3015
3011
2998
2785
3020
3011
2978
2942
3008
3024
3000
2909
3022
1086
3011
2999
2983
3014
3030
2961
276
2997
3034
3020
2947
3004
2980
3002
3007
3003
3010
3009
3002
3018
3035
2997
3021
3038
3008
2901
3011
2127
1777
2972
3005
2944
330
3004
1933
3003
1999
3019
3049
3004
3016
2503
2994
3002
312
3006
2985
721
2881
2994
2981
3019
2983
3016
2990
3043
3013
3011
2208
2985
2968
2984
160
2888
3002
3014
2986
3003
2938
3021
3014
2962
3008
2958
2957
3025
2990
2976
3012
3024
2991
2971
2986
3011
2973
2987
2998
2988
3036
3011
2997
2984
3027
2263
2999
2985
3001
3024
3005
3012
3014
2983
3000
2967
2988
3036
3014
3002
2984
2861
3036
3009
2990
1002
3006
3013
2977
2447
3015
3007
3005
2974
2897
3012
2300
2990
586
3018
2993
2975
3009
3015
3020
3001
3008
1040
3009
2930
3041
3006
3012
2066
3003
3004
3020
2408
2987
2990
2406
2987
3019
3013
2973
2985
3017
2979
2038
2996
2986
1402
2999
2984
2965
3006
3013
3004
179
2989
2995
3023
3018
3022
3034
2987
3004
2978
2978
2979
3028
3004
2985
2988
3020
3016
2994
3004
791
3018
2968
513
2999
2990
2496
3066
3009
192
2999
2946
3005
2998
2992
2984
2142
2882
2127
3010
2850
3007
2976
2982
3003
3010
2977
3030
2996
2931
439
2968
3017
2991
3026
3010
1699
3015
2989
3006
1747
2997
3035
3007
3018
2990
3012
3013
3037
3014
3015
3002
3015
3000
3028
3020
2974
2985
2996
2953
2979
2958
3001
3005
2963
3022
3023
3005
2969
2992
254
3025
2981
2977
3029
3016
2883
2982
2989
3005
3000
2870
2974
3074
3003
2982
2981
2974
3031
3030
3010
3003
3031
3010
2977
3006
592
3005
3005
2950
2969
3015
3012
2974
3007
2981
2983
2971
2978
2965
3038
2988
3019
3035
2965
2976
2995
3012
3012
2975
2951
3005
2983
2349
3000
3015
3023
3011
1749
2747
2987
2967
3003
2985
3037
3023
2996
2998
380
2344
3023
868
3014
3015
201
166
2952
2991
3025
2999
234
2969
3001
3091
3027
2982
2997
3035
2990
3015
2987
2950
2992
185
2989
2989
2973
3015
3003
711
2942
3010
316
2986
2979
2986
3003
3004
3011
1162
3036
434
3034
648
2814
3033
3022
2990
2972
2999
2982
2990
3009
2963
2531
2977
2965
2994
2978
2785
3037
2983
209
3018
2986
3014
3030
3001
3024
2991
3032
3005
3004
2997
3027
2991
2994
2975
2985
3012
3000
3001
3005
3013
2998
3003
2992
963
3018
3023
3014
3008
3016
2993
3021
2961
3012
3016
3002
3025
3014
2264
3004
3019
2008
3010
2992
3020
2997
2973
2976
3022
878
2995
3016
2984
3001
3030
3013
3012
387
3009
3016
3005
3021
3027
2986
3020
3036
3031
3002
3024
3006
3001
3002
3046
2968
3000
2995
2970
2184
1350
2056
2125
3000
3044
3010
2949
2986
2959
3009
2986
3010
3028
1617
3028
2985
3005
2626
3000
2987
2998
3021
2979
3003
3021
2983
2808
2927
2358
3018
2994
2385
3018
2997
2991
3036
3013
3020
3001
3028
3017
2982
3000
3004
1737
634
3014
2967
3007
1777
2890
2980
2992
2995
1611
3008
2997
3029
2984
2976
1019
3010
2984
3013
3021
834
3022
2970
2941
3010
2199
2969
2678
3021
2993
1491
3052
3047
2999
2734
3008
2992
2997
3012
3020
2011
3004
3019
2997
3021
3029
2989
3003
3012
2975
2997
2975
3020
3015
2910
2939
2987
3028
2993
3005
3009
3000
2986
2989
2988
3028
3007
2992
2991
3007
2984
2988
2975
3001
3025
3004
2959
2994
2996
2984
3041
787
2992
3027
3031
3006
2981
2984
3016
3010
1502
3000
2829
2733
1083
3012
3002
1906
2997
3008
3004
2658
2987
2991
2976
3004
940
3001
137
2944
2965
3009
2984
2975
3012
3001
3007
2933
2996
2979
2989
3025
2966
3001
3010
3001
3000
3020
2988
2985
3000
3024
3012
2948
3000
3031
2983
3014
2835
3000
3002
3011
2993
2926
1048
3029
2936
3011
3000
2381
1625
2991
2714
3084
2994
3015
2999
3001
3009
2985
3027
3005
3011
3004
2987
3018
3018
3021
2979
2981
3024
2930
3012
3003
3020
2984
3036
2973
3024
2990
2987
2963
1661
2961
2990
2997
3004
3010
3016
2972
3013
3025
3002
2942
2986
234
3013
2979
2978
609
3011
2990
3022
2527
3012
2997
3000
1498
2649
3003
2997
2983
3023
1121
2913
3006
3001
2995
2661
3030
2982
2990
2611
3009
2998
2971
2999
1799
3015
2984
3022
3020
3017
2968
2992
2994
3020
3010
3003
2982
2999
2994
2846
3025
2970
2984
2831
2992
3004
2987
3010
3014
3007
2956
3034
3024
2962
2987
3012
2949
3016
2971
2996
3000
2937
3087
2983
2923
3021
1790
2939
2993
2994
3015
719
3005
2993
2995
3000
2993
3015
3010
2992
2982
3022
3007
2587
596
3048
3002
2975
2582
3000
2991
2979
2994
2985
3008
1956
3001
3008
1860
3019
3014
3029
3017
3026
2996
3020
3021
3020
3007
2999
3001
3004
2979
3048
1746
2981
2947
2992
2976
3019
2999
3034
3003
2988
2018
3002
2505
2959
1203
3012
3015
3022
2999
3035
2986
2988
3003
2999
3018
2993
2974
2990
2999
3025
2998
3035
2883
1820
2939
3009
3016
3022
2979
2995
2996
3031
3012
3009
2416
3032
3007
2936
3004
3007
3006
2995
3027
2999
3012
3003
2929
3034
2979
2974
3042
2991
3014
2276
2962
2847
2987
2969
3001
152
3011
3007
3009
3006
3029
541
3009
3011
3032
3000
3029
3016
2998
3025
3018
3011
3018
3021
784
2968
3012
3002
3004
3019
3018
3006
3008
2984
3008
2991
2689
3015
3005
3002
2977
3008
2981
3034
2961
2986
3006
2960
3008
2969
2962
2985
2986
2996
3022
3013
3010
3009
3025
3005
3008
3010
3013
1797
3020
3005
844
2135
3005
1902
3026
3035
2981
2140
3019
3016
3018
3005
1719
3027
2988
2987
3034
2995
3000
2968
2993
688
2985
3007
3022
2865
2984
3010
3012
2971
2193
3039
2994
3012
2990
2974
2989
2957
2976
3025
2892
2995
3014
3030
2864
2982
681
2308
1115
3035
3001
3008
3027
2999
3041
2976
3070
2976
2993
2991
2995
3013
2188
2997
3019
1090
3011
3011
3004
3028
2988
3027
3008
3014
3037
2996
3002
3027
2753
3010
3010
2984
3003
3013
2992
2982
1697
3009
2994
2995
2988
3027
3004
2974
2976
3022
3033
3002
3002
2991
2126
3025
3006
2462
3009
3021
3010
3020
3014
3007
2787
3020
2985
2874
349
2667
2376
2247
2992
2978
2988
2984
3007
2748
2594
2985
525
2948
3047
2992
3011
1732
3022
3005
3017
1154
2979
2991
1594
2972
2787
3026
3000
3039
2963
2993
3023
3011
2964
3014
2609
2982
2972
3015
2992
2980
2996
2989
2966
3038
2891
3012
3001
3001
3029
2975
2965
3027
2913
2995
228
2991
3003
2995
3011
3018
2978
2087
2970
1008
2995
3033
2994
1221
2983
2991
2982
3016
2990
3015
2998
2944
3050
3000
2992
3007
156
3024
3020
2914
3010
2305
2982
3017
3038
2984
3051
2995
2997
2999
2961
2974
3017
2998
2982
2865
2997
2985
3010
3034
2974
2975
2907
3028
2963
3014
2993
3016
2987
2999
3020
2986
2992
2902
2992
2188
3003
3019
2822
2985
3027
3016
3006
2946
1846
3019
3010
1577
3016
2997
3027
2993
3020
2497
2996
3014
2919
3024
3008
2956
1474
3022
2990
2974
3014
2988
2991
2990
2971
2988
3025
2971
3012
2984
2929
2976
3038
3001
1239
3019
2986
2990
2977
3007
2986
3015
2982
3004
2984
1485
3038
222
3010
2998
3014
3012
3036
959
2225
2987
3012
2993
2990
3009
3053
2979
2969
3014
2981
3013
2217
3004
2985
3054
1571
3005
3000
3009
3000
2996
2938
3008
3011
2990
3031
2934
2995
2979
3020
387
2990
2998
249
3023
3068
2970
3014
2195
2997
1202
3006
2970
3012
2987
2992
2982
1558
3027
3011
3005
2960
2966
2986
3024
2980
3008
2962
3022
2986
3039
2995
2991
2995
3023
3041
2986
3016
3047
2993
2987
3011
3010
2999
3027
3017
241
3006
3030
2984
3008
3022
3019
1204
3020
2988
2777
2985
2990
2983
2992
3033
2991
3034
2990
3002
2978
1302
3018
3010
3002
3005
3000
3004
2965
3015
2984
2987
2676
2983
3016
2971
2963
2998
3012
2952
2978
3000
3028
2999
3010
3026
3001
3006
2998
2978
2996
3026
3013
2963
2988
3016
1469
2955
3008
2984
3038
2979
2981
3030
783
2989
3003
3011
3009
2990
3060
2968
1898
3022
2970
3006
2995
2982
3012
3014
546
3068
2727
2207
2999
2961
3010
3008
2989
2979
3009
2980
3017
2999
2979
3018
3007
905
2957
3021
2980
3033
663
3014
2991
3003
2986
3016
2985
3017
2985
3039
3021
2995
2992
2960
3010
2195
2992
2992
607
3012
2991
2986
2963
1853
2695
3002
3016
2987
387
3018
2980
3029
2994
3001
2996
3015
2372
2995
3023
500
2965
3006
3016
3011
3018
2995
2957
3026
3016
3001
2914
1179
3030
2963
2991
2989
3008
3016
2973
3005
3013
3019
3006
3004
3004
2950
3020
2991
2734
3007
3002
1891
2658
2988
3017
2539
2503
3007
3000
3011
3028
2971
2998
2974
2997
2989
2980
3017
2997
2992
2961
3026
2999
2915
190
3008
2998
2974
2992
3048
2981
2986
2993
2992
1908
3027
2970
2909
1127
2997
3008
2974
3008
2998
2986
3016
3024
2987
2969
2995
2982
2350
2976
2972
2976
3026
2998
2993
2984
989
147
3033
2203
2989
3005
2962
2987
1668
3007
2997
3010
3016
2976
3004
3015
3100
3005
3015
2997
2988
2976
2981
1207
2944
2988
2997
690
2988
3001
2999
3009
2968
3010
2989
2986
2977
2994
3022
2985
2987
2992
3013
2964
2985
2994
3012
2996
2995
2997
3019
3002
3019
3014
1691
3014
2999
3057
227
3012
3031
3014
3008
3031
2934
3000
2991
2988
3005
3020
2980
3035
3000
2168
3013
3009
3003
3015
3011
2984
2900
2978
2248
2787
802
1699
2940
2980
2998
3006
906
2933
2979
2985
3008
2980
2980
2993
2999
546
3051
3002
2998
2372
2901
2974
2981
3012
3000
2641
3078
2996
3014
1267
2996
2998
1448
3011
2997
3017
3010
2967
2989
2985
3004
2692
3003
3022
3018
2987
3011
1605
2943
3023
2925
3033
3059
2987
1197
3007
3004
2912
3003
2982
2978
3017
599
2909
3008
3013
3010
3015
3013
2947
3023
3033
2908
3023
2976
2981
2979
2975
2962
3007
3001
3038
2988
2999
3018
2963
2991
311
446
3016
3008
346
2751
3002
2998
2936
2891
2977
3006
3001
3016
3002
3017
3011
3018
3010
3082
3028
3008
1465
3019
2981
2929
392
3036
2999
2948
2995
3029
3016
3016
3082
3012
2997
3007
2970
3016
3006
3001
3002
2986
3014
2980
2987
2991
282
3006
2980
2980
3016
2991
3026
3020
3018
2942
2996
2992
3008
3003
2980
3035
3020
2945
3007
2937
2997
2968
2995
3044
2721
3026
2988
2485
3010
3008
1184
2987
3009
2952
3017
2983
3039
2990
2994
2965
3034
2980
2847
3036
283
2989
2987
3020
1059
2271
3016
3001
3018
3011
3036
2975
3002
2999
1116
3023
3004
2942
3013
3008
503
2983
3007
3002
3003
2997
2989
2983
2987
3013
2989
2981
2983
3037
718
3019
2998
3036
2985
2101
3027
3005
3015
2994
3060
3013
2995
2986
2994
2986
2987
2966
2995
3011
3011
679
3024
3023
3017
2984
2979
3006
464
2989
3071
626
3012
2995
3033
2989
3028
2995
2928
2993
3019
1834
3002
3003
2992
3025
2717
3002
3008
2990
2876
2938
3026
3024
2983
2961
2983
3008
3007
3000
2970
2952
2983
3025
3007
3009
774
2961
3005
2993
2999
3031
1353
2999
999
3007
224
1609
3004
3023
2993
2996
2989
2992
256
3014
3078
3005
3018
1473
3025
3018
3018
2988
3087
3029
2971
2991
1501
2990
1612
2996
2882
3011
3040
3010
3029
3002
3009
3015
3009
345
3011
2950
3016
2988
2996
2995
3002
292
2992
3027
3013
3017
3020
2986
2986
2994
3016
3018
666
2971
3019
2997
2989
2978
2996
3006
2090
3022
3010
162
3001
2969
2975
2999
3003
3061
3109
3023
1275
3025
2987
2983
3013
750
2924
2982
2986
2607
3000
3009
2954
3032
2976
3003
2990
3021
3105
2417
2984
3005
3009
3005
2977
2051
324
2968
2558
2979
3018
3002
569
3028
3002
3010
2987
210
2975
3030
1897
2434
3023
3024
3031
3011
3035
3043
2978
2997
141
2992
2986
2968
2979
2958
3106
3012
3016
3000
2384
3001
3022
2949
2990
2999
3019
3031
3001
2966
2983
3031
3014
3016
2997
2920
2994
2406
290
2995
1476
3004
3036
2966
3007
3021
167
3077
2546
3014
2992
3015
2978
2989
2980
3007
2949
2956
3007
3012
3006
1142
3017
3015
2999
3018
2989
3029
2979
3002
3031
3010
2978
3006
2931
3017
3023
2981
3001
2999
2808
2995
2967
2963
3006
3024
3007
3000
3001
3008
3010
3004
2981
2984
2959
2977
2979
2995
3007
2661
3008
2974
3015
3016
2996
2992
3019
687
2871
2995
2994
3023
2991
2998
2969
2744
3008
2974
3001
3031
3015
3007
3010
3022
3051
2996
2958
2991
2924
3014
2956
2960
3013
3023
3032
3058
2954
2985
3022
2989
3012
3015
2987
3010
3007
3021
3012
3016
1432
2971
2997
555
2928
3005
2992
3010
2987
3005
1120
3004
2972
3010
224
3024
2965
3033
2637
1781
703
2938
3013
2750
755
2993
2979
2985
2965
3007
2961
3006
2980
3022
3023
2868
3016
3024
3016
3036
2991
2995
3001
3009
3004
3010
2970
3009
3010
3013
3002
2824
3012
2985
2789
3006
3023
3025
2975
2723
3015
2972
3010
2978
2995
3017
3019
2985
3007
3022
3009
2987
2944
3010
2998
3021
2975
3012
3001
3022
2997
439
2972
2993
3027
2943
3046
2968
3001
3030
3013
3025
1354
2988
2745
3015
3008
3029
2048
142
2968
2980
2998
3004
2423
3011
3000
3008
2996
2968
1680
3043
2984
3009
2980
2985
3021
2996
2999
2974
2994
2193
3033
2883
3031
3010
3013
3025
3014
3028
3023
3018
2977
2972
2977
2944
2967
3000
3014
2979
2973
2965
3011
3018
1254
3007
3061
3004
2952
3026
2974
1666
1161
3011
2983
3004
2963
2995
3018
1328
2970
3041
3014
2346
2968
3019
2998
210
2977
2998
3004
2641
2996
2996
3032
2910
3057
2555
2973
2164
3008
3011
1822
3036
2984
3032
3089
2996
3015
2771
3012
3003
3020
3006
2297
2997
2781
2988
3010
2921
2992
2966
2987
3007
2971
3015
2430
2948
2988
2990
3026
3026
1496
2994
2995
2953
3008
2999
3014
2999
2962
3001
3046
966
2971
3015
2972
2980
3007
3014
3007
3024
614
3034
3019
2819
2118
2998
3028
3014
3014
2937
2861
3035
2966
2988
2995
3029
2996
3000
3009
3003
2093
3026
2991
2995
3005
2968
2990
2989
1670
2828
644
3038
2943
2984
3031
2984
2980
3088
2900
2994
3003
3004
3027
2995
2992
3009
2998
3024
2704
2998
3019
2999
3011
2998
3032
3012
2905
2987
3007
955
2958
3007
3021
2966
2981
3014
2979
2399
2990
3007
3004
2989
2645
2993
2970
1420
2992
3024
2979
3017
3034
2904
2981
2987
3021
2961
3005
2996
2981
2987
3000
2990
2685
971
2925
291
3073
3021
2975
3019
2997
3002
2993
3070
2999
3030
3001
2989
2915
3004
2522
2854
619
3007
2981
2972
3070
3032
2989
2993
2976
662
2999
2991
3014
2972
3024
3031
3094
2984
3002
3075
2970
2989
3018
3017
2959
3028
3031
3010
2983
2996
2996
2986
2992
2910
3003
3010
2060
2978
2778
2982
3016
2190
3006
2987
2983
3003
2623
2998
3002
3013
2994
3054
2976
2937
2998
2972
237
2744
2860
2997
2983
3018
526
2984
3026
2986
2976
3004
2994
2980
2963
3027
2978
2992
2995
3027
3021
2981
2995
2927
2983
1037
495
2960
3012
3005
3009
2989
3015
3006
2994
3053
1589
2994
3024
3014
3008
3038
2991
2991
3016
2969
2984
2999
3041
2983
3060
3050
3022
849
2999
2937
2993
2986
3018
2982
3040
3099
2989
2988
2984
3000
3019
2999
2991
3008
3039
3001
3013
2952
3027
3011
2996
3021
2993
3003
3018
1272
2988
3006
749
3015
3010
3009
2891
2965
3013
2056
3033
2983
2990
3011
3029
1290
3022
3003
3003
254
3014
3028
2953
3013
2956
3000
2662
2966
3006
3000
3015
3015
3006
1934
3003
2097
3007
2990
2466
3021
275
2996
2985
2980
2998
2991
2998
370
2978
2979
2986
2535
3001
3030
3013
3002
3036
3015
3002
2996
2992
1197
3018
2986
2977
3005
3002
3033
2983
2724
1182
3029
2993
2996
2995
3017
3010
326
3000
2940
2975
2955
2951
3014
2963
3005
2986
2999
2989
2989
2987
2972
3026
3036
3018
3000
2997
3006
2965
3018
3017
2991
2883
2981
2990
2987
2950
3027
2970
3008
3031
2967
2998
3040
317
3037
3010
3003
3069
2992
3005
2943
3017
3037
3005
2991
255
1601
1250
2980
1155
2995
2965
2998
3015
3033
2941
3004
2984
2970
3039
2991
3010
3033
2986
2968
2978
3046
2993
3023
2977
3014
1788
3007
2945
3000
3032
3008
2989
959
2995
3039
3023
2985
3007
2932
2969
3020
2989
2971
2963
2928
3003
2999
2997
3009
2923
2955
3043
2999
3009
3042
2987
3030
3000
3010
3006
3002
3003
3005
3029
3012
3008
1406
2971
2385
3008
2953
2921
3022
3053
3024
3010
3014
2737
3000
2985
2995
3001
3009
1236
3021
3001
2950
3035
2999
2998
3026
3015
3009
2695
2983
2860
3020
2777
2556
3013
2981
3022
3019
2973
202
2982
2991
1552
2996
2710
2959
3016
2995
3000
2986
2983
2958
3024
2981
3000
2993
2960
2851
1805
3045
2994
3005
3021
2960
3015
3013
3028
2978
2553
2990
2999
3014
2919
2900
3019
3047
2974
3019
2994
3017
3001
2991
2993
2927
2994
2979
2990
3014
2871
2962
2997
2980
3028
3016
1860
2995
2934
3033
3021
3021
3001
3001
2951
2993
2988
1881
3001
2981
2998
2470
2965
2952
3017
3004
3001
3019
2648
2985
2992
2964
2987
3038
2916
3018
2981
3018
2967
3025
2990
3047
3019
3022
1038
2990
3007
1995
3045
863
2994
2992
3073
3012
3036
2923
3022
2969
1101
3000
2026
3013
3007
2999
2970
3028
2963
2996
2972
3028
3025
3013
3056
3013
2993
2971
3000
2983
1472
2980
2932
3019
3016
807
3012
3009
3001
3042
3017
3007
2915
2979
3014
2950
2998
2998
3040
2999
3019
1091
2985
2335
3025
3018
2977
3008
1569
3006
3006
2998
2998
2998
3003
2973
3005
3011
2969
3017
3026
2997
3009
2976
2947
3023
3001
2980
2984
3011
3001
2936
3013
2997
3026
3001
3004
3006
1382
3003
2998
473
2968
2989
3021
1794
3011
3018
2991
2848
2996
2996
3005
3010
3010
2993
2973
2206
3028
2990
3021
3030
3007
156
2984
3041
2973
2985
3027
3002
3003
3022
3027
2982
1226
163
213
2998
2962
3000
3008
3027
3011
2981
2972
3018
3036
2594
2988
2980
2996
3014
3006
1614
3007
3022
2997
3014
3077
3009
3010
1448
2970
2125
2982
3001
2990
3028
3016
2997
2993
2977
3018
184
3039
3020
2958
2983
2962
2987
3008
2977
3015
3013
2990
3020
2987
205
3027
2990
2991
2984
3027
2704
3016
3013
3021
3008
2995
3022
3005
2953
2973
3008
3017
3002
3001
2664
3006
1668
2995
2980
2723
2999
3015
242
3006
3021
3007
2991
2983
2973
2978
2996
3017
3024
2901
2985
2957
1158
3071
3018
3026
2998
2969
3013
3037
3016
2998
3009
3005
2992
2955
3013
3003
3011
2997
130
2969
3015
3088
3013
2964
2666
2998
893
3035
3006
2959
2958
3024
3010
3006
3011
3005
2994
3002
2794
2995
2988
3001
3021
2999
3006
3008
3009
2955
3025
3007
3013
2991
3034
3013
3012
3004
3041
2998
1646
2935
3012
3021
3021
3018
2981
2983
2932
2996
3005
2969
2984
2429
2987
2989
2973
3065
402
2966
2998
3009
3016
2988
3024
3000
2991
2701
2925
3003
2389
3009
3040
2907
1149
3010
2307
2034
2986
2979
3002
2253
2996
3019
3013
3021
2996
2997
3033
3019
2990
3013
3004
2992
2990
2995
1334
3005
3001
3077
3011
2996
3022
2996
2998
3004
3050
3002
3030
3003
3045
3036
3027
2955
3012
2998
3002
2367
2993
3010
2419
3013
3008
2991
3018
2911
2116
3036
2959
3043
2999
3075
827
2942
2999
2999
1849
3074
3090
3013
3009
2970
3015
3030
3009
2976
3038
3011
3005
2997
3022
2967
2985
2993
2999
2501
3019
904
2628
2938
3033
2997
2994
2992
2578
3031
2997
2983
3005
3015
3007
3020
3008
3047
3017
168
1712
1695
2980
2939
3098
2943
3001
244
640
1036
3030
2991
3010
2992
3004
2992
2986
1362
3004
3047
3003
3001
3004
3019
3007
2994
3028
521
815
2970
3017
2956
2993
3032
3004
3012
166
2592
3021
2460
2980
2329
3006
3079
3007
2969
3010
3049
2985
359
3031
383
3008
2996
2988
1590
2985
3003
3013
2971
3006
2355
2498
2964
1420
3003
2993
3008
2471
249
2996
2992
3009
3006
2878
2985
3002
2987
2963
3025
2966
2986
3014
2981
3034
2962
3020
3013
3006
3014
3008
2983
2302
2993
3007
581
3002
2981
2970
3015
2985
2939
3007
2990
3006
2965
2926
3019
3027
2976
2954
2987
3012
3014
141
2424
3010
2990
3009
2987
2992
2990
2991
1273
2967
3033
3042
1694
3015
2997
3009
1849
2978
2995
2994
2989
2967
3016
2984
3020
2982
2979
578
3013
3009
213
2995
3022
2990
1345
3005
2995
2827
2974
2991
2974
2992
2987
3019
2675
3006
2976
3004
3018
1834
2957
3021
2993
3015
2965
3016
3005
3011
2997
3025
2973
2981
3006
3018
1878
3007
2728
3013
3027
2994
382
3017
3011
2911
2994
2979
2718
3044
3008
2970
3004
3001
3034
827
3016
3035
3041
3004
2977
3001
2960
1808
3037
3007
3009
3001
3017
3004
2996
3012
2998
3017
3029
2991
2942
2997
1984
3004
3089
3009
3010
3019
2993
3034
2928
2987
3018
2990
3000
2981
2973
3050
3024
2974
3025
2577
3025
3014
1956
2976
2925
3021
2995
2810
3019
3003
3018
3013
3020
3017
2998
2971
3022
2998
2982
2892
2972
1526
2977
2760
2984
2968
3000
3024
2991
3029
2998
3022
3035
3004
2990
2994
3002
3031
2961
2987
3035
589
2997
2967
2992
3001
2994
3023
2977
2996
2979
3007
3032
3015
3009
2510
3018
2992
2999
3016
3018
2935
3000
3006
561
3012
3025
2995
2998
2980
3026
2995
3026
3010
2986
2996
1657
2999
2046
2936
3023
2986
3009
2992
2976
3011
1599
3020
3002
2995
2964
2984
3014
3011
3003
3016
2899
2992
3064
3010
2990
3000
2991
2926
3024
2487
2985
2946
3012
2990
2987
2997
3021
3027
2989
2979
3019
2962
3026
2975
3011
3005
3013
3021
3023
2998
3018
2982
2494
2586
3037
2986
3012
3005
1938
468
3003
3021
3010
3001
2981
2987
2981
3029
3021
3086
2964
2998
2759
3016
2978
3010
2991
3032
327
3010
3025
2953
2997
2926
2976
2987
2990
3004
3057
3056
3091
2954
3032
3038
3030
3015
2987
3015
2984
2994
2930
3023
3008
3005
3009
3007
3008
2990
3014
2972
3028
3004
3002
2986
3012
514
2998
2976
2988
885
2995
3010
2970
3013
3010
2968
2846
2567
3055
2987
3028
2974
3019
2232
907
3033
3028
3001
2099
2984
276
2976
3020
2985
3007
3006
3001
3001
526
3001
2992
3028
896
3011
3018
2979
2531
3022
2933
3008
2994
3015
3012
3015
2984
2926
3009
3003
2978
2969
2977
572
3019
3007
3008
1151
3021
2990
3022
2978
2980
2985
2971
3013
2995
1572
2661
1498
2972
3025
2943
2983
2999
3017
3044
2068
3009
3018
3008
3029
3039
3001
2994
3006
3027
3005
3037
2985
2994
2995
3011
2956
2987
3008
2972
215
3014
3010
3023
2983
3002
2996
3008
2980
2969
2973
2952
1014
3016
3002
2981
2994
3002
2993
3015
3012
2992
2991
3024
2991
2927
2968
2995
2998
2981
2999
2995
3018
2983
2996
2807
3024
3025
3044
2976
3013
2978
3001
3015
3023
2966
2999
2987
1421
3024
2987
2996
3011
2985
2994
3019
2982
3116
2871
3006
3030
2780
2963
3001
2998
3009
3070
3000
3001
1503
1055
3028
2770
3012
2999
3033
3014
1666
2990
2647
2993
3000
2993
3029
3002
2945
2997
499
2992
2974
3026
2262
2999
3032
3016
2199
3012
2994
2974
2984
2965
2992
3006
2971
144
2995
2985
3012
2970
2946
3089
2993
3022
2962
3020
3011
3032
2980
3001
685
3005
2988
1560
2969
3007
3004
2960
2995
3025
3009
1401
1317
2990
3087
230
174
3006
2977
2991
3015
2979
1005
3023
2983
3012
2593
3021
3003
3011
3010
3007
3081
2990
3023
3016
3032
2958
2997
2991
3017
2980
2981
2284
2954
2995
2979
3036
2969
3016
3008
2963
3035
3035
3033
2858
3002
3000
2998
3004
3037
2994
3003
3011
3019
3004
3036
3022
2989
3013
2996
2999
3019
2888
3014
2991
2995
2975
2891
2999
3004
3000
3007
2669
3029
2973
2992
3012
3005
3002
2987
2963
3027
2984
2995
2305
2993
2992
2973
3003
3006
2963
2983
3006
2972
3016
1428
3004
3009
974
3028
2983
2977
3011
2672
2174
3014
2993
2999
3015
3011
3014
3029
2967
3032
2974
2987
3008
2989
1706
1927
3020
2988
3003
3000
2978
2975
3008
645
2764
2997
2995
3014
2995
3009
3009
3003
2972
2935
2995
3017
2987
2986
3002
3012
3022
2818
803
3016
3018
2996
3004
2998
3023
2992
2952
881
3003
632
2728
2359
2985
2990
2992
2956
3007
3027
2992
2999
3010
3023
1901
3002
3017
2918
3029
2998
2901
2987
3035
3003
860
2994
3002
2968
3004
3077
2993
3026
3007
248
618
3015
3019
3013
3047
3004
3019
2651
2991
3014
2955
2974
2775
2985
3009
3046
2990
3019
3026
3011
2978
2999
542
3002
1447
2980
2449
3018
2980
3018
3039
3011
2999
2994
2978
3027
3001
3002
3052
3019
3007
2985
1521
2999
2748
138
2921
2965
2967
2970
3014
310
2986
3005
3029
2993
2975
3035
2965
3013
2983
2968
2996
3014
2783
2956
3020
1579
3029
2990
3011
2936
3034
2967
2996
3078
2993
2843
3017
2415
2980
339
3016
2966
3047
2997
3025
2980
3007
2975
2997
2938
2281
3018
3005
3003
3016
3026
3015
228
2995
3030
3002
3013
3009
2971
2993
1265
3030
3009
2988
3006
3004
2997
3017
3022
2970
3013
2993
3006
3029
2370
2989
2985
2990
3010
3038
3020
2617
2999
2991
3005
1408
2981
3008
1021
3024
3016
3008
2999
2760
2922
2796
1770
792
3005
2761
2966
3005
3035
2911
3013
3023
3004
3011
3001
3015
2894
2998
2982
3002
2996
2969
3018
3007
3036
3022
3030
1502
3035
3003
2229
3025
2989
3007
203
3034
2977
3004
2988
3025
2413
3004
3026
2738
3004
2997
3011
2979
3020
3030
3016
2999
2983
3021
166
2984
2550
2978
1193
2987
2988
2966
3014
3008
2976
2999
796
903
3010
2991
1237
2908
2251
3002
2996
3004
3006
3000
1431
2990
2991
2950
2987
2392
3002
2983
1556
3007
2099
2932
3020
3000
3020
3090
3027
3059
3012
2992
2861
2971
2936
3007
1933
2997
3019
2994
2995
3016
2973
3013
3001
3002
3017
2981
3024
2976
2990
3033
3015
2997
3023
2995
2651
2851
3027
3002
3034
3012
2998
2999
3042
3004
3014
2980
3023
2896
3014
2981
3010
1673
2981
2361
3000
2978
2996
3005
3002
3030
3006
2998
2981
3000
2297
3004
2987
3015
2968
221
3004
3005
3007
2965
2963
1872
2980
3021
715
2544
399
2987
2991
3014
2985
3010
162
2994
2317
2986
2999
2929
2943
2988
2960
2314
2987
3007
2969
3000
2956
1187
3020
237
3004
2976
3008
3001
2978
3008
3026
2976
3028
3000
3036
2993
3012
2987
3010
3015
3019
3014
3001
3021
2990
3024
2997
3003
1940
3032
3003
3005
2948
3006
2979
2978
2896
2976
3003
2990
2954
3038
3002
3001
3006
1984
2991
2852
3006
2991
2977
2971
2977
3019
2999
3003
3020
2976
3019
2996
3013
3002
2989
3031
2986
3018
2994
2979
3031
2984
3008
2995
2972
3031
2959
3014
3041
3033
2958
948
3005
3030
2995
2990
3012
2958
2235
1201
3001
2993
519
3014
2459
2892
2365
3006
3028
3015
3007
3001
2998
3003
2993
3003
3025
3017
2983
2999
2994
2969
3004
3012
2980
1066
2994
3005
3003
1283
2995
3010
2976
3030
2989
2994
1899
2991
2685
3013
3011
2988
2969
2996
3026
3013
2998
2961
2984
673
3047
3027
2996
2932
2990
2997
3013
2990
2965
3015
3087
2987
2973
2966
2998
3009
3020
2982
2966
3044
3007
2994
1635
1712
3026
2974
3004
348
2213
3068
3040
3000
2958
3015
3003
3008
2947
2975
3009
3007
1838
3022
2658
2964
2952
3015
3017
3000
3001
3029
2986
3007
2094
2997
2983
2971
2891
974
2985
3012
2998
2982
2996
2979
3011
2988
3050
1637
2990
2981
2996
3013
3017
3011
3013
3004
3019
2983
3000
3013
3012
2966
3003
3018
3014
2972
3016
3014
2983
3005
2979
3073
2982
2983
3016
3012
3022
2081
3003
2997
2681
3005
3016
3018
3035
2981
2996
2955
2808
3017
2745
3019
3031
177
3014
2998
2996
2981
2993
3019
3033
2978
3004
2999
3002
2969
3013
499
3003
2989
3042
2989
3021
2993
2989
3023
3005
2966
1826
3013
3070
2970
2997
2991
2961
3058
2705
2417
2824
3017
2049
3030
2943
3007
3009
2996
3028
2992
2994
2978
3036
2996
2980
2923
3006
2996
2437
2848
2961
2996
3005
2967
3035
3030
2986
2985
3043
3002
3007
3068
3020
628
2988
3019
3021
2937
3022
3004
3017
3028
3005
3028
2969
716
3000
2954
2991
2955
3020
2973
3036
2981
3013
3013
3033
3000
2986
3027
3009
3037
2761
3002
3005
1758
2980
2988
2994
2447
2982
2994
1829
2893
3002
2977
2950
2977
3008
2995
3014
1645
2880
2995
2971
2978
3021
3038
3013
2983
2687
2919
2492
2985
706
2941
3007
3013
3019
3012
2999
2995
3010
3030
2952
2990
2964
3016
2998
2971
2998
3007
2976
451
3006
3017
2210
2979
2986
2997
3016
2186
937
3029
1256
3013
3038
3037
2989
2998
3004
2968
3017
2992
790
3011
3004
2783
2956
3019
3027
3020
3008
2994
3010
2983
3005
3002
3026
2996
3045
2909
3017
3024
2975
3004
3030
3001
3039
2999
3002
3025
3011
2989
2988
3017
2989
2992
2986
3038
1016
2984
3009
406
3034
3000
2989
732
2987
3026
3025
2998
3032
3007
1571
2986
3004
3035
2905
3024
2996
1955
3004
2995
2843
3006
3002
3010
2991
3012
1840
2204
2981
917
2975
2934
3006
914
2974
2284
3024
2945
2107
2989
3011
3032
3005
415
2980
2478
3019
3004
3021
3001
2970
3021
2975
2938
3009
3024
2962
3017
2164
3018
2956
3008
3027
3045
3008
2994
3011
3008
2971
2722
3014
3014
3038
3015
2956
3025
2919
1102
2992
3031
3011
1663
2982
2999
2966
3034
3010
2317
2988
261
3002
3027
2980
3014
3023
3023
2988
2980
3045
3045
2999
3012
3033
2037
3007
3070
3002
3011
2941
2999
3012
2978
3000
3018
2990
3007
3002
2958
2184
2997
2972
3066
2990
3014
2734
3060
3024
3018
295
3022
3023
2987
2982
1518
3030
3014
2954
3037
3016
1179
3014
2879
3005
3023
2891
2963
2978
1989
2107
3031
3005
3000
2994
2996
3036
2980
3014
3004
3099
3004
2987
3018
3019
3016
252
2994
3004
3025
3029
2986
3008
2971
3014
3029
2998
2997
2972
1794
2994
3018
2972
3018
3018
3029
3009
2169
3032
3005
3089
2980
2927
3007
2975
2996
2974
2929
2613
3015
3006
2977
648
3008
3007
3037
2976
335
3003
2994
3009
2941
3009
3011
3010
2988
3000
482
3010
3021
3009
3031
2981
2987
2984
667
2981
3001
3016
2990
1588
2990
2658
2981
3028
3005
3015
3010
3019
3039
2995
3004
2990
2951
1884
2972
2996
3012
3003
2988
2962
3005
2981
2965
3000
2102
3021
3033
3014
2974
2986
3031
3028
2984
3001
2985
3012
3022
3005
2947
2998
2999
2981
2972
2068
2965
2998
2985
2959
2975
3029
2545
2993
2964
2993
3027
3021
3010
2997
3002
3015
2150
2986
3030
3023
3009
2974
3006
2944
3004
857
3035
2992
3031
3019
2984
2127
2996
2996
3017
3020
2975
2999
2993
2986
3003
2983
2996
2645
2933
3060
3018
2996
2981
3023
3010
2992
3011
2957
3015
3075
2990
2965
2964
2960
2995
2992
2987
2958
3037
3077
2951
3009
3003
3014
180
3016
3020
3035
3025
2974
1053
2962
3018
3004
3021
3054
3025
2978
2989
2985
3012
3002
3036
2979
3000
3040
2997
2752
3011
3004
2963
3016
2995
3022
2999
2970
2996
2724
3005
3003
3015
2927
2991
3006
2975
2994
3010
2982
2896
2983
3014
2988
2966
2993
2357
2975
3009
2963
2992
3015
3006
2995
2989
2780
3032
3005
3007
3023
2924
2322
3019
2975
3019
3011
3016
3021
2962
3010
158
2970
3072
2992
3013
2998
2995
1988
3032
2980
3042
2982
2992
3006
2988
3002
463
2992
2989
555
3004
3023
2999
2986
3028
2999
3001
3049
3021
2482
3018
3034
3029
2797
2987
3006
2995
2938
3001
2983
2954
3006
3017
2986
2417
3014
3028
2977
3049
3059
2959
3031
2985
3059
3024
2978
3003
2973
3023
1284
2987
2985
3008
3014
3009
3039
2998
2992
3017
1021
2987
1096
2976
2994
2992
3023
3002
2682
2102
2975
3027
2977
3017
2989
2988
3022
2897
3017
2957
2926
3006
3022
2995
3011
3007
2978
3016
2983
2996
3005
2992
3011
3031
2995
2984
3007
3013
3002
3002
2854
3009
1501
3000
2969
2976
3027
3010
2961
3001
2971
2998
2807
547
2960
3004
3011
3000
2958
3003
2998
3010
2391
2985
2999
3017
3006
2983
3002
2989
3009
2955
2914
3006
2962
2963
2969
3002
3006
2982
2991
3035
2966
3015
3023
3018
3012
3004
2996
2744
3005
2989
2988
2989
3018
3014
3012
3015
2967
926
2843
2998
3008
2966
1944
2988
1539
2982
2957
3005
3016
2295
2973
3005
2987
3003
3011
3053
2972
3009
3013
2988
3016
3005
542
3003
2981
3017
3002
2996
2997
3034
2947
3042
3000
3010
982
1013
2994
3001
3001
3004
3028
2491
3011
419
3013
3026
2944
3016
3016
3102
2992
3043
2983
3024
3019
2943
3016
3036
3025
2998
2103
3009
3011
3001
2938
328
2993
2992
3047
3019
3023
3015
3005
3002
3014
3011
2989
3015
2997
3008
3020
3015
3081
2155
2990
3073
3015
2996
2997
2996
2984
2266
2979
2867
3003
2991
3005
3009
3011
2960
2987
2989
2999
3020
3000
2989
3015
3010
2967
3046
182
3017
3026
2968
2979
2977
2985
2983
3006
2980
3001
2983
2975
3035
3012
3026
3004
3014
3009
2174
3028
3000
2983
2997
3006
3004
2999
2969
2954
2972
2974
2962
3025
3026
414
3008
3016
2984
3027
3010
2773
1413
3013
2990
1295
1421
2978
3004
2935
2998
2203
2986
2993
305
2988
3017
2437
3004
3021
3013
2744
3001
3011
3009
3017
2987
750
2913
3009
3019
3019
3005
2971
2999
2974
3015
3024
2988
3030
3031
2939
3039
2981
3043
2981
3003
3024
2996
2519
2968
2975
2968
2998
2967
331
3003
3037
3013
2978
2994
3023
3068
863
2991
2989
2995
2978
3004
2990
3008
2996
3002
2871
2966
2870
2968
2955
2968
325
2979
2992
3011
3004
3029
2997
3022
2408
2200
3013
2962
3000
714
2992
3000
3020
3002
3005
2919
2575
3016
2998
2980
3029
2985
2990
3004
2765
3032
3023
3010
2980
2976
891
2956
2995
3029
2182
2994
2289
3000
2997
2981
2954
2996
2990
3025
154
3005
3033
2996
3005
3017
773
2969
3024
3023
3024
3003
2953
2993
3043
3037
2995
2980
2964
3002
3018
415
3005
2950
3024
3015
2944
2995
3018
3029
3011
3016
3004
2660
2989
3024
3029
3011
3031
3009
2994
3012
2982
2951
2993
2983
3003
2982
2976
2991
2976
2997
3024
3021
3006
3024
3009
2365
3032
3022
3002
1158
3055
3001
965
2978
2999
2921
3010
2994
2985
2994
3024
139
3007
2990
3027
2998
3061
2995
2994
3012
2136
3024
2990
2948
227
3003
2965
2980
3004
2822
2977
3012
3007
3034
2992
3028
3001
2957
3013
3016
3030
2983
2974
3055
2981
2996
2972
3035
3010
2975
3008
3024
3018
3014
3037
2990
3008
3001
352
2999
2973
3027
557
2973
2961
2989
3011
3012
2985
2975
2960
3031
3000
1817
2950
2989
2953
3009
3032
2991
3002
3003
3014
3066
2983
154
3024
3000
3003
2987
3010
3001
1692
2964
2932
3016
2963
3002
3026
3009
3005
3006
3014
2982
3011
3004
2995
1181
2980
3023
3016
2930
3004
3011
3030
2702
3043
3004
2976
3042
2935
3002
2964
2991
1328
2946
3075
3040
3014
2999
838
2962
3004
2860
2976
2979
3008
2985
1092
2967
2998
3033
3036
2964
2984
2959
2982
3009
2983
271
3008
2985
2644
3096
3032
1979
3002
2983
233
2991
2964
3022
3000
2996
3014
2963
1858
3025
2983
589
2644
3013
2996
470
2995
2964
3000
3002
3006
791
2991
3001
2996
2956
393
3020
3086
3020
2282
2987
3002
941
535
2894
2751
3103
2980
1733
2987
2991
2997
2973
1729
2994
3028
3018
2967
3053
2924
2976
2946
2999
3015
2974
3009
2873
3017
2966
3001
2947
3049
3002
2996
3023
3003
3019
2971
2989
3029
2965
2991
3009
888
3007
3009
3036
2994
3020
3016
2989
3014
3007
592
2994
3019
2981
2992
3038
3000
3015
3031
3014
2818
3099
3013
2997
3014
1093
2945
3003
2896
3033
2947
2983
3021
3020
2989
3003
2998
2914
2828
3024
2991
2975
3003
2803
3022
3000
2983
2989
1684
3001
2962
3009
3000
2967
2990
3004
3001
2998
3010
3003
2988
2864
2993
3033
3011
2980
3026
2998
2036
2967
3010
2983
2990
3000
2803
2972
3003
2985
2985
2983
2999
3038
3020
2968
3009
2997
3006
280
2998
2992
3008
3003
2968
2969
495
3020
3013
1576
2993
2986
3027
3008
2519
3038
2998
3016
2990
3016
2968
3018
1334
3005
3005
2995
2993
1411
2987
3017
809
3011
3011
2858
2998
3009
2942
2999
3003
3019
3002
2994
3014
2990
3012
2980
3017
3017
3000
2982
3019
3000
399
2958
2966
3001
3010
2939
2947
3010
3014
2970
2969
3034
3031
2995
2840
2991
2984
2972
3033
3005
3005
2965
2949
3035
3001
3005
2787
3015
2999
3029
2997
3019
3015
2937
2992
3004
3022
3005
3024
2941
2989
3066
2996
3028
2995
2987
3008
2979
3008
2981
2970
2311
3055
3016
3066
3010
2417
1701
3000
3021
2994
2965
2973
2982
2966
2944
3024
3008
3052
3013
2987
2994
3020
2963
3047
3024
3019
3003
2412
3020
3038
2997
3012
2979
3048
2996
3020
2989
2998
2214
2983
2590
2965
2983
2752
3034
2998
2999
3004
3017
2978
2998
1447
2984
3030
3001
562
2974
301
3008
3004
3051
552
2963
2821
3018
2962
3013
3001
2998
586
2939
3007
3003
3007
2956
951
2988
3016
356
2991
2967
3005
2985
3008
3013
2992
715
3006
2994
2805
3011
3018
2979
3029
1162
2998
3016
2993
3026
3006
3031
2996
3027
3018
2979
3019
3031
2999
3017
2818
2971
3008
3011
3017
3010
3032
3010
2989
2971
2910
2980
2994
3009
2981
3005
3011
2972
1186
2979
3003
2988
2979
3017
2996
3017
3036
3005
2983
2993
2956
2913
3012
3054
3062
3008
3015
1060
2975
3016
2974
2996
3109
3006
3015
2996
2878
2998
3033
318
2961
2929
3008
2963
2602
2999
3017
3018
1803
424
2976
3020
2015
3016
3024
2997
3029
3009
2990
3000
2997
3009
3021
2950
3009
145
3022
2992
2996
2979
2983
2932
2992
3056
2997
2310
2239
2281
3007
2969
2803
3029
2986
2961
2972
3007
2570
3006
2851
3036
2629
2751
2924
2999
3003
2994
3004
3024
3002
2597
2912
3021
2965
3015
2997
3019
3004
977
3011
2582
3025
2989
3020
3005
3016
3015
3089
3001
131
3014
3012
2994
3009
3027
2148
2994
2968
2983
2996
2981
3008
3022
3018
2988
671
2991
3008
2322
3005
2981
2986
2993
2980
2841
2970
2988
3007
2982
2977
2989
3035
2997
2974
3012
2919
2988
3020
2978
2968
3000
865
2983
2966
3007
3011
178
3005
3007
3007
3018
2993
3025
3018
3004
3009
1013
2885
3035
3037
3024
3013
2991
3021
3007
3010
3034
2993
3011
2766
3021
3016
3010
3007
2996
3009
2991
3012
2237
3002
1673
3012
2997
2999
3010
1104
3008
3008
2987
2431
2981
2967
2988
2960
2981
2985
2946
209
3001
2946
3003
1701
3029
3009
2988
2984
2997
3022
3015
3013
2541
3028
2985
3003
2981
1340
2983
1839
2991
2189
3003
3047
3025
2992
3007
3021
2981
3022
2982
2968
3018
2988
3027
2987
3002
2959
2995
3016
2992
2999
2487
3015
2986
805
2988
3004
2994
2995
3008
3002
3023
3005
3025
2986
3001
3001
2983
2999
2957
2250
2968
2936
3015
2989
2998
2986
3006
3012
2976
197
3010
3000
2919
3009
3038
2880
3006
3029
3009
3020
3007
3009
3022
954
3014
2731
3011
3028
2965
2992
3000
3031
3006
2815
2938
3019
2996
745
3027
3012
3009
2993
2982
2963
2997
2990
2986
3006
2970
2981
2988
2963
2967
3004
2970
3080
2395
3019
3069
2934
3013
2972
2990
3012
368
