3001
3037
3005
3013
3029
3040
789
2973
2953
2968
3035
3050
2840
3015
3014
2946
2955
2996
1959
2976
3078
2987
2996
3038
3010
509
3015
2969
3014
2407
3004
2942
2951
3016
2974
2984
3005
2981
3028
3002
3047
3009
2999
2994
3011
3012
2291
3019
3002
2930
3013
3033
2980
2792
428
2998
3010
3002
3008
3082
2996
3017
3034
3031
3024
2983
3012
2984
2991
3007
3037
2967
3113
2979
3003
1065
2978
3013
2960
2964
3027
3023
2973
3001
2976
2442
3013
2963
2763
611
3016
2984
3007
3019
3005
3000
2516
3029
3029
2504
2949
532
3003
2995
2981
2986
2652
3039
3025
441
2960
3038
2987
2994
2131
3018
2967
1347
2993
3011
3010
661
3031
1559
3027
157
2994
3018
2336
3034
3002
2988
3033
3032
3032
3009
2986
3010
2978
3041
3000
3067
3043
3012
3032
2981
3020
2946
3048
3014
2961
1458
3016
2942
2978
3029
2997
865
3058
2991
3015
2943
2975
628
3023
2654
2980
3042
3033
2379
1694
3038
2986
3004
2994
3011
3016
2977
3003
3009
1497
2999
3010
2223
2999
2968
2992
3012
2992
2992
3011
2983
2981
2958
2986
2967
460
3016
2999
1790
2997
3029
3022
3018
3006
2989
2995
1262
1368
3028
2145
2985
251
320
3026
3025
3018
2985
2566
3094
3040
3021
3012
2976
1713
3029
2963
2954
3060
3002
3026
2488
3021
3017
2997
3018
3015
659
2993
3020
3026
2962
3016
3051
3000
3006
3028
3015
3065
2983
2682
3009
1021
2992
2973
2991
2979
3014
3009
3027
3008
453
3044
2982
2975
2927
3016
2949
2998
2988
3021
2998
3040
2993
3023
3020
3012
3012
3031
3004
2020
3029
3019
698
3001
3018
2994
2944
2985
227
3001
3010
2976
2877
2980
2977
2987
3043
1147
3006
1396
3012
3039
3016
3020
3001
3018
2997
942
2994
2970
2989
2983
3023
3003
3014
3015
3024
3013
3014
2976
3004
3013
3000
3007
2994
2985
3014
3016
3055
2982
2969
3016
3011
623
2738
130
3019
2987
3007
2988
2997
3015
2999
3015
3011
3009
2969
3004
3011
2980
3029
3004
3000
2996
2982
3062
2986
3012
2989
3026
3009
1788
2989
3020
2994
3031
3038
2995
2971
3001
2983
3043
2977
3062
2993
3013
2935
3012
2672
3015
2426
2977
3026
2995
873
2980
3002
2986
2993
2987
3019
3003
3011
3009
3015
2999
3056
2976
3009
188
2968
3007
3019
2981
2972
2971
3020
3016
2997
2999
3003
3035
3004
2998
2984
3028
3038
775
2967
3003
2991
2498
3022
2966
3047
3010
3022
2993
3063
3000
3023
3014
3017
3019
3014
3012
943
3032
198
3010
3014
3010
3009
2977
3014
805
2966
2993
2998
3019
2947
2969
2952
2949
3045
176
3031
2998
3005
3017
2968
3006
3000
3053
3017
2976
2980
3046
2987
2944
3020
168
3024
3010
2991
2468
3021
2992
2998
3005
2996
2975
3051
3009
3021
2967
3012
3061
3016
2996
3014
2500
3031
2999
3008
3033
2989
3056
2999
3030
3023
2818
2948
2991
2994
2993
3013
3039
3035
2940
2989
3015
3020
2928
3006
2968
1505
2992
2975
3027
3021
3003
3008
3005
3015
2998
3009
3011
2991
3017
3013
3023
2990
3049
2960
2975
2953
3023
3003
2954
3002
2986
3003
3038
2973
2983
2978
3001
2972
2957
2984
3114
2992
3023
3000
2462
3026
3007
3033
3014
652
3043
3005
2995
3004
3047
3006
3005
3013
2974
2999
2985
3000
3006
3011
3016
2991
2989
2998
2975
2994
3006
745
3009
2987
2968
3038
2979
805
2900
2987
3012
3003
3006
2978
3044
3052
3001
3000
3041
3011
3006
3027
2962
3011
1278
3021
2988
3008
2362
3003
2999
2823
3003
3032
2995
3029
3104
3019
2982
3069
3010
3017
3018
2982
2991
3001
3012
3029
3030
3034
3034
3030
3021
2965
3033
3010
3008
3003
2967
2946
3001
3011
2967
2988
3023
3022
3051
2971
3019
3020
2988
1843
2989
3024
2982
2993
2993
3035
3049
3003
3010
3008
3008
680
3018
3022
2986
3020
2965
2991
2981
2994
3022
3029
2968
3003
229
2986
3053
140
3015
3022
3010
2991
3027
3005
3027
2991
3008
3021
2980
1441
2999
3047
3026
2850
3022
3026
3001
2983
2991
2972
3004
2723
2989
2975
3004
2949
2993
2999
207
2975
3030
1148
3015
3009
3007
3026
2995
3020
3050
3027
2292
2981
2967
3010
2969
3006
3011
3004
3008
2968
2888
3037
3002
503
3005
2947
2942
3025
2996
2968
2953
2283
2970
775
2459
3014
3004
3007
3013
3018
3004
2045
3016
3019
3032
3036
3010
2988
3019
3043
437
2083
2988
3007
3012
2992
2993
3012
3022
3013
2997
3037
2991
3058
3010
3005
2579
3022
2987
2874
2937
3016
2946
2369
3012
3015
2982
3015
646
3015
3007
2984
3009
3021
3020
3001
2995
3000
2939
3007
3026
3034
2979
3024
2999
2951
2087
3006
2937
2931
2989
3022
2936
2981
2989
3014
2984
3014
2899
2994
2962
3037
3005
2983
2934
2989
3017
3011
2997
2973
3010
3033
3022
2971
3024
2902
3028
3009
2993
2953
2991
3006
3024
3016
220
3004
576
3014
3047
2981
2954
2988
3083
776
2997
3013
3005
3005
2967
2986
2990
3037
2921
3018
2937
3015
3001
2988
3034
3077
1120
3018
2998
130
2999
530
3080
3038
617
3021
3015
3013
1339
3078
3002
2966
3012
2996
3018
3018
2961
2591
2988
3040
3044
2977
3007
918
3028
3007
3032
2994
2992
414
474
447
2995
2980
2982
2993
3008
3015
2883
3024
3010
3032
3025
3001
3042
3019
1791
2974
2981
2998
2918
3018
3010
3033
3013
3001
3025
2991
3018
3015
2995
289
3003
2989
2985
3014
2955
2994
2992
3038
3010
1644
3023
2987
1912
3041
2980
2011
3003
3031
3000
3043
2989
3001
3029
3005
1525
3013
3023
2755
3019
3026
3007
3014
2991
2982
3021
2992
2994
2978
2995
352
3034
3038
2980
3022
2876
3081
2994
2996
2043
2425
3028
2993
2982
2962
2971
3023
3005
3006
3038
2987
3045
3002
3017
3009
508
2830
2995
2828
3019
3025
2997
3031
3032
2981
2999
3030
3014
3032
2999
3018
3033
3017
3026
3029
3002
322
3048
2994
2998
2960
3014
3062
3000
3045
1604
3021
3028
3030
3030
151
3033
2985
1401
3046
3026
2996
3035
746
2985
3008
2474
2945
2589
3006
3003
3093
3005
3002
796
2980
2987
3068
2965
2980
2973
3047
2985
2984
2985
3005
3012
3018
191
2938
3001
3005
3003
2923
3029
2996
3015
2587
3030
2970
2740
3022
2975
3043
3014
203
2999
2948
3000
3003
3026
3043
2986
3014
3009
3020
3018
2988
2982
3032
2993
3021
3019
3018
2991
2527
2840
2951
2995
3080
3016
3021
3003
3041
777
3019
3008
3047
3019
2995
3013
2992
3017
3011
3014
3009
3041
2987
3015
3009
1772
2984
2984
2973
1312
3052
2993
3000
3018
2974
3047
2966
2969
226
2971
3009
3017
2981
2955
3010
2953
2972
3003
3017
3004
3029
2964
2998
2998
3008
2999
2972
3029
2710
593
356
3035
2988
1351
2970
3011
3004
2848
3004
3025
2996
1294
2995
1114
675
2994
209
1243
3024
3022
1509
2972
3019
2973
3016
3026
2990
2608
2995
2937
792
364
3088
2980
354
3049
3049
2979
2973
3023
2961
2981
3004
181
2926
2993
2992
2973
2967
3018
2983
2982
3015
3010
401
630
2994
3010
3013
3013
3003
2997
3000
3017
2995
3029
3012
3011
3031
3042
2909
2574
3011
3001
3020
2992
3019
3042
2149
2337
2999
2993
3000
3021
2993
3007
2911
3013
3036
3012
2995
3038
3003
2956
2978
3017
3029
2629
3038
2962
3045
2963
1218
3017
2991
3015
1325
3008
3006
2978
1004
2978
3055
2963
3028
2994
3025
2979
3036
2985
2719
3007
3012
3114
2990
3041
2998
2997
2984
3038
3027
3010
3007
2931
2969
3023
2989
2995
3025
3004
2815
2954
3019
2985
2998
2971
3054
3013
2988
456
3038
2990
2988
3076
2996
3005
3031
3011
3065
2986
3022
3026
3015
3004
3014
3007
3011
2991
3104
3030
3008
2998
2890
3019
3006
3020
2990
2985
3017
3016
3017
2977
2970
3010
2997
2999
2983
2609
3035
3000
3013
3018
2990
3009
3021
2999
2995
3037
3034
3005
3009
2993
2993
2977
2984
3020
3024
3023
3008
235
2994
3018
3005
3030
2311
3000
3032
3030
3016
2993
3024
2990
2997
3012
3045
2982
2974
2995
3017
3043
2921
2996
3009
3035
3007
2994
3039
3007
2839
3003
2991
3037
3016
2993
3013
2999
3001
2991
3014
3050
2997
3035
3030
2909
3088
3015
2248
2990
2999
2995
2985
3084
1296
759
2998
3017
2998
2999
3026
3019
3036
2167
3000
359
3010
3001
3008
2987
3002
2999
2912
3000
2073
1267
3030
3033
2997
2859
2972
3043
2979
3017
170
2931
3028
2962
3016
2983
3028
3034
2969
3011
2989
2985
3012
2995
3016
2996
3019
2994
2987
3003
3025
2995
2986
3023
2989
2986
2964
2973
3018
2982
3028
2964
3026
3009
3029
3018
1838
3031
3012
3015
2995
3087
2997
3022
2950
3001
3044
3021
3025
3012
2962
3021
2926
2963
2213
2980
2972
2980
3025
3001
3020
2989
2934
3011
3017
2948
207
3026
3011
2994
2886
2997
2983
1655
3039
3031
3009
629
2987
2985
2970
3004
3003
3074
3009
3027
3025
3041
2998
2941
3004
3051
2968
2980
3013
214
3010
3001
2976
3038
2991
2101
3032
2995
3022
2249
3004
2988
2989
2941
2984
3035
3012
3018
3025
3041
3038
1439
3033
3051
3022
2950
3024
2995
3017
3009
3020
2866
1713
3000
3021
3033
3049
546
2998
3038
2964
2365
536
2939
2988
3044
1936
3019
3024
2589
2957
3049
3009
3002
2988
2921
3006
2982
3001
3017
2996
1248
3018
2994
132
2996
1749
3098
3007
3008
3020
3009
3014
3031
2710
3013
2927
3043
3057
3002
2419
3005
2988
3029
2900
839
3017
2984
2585
3024
2979
2987
298
2985
3007
3017
3010
2987
2999
2989
2994
3017
2996
3001
3007
2999
3001
930
2994
2997
2924
2958
3043
1574
2954
3026
3003
2998
484
3027
2996
2974
3028
3014
3035
174
2987
3005
2988
2975
2985
3004
3018
3004
3017
2999
3011
2756
838
3001
3031
2985
3008
2905
3005
3021
2996
3021
2994
2999
3032
3005
2644
3010
2955
2957
3003
2994
3037
2972
3026
2986
1898
2970
2986
3012
2946
2958
3005
956
2992
3037
3010
3031
1311
2995
3001
3006
2969
3044
2994
3043
2983
3024
2956
2917
3001
3012
2972
3020
591
2991
3008
3035
3005
3039
166
3015
3031
3005
3016
3020
3010
2995
2994
3044
3023
3000
3058
3014
3023
2969
3005
2522
3015
2988
2994
3079
1166
623
3029
1387
3043
2999
3034
2955
2993
3023
3021
3077
2993
3009
3018
2966
2981
919
2990
3041
3044
2939
3023
3048
2963
3011
3037
159
2954
2996
2990
2983
2970
223
246
2980
3004
3015
3022
3001
3013
3005
2993
2044
2997
2781
3039
1888
2615
3006
3006
3007
3012
2934
2996
3000
3035
886
2987
2218
2984
3023
3009
3014
2971
3020
3026
3032
2984
1585
3010
2971
2980
3011
2553
3002
3035
2985
2236
3025
3001
2852
3000
3026
3056
2957
3030
3046
2985
2975
3031
3005
3013
3017
2993
2997
2972
2994
3025
2967
3028
2979
3013
2988
2994
3011
1490
3003
3010
2548
3025
3007
2981
2988
3003
3013
3010
2987
783
2989
2989
2986
3001
2966
3006
3009
3005
3014
3030
2567
2983
3011
1500
3010
3083
1886
3020
3043
2995
2228
3032
2963
3024
3023
2999
3033
2994
3034
2156
2936
3017
2967
751
3011
3050
2974
2995
3027
2394
3039
2985
3035
1576
2991
756
3013
1173
2977
2977
2985
3014
2977
3011
2980
2864
3011
1888
3056
3033
3003
3021
2989
2993
3007
3000
2983
2957
2919
3048
2916
3039
3003
2995
3011
2980
2990
3005
2998
2985
3020
3032
203
2993
541
3035
3095
2995
1962
2752
2692
3024
2993
3013
594
3091
3021
2999
3038
2907
3009
3027
2979
3006
3014
3015
2975
2999
3001
3022
3023
3004
2999
1782
3006
2983
3012
2717
3011
2954
3017
2985
3014
1136
1938
3028
3015
2988
2639
3008
2988
2983
3015
1555
2981
2999
3029
2996
3032
2999
3036
2597
138
3017
3006
3029
3001
2962
3006
2519
3025
3030
3055
3010
2979
3016
3014
3043
2998
3023
3051
3039
3023
310
3026
2983
3014
2123
3006
2990
2988
1174
2986
2798
3000
2924
2976
3029
352
3002
3008
2992
3026
3000
3005
3013
3011
3008
3030
2969
2975
3017
3020
2997
2971
2996
2994
3025
3030
2986
3023
2988
3026
2983
3010
3054
3020
3014
2986
747
3011
2976
3011
3068
3000
3010
3018
867
2998
1877
2949
649
2974
2154
2491
2983
3023
2993
3049
3014
3034
744
3011
2994
3025
1816
2981
3005
2974
3003
3013
261
3036
2990
676
3041
3006
3036
3009
3006
3019
361
2961
3094
3013
3000
2987
2994
3029
3011
3002
2991
3000
3047
2975
3031
2997
3003
463
3001
2737
2960
2992
3017
3009
3013
3018
3005
3014
3034
3011
3026
3059
3014
1844
3016
3024
3020
3015
3008
2993
3072
998
2954
2990
3059
3049
3009
2883
2849
3023
1472
2992
2915
3031
2967
2958
2808
2963
2926
3017
3009
2926
3019
3009
2354
2819
3004
3016
3017
3012
2995
3049
1918
2098
3009
3003
2995
2975
3016
3036
3047
2960
3005
3046
3017
2987
2999
3009
3027
2988
3033
2994
2967
2843
3004
3040
2979
3044
3015
2632
3003
3010
3015
2979
2955
2974
3013
3011
2965
3011
2986
2963
2992
3010
3028
2987
3033
3007
2965
2932
2981
2970
3026
2998
3023
2977
3039
2957
3007
3046
2952
1053
3008
3002
3011
2997
2999
2751
3009
344
3014
3050
336
3000
2066
3023
2988
3010
3023
3023
2998
2985
3009
3006
2969
1677
3028
3022
3015
2994
2992
3041
3001
2950
3017
2982
2996
3018
3018
3008
3004
3026
3012
3033
3001
3004
3021
3022
3003
3000
3032
2993
3082
3028
2838
2507
2974
3001
2898
3030
2983
2994
2984
3003
3015
2976
2922
2972
3036
3012
2985
3022
3007
2184
2996
3091
3030
3016
3004
149
2967
3055
287
3003
1178
2945
3033
3000
3008
3053
3030
3007
3030
3038
2990
3009
956
2971
2989
2433
3015
3004
3013
3021
3011
2980
2984
3034
2984
2977
2957
3027
3061
3023
3025
2992
1044
2977
3005
2976
2986
3017
2999
3026
3017
3014
2991
2229
3008
3034
2965
3014
3014
3035
3010
3019
3026
2992
3016
2949
3010
2992
1726
2930
2999
2978
3007
3040
3023
2982
2991
2947
2943
2593
3016
3008
2995
2934
3012
2968
2998
2882
2960
3000
3027
2891
2998
2986
356
2658
3005
3019
2998
3041
2989
3007
3012
3043
2984
2957
3017
3005
3022
2997
3046
3021
3027
847
3024
2855
2933
3008
3010
3031
3040
2964
986
3015
2982
3023
3006
3029
2990
3018
3014
3030
2977
3011
2983
2940
3032
2931
2145
3000
2991
3012
2962
3019
2996
2258
2981
2996
1826
2272
3007
3028
3031
3003
3031
3046
3012
3000
3000
3006
2989
2320
2985
3020
3032
2962
3037
233
3002
2997
3001
2457
2599
3006
3023
3002
3009
3011
3026
3027
3003
2990
3024
3037
3012
3025
3027
2827
3000
2988
2968
3024
3009
2993
3017
3038
2298
685
3005
3074
3002
2981
2989
3025
2982
3018
2954
2971
2991
2690
3003
3005
789
3026
2982
3033
2997
2999
2974
3023
3011
3032
3010
2847
3038
1639
2982
3028
333
2992
3011
2981
2985
2957
2910
3017
3016
1896
3027
2975
725
2984
3026
2709
3042
2359
3023
2988
3035
3029
2988
3004
3005
2044
2987
3007
2991
200
3003
3044
2999
3047
1211
2995
2926
1217
2962
2964
2236
3009
3041
3002
2984
3003
2985
3016
3040
2958
2991
1267
3009
3012
3016
3017
2991
2948
3007
3042
3014
2985
3004
3045
2936
3005
2982
2986
2540
3009
3016
3089
3005
3024
3015
3016
507
1101
3002
2995
2997
1087
2967
2988
3016
3009
3008
2977
2995
3011
3028
3013
3001
3041
2962
2996
3011
2980
3007
3036
3009
2047
2989
2988
3007
2907
3022
2993
3009
2997
3004
2970
3025
2993
2813
2944
2987
3001
3004
3032
3002
2991
2956
3008
3012
3005
2533
3015
3014
2996
2971
2989
2989
2989
2972
3008
3014
3006
2963
2985
2941
2998
2968
3018
2966
3010
2965
2997
2975
3013
2990
3018
3034
3001
2977
3020
3005
3018
2986
3006
3019
3034
3005
3001
2992
3000
2981
3006
2828
3028
2986
3006
3019
2996
278
280
3026
1260
2926
2989
3012
3028
3032
739
2997
3016
3036
3020
3030
2998
1765
3020
2975
2988
2926
2981
2609
3035
855
3011
3028
3025
3005
2991
957
3044
3030
2945
3010
748
396
3032
915
3017
3012
3027
2207
3008
3014
2980
3005
3027
2984
3037
3019
2998
3002
3037
3000
1575
3022
2922
2989
2919
2973
3039
2859
3021
2970
2961
2998
3000
3015
3027
3000
2993
2968
2576
2999
3008
3018
3021
3008
3021
3001
2997
2981
3010
2900
3019
2991
2961
1593
3019
3019
3012
2915
2989
3014
2995
2997
2985
3022
3027
3021
2985
2975
889
3000
2950
2999
3009
3040
3023
1122
694
2995
2974
3009
2985
3005
3008
3019
3018
2993
2995
3012
3037
2982
3018
3015
3053
3022
2751
2944
3011
2995
3010
3034
3043
2945
2983
3032
2984
3026
2995
3006
2982
2993
3012
3014
2993
2647
3015
3004
2980
3050
2975
3018
3038
2966
3020
3001
2956
2975
3001
2976
3013
3016
3016
3032
3035
2907
3032
3017
1873
2990
2999
3006
3020
2989
3014
2986
186
748
3013
2984
3009
2993
3043
2998
3009
2992
354
3025
3034
3004
3013
3015
3015
2992
2981
2949
3022
3000
2997
2997
1317
2992
3001
2989
1781
3009
2945
2847
1060
3005
3014
3020
3008
3019
3037
3031
3017
1428
3023
3017
2715
3045
3026
3003
3021
2975
1956
321
3032
2970
908
2998
2974
3027
3018
3017
2976
3020
3005
2542
2997
3024
3036
980
2991
2997
3013
3035
3022
3009
3006
3037
3020
1373
3014
3016
3001
3013
2996
3005
2984
2985
3016
3023
3063
3014
3015
3043
3006
3017
2965
2972
1160
3013
1126
3014
2989
3035
3002
3040
3023
1884
3001
3044
2961
3011
3020
2988
3003
3045
3107
2967
2983
3009
2972
3025
3025
2962
3022
3020
2982
3020
3007
2969
3001
3002
3001
3031
3007
2998
3007
3017
1476
2038
2999
3018
3037
3011
3019
3020
2939
3019
3010
2998
2946
2996
2969
3036
3017
3005
3011
3001
3014
3039
3020
3000
3016
2975
3017
3016
3036
3016
2998
2988
3031
989
3016
2999
3028
2989
3020
3019
2821
3083
3093
3006
3018
2328
3000
3024
3025
1819
3042
2965
3026
3008
3005
176
3013
2971
2991
1683
3016
2971
2376
2999
2992
3025
2975
3006
3024
3032
2972
3017
2957
3019
3020
3003
3030
2500
360
2984
163
2988
3036
2993
3016
3037
2995
2955
3034
2958
3000
3002
2974
3005
3029
2983
3009
3000
2999
3005
3001
2988
3030
3012
3000
3005
2737
2997
3015
2996
3002
2600
3025
3085
2950
2989
2970
3027
3020
3032
3013
3010
3027
2985
2996
3012
3033
1126
3014
3020
3004
163
906
3005
3004
3049
3026
3032
3012
2978
2984
3027
242
1414
353
3015
3099
3010
2895
3039
3037
3018
418
3025
3068
2998
3021
3004
3022
2975
3041
153
3018
2989
3015
3099
3005
3024
2992
2927
3017
3005
3012
3050
2998
3023
3002
3018
1118
2999
2983
3026
3010
2952
2590
3019
2953
3015
2999
3013
3044
868
2104
3016
2984
3030
2983
3007
3022
3021
1817
3001
3012
3023
2983
2996
3026
3039
3027
2977
3021
3015
3014
186
2761
3019
3011
1362
3010
3021
3007
2986
407
2922
3011
2705
3006
3097
3012
3003
2995
3007
3006
3011
2969
3089
2949
2983
3006
3008
2970
3006
3027
3020
3004
1003
3011
3013
3022
2936
3008
2964
3009
3036
2780
3012
3020
3015
3011
3006
3012
3021
3009
3018
2994
152
399
2978
3038
2996
2965
2980
3010
3059
3016
3002
3022
2988
2994
2977
3024
3021
3015
2925
3002
2981
2945
2980
2995
2976
2016
2508
2991
2982
2977
3019
3021
2981
3010
3105
3023
2963
2973
3032
2999
2999
3011
3034
3016
2973
2952
3027
3003
3045
3010
2974
2980
2978
2932
2967
451
3017
2977
2995
3005
2975
2995
3005
3026
1255
3008
2986
2982
1543
3015
3042
3014
3016
3030
3028
2982
3019
3037
1200
3009
3035
3019
2977
3005
2866
3033
2953
3019
3025
3000
2662
2993
2986
1108
3027
3022
2970
3023
3014
3003
3003
2961
1766
3017
2358
2952
3006
2961
2985
3006
3033
2990
3007
172
2982
2993
2974
2986
2993
2997
2987
791
2981
2439
645
2963
3008
3000
2909
2983
3009
3021
2955
3024
3010
2975
3011
2996
2964
2967
3009
3011
2994
2926
3014
2987
3015
3028
2979
2996
3006
2974
2989
3058
3028
908
3042
3031
2992
2992
2907
2990
2972
3009
2866
3013
3011
2969
3011
3015
3001
3008
3008
2485
2355
2971
2987
3071
3021
2926
3020
3004
2911
2939
1309
3009
3032
3012
3040
3011
3028
3034
3018
3086
3033
3082
2971
2606
3017
3012
3001
3033
3038
3006
3028
3008
3013
3013
2988
2926
2976
3024
2954
3007
3007
2977
3097
3006
2985
2991
2586
3006
3004
3009
3003
3086
3006
2997
3004
3020
2830
3014
2976
2972
2998
3000
3012
3001
2964
3024
3022
3018
782
2701
3016
3009
176
3022
2984
3006
3040
173
3016
3027
2986
3012
3092
3003
3000
2970
3024
3029
3011
2995
3014
2977
2990
2981
595
3007
2996
2995
412
3000
3050
2957
2992
2985
2997
3001
3013
3041
3026
3006
2978
2993
3028
2975
2974
2305
3025
3028
3027
2994
3114
2993
3006
3016
3011
3045
3011
2971
2998
2814
3015
3058
650
3026
2929
2993
2963
253
3037
3000
2991
3005
3002
3016
3027
2992
2997
2722
2989
3002
3014
3012
395
3002
3024
2986
1923
3015
3034
3001
2993
3000
2987
3008
3031
2987
2987
3023
2958
2928
2952
2979
3026
1339
3026
3004
2979
2986
2987
3001
3000
2996
2984
3036
137
3031
3014
3030
2938
494
1789
131
3010
3045
3011
2978
2917
3098
3013
2992
3002
1983
3010
3018
3003
242
2996
3026
3027
3032
3017
3011
3011
3046
3015
3034
3013
3037
2998
2987
2490
2993
2975
3001
2976
2983
3002
2967
3014
3024
3041
2994
2962
3017
2992
3034
3038
3033
1594
3015
3025
3035
3024
3029
259
3023
3014
2824
2962
2997
3026
2969
3030
3002
3024
3038
2991
2994
3012
2970
3028
2964
3002
3043
2968
3012
3007
3019
2994
1829
3031
3040
3006
3023
3026
3023
2999
2949
2988
2984
3003
2997
3007
3009
3070
3007
2445
2997
3023
3021
3009
3019
2962
1351
3031
3007
1374
3042
1538
2714
3019
3014
3028
2996
2970
2998
3018
3009
2964
3000
3007
3020
3026
3005
3023
2974
3011
3012
2897
3021
3012
3026
2891
2966
3006
2029
2981
3023
1732
3029
2996
2976
2958
3036
3054
2978
3003
3027
2980
352
2996
3041
2975
3034
3011
3015
1046
2990
943
3008
3010
3028
2994
356
2607
2995
3016
3022
1199
2997
3025
3013
2996
1394
3004
2977
2555
3003
2996
3011
2985
1242
3026
3003
3011
2681
3002
2989
3036
3028
3008
2995
2583
3002
3009
3031
3027
3001
3018
165
3016
3032
3007
2951
2981
3040
3003
337
3083
2924
1044
3013
3054
3013
3026
2961
2997
3021
3063
292
176
2984
2941
3026
2982
2813
3037
3008
3014
2969
282
3010
3003
3033
3036
2996
2997
3034
2999
2187
2990
3006
867
2980
2951
176
2787
3088
3030
2987
2945
2972
3008
3020
3003
3004
3000
2941
2994
2975
3021
3011
3004
3040
2996
2028
3038
1620
3041
1312
3021
3005
2989
1860
2986
3013
3024
2990
3029
3011
3092
3016
3029
3020
2988
2982
2985
2989
2893
3040
2992
2968
3018
2987
3049
3005
3003
3007
2992
3014
835
2998
3025
2964
3004
3017
3018
3076
2999
222
3012
2998
2992
2949
3019
3024
3015
2998
2562
2992
2964
2999
2959
3001
3010
3031
3023
2910
2983
2993
2968
622
2997
2992
3017
2962
3018
3006
2988
2998
2184
3014
1663
2950
3006
2999
3009
3025
3001
3039
3030
274
3013
3042
3021
1512
3024
2972
3040
3001
2980
3032
2990
189
3007
3005
3004
3021
3047
3073
2799
3014
3009
3093
1656
910
3001
2642
2989
3022
3020
2976
3000
2999
3009
3021
3002
3011
3002
2964
3008
2986
2897
2478
3005
3007
2988
2954
2995
1520
881
3028
2447
3041
2806
2952
3007
2999
3024
3018
2987
3001
3023
3015
3013
926
3008
3036
2996
2997
3038
3027
3022
201
2731
3030
3004
3030
2936
2971
2962
3009
2997
3024
2999
2981
2985
2988
2973
3020
3025
2997
3009
3007
2967
3031
3011
3031
2917
3000
3016
3007
3002
2992
2987
2991
3038
3011
641
3034
3007
3018
2784
3019
2977
3008
2996
3001
3026
3032
3032
2985
3013
3012
1810
3012
2979
2987
359
2994
3012
3031
2488
2986
2962
3003
3015
3002
2973
3022
3011
3027
3002
1105
3045
3049
2555
3012
3016
3006
2995
1257
3014
3024
2990
2957
3016
2994
3029
3024
991
3017
2760
2987
3020
3007
3007
2995
3005
2996
3024
2999
2997
1347
3028
2982
3004
3008
3022
3008
3029
1027
3021
2909
2958
1645
2977
3017
2992
3004
3038
3003
2988
3020
3011
3037
2995
2993
2991
2995
2993
3002
3027
3033
3000
3023
3031
2982
3032
534
2933
2276
2506
3028
1925
3021
3006
1939
2966
3001
2998
2997
3024
2998
3021
3012
2968
3005
2790
3010
345
3014
1426
2978
3036
3014
3024
3009
3003
260
3043
2999
2994
2976
3022
3021
2965
3037
2987
2940
2185
2990
526
2951
2994
3028
3011
2981
2995
2995
3041
3028
3022
3008
3028
2993
3017
3019
3030
3025
2966
3020
2996
2922
3021
2993
3062
1236
3013
2251
3000
3003
2974
2971
2995
1290
2998
3033
3047
3027
3031
3020
3006
340
2994
3001
703
202
3046
3032
889
2470
3036
3001
3001
3027
3022
3061
3031
3000
2321
3038
3009
2989
392
3032
2997
3016
2979
2948
2930
3029
3046
2996
2975
3002
2990
2985
3016
3010
2205
2969
2994
3007
3004
2921
3017
2974
769
3000
2460
3014
247
3013
3013
3008
3013
2996
3002
2988
2986
3007
2986
3008
2973
2996
2985
3028
2997
2986
3025
2948
2989
3032
2962
3021
3016
2935
3017
3031
2977
2988
3015
3002
3004
3033
3020
3023
3012
2231
3028
1922
3003
2996
1692
3010
3005
3020
3013
3015
2931
2977
2926
2999
3027
3009
2881
3039
3025
3028
3023
2888
2991
2939
3052
196
3012
3040
3009
3046
3049
3036
2963
661
3004
3016
2970
3004
3006
3027
1699
2995
3011
3032
2982
3026
3017
3001
3037
3009
3031
2969
3008
292
3057
3007
3016
3007
2973
3000
3013
2989
2548
2992
2974
3057
3009
3004
3009
3024
2981
2974
3019
2999
3004
3026
3003
3016
3004
1815
2997
3030
3022
3008
3037
2997
2972
912
3003
3027
3008
2995
2490
2992
2829
3034
3010
3029
2971
3003
3006
3042
3010
1153
2785
294
3027
2983
3009
2993
2967
2972
1946
2996
3011
3030
3022
793
3017
344
2957
3003
2994
3014
451
2956
2517
3015
2975
2926
3077
402
2959
2864
3000
2997
2985
2997
3024
2996
3016
3018
3051
2997
3007
2986
3046
3017
2995
3046
271
3009
3016
3023
2890
2994
3033
2263
2990
3011
2978
2984
2975
2969
972
3028
3039
171
2967
3026
2996
3035
3017
2998
3014
3002
3033
2987
3000
3014
3010
3030
3010
2994
1835
3016
2991
2879
1662
2915
212
694
3013
2977
2982
405
2990
3040
2986
3021
2046
3020
3005
3002
1072
3020
2999
2986
3018
3002
2993
2993
2930
3000
2995
3017
3019
3014
3021
2994
2975
3021
2997
2998
3012
2983
3027
3018
2981
2941
2968
2981
3027
3010
2946
3024
3046
3033
1221
3067
3020
3003
3115
2963
2973
2900
2754
383
3016
2992
2961
3003
3005
3020
3000
2982
3006
3031
2962
2973
2017
2672
2984
3007
3089
2987
3079
2931
3043
3002
3018
2987
3039
2996
3010
2939
3015
3020
3005
2979
3013
3036
3034
3008
2400
2995
2941
3038
3020
3008
3030
3046
3001
3009
3002
3045
3028
3012
3014
3024
3016
3008
3013
3027
3023
2987
3010
3002
3005
2146
352
1037
3023
3000
3003
3027
2996
3006
2993
2996
3043
3028
2408
3011
1016
2992
3008
3014
3006
1752
3026
2988
3018
2982
1019
2933
3029
3006
3020
3028
3028
2978
3000
3064
3031
2986
2991
3040
3048
3014
3024
2996
3017
2981
3020
3031
3019
2982
730
2961
2978
3034
2949
3001
3003
2942
2905
2965
1690
983
2965
3007
3021
3030
3005
2266
3015
3010
3017
2997
3008
2223
2999
3005
2999
2965
3048
2976
3003
2986
2998
3022
3006
3004
3001
2973
2979
2993
1489
2988
3011
3002
3003
3004
3009
3008
3031
3020
2704
3000
3029
3004
3013
3000
1834
2995
175
1253
3033
2992
2993
2967
2930
1959
3007
2508
3000
3002
2997
2961
451
3013
2980
3039
3016
3041
3034
2949
3026
3016
526
3003
3004
3016
2834
314
3023
2201
3041
3021
3001
2999
2999
2997
465
1532
2961
2992
3012
3006
2944
3006
2981
2928
2978
3023
2993
3023
2991
1941
3028
3022
3004
2987
3024
2973
3074
3000
3030
3000
3012
3000
2991
2998
2875
2426
3020
3022
3028
2713
3003
3014
3033
3010
3047
2907
3018
3001
2990
452
3019
3004
2948
3024
3026
2944
3011
1033
2926
3017
3046
3004
2529
3014
2993
3008
3006
3019
1994
2983
3010
3008
2999
3022
2998
2977
3031
3008
3001
3012
2994
3013
3000
3023
2695
2990
3028
3029
2082
3015
3010
3006
3025
3016
2996
2986
3010
2974
2982
3003
2957
3017
2988
3055
3014
3027
2998
3020
2967
3106
3024
2984
2988
454
2108
3002
2999
3043
2992
2965
2979
2946
2994
3027
3010
3008
3009
2994
3000
2985
3001
2578
2964
3013
2998
2952
2989
274
2980
2983
3003
3018
2999
607
210
3005
3014
3036
2939
3007
572
2981
2966
2966
2968
3017
3003
852
3015
3019
3000
3059
3006
2968
3006
3001
2966
3030
2978
3015
3033
3012
2739
3018
3012
1930
3026
3012
3038
3035
3007
3003
2997
3002
2832
2988
3008
584
3019
3029
3032
1946
3021
2754
3014
662
2990
2999
3044
2571
3006
3011
2829
1149
3000
2974
2996
2947
3021
3014
2944
2948
3023
2989
3027
333
3022
2983
3009
1321
3036
2990
667
1966
3028
3007
2979
2996
3026
3057
3024
3009
3017
3008
3010
2997
3011
2987
3030
3066
3028
2998
905
3037
1897
3040
2966
2990
596
2981
3012
2994
3015
3024
2993
2977
3025
3029
3015
446
2969
3017
2994
3057
3019
2991
970
2973
3012
3003
3103
2990
2172
2954
854
3020
3016
3022
2834
3025
3002
2070
2854
3027
3021
3014
3017
2983
3007
2977
2992
2946
3020
2991
3017
2537
2999
3009
1578
3045
2989
3035
3002
2250
2990
3031
3005
2998
2979
3012
2986
2998
3037
2917
2996
3008
237
3039
2958
3014
3030
3010
3022
2992
2974
3004
3027
2989
3005
3027
3018
2848
2977
3030
2987
177
1072
2956
2959
2967
3003
3014
3005
220
2968
3036
3021
2977
3014
2999
2991
3038
3047
2186
852
2999
2117
2991
2981
2318
2964
3017
3024
2488
3025
3005
3022
3005
3005
2986
2992
3022
2996
1988
2966
1496
2834
2987
3015
2984
3035
2985
3009
3019
2996
3006
2992
3033
3008
3036
2846
2995
3031
3026
2935
3021
3014
2967
3025
2992
3053
3026
3008
3033
1076
137
3010
2980
3001
3081
3035
2990
2936
3008
3025
3003
2943
2998
3014
3008
3002
3035
3009
3030
3009
2990
3033
1551
2013
3014
3038
3005
3009
3021
3038
3083
2994
2963
2776
601
2953
2995
3021
2970
3046
3017
3032
2993
3024
2987
3018
3023
3018
3016
3010
3035
2994
3018
2566
2910
3026
3022
3016
2959
2934
3011
2968
2981
3012
2982
2995
2994
3032
3018
3012
2989
2995
3012
3017
3029
2940
3016
2622
2988
3024
3016
2561
3016
3006
3002
775
3024
3017
2985
2979
3016
2918
3027
3009
2986
3019
3021
3014
2991
2923
2930
2956
2984
2952
3022
3000
3008
3028
430
3012
1879
3025
3026
2986
3037
1459
3014
3037
3058
2999
3030
825
2954
3011
3010
3034
2644
2960
2980
2989
2998
2973
2984
2953
3041
2998
2010
3034
3014
2984
3007
3041
2530
2981
3097
3006
3008
3007
1424
3028
3028
3022
3028
2990
3010
3017
3021
3058
3022
3008
3013
2983
3009
2965
3000
2994
3025
3013
2990
201
3003
2999
3013
3030
2999
3024
3031
3003
2976
2943
3023
617
3024
3010
3002
3020
2984
2988
3025
2983
3014
3029
2720
3039
3041
3024
2995
2996
320
2903
3023
2970
3002
3010
2994
3023
3012
159
2985
3018
2998
2996
3009
1218
3022
2986
2982
2808
2046
2981
3001
2911
3064
3028
3018
2986
3009
2972
3013
2937
3032
2995
3016
2978
2999
2997
2918
3003
2987
3008
3021
3011
3043
3018
3015
3013
2997
2987
3036
2990
3005
3003
3020
3023
3027
1686
3018
3002
3006
154
3031
2991
3002
3019
2967
3025
2998
3079
3009
1880
3012
3040
1528
2974
3005
2955
2990
3031
3004
3024
3013
3015
3005
3022
3032
2921
3007
3032
3038
3010
2986
2416
3006
2957
754
1820
3001
3072
2988
3040
3005
2972
3041
2990
3007
2985
2975
1123
3007
3029
2988
3017
3035
2983
2852
3021
3015
2241
2973
3003
3020
2999
820
3004
2976
2952
3017
2998
3018
2977
3050
2982
2964
3006
3020
1687
2993
3013
3002
3013
2963
3016
3020
3045
3026
2915
3001
2977
2981
2979
2995
736
2339
3011
3010
2984
1239
3008
2979
3033
3015
2979
3010
3024
3034
3026
3020
2956
3017
2265
2990
3011
2946
2998
3003
3038
3010
3013
2975
3097
3010
3052
2986
2788
814
3022
2972
2979
3022
3003
3000
2995
2998
3013
1364
3076
2996
2992
3030
2994
3029
3032
3028
3059
3003
1228
3074
2988
3017
3030
3020
3021
3010
3022
2973
3012
3015
3014
2982
819
3020
3027
3027
2594
2972
3038
3032
3040
2969
263
3025
3003
3002
2986
3027
3019
3001
1663
3011
3023
3024
3006
2990
813
2943
3021
3017
3002
3021
3017
2987
3001
3029
174
1742
3018
3016
3000
2978
511
3006
3014
2967
3017
3017
3007
3025
2981
2933
2964
3014
3008
3027
3024
3005
2517
2964
3000
3040
3019
3005
3022
2410
3090
1144
2996
3006
3001
3018
2996
3015
3025
3013
3011
2977
716
3021
2972
2829
2998
3015
2988
3022
2988
2972
2993
3051
2732
1757
2986
3001
2988
2964
2991
2988
3009
2918
2999
2976
3054
3074
2975
3005
3020
538
2895
1043
3000
2997
3029
2993
2993
3032
608
3030
2989
3006
2971
532
3007
3013
1377
3017
3029
2997
3024
1212
2995
3004
3021
2985
2958
2961
2982
2668
2996
2289
3022
3032
3033
2989
2970
1418
2981
2981
3043
3018
2535
3011
1735
2989
2986
3023
2988
2393
2979
2170
838
3022
3005
3019
2964
1889
3044
2990
2978
2954
2980
3021
2997
3002
3008
3019
3025
401
3005
2288
3010
3005
3090
2990
3000
3030
3011
3006
3010
3046
3022
3010
2980
2699
2968
3018
3032
3038
3031
3010
2988
2990
3111
3007
2981
289
3018
3013
2993
3009
2989
3014
241
2996
1440
3024
478
2993
2842
3011
3009
3005
2996
3038
2967
955
2999
3025
3012
3006
2980
2995
2993
2840
3014
2988
2992
2959
3016
3014
2872
3055
3005
3005
3022
3019
3038
3008
3024
2421
3013
2980
2853
445
2598
3009
3008
3018
2963
2991
3030
2975
205
3000
3044
839
2938
3009
2993
2984
3049
3031
2988
3002
3009
3017
3007
2971
2950
3009
1628
2952
2992
2976
2954
3007
3025
2994
3024
3022
2976
3017
3044
3024
3006
3037
3027
3027
3014
929
2983
3023
3054
3016
434
3028
3014
2941
2969
2989
2984
3033
3007
3025
2992
3019
2888
2998
3008
3032
3005
2985
3028
2982
3012
3026
3018
2984
2934
3001
2999
3011
3044
2947
1265
2930
2979
3014
374
2547
2920
3023
2954
2997
2975
3021
966
2853
2575
3043
2999
2995
3044
3022
3004
2971
2995
2997
3014
3011
3011
2975
2965
2999
2995
2994
3009
2509
3002
3015
2971
2996
2976
3013
3019
3017
2944
3037
2580
2979
3033
3034
3015
875
3009
2959
264
3040
3020
2975
603
2986
3006
2986
3033
3005
2998
2917
2712
3000
1307
3012
3023
2999
3035
595
2991
2992
3006
3047
3007
2995
3015
2539
2853
3023
3034
3011
2966
2970
2988
3024
3014
3007
138
2983
3046
739
3013
2963
3035
3019
3020
3012
3020
2987
3004
2975
3020
3039
3001
3002
3022
3019
3022
3017
3025
2960
3007
2977
2985
3002
3025
3012
3026
2963
3014
2971
2985
3026
3030
2990
3035
2982
2980
2996
1903
873
3029
2978
144
2994
2991
3005
316
3048
3055
2996
2906
3033
3010
2994
3014
3027
2994
2979
3024
3094
3046
3023
2987
2996
3077
3015
3018
2252
3022
3019
2970
2986
3008
2764
3046
3001
2950
3034
2964
2776
3012
3013
3017
2993
2951
3007
3006
3019
2088
2974
2985
2919
2952
3008
2991
3013
3020
2002
3024
3023
3030
2998
3003
2965
2989
3021
3015
3017
3008
2990
3001
3027
2031
3105
3030
2841
3004
3042
2995
3002
3017
3002
2910
2993
3013
2977
3035
3002
3012
3027
2997
3022
3064
2998
3015
2430
3045
2995
3045
3017
3087
3033
3013
1439
2997
2996
3029
3003
2983
3021
2580
3019
2984
2958
3041
3094
3023
2991
1573
505
2827
2904
2958
3010
3026
2986
2969
3003
2995
3012
3020
2978
3009
2958
3016
2714
491
3013
2973
2961
3027
2971
3000
3013
3002
3002
3016
2999
2985
3027
2998
362
3018
2969
347
3019
3088
3019
2549
3034
3022
146
2843
3010
2561
3036
3011
2978
2968
2990
2367
3038
2985
2976
2984
3016
3018
2989
2997
3019
3006
3024
3004
3010
3022
3004
2876
3004
2984
2996
1630
3013
3025
2996
3005
3001
3013
3017
1483
2762
3032
245
3014
3044
3004
1990
3010
3009
3015
3013
3025
2948
3015
3028
3012
2985
3059
3001
3019
3005
3021
2216
2985
2970
2997
1586
3038
2988
3029
3035
3021
2985
2996
3005
2909
3006
3025
2945
2670
3024
3015
3014
3040
3012
3041
2984
3006
3011
