1552
1533
1557
1540
1548
1544
1540
1534
1527
1545
1552
1548
1531
1532
1542
1110
1536
1546
1549
1547
1541
1547
1541
1538
1550
1532
1516
1546
1536
1532
1550
1549
1546
1219
1541
1549
1551
1558
1559
1551
1547
1539
1535
1544
1530
1553
1554
1551
1557
1549
1547
1549
1543
1551
1542
1549
1563
1540
1551
1548
1526
1099
1555
1548
1541
1539
1462
1548
1549
1543
1548
1533
1543
1545
1555
1528
1546
1554
1548
957
1545
1552
1162
1542
1544
1549
1545
1543
1551
1000
1547
1540
1555
1545
1545
723
1548
1545
1524
1546
1496
1552
1540
1554
1549
1547
1545
1552
1168
1547
1549
1550
1545
1546
1550
1529
1536
1539
1547
1534
1549
1546
1543
967
1542
1550
1519
1532
1503
1555
1544
573
1544
1545
1557
1555
1059
1545
1543
1552
1545
1548
1540
1542
1550
1128
1550
1551
1552
1549
1545
1551
1543
1539
1547
1282
1546
1548
1493
1541
1555
1545
1547
1160
1547
1549
1459
1554
1540
1543
1544
995
1543
1550
1548
1553
1542
1541
1538
1550
1554
1545
1541
1545
1542
1534
1549
1380
1530
1545
1534
1547
1556
870
1551
1546
1547
1550
1544
1546
1547
440
1542
1523
309
1551
1545
1551
1543
1539
1552
1533
1541
1550
1545
1544
1542
1543
1545
1547
1547
1209
1541
1547
1554
1534
1545
1531
1542
1556
1551
1555
1544
1543
1540
1549
1514
1546
1553
1530
1544
1540
1542
1501
1539
1546
1536
1547
1499
1522
1561
1547
1550
1516
1546
1543
1510
1542
1546
1550
1530
1544
1548
1545
1547
1545
1547
1544
979
1545
1442
1560
1537
1541
762
1529
1540
1545
1543
1551
1542
312
1543
1550
1544
1545
1554
1546
1537
1549
1296
1541
1550
1552
1543
1543
1545
1555
1552
1535
1551
1545
1541
1073
1549
1540
1236
1546
1128
1539
888
1556
1541
1551
1517
1544
1526
1545
1548
1545
1540
1544
1545
1533
1542
1545
1548
1537
1547
566
1529
1544
1553
1543
1542
1552
1537
1532
1549
1466
1547
1547
1562
1543
1554
1555
1533
1506
1529
1548
1549
1538
1544
1536
1517
1546
1547
1550
1546
1538
1540
1541
1547
1550
1551
1546
1534
1536
1548
1023
1547
1551
1550
1547
1545
950
1547
1547
1553
1552
1542
1543
1536
1540
1543
342
1535
1546
1533
1547
820
1548
1547
1544
1540
1546
1532
1534
1556
1547
1549
1535
1538
1537
1557
1544
1534
1534
1544
1549
1548
1549
1544
698
1185
1172
1550
1457
1541
1545
1477
1198
1547
1532
1538
1553
1545
1230
1548
1560
1543
1549
1550
1537
1548
1509
1537
1559
1548
943
1546
1545
1551
1529
1543
1536
1547
1548
1556
1537
995
1555
1533
1546
1541
1555
771
1565
1556
1543
1545
1330
1178
1562
1521
1548
1555
1526
1555
1552
1548
1534
1546
1540
1548
1539
1548
1550
1550
1548
1535
1541
1552
1548
1546
1542
1547
1548
655
1552
1551
1558
1538
1553
1549
1543
1414
1545
1546
1552
1546
1558
1545
1548
1548
1552
1553
1556
1509
1410
1532
1549
1559
1552
1542
1547
1541
788
1546
1547
1548
1553
307
1556
1533
1546
1551
1546
1547
1539
314
1551
1549
1552
1552
1549
1545
1366
1532
1557
1545
1555
1328
1543
1548
1560
1527
1551
1543
1544
1552
1544
1547
1548
1535
1545
1557
332
1541
1523
1552
1537
1552
1533
371
1549
1545
1541
1554
1545
1546
1549
1540
1542
1553
1545
1544
1544
1549
1546
1548
1536
1540
1544
1528
1550
1536
1548
1543
1549
1548
1531
1546
1538
897
1551
1547
1543
1553
1542
1543
1546
1542
1547
1540
1574
1031
1546
1000
1554
1545
1538
1553
1545
1554
1534
1536
1432
1543
1549
1548
1547
1553
1130
1555
1387
1545
1543
1540
1549
1545
1543
1527
1541
1085
1545
1546
1481
1550
1552
1532
1552
1540
1547
1545
1540
1546
1548
1549
1454
987
1551
1534
1553
1548
1501
1529
1543
1551
1547
1554
1514
1552
1542
1540
1553
482
1533
1550
1531
1545
1551
1538
1543
1003
1555
1540
1562
1550
1239
1545
1544
1315
1549
891
1029
1541
1541
1550
1545
1551
1532
1540
1390
1543
1549
1545
1546
516
1552
1549
1548
1524
1537
1336
1551
1533
1532
1545
1533
1541
1536
1082
1032
1545
1549
1426
1546
1012
1539
1543
1550
1551
1549
1545
1550
1548
1549
1547
1545
1546
1546
1551
1534
1536
1556
1549
1547
1537
1540
912
1543
1541
1535
1548
1546
1524
1542
1547
1527
1557
1540
1553
1545
1515
1537
1546
1430
1544
1549
1537
1538
1506
1547
1525
1557
1546
1552
1550
1545
1546
1530
1550
1548
1550
1551
1563
1551
1504
1542
1540
1506
1541
1552
1499
1550
372
1540
1548
1535
1538
953
1539
1533
1544
1198
837
1548
993
1070
1552
1553
1554
1541
1541
1210
1541
1306
1536
1526
1524
1539
1544
1533
1548
1544
1543
1543
1547
1561
1545
1545
1552
1543
1539
1517
1552
1549
1546
1544
1099
1539
1559
1548
1539
1548
1550
1548
1551
1535
1154
1536
1548
1542
1549
1548
1550
1536
1550
1554
1547
1537
541
1542
1533
1547
1479
1548
941
1549
1556
1546
1549
1541
1548
1542
1543
1544
1547
1549
1550
1547
1441
1537
1550
1542
1553
1545
1546
1533
1555
1549
1549
1545
1544
1551
1072
1492
1539
1549
1548
1553
1544
1550
1025
1541
1548
1543
1548
1532
1538
1531
1553
1549
1548
1527
1527
467
1552
575
1545
1539
1551
1539
1532
1546
1537
1558
1544
1549
1539
1557
1566
1550
1547
1547
1547
1551
1546
1546
1554
1546
1543
1545
1531
1548
1548
1536
1550
1199
1535
1541
1550
1545
1548
1549
1081
1548
1548
1548
1543
725
1552
1532
1544
1546
1541
1513
1540
1542
1552
1548
1548
1548
1540
1517
1538
1547
1545
1542
1546
1547
1554
1549
1554
1556
1554
1560
520
1530
1542
1546
1075
1555
1549
1158
1546
1553
1545
1264
320
1548
1551
1540
1546
1548
1547
1542
1541
1547
1540
1547
1550
1532
1548
1544
1544
1302
1553
1541
1551
1546
1546
1553
1544
1557
1548
1539
803
1545
1409
1199
1557
1366
1543
1054
1544
1547
1559
742
1532
1551
1528
1551
1549
1548
1560
1550
1544
1543
1538
1552
1546
1546
1536
1552
1545
1543
1555
1542
1544
1550
1553
1545
1560
1314
1549
1143
1071
1539
1508
1546
1546
1551
1535
1549
1547
1550
1550
1533
1528
1546
1533
1521
1546
1551
1547
1553
1557
1541
1538
1546
1555
1527
1537
1045
917
1553
1541
1544
1555
1546
1547
1546
1544
1530
1512
1545
1537
1547
1559
1547
1551
1303
1543
1540
1539
1546
1544
1553
1547
1537
1555
1546
1526
1556
1555
1550
1523
1548
1547
1201
1550
1541
1532
1536
1534
1544
1549
1552
1551
1549
1070
1545
1545
1553
648
1533
1548
1530
1545
1536
1053
1530
1554
1551
1518
1553
1534
1559
1544
1547
1550
1546
1539
1551
1033
1539
1535
1375
1201
1539
1548
1518
1557
1547
1555
1550
983
1547
1541
1528
1540
1546
1554
1549
1271
1546
1563
1530
1533
1554
1540
946
1547
1490
1542
1517
1549
1542
1550
1545
1545
1543
1551
1544
1547
1558
1535
1508
1549
1557
1569
1372
1521
1547
1551
1533
1551
1505
1403
1542
1238
1539
1549
1543
1550
1549
1150
1538
1550
1543
1529
1545
1549
1547
1552
1490
1543
1551
1552
1426
1548
1536
1552
1536
1545
1554
1553
1545
1545
1546
1550
1514
1545
1548
1554
1537
1544
1559
1546
1528
1552
1544
1524
1552
1548
1548
1555
1552
1551
1550
1547
1546
1547
1541
1539
1555
1541
1548
1539
1554
1540
1561
1544
1155
1549
1536
1539
1536
1538
1550
1544
1543
1548
1525
1549
1555
1545
1553
1555
1503
1546
1554
590
1538
1555
1551
1548
1534
1550
1555
1550
1550
1545
1538
1540
1239
1548
1544
1542
1540
1549
1548
1456
1551
1543
1541
1456
1544
1547
1489
1545
1183
1547
1539
1558
1544
1547
1547
1547
1152
1548
1513
1047
1543
1551
1552
1535
1531
1537
1543
1547
1545
1545
1550
1534
1545
1529
1548
1543
1541
594
1540
1500
1546
1548
1531
1550
1534
1523
1540
1556
1554
1548
1546
1551
1552
1548
1544
1543
1559
820
1544
1550
1544
1553
1540
1544
1552
1545
1543
1542
1557
1553
1554
1547
1544
1535
1550
1555
1547
1551
910
1543
1547
1544
1467
1562
1548
1557
1559
1550
1546
998
1547
1546
1555
1540
797
1549
1005
1544
1552
1547
1545
1543
1544
1549
1433
1551
1543
1534
1556
1541
1547
1359
1539
851
1547
1551
1546
1543
1550
1412
1550
1245
1547
1534
1536
1534
1538
1475
1530
1533
1547
1543
1549
1550
1539
1548
1548
1543
1553
1550
1536
1541
1548
1545
1544
1534
1553
1557
1531
1538
1542
1546
1542
1540
1543
1054
1531
1531
1546
1548
1544
1547
1546
1541
1015
1531
1547
1282
1553
1543
1545
1538
1099
1543
1552
1549
1547
1546
1557
1549
1119
1542
1550
1544
1550
1546
1536
1518
1546
1532
1528
1549
1545
1543
1552
1550
1529
1176
1170
1113
1533
1517
1545
1561
1543
1536
1545
1554
1552
1543
1550
1543
1534
1539
1559
1545
1537
1541
1534
1548
1544
1546
1550
1546
1534
1544
1544
1562
1518
1543
1549
1547
1548
1456
1554
1544
1542
1525
1542
1517
1543
1543
1550
1547
1548
1537
1554
1542
1558
658
1556
1553
1546
1332
831
1547
1547
1544
1549
1548
1520
1555
1392
973
1535
1550
314
1529
1546
337
1539
1542
1460
1548
1547
1538
1544
1544
1552
1530
1518
1545
1546
1543
1545
1540
1547
1541
1549
1386
1547
1533
1541
1541
1547
1546
1544
1537
1549
1549
1543
314
1524
1529
1546
1546
1559
1260
1533
1378
1545
1547
1546
1551
1555
1550
1555
1540
1536
1544
1550
1556
1532
1549
1532
1544
1552
1550
1534
1543
1087
1539
410
1551
1544
1544
1545
1553
1539
1549
1544
1545
1520
1551
1542
1552
1542
1553
1542
1538
1550
1532
1545
307
1544
1543
1548
1550
1551
1548
1545
1575
1538
1546
1536
1557
1536
1228
1548
1082
1542
1544
1549
1544
1554
1155
1550
989
1549
1533
1071
1555
1549
1541
1547
1530
1548
1438
1466
1547
1541
1537
1558
1541
1551
1543
1552
1534
1556
1545
1542
1536
1553
1544
1544
1545
1544
1545
1552
1552
1547
1545
1540
1132
1545
1554
1546
1545
1549
1547
1543
1535
1543
1544
1525
1551
1548
1541
1545
1543
1550
1533
1536
1536
1518
1548
1548
1532
1124
1549
1471
1529
1552
1545
1553
1542
973
1546
1556
1546
1543
1546
1543
1544
1356
1546
1547
1545
1550
1528
1526
1526
1549
1543
1544
1544
1551
1554
1272
947
1544
1548
1547
1549
837
1544
1537
1385
1542
1547
1547
1546
1540
1531
1544
1532
1547
1447
1553
1546
1535
1543
1544
1550
1239
1543
1536
1553
1547
1547
1568
1548
1542
1556
1542
1565
1506
1555
1545
499
1547
1038
1546
1548
1552
1549
1547
1548
1549
1542
1553
1548
1544
1534
1539
1528
1549
1534
1550
1552
1518
1549
1548
1534
1484
1554
1505
1546
1564
1545
1550
1546
1050
1529
1545
1550
1538
1552
1541
1533
1548
1545
1559
1556
1544
1550
1555
1545
1544
1548
1545
1544
1543
1552
1547
1547
1545
1528
1537
1551
1546
1027
1558
1551
1546
1546
1545
1542
1531
1554
954
1047
1556
1388
1487
1548
1528
1548
1546
1540
1545
1545
1557
1563
1550
1545
1545
1535
809
1547
1548
1534
1350
1551
1539
1544
1552
1545
1547
1551
1548
1537
1546
1545
1544
1550
964
1362
1521
1545
1545
1545
1545
1548
1542
1545
1516
1199
1046
1536
1537
1540
1540
1542
1379
1548
1027
1538
1554
1552
1559
1550
1548
1547
1544
1549
1552
1550
1550
1536
1544
1550
1541
1551
1551
1558
1534
1551
1543
1546
1538
1547
1538
1122
1538
1536
1542
1544
1391
1551
1548
1538
1547
1547
1544
1543
1562
1549
1550
1547
1552
1550
1535
1530
1543
1547
1549
1553
1181
1537
1543
1545
1547
1545
1545
1540
926
1547
1552
1548
1152
1545
1541
1546
1547
1545
1541
1546
1549
1546
1538
1121
1551
1546
1535
1529
1548
1547
1245
1543
1362
1522
1540
1553
1544
1557
1550
1541
1546
1560
1543
1361
1548
1554
1451
1546
1546
1531
1549
1546
1534
1541
1547
1545
1547
1544
1540
1497
1539
1548
1551
1508
1542
1472
1539
1539
1550
805
1542
992
1553
1194
1545
1555
812
1543
1228
1530
1553
1540
1567
1541
1553
1390
1552
1543
1542
1560
1547
1543
1545
1545
1528
1026
1003
844
1549
1537
1550
1543
1549
1544
1529
1156
1531
1533
1548
1549
1548
1541
1463
1433
1550
1536
940
1555
1524
1479
1546
1555
1551
1555
1544
1535
1544
1543
1549
1550
837
1537
1381
1535
1552
378
1547
1532
1541
1541
1532
1242
1542
1545
1555
1543
1553
1545
1538
1542
1549
1542
1546
1538
1127
1398
1553
1541
1543
1552
1554
1551
1545
1548
1544
1540
1543
1552
1546
1089
1548
1542
1529
1530
1546
1544
1548
1430
1554
1542
1547
1530
1544
1535
1060
1545
1543
1535
1551
971
1549
1548
1415
1528
1554
1536
1549
1550
1545
1544
1535
1543
1549
1542
1329
1541
1546
1543
816
1542
1548
1548
1552
1547
1534
1537
1548
1555
1547
1539
1546
1542
1537
465
1534
1556
1539
1544
1548
1542
1544
1537
1553
1546
1549
1404
1525
1546
1543
1540
1529
1550
1538
1545
1518
1555
1167
1544
1554
1549
1554
1540
1544
1472
1541
1423
1302
1538
1545
1545
1537
1547
1551
1547
1550
1554
1267
1545
1547
1548
1550
1451
1544
1519
1536
1539
1551
1546
1556
1540
1554
1543
1549
1547
1547
1549
1497
1532
1542
1526
1414
1549
1133
1469
1549
1543
1529
1561
1555
1544
1547
1546
1530
1563
1544
1538
1550
1544
1547
854
1546
1537
1552
1549
1545
1546
1545
1550
1544
1189
1543
850
1547
1546
1310
1537
1537
1553
1540
1551
1540
1537
1530
1550
1549
1539
1554
918
1028
1508
1546
1542
1550
1553
1547
1548
1538
1548
1551
1398
1556
1546
1539
1546
1541
1503
1548
1557
1551
1538
1549
1534
1552
1556
1553
1538
1488
933
1544
1107
614
1220
1544
1541
1536
1539
1543
1151
1547
1537
1547
1547
1540
1559
1544
1555
1554
1542
1552
1546
1548
1546
1548
835
1551
1545
1496
1547
1549
1544
1532
1542
1556
1541
1541
1537
1547
1546
1544
1176
1552
1557
1547
1549
1539
1540
1547
1544
1552
1554
1553
1489
1539
1548
1546
1549
1543
1550
1548
1544
1530
1537
1547
1538
1540
1547
1543
1557
1507
1179
1549
1546
1543
1548
1547
1038
1545
1554
1536
1300
1530
1553
1511
837
1553
1541
1538
1552
1555
1544
1542
1540
1541
1536
1521
1518
1541
1549
1543
847
1541
1541
1558
1548
924
1539
1554
1570
1542
1538
1552
1547
1550
1459
1525
1538
1544
1552
1541
1545
1543
1545
1547
1530
1525
1527
1546
1542
1548
1547
1549
1552
1520
1557
1548
1553
1542
1080
1540
1552
1553
1546
1551
1550
1530
1544
1554
1548
1547
1533
1513
1551
1551
1549
1555
1536
1543
1487
1557
1543
1553
1545
1548
1550
1540
1243
1533
1539
1550
1554
1549
1533
1533
1548
1563
1447
1553
1544
1495
1546
1480
1522
1551
1546
1539
1531
1525
1545
1541
1545
1545
1543
1539
1549
1538
1543
1547
1546
1547
1541
1548
1556
1535
875
1527
1539
1547
1542
1546
1542
1551
1554
1550
1545
1534
831
1542
1542
1538
1554
1547
1541
1165
1543
1549
1549
1522
1551
1547
1539
1544
1550
1509
1077
1540
1165
1548
1553
1551
1552
1547
1544
1546
1552
1269
1155
1554
1527
1550
1551
1542
1548
1527
1472
1547
1401
1555
1550
1544
1547
1520
1553
1549
1548
1546
1552
1546
1114
1553
1557
1545
1550
1543
1543
1550
1550
1552
1554
1547
1547
1556
1545
1544
1552
1536
1545
712
774
1540
1538
1544
1549
1554
1309
1350
1511
1551
1557
1555
1544
1539
1008
1546
1548
1537
1557
318
1541
1549
1551
1541
1540
1547
1549
736
1540
1552
1537
1551
1547
1546
1552
1531
1343
1542
610
640
1510
1543
1561
1545
1544
1550
1543
1551
1556
1535
1544
1533
1546
856
1343
1540
1548
1515
1549
1553
768
1545
1556
1201
1544
1539
1540
1558
1544
1549
1556
1550
1520
1551
1538
1544
1531
1548
1540
1549
1546
1552
390
1547
1547
1336
1549
1521
1568
1547
1528
1536
1546
1549
1547
1546
1311
1538
1549
1554
1546
1557
1552
1545
1538
1550
1012
1557
1545
1540
1550
1565
1542
1550
1559
1534
1551
1550
1533
1538
1514
1545
1550
1552
1547
1035
1554
1540
1545
1081
1530
1440
1530
1544
1540
1549
1546
1546
1546
1550
1529
850
1547
1552
1546
1546
1549
1550
1555
1519
1342
1152
1547
1256
1549
1550
1539
1335
1555
505
1549
1551
494
1546
1540
1536
1225
1543
1539
1551
1544
1544
1538
1526
1533
1555
1546
1317
1546
1549
1492
1535
1529
1105
994
1544
1537
1548
1542
1551
1542
1542
1547
1543
1553
1535
1514
1527
1544
1555
1539
1547
1522
1552
1546
1557
1548
1546
1552
1547
1554
1548
1284
1549
1551
1516
1544
1549
1138
1548
1542
1549
1540
1546
1548
1544
1545
1549
1548
402
1542
1551
1542
1311
1215
1544
1398
1089
1547
1541
1541
1556
1547
1548
1544
1547
1545
1549
1455
1513
1532
1551
1109
1554
1557
1503
1539
1552
1540
1551
1541
1545
1548
1534
1557
1547
1543
1548
1369
813
1549
1540
1532
1543
1544
1538
1529
1550
1555
1541
1530
1544
1548
1546
1548
1538
1551
1543
996
1525
1548
1543
1534
1549
938
1545
1525
1552
1550
1540
1326
1544
1543
1549
1556
1547
1527
1538
1551
1539
1553
1546
1547
1547
1261
1549
1546
1552
1547
1548
851
657
1539
1544
1545
1541
1544
1540
1544
1549
1549
1544
1338
1009
327
1547
1547
1546
1141
1548
1541
1549
1540
1518
1559
1553
1546
1559
1395
1550
1560
1557
1545
1546
1551
1550
1545
1553
1550
792
1554
1550
1531
1545
1475
1551
1531
1532
1539
1528
1547
1541
1542
1555
1547
1552
1547
1548
1039
1551
1137
1551
1545
1538
1545
1551
1546
1544
1544
1541
1543
1547
1547
1545
1543
1545
1544
1545
1543
1533
1427
1552
1538
1527
1544
1546
1537
1108
1545
1556
1546
1541
1557
1474
1546
1550
1549
1538
1552
1562
1551
1543
1543
477
1546
1544
1549
1548
1539
1533
1534
1535
1545
1553
1197
1552
1554
679
1556
1551
1528
1548
1550
1552
1549
1482
1549
1536
1545
1558
1541
1524
1458
1534
1536
1118
1528
1534
1531
1541
1538
1549
1550
1542
1548
1548
1062
1543
1549
1552
1543
1546
1540
1541
1549
1551
1539
1552
1529
1553
1542
1524
1550
1547
1538
1547
1148
1547
1544
1549
1551
1545
1555
1499
931
1546
1560
1548
963
1549
1534
1543
1522
692
1547
1540
1263
1551
1553
1555
1123
1537
1546
1548
1546
1544
1555
1545
1550
1548
1540
887
1543
1535
1543
1544
1541
1545
1551
1077
1534
1542
1544
1555
1554
635
1530
1534
1535
1552
1541
1060
1539
1545
1542
1546
1495
1542
1552
1551
1551
1536
1536
1555
1547
1549
1552
1521
1547
1446
1542
1556
1529
1545
1524
1545
1551
1542
1558
1549
1541
1365
824
1548
1552
1546
1546
1554
603
835
1543
841
1548
1542
1545
1541
1550
1551
1548
614
1551
1547
1557
1545
1542
1548
1537
1541
1550
1547
1546
1543
1554
1546
1554
1550
1546
1552
1537
1550
1538
1546
1072
1546
1545
1546
1544
1542
1546
1548
1551
1535
1552
1550
1512
1434
1549
1547
1017
1541
1552
957
1356
1537
1541
1544
1553
1548
1280
1547
1556
1540
1547
1546
1559
1471
1546
1538
1539
1540
1533
1556
1521
1548
1545
1539
870
1534
1535
1533
1559
1551
1558
1531
1542
1550
1535
1543
1547
1546
1540
1544
1424
1520
1530
1543
890
1550
1539
1548
1551
1546
1550
1490
1546
1553
1546
1539
1545
1458
534
1530
1553
1551
1528
1529
1548
1018
1540
1550
1548
1549
1549
1545
1550
1548
1549
606
1549
1546
1208
1537
1547
1530
1545
1545
1524
1052
1555
1556
1552
1555
1552
1549
1073
1537
1543
1556
1544
1547
1481
1549
1548
1551
1191
1545
1537
1526
1513
1537
1543
1549
1548
1545
1549
1548
1556
1509
1545
1551
1559
1548
1533
1121
1541
1518
1548
1552
1538
1542
1552
1510
1537
1542
1550
1551
1550
971
1550
1100
1543
1546
1521
1534
1547
1546
1548
1551
1551
1540
1542
1549
1543
1548
1552
1544
1533
1542
1544
1552
1540
1480
1521
1494
1542
1553
1546
1551
1529
1549
1406
1559
1531
1517
1542
1531
1548
1549
1327
1517
1419
1550
1536
1528
1543
1549
1541
1546
1563
1548
1550
1544
1543
1548
1536
1554
1542
1552
1542
1527
1530
1540
317
1553
1392
1540
1533
1541
1550
1547
1548
1539
1541
1547
1549
1548
1553
1547
1541
1547
587
1536
1545
1546
1543
1545
1534
1541
1557
1550
1546
1546
1538
1549
1542
1549
585
1551
1549
1558
1553
1539
1533
1211
1552
1494
1548
1533
1519
1551
1540
1549
1549
1555
1558
1552
1545
1549
1546
1545
1535
1558
1544
1550
1542
1462
1546
1549
1544
1537
1552
1549
1537
1532
1547
1542
1553
1538
1542
1553
1556
1537
1540
1544
1542
1559
1548
1544
1546
1550
1526
1542
1356
1552
1547
1545
1546
1462
1553
1543
1545
1551
1544
1537
1554
1541
1543
1550
1556
1546
1555
1548
1549
1546
1548
1546
1549
1547
1537
1542
1549
1550
1198
1548
1535
1558
1507
1534
1547
1043
1543
1522
1550
1540
1551
1543
1541
1543
1060
1554
1544
1540
1543
1547
1022
1546
1542
1536
1550
1019
1545
1175
1539
1546
1547
1549
1545
1550
1550
1544
1542
1542
1552
1539
1551
1548
1543
1551
1549
1551
1549
1539
1546
1544
1103
1540
1524
546
1545
1545
1544
1547
1542
1551
1535
1545
1543
1546
1538
1558
1554
1517
1537
1533
1535
1547
1563
1525
1551
1543
1536
1545
1549
1544
1547
1538
1540
1540
1190
1543
1549
1542
1546
1540
1547
1544
1549
1527
1531
1534
1549
1534
1550
1550
1549
1350
1537
1540
1541
1398
1537
1547
1537
1547
1543
1540
1547
1539
1518
680
1563
1546
1540
1558
1534
1549
1549
1532
1546
1543
1537
1552
1553
1550
1543
1539
1541
1546
1546
1551
1511
1546
1553
1538
1542
1541
1546
1538
1544
1551
1545
1548
1541
1536
1548
1556
1559
1546
1543
1547
1549
1549
1549
1544
1543
1531
1556
1551
1549
1550
1532
1547
973
1550
1548
1546
1429
1525
1370
469
1482
1549
1548
1533
1551
1547
1544
1544
1471
1558
1239
1550
1543
1554
1539
1541
1543
1548
1539
1540
1543
1544
1547
1548
1553
1536
1518
1545
1538
1551
1541
1538
1544
1547
1529
1565
394
1537
1546
1529
1547
1550
1553
1538
1547
1524
1550
1538
1558
1550
1552
1553
1544
1550
1548
1555
911
1547
1545
1551
1546
1542
1544
1543
1553
1547
1546
1552
1243
1535
1551
1533
1036
1518
1549
1546
1557
1552
1550
1535
1549
1565
1535
1525
321
1554
1547
1514
1444
1544
1545
1541
1542
1535
1536
1547
1553
1520
1547
1547
1539
1483
925
1544
1552
1539
1558
1546
1550
1515
1548
1542
1023
1546
1550
1558
1535
1551
1547
1546
1548
1539
1547
1555
1549
1533
846
1484
1553
1041
1554
1533
1572
1549
1560
1549
1328
1542
1545
1551
1550
1556
1551
1547
1063
1537
1549
1541
1193
1552
1511
1535
1520
1544
1543
1543
1459
1556
1552
1315
1542
1545
1535
1533
1537
1461
1542
1555
1545
1547
1546
1540
1528
1530
1546
1550
1557
1554
1554
1569
1545
1535
1532
1549
1535
1095
1546
1434
1541
1543
1534
1555
1547
1547
988
1548
1149
1543
1549
1551
1544
1558
1535
999
1542
1542
1547
1553
1528
1545
1547
1542
1548
1546
1211
1554
1548
1553
1548
1539
1542
1547
1484
1550
1538
1540
1100
1550
1545
1548
1541
1547
1533
1551
1467
1553
1554
1147
1540
1544
1542
1553
1554
1550
1321
1547
1523
1547
1550
1546
1549
1516
1545
1546
1538
1538
1531
1543
1551
1548
1539
1549
1539
1550
1549
1560
1527
1545
1541
1549
1532
1543
302
1533
1551
1546
1538
1557
959
1540
1544
1549
1551
1539
1543
1550
1090
1553
1547
304
827
1541
1554
1548
1540
1535
1546
1552
1554
1546
1545
1532
998
1483
1539
1549
1541
1542
618
1545
1550
1018
1547
1543
1551
1550
1556
774
844
1548
1551
1552
1540
1546
1561
1549
1549
1536
1540
1392
1547
1558
1545
1537
810
1547
1554
1542
1533
1549
1558
1550
1547
1541
1554
1553
962
1545
1555
1131
1534
1556
1550
1536
1534
1549
1545
1549
1549
1555
1535
1538
1554
1546
1550
1546
1544
1531
1544
1546
1512
1547
1545
1249
1549
1549
1547
1549
1551
1544
1528
1548
1541
1562
915
1544
1555
1537
1557
1521
1558
1547
1547
1544
1530
1549
1258
1555
1549
1549
1548
1546
1548
1542
1544
1545
1543
849
1549
1566
1544
1113
1553
1554
1555
1549
1548
1547
1546
1540
1534
1535
1547
1532
1543
837
1553
1553
1549
1545
1551
1531
1540
1547
1549
1551
1553
1550
1544
1539
1550
1548
1547
1113
1548
1543
1536
1543
1543
1547
1550
1555
1539
1552
1544
1543
1547
1550
1554
1553
1542
1546
1546
1551
1547
1534
1554
1249
1542
1538
1548
894
1547
1542
1551
1555
1529
1549
1551
1543
1544
1540
1451
1542
1547
1531
1546
1484
1535
1547
1012
1547
1551
1548
1543
1542
1555
1551
1544
1301
1543
1542
1548
752
1546
1543
1546
1551
1540
1545
1551
1430
1544
1552
1541
1542
1558
1550
1550
1545
1549
800
1547
1553
1547
1546
1544
1062
1551
1546
1548
1551
1541
1151
1548
1543
1544
817
1553
1548
1546
1518
1542
1552
1550
1546
1551
1560
825
1544
1545
1542
942
1547
1543
1546
1540
1548
1552
1551
1547
1302
1544
1544
1545
1526
1548
1541
1545
1548
1550
1550
1537
1549
1551
1546
1539
1550
1536
922
1550
1552
1535
1126
1515
1154
1545
1550
1547
1550
1548
1135
1554
1543
1544
1528
1556
1531
1555
1552
1546
1528
1555
1543
1536
1538
612
1550
758
1543
1552
1547
1539
1553
1543
1549
1544
1549
1548
1544
1548
1544
1290
1538
1545
1549
1011
1547
1548
1541
1555
545
1554
1546
759
1547
1536
1544
1537
1549
1541
1550
1544
1547
1099
944
1549
1546
1553
1543
1550
1549
1555
1556
1531
1148
1535
1546
1062
1541
1523
1025
1553
1545
1551
690
1543
1539
1539
1554
1547
1548
1527
1548
1553
1551
1162
1548
1537
1544
1553
1549
1552
1540
1553
1548
1545
600
1550
1553
1531
1547
1548
1549
1556
1546
1543
1549
893
1505
1535
1559
1549
1003
1552
1549
1548
1517
1546
1542
1545
1546
1537
1544
1547
1476
1547
1516
1548
1559
1315
1552
1550
1545
1552
1517
1544
1549
1524
1531
1533
1546
1542
1540
1500
1110
1540
1541
1551
1113
1077
1547
1548
1545
1549
1548
1224
1550
1544
1523
1545
1566
1550
1547
1536
1545
1534
1549
1543
1546
1538
1551
1545
1538
874
1536
1544
1552
405
1527
1542
1550
1550
1531
1539
1542
1456
1553
1550
1537
1551
1535
1550
1537
1545
1538
1559
1558
1548
1549
1543
1551
1551
756
1558
1190
1547
1548
1531
1559
501
1543
1535
1555
1546
1546
1546
1542
1555
1549
1549
1549
1544
1516
1548
1549
1555
1541
1532
1551
1539
1535
1530
1541
1545
1549
1542
1541
1547
1547
1545
1541
1550
1542
1535
1534
1546
1548
1542
1533
1547
1550
1544
1559
1559
1549
1543
1539
1544
1556
1554
1514
1544
1076
1549
1537
1554
1534
1545
1550
683
1534
1542
1265
1555
1535
1544
1550
1547
1392
1548
1551
1539
1544
1542
1355
1551
1545
1533
1475
1548
1545
1536
1530
1532
1543
1552
1549
1543
1543
1548
1545
1550
600
1548
1554
1547
1541
1550
1553
1110
1545
1547
1536
1547
1540
1500
1543
1544
1550
1541
1544
1548
860
1511
1552
1540
1552
1545
1546
1540
808
1543
1551
1554
1541
1550
1551
1551
1534
1537
1548
1339
1533
1544
1538
1536
1538
1548
1505
1548
1546
1552
852
1546
1540
1534
1405
1548
1552
1545
1544
1538
1538
1551
1548
949
1535
1528
1541
1547
1544
1528
1553
1552
1542
1549
1559
1544
1534
1548
1549
1547
1548
1544
1553
1553
1551
1540
1552
1556
1548
1549
1539
1537
669
1547
1549
1550
1546
1554
1538
1542
1296
1551
1213
1530
1538
1529
1555
1551
1264
1542
1537
1547
1038
1481
1543
1547
1548
851
1544
1553
1534
1553
1555
1105
1473
1546
1549
1552
1553
1546
1544
1541
1557
1547
1558
1550
1351
1503
1548
1547
1543
1550
733
1551
1553
1546
1554
1560
1548
1550
1551
1549
1530
1549
1544
1549
1545
1540
1550
1549
1543
1542
1546
1543
1546
1537
1512
1542
1549
1546
1530
1547
1546
1549
1547
1549
1533
1540
1539
1547
1556
1545
1538
1545
983
1540
1542
1552
1547
1558
1544
1070
1548
1549
1541
1549
1549
1541
1535
1550
1555
1553
1549
1527
1548
1544
1549
1548
1532
1545
1529
1533
1541
1541
1011
1541
1547
1547
1545
1538
1463
1542
1539
1543
1549
1555
1542
1545
1549
1556
1548
1547
1546
1548
1515
1548
1546
1282
1536
1028
1550
1538
1559
1547
1547
1556
1537
1527
1546
1536
1542
1551
1549
1548
1547
1547
1545
1555
1548
1539
1532
1547
1539
1534
1545
1373
1338
1546
1541
858
1537
1531
1541
1552
1554
1546
1551
1539
410
1534
1547
1548
1158
1533
1547
1548
1559
1534
1551
788
1549
1542
1541
1542
1541
1544
1563
1174
1553
1539
1532
1546
1546
1532
1525
1176
1550
1527
1550
884
1547
1256
1233
1531
1527
779
1541
1547
1528
1580
1543
1546
1538
1530
1544
1544
1544
1550
1547
1550
1545
1536
1546
1546
1544
1033
1544
1534
1522
1545
1543
1545
1549
1535
1554
1552
1551
1558
1548
1533
1019
1543
1548
1551
959
1547
1534
1550
1542
1545
1544
1542
1555
360
1531
435
1542
1546
1541
1544
1547
1537
1546
1546
1548
1543
1541
1547
1541
1515
1552
1546
1532
1541
1545
1545
1030
1535
1547
1530
1545
1546
965
479
1541
1546
1549
1526
1546
1538
1547
1544
1533
1545
1541
1172
1551
1479
1538
1529
1517
1546
1507
1500
1546
1539
1542
1539
1551
1546
1539
1547
1550
1023
1198
403
1554
918
1547
1512
1537
1553
1539
1548
1530
1551
1530
1545
1544
1546
1546
1541
1552
1469
1551
1548
1537
1545
1547
1546
1532
1538
1551
1537
1549
1530
1551
1543
1522
1543
1549
1547
1541
1432
1557
1556
818
1554
1532
1490
1549
1538
1543
1540
1552
1546
1554
1536
1544
1551
1549
1543
1541
1501
1551
1247
1074
1539
1546
1544
1546
1543
1545
1544
1551
1533
980
1541
1548
1432
1486
1548
1559
1550
1558
1551
1547
1559
1544
1544
1529
1549
1548
1542
1542
1546
1542
1549
1546
1539
1541
1553
1545
719
1545
1541
1539
1547
1534
1552
385
1550
1549
1542
1550
1551
1539
1529
1551
1544
1547
1521
1550
695
1550
1533
1212
1546
1542
1547
1550
994
1546
1033
1549
337
1551
1532
1549
1548
1538
1471
1538
1545
1532
1546
776
1548
1542
1096
1554
1547
1550
1556
1545
1538
1548
1538
1545
1558
1529
1535
1548
1531
1543
1299
1545
1548
1549
1544
1543
1541
1542
1371
1536
1542
1545
1544
1550
1551
1552
1536
1543
1540
1546
1550
1547
1548
1541
1548
1551
1551
1550
1557
1553
1546
1549
1548
1555
1546
1552
1497
1081
1547
1532
1557
1558
1530
1529
1558
1547
1545
1547
1555
1547
1541
1217
1549
1535
1548
1545
1544
959
1552
1554
1543
1562
1542
1552
1530
1546
1543
1544
1541
1547
1564
1508
1546
1546
1558
1553
1542
1542
1521
1547
1540
1463
1541
1550
1536
1529
1545
1547
1225
1537
1515
1282
1547
1553
1549
1543
1549
1513
337
1546
1546
1536
1542
1551
1555
1550
1548
1549
1543
1551
1550
1541
1545
1555
1556
1546
1535
1550
1534
1545
1545
1536
1544
1540
1530
1550
1545
1543
1536
1535
1537
1545
1540
1548
1557
1504
1548
1547
1543
1550
1540
1551
1535
1501
1465
1542
1544
1546
1548
1552
1547
1544
1549
1556
1547
1536
1545
1550
1551
1553
1548
1550
1545
1090
1120
1547
1540
1545
1545
1544
1546
1529
1533
1548
1551
1534
1249
1547
1541
1286
1551
1557
1135
1551
1548
898
1543
1548
1546
1544
1542
1549
1552
1545
1545
1535
1548
1112
1549
1538
1560
1543
1542
1547
1520
1550
1548
1545
1548
1551
1545
1551
1546
1540
1552
1532
1529
1451
1540
1541
1092
1553
1537
1547
1541
1549
1546
1550
1548
1551
1544
1556
1537
1536
1548
1540
1528
1554
1542
1545
1549
1545
816
1224
954
556
1550
1544
1535
1554
1548
1542
1557
1547
1546
1532
1559
1541
1549
1543
1553
1535
1542
1550
1549
1560
1536
1548
1548
1543
1554
1549
1550
1142
1551
1351
504
1548
1552
1543
1544
1545
1555
1548
1545
1538
1553
1527
1548
1544
1548
1549
1556
1554
1545
1551
1547
1539
1549
1548
1552
1528
1545
1544
1362
1405
1547
1554
1520
1487
1546
925
1546
1546
1544
1542
1545
1548
1541
1551
1550
1554
1553
1541
1551
1552
1540
1547
1541
1554
1552
1544
1551
1549
1546
1021
1179
1561
1547
1123
1545
1545
1238
1543
1534
1555
1547
1551
1544
1553
1538
1532
1549
1541
1537
1550
1549
1538
1549
1546
1548
1544
1558
1565
1547
1550
1537
1557
1490
1500
1548
1545
1548
1543
1548
1543
1547
1543
1528
1550
1544
1563
1546
1529
1552
1541
1521
1541
1548
1543
1529
1530
1551
1533
1551
1528
1547
1545
1534
1548
1546
1264
1545
1543
1549
1519
1518
1551
1552
1544
1544
1538
1544
1551
991
1528
1549
1551
1556
1547
1545
1293
1544
1543
1549
1539
1552
1556
1531
1552
1552
1551
960
1556
1519
1545
1548
1552
1551
1547
1544
1544
1555
1545
1508
1552
1545
891
1552
1544
1549
1054
817
1549
1486
1138
1548
1531
1545
1482
1182
1443
1551
1549
1195
1544
1546
1550
1549
1543
1544
1531
1545
1197
1549
1552
1537
1543
1550
1543
1548
1547
1553
1543
1554
1544
1554
1541
1546
1520
1545
1555
413
1543
1537
1553
1547
1537
1546
1543
1555
1550
1539
1556
1551
1544
1534
1556
1550
1542
1548
1540
904
1541
1549
1550
1550
674
1552
1535
1554
1533
1533
1545
1551
1536
1550
1552
1550
1544
1550
1529
840
1552
1393
1553
1550
1544
1533
1551
1552
1316
1533
1549
1556
1549
1540
1545
1533
1553
1551
1546
1531
1547
1551
1541
1545
1559
1547
1540
1048
1545
1385
317
1547
1434
1532
1551
1544
1538
1547
1038
1552
1547
1531
978
1546
1248
1021
843
1545
1543
1547
1541
1209
1555
1540
1264
1534
1056
1484
1546
1550
1545
1536
1553
1513
1554
1505
1211
1545
1544
1544
1540
1339
1542
1549
1552
1544
1284
363
1534
1546
1375
1543
1527
1548
1547
1549
1547
1547
1518
1552
1547
1550
1549
1546
1544
1550
1535
1539
1534
1540
1538
1534
1539
1549
1545
1546
1551
1541
1543
1552
1535
1553
1555
1483
1551
1533
1561
1552
1535
1038
1334
1548
1560
963
1535
1544
1539
1537
867
1548
1548
1557
1554
1539
1547
1554
1542
1547
1550
1555
1545
1553
1545
1546
1556
1547
936
1551
1537
1399
1547
1546
1546
1545
1548
1536
1549
1554
1506
1527
1559
1551
1535
1547
1535
1554
1540
1535
1553
1553
1544
1548
1496
1554
1556
1116
1539
1140
1539
1549
1542
1552
1530
1546
1541
1547
1552
1546
1547
1554
1541
1548
1548
1551
1547
1540
1548
1541
1548
1545
1556
1545
1180
1540
1545
1538
1546
1553
1555
1545
1547
1554
1544
1546
1539
1396
1553
1551
365
1547
1550
1541
1542
1543
1539
1544
1544
1551
1536
1548
1546
1545
1544
1542
1547
1553
1557
1552
1548
1468
1097
1539
1094
858
1534
1548
1537
1548
1548
1051
1548
1552
1552
1541
1554
1553
1546
1543
1547
1560
1550
1549
1538
1543
1551
1552
1554
1550
1548
1545
1540
1553
1544
1531
1554
1543
1549
1539
1543
1542
1558
1549
1549
1546
1538
1541
1548
1550
1550
1242
1551
1550
1547
1038
1551
1546
1549
1531
652
1545
952
1548
1545
1549
1546
1555
1549
1546
1552
1550
1534
1552
1540
1542
1126
1548
1549
1532
1544
1553
903
1556
1536
1536
1545
1541
1553
928
937
1545
1147
1538
1542
1550
1546
1549
1533
1553
1550
1550
1544
1550
1552
1522
1549
1527
1547
1547
318
1552
1520
1525
1545
1541
1215
1543
1545
1477
1549
1371
1550
1558
1516
1552
1540
1548
1537
1545
1541
1542
1550
1089
1552
1545
1151
1543
1538
1548
1537
1532
1543
1549
1543
1538
1425
1543
1543
1168
1549
1445
1541
1547
1546
1544
1548
1556
1169
1191
1547
1544
1558
1545
1542
1545
1528
1522
1551
1552
1530
1536
1550
625
1545
1543
1547
1540
1543
1555
1541
1547
1531
1558
1517
1544
1534
1533
1533
1551
1550
617
1544
1552
1544
1534
1548
1540
1532
1548
1549
1548
1526
1550
1552
828
1542
1547
1542
1559
1549
1545
1549
1542
1520
1538
1548
1534
1548
1550
1555
1542
948
1549
1547
1506
1498
1000
1532
1549
1552
647
1547
1554
1547
1519
1547
1548
1548
1551
1548
1552
1559
1542
1546
358
1545
1562
1545
1543
1527
1549
1534
1547
1549
1534
1213
1439
1544
1556
1546
1552
1543
1551
1546
1546
1548
1548
1555
1547
1546
1539
1550
1557
1551
1551
1523
1547
1549
1547
1547
1548
542
1547
1557
1536
1437
1546
1556
1017
1548
1549
1558
1546
1541
1550
1560
1547
1552
1548
1545
1542
1532
1546
1548
1271
1544
1545
1505
1554
1562
1457
1544
1547
1132
1535
1549
1011
1533
1545
1548
626
1533
1535
1544
1541
1544
1545
1552
1553
1550
835
1548
1537
1539
1555
1540
1547
1547
1552
1544
1548
1551
1544
1549
1554
1533
1532
1545
961
1525
1527
1529
1552
1547
1546
1542
1550
1529
1529
1545
1545
1536
1543
848
1554
1548
1547
1020
1544
1549
1544
1550
1543
1546
1556
1536
1545
1547
1540
1548
1532
1536
1538
1546
1546
1012
1539
1552
1545
1544
1534
1547
1534
1534
1535
1524
1526
1547
1552
1551
1542
1537
1551
1549
1544
1548
1558
900
1543
1550
1545
1551
1551
1553
1545
1535
1482
1548
1550
1425
1047
1533
1535
1545
1548
1531
1398
1544
1545
1550
1553
1347
1531
1549
1545
1553
1531
1531
1544
1537
1553
1556
1542
1541
1536
1545
1526
1550
1557
1545
1542
1552
1543
1553
1544
1546
1544
1539
1555
1536
1535
1554
1534
1539
1555
1537
1544
1545
786
1546
1545
1545
1543
859
1546
1544
1550
1529
1546
1554
1553
1543
1544
900
1514
1556
1550
1546
1049
1550
1556
1546
1550
1542
1067
1534
1552
764
1548
1547
937
1548
1548
1536
1538
1534
1543
1522
1538
1545
1534
1528
1547
1545
1134
1538
1531
1543
1544
1542
1559
1540
1547
1554
1546
1526
1541
1551
1547
1548
1541
1549
1534
1543
1058
1546
1553
1539
1533
1539
1546
1544
1542
1547
1533
1548
1548
1155
1547
1552
1546
1542
1532
1553
1537
1549
1552
1535
1540
1546
1547
1554
1543
1549
1193
1246
1535
1563
1549
1545
1536
1538
1090
1550
597
1547
1546
1174
1547
1550
1122
1197
1545
1545
1548
1535
1322
1539
1555
1545
1529
1545
1535
1548
1539
1546
1545
1548
1535
1537
1552
1540
1500
1545
1552
1548
1529
1549
1552
1544
1129
1195
1556
1554
1555
1548
1545
1548
1555
1549
786
1550
1533
1542
1540
1558
1544
1545
1545
1555
1544
1529
1545
1547
1550
1546
1555
1558
1526
1551
1551
1548
1537
1544
1543
1548
1548
1545
1551
1549
1552
1550
1552
1548
1541
1544
1551
1545
1540
1549
1500
1535
1544
1547
1535
1550
1532
1549
1549
1539
982
1538
1540
1544
1540
1151
1536
1547
1532
945
1549
1548
1547
1532
1546
532
1545
1553
1546
1541
1559
1535
1529
1538
1559
1544
1544
968
1552
1548
1554
1549
1546
1551
1536
1225
1552
1539
1550
1101
1550
1562
995
1542
1534
1155
1541
1547
1227
1540
1557
1567
1529
1538
1546
1548
1546
1548
1552
1536
1547
1542
1531
1541
1533
1538
1556
1542
1540
1548
1547
1553
1528
1545
1549
1537
1549
1546
1545
1558
1551
1558
1533
1552
1554
1550
1543
1547
1192
1555
1541
1063
1555
1545
1519
1547
1536
1553
1073
1550
1540
1547
1544
1532
1546
1543
1542
1556
1535
1546
1545
1541
1549
898
1553
1551
1538
1544
1547
1552
1541
1548
1542
1547
1549
1548
1524
1543
1495
1545
1545
1178
1562
1068
1542
1545
1544
1544
1541
1552
1553
1552
1543
1550
1547
1545
1551
1537
1548
1466
1558
1548
1547
1540
1550
1544
1548
1553
1535
1543
1548
1537
1190
1543
1546
1536
1551
1543
1554
1536
1547
1543
331
1515
1250
1545
682
1553
1543
1555
1553
1547
1528
1453
1541
1389
1552
1545
1546
1163
1549
1539
1528
1535
1562
1542
1550
1547
1452
1554
1551
1523
1539
1554
1548
1549
1554
1548
1552
1547
382
1546
1542
653
1552
1541
1535
1540
1545
1543
1545
1538
1550
1545
1556
1544
1541
1549
1540
1552
1127
1371
1549
1520
1544
1531
1541
1545
1544
1533
1546
1547
1550
1545
1540
1548
1543
1075
1526
1553
1551
1541
1544
340
1537
1550
1538
1547
1545
1544
1196
1549
1543
1545
1551
1522
1541
1555
1549
1543
1543
1559
1548
1551
1552
1550
1556
1548
1145
1538
1550
1547
1540
1486
1549
1542
1543
1541
419
1552
1547
1552
1545
725
1552
444
1542
1549
1513
1548
1531
1548
1555
1518
1555
1544
1541
1545
1548
1548
1553
1036
1191
1546
1534
1543
1549
1537
1008
1538
1540
1414
1539
1549
1545
1542
1514
857
1546
1541
1552
1545
1540
1547
1535
1545
1025
1551
1534
1545
1545
1541
1552
1551
1546
1507
1554
1545
1539
1548
1545
1549
1564
1550
1542
1551
1545
799
1541
1557
1550
1543
1539
1552
1543
464
1561
1546
1548
1550
1541
1546
1545
1549
1537
1551
1389
1546
1009
1546
589
1550
1543
1532
1541
1549
1535
1551
1547
1538
1543
1552
1547
1544
1541
980
1543
1543
1537
1549
1545
1541
1546
1547
1544
1539
1538
1548
1547
1098
1533
1520
648
1554
1531
1545
1547
1544
1423
1543
1550
1546
1534
1538
1532
1539
1547
1533
1535
1546
1546
1545
1546
1548
1532
1556
1533
1548
1547
1548
1540
1551
1554
1550
1542
1549
1548
1537
1549
1551
1482
1544
1531
1536
1542
1548
1538
1010
1542
1527
1543
1521
1551
1538
1550
1547
1549
1529
1540
1520
1534
1549
1551
1536
1550
856
1548
1534
1554
1540
1548
1551
1543
1545
1539
1543
1544
1560
1546
1558
1551
1545
1549
1543
1550
681
1548
1532
1530
1547
1520
1525
1541
1553
1530
1551
1533
1555
1551
1539
1407
1265
1539
1559
1550
1538
1530
1551
1544
1555
1553
1556
1546
1538
1521
1100
1483
900
1052
1545
1543
1545
1552
1554
1189
1551
1530
1547
1550
1557
1531
1545
1544
1548
1549
1546
1559
1258
1524
1545
1542
1563
1556
1536
1551
1545
1539
1535
1546
1531
1545
1540
1544
1535
1550
1546
1553
1545
1546
1548
1555
1544
1548
1551
1123
1550
1548
1540
1557
889
1531
1546
1546
1546
1545
1544
1348
1513
1549
1556
1543
1548
1537
1534
1546
1555
1546
1549
1545
1548
1428
1552
1546
1540
1453
1552
1541
1545
1542
995
561
1555
1548
1543
1536
1157
1555
1551
1545
1546
1359
1427
1542
1546
1534
1548
1546
1551
1541
1394
1543
1553
1548
1553
1540
1540
1516
954
1548
1530
1537
1543
1550
937
1545
1544
621
1551
1559
1542
1553
1550
1552
1207
1553
1559
1556
1518
1543
1471
1546
1549
1545
327
1542
1550
1549
1551
1536
1552
1536
1538
1546
1553
1548
1548
1550
1544
1544
1529
1533
1544
1548
1536
1540
1534
1546
1545
1544
1551
1551
1548
1539
1546
1190
1549
1529
1531
1548
1551
1553
1560
1553
1065
1550
1552
849
1530
1541
1549
1529
1544
1548
1527
1545
1535
1553
1554
1537
1546
1545
1536
1544
1548
1532
1548
1396
1554
1560
1549
1541
1536
1554
765
1546
1542
1554
1517
1541
1546
1531
1545
1548
1086
1542
1535
1548
903
1548
1556
1534
1540
1553
484
1538
1483
1526
1545
1547
1549
1542
1545
1541
1558
1552
1548
1543
1551
1532
1554
1543
1555
1522
1535
1549
1548
1537
1552
1369
1555
1545
1546
1542
1552
1554
1549
1546
1548
1533
1546
1563
1544
1552
1554
1541
1555
1546
1537
1544
1543
1544
1552
1546
1533
1550
1551
1545
1025
1532
1533
1544
1539
1537
1545
1541
1024
1544
1548
1546
1548
1534
1545
1534
1569
1325
1552
1557
1510
1542
685
1536
1549
1512
1543
574
1547
1166
912
1538
842
1545
1531
1551
1546
1548
1539
1554
1552
1550
1548
1541
1545
1540
1460
1549
1555
1536
1542
1545
1530
1545
1544
1547
1548
1547
1511
1533
1548
1546
1545
1533
306
1545
1550
1539
977
1543
1550
1543
1547
1557
1545
1538
1543
1544
1544
1531
1404
1550
1555
1548
1548
1545
1543
1555
1550
1208
1549
1551
1545
742
1549
1546
1559
1551
1541
1545
1538
1540
1539
1537
1545
1536
1539
1545
1523
1541
1546
1548
1550
1545
1549
1538
1545
1525
1540
1185
1551
1415
1543
1551
1555
1550
1544
1542
1541
1550
1546
1545
1557
1529
1544
1554
1543
1543
1546
1548
1553
1532
1541
1382
1548
1542
1548
1552
1543
1536
1518
1551
1543
1548
1548
1544
1555
1291
1552
1544
1554
1538
1543
1542
1536
1524
1543
1544
1542
1548
1543
1518
1543
1537
1547
1548
1544
1033
1009
1545
1335
1544
1540
1549
1543
1543
1544
1548
1526
1548
898
1548
1558
1542
1529
1548
1526
1550
1542
1542
1556
1552
1546
1517
1555
1545
1543
1542
1557
1543
1543
530
1496
1545
1531
1549
1546
1555
1563
1544
1549
1534
1560
1543
1529
1546
1548
1543
1548
1548
1542
1548
1547
1550
1545
1548
1549
1532
1548
1528
1545
1554
1546
1551
1219
1536
1550
1538
1181
1543
1543
1548
1551
1542
1549
1168
1539
1545
1508
1547
1082
1538
1551
1543
1549
1547
1542
1535
1531
1553
1549
1546
1521
1546
1537
1555
1540
1543
1546
1553
1548
1544
1554
1554
1546
1548
942
1543
1549
1547
1070
1545
1551
1533
1547
1543
1497
1531
1561
1544
1544
1545
1058
1546
1518
1560
1550
1542
1548
1548
1534
1557
763
1547
1531
1535
1552
1552
1553
1547
1550
1552
1545
1545
1541
1543
1548
784
1549
1535
1546
1544
1533
1546
1110
1274
1550
1546
1541
1552
1548
1549
1540
1547
1544
796
1548
1531
1536
1527
1549
1543
1547
833
1550
1557
1545
1556
1553
1546
1519
1535
1553
1517
1553
1400
1548
1530
1548
1545
1535
1549
691
1532
1545
1534
1552
1102
1541
1523
1542
1552
1544
1510
1523
1547
1549
1545
1547
1215
1540
1548
1546
1550
1538
1553
1540
1532
1551
1556
1550
1542
1315
1544
1556
1549
1510
1540
1557
1544
1550
1544
1540
1550
1540
1545
1543
1539
986
1548
1549
1550
1549
1544
1541
1552
933
1545
1541
1554
1545
1541
1547
1551
1542
1536
1518
1536
1546
1529
1558
1552
1541
1547
1547
1551
1548
1549
1441
1549
1546
1516
1547
758
1551
1521
1540
1552
1514
1523
1541
1548
1529
1534
1536
1548
1531
1536
1544
1550
1547
1542
1506
1551
1535
1552
1556
1546
1543
1528
1540
1092
1554
1541
1537
1563
1536
1550
1545
1543
1547
1550
1509
1495
1545
1551
1551
1547
1545
1550
1549
1511
1549
1548
1530
1551
1536
1552
1554
1544
1556
1551
1548
1549
1502
1395
1545
1550
1547
1548
1557
1538
1554
1549
1534
1535
1544
1545
1544
1536
1550
1547
1534
1549
1555
1541
1541
1545
1110
1551
1542
1543
1558
1522
1550
1549
1539
1556
1554
1554
1549
1543
1546
926
1551
1537
1541
1522
1558
1547
1544
1544
1549
1554
1549
1536
1523
1546
1542
1546
1556
1551
1540
1554
1557
1544
1543
1546
1211
1545
1547
1529
871
1537
987
1555
1545
1553
1550
1430
1543
818
1549
1547
1557
1550
1478
1545
1548
1546
1544
1544
1549
1547
1551
1522
1543
1550
1547
1540
1554
1548
1544
1529
1540
1508
1512
867
1550
1553
1545
1553
1550
1555
1550
1551
1549
1544
1481
1549
1548
1544
1537
1531
1554
1543
1549
1551
1541
1551
1551
1539
1549
1541
1537
1550
1557
1552
1547
1548
1548
1544
1545
1525
1545
1548
1457
1554
1548
1545
1549
1546
1539
1552
1548
1533
1543
739
1547
1562
1551
1539
1546
1563
1551
1542
1547
1547
1546
1546
1549
1537
1544
1552
1548
1546
1550
1548
1546
1547
1550
1542
1539
1545
1545
1555
1527
1545
1550
1541
1537
1548
1549
1542
1553
1554
1406
1562
1548
1533
1544
1541
1521
1552
1552
1546
1552
1533
1171
1545
1546
1553
1540
1547
1547
1540
531
1546
638
1546
1547
1547
1542
1548
1528
1553
1549
1547
1546
1552
1544
1550
1536
1554
1552
1536
1546
1543
1545
1173
1555
1530
1546
1526
1540
1559
1547
1544
684
1134
1548
1551
1534
1548
1538
1547
1550
1542
1538
1529
1541
1524
1528
1552
1543
1555
1548
1336
1551
1546
1557
1540
1544
1544
1544
1539
1544
1543
1540
1553
1524
1544
1546
1549
1508
820
1544
1148
1553
1547
1542
1543
1080
1545
1557
1544
1543
1553
1545
1547
1548
1544
1554
1548
534
1546
1525
1539
911
1545
1547
1546
1551
1547
1545
980
1549
1546
1290
1547
1543
1541
1550
1531
1551
1547
1549
1531
1534
1535
1542
1543
1459
1080
1541
1481
1547
1547
1544
1550
1546
1558
1545
1551
1534
1544
1543
1534
1547
1546
1145
1538
1162
1528
1015
1547
1543
1532
335
1546
1553
1558
1554
1554
1550
1553
1550
1540
1550
1547
1532
1546
1270
1099
1544
1554
1542
1542
1549
1544
1554
1537
1545
1549
1557
1558
1551
1553
1546
1550
1541
1549
1552
1540
1555
1543
1549
1555
1548
1530
1554
1559
1548
1544
1536
1550
1556
1541
1400
1555
1544
1543
1535
1552
1537
1549
1554
1540
1541
1540
1544
1547
1326
1549
1548
1544
1541
1550
1539
1527
1548
1533
1545
1550
1543
1543
1542
1549
1055
1549
1536
744
772
862
1542
1544
1541
1546
1547
1543
1551
1533
1550
1544
1537
1551
1543
1546
1547
1537
1553
1552
1551
1535
1551
1542
1573
1545
1547
1556
1546
1532
1559
1549
1531
1554
1543
1549
1551
1536
1547
1541
1546
1543
1248
1550
1560
1553
1473
1543
1542
1551
1555
1533
1544
1538
1554
1509
1559
1544
1544
1549
1548
1545
1546
1550
609
1550
1541
1543
1547
1549
1552
1548
1545
1544
1553
1546
1545
851
1525
1545
1544
1560
1545
1537
1544
1553
938
1470
1547
1169
1530
1546
1516
1548
1549
1548
1529
862
1543
1552
1538
1539
1555
1543
1511
1525
1550
1550
1553
1549
1550
1539
1543
1551
1534
1554
744
1541
1547
1547
1542
1549
1543
801
1557
1539
1558
912
1549
1538
1552
1269
1549
488
1549
1545
1550
1547
1555
1545
951
1544
1549
1513
1548
1549
1547
1516
1556
1544
1387
1497
1552
1544
1552
1168
1549
1548
1531
1522
1541
1552
1554
1540
1553
1548
1549
1551
1477
1541
1549
1535
1546
1547
1535
871
1539
1547
1547
1542
1542
1539
1552
1527
1546
1549
1528
1534
1537
1546
1553
1535
1547
1549
1543
1547
1507
1563
328
1534
1554
1546
1541
1549
855
1541
1521
1554
392
1537
1546
1551
1545
1548
1540
1197
1546
1544
1554
1557
1528
1554
1551
1553
1542
1539
1547
1545
1555
1555
1545
1548
1552
1548
1551
1530
1531
1545
1357
1551
1548
1541
1555
1009
1538
1552
1543
1549
1538
1545
1555
1541
1549
1552
1552
1546
1549
1544
1543
1520
1512
1546
1342
1558
1537
1543
1548
1542
1550
1547
1546
1555
1550
1546
1552
1006
1540
1547
505
1189
1534
1551
1544
1539
1545
1551
1545
1540
1547
1552
1538
1064
1098
1552
1542
1547
1343
1542
1549
1540
1545
1544
1537
1547
1542
1543
1534
1541
1540
1538
1552
1545
1550
1546
1547
1550
1545
1534
1542
1549
1549
839
1546
1558
1550
1543
677
1544
1544
1207
1545
1540
1542
1544
1546
1540
1529
1553
1534
1070
1548
1535
350
1550
1550
1546
1543
1550
720
1535
1547
1549
1360
1561
1563
1548
1548
1551
1551
1546
1544
1538
1332
1496
1548
1538
1548
1548
1546
1529
1545
1547
1534
1534
691
1553
1521
1551
1073
1445
1529
1474
1547
1553
1539
1545
1552
1547
1464
1551
1539
1551
1551
1545
1547
1547
1546
1548
1531
1531
1549
1545
1549
1547
1544
1418
420
1090
1549
1535
1548
1543
314
1531
1180
1528
1546
1546
1550
1542
1554
1492
1556
1551
1549
1497
1547
1545
1546
1543
1551
1541
1549
1549
1548
1543
1539
1544
1539
1546
1547
1552
1552
1540
1547
1562
1551
1547
1552
1540
1532
794
1527
1553
1561
1551
1537
1545
1546
1131
1540
1544
1547
1543
1548
1551
1551
1555
1533
1537
1539
1553
1543
1555
626
1547
1529
1544
1552
1550
1118
1546
1550
1531
1547
1539
1554
1533
1533
1550
1525
1551
1542
1547
1550
1554
966
1546
1550
1544
1551
1547
1553
1553
1545
1549
1548
1545
1534
1552
1551
1548
1543
1537
1546
1559
1555
1555
1545
1544
1553
1545
1550
1550
1559
1557
1539
1544
1546
1548
1555
812
1518
1554
1547
1227
1552
1553
1555
1544
1535
1552
1544
1541
1538
1543
1530
1550
1560
1550
1541
1533
1533
1538
1547
935
1547
1550
1555
1520
951
1545
1552
1549
1531
1109
1552
1544
1542
1541
1548
1540
1549
1553
1549
1546
1552
1553
1549
1543
1544
1545
1545
1550
1549
1552
1557
1527
1536
1544
1554
1560
1543
1547
1544
1544
1545
1553
1545
1547
684
1551
1543
1549
1538
1547
1546
1528
1547
762
1550
1549
1550
1550
1544
1163
1540
1534
1531
1541
1549
1558
1549
1516
1552
1542
1550
1545
1552
1297
1547
1553
1550
1554
1550
1547
1060
1555
1541
1559
1552
753
1536
1550
1553
1545
1570
1068
1548
1490
1537
1553
1551
1007
1545
1545
1546
464
1546
1545
1558
744
1549
1552
838
1531
1532
1543
1548
1416
1551
1465
1547
1547
1543
1540
1546
1547
1549
1541
1551
1289
1475
1552
1062
1550
1525
1542
1419
1548
1543
1546
1551
1548
1550
1533
1052
1538
1523
1554
1474
1553
1261
1435
1552
1518
1547
1530
1545
1542
1547
1539
1547
1546
1544
1542
1548
1546
976
1552
1552
1029
322
1529
1549
1517
1538
1543
1543
1548
1540
1483
1547
1306
1546
1553
1558
1549
1528
1531
1559
1525
1545
1550
986
1530
1250
1526
1542
1544
1546
1547
1539
1535
1548
1526
1533
1546
1550
1550
1549
1548
1548
1529
1546
1551
1545
1561
1457
1545
1549
1549
1548
1542
1550
1341
1546
1050
1548
1545
1534
1551
1544
1533
1553
1525
1545
1547
1551
1558
1540
1549
1544
1548
1546
1548
1540
1554
1536
1543
1557
1548
1552
1532
1556
1547
1371
1545
1542
1551
1547
1560
1547
1541
1386
1555
1542
1546
1250
1551
1543
1549
1547
1555
1555
1544
1551
1534
1526
1420
1552
1549
1549
1553
1545
1529
1523
1545
1549
1539
820
1548
333
1544
1551
1546
1543
1556
1558
1548
1543
1539
826
1548
1552
1397
1550
1541
723
1103
1548
1097
1550
1537
1547
1414
1537
1532
1544
1539
1552
1551
1550
1532
1546
1522
1546
975
1551
1548
1536
1543
1540
1536
1551
1534
1542
1549
1547
1536
1546
1540
1544
1544
1546
1546
1539
1540
1550
1543
1555
1520
1547
1546
1547
1529
1545
1549
1534
1548
1530
1516
1532
1547
1551
1546
1547
1549
1538
1542
1548
1058
1554
1548
1536
1549
1538
1548
321
1206
1549
1537
1544
1545
1551
1542
1056
1549
1552
1551
1550
1541
1550
1549
1558
1542
1536
1556
1544
1549
1544
1485
1550
1061
1536
1554
983
1549
1445
1548
1548
1547
1512
1543
1533
1519
1545
1419
1542
1543
1534
1533
1551
1549
1546
1545
1547
1549
1534
1541
1546
1548
1555
1550
1554
1564
1543
1543
1543
1533
1543
1554
1267
1540
1533
1556
1550
1542
1093
1546
1544
1540
1557
1556
1537
1544
1537
1538
1551
1532
1548
1543
1551
1544
1541
1533
1521
1512
1535
1534
1551
1559
1538
1550
1546
1543
1534
1551
1379
1236
1446
1548
1545
1552
1540
1543
1549
1552
1565
1531
1552
1553
1542
926
1518
1556
1545
1549
1552
1549
1545
1556
1547
1477
1557
1547
1548
1545
1542
1538
1547
1545
1547
1551
698
1546
1545
1543
1535
1559
1528
1521
1526
1546
1549
1556
1554
1552
1535
1549
1393
1545
1540
1552
1547
1538
1553
1542
1165
1546
1550
1539
1545
1554
1554
1552
1552
1554
1547
1548
1551
1531
1543
1346
1551
811
1546
1460
1546
1525
1548
1548
1541
1545
1547
1551
1555
1550
1551
1551
983
1546
1549
1540
1538
1547
1545
1551
1537
1545
1543
1540
1551
1548
1543
1553
1547
1547
1547
1550
1547
1549
1547
1546
1548
1548
1557
1318
1549
1551
1543
1531
1545
1540
1552
1554
1539
1047
1548
1548
1539
1555
1546
1551
1541
1544
1549
1549
1548
1538
1550
1545
1543
1539
1547
1525
1545
817
1553
1551
1548
1529
1528
1535
1554
1544
1515
1551
817
1545
1557
1541
1543
1537
1546
1531
1536
1564
1553
1541
1539
1245
1535
1550
1540
1539
1553
1548
1542
1058
1530
1531
1534
1544
1534
1532
1550
1537
1542
1548
1417
1532
1562
1549
1546
1544
1445
1545
1548
1541
1548
1404
1543
1556
1544
1519
1544
1552
1541
1553
1553
1551
1544
1347
1545
1542
