627
1542
1539
1550
1545
1548
1534
1547
1536
490
1526
1550
1541
1542
1547
1536
1543
1062
1533
1526
1548
1536
1552
1542
1538
1548
1542
830
1535
1216
1543
1528
1547
1540
1543
1543
1546
1546
1546
1545
1542
1544
1492
1547
1545
1544
1543
1546
1547
1543
872
784
1547
1543
1549
1546
1386
627
1556
1543
1298
1534
1539
366
1075
1545
1546
1550
1542
1547
1545
1364
1548
1541
1492
1545
1546
1545
1544
1539
1536
1549
1541
1553
1541
1548
982
1545
1539
1544
1545
1530
1553
1544
756
1544
1552
893
1538
952
1546
1529
1541
1542
1529
1539
1536
1466
1548
1551
1548
1552
1549
1553
1547
1549
1552
1544
1532
1325
1540
1538
1543
1538
1546
1544
1548
1539
1546
1542
1540
1537
1544
1533
1340
1546
1540
870
1537
1538
828
1544
1508
1541
1549
1539
1536
1438
1546
1539
1547
1543
1551
1538
1528
1533
1068
1542
503
1525
1553
1549
1544
1168
1541
1540
1547
1537
1547
1545
1534
1271
1544
1510
1554
1548
1067
1550
1502
1531
1545
858
1546
1546
1547
1542
1547
1534
1553
1549
1538
1548
1386
882
1541
1549
1547
1544
1549
1543
1519
928
1546
1468
1535
1223
1548
1020
1551
1552
1547
1549
1545
1545
1547
1546
1531
1520
1542
1546
1537
1550
1536
1542
876
1542
1536
1545
1548
1525
1542
998
1543
1550
1536
1220
1540
1541
1541
1136
1553
1540
712
1547
862
1551
523
1537
1539
1542
1547
1547
526
1532
1527
1546
1542
1482
1333
1548
1546
1549
1537
1547
1514
1548
1531
1546
1533
1537
1545
1540
1539
1549
1531
1546
1491
1547
1541
1532
1539
1540
1548
1108
1547
881
1542
1546
1548
1545
1545
1545
1544
1545
1537
1538
1543
1542
1543
1551
1539
1547
1518
1546
1544
1543
1537
1549
1541
1536
1540
1534
1172
1279
1536
1544
1547
1543
820
1539
1542
1542
1535
1545
1551
1540
1548
1027
1391
1543
1560
1545
1547
1551
1546
1063
796
1551
1539
1520
1550
1539
1541
813
1550
1549
1547
1541
1530
1539
1549
1164
1547
966
937
1551
1545
1545
1420
1514
1519
1540
1537
1540
1547
1539
1543
1544
1548
1547
1544
1545
1551
1547
1541
1546
1547
1546
1548
1535
1541
1546
1028
1545
1539
1544
1548
716
1523
1547
1529
1543
1543
1530
1541
1539
1543
1543
1541
1540
1540
1538
1543
1538
1541
1126
1542
614
1545
1548
1552
1545
1544
1548
1547
1547
1545
1544
1549
1542
1549
1530
1534
1527
1550
1544
1548
1536
1546
1548
1542
729
1532
1541
1543
1143
1546
1547
1546
1541
1546
1551
1541
1544
1541
1548
1535
1545
1555
1550
1546
1549
1546
1522
1546
1542
1544
1546
1540
1536
1549
1538
1547
1540
1545
1533
1541
1540
1358
1546
1542
894
1514
1319
1547
1548
1530
1557
1557
1541
1548
1547
1538
1537
878
1542
1545
1534
1005
1511
1543
1544
1339
1545
1540
1540
1513
1542
1547
1529
1542
1548
1551
871
1542
1544
1535
1547
1548
1545
1544
1516
1551
1539
1546
890
1534
1074
1549
1546
1532
1541
1384
1542
1536
1553
1532
1525
1552
1551
1550
1543
1554
1542
1547
1539
1544
1538
1513
1547
1543
1546
1537
1538
1539
1542
1548
1537
923
1529
1434
1542
1533
1546
1538
1550
1550
1535
1532
1549
1489
1544
1540
1541
1517
1547
1544
1523
1545
1544
960
1548
1542
1554
1544
1561
1533
1544
1546
1542
1543
1549
1545
509
1546
1533
1544
1520
1536
1546
1543
1545
1543
980
1545
1552
1543
1553
1530
1551
1547
1532
1544
1545
1529
1000
1329
1046
1491
1543
1323
1545
1541
1544
1550
1541
1533
1546
1543
1550
1544
1547
1468
1535
1089
1547
1540
1116
1542
1545
1550
1549
1543
1531
1540
1536
1544
1553
1541
1542
1543
1540
1482
1531
1542
1315
1540
1534
1542
1531
1543
1544
1539
1544
1524
1545
1534
1435
1546
897
1545
1546
1550
1543
1540
1535
1537
1543
1543
1530
853
1548
1542
1544
1541
1541
1543
1451
790
1530
1548
1547
1542
1539
1546
1542
1546
1171
384
1508
1533
1549
1533
1538
1407
1548
1542
1543
1550
1544
1545
1545
1547
951
876
1536
1542
1534
1547
1509
1545
1542
1538
1548
1552
1551
1552
1545
1523
1068
1546
1551
1549
1531
1548
1536
1540
1545
1560
1543
1528
1541
1545
1546
1543
1229
1535
1544
1529
1546
1544
1543
1544
1547
1552
1542
1547
1540
1545
520
1548
1554
1542
412
1546
1523
1545
1540
1512
1538
1545
789
1543
1016
1550
1543
1157
537
1366
1542
1548
1550
1528
1531
1544
1540
378
1548
1543
1545
1547
1547
885
1542
1548
1515
1517
1548
1549
866
1545
1543
1544
1527
1543
1544
1549
1543
1122
1543
1546
1427
1536
1555
1542
1548
1541
1544
1543
1541
1545
1541
1543
1544
1297
1536
1545
1548
1545
1542
1543
1542
1551
1547
1547
1549
1545
1527
1546
1545
1539
1542
629
1541
1548
1529
1543
1531
1544
1543
1546
1545
1540
1544
1542
1534
1543
1549
1541
1539
1548
1540
1541
1546
853
1545
1024
1546
1541
1545
1545
1544
1543
1533
1549
1550
1541
1550
1440
1540
1539
417
1549
1546
1544
1542
1542
957
1541
1547
1542
1528
1541
1543
1538
1551
1548
1543
1541
1566
1549
1544
1547
1534
1545
1546
1542
1541
866
1548
1534
1513
1551
957
1542
1546
1552
1544
1507
1533
1544
1549
1544
1546
1531
1543
1528
1087
1550
1545
1543
1543
1543
1536
1540
1259
1548
1532
1555
799
1541
1544
1549
1215
1545
1529
1545
1527
1550
1545
1263
1546
1169
1554
1548
1543
1542
1536
1548
1545
1512
1540
1547
1545
1537
892
1544
1522
1518
1545
1547
1512
1544
1542
1552
1548
1536
883
1358
1549
1540
1533
1543
1545
1543
1545
1540
1542
1540
828
1555
1548
1536
1563
1547
1551
1535
1552
1542
1535
1551
1530
1546
1546
1536
919
1549
1252
1541
1541
1459
1547
1544
525
1546
1549
1545
1539
1547
1545
1553
1546
1537
1486
1138
1542
1544
894
1548
1543
1086
1527
1541
1540
1545
1554
1549
1542
1546
1548
776
1545
1256
1543
1546
1516
1545
1546
1544
1072
1554
1550
1549
1545
1543
1546
1547
1552
1519
1155
1530
1544
1536
1536
1551
1548
1536
1537
1541
1253
1551
1542
1520
1547
1536
1545
1539
1549
1540
1544
1526
1541
1537
1545
1551
1550
1530
1544
1544
1517
1532
1547
1507
1538
1552
1488
1543
1544
1544
1531
1049
1544
1547
1535
1548
1549
1545
1540
1545
1544
1197
1540
1537
1548
1554
1553
1548
1145
1548
1547
1544
1544
1539
1549
1553
650
1540
1543
1542
1541
1540
1535
1541
1543
1535
1546
1546
650
1542
1545
1467
1546
1541
1526
1540
1548
1534
1548
1523
1539
1521
1537
1544
1537
1546
1542
1545
1528
1548
1543
1545
1538
1517
1548
1522
1018
1545
1527
1543
1547
795
1538
1545
1259
1545
1549
1169
1540
1542
1552
1544
1549
1551
1541
1541
1542
1545
1546
1550
1549
1545
1539
1543
1544
1548
1544
1540
1550
928
1546
1549
1540
1550
1501
1549
1518
677
1542
905
1541
1542
1551
1545
1544
993
1549
1544
1551
1542
1441
1548
1199
931
1539
1540
386
1544
1525
1550
1087
1535
1548
1157
1543
1539
554
1544
1524
1547
1547
1077
1533
1542
1539
1542
1550
1543
1542
1544
1530
1544
1511
1537
1533
1547
1542
1386
1551
1546
1545
916
1534
1547
1541
1551
1548
1534
1551
1547
1538
1538
1540
1349
1540
1531
837
1546
1243
1418
952
941
1542
1536
1551
1550
1541
1532
1542
1542
1316
1546
1543
1547
747
828
1174
1538
1544
1534
1527
1513
1542
1554
1543
879
1534
1548
1550
1548
1547
1485
783
1546
1463
1548
1544
1537
1548
1544
1518
1531
1548
1541
1524
1268
1542
1536
1529
1554
1507
1348
1527
944
1539
1352
1539
1538
1545
1540
1544
1550
978
1530
1546
1540
1542
1551
1544
1542
1549
1546
1542
1552
1374
1334
1534
1504
1528
1547
1544
1533
1530
1541
1537
1546
1548
1526
1530
1551
794
1539
1553
1542
1533
1541
1548
1547
1553
1543
1544
1552
1552
1542
1552
1544
1535
1531
1543
1541
1553
1548
1552
1543
1268
1553
1546
1261
1550
1354
1546
1547
1546
1524
1529
1536
1544
1536
1525
1216
1428
1535
1540
1545
1543
1549
1540
1499
1543
1538
1542
1550
1529
1546
877
1537
1546
1535
883
1041
1553
1542
1542
1533
1543
1545
1530
1036
1527
1400
1536
1544
517
1539
1540
1524
922
1533
1525
1543
1542
1543
1539
1541
1544
1547
1540
1528
1517
1547
1544
1219
1545
1545
1554
1545
1550
612
1499
1545
938
1538
1547
1545
1538
1547
1553
795
880
1541
1546
1532
1525
1548
1543
1553
1542
1543
1551
916
1547
1552
1536
1525
1549
939
1546
1072
1547
1429
1539
1538
1319
1142
1541
1548
1511
1539
1546
1542
1536
1548
1291
1537
1530
1538
1547
1550
1546
1546
1533
1541
1534
1524
1544
1534
983
1542
1533
1543
1539
1543
1542
1530
1542
1091
1548
855
1541
1548
1554
1547
1542
960
1545
1545
1544
1156
1552
846
1531
1300
1546
1541
1547
1543
1533
1542
1546
1063
1381
875
1542
1543
1545
1548
1536
1526
1342
1544
1551
1551
1543
1538
1535
1535
1553
1540
1544
1538
1548
1535
1547
1537
1550
1548
1534
1538
873
1530
587
1546
820
1544
1544
1554
1541
1541
1518
1542
1551
1545
1548
1044
1528
845
1552
1538
1549
1549
1550
1545
1537
1547
1546
1542
1546
1547
1544
1538
1534
1449
1542
1536
1535
1170
1545
1538
1532
1549
1180
1534
1544
1545
1542
1549
1551
1542
1533
1532
1547
1534
1542
1552
1233
1531
1542
1546
1532
1544
1536
1556
1545
1179
1540
1549
1547
1545
872
1548
1542
1555
1527
1543
1550
1544
1547
875
1554
1545
1534
1547
1543
1547
1548
1547
1544
1545
1550
1548
1537
1555
1538
1026
1548
878
1548
1545
650
949
1548
1548
1544
1513
1541
1548
1536
828
1546
869
1540
1524
1533
1533
1545
1549
1545
810
1553
1545
947
1543
1535
1547
1266
1547
1546
962
863
1534
1531
1555
1545
1538
1545
1535
1544
1549
1545
1548
1538
1541
1545
1528
1544
1238
1544
1547
1546
1548
1549
1544
1546
1543
1539
1535
1547
1516
832
1553
1095
1545
1547
1033
936
1084
1522
1537
1516
1548
1545
1547
512
1550
1542
1545
1552
1256
1538
1527
1539
1534
1528
1542
1525
1545
1550
1540
1544
1540
1543
876
1541
1519
1546
1546
1544
1546
1537
1544
1543
1545
1542
1554
1554
1547
1531
1542
1535
1551
1545
1457
1001
1548
1534
1547
1543
1542
1492
734
1540
1522
1549
1538
1546
1545
1546
1543
1543
1543
1370
1548
1536
1544
947
1543
1544
1545
1546
1540
1548
1485
1546
1531
1546
1529
1515
1542
948
1542
1497
1527
1551
707
1548
1547
1545
1544
1549
1007
1300
1549
1554
1528
924
1548
1539
1539
1545
1547
1536
1538
1160
1537
1542
1549
1540
323
1544
1511
1546
1549
1539
1528
1544
1543
1541
1544
1538
1550
1535
1548
1545
1540
1532
1543
1548
1543
734
1538
1541
1541
1139
1544
1540
1548
1548
1537
1547
1547
1541
1547
1548
1540
1532
789
1553
1550
1546
1546
1545
1544
1539
1539
1546
1552
1550
1549
1545
1543
1517
1548
1532
1543
1544
1555
1531
877
1545
1572
1531
1546
1532
1544
1549
871
1541
1547
1538
1541
1552
1542
1539
1530
1549
1543
1527
1235
1543
1544
1546
1551
1553
1549
1532
1050
1541
1552
1543
1542
1532
1177
1468
1531
1547
1545
1544
1551
1546
1546
1551
1549
1545
1543
1545
1542
1545
1543
1545
1510
1532
1544
1533
1521
1543
1531
1534
1330
1544
1537
1518
1544
1538
844
1551
1551
1546
1543
1545
1545
863
1540
1544
1517
1318
1544
1547
1544
1547
1438
1540
591
1529
816
1544
1537
1546
1541
1523
1543
1542
1543
1541
672
1544
1279
1532
1542
1505
1527
1541
688
1540
1546
1531
1532
1549
1543
1544
1534
1518
1539
1550
1391
1540
1538
1538
1544
1515
1538
1348
1546
1546
1545
1542
1535
1547
1542
1523
878
1514
1548
879
1550
1538
1543
1551
1553
1541
1539
1499
1532
1532
1547
1544
1549
1542
1544
1544
1546
1536
1547
1541
1531
1547
1537
1196
1550
1531
1536
1541
370
1552
1541
771
1541
1518
878
1551
1547
1545
1540
1517
1532
1537
1408
1543
1540
1547
1546
1544
1480
1543
913
1538
1545
1546
1532
1552
1547
882
1547
1539
1545
1522
1534
1545
591
1541
781
1550
1543
1542
1546
1556
1544
1533
1548
1544
1545
1536
1546
1547
1541
1539
1547
1545
1549
1550
1534
1544
1552
1535
1064
1539
1547
1552
831
1549
1530
1549
1541
1331
1535
966
1556
1542
1530
1548
1543
1546
1540
1550
1544
1544
1538
1544
1546
1305
1546
1540
1092
1549
1488
1545
1540
1544
1542
344
1543
1538
1543
1542
880
1545
1550
1478
1539
1533
1552
1542
1542
1547
884
1541
1549
1535
1556
1548
1539
1540
1548
1543
1547
1544
1532
1517
1540
1536
1548
1065
1546
327
1546
1545
1545
1549
1541
1541
1545
1535
1550
1549
1555
789
1545
902
743
1546
1534
1533
1543
1548
1535
1522
1535
1549
1543
1392
1392
1540
1544
1543
1547
1535
1414
1505
1540
1163
1528
1549
1538
1536
1540
758
1554
1126
1550
1545
1539
1543
1552
1542
1315
1539
1525
1545
1539
1547
1543
1540
1547
1463
1540
1547
782
1534
1548
1533
1527
1545
1539
1531
1543
1534
1545
1533
1533
1398
1546
1546
1529
1223
1517
1546
1538
1550
1427
1538
1538
1549
1543
1540
1540
1544
1547
1545
1545
1545
1536
1555
1536
1546
1540
1544
1545
1540
1548
1229
1542
1544
1550
1542
1547
1549
1544
1544
899
1547
1485
1543
1548
1547
1542
1550
1543
1548
1534
1544
1552
1296
1543
1548
1546
1545
1532
1543
1538
1519
1545
590
1552
493
1547
1549
1531
1545
1546
1544
1552
1548
1552
1540
1543
1513
826
794
1545
1539
1542
1545
1545
1547
1546
1544
1543
1543
1539
1551
1543
1521
1546
1547
1552
1306
1539
1533
1538
1560
896
1541
1544
1541
1549
1544
1458
1165
1545
1457
1548
1516
979
1542
1542
1170
1547
1543
1541
1539
1484
1536
1532
1543
1552
1543
1545
1527
1536
1542
1518
962
1539
1543
1541
887
1543
825
1545
1551
1540
1538
1547
1543
1536
1535
1522
1548
1545
1547
1546
1547
1549
1548
1545
1527
1375
1527
1458
1051
1544
1530
1546
1544
1545
1208
1540
1538
1543
1548
884
1542
1544
1539
1545
1552
1542
1550
1546
1527
1544
1547
1544
1540
1540
1549
1549
1426
1543
1544
1545
1545
1537
1548
1545
1538
1530
1542
1529
1547
1544
875
1551
1548
1551
1544
1545
1545
1548
1541
1548
1546
1033
1544
1554
1543
1550
1546
878
1541
1395
1197
1534
1487
1546
1542
1548
1513
1544
1189
1547
881
1544
1543
1543
1524
1525
1546
1545
1546
1546
1548
1551
1530
1550
1549
1540
1548
1542
1539
1386
993
1544
1542
1550
1546
1545
1533
1544
1528
1540
1543
1432
1541
1546
1545
1540
1545
1546
1547
1528
1539
1543
1531
1543
1551
1537
1541
1544
1546
1543
1178
1540
1539
1548
1542
1546
1548
1551
1547
477
1539
1550
1542
1549
1546
1545
1550
1538
1551
1543
1551
1546
1539
1544
1542
1544
1542
1529
1279
1538
1547
1546
1534
1549
1531
884
470
1546
1552
1535
1543
1538
1538
1548
1540
1546
1544
1552
904
1540
1014
1378
1548
1546
1543
1546
1546
1544
1544
1550
1544
1529
1547
1527
1548
1550
1364
1543
1538
976
1545
1510
1554
1539
1541
1545
1540
1532
1540
1549
1536
1517
1538
1552
1543
1526
1546
1554
1542
1542
1448
1538
1534
1537
1546
1546
1543
1482
1544
1543
1547
1537
1551
1519
1542
1527
1544
1536
1541
1539
1531
1548
1536
1548
1544
1548
967
1538
1543
1546
1545
982
1548
1543
1545
1550
1545
1543
1546
1512
1557
1525
1545
1542
1549
1540
1545
1207
1544
1544
1451
1539
1540
1544
874
1543
875
1552
1546
1551
1541
1552
1547
1548
1519
1541
1548
1554
1551
1538
1547
1476
1546
1540
1549
1533
1544
1542
1543
1543
1538
1547
1556
1544
1531
882
1549
1540
1506
738
1529
1544
1541
1544
1537
1549
1527
1550
1539
876
1545
1547
1541
1547
1269
1542
1545
1112
1528
1129
1547
1537
1544
1546
1541
1536
1533
877
1540
1537
977
1546
1543
1543
1517
584
1539
1555
1513
1547
1545
1549
1535
1541
1539
756
878
1385
1547
1212
1521
1554
1538
951
1338
1533
1546
1546
609
1548
1542
1546
1550
1546
1543
1246
1537
873
1543
1542
1551
1506
1536
1307
1549
1543
1546
1547
1556
1520
899
1544
1551
1546
1544
879
1544
1534
1543
1546
1549
1540
1546
1542
1548
1355
1548
1541
885
1531
1543
1532
1542
485
810
1539
1545
1549
1548
1541
1545
1516
1090
1541
1551
1547
1551
1532
1533
997
1545
492
1557
1548
1544
1545
1529
1541
1552
1541
1547
1541
1549
1540
754
1544
1543
1543
1549
1544
1540
1546
1549
1289
1545
1543
1541
1547
1544
1549
1548
614
1544
751
1548
1544
888
1547
1533
1550
1547
1537
1545
1552
1539
1546
1521
1520
1546
1541
1545
616
1543
1548
1542
1522
1546
1541
1541
1539
1547
1545
1543
1545
1523
1540
1551
1540
1555
1543
1549
1543
1539
1545
1524
1541
1544
1543
1059
1539
1538
1545
1537
1539
1542
1547
1349
1534
1546
1546
1547
1281
1541
1562
1565
1548
1549
873
1538
1545
1552
1538
1544
1465
1542
731
1477
1542
1547
1540
1539
1506
1537
1536
1544
1547
1539
1528
1540
1543
1405
1296
1535
1545
1556
1544
1551
1540
1508
1544
1540
1375
1552
1546
1546
1551
1550
1548
1539
1534
1454
1543
1549
1531
1538
1550
1542
1554
1540
1544
1544
1541
1527
1552
1543
1548
1542
1538
1545
1545
580
1546
1542
1548
1547
1541
1529
1538
1543
1543
1525
507
1526
1548
1546
1540
1548
1553
1545
1512
1546
1542
1545
1487
1546
1543
1546
1535
429
1544
1555
1545
1552
1550
1538
1545
1517
1550
1544
1542
1537
447
1542
872
1543
1547
1536
1541
1553
1274
1549
1542
1498
1551
1545
1545
1544
1536
989
1544
1536
1547
1550
1545
1545
1542
1542
1541
1229
1549
1546
1544
1544
1546
1553
1535
1541
1528
1544
1543
1529
1546
1526
1543
1547
1538
1543
1513
1557
1548
1546
1548
1540
1534
1539
1550
1546
1545
1553
709
1545
1541
1548
1527
1547
1424
1534
1542
1546
1538
1538
1541
772
1540
1541
1535
1533
1546
1544
1543
1543
1544
1546
1548
1548
1539
1550
1546
1529
1542
770
682
1550
1545
1545
1527
1542
619
1122
1550
1545
1531
1544
1547
1544
1548
1544
1548
1530
1537
1534
1544
1180
1332
1002
438
1543
1542
911
1550
1546
1546
1540
1538
1535
1546
1551
836
714
1519
1543
1544
1055
1542
1539
1550
1550
457
1546
1545
1542
1550
1542
1547
1543
1528
1536
1547
1544
931
1534
1550
1543
1541
1551
1551
1551
1534
1537
1549
1546
1539
1529
1545
1546
1547
1540
1544
902
1504
1104
1528
1532
1552
1062
1545
1547
447
1540
1540
1549
1553
1552
1539
1539
1547
1541
1534
1545
1541
1548
1545
1534
1547
1537
1549
1551
1547
1546
1542
1549
1534
1541
1534
1545
1524
1543
1546
1533
1543
1544
1547
1548
1535
1551
1544
1547
1549
1545
1553
1539
1548
1545
1543
1543
1321
1545
1548
1033
1540
1539
1549
1110
876
1546
1551
1549
1544
1545
1552
1546
1542
1544
1543
1543
1540
1537
1302
1536
1549
1545
1549
1542
1531
1538
1372
1546
1546
1541
1534
1543
1531
1542
1529
1548
1542
1539
1545
1544
1537
1548
1539
1550
1545
1543
1534
1546
1542
1550
1048
1015
1545
1533
1545
1553
1542
1537
1547
1518
1320
1543
1544
1544
1549
1542
1542
1535
1539
1544
512
1540
1549
1549
1540
1527
1547
1562
1551
1544
1546
1542
1546
1548
1547
1539
1542
1548
1543
1002
1501
1546
1544
1550
1545
1508
1544
1540
1544
1513
1267
984
1533
880
1534
1530
1541
1540
1544
1551
890
1535
1313
1546
335
1551
1547
1539
1107
1544
1542
867
1551
1547
1535
1531
1548
1549
1545
1547
1540
1119
687
1554
1544
1545
1554
1549
1544
1544
869
737
1544
1536
1546
1540
790
1529
1544
1541
1548
1502
1538
1544
1549
1548
1535
1539
1522
1053
750
1540
1491
1546
1542
1545
1546
1547
1499
604
1540
1545
1546
923
1526
1544
1543
1542
1541
1546
1544
1538
1547
354
1553
1549
1542
1538
711
1550
1547
1547
1540
1513
1548
1541
1549
1547
1546
1544
1544
1554
1532
1536
1549
1530
1540
1543
1550
1546
1534
1538
1543
1526
1527
1552
1533
1527
1367
1546
1532
1546
1546
1547
1541
1538
1553
1531
1040
1540
1544
1548
1543
1259
1227
1547
1547
1334
1544
1544
1525
1541
1547
927
1547
1539
1546
1062
1545
1544
1548
1543
1542
1544
1536
1531
1541
1546
1545
1542
1550
1542
1502
1517
1546
1549
347
1507
996
1544
1545
1528
1541
1551
1543
1525
1546
1411
1545
1534
1540
1528
1552
1516
1546
1544
1538
1547
1166
1537
1537
1535
1545
1538
1552
560
1543
840
972
1540
1553
1517
1548
1539
1555
1545
1546
1542
1541
1156
1544
1534
1539
1549
1544
1323
1551
1546
1536
1539
1547
1446
1504
1140
1531
1528
1545
1242
1540
1547
1546
1543
1552
1529
1545
1542
1548
1540
1545
1534
1527
1546
1552
1535
1545
1551
1552
1543
1382
1543
1551
1543
1548
1546
1547
1545
1552
1549
1135
1526
1548
558
1545
1533
1541
1519
1538
1514
1544
1542
1546
1533
1539
1520
1531
818
1542
1547
1546
944
1538
1539
1546
1536
1473
1415
1534
1542
1543
970
1546
1548
1543
1546
1550
1540
1544
1545
1547
1094
1552
1539
1545
1542
1543
1537
1540
1542
1534
1513
1550
1540
1544
1542
969
1545
1547
1542
1547
1542
1541
1549
1541
1538
1544
1550
1529
1550
1544
1539
1347
1545
1545
1541
1546
1514
1542
1544
1547
1509
1539
910
1516
1549
1549
1548
1539
1507
1373
1543
1511
1561
1546
1540
1550
1546
1547
1535
1544
1541
1544
1531
1539
1545
1548
1543
1552
1547
1367
871
1537
1550
1545
1499
1547
1544
985
1549
1545
1547
1551
1543
1543
1395
1526
1543
1544
916
1543
1553
1544
1549
1551
1546
1536
971
1549
1542
1543
1546
1542
1541
1551
1550
1547
1550
1531
852
1527
1545
1538
1091
1550
1534
1548
1545
1516
1546
1544
1539
770
1534
1537
1544
1538
1551
932
1527
1538
1548
1530
1543
1545
1538
1544
1011
952
1543
1540
1538
1543
1555
1543
1552
1547
1510
1542
1552
1546
1529
1532
1545
1543
1543
1545
1547
1519
1544
1516
1535
1541
1541
1540
1537
1550
1547
1548
1537
1543
1549
1546
1543
1531
1551
1548
1548
1545
1540
1538
1546
1544
673
1544
621
1547
1551
1544
1536
1552
1031
1549
1532
1544
1551
1543
1548
1082
1553
1547
1176
1548
1538
1547
1545
1555
1129
1540
1531
1524
1530
1523
1547
1545
1469
1548
1542
1514
1555
1543
1537
1531
1370
1543
1542
1540
1538
1547
1523
1542
1547
1534
1534
1547
1542
1540
1545
1547
1543
1549
1549
1490
1309
1458
1542
1543
1542
1447
1544
1541
1548
1546
1536
1546
1547
1545
1538
1544
1544
1540
1547
1553
1545
1547
858
1514
1322
1535
1544
1539
1531
1542
1556
1543
1541
1541
1543
1543
1547
1511
1541
1536
893
1549
1547
1541
1543
1537
851
1547
1539
903
1546
1540
1542
1539
1529
660
1537
1541
1523
1513
1542
1536
1535
1547
1541
799
1508
1547
1547
1545
1542
1542
1544
1544
1433
1541
1545
1544
1546
1531
1537
1529
1545
1501
1535
1541
864
1527
1536
1548
1552
1540
1542
1552
1329
1546
1532
1539
1548
913
1539
1550
1550
1543
1545
1546
1542
1544
1532
1548
696
1552
1538
1547
1548
1531
1528
1533
1545
1452
1546
1547
424
896
1541
1532
1533
1542
1544
1544
1544
1548
1553
1541
1546
1533
1511
1082
1538
1538
1545
1503
1543
1479
1541
1548
765
1545
1541
1544
1552
1537
1550
1545
1544
1543
879
1547
1543
1545
1542
1529
1546
1544
573
1550
1543
1551
1543
1533
1530
1543
1547
1543
1534
1550
1544
1551
1546
1542
1255
1544
1542
1543
1546
1543
1528
1466
1539
1546
1544
1546
1540
1546
1355
1538
1545
1546
1535
1550
1526
1551
1544
1540
1544
1545
1536
1542
1541
1532
1541
1548
1550
1537
974
1539
1540
1537
1544
1517
1545
1550
1549
1542
1549
1534
1527
1552
1550
1543
1547
1542
1531
1554
1541
1520
1543
1517
1530
1544
1540
1542
1546
1526
1541
936
1527
1546
1513
1543
1549
1544
1544
1544
1546
1551
1544
1550
1545
1528
1553
1542
1544
556
1547
1545
1544
1540
1547
1546
1545
658
1394
1533
1542
1403
1532
1554
1544
901
1545
1318
1548
1542
852
1544
1555
1547
1547
1550
1542
1545
1539
1530
1217
1544
1550
1547
1535
1548
1523
1540
877
1458
1540
1538
1547
1546
1541
772
1535
502
1544
1548
1517
1551
1551
1543
1547
1529
1508
1538
1545
1541
1553
1543
1545
1544
1545
1536
1538
1513
1541
1551
1034
1546
1536
1071
885
1550
1500
797
1547
1551
1529
1541
1541
1545
1542
1545
1546
1532
1548
1544
1543
1529
1546
1548
1546
1540
1543
1549
1545
1541
1367
1552
1551
1544
1563
1013
1544
1513
794
1551
497
1541
877
1525
1553
1544
1540
1553
1539
1538
1553
1541
1541
1552
1549
1545
1543
1549
1546
1330
1545
887
1545
1555
1545
1109
557
1547
1544
1546
1544
1489
1547
583
1546
1547
1539
1547
335
1535
1543
1540
1525
1550
1547
1531
592
1154
1547
1516
1540
1545
1540
1542
1542
1428
1546
1520
1536
1529
1284
1542
1543
1545
1547
1543
1542
1540
1539
1551
1556
1543
303
1546
1566
1545
1545
1543
1546
1546
866
1547
1547
1547
1499
447
1528
1527
1539
1548
1549
1542
1530
1541
1539
1542
1547
1546
1545
1008
1542
1548
1551
1538
1496
1546
1548
1540
1543
1549
1546
1544
879
1550
1548
1551
1540
1533
1543
1538
1546
1545
1523
1543
1542
1503
1544
1551
1390
795
1547
1544
570
1538
1535
1539
1545
1544
1527
1546
1541
1540
1536
1535
1547
1544
1546
1529
1542
1554
1551
946
1542
1551
1547
1543
1536
1548
1539
1044
1542
1551
838
1548
1527
1545
1545
1453
1541
1541
1545
1547
1554
1532
1539
1539
1537
787
1548
1537
1542
1548
1539
1542
1536
1543
1550
1551
1489
1541
1531
1549
1555
880
813
1537
1524
1550
1542
994
1531
1543
1533
1545
1541
1547
1177
1548
1547
876
1541
1532
1546
1542
1539
1546
813
1547
1549
1544
1546
1531
1543
801
1536
1544
1193
1493
1543
1535
1545
1543
1532
1529
1548
1489
1532
874
1546
1542
1539
1546
1546
1543
1549
1541
1541
1539
1216
455
1547
1549
1546
1533
1541
1539
1551
1551
1416
1551
1540
314
1531
1542
1543
1532
1548
1384
1553
1546
1542
1557
1550
1544
1544
1545
1538
1540
1543
1549
1533
1546
1540
1544
1544
1548
1550
1547
1554
1539
1543
1478
1550
1541
1533
1547
1546
1526
1548
1532
1547
1548
943
1544
1545
1546
1544
1545
1540
1546
1539
1545
1546
1546
1551
1545
802
1543
1537
1539
1546
1542
1549
1367
1211
1434
1545
1533
1540
1543
1545
1543
1546
1543
872
1536
1554
1543
1548
1546
1549
1552
1546
1531
1548
1036
1531
1545
1540
1250
1536
1540
1552
1540
1544
1550
1531
1548
1548
1540
1539
1549
1548
1541
1533
1545
1552
1531
862
1546
1544
1536
1544
1544
1550
1532
1543
1463
1551
1547
880
1549
1548
1541
1549
1547
1509
1536
1541
1545
1533
1540
1543
1501
1551
1531
1544
1547
1545
1536
1546
1528
1546
1540
1544
1547
867
967
1544
1543
1548
1531
1303
1532
1541
1544
1548
1545
1360
1551
1545
1543
1544
1529
1541
1547
1529
1552
1546
1533
1547
1540
1541
1539
1525
1546
1508
1548
1549
1544
1548
1534
1543
648
1534
1545
1548
1539
1541
1059
1544
1560
1511
1515
1514
1551
1545
1539
1542
872
1547
1548
962
1548
1551
656
1539
1538
1548
1545
1548
1540
1545
1558
1543
1540
904
1534
1548
1537
1562
1119
1527
1545
1369
1541
1546
1545
1549
1261
1547
772
1550
1546
357
1546
1545
1552
1546
1528
1546
1541
1540
1550
1551
1548
1540
1541
1546
1546
1550
1137
1537
1545
1540
1533
1549
1515
876
1538
1541
1533
1548
1547
1548
1541
868
1539
1542
1536
1544
1257
1058
1548
1538
899
1526
1541
1545
1367
1532
806
1509
1547
1549
1547
1516
1546
1543
1543
1537
1418
1544
1552
1545
1543
1541
1546
1535
1538
1536
1543
1541
1543
1062
1542
1154
1554
1511
1328
1544
1547
1545
1539
875
760
1549
1543
1544
1512
1542
1473
1538
1532
1483
1542
1546
1238
1542
1544
1531
1540
1544
1543
1557
1540
1537
1383
1532
1553
1534
1548
1522
1545
1548
1529
1536
1537
1544
1544
1540
1546
1550
1536
1548
1062
879
1535
1549
1547
1554
1543
1547
1545
1544
1543
1549
1542
1541
1546
1516
1044
1546
1545
1540
1546
1545
1547
1548
1537
1529
930
1540
1547
1503
1549
1444
1530
1545
1530
1542
1553
1137
1544
1534
1550
819
1535
1540
1547
1549
1549
1548
1549
1545
1530
1542
1544
1540
1539
1549
1549
1538
1539
1541
1547
1514
1542
1544
1544
1548
1541
1535
1548
1545
1531
1470
1545
899
1537
1541
1209
1548
1545
1541
1539
1540
1541
1539
1544
1548
1547
1548
1546
1547
1512
1544
881
1543
1547
1539
1262
556
1476
1548
1535
907
1450
1461
1549
1448
1540
1552
1542
1534
1546
1541
1543
1052
1544
1546
1543
1548
1093
1535
1529
1546
1544
1543
1548
1543
1537
1545
1528
1538
1530
1540
1524
1541
1548
1540
1542
1551
491
1550
815
1540
1532
1491
1543
1534
1545
1528
959
1484
1558
1452
1543
1536
1545
1540
1527
1545
1540
1156
1547
1533
1534
1558
1511
1550
1386
1542
1537
1539
1545
1546
1538
1550
1533
1539
1546
1540
1541
1531
1543
897
1554
1543
1537
1542
1534
1545
1548
1539
1542
1551
1547
1542
1545
934
881
1542
1541
1550
535
818
1546
1050
1542
1227
1545
1552
1550
1423
1544
1551
1546
1547
1546
790
1541
1482
1550
1554
1543
1165
1537
1544
1552
1544
1547
1532
1549
988
1175
933
1550
1545
547
1545
1549
1529
1540
1551
1535
1548
1531
1389
1543
1539
1545
1543
674
1549
1546
1534
1550
1546
1529
1548
1547
1546
1538
1535
455
1541
1446
1543
1548
1551
1526
1542
1539
1547
1548
1546
1541
1549
1545
1544
1546
1543
1545
1543
1544
1548
1548
1546
605
1546
1540
1542
1543
1548
1544
1542
408
1541
1547
1543
1546
1544
1548
1546
1548
1548
1542
485
1528
1531
1545
1555
1556
1545
1545
722
1517
1544
1543
1557
1551
1546
1545
490
1536
1537
1544
1553
1541
1524
1543
1544
1549
951
1539
797
1554
1448
1533
1538
1544
1535
1547
1541
1547
1381
1548
1544
1152
1549
1543
1545
970
1544
1543
1546
1543
1542
1515
1551
1543
1550
1532
1549
830
1543
1522
1541
672
1545
1547
1535
1536
909
1538
1543
1552
1365
1540
872
1543
1537
1547
1175
1513
1543
1549
1539
1545
1538
1548
1542
1548
1486
1337
1536
1537
1538
1543
1545
1543
1540
1531
1545
1549
1533
1552
1541
1544
1539
1537
1542
1535
1548
877
1540
1549
1553
1544
877
1547
1551
1546
1544
1538
1537
1536
1545
1538
1546
1545
1544
818
1536
1540
1546
1547
1541
1551
1543
1541
1539
1543
1541
1547
1541
1546
1543
1527
1536
1216
966
1543
1540
1546
1544
1553
1547
1547
1542
1063
876
807
1547
1540
839
1538
1548
934
1547
1531
1552
1550
1531
1518
1537
1549
1544
876
1540
1542
1549
1554
1542
1457
1542
1549
1550
1478
1517
1545
816
1538
1544
1541
596
1509
1546
1552
1473
1546
1549
1550
1544
1547
1546
1546
1548
1539
1539
1542
1546
1530
1544
1546
1538
1542
1545
1536
1010
1543
1532
1551
1546
1550
1542
1545
1466
1546
1542
1543
1549
1548
585
876
1550
1552
1532
1540
1542
1544
1217
1268
1518
1552
1538
1536
1544
1546
1531
958
1444
1546
1548
1054
893
1554
1520
944
1543
1543
1489
1540
874
1542
1544
1541
1031
1540
989
1546
1549
1540
1552
1556
1555
1551
1543
1529
1553
1539
1548
1524
1552
1543
1538
1546
1544
1554
1544
1548
1462
1550
1547
1534
1547
1542
1550
1551
1549
1552
1546
1541
1542
1556
1541
1547
1547
1550
1544
1544
1540
1547
1550
1546
1541
1182
1540
1544
1544
1539
934
1549
1542
1544
1396
1546
831
1523
877
1546
1551
1545
1549
1188
1529
1548
1544
1550
1548
1540
1520
1329
1547
1537
1544
1546
1529
1158
1548
813
1533
1536
1118
1530
1552
1537
1546
1553
978
1546
1540
1546
885
1542
1536
1544
892
1540
1541
1548
1545
1535
1547
1542
1547
879
1520
1546
1545
1548
1550
1341
1550
1314
1546
1543
882
1532
877
1520
1542
886
1017
1547
1544
1546
1548
1544
1550
1539
1542
1545
1540
1521
1548
1545
1542
1536
1545
1515
1556
1547
1540
1540
1547
1535
1547
1545
435
1545
1544
1543
1540
1492
1513
1544
1551
1545
1538
1529
1534
1547
1553
1559
1550
1554
1543
1531
1543
1543
1544
1543
1545
1541
1544
1545
1540
1539
1537
1546
1547
1541
1535
1509
1532
1540
1545
1553
1544
1542
1546
950
1540
1548
1530
1525
1531
1525
1482
1548
1552
1555
452
1540
1531
1549
1538
1554
1543
1530
1544
1534
1543
1539
1535
1530
1549
1540
1546
1544
1539
1411
1534
347
1542
1542
1540
1545
1550
1546
795
1371
1541
1544
1447
1555
1538
1546
1386
1541
1540
1548
1542
1134
1530
1524
1546
1549
1545
1546
1548
1540
1548
1547
1549
962
1532
1528
998
1542
1550
1546
1552
1545
847
1098
1548
1543
1544
1283
1550
1527
1542
1550
1529
1510
1541
1042
882
1541
1544
1551
1532
1555
1542
710
1547
678
1542
1540
1546
703
931
1515
1542
1540
1538
1548
1528
1536
1546
1546
1505
1543
1544
1304
1520
1092
1540
1550
1536
1542
1541
1513
898
1537
1538
1528
775
1531
1536
1547
1541
585
1548
1542
1087
1540
815
1547
1528
1547
1538
1548
1542
1544
1541
1548
1548
1546
1540
1548
1212
1552
969
1540
1550
1533
1540
1550
1452
1544
1543
1541
1541
1544
1547
1541
1534
902
1545
1548
1551
1545
1539
1548
1546
1545
1360
1546
1548
1552
1545
1314
1469
1545
1549
1546
1543
812
1548
1532
671
1540
1542
1541
1543
1541
1540
1533
1541
1532
1532
1550
1523
870
877
1540
1539
1549
1535
1542
1552
1545
1155
1544
1546
1550
1538
1536
879
1554
1546
1542
1532
1547
1528
1551
1539
948
1485
1541
757
1537
879
1536
1548
1544
1035
1532
1539
1548
1529
1543
1529
1543
1541
1538
1550
1513
1544
1529
1554
1538
1544
1547
1543
1550
1544
1288
1541
1551
1548
1544
1548
1548
1543
1545
1544
1098
1546
1524
1542
1546
1540
1547
1547
1533
1542
1534
1550
1463
1275
1531
1493
1550
1547
1547
1550
1547
1536
1544
1548
1545
1543
1533
1546
1541
1414
1524
1536
1533
1548
1543
1546
944
1537
1549
1546
1253
1540
1552
950
1531
1535
1547
1546
547
1543
1530
1545
1547
1546
1546
1440
1536
1543
1545
1549
1546
1542
1542
1534
1527
1535
1531
1547
1541
983
1548
1540
964
1544
1545
1538
1553
1535
1549
1543
1535
1543
1547
1547
1547
1545
1546
1523
1537
1536
1538
1544
1543
1546
1551
1549
1535
1544
1544
1534
1538
1534
1531
1554
1545
1542
1557
1533
1530
1545
404
1546
1128
1542
1037
1527
1552
758
1548
1541
1551
1414
1543
1543
352
1553
1534
1444
1548
1544
1544
1546
1538
1515
1524
1477
1539
1546
1548
1218
1546
1532
1537
1549
1544
760
1543
1549
1549
884
1543
1069
1542
696
1545
895
1549
1546
1548
1550
1046
1546
1542
1544
1542
1533
1545
1546
1546
1416
1545
1545
793
1540
1544
1548
1544
1541
1540
1528
1539
1537
1543
1548
1551
1542
1540
1547
1546
1542
1478
1546
1486
1542
1544
1541
1534
1543
1547
1545
1552
1542
1546
1531
1536
601
1546
1551
1540
1550
1548
1549
1527
1548
1545
1540
1541
1545
858
1358
1551
1539
1542
1539
1404
1543
1546
1542
1550
1516
1544
1527
1538
1548
1531
1544
1463
1537
1535
1544
1549
1538
883
1547
1547
1543
1532
1544
1544
1545
1527
1547
1552
1546
1549
1545
1549
1536
1549
1541
1364
879
1548
1540
1537
1546
1548
1546
1224
1545
1554
1542
875
1541
1549
1509
1539
1548
1540
1533
1540
1529
1542
1546
1536
1530
1465
1543
1548
1537
1523
1544
1550
875
1553
1549
1546
1541
451
1540
1533
1546
1545
1539
1545
1541
1545
1549
1521
1540
1524
1541
1547
1540
1548
919
1540
1542
1400
1543
1537
1544
1546
1059
1535
1546
1546
584
1537
1545
1540
1543
1551
1546
1386
1543
1541
1546
1540
1543
1543
1547
1543
1535
1550
1542
1546
1528
1546
1550
1545
1546
1552
1552
1544
1543
1523
1544
1549
1537
992
1544
1541
1545
1537
1549
1543
1542
1548
1547
1548
1538
1545
1545
1532
846
1532
1550
1544
1541
1518
1548
1438
1555
1551
1063
1355
1542
1550
1544
1544
1108
1545
1542
1542
986
1548
1540
1544
1549
1542
647
1550
1545
1542
1551
1542
1531
1549
817
1545
1546
1547
1543
1544
1547
1544
1550
1538
1542
992
1553
1525
1536
1542
1546
1548
1539
1533
1410
1541
1539
1536
1540
1126
1547
1516
1532
760
1548
1526
1528
1526
1528
1532
1545
1543
1541
1551
1510
1546
1544
1543
1476
1545
1535
1548
869
1544
1548
1495
1533
1547
758
1510
1533
1546
1533
1532
1548
1544
1543
1548
1527
1544
1567
1532
1548
1550
1315
1533
1547
1547
1442
1543
1546
1547
1540
929
1545
1544
1543
1542
1543
1543
1550
1539
1541
1536
1543
1527
1524
1547
1540
1547
1539
1544
1555
1542
1542
1545
1542
884
1537
1550
1548
1248
1549
1545
1548
1445
1536
1549
1554
1526
1548
897
633
694
1535
1546
1443
1544
1305
1550
1543
1541
1549
881
1236
1547
1546
1547
1542
1545
1537
1545
1548
1543
1546
1539
1539
1543
926
1541
1519
1181
1542
1545
1546
1548
985
1532
1547
1536
1543
867
1542
1531
1542
1549
1551
1542
1543
1548
1533
1554
1531
1547
1536
1551
1341
1543
1551
1544
1541
1541
1545
1542
1550
1540
1542
1545
1544
1548
1545
1546
1547
1538
1542
1552
1551
1204
1549
1543
1537
876
1546
1548
1282
1506
1532
1542
1543
1534
1543
1550
1550
1547
1543
1552
1538
1537
1531
1541
1543
1570
1546
1544
1242
1536
1550
1548
1537
1544
1492
1550
1531
1134
1545
1544
1541
1547
1423
1547
1172
1547
1547
1544
1543
1549
1547
1548
1526
1541
1550
1545
1547
1243
1542
1542
782
1544
1529
1542
1549
1545
1546
1547
884
1547
1546
1538
1543
1538
1537
1543
1540
1541
1546
1544
1538
1548
1552
1543
1543
667
1544
1544
1543
1544
1548
1317
1550
1540
942
1544
1546
1542
1545
1547
1547
1512
426
1544
940
1538
1543
1548
1549
1545
1544
1546
1543
1545
1014
1542
1548
1544
1546
1537
1552
1540
1538
879
1530
694
1547
1550
1544
1548
1543
1551
778
1548
1052
1541
846
1528
1545
1546
1547
1540
1543
1541
465
1545
1544
1545
1545
1548
1539
1532
1546
1538
514
1549
1548
1532
1540
1552
1474
1547
1541
1536
1544
470
1547
1545
886
1549
1544
1542
1529
1548
678
935
1549
1544
1546
1549
1532
1545
1548
1540
1546
1544
1540
1551
1549
1545
1542
1545
1548
1318
1551
1537
1537
1541
1541
1547
1543
1543
1544
1537
1550
1537
1546
1544
1532
1533
1529
1541
1530
1545
1540
1344
1547
977
1547
1547
1546
1550
1548
1550
1544
1550
1091
1550
1534
1536
1545
1543
1545
1552
1552
1541
1521
1544
1546
1549
1540
1540
1530
1526
1542
1538
1549
1551
1546
715
1223
1543
1551
1543
1543
1543
1542
761
1550
1548
1545
1083
1550
554
1055
1548
1538
1052
1551
1547
1541
1557
1549
1516
1542
1547
1547
1525
1535
1551
1545
1541
1529
1540
1538
1550
593
1553
1540
1546
1538
1544
1552
1213
1545
1307
1539
1544
876
1547
1534
1549
1545
1533
1541
1543
1542
1540
1538
1549
1518
1530
1546
1547
1550
1544
1543
1545
1550
1539
1541
1545
1542
1549
1546
784
1527
1544
940
1547
1003
1546
1546
1529
1547
1536
1537
1543
1550
1223
1543
835
492
1544
1541
1548
1545
1530
1543
1526
1401
1544
1535
1516
728
1544
1527
1549
1545
1546
1544
1548
1294
1550
1173
1533
1548
1547
1547
1177
1540
1550
1048
1532
1534
1546
1533
1533
1540
1564
1552
871
1539
1546
953
1541
1543
1527
1549
1512
1536
1535
1521
1547
1526
1524
352
1544
1240
877
1528
1542
1554
1515
1540
1515
362
1540
945
1534
1546
1538
1550
1311
1517
1543
1538
1540
1547
1548
1530
1548
1525
1532
1543
1547
1549
1546
1551
1534
1548
1525
443
1418
1544
1525
1546
1542
841
1540
1544
1553
1536
1549
1539
1543
827
1532
1545
1543
1544
1575
1541
1542
1548
1531
1541
1549
1543
1550
1530
1539
1549
1541
1553
1554
1544
1547
1461
1544
1545
1522
1401
1539
1547
1544
746
1539
1549
1547
1548
1541
1549
1531
1549
1543
1338
1551
1547
1549
661
1548
1542
1309
1095
1549
1545
1543
1542
1547
1540
1549
1534
1548
1543
1552
1544
1540
1548
1547
1529
993
1537
1530
793
1541
1547
1549
1547
1545
1543
1067
1530
1543
1544
1542
1542
1546
1543
1395
1540
1549
1544
1546
1547
1532
1549
1542
1549
1541
959
1545
1134
1523
1545
1542
1543
1542
1530
1547
1544
1544
1352
1544
1533
1540
1550
1544
1517
1548
1545
1536
1548
1469
1554
1542
1543
1548
1543
1544
1536
1540
1546
1545
1543
1528
974
1133
1532
1242
1540
1546
1549
1539
1541
807
1547
1434
1531
1544
1242
1547
1544
1540
878
1542
1547
1546
1550
1545
1540
1546
1541
1547
1535
1532
1548
1538
1540
1550
1542
1540
1531
1502
1549
1547
1532
1545
1544
1513
1550
1137
1549
1545
1545
346
1540
869
1542
1543
1541
1544
1543
740
1541
1552
1297
1514
1543
998
912
1547
730
1535
1540
1549
1546
1548
1544
1541
1547
1547
951
1546
1545
1543
1543
1543
968
1547
1541
1536
1549
1547
1531
1541
1541
1541
1528
1542
1543
1549
1528
1542
1547
965
1538
1546
1542
822
1544
1535
926
1545
1540
1549
1547
1541
1541
1546
1118
1544
1541
1115
1553
1547
1539
1537
1510
1545
1546
1549
837
436
1536
1530
1548
1531
1532
1542
1545
1545
1016
1543
1534
1541
1549
880
1552
1543
1543
872
1547
1554
1547
1540
1543
1542
1547
1402
1543
1535
410
1546
1547
1545
1542
1540
1513
1546
1538
1545
1027
1547
1546
1544
1528
1542
1540
1542
875
1542
1549
1546
1549
1530
884
1543
1542
1547
1540
1544
1541
1543
1562
1542
877
1547
1543
1545
1537
1547
1536
1499
744
1547
1538
878
882
1550
1489
1558
1543
1326
1538
1529
1527
804
1546
1539
1546
1544
1509
1520
1537
1535
1545
1536
1055
1542
1545
1542
1080
1540
1532
1524
1550
1537
1539
1548
1533
919
1548
1546
1547
1548
1530
1550
1537
1534
1542
1544
1522
711
1544
1548
1551
1535
1541
1547
1547
1534
1542
1545
840
1534
1546
1542
1538
1547
1539
1546
1547
1543
1547
1544
1538
1541
1550
1460
1544
1547
1537
1546
1551
1531
1549
1044
1538
461
1505
1547
1543
1547
1541
1547
1546
1529
1549
1540
802
1535
1545
1246
1547
1546
1553
1528
1542
1533
1539
1524
950
1545
1541
1521
1550
1543
1551
1550
1533
904
1469
1550
1529
1555
1329
1409
1543
1535
1543
1546
1545
1546
1550
1548
1546
1363
1547
1545
1545
808
1530
1540
1549
1546
1541
711
1546
1539
885
1428
1540
1540
1550
1550
1541
1541
1528
1532
1532
1545
1551
1539
1545
1540
1532
1543
1541
1540
1545
845
1270
1542
1539
1548
1537
1541
1548
1544
1547
1484
1552
1550
1543
1534
929
1539
1549
1538
1545
1545
1534
1544
895
1546
1548
1553
1552
1545
1542
702
1545
1543
1539
1011
1542
1531
1543
1544
1533
1553
1540
1552
864
1547
722
1539
1547
1513
1546
872
1539
1299
1533
892
1550
1527
1541
1532
1541
1548
1544
1545
1535
873
395
411
1529
1530
1424
1542
1549
1545
1529
1547
1547
1535
1549
1547
1544
1546
1537
906
1538
1548
1543
1533
1437
1515
832
1531
1547
1529
1542
1540
1531
1539
1294
1546
1537
1546
1542
1540
1549
1546
1710
1547
1548
1543
1524
844
802
1552
1446
1546
1553
1546
1549
841
664
1545
1540
1526
1543
1546
1336
1541
1544
1545
1541
1551
379
1547
1545
1306
1149
1544
1547
1538
1548
1543
974
1529
846
1548
1548
1539
1544
1541
1542
1328
1532
1551
939
1545
1515
1543
1551
1505
1546
1543
1541
1005
1546
1541
1523
1545
1545
1538
851
1357
1546
1542
1530
1547
1541
1545
1531
1548
1544
900
1546
1546
1536
1544
1480
880
1552
1541
1546
1343
1547
1549
1546
1543
1535
1544
1542
1547
1537
1529
926
1542
1545
1551
1539
1539
1543
1547
1542
1549
1276
1542
1537
1542
1541
1501
1529
1545
1549
1549
1190
1480
1539
878
1525
1549
879
1552
1550
1545
1542
1546
1549
1541
1547
1532
1425
1549
489
876
1545
1549
1531
1538
1550
1543
1537
1538
1546
1546
1549
1531
1545
1242
1546
987
1151
1540
1545
1533
1544
1541
1543
1534
1535
1542
1554
946
1547
1526
1549
887
1544
1547
1535
1540
841
1541
1542
1546
1547
1541
1280
1543
1548
1535
1546
1549
1549
1547
1545
1548
1522
1547
1550
1536
1529
1545
1533
1545
1537
844
1541
1547
1529
1514
1549
1144
1542
1531
1359
1546
1545
1546
1537
1253
832
1548
1546
1540
706
938
1398
1546
1548
1555
1537
1549
1551
1546
1538
1547
1539
1536
1553
1551
1192
1541
1547
1543
1558
1553
1544
1533
1529
1534
1153
1549
1551
1535
1235
1545
1550
1546
1547
930
1545
1236
1544
1530
1547
1545
1550
1541
1287
855
1547
1070
1541
1540
1539
1551
1536
1545
1542
1176
1535
1535
1547
581
1548
1548
1550
1406
1534
1542
347
1539
1543
1543
1540
1474
1030
1534
1544
1531
1543
1541
1542
1541
1539
1542
1541
1549
1545
1532
1542
1539
1545
1539
877
1546
1528
1544
1530
1547
1513
1546
1551
1558
1543
1537
1541
1548
1536
1541
1547
1547
1547
1524
1547
1545
1545
1537
1546
1540
1548
1546
1548
1548
623
1548
1513
1549
1549
1540
1123
1545
1549
1546
1544
1543
1553
1481
1546
1304
1529
1545
581
642
877
1220
1540
1549
1548
1537
