1563
1031
1553
1561
1556
1525
1554
1550
1553
1553
1548
1442
1559
633
1448
1250
1545
1397
1559
1554
1553
1534
1554
1372
1534
1134
1554
1468
1556
1544
1121
1548
1557
1153
1552
1557
1356
1509
426
884
1553
1542
1545
1551
1530
1477
902
1557
309
1445
1369
1453
1560
1483
1542
1562
1524
1560
1552
1555
1118
1539
1371
866
839
1381
1561
1574
797
1554
1325
1561
1544
855
1546
1577
1139
1455
838
1560
1474
1545
884
1562
1572
1556
1572
1530
1555
1551
1370
1553
1537
1551
1551
1557
1466
1399
1541
1550
1557
1507
1564
1341
1565
1554
863
1546
1555
1571
862
1540
1253
1535
1564
1552
1530
1551
1479
1552
964
1527
1547
1543
1564
1550
977
1545
1543
1619
706
458
1552
1571
1714
699
1013
849
1556
1539
1557
1563
1542
666
1538
1277
1363
1332
1560
1556
1381
541
1402
1534
873
979
1547
1364
1550
1552
1364
866
1503
1556
1561
1206
1555
963
1529
1549
1555
1556
1549
1342
1509
1556
1565
1156
1545
1562
1496
1453
1573
1551
1561
526
1550
1438
1529
1557
1307
1560
1564
1550
1336
1547
1549
875
1098
1514
1561
1561
1549
1045
1568
1527
1556
1545
1534
1544
1553
1554
852
1560
1556
1567
1301
860
1537
1565
1482
1560
1545
1554
1543
1183
1553
1392
1399
1540
1504
1561
867
1434
579
1554
1557
1549
1034
1331
1136
1555
1547
1525
1553
1371
1422
826
1182
1516
1554
1015
865
1556
1398
1566
1547
1549
1549
1561
1559
1361
1556
1549
1562
1381
1422
1549
1565
1555
1547
1554
1552
1551
1559
1552
1541
1168
1548
1557
1544
1571
1536
1354
1531
1554
1183
1523
1557
1550
1573
1551
1556
1532
769
1235
1554
1553
1545
1520
1725
1550
1551
1548
1555
1540
974
997
1491
1376
1566
1542
1057
1553
1546
1556
867
1384
1561
1544
1549
956
1552
1544
1547
1540
1196
1570
1539
1547
1562
1424
1549
1352
360
1556
1549
1115
1553
1550
1508
1554
1548
1562
1393
1555
1558
1551
1562
1547
1550
1537
1566
1539
1546
1551
1526
1527
1435
1532
514
1259
1562
965
1543
1544
1545
1504
1545
1358
1551
1126
294
1383
1686
1362
1554
1552
1549
1559
1555
1544
1550
1065
1547
1562
1544
1542
1546
1556
1546
1546
1554
1553
1545
878
1550
1558
1553
1542
1129
1543
1552
1526
1518
1367
1557
1368
1557
1421
1553
1523
1536
1551
1544
1365
1258
1499
835
1551
1526
1554
1560
1546
1034
1546
892
1532
1509
1548
1545
1549
1558
1556
1554
1569
1537
1544
1556
1565
1559
1539
1325
1541
939
1697
1697
1550
1563
1020
1557
1520
1503
1560
1348
318
1561
1556
1560
1415
1543
1053
1373
1552
1563
1550
1320
1548
1200
1369
1550
1535
1560
967
683
1556
1548
1541
1564
1550
1551
1371
1234
1553
1514
1413
1550
1550
1549
1155
1542
647
1539
1543
1350
1554
1556
1566
1547
1553
1572
1544
1524
1561
1566
1400
1552
1383
1567
1556
1546
1538
1090
1554
1562
1553
1561
1547
1559
1553
1554
1550
1551
1366
1553
1547
1549
1557
1545
1551
1548
1538
1553
962
1540
1552
1364
1548
1552
1542
1560
1547
1373
1544
1288
1465
1562
1691
1549
1551
1416
1544
1386
1555
1385
1514
1560
971
1548
1486
1569
1539
1532
1545
1550
1379
890
1552
1554
1535
971
1537
1565
1557
1554
1548
1551
1252
1564
1536
1551
1554
889
1430
1543
1547
1542
1536
1552
1545
675
1552
1529
1575
1553
900
1368
1085
1564
1554
1546
1551
538
1544
954
1554
1561
1518
1561
1571
1017
1525
1453
1557
1128
1548
1559
1047
1535
1553
1391
1545
1542
1521
1371
1333
1552
1554
1554
1535
1553
1544
1534
1547
1336
1553
1546
890
1551
1544
1545
1455
1153
1555
1565
1557
1537
1543
823
1689
1553
1428
1538
1556
1539
1540
1417
1557
1531
1542
870
1549
1505
1558
389
1550
1560
970
1547
1542
1363
1549
1548
985
1552
1548
1542
1558
1549
1546
1550
1549
1549
1548
1534
1488
1551
1549
1513
1540
1561
876
864
964
1547
1557
1556
1558
1552
1546
1554
1549
1531
1538
1551
1537
1558
1514
1553
1550
1544
1556
1552
1556
1355
1544
1545
1359
1551
868
1552
1538
1533
1575
1551
1551
1359
1560
1566
1569
1562
1564
1559
705
1562
1559
1559
1557
1557
1551
1450
1553
1557
1048
1432
1305
1169
1403
1549
1681
1536
1293
1534
1557
1536
1561
1564
1244
1522
1552
1539
1524
1549
1553
1561
1357
1547
1383
1539
1451
1561
1561
1565
1556
1545
1364
1279
1562
1139
873
714
1555
1555
1504
1413
1554
1555
1555
1553
1519
1560
1543
1556
1546
1568
1547
1550
1487
1566
1536
1399
1332
1566
1414
1130
1555
1363
1540
1560
1372
1567
1562
1555
1564
891
1391
1557
1537
1398
1370
1552
1337
1532
1563
1557
1503
1557
1551
1390
1555
1371
1541
1523
1560
844
940
1369
1551
1539
1454
1546
1466
1386
1552
1561
1626
1549
1359
1543
1005
1550
1552
1558
1563
826
1554
1548
1550
1370
1552
1555
1557
1543
1570
971
1551
1555
1361
1555
1559
1549
1534
1555
1561
390
1551
1551
1552
1546
1540
1560
1427
1513
1375
1550
1545
1526
1559
1449
1552
1546
1371
525
1553
1555
1063
1541
1275
1559
1562
1198
1369
1537
1086
1550
1539
1556
1556
1133
1545
1545
1556
1504
1559
1557
1560
1535
1544
1305
1403
1540
1551
1559
1524
1551
884
1555
1392
1383
1555
1552
1568
790
1554
876
1563
1541
1548
1554
1184
1557
1300
1553
936
1554
1547
1541
1558
1483
1530
1557
1551
1525
1369
1544
878
1528
958
1550
1537
1550
1557
1541
1542
1540
1549
1522
859
1549
1467
1568
1529
1541
1424
1147
1549
1566
1561
1546
1549
1460
1547
1545
1556
1555
1546
1554
1538
1552
1561
1541
1575
1549
1417
958
1455
1545
1562
1371
1536
870
1554
1545
802
1557
959
1418
1568
1553
1543
1393
1219
1552
1534
1345
1542
1533
870
865
1474
1553
1551
1545
1567
1632
1385
1559
1555
862
1557
1559
1548
1561
1546
1369
1463
1370
1548
1546
1553
1545
1545
975
1540
1481
1550
1555
1536
1545
1549
1546
1289
1544
1541
1536
1551
1540
1537
1550
1532
1705
1428
1546
1718
1541
1378
1557
1543
1554
1399
1445
989
1549
1395
1544
1330
1375
1553
1548
1561
1089
1559
1545
1549
1367
1634
1395
1537
1562
1550
1391
1567
1534
1546
1385
1551
1555
1556
1545
1362
1551
1542
1459
1535
1537
1263
1367
1549
1543
1545
1545
1644
1553
1546
1516
1551
1549
1549
1554
886
1554
1546
1550
1550
1545
1449
1546
1557
1560
1440
1560
1553
1562
1549
1557
1549
1548
1546
1553
1559
1511
1554
1548
1563
1550
1428
1546
1548
1541
1412
1744
1549
1449
1547
1557
1548
1456
1360
1544
1405
1425
1550
1407
1542
1547
1358
1552
1173
1082
1554
1558
1551
1556
1381
1553
1548
1367
1544
1549
1363
1420
1553
1541
1138
1540
1538
1377
1177
1553
1548
1556
1541
1546
1555
1566
1553
1551
1556
1557
1378
1730
1556
1551
1362
1334
1541
1562
1545
1548
1558
1548
1075
1548
1379
1541
1550
1552
1366
1540
1543
1365
1541
1500
1009
1393
911
1352
1164
852
1561
1558
1679
1561
843
1551
1561
1498
1545
1434
1367
1550
868
1429
1401
1420
1318
1071
1561
1363
1564
1541
867
1551
1557
1538
1546
1560
1556
1553
1490
993
1525
991
1556
1566
1523
846
1562
770
1571
1550
1102
1576
1508
1533
1557
1564
548
1093
1518
1353
1553
1430
1069
1546
1528
1551
1555
1554
1557
1380
1542
1557
1494
1555
1562
1561
1543
1561
1554
1568
1535
1554
1550
1551
1560
1545
1541
1556
1563
1540
1355
338
1559
1550
1555
1509
661
1545
1576
1090
1560
1562
1558
1546
1560
1575
1547
1546
1549
1483
1545
1548
1549
1489
1559
1534
1073
1405
1500
1399
1250
1535
1551
1550
1546
1600
1443
1362
1563
1558
1530
1045
1562
1542
1542
1571
1489
1543
1377
1169
1719
1559
1152
1549
1564
1431
1481
1558
1547
1551
1544
951
1546
1558
1507
1557
1544
1513
1559
1566
1554
1536
1340
1559
1536
1544
1368
1560
1563
1545
1532
1553
1504
1528
1541
1390
1433
1553
1559
1204
1686
1546
1356
1522
1525
1332
1560
1439
1548
1563
1536
1538
1552
1549
1538
1448
1560
1518
1548
1532
1556
1554
1549
1559
1543
1554
1553
1505
1460
1488
1362
1555
1369
1561
1556
1548
1546
1552
1565
1542
1549
1549
1426
1052
1562
1529
1549
1449
1537
1401
1549
963
1371
1388
1552
1532
968
1555
1553
1573
1337
1557
922
1531
1543
914
1509
1570
1383
1540
1569
1534
1553
1260
1546
1559
1548
1518
1557
1557
1287
1554
1318
1546
1542
1544
1380
1548
1394
1093
1553
1568
1564
1423
1547
1548
1569
1556
1557
700
1550
1405
1373
1555
1546
1531
1555
1002
1559
1491
1537
1562
561
1533
1532
1365
1553
1212
1549
1554
1400
1557
1555
742
1544
1533
1542
1421
1553
1548
1502
1557
1553
1182
1513
1489
1548
1541
1552
1549
1548
1553
1536
1553
854
1546
1547
1534
1290
1504
1552
1542
1545
802
1536
1409
1541
879
1378
1252
1528
1043
1548
1553
1523
1408
1545
886
1548
1546
965
1482
1557
1546
1358
1554
1557
1560
859
1171
1369
1451
1562
998
1552
1549
1259
1569
1559
1558
816
1553
1224
1419
1522
1551
1548
1554
1564
1546
1548
1554
1547
1501
1340
1545
1550
1550
1558
1412
1546
1560
1544
1099
1524
1551
1558
1547
1547
1319
1546
1552
1554
1550
1555
1347
1535
1539
1554
1154
1534
1531
1563
1546
1542
1544
1558
1555
1553
1410
1551
1492
1378
1531
945
1560
1399
1543
1366
1527
1548
1543
1561
1552
1562
1559
1556
1566
1544
1573
1561
1550
1549
890
1550
1034
1363
904
1517
1464
1551
1545
1554
1555
1542
1543
1560
1551
1548
1571
1559
1549
1545
1537
1554
1470
1556
1550
1559
1548
1381
1539
532
1560
1337
1358
1499
1559
1565
1367
1560
1579
1544
1372
1523
1548
1548
1341
1546
1382
1543
1555
1538
1529
741
1285
1517
1556
610
1533
1555
1061
1472
1539
855
1556
1563
1443
1662
1545
1556
1558
1560
1545
1534
1486
1515
1368
1547
1371
1547
1572
1007
1549
1581
1547
1603
1552
1546
1560
1531
1551
1554
1556
1547
1368
1555
1453
1395
1073
1553
1517
1558
1530
1546
1532
1549
1509
1546
1242
1565
1561
1558
1530
1377
1542
1402
1563
1562
1530
1554
1509
1406
1374
1568
1363
1543
1549
1555
1544
829
1538
1535
1530
1541
1548
1381
933
1542
1552
1545
1548
1244
1557
1560
1557
1475
1539
1541
1548
1538
1455
1557
1552
1381
1516
1298
1377
1236
1221
993
1549
1508
1558
1377
1554
1422
1562
1564
1340
1563
1550
1551
1107
1411
1554
855
1557
1492
1406
1570
1563
1514
1547
768
1506
1561
1457
1555
1543
1572
948
1536
1552
1365
1558
1560
859
1010
1326
1555
1546
1538
1401
1555
1564
349
1372
1516
1538
1543
1551
1556
1548
511
1562
1345
1561
1551
1271
867
1556
1296
1573
1526
1553
1544
1559
1550
827
1528
1520
1550
1562
1544
1538
1542
1533
1550
1540
1549
1554
1555
1537
1551
1680
1545
1535
1450
1547
1563
1374
1471
1550
1282
1551
1550
1361
1549
1404
1552
1540
1552
1396
1545
1557
1547
1534
1706
1550
1552
1560
1550
1546
1548
1557
1563
1553
1511
1494
1545
1538
1549
1547
1543
1092
1186
685
1494
1552
1524
1539
1546
1547
1493
1538
1553
1558
1554
1561
1533
1543
1551
1547
1547
1539
989
1546
1542
1553
1553
1372
1455
1526
1547
1499
1449
1365
1540
1547
1568
886
1380
1551
1332
779
1413
1572
473
1475
1545
1362
1551
1546
1537
1131
1541
732
1562
1548
1550
1460
882
1537
1170
1543
1554
1556
1548
1406
1544
1548
1572
1674
1538
1558
1560
1557
1475
1557
1551
1559
957
1410
877
666
1510
1551
1555
1541
1545
1553
1543
1558
1550
1549
1492
1517
1543
1660
913
1308
1070
888
1552
1556
1551
1562
577
1562
1544
802
1542
1551
1558
1561
1362
1533
1549
1553
1534
1548
1533
1553
1559
1545
1562
1548
1375
1530
1571
1141
1448
1533
1507
1569
1556
1565
1535
1359
1284
892
1558
1370
1437
1555
839
1552
1246
1557
1556
1546
1370
1548
1303
1555
1233
1554
1536
1551
1377
1561
1541
1378
1529
1435
1418
1542
1414
1531
1552
1560
1513
1543
1551
1211
1559
1619
1547
1564
1539
312
1550
1521
1546
1410
1533
1516
1550
1379
1535
1400
1552
1552
1570
1551
1543
1545
1555
1549
1556
1552
1555
1082
1562
1551
1547
1556
1530
1544
1554
1538
1541
1468
1552
1383
1250
1417
1558
1155
1213
1546
837
1545
1493
1545
1567
877
1561
1330
1363
1555
1301
1562
1717
1553
1537
1524
1118
1549
1550
1572
1558
1551
1528
1556
1479
1540
1552
1568
1545
1363
1563
1376
1547
1550
878
1551
940
1556
1565
367
1565
948
1154
1552
1557
1549
1553
814
1565
1559
1562
772
1544
1563
1548
1696
1554
1202
1524
1561
1562
1555
1368
1550
1551
1563
1555
1505
1564
1363
1380
1654
1522
1551
1547
1419
1358
1555
1551
1543
1009
1567
1543
1164
1533
1555
1558
1272
1548
1069
1557
1538
1542
1508
1570
1495
1502
1392
1546
1373
1557
1554
1540
1552
1372
1568
1534
1557
1544
1565
1096
1389
1558
1548
1546
1535
1047
1544
1559
923
1550
1548
574
1554
1550
1553
1544
1561
1556
1557
1522
1356
1545
1538
1368
936
867
1392
1557
1370
766
1365
1378
1553
1539
1551
1042
1545
1561
1570
1551
1552
1551
1564
1564
1377
885
1552
1529
434
1641
1552
1546
1494
1517
1275
1503
449
888
1552
1420
1379
1538
1540
1639
1369
1496
1367
1077
791
1561
1380
1555
1559
593
1553
1518
1534
1532
1544
1538
1362
1559
1554
956
1547
1548
1546
1560
1556
1384
1537
1553
1535
1536
1554
1556
1562
1353
1527
1557
1441
955
1549
1549
880
1531
1394
1502
1545
899
1544
1536
1541
1555
1554
1234
1548
1540
1401
1363
1386
1552
1397
1551
1564
1538
1556
1543
1431
1029
941
406
1560
1559
1553
888
1567
1554
1368
1550
1558
1531
1079
1424
1484
1554
1547
1558
1401
912
1539
1521
1388
1552
1066
1554
1557
1533
1562
1556
1519
1367
1553
1554
473
1547
1542
1554
1560
1556
1558
1535
1545
1381
1545
1559
638
1549
1221
1561
805
1536
1571
1569
1539
905
1540
1558
1413
1548
1361
1553
1558
1382
1525
1494
1540
1553
1333
1553
1545
795
1560
1201
877
1541
1551
1551
1558
1132
1394
1549
1564
1565
1552
1555
1555
1395
411
1416
1402
1542
1553
1372
1547
1540
1336
1542
1504
1558
1016
1551
1374
1557
1543
1534
1399
1364
1557
1549
1542
1553
1216
1547
1552
1555
1544
1555
1560
1218
1549
1360
1556
1548
1554
1366
1517
1546
523
1564
1477
1557
1138
1549
1551
1433
1550
539
1559
864
539
1562
808
1535
1549
1542
1499
1553
1068
1560
1048
1549
1547
1566
1547
1552
1524
1550
1552
1568
1544
1434
1542
1547
1364
1668
1553
1498
1375
1552
1386
1547
1531
1525
1361
1534
1555
1373
1535
1548
1544
1553
1551
1420
1212
1557
1554
882
1556
1379
1554
1549
1518
1507
1379
1390
1537
1392
1364
1397
1711
1410
1688
711
1530
1559
1557
1555
1388
1373
1533
1562
1563
1552
1560
1076
1555
1544
1560
1546
1554
1250
1537
1558
1543
1563
1575
1560
1549
613
1452
1550
1542
1530
1371
1539
1555
1566
780
1133
1558
1559
1357
1562
1552
1548
1565
1265
1520
1038
1543
421
1498
1552
1545
1527
1546
1552
1540
670
875
1409
1551
1556
1560
870
1555
1516
1539
1363
1558
1549
1560
1565
1499
1508
1344
1563
1528
1523
1369
1477
1554
1549
1558
1551
1550
1550
885
1462
1571
1374
1550
1541
1440
1378
1556
1545
1440
1538
1547
1546
1551
1552
1547
1560
1542
1550
1545
1514
1554
1548
1284
1235
1215
1561
1544
865
1416
1386
1013
1551
1443
1556
1558
1560
1553
1542
1190
1556
1551
1548
1555
1535
1369
1549
1543
1559
1542
1558
1548
1560
1552
1542
1431
1551
1549
1550
1552
1556
1557
1559
1553
872
1555
1537
1219
1547
1550
1347
1547
1279
1545
1276
1531
1688
1552
1224
1448
1695
1544
1479
1413
1550
1644
1385
1541
1558
1520
1117
1540
944
1552
1170
1577
1560
1199
1110
1557
1014
1544
1554
1556
1502
1550
1380
1548
1560
1542
1547
1533
1536
1561
1534
1543
1555
1564
1563
1448
1557
1550
1596
1508
1543
1563
1549
1541
1550
1158
1555
1539
1549
1560
1543
1143
1554
1553
1564
1559
1527
1465
1558
1543
1568
1547
1517
1374
1550
1543
1552
1555
1544
1531
1566
1558
1563
1545
1554
1555
1529
888
1541
1265
1540
1550
1533
1548
1549
1539
1558
1568
1543
1536
1243
635
335
1550
1544
1376
1566
1727
1551
1556
1543
852
1555
1520
955
1354
1538
1526
1488
1569
1629
1574
1436
1554
1550
1288
1554
1554
1564
840
1376
1534
1574
1369
1327
1545
1462
1547
1314
1542
1546
1556
1529
1478
1549
1555
1370
1550
1543
1546
1367
1457
1473
1539
1545
1542
1148
1549
1209
1538
1545
1542
1529
1553
1552
1546
1549
1535
1556
1548
1558
1562
1556
1541
1545
1068
1562
1546
1485
1552
1549
1540
1544
1547
1543
1551
1000
1540
1401
1166
1531
927
1553
1450
1544
1365
1533
1598
369
374
1521
1189
1389
1540
1369
1373
1276
1560
1384
1353
1549
1553
1478
1559
1528
1546
1550
1004
1560
1550
992
1553
1539
1431
1550
1554
1550
1549
1549
1465
303
1144
1551
1551
877
642
1555
1551
1557
1545
1417
1461
1540
915
1561
1353
1557
1556
1509
1564
649
1518
1553
1556
1350
1535
1539
1356
1530
1654
1450
1405
1417
1558
1425
1544
1556
1543
1558
1563
1417
1546
1542
1566
1557
1548
1535
1087
1563
1542
1147
1530
1542
1551
1552
1550
1536
1550
1558
1547
1548
1564
1526
1423
1558
1547
1550
1551
1555
1558
1542
881
1552
1554
1545
957
1386
1536
1147
1549
1548
1489
879
1494
408
1564
1543
1524
1555
1569
1358
1554
1557
1556
1371
1508
1534
1340
1527
1545
1098
1373
1302
1542
1544
1549
1266
1301
1406
1544
1557
1539
1546
1562
1000
1571
1393
1564
1357
1371
1425
1560
1559
1552
1183
1547
1532
1329
1542
1535
1546
1482
1550
1553
1532
1542
1303
1049
1556
1440
1529
892
1473
1374
1447
1538
1358
1557
1540
1494
1546
1559
1519
1547
881
1429
1556
1413
1548
1414
1554
1538
1538
1200
1551
1515
862
481
1547
1369
1539
1549
1544
1426
1517
1540
1550
1358
1556
1557
1208
1507
1559
1559
1545
1558
1524
1544
1556
1509
1553
1540
1548
898
1545
1555
1545
1555
1534
704
942
1335
1559
1549
1547
1389
1545
1554
1552
1562
1542
1568
1541
1548
1565
1538
1527
1548
1557
1144
1398
1541
1562
1430
1556
1549
1213
1543
1383
1377
1544
1556
1558
1545
1552
1542
1560
1549
1527
551
1517
1071
1496
1417
1555
1531
1552
1549
1552
1543
1542
1546
1540
888
1539
418
1552
1545
1533
1554
978
1365
1519
888
1523
871
1447
1526
1537
1553
1483
1553
1060
907
1546
1539
960
1557
1551
1558
1525
1567
1507
872
1542
1543
1534
1501
879
1368
1454
1391
1571
1550
1540
1536
1555
875
1371
1037
1464
1544
1554
882
977
1561
1381
1371
1551
1526
1556
1261
1552
1558
1391
1544
1559
1545
1547
1539
1554
1549
1562
1554
871
1538
1382
1372
1545
1542
1538
1523
1524
1486
1523
1550
1054
1563
1372
1539
1542
1407
1417
1483
1559
1372
1410
1219
1562
1546
1078
890
1361
1548
1564
1564
1289
1558
1545
1368
1548
1545
1557
1548
1559
1555
1550
1535
1546
1558
1544
446
1526
1547
1366
1552
860
1536
1561
1325
1541
1517
1547
1548
1528
1558
1553
1536
1548
1535
1547
1536
1573
1554
1565
1558
1536
1545
1363
1556
1550
1551
1557
1551
1560
1552
1541
1542
1545
1553
1557
1255
1539
1550
1534
1542
1530
1564
1535
1552
672
1559
1556
1541
1550
1132
1553
1546
1371
1526
1556
1519
1564
1566
944
882
1428
1494
1543
1548
1540
1551
1541
1057
1406
1523
1546
1555
1315
1719
1515
1536
1550
1549
1497
1550
1562
1356
871
1541
1473
742
1371
1385
1552
1112
1537
1549
1556
1547
1557
1142
1540
1488
1555
888
1539
1540
1383
854
1540
1555
1195
1556
1541
1543
1532
1544
1554
1470
1360
1550
1542
834
1145
1539
1552
1535
1547
1551
1564
1447
1127
1559
1554
1549
1548
1548
1498
1544
1555
1370
1556
1580
1558
1531
1420
1557
1550
1460
1551
711
1564
1382
1546
1550
1580
1555
925
1163
890
1554
806
1551
1370
1532
1532
1556
1552
1515
1545
1544
1447
1505
1540
1528
1539
1538
1507
1552
1546
919
1533
1554
1547
1512
1366
1398
1552
1284
1547
1535
1534
1546
1555
1363
1474
1486
1555
991
1554
1113
1550
1559
1494
1563
1541
1547
1502
1531
1557
1504
1542
1570
1549
1291
1542
966
1558
1551
1549
1541
1434
828
824
1039
1563
1544
1110
1483
1508
1562
1557
1378
1205
869
1117
1550
1551
1561
1348
1373
1549
1563
1556
1572
1377
1551
1555
1545
1572
1545
1553
1550
1556
1280
1524
980
1551
1517
1557
1562
1560
1528
1554
1555
1470
1565
1373
1192
885
1548
1558
1550
1531
1545
1548
1545
1565
865
1378
1535
1555
1556
1553
1556
1368
1554
1088
682
1523
1523
1555
1396
1543
1302
1545
1554
1567
1339
1548
1535
1559
1548
1530
1551
1163
1544
1542
514
1557
1537
1550
1549
1557
1551
1554
1547
1557
1138
1520
1535
1490
1552
1555
1526
1547
1559
1552
1247
1537
1455
1555
1558
1292
1003
1548
1332
1564
1556
1348
1344
1684
1550
600
1527
1551
1511
1528
1551
1093
1546
1532
487
1541
1149
1368
1388
1542
1555
1544
1544
439
1549
1549
1548
1562
1552
1417
1549
1368
1359
1453
1394
1547
1552
1530
1367
1571
1558
1536
1558
1529
1545
1557
1355
459
1561
1566
1461
1552
1559
994
1355
1561
894
1361
1570
1555
1554
1555
1567
1554
1551
876
1376
1384
1314
326
1557
1558
1573
1548
1560
1528
1531
1559
1550
1565
1556
1542
1492
1564
1545
1400
853
1494
1550
1365
593
1552
1556
1561
1547
1550
1397
1526
1320
1551
1471
1557
1556
1558
1564
1492
1464
1537
1550
1513
1531
1543
1546
1543
1551
1510
1467
1541
1550
1174
1551
1550
1462
1560
1537
349
1554
1540
1554
1516
1334
1406
1541
1518
1094
1571
1432
1536
1544
1419
1400
1552
1554
1542
1558
1558
1545
1552
874
1529
1547
1563
1116
1544
1523
1539
1554
1565
1551
1547
1556
1547
1563
1550
1386
1557
1555
892
1547
1566
966
1489
1286
906
1540
1546
1551
1552
1554
1552
1307
1543
941
1553
1547
1558
1563
1431
1559
1551
1389
1410
1215
1547
1558
1516
1556
733
1560
1558
1553
1555
1553
1374
1105
1376
1556
1572
1553
837
918
1569
1382
1560
1518
1465
1549
1540
1394
1545
1546
1271
1548
1542
1541
1554
1551
1542
1546
1551
1556
1556
1358
1556
1668
1369
1536
1554
1536
1534
818
1554
1546
1557
1557
1564
1546
1562
1571
1553
826
1464
1552
1558
1557
1523
1545
1551
1272
948
1442
1560
1562
1529
1306
1553
1040
1561
1549
1549
1370
1554
1413
1563
1553
1553
1559
1552
1551
1552
1559
1558
1557
1543
1555
1565
1553
1551
1544
824
1543
1532
1544
1551
1550
1556
1552
1402
1368
1535
1373
1542
1556
1543
1544
1550
1541
1562
1368
1375
1533
1544
1629
1366
1549
1366
1449
1548
1364
1688
1559
979
1545
1551
1165
1557
1539
1545
1554
1542
1383
1549
1553
1398
1525
1541
1555
1549
1540
1537
1378
1545
1561
1537
1537
1489
1557
1552
1544
1534
1557
1559
965
1157
1373
1547
1557
1438
1558
1552
1570
771
1561
1549
1542
935
1554
1551
1567
1546
1554
1559
1549
1417
1555
1537
1551
1557
1369
1545
1542
1560
1551
1549
1572
1379
1552
1555
1547
1385
1555
1497
1548
1553
1075
1549
984
1557
1570
1540
1512
1515
1556
1541
1561
1539
1548
1526
1536
1547
1559
1360
1557
1488
1548
1557
1364
1546
1551
1250
1562
1518
1204
1542
1558
1542
1556
1568
1562
929
1513
1566
1095
1553
1555
1563
1557
665
1242
718
1562
1545
1561
1550
1552
1556
1542
1355
1530
887
1549
921
1557
1546
1558
1555
1554
1547
1552
1563
1547
1565
1423
1542
1549
1554
1552
1542
1548
1568
843
1550
1543
1554
1555
1546
1568
1537
1045
1405
1546
1554
1540
1357
1553
1561
1383
1551
1515
1553
1541
1558
1563
1557
1556
1537
1550
1553
1559
1553
1363
1551
1520
1506
676
1543
1085
1543
1552
1439
1551
1557
1017
1545
1430
1458
446
1446
1566
1406
1544
1483
1539
1553
1555
1571
1379
1366
1538
1549
1563
1542
1569
1559
1361
1550
1246
1555
1551
1548
1550
1555
1562
1538
1519
1564
1387
1369
1564
1372
1542
1526
1370
1547
1369
1547
1558
1319
1541
1562
1375
1549
1558
1555
1414
1378
1333
1556
1559
1532
994
983
1542
1548
1560
1567
1542
1557
1553
1364
1549
1369
876
1556
1582
1566
1557
1351
1363
1540
1379
1547
1551
1423
1550
1546
1538
1518
1554
1364
1560
984
1555
926
1548
427
1523
1388
1557
1398
1571
1082
1552
1549
1462
1568
834
1572
1553
1225
1151
1520
1554
1546
1536
1428
1534
1555
1552
1553
1539
1532
1556
1563
1535
1562
1562
1393
1542
1196
1548
1553
1552
1366
820
1544
1564
1372
874
1368
1405
1324
1559
1559
1543
1543
1283
1551
1545
1553
1514
1283
870
1530
1553
622
1416
1563
1552
1563
1556
1549
1377
1528
1358
1547
1557
1559
1557
1547
1533
1032
1296
1555
1553
1542
1548
1543
1308
882
1541
1554
1409
1561
1483
1557
1374
1555
1566
1570
1558
1435
1537
1559
1558
1559
1559
1556
1547
1560
1537
1565
1358
1493
1553
1530
1552
1277
1529
1554
1587
1561
1552
1363
1420
1517
1549
1384
1556
1443
1540
1563
1554
1372
1554
1657
1552
1523
1549
1551
1435
1548
1551
1539
1058
1489
1559
1561
1537
1356
929
776
1559
1550
1561
1363
1540
1552
1550
1315
953
1529
1559
1549
1559
1556
459
1558
870
1544
1553
1553
875
1270
1560
1547
1558
1541
1562
1551
1470
865
1558
1560
1497
1551
1545
1568
1561
1558
1547
1559
1550
1561
1539
873
1420
1160
1571
974
1552
1564
1456
1532
1556
1269
1476
1553
1357
1551
1546
1532
1709
1698
1570
1523
1545
1558
1546
1533
1555
1459
1647
1551
1545
1055
1361
1545
1347
1556
1553
1553
1548
1353
1559
1477
1554
1549
1558
1397
1548
1696
1554
880
894
1556
1540
1545
1566
1441
950
1557
1373
1202
1550
1552
1556
1552
1540
1557
1563
1542
1555
1553
1558
1542
1545
1543
1505
1364
1554
1550
1542
1386
1281
1551
1540
1458
1568
1553
1550
1546
1386
1552
1564
961
1557
1560
1516
1547
1575
1545
1530
1533
1534
1526
1481
1544
1539
1546
1547
1540
1385
1532
1551
1538
1129
1388
1544
1553
1551
1557
1555
1561
1493
989
1561
1498
1544
829
1554
942
979
1204
1553
1525
1534
889
1404
1323
1574
1566
1589
1551
1544
1713
1560
1359
864
1564
750
1002
1563
1716
1553
1556
1381
1549
1552
860
1554
1472
1613
736
1406
1542
1541
1211
1525
1554
1524
1557
1550
1386
1535
1555
1551
1088
1548
1556
430
1567
1404
1564
993
877
1553
1556
1547
1499
1718
1540
1546
1522
1559
1549
1358
1560
1541
1376
1545
1360
1542
1539
1412
1541
1043
1286
1512
1568
1551
1558
1177
1559
1550
1574
1378
1500
1548
1364
1556
1549
1375
1541
1564
1371
1560
1380
1550
1541
1553
1549
1222
1532
1565
542
1555
1370
1538
1545
1543
937
1012
1534
1564
1555
1558
1525
1550
1540
1048
802
1554
1478
1195
1561
1543
1497
1562
1549
871
1155
1262
1571
1537
1554
1487
728
1550
1420
1554
1567
1557
1438
1548
1559
1387
1548
950
1367
1559
1565
1557
1554
1557
1406
923
1457
1542
1556
1116
1548
1557
1178
1549
469
1563
1548
615
1233
1554
1553
1551
1367
1564
1551
1522
1554
1624
1543
1381
1508
1385
1249
1560
1548
1435
1341
1548
1564
1557
1555
1435
1553
1565
1532
1545
1559
1654
1567
1405
1556
1401
1551
1050
1544
1553
1641
1554
942
1539
1567
1532
1560
1559
1548
1550
1438
1554
1492
947
1557
1558
1369
1550
1526
1539
1559
1561
935
1556
1547
1544
886
1549
1205
1546
1535
1556
1559
1358
1534
1556
1251
1484
1541
880
1553
1376
955
1546
1375
1537
1460
1557
1546
1187
369
1561
1557
1560
1231
1554
1564
1561
1552
1544
1025
1559
959
1549
1546
1559
1527
1120
1125
1558
1175
1543
1538
1553
1042
906
1555
683
1443
1469
427
1561
1010
1468
1548
1525
1076
1550
1570
848
1561
1557
955
983
1548
1310
1272
1553
1560
1376
310
1548
1553
1763
1358
1560
1544
1207
1561
1518
964
1385
1549
1169
872
1563
723
1554
1559
478
1395
1402
1563
945
1547
887
1392
1521
1563
1291
1507
1549
1377
1576
1551
886
1536
1366
1389
1557
1548
1547
1529
1494
1565
1560
1558
1546
1564
1544
784
1417
1547
1565
1549
1566
1560
1562
1436
1555
1551
1507
1535
928
1556
1544
1545
1561
1363
1539
1535
1556
979
1535
1483
1555
1368
1736
1556
1557
1542
1560
1536
1533
1560
1552
1528
1536
869
1558
1553
1567
1390
1550
1614
1548
1553
1541
1371
1547
1518
1562
1553
1431
1568
1538
1555
1548
1559
1544
1556
1354
1556
1357
466
1428
1554
1546
1552
1555
1559
924
1359
1559
622
1560
1550
1536
1549
587
1558
1495
1470
1536
1544
1548
1142
1555
1555
1552
1536
1374
956
1372
1542
1464
1031
1541
1554
1357
1564
1561
1549
1370
1559
1529
1533
1551
1338
1557
1556
1563
1561
1557
1536
883
1542
1546
386
1541
1014
1561
1135
1543
1543
1539
1244
1552
1556
815
1551
1506
1547
1554
1428
1550
1531
1369
874
1544
1532
1084
1464
1439
1531
1547
1545
1549
1553
1323
1545
1632
1533
1354
1548
1507
1543
1543
1538
1421
1553
1240
1539
1163
1552
1558
1534
1030
1552
1551
1545
1556
1043
1542
1557
1547
1376
1418
1549
1413
1556
1446
1362
857
1550
1530
1429
1366
1554
1553
1558
1415
1427
1370
1549
1557
1546
1551
1553
1572
1565
1212
1559
1554
1333
1544
1301
1557
1564
1568
1396
1557
1523
1541
1559
1565
1565
1059
1551
1549
1571
1556
1486
1554
1554
1539
1552
1543
1398
1201
1542
1449
1568
1544
1550
1555
1554
1555
1544
1555
1554
1560
1568
1554
1535
1523
1546
1552
1368
1528
1541
1536
1540
1558
1418
936
1534
1553
1551
1460
1416
1536
1531
997
1563
1126
1448
1558
1547
1546
1371
1554
1528
1546
1076
886
1356
1567
1429
1544
1219
1546
1541
1560
1548
1497
559
1513
1556
1553
1563
1562
1542
1551
1543
1542
1549
559
1538
1549
1400
1048
1526
1547
1526
1363
1565
1569
1500
1547
1376
1546
1699
1101
1555
1550
1562
1554
1552
1555
1074
885
1536
974
1560
1538
1006
1559
1537
1100
1551
1542
1551
1480
1545
1481
1018
1375
1559
1350
1412
1298
1550
1407
1558
866
1554
1557
1572
1551
1459
1547
1550
1555
1536
1554
1544
1500
1558
1563
1553
1532
1565
1549
732
1556
1387
1553
849
1366
1518
1410
1556
325
1551
1551
1541
1549
1562
1552
1560
1046
1510
836
1560
1546
1384
1542
1550
1542
1363
1537
1557
1552
1550
1543
1548
1547
1543
1548
1269
1545
1544
1550
1544
1539
1525
1539
1548
1546
1541
1550
1386
1554
1550
1332
1533
1489
1484
1558
1007
1535
1549
1554
1455
1545
1402
1552
1560
1547
1498
1470
656
1541
1552
1550
1548
1440
1549
1312
1548
1542
1543
1553
1315
869
1545
1352
1738
1551
1551
1543
1541
1558
1543
1554
1555
1535
1396
1556
1306
1542
1547
1399
1560
1533
1286
1656
1552
1384
1356
1492
1540
429
1557
1546
1549
1553
1550
1535
870
854
1455
1423
726
1554
1548
1385
1558
1552
1544
1570
1494
1550
960
1389
1161
1569
1493
1532
1530
1545
1341
1554
1542
1366
1549
1358
1546
1368
1524
549
1006
1545
1521
1558
1547
1543
1540
1324
1327
1372
1557
1305
1414
1369
1482
1539
1683
1552
1409
878
1563
1101
1370
1328
349
1563
1377
664
1558
1549
1556
891
1580
918
1548
1555
862
1562
801
1558
1566
1299
1541
1392
1404
1553
1510
1496
1566
1555
1552
870
1127
1396
1543
1551
1525
1549
1519
1554
1368
1552
1556
1544
1542
1548
1562
867
1549
1557
1542
1551
1446
1564
1551
1548
1551
1365
1306
1545
1555
1552
1562
1556
1566
1033
960
1376
1404
1360
1551
1543
1546
1534
1536
1546
1521
1563
1350
1102
1357
1556
1554
1378
531
1544
1482
414
1564
1049
879
1149
1559
1542
1579
1553
1552
1563
1552
1508
1538
698
1555
912
1547
1556
1563
1371
931
1557
1553
1294
1538
1562
1558
1541
1366
1561
1561
1553
1561
1544
1537
1507
1397
1414
1544
1555
1550
1558
1393
1541
1554
1541
1561
1557
1559
1297
1533
1476
1551
1554
348
1536
1563
1461
1468
1552
1571
1570
1554
1548
1357
1459
1544
1485
1544
968
1385
1556
1459
1359
1540
1549
1573
1552
1556
1555
1534
909
1565
1547
1548
1367
1560
1538
1566
1427
1544
1023
1546
1370
1553
1555
1458
1458
1509
1545
1518
1531
1547
1543
1546
1558
1545
1540
1542
1550
976
1533
833
1552
1545
1262
1548
1556
1559
1550
1535
1538
1536
1533
701
1455
1348
1546
1547
1559
1536
1106
1557
1571
1537
1550
1548
1204
1551
1405
1450
1470
903
989
1555
1538
1542
1535
1551
880
1538
1170
1251
1677
876
1535
1553
1409
1533
1539
1539
1414
1564
1547
1316
1536
1539
1565
1388
1556
1553
986
1463
1551
1538
1535
1362
1543
1551
1353
301
1552
1522
1527
1365
1551
1690
1510
1551
858
1532
1542
1555
1548
1543
1483
1236
1367
1546
1555
1547
1542
1562
1566
1537
684
1538
1189
1545
1553
1372
1544
1384
1546
1366
1564
1373
1521
1549
1424
1571
1557
1541
1547
1062
1553
1552
1544
1555
1570
1033
1551
1549
1552
1553
1558
1519
1111
1528
1536
1539
1559
1541
1545
1361
1160
812
1556
1091
1562
1559
1547
1475
1049
1561
1467
1538
1544
1553
1542
1385
1557
1555
1554
1344
1536
1377
1421
1476
881
1356
936
1530
1555
1543
1549
1552
1541
1562
992
1565
1350
1552
1558
1570
1376
1540
1548
869
1555
1554
1553
1356
1553
1564
1522
1080
1553
1555
1552
1562
1555
1560
1547
1311
1350
1377
1550
1558
1370
1537
1540
1565
1261
1546
1543
1477
1563
1016
1555
1561
1449
1556
984
1552
1392
1560
1556
1371
1491
1014
1549
1292
1534
1548
1549
1543
1073
1551
1558
1541
1561
1559
1222
1551
1543
1550
1059
1389
1557
1551
1563
1556
863
1535
1557
1559
1558
1030
1538
1551
1558
1561
1619
1347
1428
1534
1433
1538
1539
1557
1552
1545
1538
1542
1371
1543
1547
1545
1550
1546
1560
1545
1193
1561
1541
1551
1555
1374
1542
872
1560
956
1541
754
1531
1534
442
1549
1570
1580
1109
886
1568
1199
1547
1407
1385
1533
1566
1570
1552
1564
1548
1702
1559
1539
1554
1518
1551
1549
1559
1169
1549
942
1547
1368
1316
1555
1555
1548
1548
1560
1554
1555
1558
1424
1370
1341
1550
1545
801
1339
1564
1565
1559
1355
1536
1543
1460
890
1528
1559
1535
1354
1546
1567
1562
1552
1552
1477
1562
1514
1366
1551
1255
1425
1370
1027
1069
1511
900
1304
1548
1401
1440
1541
1566
1553
1460
1465
1403
1552
1470
1415
1532
1550
1547
785
1348
1507
1326
1548
1546
1551
1554
1560
1557
688
1541
1559
1556
978
1371
1560
1124
1558
1371
1548
1539
1552
1553
1384
1551
1559
1565
1249
1562
1500
1490
1400
1548
1551
820
961
1561
1550
1543
1568
1548
1568
1540
1562
1563
1497
1371
1558
1558
1559
1706
1547
866
1120
1517
1728
1519
1553
1547
1540
1547
1561
1551
1559
1564
1559
1545
1527
1543
965
1353
1549
1557
1565
1426
1536
1545
1554
1551
1499
1543
1548
1467
1558
1382
1536
1540
1563
1569
1557
1548
1456
1437
1559
1546
1557
1551
1555
1533
1533
1364
1444
1567
1204
1534
1551
1381
1372
1361
1538
1705
1557
1561
1548
886
1366
1562
668
1550
1543
1549
1306
1551
1316
563
964
1553
1559
1552
1552
1531
1042
1539
984
1364
1545
1547
1548
1559
1031
871
1556
1562
1680
1550
1553
1545
1556
1548
1319
1521
1552
1513
1575
1548
1526
1541
1540
1519
1545
1551
1545
1547
1546
1551
1559
1541
1027
1452
1557
1540
1551
1535
1558
617
1546
1545
1548
1499
1203
1547
1362
1546
1550
1550
1551
1083
316
1534
1158
1548
1533
1340
783
1462
1548
1374
1554
1564
821
1540
1560
1553
1559
1366
1553
1557
1370
1552
1549
1558
1549
1548
1364
1555
1557
1127
1531
848
885
1536
1550
1530
1541
1541
1530
1556
1472
1552
1576
1527
1555
1531
1559
1549
1558
1557
1570
1542
1552
1557
1362
1551
1110
971
484
1554
1583
1555
1544
1071
1552
1567
1532
850
1547
1549
1552
1552
1553
1529
1543
1551
1697
1368
1248
1449
1545
1544
1370
1549
1557
1555
1540
1537
1239
350
1558
1561
1393
1038
1542
1367
1551
1560
1359
921
1550
1553
1550
1546
1553
1542
1552
1566
1573
1564
1413
1547
1555
1548
1555
1367
976
995
1524
1362
1551
1555
1248
1553
1560
1548
1537
1548
1545
1483
1257
1110
1552
1542
1038
1222
1466
1361
881
1449
1565
1533
1564
1560
1562
1432
1549
1357
1362
1557
1559
1547
907
1524
1363
1476
1558
1553
1558
1551
1354
1380
1554
292
1542
1570
1555
1541
936
1564
1561
1554
1555
1555
1485
1374
1549
1540
1559
1558
1547
1546
1556
1558
1669
1542
1565
1539
1377
1531
999
692
859
1410
1379
1556
1558
1546
1547
1374
1189
1549
1560
1369
1579
390
1499
1444
1551
1549
863
1089
1470
1557
1553
1155
1546
1534
1522
1500
1542
982
1538
1542
1541
1469
1385
1561
1552
1555
1546
1440
1557
1186
1369
1341
1528
880
1560
1554
1069
1527
1550
1545
1553
1537
1546
1554
1552
1354
1448
1583
1556
1551
1112
1557
1561
1556
1369
1546
960
1538
1552
1552
1474
1366
1563
1495
1548
1296
1531
1554
1374
1563
1557
1200
1547
1548
1557
1550
1548
1560
1212
1507
1548
1542
1264
1339
1551
1372
1493
876
1566
1553
1558
1419
1356
1568
1568
1559
1096
967
1362
1552
1528
1546
1561
1551
1568
1557
1546
1560
1545
1554
1164
1373
1491
1339
1568
853
1550
1525
1555
1549
1214
1385
880
1426
1555
1565
1119
1549
1546
1533
1552
1527
1508
1552
1539
1539
1562
1557
1363
1553
403
1565
1551
1222
1554
1539
1548
1549
1375
1542
1561
1566
1552
1517
1550
1559
1548
1034
1557
956
1531
1541
1566
424
1546
1553
1402
1543
1546
1118
1551
1558
1541
1487
1551
1375
795
1551
1455
1546
1569
932
1553
1369
1279
1215
1382
1384
1374
1558
1561
1550
1554
1372
1555
719
866
1449
1543
1553
1558
1350
958
1344
1555
1558
1544
879
1397
1546
1029
1550
1559
757
1562
1559
1549
1551
1560
1551
1538
1551
1558
1572
1550
1545
964
1560
1550
1518
1550
1165
1538
965
1556
1561
1547
1361
1537
1548
1566
1552
1645
997
951
1559
1530
1526
1462
1152
976
1546
1560
1562
1491
1338
1545
1533
1542
1527
1562
900
1577
1025
1377
1147
1412
1554
1553
1465
885
1553
1564
1549
1539
1548
1550
1549
1557
1360
1226
1546
1550
1479
1555
1056
868
1019
1548
1555
1552
1543
1554
1563
1359
1546
1552
1065
1545
1550
1562
1541
1558
1104
1058
1567
1553
1439
870
1549
1246
1370
1554
1556
1365
1551
1371
1466
1553
1026
1552
1379
1572
1501
1545
1543
1549
1522
1674
1377
1562
1482
1542
1536
1570
1546
1375
1366
896
1550
1531
1360
1544
1557
1542
1562
1555
1463
1561
1335
1354
1549
1570
869
1433
782
1524
1176
1376
971
1548
1547
1538
1019
1171
1557
1554
1547
1556
1510
1441
885
1554
1557
1365
1542
1561
1559
1553
1540
1527
1534
1487
1546
1543
1533
1521
1553
1542
1327
1454
1558
1551
337
1561
1327
1188
1561
1545
1544
1558
1541
1552
1550
1530
1519
1551
1563
1553
1073
1444
1545
1546
1548
495
1574
1562
1385
1546
1561
1548
1555
1567
1538
1545
1548
1519
869
1541
1554
1555
1422
1555
1560
1569
1556
1558
1535
682
1557
669
1550
1548
1561
1550
1556
394
1365
1561
1526
1554
1483
1553
1402
1531
1260
1373
1558
1553
1400
1555
1478
1547
1521
1562
1365
1022
901
1546
1556
948
1379
1552
1533
1365
1562
1539
1557
1566
1490
1445
1397
1538
1089
1568
1424
1541
1558
1551
1548
1562
1562
1556
1345
1541
1548
1500
1560
1551
1698
1559
1537
1562
1541
1569
1569
1554
1068
1557
1557
1364
1549
1550
1547
1548
1548
1545
1554
1553
1562
1171
1556
830
1545
1552
1246
1547
1561
985
1550
704
1544
1552
1536
1451
1569
1377
1557
1547
1557
1366
1229
1546
1552
1043
1368
875
1561
1302
1405
1441
1568
1010
1575
1553
1555
1553
1545
1380
1568
1536
1548
1540
1541
1606
1537
1566
1559
1555
1548
1555
1547
1212
1349
1147
1535
1544
1472
1050
1551
1553
1550
1539
1395
1398
1548
1547
1549
1394
1335
1561
1555
1496
1549
1362
1556
1438
1557
1560
1498
1555
917
1547
1539
1412
1066
1599
1549
1546
1568
1560
1538
1548
1182
1366
1452
1531
1536
1514
1552
1546
1546
1547
1537
1547
1547
1538
1501
1543
1534
1544
1449
1529
1565
794
1539
1552
1537
1350
1564
1545
1648
1545
957
1546
1551
1537
1553
1553
1539
1067
1291
1395
887
1535
1552
980
1449
1562
1538
1687
1359
1551
1038
1550
1562
1542
1304
1550
1229
1559
1557
1557
524
1537
1374
1557
1166
1692
1578
1556
1540
1515
1549
1553
1541
1555
1561
1700
1549
1538
1535
1540
1544
1549
1556
1555
1551
1167
1533
1545
1550
920
717
1560
1550
1544
1543
1543
1548
1541
1361
1552
1559
1557
1370
1380
1557
1551
1543
1539
1549
798
1407
1552
879
1560
1549
1557
1537
1367
1550
1551
1540
1543
1046
1550
1554
1550
1559
1558
1550
1518
1554
828
1545
1548
1556
1516
1404
1557
802
1549
1404
1416
1546
1566
1538
1521
1539
1033
1531
1551
1550
1550
1558
1548
1550
1363
780
1563
1491
1558
1554
1540
1390
1550
1556
1533
1555
1537
1450
1422
1544
1375
1536
1555
1461
1551
1547
1553
1549
1066
1537
1413
1389
704
1553
1515
1565
1356
1551
1557
1546
1532
1536
526
1540
1545
1550
1531
1413
1391
1370
1520
1551
1544
1564
1555
1550
1559
1543
1559
1558
1553
1557
1546
720
1516
1446
886
583
1551
1546
1072
1555
904
1498
843
1551
1575
1086
1556
1543
1366
1565
909
1331
1558
1552
881
1533
1540
1552
883
1557
1547
1564
1353
1564
1561
1537
1574
1552
1557
1547
1416
1560
1392
1551
1554
1524
1549
1136
1554
1547
1552
1553
1402
1532
1553
1371
1556
1552
1555
1562
1412
1555
1555
1563
532
1553
1551
1641
964
1434
1548
1561
1410
860
722
1557
1300
1550
1526
1537
1561
1303
1550
1517
1495
1548
1549
1557
1546
1554
1526
1087
1544
1554
1549
1557
1371
1364
1378
1545
1550
1537
1340
1390
1367
1556
1552
1556
1533
1570
979
1563
1548
1558
1538
1444
1527
1581
1514
1563
1420
287
1496
1554
1553
1561
1551
1520
1554
1357
1355
829
1551
1542
1556
1540
1553
1566
1512
1396
1553
1416
1534
1546
1524
1534
1556
1551
1544
1548
1369
1373
1380
881
1436
1235
1548
1549
1548
1656
1547
1543
1545
1563
1530
1558
1193
1540
1548
1329
1547
1559
1645
856
1466
1533
1570
1528
1375
1091
1566
1551
1549
1542
1556
1366
1397
1491
1535
1351
886
1374
803
1558
1559
1561
1549
1361
1542
1655
1551
1552
1553
1552
1553
1553
1559
1366
1491
1129
1549
1373
1545
1360
1023
1557
1361
1548
1554
1551
1553
1308
1443
1397
1552
991
1546
1559
1348
926
1561
1564
1547
1537
1549
1552
1530
1519
1552
1409
1566
1540
1560
1548
974
1555
1547
1504
1552
1550
1550
1558
1511
1196
1483
1559
1544
1340
1543
1546
1713
1555
1550
1570
1548
1547
1555
1567
1564
1533
1556
1546
1551
1553
1355
508
1557
1564
1554
1563
1545
1528
1548
834
1410
1550
1562
1203
1563
1530
1546
1515
1566
1547
962
1145
1607
1369
1573
1420
1551
1532
1556
1548
1555
1494
1537
1562
1523
1380
393
1549
1568
1531
1556
1549
1550
1538
1557
1538
1186
1538
1310
1552
1561
1339
1204
1560
1529
1354
1530
1542
1537
1536
1287
866
1559
884
1101
1540
1551
879
1557
1549
1534
1557
1552
1412
1568
1544
1560
1550
1549
1556
1561
1561
1489
1553
1559
1543
1387
1544
1545
1511
1318
1557
1551
960
1552
1471
1554
1544
1544
1546
1644
1540
1547
1541
1541
1482
1563
1347
1541
1096
1534
1567
1548
1548
1553
1558
1372
1566
1551
1492
1492
1531
1558
1369
1550
812
1546
1372
1561
1695
1532
1137
1558
1558
1525
1540
1536
1547
1562
1553
1420
1548
1551
1556
871
1557
817
954
1533
1546
1548
1453
1558
1548
1545
1364
1549
1541
1539
1068
1543
1560
1530
1547
1558
1545
1557
1546
1550
1518
1546
1541
1506
1105
1511
1543
1533
1561
1544
1392
1455
917
1561
1086
1554
1554
1551
1558
1382
1373
1552
1551
1541
1373
1553
1545
1420
1420
1549
1555
1544
1507
1246
1553
1546
1544
1381
1429
1536
1207
1551
1508
1013
1555
864
1476
1551
1554
1567
1558
878
1564
641
1571
1370
1542
1555
1663
1552
955
994
1534
1382
1536
1542
1558
1373
1544
1540
1544
1556
1564
1552
1547
1542
1579
1512
1548
1535
1555
1549
1279
1498
1534
1539
1535
1399
1556
1564
1491
1556
877
1562
1540
1549
1551
1553
1455
1556
1534
1541
1392
1554
1549
1554
1548
1564
1546
1551
1559
1538
1554
1553
1465
1554
1551
1549
1521
1562
1548
1549
1537
1555
1549
880
820
1550
1288
1350
1549
1540
1554
1243
1541
1557
1545
1556
1209
1459
1578
1297
1540
1547
1551
1361
1547
1556
1538
1549
1533
1611
1554
1030
1538
1579
1553
1568
1552
1505
1548
1325
1556
1541
1542
1410
1057
1562
1550
1550
1536
1550
1561
1550
1296
1555
1358
1554
1547
1567
1558
1429
1556
1323
874
1386
1442
1538
507
1557
1512
1534
1255
1555
1552
1554
1537
1368
1569
1335
1365
1540
1541
1552
1534
1740
1565
1541
1553
1488
1553
1545
1545
1549
1472
1542
1563
873
1037
1556
932
1537
1559
1564
1549
1371
1558
300
1555
1553
1550
1544
990
1555
1009
1563
1561
1307
1536
1550
1560
1552
1554
1551
1564
1545
1548
1525
1548
1543
1554
1556
1540
1556
1440
423
1542
1659
1550
1546
1555
1563
1544
1484
1548
1552
1560
1559
1557
1557
1182
1535
1358
1549
1665
1366
1542
1547
1143
1553
1427
1529
337
1557
1443
1628
