1552
1550
1552
1537
1546
1563
854
1544
1555
1558
1555
1550
432
1546
1550
1559
1165
1569
774
1558
1552
1535
1551
1565
1558
833
1555
1559
1555
1540
1541
1557
1554
1545
1557
1557
1554
1557
1550
1504
765
1274
1546
1556
1552
1536
1563
1554
674
1563
778
772
1559
1540
1565
1496
1561
1476
1562
1567
1555
1555
1550
1550
1557
1548
1549
1547
1557
592
1555
1555
1415
1325
1553
1557
1553
1550
1555
1544
1550
634
1557
1552
1356
1491
1545
1552
1533
1564
1533
1554
1509
1550
1544
1553
1559
1554
1544
1557
1538
1139
1560
1564
1545
1553
1546
1540
1546
1552
1549
1554
1554
1553
859
1550
1554
1516
1560
1549
1479
1558
820
1553
1565
884
1567
1555
1556
792
1561
1556
1552
1566
1565
1551
1565
1550
1551
1541
1556
1560
1552
1485
1553
1555
1543
1562
1564
1556
1556
1556
1550
1552
1550
1148
1555
1550
1542
1551
1569
1550
1546
1552
440
1547
1560
868
1550
983
1556
946
1556
1542
1542
1549
1406
1514
1558
1531
1561
1546
1551
1536
1551
1559
1557
1555
1549
1556
1555
1556
1045
1561
1553
1559
1542
1562
1549
1482
1551
1548
1556
1546
1552
1557
1549
1552
1540
913
1544
847
1552
1563
1550
1548
829
989
1551
1555
1566
723
1559
1554
1556
1538
1546
1544
1548
1564
1567
1551
1561
1553
1553
1534
1561
1544
1556
1536
1546
1549
1541
1552
1551
1562
1539
1555
1554
1547
1559
1549
1533
1550
1540
1539
1554
1551
1548
1549
1553
1552
1552
1557
1551
1553
1561
967
316
1563
1544
944
1555
806
1547
1556
1553
1556
1012
867
1561
1556
1552
1554
1554
1531
1553
1318
1545
1539
1563
1558
1552
1540
791
1551
1553
1551
1554
1541
364
1557
1562
1543
1552
1552
1448
1550
1549
1555
1555
1544
1545
1558
1549
1556
1562
1553
847
1556
1552
1555
1536
1561
1552
1557
1561
1519
1552
1555
1575
1413
1551
1550
1559
1553
1559
1552
1063
1555
1543
1547
1562
1465
1545
1538
1388
1548
1549
1547
1548
1547
1549
1551
1551
1560
1502
1551
1551
1547
1556
1552
1553
1550
1541
1554
1552
1233
1558
1556
1535
1565
1550
1536
1559
1561
1271
1550
1544
1551
1554
1545
1337
1548
1563
1545
1555
1543
1546
1533
1550
894
1547
1550
1556
1550
1544
1541
975
1548
1538
1550
1038
1564
1550
1554
1547
1549
1552
1555
1546
1552
1551
766
1555
1557
1552
1550
1550
1512
927
1550
1550
1546
1548
1552
1546
1556
1531
1541
636
1523
1553
1555
1552
1553
1550
768
1537
1560
1548
1555
1556
1543
1544
1543
1552
1546
1557
1559
1553
1566
1564
1555
1561
1563
1558
1563
785
1544
1552
1548
1553
380
1552
1557
1565
1237
1555
1556
1545
1554
921
1561
1530
1555
1552
1551
1551
1546
1555
1546
1557
1544
1549
1553
1548
1542
1560
1540
1547
1563
1027
1555
1556
1549
1552
1561
1567
1546
1095
1558
1568
1546
771
1558
1558
1554
1556
1556
1555
1535
777
1538
1548
1537
1536
1552
1536
949
1541
1557
1546
1473
793
766
1559
1077
1561
1559
1541
1563
1552
1396
1537
1267
1555
1556
1551
1555
1552
815
1555
1547
1555
1561
1561
1549
1554
1522
838
1561
1545
1562
1564
1299
1545
1564
382
1554
1561
1552
1550
1555
1547
1552
1561
918
1552
1535
1563
1542
1533
1550
1552
1555
1557
1375
1555
350
1559
1544
1559
1155
1552
1534
1521
1556
919
1536
1552
1556
1543
1554
1458
1536
1556
1551
1551
1551
1561
1552
1473
1551
1548
1556
1550
1546
1359
413
1555
1545
1553
1550
1543
1538
1545
1553
1552
1547
1547
1555
1538
1536
1559
1539
1552
1551
1542
1553
1544
1551
1550
1549
1554
1563
1549
1549
938
1552
1543
1559
1557
415
1545
1551
1550
1555
1553
1545
1545
1530
1552
1548
1547
1541
1547
1555
1559
1562
775
1308
1552
1558
1564
1557
1545
1550
1430
1547
1553
1554
1547
1554
1542
1550
665
466
1552
1550
1553
1562
1551
1548
1560
1557
1551
1369
1553
1552
1550
1107
1545
1550
1556
1549
719
1550
1552
1550
1554
298
1554
1562
1557
1554
1543
1549
1550
1558
1558
1486
1558
1561
1548
1539
1553
1431
1562
1551
1031
707
1561
1559
1550
1555
1554
1561
1554
776
1562
1174
1561
1551
1550
1552
1555
1557
1551
1549
1556
1552
1552
1559
1547
1534
1561
1552
1540
1542
1547
1558
1552
1538
1551
1560
1560
1557
1550
1558
1558
1552
1549
1543
1527
1532
1556
1552
1553
1552
1558
1553
1546
1558
465
549
1557
1551
1552
1327
1556
1560
1563
1546
1558
1557
977
1559
792
1545
1549
1554
1556
1555
1559
1513
1565
1549
1553
1546
1550
1547
1550
1539
1554
1538
1553
1546
1553
1357
1557
1005
1555
1562
1529
1563
1553
1560
1553
1554
1555
1470
1541
1556
1551
1552
1550
1556
1549
1547
1080
1552
1554
1557
1552
1552
1540
1554
1551
1414
1549
1559
1553
1559
1544
1555
1557
1549
1560
1531
1549
1549
1554
1550
1552
1553
1550
1552
1073
1542
1467
1557
1558
1551
1550
772
1550
1557
1556
1549
1547
1553
1550
1548
1547
1557
1555
1554
1558
1550
1558
1541
1540
1556
1551
1552
1554
1555
1349
1535
1539
1562
1534
1547
1306
1545
1554
1530
1541
1553
1558
1561
1056
1546
1552
1549
880
1550
1549
1545
1560
1550
1544
1519
1554
1551
1560
1554
1553
933
1538
1564
1533
1552
1533
1555
1565
1537
1562
1547
1549
1554
1551
1559
1540
1554
1393
1550
1557
1556
1547
1553
1553
1556
1546
1552
1558
1551
1564
1547
1544
819
1541
1548
1436
1297
1555
1555
1557
1556
1559
626
830
1551
1543
1549
1541
1556
1564
1555
1554
1425
1555
1553
1558
1555
1552
1547
1552
1287
1517
1540
1548
1556
1563
1545
1559
1535
1548
1550
736
1548
1545
1558
910
1559
1564
1559
1554
1542
1536
1481
1555
1559
1544
775
1558
1549
1554
1550
1553
1552
1548
1552
1155
1558
1555
1550
1013
1548
1549
1549
683
1543
1565
1560
1550
1523
1552
1560
783
1560
1558
1551
1557
1565
1551
1553
1547
862
1546
1552
1564
1549
1552
1560
693
1549
1545
1550
1561
530
1568
1569
1560
1565
1563
1553
1537
1085
1539
1557
1547
1556
1434
1551
1556
1532
1562
1559
1548
1530
1554
1552
1554
1553
1544
1561
1555
1553
1551
1551
561
1553
1551
1544
1561
1576
1556
1555
1559
1533
1557
1555
1555
1563
1413
1544
1561
1555
1539
1561
1546
1554
1555
1559
1558
1538
1555
774
1554
1558
1555
1547
1554
972
1556
799
1558
876
1548
1553
1560
1501
1551
1561
1555
1531
1557
1548
1565
1200
1528
1561
1558
382
1222
1541
1563
1562
1544
1562
1557
1558
1555
1351
1546
1554
990
1556
1281
1552
1559
1546
1562
1561
1551
1555
1549
1541
1547
1430
1541
1553
1550
1562
697
1535
1531
1552
1542
1550
1553
1546
1562
1553
1563
844
1560
1051
1553
1549
1556
1562
1557
1563
1491
1549
1545
1565
1540
1558
1538
1553
1085
1567
1538
1558
1556
1546
1544
1562
1554
1553
1559
1551
1559
1548
1553
1555
1532
1540
1562
1549
1549
1541
1550
1089
1553
1559
1547
1560
1527
1550
1105
1552
1556
1556
1553
1550
1560
1544
1557
1507
1553
1562
1554
1558
1559
1538
1554
1549
1559
1562
1565
1529
1551
1552
1555
1549
1555
1541
1549
1539
1560
1545
1537
1549
1552
1561
1552
1557
1555
1553
1553
1522
1557
1555
1548
1551
1554
1552
1555
1552
1549
1550
1050
1560
1558
1508
1549
1552
840
1566
1563
1566
841
1455
1560
1560
1555
1561
1572
1550
1558
1562
1464
1544
1560
1030
1557
1547
1073
1544
1552
1551
1420
1546
1552
1555
409
1543
1550
455
1420
1559
1561
1554
1552
1560
1556
1546
1554
1555
1538
1331
1558
1558
1540
1545
1035
1552
1562
1552
1541
1552
1538
1554
1537
1554
1552
1552
1536
1549
1555
747
1562
1559
1557
1559
1529
1557
1548
1556
1545
1557
1557
1554
1550
772
1070
1560
1555
1533
1554
1557
1550
1547
1561
579
1552
1551
1554
1556
1550
1554
1540
1548
1535
1542
838
1553
1544
1558
958
1556
1555
1558
1560
1547
1547
1564
1009
1558
1563
1552
1546
1540
1555
1559
1558
1555
1560
1556
1540
1561
1554
1539
1545
1542
1559
772
1560
1464
1550
1559
1552
1551
448
1569
1555
1568
1572
1553
1558
1561
1538
997
1566
1554
1555
1565
1553
1557
1555
1527
1547
1551
1558
1561
1555
1563
1559
1553
1568
1564
1543
1561
1569
1554
1553
1561
1545
1557
1538
1555
1557
1552
1550
1529
1557
1539
1559
1563
1219
1551
1525
1557
1556
1557
1557
1557
1564
1562
1552
1551
1554
699
1539
1556
1563
1551
1565
1554
1549
1551
1569
1555
1552
1555
1442
1465
1234
1559
1559
781
1552
1554
1560
1552
1556
1554
1562
1552
1552
1553
1544
1538
1553
1558
1556
1560
1565
770
1557
1558
1510
1529
1545
455
482
1547
1561
1538
1551
1482
1551
890
1548
1553
1555
805
1553
1540
760
1558
1553
1525
1549
1564
702
841
1547
1545
1544
1552
1558
1560
1555
1551
1551
1556
1557
1546
1550
1552
1538
1563
1552
1557
1030
1330
1555
1555
1551
1563
1538
1557
1561
1550
1555
1541
1549
1439
1553
1542
1565
1174
1557
1567
1550
1554
1553
1523
1555
1560
1551
1555
1554
1544
1561
1557
1560
1551
1559
1554
1551
1533
1540
1554
1551
1558
1558
1560
1558
1553
1555
903
1557
1547
1540
1557
1556
1538
1553
1555
971
781
776
1554
1538
1557
1560
1552
1550
1552
1554
1523
1541
1551
1555
1561
1562
468
766
1565
1560
1547
1545
1553
1557
1557
1547
1556
1547
1555
1556
1554
1561
1558
1536
1557
1549
1551
1560
794
1534
1548
1555
1561
1561
1556
1560
956
1553
1535
1124
1562
1553
1556
1543
1541
1555
1549
988
1556
463
1557
1298
1552
1559
1557
759
1150
1391
1567
1557
1450
1555
1562
1556
1556
1489
1553
1555
1552
1551
864
768
1568
1417
1557
1549
1550
986
1545
1555
1563
1565
1500
1547
1556
1543
1555
1559
1544
1535
1550
1565
1553
1558
1560
1554
782
1556
1549
1545
1552
1553
1553
1551
1549
1544
1558
1554
1556
1548
1554
1547
1560
1534
1554
1547
1550
1559
1550
1487
1547
1544
1560
1555
1372
1559
1555
1545
1555
1566
1558
1549
1545
1540
1550
1543
1554
1556
1559
1548
1563
1549
666
941
1556
1559
1534
1526
1554
1562
1551
1553
1532
463
1555
1545
781
1557
415
1558
1557
1544
1567
1549
1555
1551
1548
754
1553
1553
1547
1547
1555
1557
844
1555
1561
1472
1555
1544
1553
1559
1550
1551
1568
1549
1539
1557
1557
1547
890
1410
1551
472
1556
1559
1565
1569
1560
1565
1562
1218
1544
1557
1560
1531
1555
1556
1560
1551
1553
1432
1563
1566
1534
1453
1534
1554
1537
1549
1553
1554
1554
1544
1561
1551
1551
1554
1554
1559
1561
1556
1544
1539
1558
1565
1552
1256
1564
1565
1546
1552
1552
1537
1561
1559
1541
1548
1563
1554
1544
1556
1546
1537
1520
1552
1542
1551
1549
1552
716
1551
1554
1550
1069
1559
1559
1552
1530
1552
894
1562
1553
1559
1541
1558
1555
1554
1566
1550
1560
1545
1550
1566
1546
1551
1555
1554
1548
1536
1533
1543
1551
1546
1555
1548
1570
1552
1512
1552
1544
1177
1559
1541
1552
1570
1556
1551
1542
1551
1536
1548
1558
1560
1549
935
1480
1561
795
1552
1565
1549
1550
1557
513
790
1550
1553
1558
1534
1558
1540
1552
1542
1535
769
1546
1559
1560
1523
1563
1547
1557
1554
1560
1552
1534
1552
1549
1542
1500
1539
1546
1526
1534
1550
1545
1552
1553
1557
1555
1548
1547
1559
1556
1547
1548
1541
1553
1537
794
1544
670
1526
1529
710
1553
1558
1552
1552
775
1544
764
1553
1553
1549
1554
1554
1545
1553
1551
1554
1560
1561
1549
757
1548
909
1543
1540
1546
1516
1537
1553
1558
1552
1548
1559
1542
1539
1550
1553
1548
1551
1550
1550
1551
1542
1563
1548
1551
1538
1551
1551
1559
1551
1552
1552
1558
1554
1547
1413
1558
1540
1338
1543
987
1533
1551
1534
1546
1538
1548
778
1552
1547
1555
1555
1203
369
1546
768
1549
1556
932
1551
1557
1552
1538
1559
1553
1551
1547
1547
1536
1557
1556
1553
1457
1545
1526
1556
1505
1028
1551
1550
1554
1550
1540
1557
1556
1563
316
1553
1554
1555
1563
1534
1503
1549
1550
1550
1554
1556
1561
1544
669
1546
1560
1567
816
1565
1561
1556
774
1561
1555
1557
1550
1555
1562
1560
1554
1551
1557
1543
1538
1551
353
1554
1551
1565
1539
1549
1553
1551
1548
1553
773
1554
1540
1562
1551
1558
1556
1560
1540
1570
1558
1525
1549
999
1076
1560
1554
732
1558
1563
1548
1564
1532
1223
1558
1552
1558
1543
1536
1558
1552
1552
1551
1550
1286
1552
1551
1541
1545
1561
358
1559
1565
1006
789
1555
1550
1562
1559
1562
1429
1531
1532
1556
1499
1553
1556
1028
1548
1551
1297
1555
1555
1401
1558
1546
1553
1554
1545
1549
1565
1562
1545
1544
1555
1556
392
1558
1554
769
697
1548
1544
1556
1533
1550
1551
1127
1559
1559
775
1561
1552
1551
957
1552
1552
1551
1551
1406
1141
1552
1543
1555
1544
1164
1555
1551
1550
1551
1552
1552
1551
1544
1534
1556
774
1556
1521
679
1545
1076
1536
1544
1551
1480
1562
1554
1561
1558
1545
1523
1541
1555
1552
1538
1557
1541
1528
1556
612
1546
1543
1551
1496
1539
1551
1540
1553
1566
1549
1555
1550
1555
1555
1536
1555
1554
763
1555
1542
1558
1534
1562
1557
1537
1517
1066
1536
1555
1558
1553
1558
1559
1249
1551
1552
1555
1557
1555
1551
1559
774
1556
1561
1551
1536
1550
1546
1548
1555
1550
779
1541
540
1549
1540
1565
1562
807
1553
1559
1556
1555
1559
1548
1545
1556
1553
1555
1011
1555
1518
1555
1555
1546
1551
1559
1062
1561
1558
1535
1536
1553
1546
1557
1560
1556
1077
1551
1556
1554
1563
1544
1551
1552
1549
1322
1530
1551
1538
1560
1570
1556
1558
1556
1467
1561
1544
1562
1558
1538
1564
1539
1554
1562
1565
1552
1559
1552
1559
1553
1563
1547
492
1555
1557
1563
838
1560
1557
1551
1537
1540
1560
1556
1552
1555
1045
1554
1338
411
1549
1552
1538
1552
1559
1527
1561
1552
1557
1548
1524
1553
1552
1554
1549
1552
1551
1563
1559
1540
1556
1552
1556
742
1554
1547
1548
749
1558
1558
1557
1550
1560
1552
783
1077
1556
1555
1564
1554
1565
1548
1529
1548
1552
1557
1542
1552
1552
1135
1558
1552
1547
1553
1549
1540
1553
1558
1307
1560
1559
746
1556
1550
1559
1346
1563
1559
1230
1552
1539
1545
1546
1541
1547
1559
1555
1561
1551
773
1559
1535
1538
1562
1556
1137
1523
819
1559
1548
1561
1554
1563
1539
1538
1557
1556
1545
1552
1552
581
954
1559
1560
1540
1527
1556
447
1565
1551
1012
1145
1556
1536
1553
1113
1553
383
1566
1557
1458
1557
1455
1550
1542
1156
1557
1389
1283
1554
1554
1554
1557
1550
1545
1552
1560
1552
1566
1562
1560
1547
1521
1553
1554
1562
1522
780
1283
1561
1536
1557
1560
1515
1032
1564
1550
1552
1549
1547
1551
1553
1245
1550
1551
1556
1553
1549
776
1554
1561
1546
1535
1550
1550
1548
1424
1550
1547
1542
1555
1537
1531
1548
1564
1037
1022
1559
772
1566
1544
763
1544
1559
1541
1533
1542
1547
790
1547
1546
1558
1554
1556
1525
1549
1546
1562
1557
1545
1556
1546
1554
1550
1469
1556
1564
1554
1550
1551
1553
1553
1550
1545
1548
1552
1550
1558
912
1549
1557
1564
1569
1564
1524
1544
1559
1558
1557
1561
1559
1557
1542
1550
1560
1553
1521
1555
1532
1547
1559
1549
1557
779
1552
1560
1559
1544
1550
1559
1180
1549
1546
1549
320
1546
1550
1555
1552
1555
1547
1559
1547
1534
1563
1552
1553
1147
1550
1551
1557
1557
1547
1552
1545
1552
1556
1566
1291
1541
1051
1546
1550
1552
1555
1559
972
1569
1557
780
1552
1473
1547
1560
1559
1553
1554
1558
1560
1564
1551
1550
1555
1270
1553
1557
1550
1546
1546
1534
1560
1536
1531
1561
508
1560
1550
1544
1557
1561
1552
1542
1555
1556
1434
1540
1545
1545
1543
1547
1541
1544
1548
1561
1557
1549
1549
1565
1545
1546
1548
1555
1559
1557
1551
1555
1550
1552
1548
1549
1557
1526
1549
1569
1571
1547
1540
1549
1553
1553
1411
1545
1555
1553
1557
1548
1543
1548
1559
1336
1514
1561
1541
1542
1551
1555
1089
1538
1544
1551
1554
1551
1548
1558
1564
1511
1562
1547
1558
1549
1542
1307
1540
1554
1551
1557
1543
1551
1541
1556
944
1548
1552
1533
1553
1555
1544
1556
1563
1558
1554
1461
964
1547
1552
1550
1544
1445
1547
1561
1534
636
1551
1555
1569
1540
1567
816
1539
1563
885
1553
1554
1540
1548
1547
1551
1556
1558
1555
1534
1552
1559
1264
1564
1551
1552
1539
1529
1560
312
1542
1556
1555
1551
1559
1559
1561
1563
1559
1541
1553
1556
1563
1563
1565
1553
1554
676
1557
1556
1541
1562
1553
1545
1567
1555
1560
1557
1381
1557
1551
1333
1527
1043
1561
1557
1557
1556
1556
1553
793
1556
1559
1558
1553
1550
1560
1563
1541
1094
1554
1546
1556
1562
1567
1544
1558
1547
1562
1563
1565
1545
1563
1549
1563
1558
1552
1557
1556
1560
1549
1551
1560
1553
1539
1558
1550
1554
1553
1303
828
1556
1542
1556
1562
1552
1560
906
1552
1530
1557
1556
1545
1411
1545
1553
1549
1553
848
1552
1554
1557
1556
1551
1556
1168
1548
1558
969
1559
1567
1540
1564
1510
1521
1532
1539
1536
1561
1559
1239
1552
1561
790
1548
1555
1567
1469
1558
690
1552
1557
1565
1548
1561
414
1568
759
1546
1557
1557
1433
1556
1557
1552
1556
1553
1531
1551
1562
1559
1553
1551
1566
1557
1554
1566
1543
1550
1526
1564
1559
1549
1548
1552
1563
1561
1548
1550
1555
1557
1553
1533
1563
1563
1558
1563
1548
1542
1557
1558
1539
1554
1356
1554
1551
1540
1554
1542
1538
1562
1548
1547
1551
1557
1542
1554
1546
1554
1541
1551
574
1527
1545
1533
1543
1564
1550
1030
1552
1538
937
1551
1377
1544
1548
1548
1551
1545
1539
1132
1553
1566
1551
1548
1519
556
1563
1560
1567
1551
1391
1558
1538
1540
1554
1549
1558
1560
1562
1546
1547
1560
1556
1188
994
1548
782
1535
1541
1560
1472
1509
1541
1560
1551
1546
1555
1557
1553
1551
1557
1515
1545
1124
1551
1214
1557
481
1554
1558
1552
1526
1555
1552
938
1566
1555
1541
1542
1521
1004
1556
660
1572
1554
1556
1569
1556
1543
1558
1544
1560
1560
1560
1543
1559
1542
1498
1559
1553
1556
1555
1559
1556
1547
1531
1567
1560
1548
1551
1558
1555
1553
1551
1539
1555
1564
1556
1553
1547
1557
1549
1547
1562
1528
1545
1571
1558
1552
1556
1554
1555
1530
625
1557
1555
1560
1555
774
1556
1034
1555
1563
1549
1559
1550
1556
1550
1554
1557
1535
1552
1544
1556
1557
1547
1549
1547
1509
1554
1545
1545
1541
1541
458
1176
1551
1549
1545
1542
1551
1546
1544
1557
1551
1549
1561
1544
1552
1547
1549
1536
1542
1219
1559
1551
1552
1527
1547
1561
1550
1551
1549
1542
1553
1554
1564
1554
1549
1556
1531
1036
1560
471
1552
1550
1549
1551
1538
1568
1497
1551
1523
1553
1547
1550
1559
1178
1548
1546
1552
1547
1538
1553
1548
1556
1541
1558
1539
1556
1562
1567
1552
796
1555
1350
1533
1558
716
1539
1554
1545
1528
1545
1487
1535
1558
776
1515
477
1555
1545
1544
1550
1546
1547
1537
1544
1545
1547
1556
1539
1540
1552
1563
1101
1248
1556
1550
1554
1557
1559
1557
1561
434
631
1542
1551
907
1564
657
1561
1543
1556
1539
1114
1527
1555
1560
1533
1554
863
1549
1242
1565
811
931
1533
1561
1554
761
1554
1546
1549
1548
1544
1546
1542
1546
1551
1545
1548
1546
1551
1554
1488
1560
1553
1549
1554
1548
1564
681
1543
1555
1548
774
1559
1556
1553
1542
1550
1555
1552
1555
817
1552
1552
1008
1557
1560
1532
1546
1554
1541
1547
1559
1555
1158
1520
775
627
1546
1553
1552
1554
1549
1532
765
1505
1550
1556
1553
1539
1553
1546
1553
1555
1558
1545
1560
1562
1552
1545
1561
1546
1565
1554
1556
1555
1551
1564
1557
1550
1560
1552
1557
1549
1349
1560
1550
1562
1548
1551
1539
1559
1554
1555
1561
1551
1552
1552
1320
1545
1540
1536
1556
1548
1543
1549
1555
1558
1561
1529
1543
1553
1543
1560
1560
1543
1531
1551
1559
1544
1551
1541
1566
1557
1555
1560
1543
1553
1551
1552
1554
1549
1554
950
1548
1066
1556
1560
1549
1563
1549
1554
1537
768
1546
1558
1211
1530
788
1552
1548
1547
1551
1549
1563
1534
1548
1552
1557
1555
1549
1286
507
1556
1545
1532
1542
1543
1543
1558
1558
1556
1567
1546
1554
1552
1525
1546
1543
1532
1547
1551
1017
367
801
1230
1553
1547
1555
1546
1426
895
1557
1556
1551
1549
1549
1551
1552
1560
1528
1547
1556
1555
1555
1529
1560
1556
1555
1556
1550
1497
1085
1557
1538
1549
916
1555
770
695
1553
1540
1548
1528
1538
1310
1027
1542
1495
1544
1548
811
1552
914
1561
1557
1540
1550
1559
1271
1551
1564
1175
1553
1560
1560
1561
1547
1552
1538
1556
1565
1556
1560
1541
1564
1553
1510
1562
1522
1555
1552
1553
1559
1559
1553
1561
1560
1533
1551
1559
1561
1565
1552
1558
1527
1551
1552
1551
1551
1551
1546
1558
1563
1546
1555
1553
1549
1563
1545
1556
1560
1550
1564
1543
1555
1558
1561
1538
1547
1562
1241
1555
1550
1542
1494
1550
1540
1185
1561
1557
1552
1548
1561
1548
1547
1557
818
1559
1536
1558
1553
1554
1556
1549
1551
860
1546
475
1549
1407
1563
1535
1564
1557
1547
1547
1554
1557
1558
1552
1544
1557
1554
1550
1442
1549
970
1555
1554
528
647
1536
1560
1550
1533
1550
1547
1136
1554
1534
1079
1556
1553
1566
1553
1543
1558
1552
1559
1556
1552
1513
1561
1553
1561
973
1556
1548
1557
1559
1545
1546
1566
1560
1541
1549
1555
1552
1553
1531
1558
1548
1559
1554
1541
1560
1555
1554
1550
1548
1560
1561
1543
1563
1556
1549
1554
1550
1558
1535
1566
1532
1546
1545
1560
1541
1550
1552
1552
1551
1547
1566
1549
1560
1522
1547
1546
786
327
1553
1543
1556
772
1556
1549
1558
1558
1562
1557
1552
1559
1549
772
1559
1555
1404
1246
1406
481
1548
1541
1545
771
1532
1549
1556
1550
1553
1556
1556
1547
1554
1531
1557
1558
1561
1539
849
1556
1546
1556
1557
1557
1554
1558
1542
1556
1553
1535
1555
1553
1551
1546
1549
1543
1557
1447
1552
1549
1553
1525
1565
1556
818
1559
1552
1557
1009
1554
1556
1546
1558
1536
1549
1553
1556
1542
1291
1560
1562
1544
1540
1547
1558
1540
1555
1561
1554
1557
1555
1557
1548
438
1540
1561
1557
1119
1547
1563
1555
1552
1560
1535
1558
1545
1552
750
1547
1559
1557
878
1549
1557
1546
1548
1557
1564
999
617
1557
1551
1552
1542
649
1554
1542
1551
959
1545
1538
1555
1561
1536
1565
1545
1545
1546
1555
1541
1548
1561
1546
1557
1537
1547
1542
1548
1527
1556
1565
1559
1547
1559
377
1553
1529
1554
1553
1559
1547
1559
783
1556
1566
1567
1554
1547
1556
1554
1552
1567
1544
1558
1554
1549
599
1564
1553
1548
1555
1552
1554
1543
1559
1549
1559
1556
1557
1549
1552
1547
1553
1547
1549
1564
1543
1555
1557
1558
1552
1546
1550
1554
1544
1558
1542
1549
1535
1548
1553
1551
1458
1553
1557
1539
1548
1549
1549
1537
1560
1552
1544
1545
1554
1545
1553
1551
1430
1547
1261
1556
1551
1556
1566
1557
1558
1545
1550
1556
1553
1546
1552
1546
1547
1548
1539
1319
1550
1560
1556
1549
1547
1547
1089
1546
1557
1555
1557
1550
1555
1561
1540
1558
1543
1547
1554
1556
1554
1563
670
1548
1540
1549
1534
1554
1550
1560
1529
1561
1555
1549
1523
1549
1556
1548
1036
1552
1299
1558
1555
1165
1406
1574
1566
1558
1556
1551
1537
983
1554
1559
1550
1555
1544
1540
1559
1528
1535
1544
1552
1549
1548
1560
1358
1550
1554
1545
1543
1543
1548
1526
1361
828
1553
1570
1550
1550
1558
770
1563
1535
1535
1553
1548
996
1536
1485
1539
1540
1552
964
1556
1029
1138
1557
1553
772
1559
1569
1551
1548
1557
1558
1553
1544
1554
1570
1545
1539
1541
1544
1555
1548
1556
1559
1549
812
1541
1558
1551
1555
1543
1560
1542
1537
1555
1545
1406
1545
1031
1545
326
1552
1552
1311
1206
843
1550
1543
1540
1544
1557
1549
1550
1554
1555
1554
773
1559
724
1561
1550
1555
1560
1569
1543
1559
1564
1552
1545
1527
1559
1553
1555
1548
782
1564
1551
1547
1554
1534
1521
1547
1562
1554
1554
1555
1238
1540
785
1555
1558
1542
1551
1562
1558
1554
1556
1547
823
1548
1555
1547
1550
1553
1541
1560
1553
1556
1555
1554
1551
1454
969
1561
1528
1559
794
1551
771
1556
1555
1557
1556
1232
1552
1556
1314
1542
1561
1557
1555
1551
1524
1572
1539
1558
1562
1557
1565
1560
1550
1523
1562
1551
1558
1559
1547
1565
1554
1556
1551
1548
1552
1558
1547
1571
1555
1549
1553
1559
1550
1553
1414
1551
1555
1554
1551
775
1552
1564
1547
1556
1554
1547
1553
1555
1536
1555
1557
1553
1554
1556
1554
1290
1558
1554
1558
1555
1555
1545
1548
1557
1552
1549
1554
1554
1554
1550
1537
1561
1557
1558
1558
1557
1558
1548
1555
1559
1562
1566
1561
1562
1553
1497
1546
1562
1555
1553
1550
1567
1265
1549
1546
1553
1231
1069
1558
1563
1548
1534
1554
1548
1553
1546
1357
1557
1561
881
1544
741
1398
1564
1566
1568
1553
1566
1556
1546
1557
1558
1551
1554
1561
1536
1562
1573
1556
1565
1552
872
1551
1051
1520
1519
1551
1561
1556
1550
1469
1526
1547
1566
1554
1547
1537
1553
1549
1439
1546
1557
1552
794
1555
1551
1554
1555
777
1165
1542
1547
1554
1554
892
1553
1565
1540
1529
1409
1545
1550
1548
1548
1541
1549
1546
1519
866
1554
1542
1544
1558
1556
1553
1549
1536
1547
1546
766
1446
1554
1559
1552
1557
1552
1526
1560
1548
1554
1544
1567
1552
1558
1546
1553
1555
1555
1481
1551
1550
1549
1553
1538
1557
1543
1550
1544
1553
1119
695
1541
1559
1525
991
1564
936
1554
1560
1559
1559
1554
1527
1550
1551
1559
1551
762
1511
1549
1552
1551
1403
1542
1559
757
1558
1561
1557
1541
1556
1553
1551
1561
1555
1557
776
1552
1542
1561
783
1548
1549
1550
802
1564
1553
1555
1554
1556
1554
1541
1548
1560
1246
1539
1536
1553
1219
1555
1554
1549
1557
1566
1546
1556
1558
1559
1539
1554
1563
1560
1537
1545
1537
1560
1553
1549
1563
1553
1562
1555
1560
751
1557
1443
1564
1562
1545
1524
1557
1555
1561
1560
1559
924
1557
1392
1563
1558
1552
769
772
1544
1560
1549
1557
1545
1520
1548
1554
1553
1537
1549
1551
1546
1553
1555
1543
1564
1558
1555
1558
1530
780
1552
1557
1565
1567
1540
1538
1558
1549
1542
1557
796
1549
1557
1557
1560
1558
1553
1561
1553
1560
1552
1559
1555
1551
1556
1553
1454
1553
1558
1556
1560
1556
1554
1551
1550
1449
1525
1547
1561
1553
1543
1546
1552
1553
1561
1564
1548
1557
1330
1554
1558
1557
1554
1543
1559
1559
1552
1005
1549
1009
1536
1555
1244
1557
1549
1571
1561
1556
1551
1555
1558
1553
1542
1562
1562
1553
1405
1554
1556
1565
1557
1563
1555
1555
1553
1546
1556
1560
1557
1564
1553
876
1558
1554
1552
817
1549
1558
1435
1541
1569
1568
1557
1553
1564
1553
1563
1546
1558
1558
1542
1558
1545
1560
1567
1555
1546
1556
1556
1545
1556
1555
1544
1552
1542
1549
1540
784
1542
1559
1224
1547
1560
1545
1552
1530
1563
1543
1554
765
1242
1544
1546
1562
1418
1555
1555
1549
1551
1556
1554
1557
1557
1535
1534
1558
1384
975
776
1544
1552
1553
1543
1552
1539
822
1552
1552
1558
1558
1556
1546
1552
1557
1551
1551
1556
1558
1375
1534
1487
1567
1561
1550
1545
1544
1560
1553
1569
1554
1551
1545
1531
1554
1547
1548
1526
1551
1563
1559
1551
1551
1557
1550
1558
1548
1545
1555
998
840
1553
1548
1560
1553
1547
1551
1552
1564
1550
1559
1534
1554
1551
1556
1556
1538
1550
1546
1540
1541
1552
1547
1556
1543
1530
1554
1551
1545
934
1551
1557
1547
1549
1534
1543
1554
1536
1552
1555
1548
1563
1544
1549
1551
1551
1560
1563
1554
1534
1539
1550
1540
1561
1550
1560
1545
1518
1547
841
1483
1554
1555
1542
1550
1554
1553
1547
1552
1557
1514
1547
1545
1560
1546
1549
1545
1557
1550
1560
1552
1560
1309
1501
1569
1533
1548
1503
1550
1536
1549
1533
1553
1565
1549
1555
1555
1555
1550
1549
1553
1567
1548
1550
1551
1551
1543
1544
1554
1548
1542
1552
1543
1540
1415
1559
1556
1544
1557
1551
1552
1549
1538
1543
1549
1557
1557
1554
1549
1517
1553
1551
1562
1554
1551
1565
1558
1534
1554
1283
1550
1554
590
1549
1197
1558
1550
1549
1541
901
581
1546
1539
1564
1555
1562
1561
1566
1552
1403
1554
847
1552
1548
1547
1549
1551
1558
1553
1549
1547
1556
775
1547
1562
1542
1547
1551
1540
1546
1542
1549
1558
1555
1556
1559
1548
1558
1548
1554
1535
1551
1553
1547
1550
1554
1556
1558
753
1545
1540
1539
580
1552
1540
1553
1438
838
1561
1540
1557
1028
1543
1550
1555
1550
1536
1561
1295
1513
1540
1551
1558
1551
1523
1536
1550
1540
821
1406
1553
1553
1561
1554
1539
1548
1564
1553
1556
1554
777
1556
1386
1549
1545
1557
1562
1536
1552
1560
1550
1552
1553
1525
1543
1543
1558
1556
1546
1538
1552
1560
1560
1557
1542
1553
1538
1561
1549
1560
1550
1543
1562
1390
1541
1541
1550
1564
1481
1552
1564
1558
1531
1558
885
1556
1547
1554
1555
1547
1554
1559
1564
793
1542
1552
1549
1553
1555
1541
766
1537
1563
1554
1548
1558
1547
823
1547
1548
1556
1558
1555
1558
1256
1491
1557
1448
1558
1549
1079
1559
1556
1541
1554
1561
1100
1546
1391
847
1548
1538
1558
1556
1559
1555
1556
1542
1551
1554
1534
867
1546
1555
761
1550
1561
1538
1536
1554
1569
1558
1562
1561
786
1553
1548
1558
1540
1557
1549
1553
1564
1548
1555
1554
1536
1554
410
1553
1544
1559
1550
1548
1555
1561
1551
1560
1556
1551
1550
1553
1382
1561
1401
1542
1551
1546
841
1500
1551
1549
1551
1541
1557
1554
1558
1562
1558
1547
1533
1543
1547
1551
1538
1553
1554
779
1555
1550
1555
1560
1554
1555
1516
1052
1550
1551
1572
1553
1536
1544
1560
1555
1557
1553
1549
874
1553
1551
1134
1547
1546
1552
1142
1539
1551
1547
1558
1548
522
1557
1533
1548
1551
1554
1544
1556
1554
1499
1541
1535
1551
1559
1550
1550
1553
1551
1553
1551
1565
1545
1557
1562
1546
1531
1073
1553
1555
1548
1550
1561
1563
1548
1560
1533
1544
1563
1553
1557
1528
1558
1547
1548
1122
1549
1546
1554
1528
1531
1556
1551
1552
1554
1548
1552
1549
1551
1543
1526
1551
1543
1547
433
1552
1548
1552
1550
1549
1551
965
1554
1556
1546
1550
1366
1549
1563
1562
1555
1553
1553
1557
1555
1561
1560
863
1548
1547
905
1557
1558
1556
1547
1546
785
1553
1557
1559
1548
1538
1551
1545
1517
1548
1555
1553
1548
1531
1382
1551
1556
1552
1524
1541
1553
1551
1533
1547
1551
1557
784
1557
1549
1551
1543
1549
1548
1555
1536
1554
1555
1555
1553
1558
1543
1545
1556
1551
1543
1540
675
1557
1555
1566
1557
1495
897
1549
1251
1552
1550
1556
1551
1538
1561
1549
1559
1560
1560
1544
1549
1553
1523
1551
1547
1548
1560
1556
1550
1537
1544
1552
1555
1556
1550
1549
1555
1554
1554
1559
1542
1556
1556
795
1382
1540
1556
835
1553
1561
1556
1522
1550
1553
1566
568
1559
1545
1554
1557
1524
1547
1552
1158
1532
786
1536
1551
1546
788
1533
1554
1542
1554
1549
1551
1554
783
1553
1557
1560
1540
1534
1548
1544
1550
1532
1501
1526
1547
1556
1037
1535
1519
1443
1551
784
1551
512
1556
1553
696
1555
1554
1558
1534
1551
1556
1543
1559
1553
1559
1546
1552
1561
1550
1557
1551
1554
1545
1438
1552
1553
1546
1552
1544
1547
1472
1551
1552
1533
1416
1553
1555
1529
722
1542
1553
1547
1557
1557
1545
1555
1551
1560
1556
1560
1547
1555
816
1547
1548
1559
463
1537
1520
1567
1550
1436
1556
1553
1540
1551
1552
1543
1551
1520
1555
1550
1545
1553
1548
1534
1557
1538
1552
1561
1551
1541
1551
1564
1556
1543
1553
1548
1557
1547
1565
1557
1557
1553
1468
1549
1545
1542
1554
1551
1429
461
1555
1478
1552
1545
1555
1538
1553
1548
1549
1527
1540
1553
1558
1552
1553
1554
1552
1538
1551
1559
1559
1561
1555
1539
784
1548
1534
771
1554
1550
1545
1546
1550
1556
1546
1553
1563
1566
1551
1564
1552
1549
1558
1186
1522
1547
1554
1550
1556
1550
1558
1555
776
1559
1552
1548
1547
1558
1548
1554
1550
1536
1522
1552
1560
1555
1557
1560
1538
1554
1549
1554
1555
1532
1542
679
1549
1555
1555
1304
1557
1546
1556
1565
1288
1548
1558
1555
1557
1551
1546
1563
1556
1553
1552
1550
1552
1543
1555
732
1541
1541
1551
1268
1552
1552
1554
1554
1546
1546
1548
1567
1547
1553
1098
1546
934
1552
1548
1548
1554
1561
1546
1536
1543
1555
1550
1555
1545
1559
1510
916
1543
1548
1322
1553
1356
1551
1554
1550
1551
1552
1436
1558
1558
1551
1555
1101
1557
1559
1555
1562
1560
1526
1545
1556
1537
1556
1557
1537
1555
941
1555
1561
1548
781
1555
1380
1556
946
1558
1549
1553
1547
923
1352
1551
1026
1533
1546
1555
1559
1535
1561
1546
1549
1545
1540
1552
1550
1552
1552
1562
1444
1551
998
1549
1552
734
1566
1544
1543
1551
1550
1555
1548
1478
1551
1558
1377
1556
1546
1548
801
1551
1549
1556
1552
1533
1556
1557
1547
1558
1540
1550
643
1559
1547
1550
1548
1544
1555
1184
1560
1556
1551
1546
1560
1542
1556
1549
820
1543
1560
1543
1551
1561
1555
1548
1554
1557
1557
1549
1559
1554
1552
1559
1536
1549
1539
1540
1534
1557
1554
1546
1549
1548
1545
1554
1550
764
1556
1551
1007
1564
1551
1555
1543
1370
716
1551
1533
1560
1551
1538
780
1552
953
1545
1553
1552
1554
313
1548
1203
1550
1543
1550
1566
1549
1554
1559
1555
1530
1562
1561
1565
1548
1549
1557
361
1548
1550
1555
1557
1556
1558
1101
768
1556
873
438
1558
1545
1554
931
1556
1555
1550
1553
1557
1533
1546
1549
1549
1555
1554
1537
1546
1557
1560
1551
1558
1548
1549
1560
1556
1556
1556
1542
1521
1557
1550
1545
1554
1558
1554
1564
1558
1549
1565
1544
1546
1553
1540
1555
1562
1538
813
1546
1555
1559
1548
1548
1554
1557
1558
1533
949
1555
797
1551
1529
1515
1539
1547
1548
1547
1551
1565
1561
503
1554
1542
1547
1548
1533
1534
1553
1561
1554
1538
1554
775
1550
1549
1551
1541
1555
1552
1541
1361
1561
1560
794
1552
1569
1553
1560
1554
1551
1059
1556
1540
1555
1542
1566
1288
1548
1557
1560
1565
1549
1529
1522
1541
1535
1557
1549
1541
1549
1308
1557
1552
1540
1510
1542
1559
1547
1557
1579
1560
1558
1535
1540
1142
1545
1557
1554
1568
1550
778
1524
1534
1558
1563
1554
659
784
1560
1543
1546
1559
690
1556
1548
1564
1556
1552
1556
1550
1553
1555
1555
1566
1553
1548
1545
510
1539
1020
1558
1557
1546
1533
1545
1559
1558
1566
1557
1550
1546
1558
1353
1540
1172
1545
1447
1561
1555
1549
788
703
1554
1553
1551
1243
1545
1554
1551
1557
1558
1550
1553
1546
1559
1536
1551
818
1552
1544
1553
1541
1558
1551
1538
1532
1520
795
1548
1560
1552
1521
1537
1551
1559
1541
1552
1515
1239
1558
1558
1546
1559
1568
1559
1557
1553
1566
1549
1521
1541
1534
1539
1554
1542
1535
1547
1562
1557
1407
1554
1559
1566
1556
1563
1568
1556
1554
1547
1546
1539
1553
1555
1544
1553
1551
1557
1555
1557
1430
1561
1544
1548
956
1538
1550
1559
1558
1559
1555
1559
1526
1556
1271
1540
773
1557
1544
1548
1541
1163
1538
1542
1546
1544
1556
1553
1560
1555
1551
1540
1551
1554
803
1545
1545
1552
1549
1550
769
1551
1556
961
1553
1552
1555
1550
1557
1557
1518
1524
1559
1557
1548
1552
1537
1560
1551
1551
1546
1552
1544
1559
1543
1538
1558
1554
1546
1541
1551
1557
1555
1552
1565
1448
1562
1564
1562
1548
1559
1553
785
1555
1550
1538
1549
1557
1555
1556
1557
1549
1550
800
1556
1545
1532
783
1549
1559
1560
1555
1531
1550
1543
826
786
1554
1560
1545
1562
1540
1556
1562
1544
1546
1559
1551
1548
1554
1554
1540
1541
1552
1557
299
1556
1554
1552
1558
1556
1541
1561
800
1536
1554
1552
1547
1546
1540
771
1553
1158
1548
953
1556
1554
1553
1543
1010
1554
1557
879
1552
1560
1544
1574
1557
1548
1556
1549
723
1542
1556
1559
1553
1549
1561
1563
1534
1549
1545
1552
1162
1555
1558
1548
1557
1556
1551
1562
1242
1539
1562
1543
1563
1560
1545
1512
1543
1555
1554
1190
1553
1550
1549
1554
1061
1543
1562
1559
1537
1541
1553
1549
1551
1551
1544
1542
507
1558
932
1534
1556
543
1400
1547
1540
1537
1537
1552
1549
1554
1549
1549
1554
1531
1528
832
1549
1550
1549
740
1547
1559
1541
1555
1555
1555
1396
1536
1552
1549
1558
1287
1554
1546
1553
1543
1038
1527
1551
1561
1553
1556
1564
1562
1563
1552
1548
915
1550
1554
1542
1555
1558
1551
1552
1559
1212
1562
1553
1555
1347
1555
1323
1546
1557
1553
1557
531
1551
1555
1540
1553
1551
1539
1548
1561
1552
1550
1561
1549
1535
1256
1560
1562
1290
1566
639
1552
1559
1551
1561
1566
1444
1534
1563
1556
1549
1554
1560
1067
1129
956
1560
1557
1551
1563
1542
1520
1555
1552
1556
1546
1550
1541
1012
1548
1543
1551
1560
1545
1554
1554
1548
1535
1555
1535
1551
1489
1558
1543
1554
1547
1552
903
1363
1014
1552
763
1320
1334
1535
1423
1550
1544
1554
1563
1549
1543
1560
1242
1555
1553
1551
743
1560
1555
1544
1542
1565
1561
611
1547
1558
1545
847
1553
1550
1541
1551
1562
1557
589
1553
1563
1560
1546
1551
1537
1538
1529
1539
1548
1513
1554
1554
1550
1552
1550
1556
1552
1546
1536
1550
1545
1343
579
761
1563
1558
1562
1557
1537
1054
1558
1544
320
1556
1555
1543
1557
1554
1555
1532
1561
1556
1556
1557
1556
772
1548
1557
1559
1557
1561
1563
470
1549
1548
1539
1551
1562
1559
1556
1554
1558
1547
1554
1534
1561
1536
1543
1551
1503
994
1565
1549
1560
1558
1554
1532
1552
1550
1559
1551
1541
1537
1557
1544
1458
1555
1542
1461
1537
1549
1531
1555
1293
1553
1488
1560
1551
1550
1548
1538
1559
1525
1542
1520
1550
1551
1539
1556
1553
1522
1466
1558
1535
1552
1552
1549
1550
1555
1317
1551
1541
1532
780
1550
1554
1556
1552
1539
1545
1550
1542
1068
1079
1535
1550
1542
1543
1565
1563
1559
805
1559
1558
1554
1548
1554
545
1554
1553
1547
1561
1218
1546
1574
1551
1553
1527
1561
1512
1545
1557
902
1552
1555
1554
1546
1546
1550
1547
1556
1567
1547
1549
1551
1556
1549
1543
1524
1560
1561
1529
1549
1559
1557
1568
1541
1552
1521
1547
807
1525
1556
538
1553
1552
1546
1506
1524
1553
1540
1559
1556
1541
1556
1470
1537
1546
1548
1541
1548
1546
1556
1536
1538
1566
1016
1535
1554
1554
1546
970
1558
1526
1550
1550
1564
1551
1555
1547
1557
1065
1555
1558
1558
1559
1545
1552
1557
1544
1551
1553
1551
1549
1542
800
1541
1550
1554
1560
1556
749
1554
1544
1549
1543
1547
1559
1554
1493
1551
1545
1558
1555
1550
1550
1559
1554
1552
1565
844
1558
1553
1555
1551
1565
1547
1541
1562
1540
1558
1211
1559
1556
1547
1545
1554
1558
1559
1548
1555
1553
1552
1559
1545
1555
1560
1554
777
1541
1557
1555
1543
1544
1553
1559
1548
1547
1461
1413
1556
1551
1331
1565
1558
1557
1550
1545
845
1536
1550
1542
1551
1557
1555
1561
1543
1525
1552
1563
1548
1554
1538
1546
1538
1546
1555
1556
1540
1542
1469
1549
1546
1350
777
1554
1559
965
1552
1561
784
706
499
1304
1554
1554
1560
1549
1551
1545
1544
800
1562
1341
1549
1553
1560
1559
1556
1042
1550
1559
1539
1546
777
1548
1550
591
1563
1568
1509
1550
1550
779
1565
1532
1554
1564
1560
1558
1551
752
1548
1564
1551
708
1549
1559
1547
1559
1558
1560
1551
1545
1549
1570
1558
1554
1565
1554
1549
1554
1559
1552
1545
1554
1400
1558
1563
1545
1559
1543
1523
1395
1555
1549
1536
1557
1550
1548
1549
1401
1554
1540
1553
1543
1561
1561
1550
1558
1526
1549
1556
1431
1556
1530
1545
1551
1535
1541
1554
1549
1557
1516
1550
1547
1529
1537
1533
1558
1550
1551
1554
1465
1547
1525
897
1548
1549
1550
1554
1549
1542
1553
1092
1554
1555
1558
1550
1546
1553
1505
1537
1553
1556
1545
1550
1563
1545
1561
1523
1562
1555
1514
1568
1547
1551
1553
967
1556
1554
1555
869
706
1558
1551
1555
1544
1534
756
1545
1201
1559
1550
1318
1551
1563
1547
776
1554
1551
1124
1560
1562
1547
1563
1553
1567
1549
1550
1536
1545
1557
1564
770
1552
1560
1556
1566
1227
1529
1544
1543
1250
1550
1544
1393
1547
1558
1553
1555
1557
1535
1556
653
1550
1560
1554
1550
1550
1555
1556
1555
1547
1554
1554
1551
1550
1467
1551
1559
826
1536
1561
1539
1555
1553
1557
1554
1565
1539
1532
1542
1542
1554
1548
1540
1539
1549
1177
904
1538
1553
1543
1556
345
1548
1564
1558
1544
1366
1545
1541
1553
1554
1552
1541
1553
1545
1543
1547
1545
1554
1552
1457
1535
1555
1545
1557
1554
1555
1554
1547
1554
1554
1257
1559
1551
1558
1544
1552
568
1560
1551
1549
1560
1560
1550
1554
808
1553
1544
1547
1559
1563
1554
1554
1549
1559
1563
1555
1283
1546
764
1567
1536
1556
1550
1556
1541
783
1548
1415
1557
1542
1544
1546
1549
1553
1546
1553
774
1558
1555
1545
1546
1403
1552
1551
1544
1274
1568
1557
1552
1555
1515
1531
1535
1556
1567
1547
1536
1554
1543
1545
1545
1550
1544
1551
1548
1538
799
1558
1143
1562
1552
1555
1539
1537
1551
1557
1547
1065
1546
1558
1553
1563
1084
807
1038
1434
1565
1565
1537
1556
1564
1549
1333
1562
1562
1081
1547
1526
1537
1552
1540
1535
754
1550
1555
1560
822
1543
1555
1558
1550
1550
1554
1561
1560
1553
1553
1558
1548
1556
1556
1559
1550
1299
1557
1553
1556
1553
1553
1571
1556
1554
1553
1539
1287
1552
1561
1514
1552
1559
1551
1554
1553
1553
1534
518
1553
1540
1557
1548
1558
1558
1567
1567
1566
1557
1554
1546
1554
1555
1556
1561
1545
1553
1214
1540
1553
1555
849
1549
1551
1548
1553
1551
1550
1519
1553
1548
1141
1555
1555
1552
1549
1554
768
1555
1550
1540
1552
1557
1545
1553
1347
1561
1559
1549
1557
1544
1561
1553
1560
1515
1546
1538
1555
1548
1562
1567
1555
1560
1558
1548
1560
1549
1551
1556
1562
1550
1553
1541
1539
1549
1557
1543
1534
1543
1544
1551
1531
1540
1543
1563
1548
1557
1553
1560
1553
1551
1547
1538
1556
1556
1556
1526
1537
1551
1549
1553
518
1537
1554
1557
1551
1552
761
1551
1555
775
1553
1556
1552
1550
1561
1554
1562
1545
1554
1554
1555
1544
1551
1531
1553
1506
1553
1545
1556
1550
1554
1558
1545
1551
1526
1554
1551
759
1551
1552
1542
1546
1556
1549
918
1559
1550
1539
1552
1560
1557
1482
1547
1549
1469
1552
1554
1562
1550
1543
1546
1552
1546
1548
1546
1102
1544
1552
1521
1549
1559
1547
1560
1547
1282
1544
1556
1554
772
1554
1536
1534
1372
1558
1554
1571
1553
820
1564
586
1552
1556
1537
1554
1553
1556
1331
1547
1541
1554
1555
1559
1562
1558
1549
1557
1549
1558
1560
882
1556
1546
1551
1556
1549
1551
1544
1556
1548
1569
774
1560
1216
1553
1547
1454
1553
1562
1559
1549
1555
1556
1544
1541
1562
1459
1564
1553
1539
1554
1568
1564
1557
1560
1554
1543
1551
1383
1557
1555
1549
717
1556
1550
1550
1551
1558
1548
1547
1538
1547
1561
1555
1554
1562
1560
1553
1556
1541
1537
1545
1546
1558
1558
1552
1559
1555
1548
1315
1540
1545
1012
666
1496
1550
1535
1423
1551
1547
1532
1555
1549
1563
1553
1546
1555
1486
1521
1553
1552
1555
1554
1505
1531
1557
1159
1539
1551
1551
1543
1545
1560
1553
1555
1543
1547
1565
1554
1550
1554
1550
1554
1543
1559
1559
1541
1534
1551
1557
1547
1538
1550
1554
1556
777
1566
1561
1562
1540
1548
452
1560
1553
1551
1554
1550
1563
1554
1553
1541
1549
1556
1544
1551
1563
1526
1562
1548
1553
1541
1552
1548
1528
1419
1543
1564
1550
1561
1556
1552
1559
1026
1523
1559
1543
1553
1550
1533
1549
1557
1534
1561
1558
1552
1431
791
1553
1555
1552
1536
1543
1560
1555
1551
1548
1547
1544
1557
1535
1552
1550
1545
1556
1551
1551
1553
1551
1561
1561
1557
1563
1569
1560
1558
1546
1551
1548
1551
1555
1563
1553
1554
1555
779
1558
1552
704
1539
785
1554
1553
1557
1554
1510
1557
1559
988
1556
1563
1558
1553
1558
1549
1553
1554
1549
1540
1550
1548
366
1559
1551
1549
1555
1550
423
1554
1553
1552
1553
1557
770
786
1540
1554
1552
1551
1477
325
1552
1559
1545
1533
876
1556
1556
1558
1564
1565
1558
1552
1534
507
1555
1544
1562
1552
773
1475
1549
1557
1562
1553
1551
1554
1565
1046
1530
1553
1556
1523
1549
1550
1549
1558
1553
1547
1539
1551
1543
1407
942
1550
1535
1551
1549
1560
1554
1193
1552
1561
1559
1557
1538
1549
1554
1558
1547
1558
1553
1543
1556
1566
1485
1553
1543
1553
1553
1551
1549
1543
1545
1535
1519
1562
1545
1548
1555
1557
1563
1557
1544
1562
1546
1535
1547
1539
1545
1540
1539
1554
1550
1553
1542
1553
1543
564
1555
1552
1547
1551
1554
1558
1025
1565
1564
1537
1539
1556
1174
1551
1560
1553
1540
1533
1566
1535
1560
1553
1557
1551
1572
1547
1553
1565
382
1557
1555
1551
1560
1565
1487
1539
1550
1552
1541
1534
1553
1556
1562
1556
1460
1544
1561
1546
1571
1556
1402
1560
1549
1555
1540
1554
1560
1548
1557
1553
1558
1547
1544
1550
1545
1556
1565
1544
1553
1554
868
1531
1558
1556
1548
1539
1551
1555
1259
1429
1556
1556
1561
1545
1538
1535
1546
1550
1543
1552
1552
1515
1554
1551
1549
1551
1547
1557
1550
1350
1560
1560
1554
1553
1538
1481
1537
1556
1534
855
1563
1555
1561
1558
1554
1552
1549
1554
1562
1555
1550
1554
1462
1517
1558
1557
1534
1551
1554
1551
1551
1556
1544
1553
1550
1556
1538
1542
1546
1549
1554
1558
859
1550
1543
1402
1559
1562
1555
1559
1562
1554
1543
1548
1558
1560
1552
1557
776
794
1557
1558
1556
1559
1557
1555
1557
1553
1554
429
1558
1551
1557
1549
1556
1541
1555
1224
1560
1556
1560
1543
1092
1560
1552
1555
1555
1549
1543
1552
1548
1550
1558
1549
1549
1546
1564
1548
1555
1541
1552
773
1554
1552
1552
1557
1554
1555
1555
1542
1561
1537
1545
1562
1524
1546
1563
1542
1562
1520
1058
1545
1554
1552
1550
749
1555
1556
1554
1520
1562
1558
949
1564
1559
1557
1559
1558
1563
1556
1548
1550
1514
1553
1556
1541
1558
1525
1549
1049
1560
1544
1552
1548
1551
1514
1543
1554
1548
1551
1556
1465
1561
1534
1554
1539
1546
1550
1545
1546
1554
1554
1555
879
1561
1557
1550
584
1553
1544
1551
1553
1548
1558
1550
1543
1553
1547
1545
1557
1553
1549
595
1558
1561
1562
1558
1553
1559
1554
1561
1538
1523
1114
1560
840
992
1558
1557
1534
1565
1568
1543
1553
1546
1369
1106
1559
1554
1556
1557
1561
1387
1569
1542
1556
1564
1555
1562
1565
1533
1548
1544
1545
1558
1559
1558
1554
1524
1544
1559
1557
1550
949
1560
1529
1562
1560
1553
1552
1542
1549
1559
1547
1554
1549
1558
1551
1556
1555
1554
1552
1547
669
1552
1564
970
1550
1547
1552
1544
1562
1547
1550
863
1568
1554
1521
1556
1555
1047
1543
1554
1555
1549
1556
1554
1505
1551
1558
1548
1557
1555
1553
1539
1546
1553
1540
1558
767
1552
1374
1556
1557
1549
1558
1546
816
1551
1554
1550
1559
1564
1550
1443
1551
1552
1538
1529
1354
1555
1549
1538
1554
1555
787
1546
1536
1532
1556
1549
1554
1555
808
1539
1558
1553
860
1558
1430
1506
1550
1549
1548
1320
1557
1540
1546
1562
1560
1511
1550
1339
1552
1524
1544
1555
1562
1551
1561
1261
1554
1541
1558
1549
1554
1548
1554
1537
1561
1551
1544
1566
1549
1563
1539
1543
1549
778
1537
1546
1551
1557
1575
1551
1561
1539
1539
1561
1229
1564
1464
1549
1557
1560
1559
1056
1553
1562
1555
1420
1563
1560
1540
1560
1566
1544
1552
1558
1550
782
1566
1561
1549
1547
1536
1554
1563
1541
1557
1554
1558
962
1518
1552
1562
1102
1559
1555
1537
1553
1547
1564
1548
1554
1553
1543
1335
987
606
1378
1549
1557
1558
792
1554
1551
1538
1559
1553
1554
1544
1533
1564
1537
1543
1455
1555
1553
1554
1559
1533
1514
1553
1467
1558
1546
1544
1533
1557
1555
1551
1553
1550
1558
1006
1524
1547
1128
1545
1554
1554
1564
1556
1538
1339
1541
1561
1537
1550
1550
1553
1566
1553
1545
1546
1558
1534
1518
1552
1543
1554
1548
740
1563
1002
715
749
1554
1557
1547
1566
1552
1559
1546
1542
808
1558
1557
1563
1563
1546
1555
967
1565
1534
1538
1568
1559
1523
1555
1563
1553
1558
1546
1561
1536
1562
1544
785
1558
1535
1541
1557
1557
1565
1560
1559
1550
1553
1543
1545
1561
1552
1561
1565
1523
1565
1519
1551
771
1552
1560
1540
1553
1556
1557
1558
1550
1559
1546
1439
1559
1557
1569
1547
1555
1549
1557
1547
1553
1556
1557
1117
1557
818
1563
1564
1321
1557
1527
1553
1553
1542
1553
1550
1559
1013
1541
1556
1556
1568
1558
1560
1551
1557
1555
1547
1554
1552
1546
1518
1560
1560
1560
735
1559
1559
1554
1556
719
1544
1556
1562
1553
1529
1563
1559
1213
1544
1567
1569
1550
1543
1555
1551
1557
1553
1560
1327
1561
1557
1553
1561
1560
1554
1532
1558
1558
1544
1556
1358
1555
1549
1554
1555
1540
1539
1550
1537
1552
1557
1548
1398
1398
1549
1554
1562
1553
1136
1558
1574
1553
1545
1548
429
1562
1553
1552
1558
1549
1556
1563
1547
1550
778
1552
339
1382
1559
781
851
1557
1537
1556
1560
1562
1556
1549
772
1554
1551
1557
1549
1552
1554
1561
1546
1538
1555
1541
1553
1554
1550
1552
1552
1555
1312
1551
1549
1549
1559
853
1546
1558
1550
1518
1547
785
1552
1551
1555
1558
1538
1543
1550
1563
780
1545
1550
1559
1565
1561
1558
726
1555
920
1551
1557
1539
754
1556
775
1561
1563
777
1555
863
1357
1558
1552
1553
360
1553
1570
1561
1551
1552
1553
1295
1554
1554
1567
1540
1545
1551
1546
455
1557
441
1554
1431
1556
1556
1559
1564
1539
1551
1556
1555
1550
1560
859
1554
754
1241
849
1572
1522
1560
1563
1551
1553
1539
1560
1559
1549
1558
1559
1548
785
1552
1550
1555
1563
1548
1556
1557
1546
1554
1562
1540
1320
1553
1551
1548
1563
1544
1541
1547
1557
1367
1533
1550
1555
1533
1562
1555
1554
1563
1568
1555
1550
1553
1552
1548
1555
1534
1541
1546
1548
1550
1551
1551
1010
1560
838
1556
1337
1555
1545
784
1554
1555
953
1547
1547
1555
1555
1554
1552
1553
1559
1550
1556
1562
1566
1553
1553
1555
1556
1560
1338
1553
1565
1547
1561
1548
1466
1497
1555
1558
1534
1537
926
1552
1553
1556
1536
1561
1550
1558
1549
1552
773
1557
1550
1553
1542
1561
1552
1554
1549
1544
1556
1543
1552
1551
1545
1559
1547
1557
1547
1551
1535
1550
1521
1553
1548
1534
1541
1552
1396
1535
1204
1511
1535
1557
1554
1548
1550
816
1437
1553
1560
1559
1555
938
1552
1555
1557
1555
1554
1549
1556
1560
1565
1563
732
1541
1544
1549
1543
1564
1229
1536
1544
1551
1548
1568
1548
1551
1539
1551
1546
770
1549
1551
1304
1559
1554
1553
1507
1551
1561
1559
1538
1550
1554
716
1556
1546
798
1558
1557
1559
1548
1550
1553
1544
1536
1548
1415
1552
1555
1555
1529
1559
1552
1552
366
1548
1553
1550
1537
1552
1557
1547
1562
1561
1540
1554
1550
1560
1558
1570
1558
1544
1551
1551
1548
1504
1552
1558
1513
1551
1556
1545
1561
1136
1549
1553
1549
1556
1540
1555
1557
1560
1165
1557
728
1544
1550
1271
1553
1555
1546
1559
1557
1558
851
1557
1543
1556
1557
1541
1556
770
1547
1557
1523
1551
1555
1552
1548
1557
1550
771
1559
1410
1549
708
1039
1549
1563
1557
1561
1290
1549
1542
1558
1411
1538
1559
1551
1558
1556
851
1548
1548
1542
1462
1544
1509
1550
1577
1552
1549
1544
1549
1549
1560
1564
1532
1560
1554
1551
1531
1530
1551
1538
1553
1536
1548
1550
1547
1557
1550
798
1548
1561
1560
1520
997
1558
1555
1546
1557
1557
1556
1559
1553
1555
1553
1553
1534
1552
1546
1550
1553
1531
1126
1547
1556
1559
781
1554
1535
1547
1557
1557
1560
1553
1564
1556
1550
1549
1551
1545
672
1550
1553
1554
1542
1572
1480
1546
1545
586
1536
1556
1561
1551
1539
1534
1546
1543
1562
1553
1547
1571
427
1551
1560
545
1544
1552
1548
1552
1533
1541
1546
1553
1567
1531
1567
1535
1546
1539
1551
1551
1553
1524
1559
1554
1539
1551
1560
1552
1556
1545
1552
981
1553
1554
1550
1554
1552
1554
1549
1553
1550
1548
1546
806
1528
1538
1498
1552
1550
1449
1542
1538
1556
1547
1557
1550
1551
909
1557
1552
1548
1539
1072
1553
1539
1556
1550
1553
1546
1558
1014
1553
1555
1188
1552
1550
1553
1556
1486
1554
1551
1560
1547
1556
777
1523
1542
1559
779
1554
1561
1036
1525
1561
1556
1556
1549
1554
1568
998
1562
1550
1558
1563
1553
1560
915
1546
1547
1550
1548
1554
1558
1552
1557
1556
1561
1541
797
1547
1552
1549
1545
1553
1549
1554
1557
1557
1524
1555
1231
1543
1565
1563
1550
1555
1548
1549
1207
1551
1551
1535
929
1542
1553
1438
879
1548
1551
1554
1524
1524
1549
1384
1555
1563
1555
1556
1551
1565
1541
1530
1550
1543
1547
1546
856
1569
1556
1558
1544
1556
1294
1567
1385
1562
1544
1548
1554
1552
1549
1559
1510
1543
1558
1546
1555
1405
1558
1547
1538
1457
1560
1551
1300
1519
1556
1554
1532
1549
1546
1559
1554
1555
1551
1565
1542
1546
1543
1532
1544
1547
1548
1555
1551
1556
1554
1565
1561
962
1534
1559
1561
1539
1538
1151
1555
1547
1560
1538
1557
1533
1550
1563
1541
1552
1550
1561
1555
1540
1553
1545
1562
1552
1546
1548
1539
1545
1552
1534
1197
1555
1549
1558
1425
1544
1564
1546
1558
1570
1552
1565
1537
1554
1544
1019
1561
1554
1562
1551
1551
1285
1556
1551
1558
1551
1549
1552
1565
1562
1553
1549
1562
1551
1545
1552
1543
1552
1088
1561
1198
1552
972
1451
1546
1550
1562
1537
1562
1559
1533
1551
1556
368
1556
1545
1561
1551
1558
1557
1555
1553
1536
1546
1555
1538
716
1544
1547
1536
1556
1547
1555
1507
1540
1536
1551
1551
1550
1535
1552
1549
1545
1550
1558
1552
1558
1547
1555
1554
1549
1554
1562
1554
782
913
1554
1553
1550
1552
1564
1553
1555
1546
1552
1532
811
1563
1562
1554
1563
1553
1546
1550
1547
1534
1551
1429
1556
1554
1553
1027
1562
1546
1540
1549
1558
1552
1547
1552
1549
1319
1549
1552
1561
1546
1560
1530
1032
1227
1550
1555
1556
1541
1556
1559
1552
1554
995
1558
1559
1558
1555
1556
1551
1541
1554
771
1552
1557
1438
1554
1559
1540
1518
1562
1558
1161
1545
1561
1390
1551
1552
1556
1546
1554
1549
1558
1544
1535
1549
1544
1518
1560
1545
1555
1449
1231
1557
1546
1561
1543
1554
1558
1554
1542
1558
1552
1552
1554
1042
882
1559
1561
1556
935
1560
1037
1541
1557
1555
1533
1565
1562
1557
1558
1565
1552
1073
1561
1557
1555
1558
1559
1556
1555
1561
1559
1399
1545
1534
1553
1560
1545
1564
1555
1562
1562
1292
1563
1545
1544
1545
1569
1562
1558
1556
1554
1565
824
306
1548
1547
1545
1552
1556
1547
1558
1558
1564
1559
1562
1554
935
1553
1556
1554
1560
1555
1570
1532
1563
1557
1551
1554
1541
513
1559
1545
1555
1561
1530
1574
1564
1554
1555
1547
1551
1562
1546
1531
670
1554
1556
1553
1494
1556
1309
1547
444
1556
1553
1563
1551
1548
1531
1557
1540
1565
1557
1558
1561
1364
768
1573
1551
1542
1546
1557
1557
1365
1556
1555
1555
1553
1562
1546
726
425
1552
1562
1553
1540
779
1558
1548
1555
1572
761
1547
1558
1337
1543
1540
1552
1565
1554
779
1310
1551
1562
768
1560
1558
1552
1562
1557
1561
1558
1566
1554
1560
1573
1562
1424
1549
1559
1555
1582
1537
1560
1555
1452
1552
1537
1556
1549
1282
1562
774
1558
1557
1548
1550
1557
1533
1553
1544
1536
1548
1552
1550
1554
1561
1551
1553
1554
1558
1545
1565
1545
1557
1555
1542
1540
1561
1546
1554
815
1557
1550
1562
1549
1555
1547
1560
1551
1548
1551
1554
1557
1550
1518
1545
1559
1561
1538
1558
1386
1548
1556
1545
791
1565
1554
1556
1571
1563
1553
1550
1551
1554
1557
1539
1558
1316
1549
1556
1550
1546
1542
1547
1539
1557
1560
1552
1553
1543
1551
1179
1556
1549
751
1425
739
1535
1564
1560
1548
701
1551
1555
1559
1544
1556
1547
1552
1549
1559
1550
1561
1541
1552
787
1558
1554
1559
1538
1543
1564
1555
1547
1547
1545
782
1543
1546
1540
1550
1556
1523
695
1563
1544
1557
1553
1556
1551
778
1549
1554
1554
1535
1522
1543
1554
1549
761
960
1545
1556
1550
1563
1563
1560
1556
1558
1562
1544
1459
1550
1545
1553
1535
1559
1553
1558
1560
1562
1556
1538
1546
1565
1557
1550
1554
1557
1547
1556
1557
1538
1541
981
1552
1554
1558
732
1542
1549
1541
1553
1549
1557
1560
1549
1554
1555
1544
1547
1070
1554
1561
1553
796
452
1560
1547
1545
1538
1538
927
1555
1558
1557
1546
1545
1561
1556
1556
1555
1548
1246
1541
1548
1552
785
1328
1554
1560
1565
1549
1556
1524
1539
1549
479
1561
1552
1546
1556
1550
1557
1553
1555
1482
1553
1562
1382
1560
1533
1551
1563
1549
1551
1546
1554
991
1562
1524
1556
1553
1563
1550
1533
1564
1560
1545
1563
781
1558
1555
1551
1552
1546
1545
1550
1547
1537
1541
1553
1557
1546
1561
1560
1537
1558
1553
1553
1557
1555
1548
1560
1539
1557
1555
1550
1538
1544
552
1538
1554
1569
1548
1565
1548
1553
1514
1535
1550
1542
1546
506
1554
1552
1555
1558
1558
1435
694
1555
1553
1074
1541
1548
1552
1557
1547
1554
1535
1552
1549
1548
1549
1528
522
1551
1550
1548
1553
1551
1554
1538
1541
1555
1553
1547
1550
1553
1557
1565
1549
1561
1554
1553
1534
1553
1559
1555
1550
1559
1547
361
1110
1548
1551
1553
1555
1559
1555
1534
1557
1553
1545
1547
1551
1549
531
1566
1556
1554
1553
1555
1546
1556
959
1560
1557
1558
601
1542
1548
1565
1550
1555
1532
1545
1545
1561
1557
1556
1557
1561
1562
1532
1564
1554
1567
1555
1558
1552
1528
1304
1552
1564
1563
1539
1535
1556
1245
1553
1560
1555
1553
1566
1559
1545
1554
1552
1541
1550
1554
1546
1554
1564
1552
1557
774
1563
1557
1558
1552
1546
1565
1557
1550
1538
845
1557
1558
1556
1558
1527
1556
1542
1520
780
1529
1558
1560
1563
1549
1547
1555
1552
1556
1551
1550
1544
1557
1553
1562
1558
1549
1552
1548
1536
1558
771
1533
1551
1538
1562
766
1547
1542
1553
1549
1548
1555
1553
1529
1555
1561
1021
1551
1553
1560
1566
1526
1541
1553
1554
1551
1557
1540
1567
1547
1568
1557
1560
1559
1354
1551
1549
1557
1541
1551
1552
1536
1531
1088
1553
1544
1550
911
1550
1559
1549
1525
1550
1548
1555
1555
1547
1556
1553
1550
1551
1552
1537
1544
1547
1549
464
1522
1163
1494
1551
1548
1559
772
1558
1108
1549
1555
1541
1529
1549
1561
713
1550
1554
1555
963
1547
1557
1561
1563
1564
1067
1389
1547
1536
1549
1558
1298
1555
1542
1554
1555
1521
1554
1550
1552
1559
1552
1000
1551
1553
1542
1065
1556
1552
1566
1555
1556
871
1554
1554
1554
1557
