1543
1527
1542
262
1544
1544
1538
1537
1544
1384
1531
954
1548
921
1549
1522
1541
1546
1423
1382
866
1552
1151
1550
1549
1546
1535
1529
1534
1530
1537
1540
1533
1530
1530
1539
1459
1540
1542
1522
1065
1223
1539
1536
1533
1541
1541
1404
680
1538
1544
1545
1545
1540
1546
1542
1397
1544
1534
1091
1530
1540
1533
1535
1518
1538
1440
1363
1539
1455
930
854
1137
1544
1549
1094
1458
1544
1543
1532
1538
1371
1342
1412
1223
1522
1541
1300
1532
1544
830
1540
1546
1545
1530
1539
1535
1541
1540
1541
1537
1538
641
1533
1524
1187
1502
1536
1539
1534
279
1374
1538
1534
1477
1528
1545
1525
1537
1544
884
1539
1454
600
1544
1507
1376
1548
1356
1329
1517
1536
1548
1538
1548
861
1543
1544
871
1532
1507
1027
1533
956
1525
1530
1540
1540
1451
860
1544
1544
1386
1548
704
1549
810
870
1541
1190
1549
1548
1526
1537
1536
1547
1542
1545
1533
1525
1537
1545
1545
1534
1373
1530
1266
1526
1545
1543
1539
1513
1275
1543
1546
1543
1363
1543
1545
1546
1554
1511
1545
1541
1507
1558
1541
1535
1541
1533
1534
1500
1539
1535
1531
1531
1538
1533
1538
1552
1537
1542
1540
1548
1541
1537
1528
596
1540
1544
1534
1540
1545
1535
1340
852
1435
1539
1545
1469
873
1539
1531
1541
1322
960
1080
1512
1542
1528
1432
1539
1168
1523
1541
1540
1545
1534
1546
1538
1514
1375
1548
1544
1544
1542
1531
1340
1544
1531
1529
1537
1535
1358
1525
1542
1538
823
1531
1553
1545
1546
1523
1548
1541
1404
1547
1514
1540
1551
1522
1542
860
1539
1538
1357
1537
1543
1471
1540
1538
1529
1538
1557
1538
1538
1547
1522
1542
1275
1546
994
1537
1528
897
1539
1547
1240
1527
1019
1546
1543
1527
1533
1542
1538
1547
1548
1543
1429
1540
852
1532
1545
1540
1535
1535
733
1378
1551
1548
1366
1543
1531
1539
1539
1502
1357
1359
1540
1369
1511
1537
1541
1533
776
1526
1250
1539
1517
1542
1517
1546
1544
1264
1531
1518
1541
1445
1267
1533
1541
1543
1532
1534
1262
1547
1553
1547
1540
1544
1530
1115
1253
1345
1543
1343
1550
1542
803
1384
1545
1456
1510
1555
1105
1550
1527
1484
1547
1538
802
1541
1541
1036
1546
1543
1140
1438
1535
492
1534
1386
1541
285
1554
1529
1540
1529
825
1537
1533
1520
1534
1539
1392
1536
1544
1517
1465
1537
1541
1547
1041
963
1531
474
1519
1536
1540
1535
1536
1463
1545
1370
1529
1543
1541
1545
1534
1531
1544
1379
1541
1537
1541
1538
1363
982
1539
1530
1329
1529
1542
1535
1508
1535
1530
1536
1542
1538
1479
1537
1528
1543
1350
1542
1544
1547
1526
1495
751
1541
1543
1549
1549
1547
1213
1548
1526
923
1546
1554
1537
1544
1530
1527
307
1544
1541
1548
1537
1547
1502
1546
1543
1545
719
1545
1547
1525
1539
1109
1497
1540
1399
1548
1528
1388
1556
1542
1549
1533
560
1546
1528
1391
1520
1532
1546
1524
1537
1161
1538
1541
957
1517
1387
1532
1527
871
1400
1541
1546
1550
1528
1392
1545
1544
1356
1385
1551
1531
1539
1542
1527
1548
1564
1547
1537
1540
1536
1107
1529
1534
1546
1535
1444
1512
978
1539
1537
1532
1538
874
1120
1117
1534
1389
1544
1549
1542
1513
1544
1553
1544
1372
1444
1532
1543
1544
1544
1545
1543
1524
1545
1527
1504
1537
1547
1540
1526
1534
1538
1534
1541
1533
1537
1363
1543
1519
1537
1534
1540
1537
1215
1539
1540
1551
1548
1535
1522
1542
1527
1542
925
1541
1559
1543
1533
1538
1545
1531
1529
1548
1506
1531
1205
1535
1545
1375
649
1416
866
1549
1544
1546
1550
1543
1547
1412
1395
1034
1212
1538
1543
1546
1520
1549
1442
1546
1519
655
1501
1547
1532
1542
969
1421
1525
1435
1547
1545
1542
1370
1523
1540
1534
1538
1536
1542
1443
1515
1536
942
1537
1543
1543
1478
1540
1279
1540
1002
1429
1540
1543
1545
1510
1444
1540
1529
1543
1550
740
1548
1548
1313
1542
1531
925
1538
1423
1212
1545
1364
1541
1498
1542
1539
947
1548
1538
1544
1526
1535
1544
1541
1524
1544
1545
1542
1529
1539
1217
888
1536
1530
1545
1545
1541
861
1547
1546
1324
1541
1555
1544
1540
1548
1520
1469
1523
863
1535
861
1003
1548
1544
1534
823
1548
1530
1367
1390
1540
1544
1180
1003
1543
1537
1538
1178
1532
1126
1547
1541
1542
1541
1258
1532
1545
1540
1539
1538
1543
1539
1537
1536
1407
1289
928
1545
1542
1534
1135
1540
1338
1544
1335
1543
1292
1526
1537
1095
1548
1548
951
1426
1547
1538
1541
1404
973
619
1563
1544
1541
1547
1556
1545
709
1540
1390
1543
1527
1542
1540
1537
1538
1369
1542
1540
1529
1399
1522
1537
1551
1399
861
1437
1530
469
1544
1548
1363
1215
1470
1544
1540
1539
1541
1537
1532
616
1038
1547
1548
1530
1509
1540
1549
1372
1526
716
1496
1547
1538
1540
1283
1539
1540
1554
1535
1543
1543
1380
1369
1543
1528
1413
1025
1542
1536
1184
1528
1541
1551
1514
1340
1556
1484
1535
1531
1542
1167
1539
1539
1524
1497
1545
1545
1412
1543
1542
1544
1544
1435
1545
929
1379
1544
1540
1528
1544
1548
1543
1532
983
1547
1537
1545
1533
1538
1517
1537
1520
1540
1460
881
1521
1545
1536
1367
1535
1541
894
1067
1501
1538
1523
1540
1538
1533
1108
1541
948
1543
1336
1540
1365
1545
1358
1515
974
1547
1325
1489
1542
1536
1542
866
1526
1530
1531
1547
1538
1534
1551
1548
1521
1540
1539
1547
652
1525
1549
1533
1539
1543
1540
1411
1545
1537
1512
1366
1546
1527
1390
1531
1172
1456
1541
1540
1543
649
1543
1527
1536
1535
1534
1545
1538
1395
1541
1551
1082
1232
1543
1541
1531
885
1532
1521
1539
1476
1545
1530
1549
1541
1074
1453
1542
1537
1540
1520
1444
1529
1547
1539
1525
1406
1522
1542
1540
1134
1532
1523
1537
1535
1524
1528
1531
1385
1534
1521
1526
1541
1539
1549
1526
1539
1530
1371
929
1537
1539
1535
1075
1528
1266
1545
1547
1545
1545
1541
1199
1537
1544
1531
1527
1539
1532
1528
1538
1538
1528
1542
1544
1164
1533
1535
1542
1523
1537
1541
1538
1528
1433
1539
823
1519
1500
1544
1531
1549
1540
1542
1538
1513
1544
1542
1527
1555
1458
1544
968
1535
1539
1548
1534
1021
1225
1536
1531
1361
1251
1547
1544
1546
1524
1450
1539
1545
1467
1527
1524
1450
1071
1546
1527
1015
1545
1543
1542
1551
1544
1538
1180
1553
1543
1384
1540
1538
1552
1528
1544
1537
1396
1549
1540
1546
855
1316
1382
1540
1544
1542
1549
1537
1525
1541
1542
1340
1543
1544
1550
1547
1490
1554
1547
861
1548
1545
1542
1540
1504
1540
971
1533
1543
1529
1536
1546
1537
1506
1539
1155
1547
1538
1548
1539
1532
1531
1545
1533
1530
1381
1548
1443
1537
1522
1545
1528
1544
1378
1534
1529
1526
1548
1542
1361
1550
1543
1545
1535
1384
1531
1539
1544
1545
1436
1542
1153
1528
1528
931
1365
1548
1478
1163
1238
1546
1524
868
1545
1535
1478
1355
1450
1507
1539
1543
1542
1527
1527
1546
1541
1549
1544
1540
1403
1170
807
1531
1489
1538
1139
1545
1530
1540
1522
1534
1396
1103
1529
1542
591
380
1552
1333
1549
1544
1547
1548
1546
1551
1541
1530
1072
1542
1549
1518
1369
1380
1543
1545
1532
1520
1543
1539
1472
1539
1544
1512
1147
1545
1533
1524
1533
1172
1534
1528
1531
1166
1537
1373
1548
1534
1540
1402
1537
1521
382
1471
1537
940
1540
1529
1387
1543
274
1548
1545
1494
1513
1300
1553
1543
1520
1545
1384
1544
1551
1541
1531
1539
1541
1551
1527
1546
1545
1526
1540
1409
1539
1532
1548
1527
1531
1537
1559
1538
593
1546
1542
1539
1537
611
1541
1544
1533
1535
1541
1539
1540
1535
1536
1545
1537
1538
1465
1533
1551
898
1544
831
1544
1226
1541
1412
1548
1549
1542
1544
1521
1539
1536
1541
1527
1532
1542
1439
1545
1535
985
1536
1468
991
1554
858
1545
1529
1538
1552
1365
1520
1540
1112
1542
1538
1539
1535
1541
958
893
861
862
1546
1409
1529
1538
1546
1549
1526
1498
1539
1550
1547
1073
1295
1549
1533
1389
1531
1542
1526
1426
1352
805
1531
1409
1532
1534
1542
1547
1214
965
1541
1543
1530
1543
1549
1536
1528
1542
1532
1545
1483
1541
1532
1523
1522
1530
1464
1371
1544
1388
1524
1528
1531
1536
1331
1529
1542
1509
1514
1525
796
1535
1538
1541
1531
1517
1542
1530
1526
956
1517
1353
1545
1541
1539
1544
1499
1538
1531
1542
1402
1536
1544
1533
1369
1537
1372
1363
1541
1532
1546
1544
1540
1528
1540
956
1544
1404
1541
1520
860
1523
704
1543
1538
1539
1557
1549
1536
1533
1530
1536
1026
1525
1540
1542
1501
959
1538
866
814
1219
1549
864
1497
1347
1545
1546
873
1419
1530
1545
1534
1524
1540
1383
1547
1346
1545
812
1296
821
1486
1543
1535
1550
1549
1545
1535
1535
1543
1533
1542
1533
831
1376
1543
1419
1383
1549
1545
1529
1535
1539
1376
1523
1533
1532
1521
1535
1539
1547
1541
1537
1538
1538
1536
1543
1536
1545
1536
1544
1364
1520
1394
1094
1539
1540
1537
1539
1549
442
1532
1554
1546
1553
1551
1534
1549
1215
1532
1539
1131
1367
1541
1549
1531
1527
1537
1542
1543
1544
1539
1545
1532
1542
1551
1533
1534
1537
1546
1500
1545
824
1547
1543
1542
618
1525
1542
1519
1520
1542
447
1548
1546
905
1536
1541
1540
1540
1537
1553
1551
1393
1546
1370
1542
1540
869
1537
1547
888
1536
1036
1539
1509
1556
1538
1374
1542
1541
1527
1542
1400
1536
1540
1506
1533
1541
1538
1482
1535
1500
1533
1530
1373
1534
1378
1540
1540
1527
1501
787
1375
1358
1548
1546
1545
838
1270
1529
972
1547
1553
1544
1545
1550
1549
1543
950
1530
1541
1482
1534
1437
1461
1537
1381
1531
1524
1540
1551
1543
1058
944
1551
1552
1468
1373
1531
1540
1545
1513
1557
1542
1539
1537
1017
1414
1542
1479
1532
1031
1089
1536
1543
1546
803
1514
1541
1540
1385
1540
1521
1362
1444
1543
710
1544
1539
1347
1529
1541
1354
602
1542
1525
1383
1547
1544
1540
1362
1549
1539
1537
1540
1542
1540
1541
1369
849
1381
1534
1420
1538
1528
1544
1388
1046
1546
1541
1541
1043
1547
1557
1547
1451
1532
1525
1541
1533
1539
798
1548
925
1541
1469
1523
1534
1517
1522
1546
1546
1536
423
1148
1537
1535
1537
1547
1026
1010
1373
1543
1545
1487
1129
1454
1541
1536
1507
1529
1540
1432
1487
1547
1426
1515
1544
1540
1030
1207
787
1445
1543
774
1540
1546
1540
1547
1540
1536
1546
1547
1185
1537
1495
487
1484
1534
1392
1542
1544
1542
1444
1549
1541
825
1540
1525
1530
1523
1531
1269
1543
1528
1391
1539
1524
1387
1544
1537
1541
1533
1531
1523
1524
1528
1527
1540
1540
1496
1536
1260
1532
1548
1545
1540
1295
1387
1543
1543
284
1370
1546
1541
1392
1524
906
1534
1546
1511
1547
863
1543
1446
1548
1528
1542
1540
1542
1534
1194
1540
1543
1531
1537
1545
1531
1555
1468
1548
1539
1541
1521
1529
1180
1530
1417
1201
1530
1541
1542
1475
1530
1535
1463
1416
1185
384
1544
1552
1543
1558
1535
1543
1534
1523
1541
1365
1535
1530
1545
1021
1234
1520
1543
1514
1541
1548
1234
1538
905
1458
1545
1544
1481
1516
1522
1491
1540
1544
1497
1359
1544
1538
1542
1552
1369
1123
1203
1442
1547
1554
1302
1544
1529
954
1533
1032
1530
1511
1432
1528
1544
1544
1544
1544
1525
1541
1531
1526
567
1542
1537
1517
1317
1504
1547
1537
1544
1546
860
1556
1545
1509
1237
1532
1190
1425
1537
1543
1411
1106
1524
1525
1536
1540
1540
1541
871
1539
1530
1435
1535
861
1534
372
1543
1551
1538
1388
1289
1518
1542
1513
1538
1539
1293
1545
1545
1540
1540
1064
1371
1221
1539
1097
1544
1542
1411
1537
1542
1541
1481
1457
1427
1542
864
1534
1479
1543
1524
1546
1540
643
1259
1467
1548
1519
1542
1378
1375
1056
1537
708
709
1548
1535
971
1193
1548
1491
1537
1538
1539
1540
1546
1530
1408
1531
1396
1538
1374
1546
866
1351
1548
1529
490
952
1537
1549
1323
1544
1537
1540
1548
1543
1539
1549
802
1526
1548
851
1347
1543
1542
1384
1232
1524
1542
1459
1543
1543
1542
1546
1216
1542
1545
1538
1543
1536
1194
1535
1539
1294
1540
888
1536
1538
1543
1533
1528
1529
464
815
1538
1535
1525
1534
1401
1299
1543
1548
681
1538
1531
1547
657
1539
868
1527
1539
857
1412
1555
1532
1527
960
1455
1543
1545
1539
1521
1551
1539
1536
813
1543
1535
1531
1533
1539
1141
1540
1543
1539
1530
1529
1395
1374
1534
1535
1368
1526
1531
1545
1540
1537
1531
1540
1511
1492
1540
1160
1371
1545
1542
1543
1228
1526
1540
1415
1539
1545
1534
1541
1368
1535
1539
1522
1534
1448
1538
1529
1527
1542
1347
1545
1543
1539
1534
1539
876
1545
1550
1082
1534
1534
1549
1544
1535
1393
1311
1541
863
1546
955
1381
1546
1546
1544
1539
1552
1538
1547
1553
1536
1537
1544
1547
1534
1534
1543
1535
1261
1543
1545
1537
1360
1526
994
1536
1548
1547
1546
873
1537
1542
513
1531
1541
1340
1541
1544
1518
1337
1536
1379
1477
1537
1437
1542
1550
1548
1540
1540
1546
1537
1537
1544
864
1529
1511
1540
1526
1546
1528
1533
1248
1279
1541
1543
1466
1545
1181
1553
1548
1389
1543
1527
1532
1552
1547
1550
1547
1538
1544
1374
1539
1501
1527
1540
1537
1012
1381
1534
1539
1528
1547
1525
1529
1533
1536
1538
1525
1474
1268
1407
1554
1544
1537
1361
1338
1551
1534
1371
1532
1546
765
1534
1140
936
858
850
1388
1346
1550
1550
1382
1531
1523
1467
1541
1538
1550
1545
1547
1382
773
1541
1545
1543
1545
1236
915
1372
1540
1521
578
1533
418
1549
1549
1297
1551
1348
1542
1540
1543
1451
1537
1533
1542
1528
1539
613
1539
1419
1550
1548
1463
1531
1539
1287
1420
1554
1530
1547
1408
1537
1489
1240
1403
950
1544
1542
1527
1538
1540
1546
1527
1541
1545
1455
1541
1548
1492
1546
1539
1552
1522
1540
1536
1398
1006
1523
1547
1535
1445
1532
1539
1541
1529
1550
1431
1543
802
921
1536
1549
1543
1438
1525
1543
1546
1471
1535
1537
1541
1177
1533
1536
1525
1134
1536
1545
529
1367
1530
1533
1542
1503
1544
1546
1538
1520
1544
1536
1510
1546
1376
1300
1509
1550
1536
1536
1517
1533
1114
1533
1539
1545
1539
1511
1179
1546
1529
1234
1536
1540
1543
726
1544
959
1541
1540
1553
1166
1541
1568
1530
1528
1065
1529
1544
1360
1543
1530
1543
1540
801
1452
1536
1541
1545
1263
823
1538
312
1555
1536
1545
1217
1546
1405
1541
1535
1522
1537
1543
1378
1539
1543
1537
1533
1535
1529
1522
1556
1543
1433
1543
1535
822
1544
1544
1544
1531
1523
1415
1530
1542
1522
1544
1255
1550
1539
1547
1383
1373
1532
1540
1384
1512
1539
1090
670
1555
1533
1539
1549
1520
1546
1549
1379
1537
1522
1538
1521
910
1542
1536
1544
1541
1540
1535
1375
1536
1521
1541
1537
1549
1549
1539
1235
1540
1526
1539
1541
1555
1533
1532
1544
1373
1520
1472
1519
1503
657
1540
1548
1544
1552
1546
1542
1529
1536
1378
1531
1539
1549
1479
1543
1523
1540
1528
1528
1525
1540
1537
1540
1542
1166
1376
1537
1542
1539
1542
874
1521
1529
1390
1328
1392
1550
1532
1538
1550
1537
862
1443
1545
1386
1555
1096
1548
1542
1523
1549
1549
1540
914
1542
1526
1524
1541
1544
1533
1535
1531
1538
749
856
1382
1536
1543
1344
1424
1363
1543
1539
1542
1543
1534
1543
1532
1384
1305
1531
1543
1040
1542
1524
1537
1532
1509
1538
1529
1542
1537
1544
1535
1531
1534
900
1536
1532
1524
1532
1518
1545
1524
1541
1527
1542
1360
1533
1497
1541
1532
1534
1539
1520
1383
1533
1535
1529
1358
720
1536
1502
1536
1524
1528
1529
1539
1545
1543
1532
1529
1513
669
1472
861
1539
1389
1550
1546
1542
1536
1543
536
1525
1555
1537
1493
1505
1541
1548
1480
1547
1540
1544
1543
1516
1523
1537
1492
1369
1528
1543
1540
1540
1371
1542
1543
1512
1542
1417
1390
1524
1474
1540
824
1534
1543
1518
1538
1546
1545
1551
1548
1548
1537
1546
1536
1532
1378
943
926
1526
1516
1532
1534
1152
1376
1545
1482
395
1544
1449
1547
1540
1346
1543
1555
1124
1545
1548
1547
1538
1546
1518
1541
1544
1525
1547
1523
864
1524
1548
1526
1526
1068
1545
1532
1540
1542
1537
1556
1540
1544
978
1546
571
1536
1544
1543
1527
1542
1548
1541
1510
1543
1527
1539
1522
1359
1538
1539
1546
1365
538
1534
1543
1549
1546
1390
1541
890
1536
1547
1536
1537
1523
1385
725
1531
1542
1221
1545
1395
1537
1545
1544
576
1548
1543
866
1540
1543
861
1540
1541
1402
1524
1391
1546
1548
1545
1549
1390
1543
1543
1540
1525
1544
1538
1513
1544
1158
1543
1537
1540
1537
1543
1540
1492
1527
1569
1535
1529
1543
1517
1046
1547
881
1542
1542
1542
1537
1543
1538
1531
1539
891
1517
1543
1540
1542
1539
1537
1544
1342
1112
1553
1530
872
928
1540
1534
1531
1538
1537
888
1532
1539
1536
293
1537
1485
1391
1540
1396
1538
1341
1545
1544
1532
1531
1548
1551
1545
1543
1544
784
1548
1536
1528
1528
1211
1379
1542
1522
1537
1539
1555
1311
407
1381
1336
1515
1475
1540
1554
1506
1544
1533
1371
970
1528
846
1413
1549
1540
1497
1537
1549
1541
1218
850
1415
1537
664
1539
1551
1546
1546
1538
1530
1541
1545
1482
1062
1539
1296
1539
864
1538
1528
1544
1521
1547
864
1540
1428
1522
865
1550
1544
1545
1537
1548
1547
1548
1545
554
1536
1529
1546
1533
1542
1524
1526
1542
1539
1372
1527
1545
1551
1540
1411
1552
1545
461
1519
1545
1541
1538
1541
1540
1517
1490
1529
844
1524
1535
1538
1536
1115
1542
1542
1545
1441
1541
1008
1546
1548
288
1073
1529
1541
1513
1542
1545
1537
1546
1542
1543
1535
1507
1540
1545
1536
1546
1553
1543
1536
1280
1542
1542
1530
1543
1206
1536
1494
1542
1545
1537
1443
1550
864
1423
1370
1499
1479
1404
1546
1537
1547
866
1262
1331
1532
1459
1541
1553
1514
1522
1547
1545
519
1521
1505
1546
1076
1546
1546
1078
1533
1536
1544
1530
1540
1541
1546
1547
1542
1546
1551
1216
1038
818
1544
1550
1540
509
832
1547
1534
1324
1173
1544
1544
1537
1538
1479
1538
1537
830
1549
1524
1550
1548
1390
1522
1523
1477
1538
1526
1545
1539
820
1518
1543
1304
939
1544
1352
1179
1542
1540
1543
1541
1376
1539
1532
1541
1536
846
1548
1545
1544
1546
1544
1538
1363
1544
1543
1538
1531
1422
859
846
1549
1547
1536
1543
1456
1543
835
1540
1538
1538
1377
1378
1371
1310
1518
1548
309
1539
1546
1552
1545
1545
1525
1540
1546
1530
1547
1545
1540
1531
867
1540
1482
298
1545
1551
1526
1026
1395
1540
1551
1535
1529
1529
1536
1529
1531
1535
1543
1522
1495
1469
1525
906
987
1544
1541
1547
947
1541
1230
1525
1547
984
1554
949
1130
1541
1543
1548
919
879
1542
1544
1545
1551
1520
1540
1373
1059
1538
1227
1549
1501
856
1549
1543
1365
1542
1548
1546
1508
1540
1530
1514
1542
1108
1510
1543
1518
1542
1533
1538
1511
803
1544
1403
1525
1529
1538
1484
1413
777
1544
1538
1546
1270
1538
1529
1537
1546
1541
354
1375
1539
556
1537
1222
1535
1533
1377
1540
1446
1543
1538
857
842
1545
1542
1538
1367
1552
921
1544
1445
490
1532
1505
836
1505
1544
1516
1094
1541
1551
1419
1545
1548
1542
1505
1535
1537
1544
1543
930
1547
1533
1552
1523
1543
1535
1508
1532
1536
1549
1536
1466
1538
1538
1349
1371
1543
1366
1552
850
1550
1539
1522
1533
1381
860
1536
1532
1516
1243
1471
1535
1537
1526
1542
1538
1531
1539
1539
1550
1547
1544
1534
914
1542
1525
1254
1537
1541
1546
1534
1546
1537
1493
1539
1549
1409
1543
1540
864
531
1548
1543
1542
1390
1546
1186
1026
1546
1535
947
1542
1547
1537
1542
1525
1546
1540
1530
1176
1542
1534
1534
1539
1476
1521
1490
1387
1138
1529
1454
1536
1568
1535
1534
1538
1540
1346
1341
1391
1548
1544
1405
1544
968
1510
1359
1524
1552
1547
1544
1361
1548
1392
1482
1535
1479
1539
1535
1538
946
1474
1527
1552
1527
919
1508
1544
1540
1546
1546
1544
1529
1544
1537
1544
1543
1539
1524
1544
1544
1542
1541
865
1545
1437
1539
1538
1540
1533
1293
1545
1550
1530
1542
1543
1541
1546
1521
1506
1246
1540
1008
1373
1554
1538
1545
1539
1539
1533
1542
1538
1542
1544
1250
1537
1484
1548
1539
1543
1542
1484
1515
876
1531
849
1382
907
1508
1444
1549
1548
1547
1327
1540
1545
1547
1546
1546
1547
1538
1539
774
1007
1540
1544
628
1547
1553
1543
1537
1537
1526
1546
1477
1539
1518
1547
1539
1540
1545
1483
1138
1538
1544
1543
1539
1395
1544
1344
1529
1544
1376
1519
1535
1293
1390
1546
1232
1556
1546
1441
1542
1545
1384
1546
1375
1523
1552
1539
1540
1536
1542
1537
1547
937
1538
1450
1539
1533
1531
1550
1303
1542
1532
900
1307
1538
876
1353
1545
1001
1376
1543
1553
1267
1450
1555
1525
1527
1384
1539
1543
1537
1547
1528
1541
1541
1543
1498
1375
1534
1529
1544
1515
1530
1539
1318
1539
1541
1526
1552
1547
1543
1544
1535
1537
1539
1542
1542
1421
1543
1540
850
1538
1377
1539
1543
1342
891
912
1532
1532
1532
1542
1438
1544
1543
1542
1287
1533
1542
1551
1365
1103
1549
1542
1366
1546
1534
1540
1386
1527
1542
1537
1531
1542
1540
978
1541
1544
1381
1486
1527
1543
1536
1550
1541
1536
1534
1543
1545
1539
1527
1249
1530
1345
1540
1557
1400
1541
1367
1538
1546
1293
1534
754
1544
1526
1507
1525
1521
1531
1145
975
1409
885
1535
645
1391
1537
1507
1521
1542
1529
1529
1510
1521
1540
1384
1547
1550
1535
1545
1082
1539
1466
1547
1552
963
1533
903
1510
1549
1541
1539
1529
1545
1480
1547
1269
1532
1544
1534
1522
1364
1545
1371
1542
1545
1526
1545
1526
1390
1541
1373
1543
1403
1549
1515
1544
1527
605
1283
1411
1360
1534
1533
1543
1541
576
1536
1542
1533
1562
1540
1533
1536
1527
1246
1542
1366
864
950
1542
265
1470
1543
1304
305
1413
1250
1363
1540
1544
1443
1540
1534
1536
1511
1538
1548
1547
1535
1536
321
1543
1535
1520
868
865
1551
1526
1540
1546
1555
1274
1486
1369
1545
1541
1545
1199
1077
1545
1527
1422
1502
1538
1457
1544
1535
1438
1504
1539
1239
812
1543
1056
1543
1541
1537
1536
1544
1535
1532
1396
1522
1537
1544
1543
1525
1540
1551
1544
1534
1537
1544
1490
1531
1533
1509
1536
1535
857
1537
1542
1511
818
1543
541
1546
1524
1537
1543
1105
1545
927
1365
1054
1540
1540
1541
1546
973
1528
1538
1544
1537
1550
1549
611
1539
1351
1545
1539
1549
1542
1536
1497
1524
1513
1386
1539
1019
1528
1525
1529
1543
1508
1529
1540
1539
1540
1541
1475
810
1536
1537
1528
1542
1530
1523
1536
1371
1523
1538
461
1537
1539
1540
1546
1371
1539
1539
1543
1354
1545
1536
1526
1522
1552
1542
1286
1542
786
1380
1541
1541
1527
1541
1540
1523
1409
1506
1516
1546
1533
1529
1536
1502
869
1254
1534
1540
1539
1534
1544
1546
1542
1536
1539
865
1529
1536
1372
1543
1535
1539
1541
1365
1386
1527
1521
1543
1546
1539
1540
1540
854
1531
1517
1287
1538
1417
1539
1540
1538
1536
1529
1540
584
1544
1542
1531
1526
1521
1553
1529
816
1544
1564
807
1551
1390
1519
1040
1165
1302
1547
1530
1548
1548
1538
1527
1263
1538
1539
1533
1543
1373
1282
1557
976
1541
1544
1544
1528
1524
1528
1542
903
1539
1546
1539
1537
1544
1544
1422
1511
1533
1545
1542
1535
977
1545
976
1213
1391
1544
1548
868
1538
1549
392
1528
1531
1412
1550
1075
1227
1547
1522
1533
1540
1546
1540
1535
1461
1540
1538
1094
1532
1393
1539
1536
1545
1547
1548
1542
1534
1363
1527
1538
1538
1237
1250
1542
1427
1551
1532
1543
1525
1520
1548
1531
1403
1532
801
1542
1536
1544
1557
1418
1538
1290
1542
1529
1530
1539
1525
1546
1254
1548
1479
1545
1427
1187
798
1254
1554
1539
1486
1554
1549
363
1544
1557
1529
1408
1488
1542
1454
1546
1543
1541
1540
1544
1534
1507
1536
1501
1540
1540
1538
1548
1543
1539
1544
1538
1543
1541
1438
1541
1545
1542
1349
1064
1392
1005
1189
1245
1539
1515
1547
1549
1554
1412
1537
1545
971
1546
1537
1550
1545
1543
1539
1544
1479
1553
1548
1528
1362
917
1552
1539
1530
1541
1488
1548
1464
1545
1546
1528
1535
1273
1545
1162
1548
1480
1322
1532
1533
1499
1521
901
1540
1347
1359
1537
1532
1537
1549
1547
1543
1555
1538
1548
1544
1500
1533
1550
980
1536
1448
1088
1540
1541
1363
1553
1544
892
1198
1536
1536
910
1532
1443
1526
1546
1547
1544
1550
1525
857
799
1470
1544
1544
1536
1548
709
610
1373
1307
1531
1537
1273
1545
1549
1514
1537
1548
1542
1539
1527
1448
1458
1536
1543
1537
1244
1510
1491
1552
1539
1545
1551
1052
974
1366
1320
1547
1519
1546
911
1247
1531
1371
1407
1090
1546
1541
1550
1466
1281
1538
1526
908
1537
1538
1543
1540
1355
1539
1543
1545
1535
1493
1544
1545
1533
1542
1442
1530
1540
1374
791
1368
1533
1543
1538
1541
1509
1541
1335
1550
1529
1291
1541
949
1545
1211
1538
1541
1538
1137
1543
1536
629
1456
1543
1532
1512
1541
1537
1526
1538
1544
1363
998
1530
1535
1343
1536
1193
1529
990
1233
1383
1547
1538
1536
1535
1538
1544
1537
1534
1544
1507
1533
1549
1524
1544
1547
988
1545
1520
1374
1381
1537
1543
1531
1533
1525
1540
1525
1536
1539
977
1379
1536
1386
1537
1100
1537
1490
1522
1538
1541
1539
1522
1543
1540
1541
1174
1535
1380
1524
1536
1525
1533
1508
1542
1507
1541
1537
1534
1543
1536
1532
1542
1359
837
1091
1315
1462
1477
1547
1494
1302
1530
1548
1538
1534
818
1542
1534
1543
1537
1365
1537
1276
1541
1543
841
1539
1543
1537
1539
1380
1036
1548
1137
1532
1549
1536
1531
1438
1540
1541
1350
1535
1530
1387
1537
1538
1539
1541
1544
1463
1539
1472
1503
1544
1195
1545
863
1544
1544
1543
804
1487
1538
1482
1372
1540
1427
1539
1541
1550
1540
1543
1536
1521
1539
1496
1542
1542
1533
1528
470
1529
1554
1540
1541
1529
838
1551
1537
1537
1314
1003
1549
1535
1540
1530
1540
1474
1541
1550
1551
1531
1189
1414
1470
1538
431
1533
1544
1542
1538
1568
1526
1347
1553
1504
1535
1526
1534
1538
1512
1532
1543
1539
1533
1525
1452
1541
1546
1536
1536
1512
863
1523
827
1379
1414
1537
1376
1243
783
1373
1546
1275
1412
1295
1541
1402
794
1529
1540
698
1546
1543
1543
1531
1511
1542
1543
1543
1544
1541
1280
1534
1537
1537
1545
1529
1058
1379
1531
1541
1496
1531
1523
1540
1244
1364
1534
1549
1541
1538
1545
1549
1541
1542
1539
1559
1397
1552
1547
1547
1424
1531
1543
1533
1523
1539
1525
1502
857
1543
1529
1455
1547
1540
1551
1544
1382
1259
1532
1530
1545
1544
1368
1547
1541
1538
1365
1541
1542
1540
1544
1531
1528
1531
1544
987
1538
1355
1505
1531
1539
1544
1496
1518
1382
1291
1546
1549
1472
1541
1540
1540
1535
1279
1547
1541
1536
1483
1538
1538
1533
1543
927
1513
1538
1153
1518
887
760
1530
1540
1268
1503
862
1543
1544
926
1541
1537
881
1493
1533
1377
1325
1228
1543
837
1465
1542
1539
1359
1524
1374
1543
1543
1538
1515
1541
1541
1529
1540
1548
1545
1547
1298
1535
1539
1549
1546
863
1264
564
1258
1533
1542
1527
1535
1538
1523
1537
1540
774
1403
877
1541
1541
1541
1541
1535
1538
1535
1535
894
1533
1533
1544
1541
1534
1537
331
1535
1542
1537
1273
1546
1536
1542
1514
1525
1526
951
1545
1543
1545
1534
1534
1537
1370
1534
1126
1539
1190
1541
1428
1544
1542
1526
753
1512
861
1546
1492
1347
1542
1372
1542
968
1542
1548
1541
1536
1547
1410
961
1372
1521
1525
458
1541
1540
766
881
1538
1542
1547
1546
1353
1548
1559
1532
1539
1545
1544
1321
1430
1532
1548
1548
1307
1534
1536
1544
1536
906
1372
783
1549
1543
1543
1544
1543
1546
1546
1548
1370
1545
1538
1546
1545
1545
1533
1539
875
1545
1526
1538
1538
1526
1537
1543
1535
1536
1361
861
910
1281
1545
1544
540
1547
1543
1384
1375
1546
1137
1122
978
1546
1530
736
1540
1543
932
1552
1533
1551
1412
1537
1545
968
1550
1504
859
1541
1523
1542
1536
854
1542
319
1524
1488
863
918
1545
1544
1462
1528
1536
1547
1544
1547
1531
1538
1539
1524
1540
1540
1538
1325
1543
1536
1544
1453
730
1536
1537
1541
1512
1454
1518
1427
1535
1537
566
1532
1510
1274
1532
1539
1545
1367
1536
1537
1536
1402
1400
1370
1527
1548
1537
334
1493
1523
1538
1544
1541
1530
1352
1535
1366
1535
1520
1531
1532
1541
1547
1365
1538
1377
1544
1048
1524
1121
1535
1529
1539
1325
1543
1539
1526
1560
1538
1050
1542
1524
1548
1547
1540
1537
1541
1535
1547
1163
1542
1532
1532
972
1540
1535
873
1543
1490
1544
421
1559
1528
1535
1268
1536
1361
857
1388
1376
1545
1505
1379
1536
1542
1493
1549
1289
880
1153
1514
1548
1394
1538
1534
1543
867
853
1252
1378
1548
1513
1425
1543
1549
1539
1298
1468
1422
1494
1549
1545
1540
1545
937
1548
879
1118
1529
1550
1538
1546
858
1369
653
1551
1542
1541
1176
1302
1544
1503
1540
1551
1547
1544
1536
1542
1541
1548
1529
1540
1539
1549
1535
1512
1533
1543
1542
1542
1359
1513
1539
1543
1551
1398
1548
1541
1499
1401
1245
1544
1365
1543
1531
1541
1540
1546
1549
1539
1547
1542
1519
1553
1549
1531
1537
1542
1504
533
1532
1525
1366
1485
1540
1548
1533
1536
1524
1513
1543
1509
1529
1370
1542
1484
1542
1529
1540
1542
1539
1543
1540
1540
1529
1403
1528
1541
1308
1351
1541
1536
1537
1526
1535
1547
1537
1535
1535
1053
1531
527
1418
1551
1356
1549
1501
1377
1536
1540
1511
1502
1541
1419
1547
1545
1547
1375
1168
1545
504
1543
1529
1357
1546
1188
1546
1544
1382
1539
411
1548
1546
1549
1545
1550
1527
1519
1550
1438
1541
1557
1542
1546
1524
1508
1207
1544
1551
1152
1387
954
1554
1556
1550
1527
1548
1540
685
1470
1535
1278
1535
1545
1541
1542
1540
1081
1546
1544
1544
1532
1539
1534
1514
1547
1538
1536
1543
1541
1359
1464
1553
1549
1072
634
1543
857
1552
1504
1553
1039
1547
1441
1547
1477
1547
1542
1468
1097
1540
860
1375
1538
1541
1540
1536
1509
1536
1162
1364
1532
1530
1541
1543
1253
854
1535
740
1402
1540
1540
1537
1544
1548
1536
1556
1532
1550
904
1393
1546
1395
1541
1538
1531
702
1474
1533
1546
1550
1133
1540
1546
1531
1537
1109
1055
1537
1548
834
1543
961
1528
1541
1005
1157
1542
1074
1540
1451
986
1534
1546
1541
1540
1547
1478
1544
1525
1543
1538
1537
1542
1539
303
1077
1013
1546
905
1543
1550
1522
1548
1545
1544
1376
1540
1545
1453
1205
1538
1549
1544
1544
1543
1519
1329
1449
1543
1462
1526
1364
1161
1007
1530
1524
1538
1544
1548
1532
1465
1548
1542
980
1544
1539
1541
1543
1541
1542
1355
948
1548
1383
1541
1545
1532
1402
903
1540
1535
1549
1538
1538
660
1545
1544
1524
1529
1465
1540
1539
473
1315
1541
1491
1491
1232
1549
1538
1545
1535
1532
1540
1078
1497
1542
1366
1246
1542
1546
1546
1537
1525
1542
1542
1439
1535
1372
1537
1539
1531
1528
956
1531
1544
1550
344
1409
1350
1441
1528
1337
1540
1543
1543
1535
1546
1532
1393
1541
1541
751
1353
1528
1546
1407
861
1525
1541
1545
1523
1507
1544
1541
1473
1545
1542
1538
1529
1547
1531
1546
1490
1420
1317
1109
1348
1469
1543
1539
1534
1529
1543
1536
1539
1533
1437
1510
1539
1419
1369
1538
1551
1526
1542
1541
1535
1116
1536
1210
411
1350
1548
1531
1533
1535
1538
1490
1540
1540
1444
1542
1374
1384
1541
1523
1547
1537
1536
1545
1539
1535
681
1529
1541
1542
1548
1547
1507
1543
1077
1532
1550
1534
1298
1520
1505
1167
1536
1543
1446
1549
1544
1549
1514
1064
1540
1533
1540
1540
1385
1300
1035
1443
1532
1538
1550
1549
1504
1536
1546
1532
1538
1307
1354
1545
941
1548
1519
928
1176
1541
1523
1504
1541
1538
852
1371
1540
1554
918
1529
1540
857
1376
1550
1553
1207
1522
1552
1481
1547
1527
1093
1533
1538
1491
1539
1540
1551
887
1537
1187
1524
1542
1372
1546
1543
1011
1537
1534
1534
1351
1465
1536
1433
1543
1545
1544
1541
1537
1544
1531
1541
1547
1536
1384
1548
1535
1527
1541
1446
1533
1545
1535
620
861
832
1539
1544
1529
1346
1545
1536
1538
1131
1312
1546
1533
1537
1531
1543
1005
1346
1539
1540
1522
463
1547
1483
1517
1536
1521
1541
1544
1529
900
1545
1404
1537
1529
1545
1452
1390
1544
1527
1546
1545
1539
1524
1532
1545
1535
1538
1057
1525
1531
1543
1538
1537
1374
1532
1365
1534
1523
1534
1549
878
1543
1549
1547
1539
967
1536
1525
1542
853
1379
1376
1544
1501
1513
1534
1545
1538
956
1370
863
1545
1545
1536
1531
1535
1535
862
1100
1543
1410
1546
1358
1542
1535
1543
1537
1537
1544
1475
1535
1535
1540
1544
1336
1545
1523
1542
1068
1547
1508
376
1545
1374
1547
1548
1240
1540
1545
1546
1540
1524
1539
1546
1328
1540
1179
1526
1546
1542
1532
1543
1536
1363
1470
1523
1519
1541
1543
1418
1273
1540
1548
1549
1334
1384
1538
1544
838
1539
1529
1538
1497
1536
1539
1527
1367
1545
1542
1221
1557
351
1294
1546
1380
1540
1502
1417
1543
1555
1533
1547
1518
1536
1564
1535
1548
1365
1540
1542
1542
1509
1543
1545
1532
1531
1544
1543
1540
1536
867
1510
1444
1537
1532
1103
1512
1508
1168
1525
1544
1511
1520
1549
1552
1543
1040
1536
1554
1543
1529
1543
1514
1536
1372
1527
1543
1521
1541
1541
1534
1513
1535
1547
1540
492
1538
1526
1537
1542
861
1526
1538
1541
1537
1532
1543
1542
1380
1540
1539
870
1487
1156
1546
1543
1541
1533
1539
1369
1545
1534
1532
265
1544
1547
1545
909
1481
1434
1531
1360
1553
1155
1534
1539
1547
1481
1095
1540
1523
332
1544
1540
1545
1537
1540
1213
1535
1530
1541
1544
974
1549
1534
1550
1166
1372
1537
1543
1492
1544
1549
857
1311
1538
1547
674
1540
1537
1539
1536
1533
1536
1540
1524
1542
1446
1538
1426
1386
1546
590
1538
1543
1543
1437
1541
1533
1386
838
1546
1544
1549
1532
1541
1538
1544
1547
1544
1539
1537
1536
1534
1385
1392
1333
1369
1518
1536
1539
1540
1542
975
1539
1433
1543
1519
1389
870
1536
1543
1555
1544
1541
1543
1522
1532
1547
1533
1504
1528
1535
1544
1535
1538
1525
1532
972
1536
1524
863
1424
1541
1541
379
1537
1538
1255
1536
1440
330
1543
1531
1047
1543
1542
1536
1534
641
1544
1546
1535
1537
1301
1189
1546
1495
1552
307
1328
1545
1472
1349
1543
1541
1416
1548
1544
1547
1384
1538
1546
1545
467
1548
1537
951
1547
1535
1333
1539
1067
1012
1412
1493
1547
1548
1533
1543
1523
1545
1546
1547
1168
1545
1541
1539
1539
1543
1542
1544
1526
1544
1541
1534
1543
1536
1539
1543
1541
1546
1544
1529
1409
992
1525
1540
1539
1543
1296
1544
1534
1539
1537
1454
1523
1523
1252
1370
1540
1535
1548
1540
1528
1537
1544
1373
1056
1541
1531
1401
1530
1539
1544
1538
1539
739
1506
1546
1536
1544
1542
1003
1540
1548
1542
1543
1368
854
1528
1514
1546
1548
1539
1510
1540
1537
1542
1422
1181
1544
1526
1542
1545
1537
1082
1358
1535
1464
1525
1528
1530
522
1184
983
1323
1537
1556
1542
1542
1456
1540
1518
1536
337
1375
1539
1532
1508
1545
1534
1554
1341
1543
1543
1541
1380
1532
1548
1538
1349
1536
1400
1544
1521
1534
1545
1541
1545
1549
1545
1540
957
927
1527
1149
1475
1543
1535
1543
1544
1528
1548
1368
1551
1537
1536
1537
1534
1545
1347
1550
1287
1531
1537
1540
1524
1550
1536
1537
1541
1517
1288
1534
1543
362
1466
1528
1546
1539
1549
1522
1539
1543
1542
1544
1546
1541
1544
1542
1128
1551
1549
1538
1195
1366
1170
1376
1517
1526
1540
1544
863
1194
1373
1531
1547
1531
1543
1545
1007
1552
1481
1475
1533
575
1547
1545
1537
1518
1551
1525
1376
1290
1547
1443
1400
335
1527
1549
955
1513
867
1536
1435
1537
1541
1536
1544
1528
1537
1537
1489
1541
1544
1540
867
1545
1544
1534
1519
1533
1544
1183
1542
1537
1546
1141
1536
1531
1533
1532
1520
1533
1539
1540
1550
1539
1547
1541
1536
1545
1539
476
1543
1505
1535
1544
1524
1519
1543
955
1122
1534
1534
1269
1542
980
1549
1340
1535
1500
1538
1543
1459
1541
1508
1550
1536
1533
795
1546
1515
1534
1545
1500
1536
1514
855
1545
1532
1432
1539
1514
1539
1460
1545
1539
1534
1529
1094
1533
1541
1542
1539
1522
1544
1511
1529
1528
1555
1374
1546
1365
1542
1544
1544
1540
859
1552
1377
1544
1547
1541
1546
1528
1154
1118
1539
1541
1436
1552
1171
1394
1544
1544
1162
572
855
1513
1540
1364
1536
1544
1540
1523
1532
810
1520
1564
1151
1176
270
1535
1101
1539
1547
1543
1540
1545
1549
1525
1510
1544
1544
1533
1515
1538
1534
1130
1544
1549
867
1539
1538
1542
1537
1523
1399
1532
1361
1541
1543
1543
842
1532
1323
1544
1527
1541
1544
1513
1509
1542
1546
1542
1542
472
1411
1547
1534
1542
1490
1539
1257
1527
1530
1525
1348
1541
1539
1541
1326
1442
825
1535
1543
921
1531
1358
1541
1541
1532
1518
1159
1424
1537
1534
1536
1527
1317
284
1535
1522
1535
1543
1544
1534
1372
1533
1233
1543
1487
1538
1536
1543
1542
1522
1042
1540
1547
1542
1448
1536
1541
1535
1543
1537
1539
1527
1535
1505
1395
1528
1343
1546
1536
1529
1513
1543
1537
1506
1540
1379
1537
1527
1548
1535
1541
1543
1540
1525
1311
1546
1522
1542
1510
1533
1363
1532
1539
1527
1410
1538
1526
1540
1529
1532
1526
1545
533
1515
1513
1538
1528
1549
1528
1531
1542
1523
1537
1536
1532
1538
1253
1514
852
1536
1525
1373
1532
1539
1100
779
909
1536
1535
748
1543
1532
1377
1546
1325
949
1543
1537
1538
985
1532
1540
1514
1541
1530
1545
984
1533
1166
1423
1534
1550
1531
1548
746
1541
1479
1494
1535
1545
1541
1542
974
1532
1542
1524
1536
1371
1526
1545
860
1532
1531
1380
1538
1530
1140
1538
1529
1536
1483
1540
1541
1073
1542
331
1374
1539
1526
1348
1480
1540
1533
1537
1534
1532
1537
1376
1531
1531
443
1538
1536
1541
1367
1545
1534
1524
1531
1540
1519
479
1532
1542
1178
1543
1534
1540
1538
1551
1522
1421
1532
864
344
1542
1163
1544
375
1510
1542
1535
1537
1539
1239
967
1531
1471
1546
1517
1536
1547
834
1542
1021
1532
1540
1084
1530
1377
934
1055
1527
1448
1539
1531
1540
1525
908
1539
1146
1364
1539
1509
1530
1530
1375
1390
1536
1409
1539
1548
1488
1541
1532
1551
1542
1507
1542
1528
1536
815
1533
1526
1530
1464
1521
1375
1370
1546
1543
587
1385
1544
878
1543
1542
1547
1541
1552
1548
951
1533
1536
1545
1536
1433
1540
1536
961
1551
1528
1356
1539
1545
1537
1527
1546
1527
1546
958
1116
1541
1530
1517
1539
1433
1547
1121
1545
1149
1368
1541
1510
1270
1464
1547
1175
855
1547
1375
1548
1476
1533
1201
1533
1492
1544
1536
1533
1361
1540
864
1548
593
1372
1302
1544
1536
1537
608
1526
1537
1536
1505
1544
1531
1539
1536
1544
1285
1539
1549
1538
1527
1534
1378
1535
1537
1543
1549
1511
1535
1552
1521
1280
1538
1545
1540
1543
1536
1512
1537
1531
1535
1479
1534
1540
1507
1532
616
1544
882
786
1532
1300
1539
1467
1543
1370
789
1511
1543
1544
1546
1541
1549
343
1221
1539
1384
1548
1532
1549
1545
1534
1543
1545
1528
1479
1545
1078
1546
1525
1539
1521
1533
1540
1539
1542
1543
634
1535
791
1548
1544
1516
1537
1541
1438
1376
1537
1518
1379
1409
535
1518
1542
1530
1525
1537
1536
605
1457
1537
1543
1083
1538
1531
1535
1360
1426
1495
1546
1179
1539
1305
1539
1548
1477
878
1539
1542
1540
1534
1549
1517
1553
1528
1509
1528
1540
1545
1368
1544
1163
1543
1523
1535
1540
1542
1545
1552
1538
1438
1537
1535
1432
340
1541
1524
1545
963
1540
1426
1550
1545
1363
1540
1541
1551
1547
1538
1540
1537
1531
1525
1528
1539
975
1524
1539
1539
1536
1541
1354
1363
1534
1564
1365
1530
1533
922
1540
1528
1545
1537
1533
1541
1527
1536
1531
1532
1531
1544
1529
1534
1023
1359
1546
1545
1178
1527
857
1543
1544
1543
1540
1168
1465
1503
856
1537
1533
1545
1489
1524
1545
1408
1549
1528
1451
1531
1526
1397
887
1507
1412
1546
1541
1534
1546
1431
1542
875
1441
1223
1541
1547
1537
1548
1137
1197
1540
1539
1547
1540
1538
1534
1372
1534
1534
1541
900
1551
1483
1522
1540
1299
1525
1477
1520
1542
1540
1528
1538
1533
1541
1549
1539
1520
1504
1540
1552
1541
1545
1545
1427
1549
1372
1533
1544
1071
1494
1362
1540
1358
1544
1552
1378
1422
951
1535
1540
1539
1539
1543
1540
1223
1539
1541
1255
1540
1424
1540
1511
1365
1538
1540
1538
1528
1544
1534
1540
1542
1545
1522
838
1525
1535
265
1549
1539
1519
1539
1539
1528
1545
1233
1532
1536
804
1376
1371
1209
1543
857
1540
1075
1540
1539
1539
1379
1536
1512
1411
1176
1136
995
1540
1539
1530
268
1254
1529
1530
1524
1525
1540
733
1536
1540
1543
1545
1542
1539
1542
1296
1543
1546
1537
1538
1126
1197
1542
1509
1538
1539
1527
1063
1360
1362
847
1547
1546
1537
1539
1530
1121
1536
1535
965
1533
1541
1097
1542
1544
1544
1376
1534
1531
1527
1543
1536
1388
1546
934
1533
401
1544
1275
1300
1544
1499
1399
1539
1551
1532
1538
1527
890
1563
1171
1542
1399
1548
1467
1146
1541
1272
1528
1209
1531
915
1529
1531
1535
1536
1408
922
1533
1375
1539
1371
1546
1532
1539
1549
1513
1533
1556
1548
1237
1539
1563
1536
1537
1542
1547
1552
1539
1485
1160
1545
1552
1210
1529
874
1541
1528
1508
1537
1533
1540
1550
396
1195
1559
1548
1553
1545
1365
1507
871
1427
1380
1541
1512
1550
1540
1547
1526
1392
1530
1548
1536
1362
1529
1543
1445
1544
1537
1541
1533
1541
1544
1538
452
1544
1547
1540
1444
1555
1542
1541
1537
1020
1538
1213
1546
1541
1546
1541
1540
1356
1529
1535
1550
1264
1317
1547
1363
1544
1529
1539
1433
1532
1306
1542
1544
861
1546
1543
866
1555
1526
1543
1546
1127
1540
1542
1284
1522
1546
1051
1538
1337
1536
1531
1536
1542
1514
1536
1541
1388
841
1543
916
1546
1535
1542
1535
1536
1321
1548
948
1533
1490
1541
1542
1530
1077
1289
1538
1543
962
1546
1437
1506
1552
1548
1537
1286
1553
1528
1544
1535
1539
1540
1554
1553
1537
1540
895
1543
439
1539
1543
1551
1537
1545
1426
1537
1547
1525
1502
1544
1469
821
1535
1525
1539
1454
1528
1094
1521
604
1379
1532
1313
1528
1526
1527
1530
1548
1547
1545
1534
1542
1021
1563
1531
1480
1540
1542
1539
1547
1522
1546
1471
1568
1527
1375
1538
1544
831
1536
1109
1424
1558
1541
1540
1539
1540
1526
1546
1538
790
1537
1531
1533
1551
1550
1012
1546
1545
1538
1532
775
1521
1526
1537
1544
1533
1539
1526
1252
1545
1546
915
1551
1376
1537
1549
1470
1511
1370
1099
1529
1547
1540
1513
1538
1115
1532
862
1545
1525
1551
1543
1370
1527
1536
1548
1541
1539
1022
1542
1522
1535
1545
892
1530
1548
1538
1547
1408
1529
1549
1553
1531
1543
298
1548
1544
1540
1549
1538
1254
791
1530
1541
1528
1407
1178
1532
1547
1542
1547
1545
1539
1546
1534
1544
1365
1492
1529
1546
551
1361
1525
811
1517
1546
1543
1513
1546
1550
1529
1548
1534
1471
1546
1543
1546
1363
1540
1516
1538
1544
1530
1382
1544
1121
1539
1546
1554
1533
1554
1544
1372
1539
1480
274
1543
1533
1532
1543
1543
1308
1552
1540
1533
1536
1368
1536
1546
1539
1125
1288
1529
1400
1383
1543
1544
1537
1274
1542
668
1539
1367
1537
1535
1535
1548
1416
1405
954
1377
956
1539
1546
1524
1357
1480
1534
1542
1214
1542
1522
1541
1545
1448
1529
1540
1531
1378
1543
1528
1430
1524
1542
1549
1543
1537
957
1540
1384
1536
864
1550
1421
1551
1364
1543
1481
1532
1538
1542
1532
835
1539
1541
1541
1541
1385
1537
1542
1037
1523
1532
596
1521
985
1555
1536
1543
1557
1533
859
1544
1530
1546
1471
1427
1543
1140
1539
1542
1529
1539
379
1535
1545
1532
1389
1548
1523
1544
1530
1372
1426
1542
1546
1551
1530
1545
1320
1544
1539
1533
1413
1541
823
1528
1539
1552
1541
1260
1546
1518
1363
1544
1538
1550
1538
1511
1542
1541
1535
1345
1488
1031
1470
1521
1545
1533
1544
879
1532
1328
1407
1075
1530
1538
1543
1451
1547
1545
1382
1082
1541
1529
1536
1536
1542
1538
1385
1551
1527
1534
1532
1526
1545
1534
1546
947
1459
922
1550
1549
1547
1331
1550
1547
1542
1543
1547
1507
967
344
1544
1539
867
1543
1546
1536
1541
1539
1543
1527
1530
1371
1543
1117
1525
1541
1535
992
1535
1541
1538
1547
1538
1533
1546
1505
1415
1507
1536
1544
1540
1302
1348
1543
1536
1544
1109
1536
1549
1529
1545
986
1528
854
1545
1376
1544
1542
1194
1551
1541
1532
873
1201
1538
1055
966
1535
1535
1544
620
1503
859
1551
1516
1532
1542
1536
1548
1539
1402
1533
1552
1535
1537
1524
1383
1365
1497
1416
1527
1545
1536
1532
1540
1541
1522
873
1542
1537
1377
1487
1409
1548
1533
1544
1543
1539
773
1536
1230
1474
1544
1536
1531
1466
1527
1548
1537
1533
1477
1528
1541
919
1370
1533
1545
1535
1541
1538
1553
1523
1538
1198
1545
1541
1035
1537
