2978
3044
2996
3015
3058
3018
1587
3059
3004
289
2973
1934
2992
3023
3057
2991
3028
3034
2996
2990
3033
3048
3112
3020
3060
2967
986
2963
2941
2992
3008
2998
3047
2999
3013
2570
2951
3065
3020
3027
3019
2975
3003
2848
2972
1083
2997
3032
2991
2980
3000
2920
1232
2956
1093
3020
3031
3016
3025
3034
3025
3025
3007
2319
3008
3021
1218
3025
2997
3011
3045
3034
3030
3003
3005
2539
2283
2991
3011
2980
3054
2983
2999
3017
3025
2992
3050
2467
3051
3022
3005
2995
3042
296
3040
2989
3006
2991
2986
2992
3029
2995
3022
3003
1657
3004
3000
3000
3032
2981
3035
2194
1199
3010
2967
3034
2822
3017
2989
3022
2621
3042
3079
3018
1507
2999
3011
3040
3027
3039
3023
3020
2235
3024
3025
3024
3033
3001
3048
1439
2968
3002
105
3002
3025
3001
3014
3004
3053
3018
3038
1743
1747
3013
3021
2495
3057
1548
1152
3003
3024
3040
2979
3000
1255
2995
2974
3034
3034
2997
770
2997
3024
2014
3034
252
2985
3013
3018
3025
3020
2998
2968
3019
3005
2958
3008
3009
3001
3017
3005
2995
3054
3014
3101
3014
2995
415
3023
3013
3017
3017
3025
1962
2951
216
3021
2819
3025
3043
3018
3020
2963
3027
3027
3040
3032
3017
3020
2703
2918
3044
3051
2962
3044
3016
2978
2995
3034
2984
3017
3059
2166
3023
2977
3041
3031
3004
2993
3005
3031
1131
1140
3007
3017
3006
3035
3041
3001
2996
3000
3017
1344
3026
3026
3012
3001
3018
3019
3023
3028
3061
3085
2974
1166
3024
3035
2997
3039
3030
3014
3021
2986
3006
3037
3002
2973
3013
1775
3007
2512
2993
3010
2518
2702
2979
2986
3042
3005
3024
2355
3009
3057
3010
2991
3002
3039
3002
3008
3041
2098
3047
3022
2999
3033
2407
3017
3048
3024
2978
2974
3036
3034
3016
2989
2985
3005
3007
2974
3010
2996
3026
2374
3024
3020
2979
2784
3030
3023
3042
3011
3031
320
3012
2982
3029
3052
2991
3002
3010
2990
3027
3007
3039
3011
3039
3052
2999
3001
3027
3024
3004
3032
2980
3033
3033
3001
3007
2921
3020
3031
3006
2964
3028
3037
3091
3031
2999
2997
2963
2987
3022
3024
2989
3014
2989
2938
3011
2967
2979
2981
3011
1798
2984
2700
3004
3023
3082
489
3045
3015
3053
3022
1653
2957
3006
3025
2985
3027
1669
3045
3006
3009
2989
3029
109
2984
3021
2996
3003
2945
3028
3003
3011
3059
3035
3027
3001
3006
2974
126
2990
2980
2965
3000
3029
3015
3024
3006
3025
778
3007
2958
3027
1419
3037
2989
2678
2996
3000
2959
3016
3038
3019
2985
3008
3015
2958
3041
3013
3008
1261
3026
3030
3016
2988
3020
2982
3027
3043
2983
3012
3034
2979
2953
3017
3003
2437
2960
2992
3008
3026
3031
2995
3066
2971
3025
3033
3001
2981
3022
3036
3008
3022
3017
3016
3006
2994
3005
3111
3006
3020
3037
3008
2983
3002
1761
2994
3000
2989
2977
3021
3006
3016
2994
3024
3009
2984
3036
3051
3010
3059
3013
2997
395
2996
2985
3014
3014
3001
2997
3059
2908
2875
2867
3087
3008
2981
3024
3008
3006
2995
3017
2422
3028
1641
2983
3035
3014
3023
3017
214
3044
3017
2982
2998
3005
1124
2935
3032
3012
2978
2993
3004
1621
2995
3044
3010
3006
3004
3017
3035
3018
3018
1761
3028
2980
3013
2998
3004
3019
3010
2981
2979
3053
2974
3013
3021
3044
3027
3001
2953
3018
2979
2981
2996
3038
1828
2992
3025
1488
3019
3004
2987
3015
3044
3011
3025
3033
2992
3047
3039
3059
3039
3014
3025
228
2993
2960
2995
1109
1118
2982
3046
2992
3042
3017
3023
3023
2954
3037
2268
2984
3017
562
539
2971
3005
3012
3010
3040
3016
3016
2966
2950
3019
3005
3029
3050
3036
3018
3020
3024
2988
3013
2991
3005
3032
3014
2994
2986
2998
2992
3001
2987
2992
493
2962
2054
2998
1419
2980
2956
2980
3024
3032
3007
3077
2993
3002
3002
3023
3013
3015
2893
3055
3019
3035
3000
3014
2978
2994
2953
2987
3042
3031
3015
3018
3031
2996
3013
2968
1149
3026
3057
965
3025
3015
3058
3015
2637
3070
2986
3005
2973
2993
3005
2963
892
3000
2993
2891
3014
3003
3038
2990
3000
2989
3015
3000
3017
3034
3027
3003
3019
2973
3021
2995
3024
2960
3019
2931
3020
2995
2998
2999
2175
2900
3008
3013
3016
3054
2971
3017
139
2996
3028
2991
3038
3034
3012
3069
2988
3001
3007
119
3034
2995
2779
3001
3001
914
1847
1289
613
3007
3011
203
2998
3070
3008
3022
984
3022
3009
3003
2997
2922
3010
2963
1730
3032
3000
2998
3049
3027
3104
3028
3037
3046
3031
2984
1699
3017
3044
3010
3010
2965
3048
2943
2965
2986
2983
995
3007
437
350
3005
3026
3023
2742
1083
240
3045
2981
3012
196
3002
3016
2977
3040
3001
2999
2667
3000
2991
3043
3011
3022
2981
3043
2998
3019
2993
2800
695
3052
2919
2994
2809
233
2990
3011
3013
3027
2995
3030
2988
3018
3010
3005
3037
2101
2970
2707
2992
3029
3010
2994
3007
3027
2993
2994
3030
2711
3001
1150
3006
2999
3001
2970
768
3006
3025
3048
3053
2954
1664
295
3036
2999
3000
2963
3020
2985
2986
2986
3019
3009
3024
2952
3017
3027
3032
551
2980
921
3032
2789
3048
3003
3033
2992
2980
3036
2600
2992
2821
515
3053
2989
2143
3051
3016
3021
2992
1618
2955
755
3009
3030
3027
3033
450
729
3028
3031
3009
3011
3025
2980
2511
3015
2993
3017
2994
3013
3016
3046
3034
722
3045
2981
3024
2374
1379
2982
2323
2583
336
2997
2856
3035
3025
2995
2996
3017
3048
3029
3029
2962
3026
3005
3003
2990
3049
3024
3007
2985
3016
3031
3004
2996
3009
3010
3007
3007
2968
2945
2972
3009
3011
3031
2876
2977
3009
3030
2455
3001
2944
2997
2900
3030
3009
3034
2962
2983
2999
3007
3018
2654
2978
3038
3014
3002
2815
3002
2997
2988
3034
3026
747
2987
3012
1129
2978
3028
3016
3025
3018
2957
2991
2991
3005
2976
3014
2935
2999
3027
3020
3043
3050
3018
3013
2956
2996
3043
3028
3016
3018
2741
2994
3031
3007
2421
2992
2995
3030
3020
3030
2516
1397
2997
3020
3022
1550
2996
3019
2984
2989
1814
3042
2977
3028
3067
2969
2976
3025
3086
3013
2987
3017
2974
3017
3002
2999
2991
2982
3031
3036
3014
397
3055
2906
3053
2989
2887
2971
3050
3023
2998
3018
3012
1465
3031
1821
3018
3022
2895
3016
3004
3019
3014
2997
1379
3012
2980
2973
2999
3024
3033
3008
3027
3045
3004
3034
3036
2047
3013
3017
3008
3010
3002
3022
248
3004
3040
2951
2991
3003
3021
3059
1594
2989
2976
3021
3028
3013
2057
3001
3006
3046
2825
3006
3014
2967
2979
3013
3041
537
2971
3013
3003
2986
3031
2938
3064
3065
3014
3028
3026
2994
3010
3005
3010
2923
3011
2955
3021
3029
2986
3021
3011
3004
3003
3019
3048
3043
3021
3023
2989
2979
3009
3002
3020
2947
3054
3031
479
2995
2997
2990
1103
3022
2999
3037
2960
2415
2979
3017
3049
3014
2990
2963
2997
3041
2982
2993
3018
3046
2871
3024
2988
2082
3037
3013
1209
2944
3034
1833
2993
3033
124
3004
2995
803
3028
2567
2989
3004
2989
2998
3036
3030
2960
3014
1916
1347
1441
3026
3044
3002
3034
3032
2998
3024
3045
3033
3021
3031
2993
2998
3015
3008
2997
2783
2998
3055
849
2981
3018
2993
2355
3022
2985
3026
2872
3013
2665
3012
2992
2993
3053
2857
3024
3044
3003
3023
2975
3030
2974
2997
3037
3043
3003
3001
3012
3033
1700
3027
3015
3056
3032
3018
3018
3030
2314
3013
3038
3004
2950
3001
3012
2999
1480
2180
3010
3031
2941
3038
3066
2926
3020
3101
3016
2992
2646
2983
3032
2990
3041
3013
2978
3040
3025
3009
3021
3029
3017
3003
3022
3006
1089
3020
3024
3041
3016
2980
3028
2943
3017
3005
3001
3005
3028
3030
3047
2991
3059
3030
1193
3019
3023
3008
3029
3023
3005
3046
3023
2988
312
2977
3023
3002
3013
2988
3027
3029
3002
534
3025
3040
3018
981
3016
2989
3010
2965
3017
3005
2946
2267
2992
1715
3035
3043
3016
2975
2994
3017
3031
3013
3034
3016
3040
3049
3021
3037
2988
3010
3038
2905
3044
2977
3085
3027
1405
2777
3012
3053
3019
3009
2942
3031
2980
2967
253
3029
2995
1749
3030
2928
2991
3008
3060
2941
2982
3002
3007
2965
1210
3012
2995
3014
3020
1911
2968
2725
3033
3021
3030
2989
3006
3007
2985
982
3010
1737
3025
2997
2976
3005
3008
3017
3012
3020
2916
2011
3026
2984
3000
725
3021
3013
3023
3021
2996
3011
3010
2988
3009
3003
2991
891
2995
3022
3014
3010
3029
3050
3002
2998
3007
3048
3095
3028
3007
2958
2977
3022
2997
3022
2901
3040
3020
3005
3005
2993
3008
3040
3009
3022
2932
3008
3033
2643
2979
3000
3016
2980
3002
3051
3013
2993
1786
3022
3034
3082
2975
3040
3027
3036
3001
3001
3013
1489
2985
3027
3030
2984
2901
3048
3028
3038
3012
3019
3017
3006
1290
3005
3046
3020
2986
3013
2971
3056
3015
3031
2995
3043
3035
3024
2990
3041
2983
2942
664
3044
2651
3012
2701
2642
3002
3019
3016
3011
125
3029
3018
2994
3021
2967
982
2873
2643
3002
3024
2244
1536
3002
3012
2998
3004
3009
3036
3048
3007
3011
546
2676
412
3024
218
2991
2989
3045
3042
3063
1069
3008
3038
2436
3010
3012
3040
2992
3050
3007
3003
3050
3047
3017
3007
3024
2987
243
3016
2795
2976
2953
3015
2952
2976
2959
3072
3036
2996
2989
3051
2924
3038
3021
2989
3004
2975
3029
3053
3023
2997
3012
2916
2181
3007
1178
3013
2990
3091
3023
2996
2999
3023
3009
3043
2930
1444
2098
3001
2991
3037
3029
3019
3049
3018
3023
2983
3004
2995
2998
3099
3003
3013
3009
2954
2973
2971
3007
3019
3033
2986
2954
3018
3017
3015
3035
2952
2975
1655
3019
2918
3010
3080
3013
3048
3040
3019
3009
3097
3015
3015
3010
3031
3017
3049
2984
1759
2969
3002
3027
2962
495
3031
3022
2999
2994
3019
3006
3027
3014
2991
3007
3043
3033
3123
2988
3036
3023
2951
3027
2978
2990
3015
2970
3038
3000
2927
3047
2972
3039
3007
3037
1893
3002
3003
3038
2988
3017
2991
1990
3025
3000
2963
3036
3030
2146
3004
3029
2995
3002
3024
3029
3009
3005
374
2987
2990
352
2959
3025
3003
3001
3038
2753
3018
673
3020
3029
3015
2988
121
3033
3012
3019
2969
2988
3017
3028
1222
1007
2977
3019
3027
3012
2990
2677
3032
3040
3026
3006
2984
3021
3062
3004
3017
3023
3026
1980
3022
3025
3019
3034
2919
3017
3049
3002
3025
2890
2272
3018
3038
280
3033
3029
2993
3005
3028
2988
3012
2961
229
2711
2972
2985
2997
2968
3041
3029
190
3021
3032
2949
3004
3023
2996
3004
2994
3042
718
3032
3021
3027
1598
3015
3014
2994
323
2986
3026
3029
2972
3029
2988
3056
2997
3024
2994
1104
2989
3043
3009
3011
3017
3013
3034
3041
3005
3033
3001
2993
2997
3015
3041
3010
2921
3037
2949
3036
3009
3001
3001
3001
3013
2958
3014
3035
3012
3003
2990
2990
3036
3011
2989
3033
2983
2984
3001
2203
3012
2978
1161
615
3092
3021
3018
2946
3024
2657
2916
3015
2991
2960
3028
2993
2958
3003
2995
3019
3018
3012
3018
3007
3015
3018
3004
3015
3021
3006
3035
3003
3042
3016
2890
3014
3029
2995
3052
2966
2977
3037
3021
2999
2984
3019
2998
3026
3009
1940
3011
3016
3049
1541
2993
2997
2959
3007
2424
3007
3043
3018
2977
3021
3018
2926
3007
3012
3018
3038
2127
3005
3029
3001
3016
3021
3048
2774
3012
2904
2924
3023
274
3039
3030
3008
3035
3051
2973
3072
3030
3004
3029
2990
3030
3022
3022
3005
3005
2998
2990
186
3017
2981
2979
3107
3033
2147
3021
2969
3014
3012
3008
2387
3003
3049
3010
3027
2979
2970
3030
3022
3084
3013
2944
448
1193
2992
2948
2994
3003
3039
3002
400
3033
3023
632
3016
3006
2994
3046
3037
3073
2374
3029
3018
2956
1609
3027
3019
3019
3023
3013
3001
2988
3035
3017
2995
3007
3042
3016
3004
2978
2066
2772
1861
3025
2995
3008
3045
3089
3012
3040
3008
3000
3012
3031
3023
3029
3015
3027
2970
1635
3008
2074
3061
3036
3013
2999
3020
3057
3009
3003
1313
2991
2975
3012
3008
3009
2974
1412
3000
2974
3019
2997
2977
2996
2969
3035
3031
3009
3025
3062
3002
3010
3010
3028
3022
3011
3023
3027
3027
2976
3041
3030
3030
2992
3013
3076
3011
3023
3047
3009
3023
3068
3009
2999
3045
568
3023
3034
2995
3035
557
3011
3016
2819
2828
2968
3036
2975
2842
3027
3032
3020
2952
3011
3056
2965
3011
2983
3025
3025
3072
3027
3032
3014
3007
3018
3007
3011
132
3002
3034
3024
3057
1596
2987
2997
3034
3019
2991
2982
3016
3006
2998
3008
3002
3013
2990
2887
2964
3002
3025
252
3028
3036
3014
2972
2942
3029
3012
3036
1530
3028
3112
3039
2997
142
2981
2995
3014
3049
2556
3038
2982
2980
3020
3019
2998
3055
2998
3013
2987
2973
2969
3031
2982
260
270
3003
3025
1861
3023
1430
2992
3042
3033
3028
3005
3018
3027
3037
3038
2478
2989
3035
3003
3024
3025
3036
632
3106
2965
3032
3001
3021
2976
2921
875
3017
3033
2986
1614
3057
3025
3009
2970
3003
2977
2355
3004
2974
3020
3008
3020
3008
2913
3031
2091
3064
3025
3017
3001
2996
1343
2958
3024
2994
3048
3015
3026
2958
3076
2976
3049
3018
3008
3003
3026
3005
3038
3012
3003
2991
2921
3035
2995
2964
2987
2956
3027
2958
2976
3022
3030
1271
3011
3035
809
3023
1162
3053
3018
2908
3019
3013
3046
2993
3011
3029
2986
2993
3015
2981
3007
1335
3020
2994
3004
1621
1542
2995
2958
3035
3047
3019
3003
3018
1350
3017
3022
3031
3010
3032
2998
3013
3000
3007
2943
516
3063
3000
3000
3005
3010
3011
3013
2332
2096
3002
2963
2964
3000
3008
3003
2767
2998
3032
3021
3119
3031
941
3018
109
3044
3004
2933
3009
3002
3026
3037
2969
3016
3019
2972
2995
3002
3004
3034
2981
2991
3010
3005
2984
3029
945
3024
3014
2997
2558
3005
3002
3001
3030
2892
2962
3010
3013
3046
3006
3026
2957
2998
2965
2977
3020
2633
3043
3006
3004
2998
2980
2989
3031
2989
2999
3011
3027
2999
3005
3007
2941
627
3010
3003
3039
3031
2983
3012
3028
1771
3008
3015
3049
2966
3006
1394
3018
3016
3017
3001
2932
2969
3013
3022
2029
2980
3039
3038
3007
3056
1411
2994
3123
3026
2420
3006
3061
2962
3034
3006
2988
3015
3011
923
665
3031
2536
3014
3001
2313
2963
3009
3022
2939
3011
3002
2995
236
3026
647
3007
3003
3027
3009
3033
3030
2937
3024
3010
2997
3053
3004
3004
2978
2981
2983
2971
3015
2992
2992
3045
3007
3001
1219
2934
2976
3020
3001
3017
2974
2140
2993
1092
2994
2069
361
2985
3012
2993
3011
3015
3015
2982
2934
3025
2976
2996
3029
3026
2969
3032
678
3100
3047
126
3032
2317
3033
1871
3036
2978
3044
2708
2630
2997
3016
3020
3008
3038
3004
630
2963
3080
3028
802
2884
708
3002
3019
2997
2991
3021
3008
3113
1705
3024
2635
3008
2996
3022
2985
3048
3008
3022
2977
1122
2930
2954
3011
3003
2980
2996
3028
3029
2171
2940
2968
3014
3009
3010
2967
3021
3031
3050
2961
3031
2998
3017
2993
3032
3002
3037
3016
1187
2981
2915
3021
3050
3030
3004
3040
3022
3022
2956
3018
2986
2981
3016
1602
3011
3025
3027
2996
3015
1319
3005
2408
3041
3053
3050
2984
3088
2990
2985
3042
3015
3007
3006
2970
3039
3016
2988
3018
3054
3011
3091
3010
3121
3007
3019
3019
2992
3045
3057
2991
3005
2975
2979
2977
3016
3030
3002
3027
2998
3106
2978
3012
2309
2992
3018
2981
2994
3004
3003
3008
3016
1482
2999
3020
3011
596
3026
2980
3008
2983
2986
3026
3000
3026
3015
3054
3018
505
3006
2991
3015
3013
3005
3021
2964
2994
3015
3042
1880
3010
3001
3001
3038
3013
3033
1194
3016
2992
3020
3030
2991
3010
3019
2979
3006
3003
209
3017
287
3017
3015
2885
442
3003
2999
3031
3029
3001
2997
3050
3006
1261
3012
3082
3006
2551
3011
3037
2973
3017
694
2995
3110
3031
2993
2997
2978
3026
1941
3007
3022
3008
2948
627
3000
3020
1331
3049
2929
3035
3049
2981
3006
3052
2999
2955
2993
2943
3050
3024
2999
3060
370
2917
3011
2983
1525
3017
2884
3035
3017
2965
3016
3052
3009
2667
2988
3007
3015
3013
3023
3065
3066
2974
1962
3017
3009
2971
3034
2986
2977
3061
2982
655
378
3057
3035
3011
3021
3021
3006
2923
868
2971
3027
3031
3014
3001
3040
3053
3043
2721
2985
2088
2966
3022
591
3038
3060
3036
2236
3016
2984
3033
3013
3019
2970
117
2831
315
3007
2994
3003
2988
3008
2987
3021
3045
2993
2990
3030
3033
2860
3063
573
2999
334
3054
3097
2994
1869
2923
3025
3065
1645
2904
3014
3012
2977
3028
2989
1491
3005
3013
1957
3040
3019
3035
3019
1844
2984
2471
3007
2248
3038
2658
2989
2999
428
2994
2991
3038
3026
3008
826
3055
3036
2980
2996
281
3001
3019
3005
3005
3006
3009
3042
2993
3042
2943
3007
1079
3001
2984
2981
3074
3008
3005
3019
2951
3011
3021
3051
3016
3004
2990
2970
3038
3041
3006
2974
230
3040
3048
3018
2732
3017
1231
3038
3005
2958
3018
3026
2988
3007
2976
2989
3025
3007
2990
3035
3024
3052
3008
3056
2989
3020
3049
2991
2992
3008
3054
2981
2970
2990
3007
3017
2990
3020
3011
3074
3038
3018
3065
1677
2967
3019
242
2998
3036
3071
3020
2928
3002
3027
2993
2994
690
2992
3017
3035
2990
778
1032
2997
931
2991
2972
3006
1187
2977
3032
3025
3021
3007
445
3028
2717
2934
3004
3022
3012
2962
3024
3008
3017
2978
3039
2994
2996
3014
3020
2982
3002
2998
3036
2971
3039
3024
3031
3031
2910
3006
2996
2991
1353
3062
3088
3020
3023
3029
2998
3008
3015
3009
2987
3016
3016
3072
2925
3037
3034
3009
3039
3028
3033
3036
3042
3011
3018
3034
3031
3010
3045
1388
3011
2922
3047
599
3016
1773
2983
1015
1234
3012
2954
3018
2964
3022
302
2035
3036
1442
3006
3020
2959
3047
3011
2929
3025
3006
3038
2257
3036
3031
3026
3016
3020
2768
2997
3024
3023
486
3034
2690
3023
939
236
3045
764
2987
3001
2997
2995
3020
3027
3006
2986
3011
3005
3068
2987
3014
3035
3037
3004
3011
3046
3010
3010
3015
2987
3032
2329
290
2628
3020
3001
3022
3029
3012
3014
3024
3024
2987
169
3034
3005
3002
2949
3029
3015
2987
3038
3006
2989
3015
3017
1299
3008
3090
3002
3016
2988
3004
2977
3007
2587
3040
3038
2972
3016
3003
2965
164
3018
2951
2989
3009
2980
3001
2998
2985
2986
2974
2711
3078
3030
3046
3031
3038
3005
1692
2948
2986
3065
3003
3003
3010
3041
3033
2998
3019
3028
3050
3002
3029
2943
2994
3012
3008
2986
3029
2980
2992
2925
1956
3013
102
3001
2999
3008
3000
2656
3048
3008
3015
123
3007
269
3032
3021
3000
2967
2943
3043
3003
3000
3002
3047
3036
434
356
2990
3007
3021
2696
3011
3024
2987
3017
3003
2914
3029
3031
2983
2974
3049
2993
2987
3098
3018
3012
3020
3006
2987
2983
3012
2941
3054
3014
2987
3012
2980
2294
3014
1986
3015
3030
3028
2977
3036
2972
3052
2977
3110
3003
2932
3011
3025
2808
3023
1236
2997
2544
2994
3013
2986
2986
2964
3022
3003
3024
3013
1074
3046
2989
3027
2980
2975
307
3007
3041
3039
3032
2966
3062
2974
2986
2889
3021
3044
2977
3010
3018
2017
3030
1726
3076
3015
2976
3028
3044
3016
2997
2778
3050
2965
2997
3052
316
3017
2008
3026
3019
2990
3043
3003
3038
2991
3027
3003
2999
2933
3009
3035
3013
3020
3035
3027
1101
2976
3053
3020
2970
3038
3010
3016
3021
3016
3008
3013
3004
836
2965
2979
3011
3000
3030
3028
3045
3038
3101
3013
3025
2958
3010
3037
932
1401
1398
3005
830
2990
3008
3018
3003
165
3025
3057
1326
3019
2986
3075
2979
2972
2987
3010
2974
2982
3008
3066
2988
3008
155
2981
3036
2975
2771
884
3116
3028
3016
3003
3043
2981
2971
3034
1732
3019
3030
3041
2998
3021
264
3021
2863
3023
2974
3000
1773
3005
3017
3017
3099
3013
2997
3025
3029
3004
3038
3013
2985
3002
2168
2983
3015
2996
2345
3009
3026
1891
3025
2993
2999
2985
2929
3087
3021
2960
2936
3011
3006
3022
3045
3019
2995
2998
3029
3012
3024
3027
3031
2980
3013
3017
3010
2997
3048
3007
959
3033
2968
3004
3001
3011
3040
2326
2970
2829
3034
2990
3031
3016
2279
3024
2987
3013
3027
184
972
202
448
2727
3034
100
3013
3010
428
2983
2954
3025
3053
2983
3044
3061
3017
210
2990
2970
3025
2634
1243
2179
3004
2982
3020
3037
3006
2975
3013
2995
3033
2997
1038
3000
1054
2754
1144
1659
2979
3004
3001
3033
2999
3002
3002
2953
3011
1344
2982
107
2992
2999
3005
2986
3016
3015
2994
3017
2987
2968
3087
3012
3023
3042
2986
2987
2982
3032
3006
302
2933
242
2902
3018
2993
3021
875
2973
3039
3019
976
393
3036
3000
2637
3022
3007
2991
3043
3018
3026
3010
1679
3035
2918
2962
3026
3015
3017
3089
3025
3034
2374
2989
2992
3021
2479
3014
605
3046
1301
2990
3029
3006
168
3025
3029
391
2988
3048
3020
2985
3009
3044
3027
3034
1289
3040
3016
3046
1347
3003
3023
2999
498
2972
841
3040
3030
117
3012
3019
3033
3022
2993
3002
3026
2977
2995
2974
388
3019
2972
2999
3040
3018
2539
3011
3013
3022
3016
3015
3035
3008
2978
3059
2980
3105
3022
2979
3006
3004
2528
2214
3013
3006
3037
2990
3031
3008
3021
3032
3020
2967
3005
2977
3026
3012
680
3002
3003
3051
3009
2978
3031
2995
3020
2983
2603
995
3045
2995
2995
3008
1860
3032
3034
2987
2989
3002
3027
3004
3018
3041
3022
665
3009
3035
3013
3018
550
2913
3010
1537
2967
3016
2990
230
3018
3036
3013
2995
2985
3012
2998
2562
3001
2989
111
3002
3041
3014
3023
3037
3025
3034
3031
2961
3005
2978
3024
3011
2675
3021
3021
3085
3009
714
2711
2499
3030
3025
2422
3053
1635
3022
3003
3014
3001
3016
2976
3020
3002
2998
3009
3018
2992
3014
2950
3019
2991
1995
2993
3007
3018
3015
3002
2989
2974
3043
564
2997
3006
2442
2869
2983
3048
3011
2985
2736
3009
3037
1663
3009
3022
3028
3034
3000
3015
3047
2988
3040
3004
3007
3017
497
3035
3090
2973
3031
3032
3004
3019
2917
3007
2976
3050
2559
3041
3049
417
1825
3020
3001
2952
3024
2997
3016
3025
2995
3003
3016
2973
2963
2984
2985
3015
3009
3095
2997
3018
3006
2698
3023
3002
3039
2980
2934
3020
3025
3055
3042
1478
3005
2943
2997
3021
3012
172
3048
3041
3007
3005
2994
2948
2784
3011
2976
3029
3022
3084
2970
3045
3015
3007
3004
3005
2987
3003
586
3008
3047
3007
2968
3017
2940
3033
2804
3041
2999
3023
2961
3015
2994
3035
2957
3004
514
3044
1455
3002
2978
438
2980
3025
2996
3017
3007
1432
3003
3024
3043
3019
3013
3013
3036
3014
2996
3025
1835
2996
392
3030
3035
3026
3058
3052
2993
3041
3003
2978
3024
2987
3030
3033
3026
2994
2998
3024
2972
3002
3005
3116
3032
3015
2988
2989
3005
2207
3021
3017
2993
3022
2998
3004
3052
2971
3026
3050
3031
3022
3026
2988
3012
3037
2977
3014
2423
2705
3013
2965
3024
136
3112
3029
3028
3007
1878
3046
3033
137
3032
2993
3001
2993
2985
2965
3042
3033
3061
3016
3043
2986
2991
3001
3018
3017
3046
2934
547
2587
2990
833
2993
3018
3016
3019
3004
3004
3036
3023
3017
2995
2964
3114
3002
1783
2937
3022
3020
3093
2963
260
3014
2940
1185
2990
2975
2948
2992
3014
1925
3047
2977
3006
187
3026
3011
3005
3012
3049
3028
2943
3039
3109
3032
2984
3029
3004
3039
3068
2993
2996
3009
3029
2960
3000
3009
2997
2978
3030
2939
3021
3047
2561
2996
2988
3000
1001
3000
2998
3014
3025
2981
3025
2947
2964
2978
3036
3035
2987
2985
2953
2992
3029
2113
2940
3024
2979
2838
3025
343
3013
2955
3024
3101
2985
3021
2796
1756
3011
3039
3030
3020
3022
3051
3028
3005
3023
3027
2861
2989
691
2991
3016
2515
3002
3037
2979
3022
3011
2922
3012
551
602
2977
3047
2991
2194
3030
2991
3035
3001
3035
812
3031
3005
3048
1918
3036
1248
2986
2991
2989
3009
2990
1545
2994
2975
3024
2990
3010
3095
3051
3004
3037
2982
334
2993
3010
2981
2996
2977
3011
3030
3019
2943
3001
2993
3012
3017
3033
3058
2965
3001
1654
3028
3013
3024
2976
2979
3105
3010
3010
3018
3022
3009
3020
3026
3028
2935
2990
2994
3004
3047
3025
2998
3029
2990
302
3017
3024
2955
3003
2997
3008
2926
3009
2945
2988
1533
235
2610
3016
3023
3005
439
3002
3020
3007
724
3028
402
3028
2969
3017
3018
3031
3006
2998
3042
2980
1967
3054
2822
3027
2982
2758
2979
3013
3035
2968
3006
2997
2976
3006
3039
3040
3027
754
3030
3018
2993
3036
3028
295
3016
2998
3011
3029
3010
3001
3004
3006
1657
3008
2199
3003
3009
2988
3024
3045
3000
2998
1367
3019
3056
2942
3029
3034
3046
3044
3058
3012
3005
213
2982
3010
3004
3023
3020
2984
3033
1172
3026
2995
2996
2999
3006
3003
3000
3018
3021
1188
2580
2945
3007
2987
3011
3039
2975
2955
2989
3020
3039
2950
3051
3033
3006
2990
2988
3006
794
3007
2991
3016
3023
3036
1354
3021
3006
2988
122
1529
3025
3016
3014
2807
3039
3007
3033
2086
3014
3020
2969
3018
3038
799
967
2969
3009
2995
2985
2969
2971
3054
2999
3008
3024
3004
3001
2987
451
3021
3032
3011
2327
3021
2389
3012
3016
3020
3009
3047
3039
3008
3024
2989
1060
3039
3030
3007
3007
1120
3037
3026
3026
3013
2676
2975
2995
3048
3021
3036
2982
2993
3015
3013
2996
3014
2958
3027
3034
2949
1913
3023
3009
2930
2991
3007
2991
3017
3014
2966
3018
3033
3011
3003
3050
3005
3046
201
3006
150
3022
2977
3043
3044
3007
3033
3016
2998
2964
3006
3015
3036
3011
2515
3011
2932
2999
2988
3023
3074
3047
3037
3009
3011
3106
2998
1186
401
3006
2660
3017
2997
2985
2178
3001
852
2975
2982
2968
2475
2530
3011
2996
2992
3018
3011
724
1597
3008
2750
2992
454
3006
217
3010
2993
2020
3044
3030
3019
3038
2971
3003
3012
3012
3008
2977
3030
1792
3015
3100
2989
3026
3006
2997
3033
964
2918
3001
2952
3031
3032
3022
2946
3046
2983
2976
2984
3017
2992
2783
3054
2978
2872
3011
239
3002
1071
2961
2985
3052
2981
2736
2653
3047
3034
1743
3026
2991
3051
3026
3002
3015
2997
3037
2528
3004
2924
3014
3027
3050
3020
2984
2989
3027
3035
3012
2991
3017
2017
386
3008
3019
161
793
160
923
3023
3015
2983
2946
520
3028
551
2981
2706
3021
578
3009
3010
3026
3054
3017
2996
3006
3009
2979
2513
3023
3044
3066
3013
3037
3022
2969
2935
2989
3014
3016
3037
3011
3007
3008
2994
1245
3014
2957
2997
3077
2985
3018
2945
3008
3032
2560
3030
2989
1907
3006
1820
143
3046
3006
3027
2987
2982
3007
2986
3020
2996
199
3026
2971
2992
1464
2981
3030
3027
3027
3010
3032
3029
3045
2986
3020
3039
3023
466
3012
3004
3001
2987
2985
3028
3018
2997
3026
2994
3069
3050
3030
2262
3094
3064
3020
2990
2958
960
2987
1683
3021
3061
3032
2989
3015
3029
3010
1212
3010
2998
3022
3021
3004
3002
3018
3000
542
3013
3013
3027
3012
2982
2935
2991
3033
2974
3040
3028
2995
3015
3010
3022
3011
3035
2984
2401
2568
3022
3016
3028
3079
451
2991
3032
3069
2949
3026
3054
3021
3005
2995
3017
2979
2971
3043
3019
3032
3005
2989
3018
3006
2999
3012
3011
3034
2995
2982
3030
2977
2990
3043
3048
3001
2998
3025
1999
2966
3049
2927
1438
2989
3006
3022
3018
2875
3023
3067
2983
3029
3026
2907
2977
2537
3020
3060
1695
2999
2983
1118
2978
3006
2995
3027
2940
2999
457
1590
3009
2981
3014
3011
3003
3002
3035
2996
2987
3026
3037
1392
3019
2997
3033
3029
2976
3016
2994
1223
3018
3042
2953
3002
3029
3030
3015
3010
3021
2239
2998
2997
3001
2973
3008
3061
3028
3019
3007
2936
3002
2989
2989
3022
2094
2972
1439
3009
156
3027
3055
1113
3003
3028
2979
3004
3028
3044
2976
998
2974
1592
3012
3034
2999
3012
2520
3015
2024
3027
2980
1797
2993
3005
2986
3041
2957
3000
2969
3031
3015
3056
2972
3024
3038
2996
2990
419
3086
2977
2892
1241
3008
3030
3023
3015
3026
3007
2970
3045
3030
3018
2649
2952
2545
3007
3000
210
2990
3047
3023
2856
3011
3034
235
2945
2949
3007
3010
3018
3039
2843
3013
2982
3070
3036
3017
3001
3023
3003
833
3030
2960
974
3018
3015
3002
3032
2985
3013
3001
2995
3029
3009
3029
3048
3015
2085
2985
3020
3017
2974
3038
3019
3043
3045
2995
3035
3024
3016
3019
1773
677
3014
2920
3021
3010
3044
3015
3023
2988
177
3046
2997
1374
2983
3002
3023
2992
3023
3054
3018
2996
3020
2969
3051
2988
3019
2971
2994
3021
3019
3002
3026
2998
3043
3026
3002
545
3056
3003
2997
3034
3013
957
2986
2384
2987
2966
3055
2972
606
2989
3038
3003
3002
3024
3009
2974
3017
3040
2988
3012
3008
2952
3037
1847
3032
2929
2301
2723
2996
2991
3007
3020
3034
2980
2991
3044
2835
2980
3001
3017
2997
2967
2984
2986
3006
3010
3050
243
3125
3040
2999
2972
3017
2992
3016
3049
2568
2994
3034
2989
3015
3001
2971
3001
3013
2996
374
3026
1954
3018
3024
3001
3028
2994
2984
3005
3032
2995
2995
3004
3002
2993
3042
3031
3013
2977
3040
3042
3011
2970
2947
2977
3018
3024
3010
3018
1407
2981
3064
1127
3053
2805
283
3022
3049
2740
2994
112
3015
1235
2998
3031
2992
3011
1759
3000
3006
2992
3011
2995
2919
3023
3028
2968
3019
3014
3023
2724
2970
210
2978
2983
2266
3021
3003
3044
306
3008
3018
3023
2990
144
3020
3010
3007
3028
3027
1849
3013
2995
3017
3006
3055
2055
2428
3036
2049
3005
3001
3052
2948
3028
2681
3021
3034
3010
1577
3004
2961
2994
1111
3011
2387
2999
3010
3024
2695
2316
2981
3026
2993
3009
3029
3001
3031
2995
3036
3001
3000
2954
2978
2981
843
3021
3010
1856
3017
3026
3022
3019
3063
2969
2991
2945
2964
3032
3034
2997
2941
2992
2971
3034
2973
3007
296
3022
3033
3025
3014
3009
2994
2985
3009
2983
3023
3022
3000
3010
3009
3041
3041
3059
3001
2823
2993
3015
2989
3010
3015
2989
2918
3037
3016
3025
3008
3031
2490
3018
3043
3012
3011
3008
3005
3031
3024
2995
2993
3008
3026
3024
3005
1309
2151
2773
3015
2994
3031
3046
3029
3033
3040
3037
3015
2983
2988
3022
2986
2987
3107
2998
2970
3028
3030
2972
3013
3035
2971
1790
1441
2973
3007
3031
2511
3036
3023
2877
2988
2767
3106
3009
3028
1037
3020
2999
3007
2977
3040
2926
2987
3032
3038
2971
2995
3009
2973
3052
2983
3033
2991
3008
3005
3025
3042
2981
2307
3034
2975
3017
3008
2304
3030
3029
3104
2392
3017
3029
2856
3012
2985
3016
3061
949
2964
575
2999
2171
3006
3020
2987
2618
3031
3028
2999
1784
232
3019
2993
2985
3012
2958
3045
3041
2916
2991
3059
2980
3000
3057
2982
2999
897
2989
3023
3047
3015
3000
2989
3020
2983
3000
3011
3014
3048
3001
2995
3016
2319
3043
3112
3031
3036
3023
3004
3053
2078
3018
3027
2976
2993
2943
3034
2467
2726
3019
3029
3025
2996
3022
1259
2970
2378
2983
3017
1974
1841
3065
3026
3044
3005
2905
3047
3003
3032
3017
3018
1519
2935
3013
2998
3038
2993
3022
2987
2965
2920
2997
3033
2999
3007
3039
3020
2961
2999
3021
3040
2916
2978
2998
3012
3042
3018
2999
3041
2982
3094
3017
3005
2996
3028
3021
2869
2968
3111
2981
3020
2963
155
3019
3018
3025
2964
3026
3033
2982
225
2999
3022
486
3025
1717
3005
3028
2712
854
3002
2645
2968
2993
3021
3040
2988
3033
2987
2979
2998
3035
2977
3031
3004
2944
3041
2982
2987
2981
2990
3006
3012
2993
2969
1261
2981
2982
3007
1792
2082
3019
2990
3050
3074
3002
3041
2972
2721
3048
3056
3005
3014
3006
3011
3041
736
2998
3050
223
2997
3000
3007
3012
3030
3021
2996
3033
3030
3021
3024
3038
3008
2444
3008
3028
3005
2994
3043
3019
2990
3035
3007
2066
3004
3007
3040
3003
3030
1056
3052
3030
2991
3030
3021
3014
3047
2984
3008
1566
3012
2989
3030
2995
3006
3010
2981
3016
3052
2188
2973
3037
3038
3056
3047
2999
3013
3011
3011
3032
2979
3061
2964
3016
2992
3017
3037
3024
3013
1454
3043
3033
2991
3021
3011
3017
3000
2967
3022
556
2980
2988
3035
3001
3018
3007
3022
2982
2125
3039
3009
3034
2982
2884
2971
3058
3058
3034
2953
3037
3053
2923
3046
3031
3036
3006
3014
2955
3026
3030
3032
215
3016
3024
2990
3005
3010
1319
3013
673
2962
3027
3012
3002
3014
3039
3034
3041
3025
3046
3031
2611
3016
3022
3005
2930
2947
3038
3034
3022
3010
2994
3024
3018
2996
3056
3012
3010
3013
3016
3041
3039
3002
2930
3046
3035
3040
2995
3025
3022
3010
2956
2492
2974
3044
2824
2989
3014
2994
3017
3048
2989
167
3057
2998
1836
3030
3003
3060
3050
693
2973
3038
2955
3029
3008
3001
3025
3004
1160
582
2996
3010
3023
583
3019
3011
2967
2883
2859
3001
3072
3007
3054
3021
3007
3007
3020
3073
3026
3002
3039
2970
3049
2957
3017
2970
3012
3010
3000
3005
3024
3025
3059
2989
3018
2981
3031
2983
2960
3010
3020
1196
2997
2995
3018
3010
2267
2981
3034
3004
3000
3002
2515
3024
2327
3029
3025
3002
2999
3016
3007
3029
2996
2974
2501
2950
3009
3008
2763
2960
2998
3024
3011
3006
3031
2987
2926
2992
449
2985
3020
3014
2835
2997
3013
3016
2999
3004
3028
3021
2992
3023
3019
3047
2986
2547
2571
3008
275
2977
2978
3032
2992
2994
2984
3017
2976
3016
3038
3018
3017
140
2998
3051
3031
3037
3006
3046
3002
1045
3017
3086
3050
2681
2564
684
3012
3020
2000
3018
3012
2513
2689
3043
2973
2999
3039
2992
3000
2918
3027
3032
2982
3048
3051
3033
3045
2985
3022
3015
3036
2984
3004
3037
3004
3015
3028
2981
3048
2996
2980
2926
3040
2995
3041
2991
2905
3007
2976
3041
3009
3013
2494
3004
3013
3026
3018
2998
3004
2995
2994
3009
2967
3013
2980
3050
3008
3026
3033
3063
3029
3043
3023
3005
2947
2970
3009
2954
2985
3015
2983
3048
3051
3009
3010
2999
3012
3024
2979
2957
2996
3041
3011
3027
3031
2982
2998
2990
1253
2993
3043
3022
3048
3002
3029
2997
3044
3097
3011
3042
3004
2993
2972
2977
2956
2996
3025
3001
3005
3006
3014
3001
3006
2986
3037
2066
2985
3031
3013
3000
2317
3021
3014
2962
151
3020
3047
3021
3006
3018
2212
3128
3032
3034
1503
2990
3019
3051
3064
3017
2999
2992
3025
2979
2993
2985
3012
3008
1997
2991
1626
3013
3014
2984
584
3032
3018
2979
3019
2968
3103
3032
2989
2951
3025
3000
2935
3022
3002
3045
3015
2456
2940
3010
262
3044
2964
3024
3019
3043
3001
2973
2981
2996
910
974
770
3033
1443
3020
3017
3017
3028
2523
3017
2985
3049
1111
2981
1366
3033
3035
3014
3007
3010
3002
3001
836
3071
3035
2999
2950
2993
3050
3047
2983
3035
3032
3020
3029
3037
3013
3025
2646
3001
2640
2992
3018
2996
3010
2994
3026
3030
2976
678
2989
3006
2998
3012
3049
2990
2986
3062
2976
3024
3019
3020
3026
3001
3036
2975
2999
2986
3053
2980
2995
3002
2957
3011
2997
3045
3014
3032
3022
1994
3023
2997
3045
3024
2987
2852
2966
2913
3013
3013
3019
3011
3054
3059
2982
