3001
3008
3021
3046
2976
2979
2977
2990
2998
2988
699
2975
916
2988
3025
2962
3020
3032
2944
2976
2969
3020
3041
2971
3021
3000
2984
2993
3013
2975
2980
3020
3003
2974
2990
2982
3025
3011
3034
3002
2973
1967
3017
3012
2975
3047
2988
3018
2985
3016
2216
2987
2992
2958
2989
3024
3026
2992
2988
2955
3026
3001
2999
3016
2985
3033
2957
2997
2518
2973
3022
3039
1086
2993
2981
2533
2980
3032
3003
2993
3006
3013
3021
2998
2951
2988
932
2969
943
2752
3019
3026
3005
3023
2887
3007
3002
639
2985
2914
2990
2976
2977
3006
3000
2997
3001
2994
3004
2961
3011
3034
3016
3007
2959
3013
2990
3022
3003
2996
2947
744
2955
3009
2984
2987
2916
2987
3003
2962
2960
2619
3031
2993
3000
3028
3012
3005
2169
801
2985
2996
2171
2819
2002
2992
3103
3009
2951
2989
1432
3030
3026
2973
1967
2928
2963
3012
2994
2999
2988
1297
3008
2483
3014
2999
2273
2985
3046
2991
3012
2999
3024
2999
2988
2992
2995
2951
3003
2982
2963
2985
2991
2948
3026
2198
3012
3042
3001
2934
3029
3024
3008
3001
3018
3003
3025
3012
3038
3074
3019
1098
3005
3023
3007
3041
2970
2938
3032
2999
3041
3031
3027
2764
3032
1228
2996
3001
2191
2661
2965
2992
2933
2999
2993
3018
2997
3046
3009
2987
2979
3012
3018
1500
2033
3013
2989
3000
2987
3043
2980
3004
3009
2996
3033
2996
3055
3006
2989
3013
2987
3006
2972
3012
2970
2993
2974
1178
2975
3010
2976
3035
2981
3002
2999
3015
2981
3011
2986
2940
2992
3019
2661
3014
3016
3005
3018
2238
2997
2302
3014
3013
2999
3014
2992
934
3008
2979
441
3022
3031
3014
3016
3017
3013
3035
2976
2961
2975
2985
3026
2995
2989
3023
2995
3013
2927
3010
2505
2971
2974
2992
3009
2963
2954
2931
3000
3015
2961
2640
2760
3006
3022
3007
2605
2990
3026
2989
3012
3050
3000
2987
2981
2934
3003
232
2991
2966
2985
3027
3019
2963
2965
2996
2558
3015
2984
2989
2946
2986
2975
3010
2983
2991
2959
3020
2987
3012
3028
2993
3019
3024
3012
3003
3082
2984
3014
3042
2998
2001
285
2940
3036
683
3011
3023
2972
2982
2946
2988
3008
3000
1264
2997
2997
2984
3034
3016
3021
3013
3015
2993
2997
2909
2996
3034
235
3031
2999
3073
3035
3024
3073
2933
3034
2989
3030
3002
3013
2969
2942
3014
2978
2964
2901
3011
205
2981
3026
3013
1306
2204
2984
2995
3043
2993
2972
3018
3028
2973
2986
2989
3012
2994
2991
3046
2947
3004
2991
3001
2993
3003
2999
3029
2975
2978
3042
2991
3006
3019
2994
2998
3005
2972
2974
3051
2939
2983
3002
3005
2989
3030
3032
3030
3027
751
2961
2995
3007
2967
2957
1147
2841
3044
444
2996
2986
2984
3032
3010
2924
3010
455
2652
3000
3037
3023
943
2993
2982
2963
3010
2984
3012
2989
3033
3012
1737
3029
3016
2981
2987
341
2994
2935
3036
3015
2367
2968
2995
2995
2982
3012
3055
919
2986
2965
2989
2998
3044
3029
3009
2935
3001
3003
2973
1093
351
2992
2986
3010
3024
2993
2990
2290
2969
2975
3011
2997
2983
2989
3005
1491
3031
3023
1047
3003
501
1912
834
3011
2869
3000
1379
2990
2990
3010
2994
3001
2991
2988
3001
3001
3004
3015
2982
3015
3003
3013
3017
3000
3089
3030
2995
2985
2882
2959
2992
3001
2996
3004
3006
2921
3012
2995
2976
2987
2892
2983
3019
2999
2997
2982
3025
3004
231
3042
2998
2971
2979
2997
3035
2990
314
2618
2878
2023
3016
3025
170
3007
3004
2987
3015
2754
3003
2993
2977
3025
3026
2967
3023
336
3021
2202
2999
2994
3016
2996
3013
2974
1436
2986
3008
2873
2976
2956
2979
3010
2968
1567
2988
3009
3028
3009
2414
2985
2981
2930
2648
3034
3025
3017
2990
336
3015
3002
2975
1763
3006
3005
2982
3013
2967
2998
3007
3022
2564
3034
3007
3010
3000
2998
3024
3014
3001
200
2983
3010
2941
2989
771
3006
2910
2961
3012
3022
2987
3012
2989
643
2993
3003
2885
2950
2853
2983
3081
3020
2962
3026
2994
1600
2990
2987
3008
3013
3000
3013
3005
3003
3017
2987
3068
3021
2989
3026
2993
2970
2992
3007
1576
3025
2514
3019
3005
2981
2991
3018
3013
2982
2999
2996
3037
3018
993
2991
2950
3040
3032
3005
1386
2976
2969
3008
2976
2996
1074
2999
3005
2976
3021
3006
2986
2986
2992
2982
2968
3009
3016
3033
2946
2989
3018
2971
2995
3001
3045
3006
2999
1419
3003
3024
2987
2988
3018
3016
3006
2999
3010
2965
2434
2971
835
3019
3010
3003
3033
3007
410
3003
2985
3001
3014
2990
3016
2996
2973
3006
3002
3006
2995
2898
3023
237
3009
2873
2883
2993
2956
2998
2998
3023
3018
3021
2941
3007
2993
710
3044
3020
3008
2991
3010
3015
2438
231
3003
287
3003
2734
2874
2995
3019
373
2997
3010
3004
3028
2990
2995
3010
2405
2995
3000
1272
3006
3005
3028
3010
2992
3004
3039
2978
2966
3026
2986
3017
3007
2695
286
3035
434
3005
2985
2984
3023
3022
2974
2999
3024
3001
706
3009
3017
1082
2759
3015
2975
2495
3021
2150
2990
2999
3010
3018
3009
1117
2856
3008
3027
3013
2975
3015
3003
3002
1237
2990
3008
3000
3039
2954
3032
2994
2963
3002
3007
2989
3002
3060
3019
3002
3008
3014
2984
1963
3004
2933
3008
3070
2964
2993
3017
2977
3018
2958
2987
2978
2962
3008
2916
2999
2997
3001
2911
2958
3001
2973
2997
3029
2981
2961
3037
2880
2967
2979
3007
2974
2998
3050
2704
2977
3020
3023
3017
2989
962
2969
2994
3021
3018
2979
3033
712
2996
1314
2998
3001
3018
2990
3011
3010
475
2993
3095
2988
2948
2974
3003
2992
3003
2999
365
3042
3028
2979
2992
3002
3001
3023
3009
2983
3018
3016
2968
3015
2984
3000
3035
3016
277
2964
3025
3070
3026
3020
2829
3020
3031
3040
3014
2960
797
2997
3070
2990
2988
3014
2984
3017
3012
2951
2989
2974
2962
2959
2998
3050
2993
571
2281
3040
3004
2258
3012
2996
2986
2988
2986
2971
3015
3047
3000
3017
3003
2976
2980
3011
3017
3039
209
2562
3059
2942
3032
2924
3030
2977
2981
2997
2967
3009
3014
2982
2991
3020
2997
3005
2988
2966
2907
2989
2998
3009
2991
2993
3026
180
2988
2937
3020
2993
2971
2991
3001
3012
3004
3005
657
3010
3014
3014
3018
637
2983
3017
1836
3005
3067
1950
3005
2994
2946
3009
2978
2997
2979
2968
2986
3017
2999
3015
2965
2984
3006
3026
2967
2989
2958
3011
3007
3044
3020
3010
2988
3041
2984
2995
3023
2976
2907
3019
3020
729
2982
3007
3030
1250
907
2977
2930
2198
2993
3020
3010
3029
2999
3006
2971
2937
2997
2907
3023
3020
751
3011
2993
3000
3007
2997
3000
3004
2984
2966
1385
3008
2980
2349
3055
2992
3034
2997
2949
3017
1350
3011
2996
3017
2972
3014
2954
3012
2988
3030
2995
2953
2971
2959
3002
1300
2966
3011
3006
3023
2992
1226
2997
3040
3021
2981
3024
2992
3032
3013
3013
2341
3028
3014
2966
3002
3049
2323
3033
3004
1910
2995
2985
3017
683
2952
3042
3006
3021
2997
3003
2995
2988
3000
3014
2948
3035
3031
2996
2976
2986
3008
2998
3035
3002
3013
2441
2045
3034
2877
2999
1775
3016
2990
3016
3019
3044
3016
3025
2605
2983
3008
2334
3039
2469
3011
2178
3012
3000
2972
3010
213
3026
3030
262
1145
2962
3017
2989
3078
3020
2970
2998
702
3005
2991
2985
2986
3013
2994
2736
3042
377
3005
3001
2995
2101
2960
3008
3023
2987
3002
3008
403
2934
2997
2911
2999
2983
2985
2974
2998
2991
2992
2985
2420
2999
3014
3003
853
558
3020
3011
2993
3002
338
3010
3029
3013
2983
2937
3038
2958
1002
3013
3010
2962
2978
3007
2988
3030
231
3010
3023
1588
2974
2945
508
3003
2967
2956
3001
3025
272
3022
2998
3005
2992
3034
3013
3026
3001
2999
3029
3023
2999
3019
2986
2628
3017
2989
2987
3030
2957
3004
3041
3034
3073
2995
3042
3039
657
2964
3014
2214
3012
2991
3007
3040
1107
2938
2994
3015
2999
2981
3010
3007
2256
3017
3025
2977
2978
2723
3009
2708
2979
3004
2819
919
2976
3022
2992
2873
2979
3015
3050
3013
2984
3011
2993
3019
2995
2999
3028
2645
2983
3008
2977
3024
919
3023
2961
2976
3008
3010
3040
3010
3014
2533
2988
2999
2969
3009
2913
2997
3020
3025
2992
3007
3022
3026
3006
2968
3021
781
901
2984
2983
2980
2982
3008
2997
1381
3032
3000
2993
2988
2999
3014
3007
2986
2996
2980
2991
3031
3009
3004
2947
1681
2944
2995
2991
2989
3034
3009
3019
1924
3019
3044
2943
3009
3011
3005
2605
3020
2986
3005
3001
3007
3009
2988
3016
2855
2973
1734
2974
2986
1355
3007
2993
3020
2986
2966
1338
2996
3027
2988
1417
3008
3001
3016
429
2980
2734
2968
2991
2993
3027
3019
3006
3011
3012
3023
739
3017
3047
3050
2912
2981
2969
3015
3007
3007
3016
2997
2772
2995
2988
2972
3001
3008
2987
3055
3043
2985
2986
2764
2951
3029
3025
2483
2999
1896
3018
3020
1763
2983
3004
2969
2978
2993
3011
3002
3003
3036
2979
510
3029
3015
3013
2934
2981
3005
3001
2999
2968
3002
1962
2967
2989
3004
3051
3027
3019
2993
3010
3011
2585
2959
1936
3016
3006
3001
3074
1716
2988
3024
2997
3041
2976
2994
3000
3020
986
3006
2979
2584
2999
2957
2982
3030
2941
2985
2991
202
2994
2967
3083
3000
2952
3033
2998
2516
3014
2969
3016
486
3015
2972
3002
3010
393
3026
2970
2887
3030
3012
3010
3000
2969
2985
3024
3014
3030
2986
3021
2981
3004
2978
2998
2975
2983
3031
3009
2995
2964
2992
3000
3020
2680
2980
3009
3057
2947
3012
3007
3002
2994
3020
3001
2962
3023
284
1899
3014
3022
3019
2973
3026
1681
3012
2996
3001
3017
3000
3018
3019
2995
2925
3037
2987
3020
3012
2995
2789
2982
3000
2991
2999
2992
3021
2966
3025
3001
2484
2957
3032
2986
2980
2995
2842
3016
2979
3033
2986
3002
2996
2121
3031
2413
2981
2996
2230
3013
3038
2967
2989
3018
3004
3020
2990
3009
3028
3006
2963
2961
3004
3017
3027
3018
3039
3032
3057
3063
3013
2984
2964
3021
2978
3019
3011
2960
3035
2995
3015
2997
3020
2980
2996
2980
3005
3000
3018
2992
3000
3007
2452
2997
3011
2705
2997
2960
2956
2938
2978
3023
2993
3010
2982
2999
2998
2994
2981
2985
2993
3001
3009
1696
3005
1868
1495
3002
3005
1198
3004
3024
2962
2991
2988
3002
2999
2981
2762
2974
3001
2989
290
2998
1377
2981
3049
2981
3010
2962
2968
319
3010
2990
2997
2969
3007
3016
3072
3011
2998
2997
3030
3052
1803
2956
2969
3008
3060
2983
2944
2991
3020
3024
3003
2996
3018
2988
3025
3004
2964
3007
2974
2924
2964
2508
3037
2999
2977
2980
2760
1019
2956
2990
2982
2997
3001
3080
1416
204
3021
2956
2964
2966
3009
1889
3015
2978
3004
2990
3007
3042
2996
2986
2016
2972
2938
2999
2996
3025
3017
937
3026
2987
2994
3020
2992
3021
2976
2987
3004
3095
2985
2973
2969
3015
2998
2992
2980
3004
2983
2764
3011
2986
3021
2978
3012
3015
1235
3024
3029
3012
3017
2998
2958
1213
2965
3022
3016
3001
3039
2999
3034
3003
3023
3020
2972
3043
2987
3035
3002
3004
2997
2977
2772
1819
2845
2975
2997
2990
543
1610
2987
2970
3004
3037
2567
2999
2981
3013
2980
2988
1130
2993
3004
3017
2949
2990
2988
2557
2971
3016
3075
2976
3008
3010
3011
2995
3106
2978
3066
2999
2977
3006
2982
2967
3008
3030
2952
2975
3029
2984
3008
441
2969
3002
3003
2850
3007
3011
400
2991
2964
2798
3006
3018
1764
2252
2913
3012
2977
3018
1360
3016
3052
3010
3002
3016
3007
3065
2950
2946
451
2379
2984
2970
2994
2978
798
2939
2976
2417
2990
2923
3008
3017
3049
2969
3020
2994
2524
2987
3007
3016
3048
2919
3019
2984
3009
2978
3035
2979
2984
3013
2968
2061
2961
2986
2994
2369
263
3026
3002
3036
3013
3024
2960
3002
2705
952
3015
3084
3034
3012
2978
3036
2965
3013
2962
3011
2990
2954
3011
2818
2998
3016
2920
2909
2351
3037
2612
1094
3016
3023
1270
2994
3000
3005
3017
3028
2986
2689
2823
3005
2976
2944
2928
3032
3048
2998
2853
3028
3002
3017
2988
2823
3040
2987
2031
3011
2995
2968
3018
2774
3024
2501
641
3007
3021
2999
3024
2927
3005
3003
2910
329
2995
3021
2988
3020
2567
3020
2836
3050
2963
2128
2985
2992
196
3005
3032
2974
3006
2194
787
3006
1687
3038
2965
3014
2988
3014
3020
2983
2984
2970
2987
2970
3018
2997
3035
2990
3000
3002
3002
2989
2568
2475
2978
3022
3014
2998
2732
2965
3001
2956
518
3007
3010
3006
2991
3022
3026
3010
3018
3041
2988
3004
2992
628
2960
3012
2990
1512
2967
2889
2987
3008
2983
3005
3007
2995
2437
3006
3019
3009
3002
3008
3018
1579
3032
2993
3006
2997
3119
2988
3002
3000
2996
3036
3004
2995
3001
2991
3018
3021
2999
3004
2984
3022
3016
2926
3001
3003
2955
1073
3090
2974
3033
3016
3008
2934
2982
2991
3020
2961
3013
2994
3037
2976
2958
3031
3019
3013
2982
2982
3009
1822
2984
3048
2989
2990
2999
1404
3063
2966
2961
3011
3044
2998
3003
2463
2974
1061
2996
3024
2616
3002
3013
3004
2630
633
3014
3013
2997
2972
3011
3015
2999
2966
2938
2971
2420
3085
3005
2946
682
3009
1934
2999
2984
3022
2953
3038
3004
3020
2991
2976
3018
2964
3036
3015
3007
2984
2945
3009
2969
2972
3008
2994
3043
3043
3034
2971
3017
2994
3020
2970
2850
2960
3017
1984
3008
2987
3037
2981
2919
3021
3001
1206
3005
3006
3015
3001
2665
3055
3025
2990
3008
2948
2984
2514
2991
2998
3008
2999
2984
2976
3004
3020
2994
1784
2988
3015
2985
2970
2989
3019
3049
3001
3016
3028
2784
2970
2997
2959
2993
3005
2848
2971
3014
2979
3063
1159
3022
3018
3005
2994
2952
1189
276
790
1909
1910
2798
2991
2995
2929
3003
3024
3038
2940
3002
3026
3002
3011
2951
2950
2986
2218
2962
3042
2997
2946
2980
3013
2766
3000
2975
2993
2525
2775
433
2976
2217
2987
2996
3022
2963
3002
2998
3034
2986
2996
2997
3032
2936
2888
2999
3018
2975
3013
3027
2774
2973
3067
2076
370
2966
2960
2993
2905
3010
3031
3003
2960
2939
1093
2992
3000
3006
2994
3060
2986
2892
3052
3082
3017
3004
2513
2996
2995
2913
2998
3000
2975
3023
2987
2954
3005
1847
3039
3008
3035
2942
2968
2990
3012
3017
2994
3002
3006
803
2991
2940
2996
3001
2939
3028
3018
3011
3022
2998
3007
3011
3024
3032
3003
3001
2817
3051
2988
617
3005
3028
2991
2975
3030
3014
2940
2518
186
3017
2983
3010
2973
442
2997
3018
3003
2970
2962
2959
3004
2966
3016
3007
2995
2986
399
2935
2949
3006
3016
2987
3009
3001
2997
3010
2966
3005
2985
3102
2995
2971
2980
2996
304
3009
3027
3019
3005
1959
3001
3027
3003
3038
3022
3002
200
915
2970
2481
1341
2868
2991
3002
1692
3016
2876
3018
3025
2802
3022
3021
1347
2981
3025
2992
3018
2980
3031
2984
3036
3024
3007
2997
3020
3022
3027
3003
2963
2996
3020
2418
2978
3007
2949
3029
389
2666
2874
3037
2999
3019
2874
2959
3073
3016
2998
2745
2994
3007
2988
3019
2974
2965
2996
2964
2946
2991
2980
2998
2941
2959
3033
3006
3023
831
3011
2977
2954
3018
2958
1958
2978
3035
3031
3017
2986
2978
3019
3018
3007
3031
3018
2944
2988
3009
2836
3025
3003
2943
2967
2990
2808
202
2972
3009
2872
3007
3006
2977
2918
2928
2942
3009
3042
2997
2981
2966
2962
3013
3011
1980
2707
881
2988
2913
2990
2996
2973
2973
2952
2966
3063
2986
3082
2996
3004
3011
2934
1535
3021
3032
2976
3016
2990
3017
3028
2968
248
3003
3037
2061
3018
2538
3015
3033
3052
2999
3045
3008
2982
2915
1945
3048
2962
2627
2972
3008
3002
570
2991
2985
2983
2999
3015
3008
3004
3059
2991
2969
3041
3009
2981
3002
3019
3024
2978
2680
3000
2986
1771
3014
3015
2978
3023
3002
3008
2781
2997
2975
3000
3009
3017
677
3013
2977
3003
3020
3032
3021
3011
3006
3001
2856
2994
2975
2990
3070
681
2987
306
3034
2958
3010
2960
2978
2995
3012
3018
3017
2748
2988
3034
3023
2969
1254
2487
2991
3007
3013
2998
3029
2992
2995
2987
3013
2978
2971
2969
2967
3002
3007
2400
3001
3019
2993
3039
3018
3016
3026
2971
2989
3008
2988
3009
3033
2238
2988
3002
3010
2981
2962
2946
3001
1791
2996
2978
3004
2998
2983
3063
2979
2042
3010
3028
2988
1000
3045
3014
3007
3000
2995
3017
3009
2840
3026
3006
3006
3006
1178
2998
2998
3011
3022
3044
2995
2966
2969
574
2950
3019
3025
3012
2990
2973
3003
3022
3016
1215
3029
2967
2944
2982
807
3026
2973
2994
2994
2971
2999
3009
2985
3000
2417
3024
2229
3000
2963
3012
3018
3007
3048
3020
2096
2993
2955
3032
3000
2948
3001
1968
3002
3013
3034
3021
2959
3020
3038
3024
3025
2654
2989
3007
636
2992
212
3008
2995
2941
3000
2995
1600
2969
868
3015
2948
3007
2997
3016
1355
2996
2990
3015
2999
2994
3099
198
2979
3041
2986
2933
3001
2993
3032
3014
2977
3006
3029
2989
3006
3005
2997
943
3004
3033
3013
3013
3008
3028
2908
2930
1655
3015
3009
2999
179
3026
2933
2962
2992
3017
2998
3006
3005
2993
3005
3019
2991
3054
3039
2898
2968
2973
2376
2988
2981
3001
2986
3008
3008
3015
2983
3014
2990
2865
3003
2985
3019
2990
3013
3028
1794
3020
3007
2963
3013
3030
2993
2749
3023
2991
1980
2948
3016
2989
3003
3015
3041
2974
2987
2999
3019
2942
915
2993
2975
2981
2890
3007
3025
1498
3013
3013
3011
3025
993
2982
2986
3018
2993
3018
2915
3029
2397
2989
2961
2993
2982
3007
3009
2983
2996
3016
3011
2399
3025
2986
3036
2997
3019
2985
3016
2689
3007
3020
3001
2988
3008
3003
2973
3017
2988
3018
3016
3039
3102
3016
498
2997
2993
2997
3001
1675
3010
2969
2983
3045
2952
2987
2988
2965
3026
2970
3001
3013
3043
2999
3013
3035
1942
865
2989
3024
1724
2995
2580
2970
3031
2965
3003
2816
3012
3018
3007
2568
3001
3004
3008
3031
2974
3080
3008
2531
2798
3020
2978
3017
2994
2786
2997
1950
3032
2981
618
3005
3012
3012
3034
3009
2983
2763
3017
3008
2965
2999
2980
2999
2993
1680
3006
2959
2341
2982
2971
3029
2965
2985
2072
2994
3002
3018
3002
2966
2991
3034
2404
2935
2981
3057
3027
2982
3001
2983
2994
2998
3009
3032
3002
2970
3035
2976
319
3006
3007
2828
2955
2795
2831
2969
3012
2991
762
3021
3011
3001
3039
2588
2989
2968
3050
764
2982
2994
3029
3032
3002
3036
2979
3022
2973
2968
3030
2982
3001
3039
2998
3049
2998
2990
3000
3003
2985
2974
2994
3010
2965
2986
2997
2968
2428
2986
3000
3033
2981
2971
2980
2998
3018
2977
2984
3010
837
3013
3003
3008
3019
3005
973
3005
2964
3027
751
3023
2958
2480
3017
1576
2951
2398
2978
3002
2352
2988
2800
3003
2888
3039
2932
1265
2970
3036
3032
3031
2972
3077
2985
3026
1895
3024
3002
3004
3020
2921
3025
2975
3017
3048
2802
3017
3007
3004
3048
2971
3028
3007
3041
2994
2987
3029
2999
2995
3003
2996
2995
209
2983
2997
3020
2992
3016
1099
2997
1473
2991
3000
1262
2975
3033
3040
2924
3003
2976
2064
2984
2968
2968
1197
797
2923
2987
2996
2976
3021
3031
2946
3026
2615
2997
3063
3028
3013
993
3045
2985
3062
2984
2985
2998
2981
2989
3049
2994
2980
1791
3027
406
3012
2994
3002
2991
2987
3007
2976
2993
3037
3006
203
2991
2826
2982
3008
3013
2989
2849
3019
3013
2975
3012
2977
3005
2989
2980
2493
2449
2958
2998
3000
2949
2952
3016
1779
2985
3032
3042
2956
2995
3007
2961
2970
3024
2965
3021
2974
774
3024
3009
3017
3007
2989
3002
3012
2671
3002
1102
2982
2989
3022
2982
3011
3031
251
3016
2990
3034
2925
3018
2985
3057
2972
1034
2955
261
3010
3002
2747
3008
2989
3029
3012
2994
2983
3012
3019
466
2793
2824
3018
3003
977
2993
2897
3029
3014
2992
3002
2972
3006
3020
3004
2968
2979
3027
3030
1319
3032
3029
2978
2767
3015
3004
3001
3018
2984
3021
2990
2966
3008
2975
3072
2985
2974
2992
3004
2985
2986
2986
3021
3018
2997
3012
2462
2991
3037
3008
3033
2507
3021
3037
2336
2736
3017
3016
3028
2983
2844
3074
2849
2948
3000
353
3022
3034
3015
2956
3051
3030
2073
2994
2986
2963
3004
2981
2983
2992
3026
2993
2992
2870
3021
2724
3034
2959
2995
2982
2969
3022
2997
3013
3007
2479
3000
2986
2991
3032
2981
3006
2944
2995
2864
3022
2889
3023
2257
2985
3024
2965
2993
3016
2979
2998
2981
2995
2991
2991
1146
3049
2908
3000
2981
2992
3006
2991
3026
2933
3000
2997
2968
2999
3010
2938
2967
3029
2962
3004
2954
1762
2676
3014
3017
2979
2913
3013
2961
2998
3022
3018
2990
2995
3037
2360
3012
3030
2998
2955
2976
1273
2998
3018
2920
3008
2984
3036
3009
2982
2992
2994
2954
3025
3043
2995
3007
2998
2972
3033
2862
3013
3026
2999
2963
2318
2509
997
2977
3030
2958
2965
3012
3033
3020
3030
2988
3008
3022
2985
3065
3022
2987
2978
2898
3014
2998
2968
2969
2992
3020
2946
3022
2989
3043
2799
523
3010
2997
2988
3000
2927
3020
2992
3008
2998
3024
3011
2986
2967
3019
3008
3016
3024
2989
2976
2996
2985
1534
2952
3012
3036
2961
3014
3003
3019
2988
2332
2995
3002
3032
2998
2955
2954
2957
2985
3005
2972
2894
2980
3000
1662
3014
2986
2974
2972
2998
3021
3022
2999
2992
3034
2967
3007
2978
2996
2986
3040
3043
2953
2963
2941
2715
2972
474
2994
3011
3004
3004
3018
1577
3014
788
3009
3027
1757
3003
2996
3023
2996
2991
3004
3036
3008
3010
3005
3005
3032
2996
1403
3021
2933
3093
3021
1100
2997
3010
2981
3018
2986
3008
1383
3020
3033
2960
2967
3035
3015
3026
3048
3008
3000
3008
3005
3026
2984
3035
3016
2987
2974
2971
2980
3009
3031
2997
2988
2974
3012
3016
3002
2976
3012
3005
3003
2935
3005
2977
3014
2903
2966
2973
3012
2931
3014
3018
2889
3014
2999
3024
2998
2948
1208
3010
2991
2969
2966
2917
3041
3040
3023
2982
2945
1696
3013
2993
2999
2997
2979
3040
3006
3011
2997
2889
3012
2980
2991
2987
2768
693
2961
3008
2991
3035
2995
3094
751
3004
2983
2986
504
2950
3005
3010
2972
2985
3015
3006
2998
3020
2900
3005
3021
3018
2990
2986
3014
2995
3020
2613
3004
534
3008
3029
3017
2991
2984
2945
2999
2999
3000
2952
3013
2997
3014
3024
3003
3003
3011
3003
1334
3018
3023
2942
2993
2232
3026
3009
3024
2978
2985
3041
3002
2385
3033
2991
2961
3012
2949
2971
3019
3019
3000
2975
2953
243
2954
2312
3004
3009
3019
3096
2970
2979
314
2990
2980
2984
2996
2983
3030
2993
2985
2992
2987
3000
2021
2963
2587
400
3102
2976
2966
2961
3001
2984
3084
3033
2833
3013
2994
2996
3031
2994
2922
2976
3045
3009
2849
3020
3011
3011
2965
3009
1983
2991
2999
3039
3015
2995
3012
3015
3007
2532
2983
527
3022
2997
2973
3032
3036
3007
3009
2611
2998
2996
3017
3092
3002
2998
3006
3027
2989
2997
2992
2971
3021
3015
2132
2986
3030
3006
3004
2990
2976
3005
3040
3014
179
2999
3020
1361
2993
2422
3037
3008
3015
2988
2974
2970
3026
3016
3011
2993
2991
3015
2423
337
3016
2993
2988
2976
2990
2971
2985
3026
2217
2767
2920
3029
3018
3010
3020
2946
3026
3018
3000
3017
3021
3013
2967
2968
3022
3002
2996
2999
2992
2997
3113
3015
2539
3027
2984
2570
1913
3011
3016
2992
3045
3024
3001
2842
3007
2996
3016
2993
2963
3011
3005
3004
3006
3030
2905
3023
3001
2976
3004
2986
3008
3000
1977
3020
2989
3039
2958
285
2964
2990
3002
2999
259
2998
2997
3008
2997
2840
861
2979
3031
2916
3016
2128
2998
3029
2982
2975
2980
2991
2971
2997
3006
3005
3009
3026
2980
3006
2945
3038
2995
2951
3009
2986
2998
2981
3015
2972
1774
3024
3005
2995
3051
3007
3017
3020
3007
3010
3041
3006
2983
2945
2829
2190
2968
371
3027
3026
2994
2975
3008
3015
2973
2997
2967
1269
741
2903
3005
2995
3010
3006
2227
3002
2625
2994
3008
2998
2998
2608
2994
2975
2964
3038
3032
2982
2936
3025
2969
3009
2992
2948
2961
2934
3012
3019
2985
3010
2969
2986
2971
3026
2975
2997
3017
3009
2983
3007
2958
2973
2980
2323
3000
2991
2083
3004
3018
3017
2795
2993
2970
2998
3015
3011
3020
3006
3011
2986
3008
3045
2995
3007
2977
3000
3020
3020
3033
2960
2127
2964
3011
3019
2990
2960
2996
3016
3034
2927
2998
3014
3006
2946
3009
2999
2946
3003
2742
3020
2974
3030
3014
3002
3034
3014
2710
2995
3020
3013
3016
3017
2494
2964
2990
2989
3002
3050
1869
2984
242
3022
1967
3016
3029
2940
2986
2968
3000
1384
2954
2976
743
2976
3054
3005
2982
2550
2979
3023
2982
2996
2999
3005
3038
2639
2987
3009
241
2975
574
568
2991
3007
3002
2972
1005
3023
3021
826
2998
2993
3014
3018
3040
2989
3008
3013
2976
3003
3003
222
2959
2979
2997
3032
2927
3031
3031
2983
3021
2545
2990
2285
2961
2993
2990
824
3013
3011
2961
3040
3010
3000
3019
2998
3009
1567
2954
3021
3022
2823
803
3024
2484
2983
3000
2998
3014
3000
2941
2615
3012
3001
3047
2996
3003
2998
3022
3001
3007
2993
3001
3026
2996
2960
3002
2297
3004
2992
548
3045
3018
2971
3063
2979
3020
3005
3034
3020
2795
2988
3034
2998
3026
2981
3017
1151
2980
1413
3003
3026
2967
3009
2996
3017
2979
2975
3005
3009
1594
3004
3011
3020
3000
2991
2961
2991
3008
3030
3009
1077
2961
3004
2904
3009
2980
2998
2956
2984
2983
3006
3019
2965
2958
2955
701
2981
2961
3012
3010
2461
3004
209
3019
2954
2402
1297
2986
3029
3005
3007
3009
2998
2986
3041
2980
3019
2995
3004
2998
3000
3002
2998
3008
3008
3001
2985
2936
3027
3009
2999
2745
3005
2929
2991
2998
3013
2991
2935
2993
3000
2989
2976
1843
3014
2988
3022
2980
2985
3008
1669
2967
2865
2681
3013
3027
3021
3005
2716
3034
2959
3018
2293
3025
780
3044
2097
3010
2974
2979
2992
1508
2892
3015
3041
3005
3021
2928
2966
221
2979
2240
2985
2987
2948
2997
1052
2959
3008
3011
1014
2818
3026
2998
3033
1679
3020
3020
3017
2959
2994
3031
2169
2977
2958
3035
2684
3010
2989
3015
3008
3001
2622
3015
3010
2968
1104
3026
2996
3022
2997
3014
2573
3025
2996
3038
3010
3040
3013
3050
3035
2980
2971
3023
2836
3006
733
2985
2999
2958
1036
2987
3012
1435
2995
2990
3020
3012
2971
3010
3018
3016
446
3028
2927
3000
3029
3012
2976
2997
3008
2971
3009
2988
2975
3017
2975
2978
2981
2990
3009
494
2990
2333
3042
3004
2998
2938
3005
3021
1657
3005
1473
2983
2952
3011
2968
681
2997
3002
2997
2990
2988
1838
3005
3007
3022
2978
2977
2976
2997
2971
3014
2982
3004
3012
2556
233
3011
3003
2993
3003
2949
3004
2989
3003
2993
3004
3015
2986
3020
2982
2990
2964
790
3008
3026
3002
2406
2999
3006
1257
3003
450
2990
3017
2485
1139
2973
3001
2966
3048
2998
2987
2979
3004
2998
3023
2961
2998
3014
3031
511
382
2997
2996
2985
2973
3011
3010
3009
945
2378
3043
2996
3032
3002
2966
2997
3060
1076
2966
3017
3002
3011
2961
2995
3024
3038
3023
2814
613
2975
3009
3001
2925
2964
3004
2639
2867
2982
2962
3083
3026
2775
2336
2978
3022
3013
3013
3002
3013
3010
3000
3036
3003
1674
2969
3005
3011
2999
2902
2995
3051
3025
3019
3043
2967
3031
3015
2983
937
2988
3098
3010
3022
3018
2980
3013
2972
2996
3016
1215
1517
2998
2982
2645
2977
3019
2977
3035
3032
3022
3006
3020
2994
2996
3039
2971
2993
3008
3020
2912
2992
2975
2972
2313
3046
2949
2932
2988
3028
3087
2925
2981
2980
2972
2922
2987
1932
3006
3037
2993
2989
427
3012
2980
3011
2946
204
3006
2986
3025
2989
2969
479
2974
2966
2990
2981
2986
2986
2976
3026
3010
1565
2993
2981
2989
2964
2300
3004
3033
2945
2878
3004
2997
3000
3012
3011
3015
3009
2991
2988
2978
2962
3012
3010
2890
3029
3029
3017
3026
2998
370
3004
3012
3036
3013
3000
3028
3024
2924
2282
3005
3025
2974
2989
249
2974
355
2895
2965
3003
2955
2967
2383
2982
2990
3041
2939
2901
2967
2986
2985
2997
3000
2996
3008
2953
3000
1915
3009
3020
2921
2945
2984
2987
2970
2987
3000
2983
2984
3015
2984
2977
3026
2982
3018
3007
3036
2994
2937
3019
3007
3021
2982
2983
548
2962
2978
1488
3054
3037
3013
2971
2902
3015
3037
3003
2977
2980
3008
2972
3014
2726
3013
2973
3009
3016
2996
2844
3012
3004
3002
2990
2995
3043
3002
2999
1542
3000
2999
3001
3003
2991
3004
2955
3035
2853
2951
2830
2985
2914
3007
2965
2994
2981
3071
2970
2999
3036
3001
2346
3052
2975
3012
3011
3029
2952
2996
3010
2999
3008
2987
3085
2956
3002
3052
2911
2998
3036
3010
2995
3016
2990
2990
3042
3052
2990
2604
3003
3017
3009
3036
3012
3034
3006
3033
3000
3002
3093
2967
3050
2968
3014
3013
1967
2994
3002
3038
2990
2995
2988
3005
2975
2790
2973
2379
2905
3014
3007
2980
3000
3014
2962
2977
2983
2951
2978
2994
3001
3022
2964
3000
3005
3011
3031
2982
2986
2985
3017
3024
2971
429
3014
3027
3004
3002
2851
2968
2990
3042
2966
3031
3023
3045
2997
2967
3020
2882
1254
2997
3024
3017
3008
2997
2971
381
2964
2727
2978
3021
3016
3019
3002
2934
2989
3015
3004
656
3049
2968
3027
2996
3005
304
3026
2991
2996
3026
3007
2997
3035
2457
2994
2999
2997
3026
391
3021
3010
3004
2987
2879
3003
2927
3011
2994
3010
3010
3014
3023
2718
2992
3012
3023
2996
3007
2998
3009
2968
3029
2908
3016
2992
3033
2993
3014
3000
3043
2968
2561
3032
3017
2990
3010
3011
3031
507
3037
2989
3027
245
3001
3012
3012
1196
2989
2988
3012
2997
3051
2314
2998
2992
2994
3027
1436
1526
2997
3016
3029
3017
3016
3038
2999
2930
2956
424
3009
2823
3023
2926
3008
2993
2980
3017
1318
3019
2990
2421
3033
3008
203
3022
2969
3016
3031
2970
469
1000
3018
2991
3016
2953
3009
3006
2465
3013
3004
3026
2972
3021
1066
3028
3011
2954
3002
2994
2987
3005
3024
3003
3072
2991
3019
2990
2965
3006
2995
3022
2453
2893
3003
2611
3020
3031
3024
3013
3026
2900
3005
3050
3003
2974
3000
2906
2966
3016
3005
3047
3005
2989
3027
3042
2996
2990
2992
2953
3021
3041
2997
3013
3010
2981
3016
2999
3000
2690
2998
2985
2982
1081
3026
2981
2976
3022
3027
2961
2988
3011
2952
2991
3019
2955
2973
1954
3029
2993
2994
2969
2986
2977
3019
3031
2984
2953
2971
3008
2980
3035
3015
3008
2745
3000
2835
3012
3006
3020
846
3008
2975
3010
202
2993
3021
3030
3008
2985
2997
2977
1956
1713
1050
2986
3024
2983
3006
3008
3022
2980
3027
3036
3050
3027
3015
3015
3055
2985
2998
2996
2917
3027
3025
276
3000
2958
3004
1473
2977
2997
1640
3002
2973
3003
3012
2970
3027
3038
3016
2949
422
2971
2670
2959
3039
2980
3020
2990
3013
2974
3035
3000
3001
3001
2992
2993
3022
3034
3039
2555
2963
2965
2995
2421
2998
3008
2988
3008
2820
299
2983
2349
2969
2981
2975
2984
2970
1175
675
2966
2960
3023
2963
2954
3046
2979
1966
3012
2989
3003
2955
2968
3003
2426
3010
2996
3025
3038
337
3013
2998
2997
2986
2990
3014
2992
2983
3023
1332
2989
3009
3006
3013
2852
2959
3005
2971
2955
1611
3044
3007
3001
2962
2987
3024
2980
3055
2233
2992
3030
3003
2951
3007
2985
3017
3005
2980
3018
3013
3023
2916
3055
3003
680
3018
3001
3018
2961
3006
3009
2982
2342
2989
857
2096
2535
2995
2979
2130
2983
2987
3043
2998
766
2972
2999
305
2990
3009
3016
3022
3018
2972
3003
3004
3026
3025
3036
3015
3028
2990
2999
3001
3008
2004
2982
2987
2967
3022
3005
3012
654
3016
3000
2864
3014
3030
3029
3049
2991
1455
3027
2978
2974
3012
3019
3019
2963
3028
2990
2991
3002
2998
3007
2987
3024
3011
3083
3022
2997
2935
3012
2681
3000
2995
490
2988
2958
3028
231
2958
2997
3018
2997
3014
3015
2894
2996
2993
3013
2989
3006
3007
3004
2998
371
2998
3012
1556
2980
2993
2983
3012
3052
863
2994
2978
3020
2647
3013
2980
2997
3042
2998
2842
3027
2968
2997
974
3036
3005
2992
2964
3026
3015
3016
2999
3020
3014
2887
2937
3035
2823
3053
3006
2954
3032
3014
2991
1895
3014
1159
2997
2983
3029
3011
2955
3022
3021
3009
2884
2991
2997
2835
2979
2966
483
3022
716
2991
2990
3001
2991
3059
2999
2910
3016
2985
2994
3002
3005
2975
2991
3017
2986
3008
3015
2987
3035
2985
2998
3036
2969
3010
3000
3051
2998
3003
3000
3006
2946
3027
2954
3033
3019
2960
3060
3034
2492
2994
3020
3022
3045
2990
3007
3012
2976
1612
3001
2980
3016
1900
2992
3034
3027
2980
2980
3003
2993
2984
3029
2987
2977
1669
2964
2298
2962
3094
3006
2961
2999
2782
3006
2978
2977
2953
3020
3052
2998
2995
2939
3000
3047
2995
881
3006
2985
3023
3013
3014
2992
2979
2555
1081
3017
3025
3003
3006
2999
2998
3043
3019
2986
2971
2990
2921
3029
3015
2456
3008
3031
3037
2997
3030
3035
2935
2826
3039
3005
3007
1330
2962
3009
2966
3015
2939
2977
3020
3003
3015
1140
2996
2992
2993
3010
3026
2933
2988
2993
2991
3010
2950
2995
2994
2958
3004
2977
2898
2962
2992
2991
2943
3034
2961
2977
2988
2975
2959
2993
2557
558
3080
2994
3045
3099
245
3029
2958
3028
2967
2954
3035
2980
2573
2970
3002
2867
3019
3022
2978
3001
3066
3007
3016
3013
3016
2960
2990
3016
241
3001
2984
2887
3042
818
2975
2995
3026
2997
2985
393
3048
2998
2627
3028
3026
3065
2995
2957
2964
2974
3049
3016
2972
2979
2991
3041
3008
2981
3017
3009
2943
2935
2999
2982
3012
2800
3029
2997
3043
3001
2989
2993
2993
3105
2998
1955
2953
3007
403
2951
2992
2731
2998
1233
2958
3031
458
2961
2992
3005
2999
3056
3001
3043
3013
2984
3010
2980
3009
2995
1766
3006
2993
3001
3034
3007
201
234
2996
3013
2969
2945
3019
3013
3007
2996
2962
3023
2736
3016
2928
2975
3009
3039
3003
3014
3011
3010
2967
3017
3017
3004
2967
2960
3026
3019
3012
2986
2976
3020
2962
2961
1137
2948
3030
3004
3029
3028
3022
2958
2985
2979
2981
2981
2978
2979
2981
3008
2990
3029
3071
3014
3038
3008
2998
2927
2992
2992
2987
2980
3016
3013
2876
532
2976
3000
3029
3019
3007
2988
3014
3018
3007
3024
2991
3019
2930
3002
2930
3006
2951
3010
3009
3004
2951
3011
3019
3005
3013
3018
3012
2556
2970
3013
3018
2834
2995
2984
2982
3027
3071
2927
1938
3010
3018
3027
2978
2996
3007
3011
2498
913
3003
2991
290
2982
3031
2995
3001
3022
2961
3030
3026
3013
2971
2874
3045
2317
2985
2991
2973
2513
2999
3018
3005
2909
2873
2997
3018
2968
2996
3003
3008
2736
515
3059
2970
2949
