1533
1537
1534
1536
1535
354
1536
1533
1527
1542
837
1196
1387
1526
1540
1538
1538
1099
997
1543
1539
1536
1531
1530
1538
1005
1533
880
1537
1542
1345
1535
1537
1525
1542
1534
1536
1537
1536
1537
1532
1535
1537
1534
1536
1536
1540
1169
1533
1533
1539
1486
1532
1286
1532
1529
1532
1536
1544
1544
1530
1533
1538
507
1542
1538
1535
1531
1530
1509
1523
1536
1534
976
1536
1542
1546
1531
1540
1538
1535
1540
1538
1537
1545
1532
1521
1540
1533
1545
1541
1534
1522
1537
1523
1534
804
1538
1540
1525
1537
1533
1515
1540
1535
1530
1534
1535
1536
1539
1524
1534
1027
1536
1328
1547
1541
1529
1540
1529
1534
1534
1534
1545
1533
1534
1540
1546
1477
1533
1543
1525
1527
551
1537
1353
1521
1540
1536
1532
1026
1536
1534
1533
1545
1535
1538
1536
1527
1531
1529
1530
1537
1547
1537
1538
1539
1495
1531
1529
1080
1535
1538
1504
1522
1531
1504
1539
1541
1526
1538
1521
1537
1533
1533
1542
1542
1542
1533
1534
1526
1538
1043
1533
1237
1528
1535
1537
1538
1531
1541
1530
1542
1525
1539
1541
1532
1533
1531
1537
1536
1540
1232
1530
1542
1545
1532
1539
1539
1532
900
1541
1487
887
1530
1541
1538
1441
1544
1538
1506
1537
1534
1527
1532
1539
1341
1527
1532
1537
1530
1540
1542
668
1538
1539
1536
1536
830
1542
1539
1535
1539
1516
1541
1537
1544
1536
1512
1540
1541
1525
1520
1503
1531
1539
1521
1542
1536
1536
1536
1140
1539
1517
1536
1537
1534
1522
1533
1538
1536
1350
1540
1533
1541
1507
761
1542
1540
1540
1534
1533
1531
1535
1426
1530
1540
1538
1534
1535
1535
885
1536
1546
1534
1538
1384
1525
1521
1530
1546
1540
1535
1290
1496
1504
1522
1536
1537
1533
1535
1529
1538
1538
1435
1535
1540
1545
1533
527
1540
1526
1542
1527
1071
1534
1536
1540
1542
1535
1536
1542
1344
1429
1533
1530
1503
1539
431
1544
1535
447
1523
1533
1554
1524
1537
1546
1525
1538
882
1533
1538
1541
1537
1539
997
1532
1544
1539
1242
1537
1541
1537
1538
1531
1540
1525
1520
1525
1534
1545
1543
1537
603
1542
1566
1538
1520
1522
1538
1534
1541
1524
1535
1076
1532
1534
1312
1536
1530
1533
1521
1540
1540
1534
1538
1536
1540
1537
1520
1476
1536
1530
1541
1540
1538
811
1545
1536
1539
1537
1535
1044
1535
1534
1536
441
1541
1546
1540
899
1542
1535
1537
1529
1389
1535
1533
1536
671
1534
1540
1534
1538
1536
1539
1541
1534
1540
1508
1539
1435
1537
1208
1545
1524
1540
1534
1528
1009
1545
1531
1528
1531
1527
453
1524
1546
1534
1536
1541
1539
1527
1541
1538
1541
1540
1540
1539
1542
1535
1535
1381
1150
1537
724
1531
1519
1535
1532
1537
1526
1534
1531
1537
1530
1539
1540
978
1538
1533
1531
1530
1533
1528
1536
1526
1543
1531
1528
1446
1539
1538
1151
1524
1511
1533
1524
1544
1535
997
793
1101
1533
1536
1535
580
1539
1537
978
1538
1536
1532
1525
1538
1541
1544
1537
1534
1543
1532
1033
1524
1535
1541
1538
1543
468
1286
1540
1536
1532
1539
1503
1539
1533
1531
1538
1531
1535
1539
1535
1536
1538
1536
1535
1533
1536
1532
1535
1520
1227
1540
1540
1539
1539
1531
1530
1534
1535
1527
1544
1533
1540
1540
1403
1534
1519
1543
1521
1533
1537
1531
778
1537
1535
1185
1540
1540
1542
1537
1498
1536
1519
1522
1541
1535
1534
1505
1544
1530
1539
1538
1530
1538
1548
1538
1530
1524
1535
1538
1542
1538
1541
1532
1204
1532
1535
1537
1506
1545
1533
1539
832
1175
1532
1448
1541
1530
1091
1513
1535
1536
841
1158
916
1542
1539
1534
1534
1539
988
1535
1533
1543
1536
1537
1531
1529
1531
1530
895
1541
1392
1539
1540
1543
1541
1025
1375
1533
1408
1532
1543
1523
1529
1534
1539
1540
1544
1537
1538
1517
760
1538
1538
1002
1540
1537
1529
912
1534
1442
1538
1542
1532
1538
1537
1523
1541
1522
1546
1537
1515
1534
1512
1533
1540
1536
1532
1525
1539
1522
1540
1544
1528
1532
1538
1532
1541
1519
1534
1507
1532
1526
1536
1537
1527
1545
1536
1535
1540
1536
1543
1541
1539
1395
1538
1544
1534
1543
1379
1537
1538
1543
1522
1537
1541
1534
1528
1537
1533
1545
1535
1536
1521
862
399
1548
1052
1223
1538
1535
1542
1534
1542
1535
1521
1532
1534
1054
1542
1535
1520
1534
1531
1538
1534
1538
1542
1533
1537
1511
1533
1531
1547
1526
884
1532
1535
1536
1529
1543
1535
1537
1535
1537
1528
1540
1533
1527
1535
1530
1183
1508
1541
1522
825
1540
1548
1530
1537
1511
1535
956
1539
1537
1527
1545
1536
1131
1535
1541
1535
1535
1108
1541
1541
1537
1477
1531
1540
1529
1523
1533
864
1546
1538
1530
1536
997
1535
1539
1542
1536
1540
1546
1536
1536
1264
1532
1541
1531
1537
1513
640
1543
1529
1538
1531
1534
1540
1539
1528
1549
1533
1536
1524
1543
1524
1526
1527
1529
1537
1538
1532
1526
1538
628
1534
1541
1542
1528
1540
1528
1537
1538
1476
1539
1531
1529
1525
1541
1535
1514
1537
1543
1529
1532
1547
1533
1534
1540
1534
1540
1524
1525
1546
1540
1528
1538
1527
1538
948
1534
1538
1485
1540
1535
1526
1537
1528
1541
1540
1539
1537
1535
1526
1536
1524
1540
1535
1495
980
1520
1540
1531
1543
796
1539
1536
1526
1541
1539
1539
1521
1539
1540
1531
1505
1390
1536
1535
1534
1532
588
1536
1538
1531
1541
1524
1539
1525
1522
1534
1533
1532
935
1537
1526
1523
1542
1548
1528
1535
1517
1542
1537
1524
1500
1229
1540
1542
1540
1531
1538
1530
1516
1526
1536
1536
1543
1545
1528
1177
1542
1532
1540
1522
1526
1534
1544
1537
1543
1044
1540
1533
1526
1540
1535
1534
1544
1537
1507
1534
1533
1024
1535
1536
1539
1537
1331
1538
1536
1537
1029
1542
1532
1539
1541
1536
1538
1537
1536
1528
895
1523
1528
1542
1533
1542
1537
571
1535
1507
1538
1540
1534
1536
1532
1535
1532
1537
1007
1539
1446
1539
1537
1540
1510
1305
1516
1540
1538
1539
1533
1527
1535
1507
1540
1540
1531
1519
1426
1539
1538
383
1536
1539
1537
895
1539
1495
1537
1538
1180
1533
1537
1531
1527
907
1391
1543
1542
1541
1540
1278
1416
1538
1535
1534
1100
1531
1479
795
1538
1522
1530
1537
1545
1521
1523
1537
1550
1542
1534
1528
1340
1540
1534
1535
1533
1540
1537
1504
1533
1536
1540
1520
1540
1518
1542
1541
1540
1543
1536
1541
1527
1535
1526
1509
1526
1540
1539
1529
1542
1539
1527
1511
1531
335
1538
1531
1533
1522
1538
1536
1526
1541
1154
1531
1530
1538
1533
892
1524
1537
771
1529
1530
495
1483
1537
1540
1533
1535
1534
1533
1523
633
1539
1540
1535
1531
1532
1533
1226
1535
1536
1530
1542
1539
1534
1331
1531
819
1533
1539
1521
1542
1533
1533
1531
1544
1535
1535
1543
1531
475
1532
1539
1537
1529
1535
1525
1535
1533
1535
1531
1542
826
1542
1182
1534
1549
1532
1513
1533
1540
1542
1532
1537
1537
1535
1532
1542
1485
1537
1527
1541
1534
1540
1536
1536
1522
1539
1539
1533
1530
1534
1536
1545
1541
993
1536
1544
1226
1092
1539
1540
1529
1537
1520
1540
1534
1534
1510
1535
1525
1538
1062
1538
1542
898
1533
1531
1536
1538
1522
1537
1537
1526
1538
1538
512
1217
1540
1527
1538
1523
1539
1532
1536
1542
1537
1538
1541
1532
1540
1537
981
1535
1542
1525
1531
1537
1531
1536
1543
1545
1546
1531
1533
1529
1535
1538
1539
1517
1451
1541
1538
1536
1525
1545
1536
1542
1536
1533
1536
1541
1522
1526
1114
1534
1524
1526
1533
797
1528
1000
1540
1538
1543
1535
1524
1524
1538
1507
1533
1539
1524
1540
1532
844
1535
1542
1531
1532
1473
1536
1539
1534
1528
1544
1521
1537
1534
387
1530
1538
1538
1544
1531
1535
1536
1510
1538
1538
1538
1532
1535
1543
1521
1519
1538
1537
1534
1529
1523
1538
1541
1536
1529
1539
1527
1536
1312
1507
1136
1542
1544
1541
1541
1529
1537
1538
1543
1537
1508
1533
1538
933
1042
1209
1524
1535
1542
1545
1545
1542
1528
1542
802
1540
1532
1541
1538
836
1542
1540
1537
1544
1535
1533
1495
1536
1533
1538
1394
1537
1539
1535
1542
1537
1535
1532
1525
1544
1340
808
1521
1537
1539
1298
1530
1533
1538
1535
1524
1535
1545
1534
1534
1532
1534
1533
1541
1542
1214
1126
1509
1541
1521
1540
724
1533
880
1333
1518
1534
1538
1517
1532
1535
1543
1539
1527
1524
1545
1508
1536
1521
1525
1538
1534
1540
1527
1528
1291
1540
1526
1539
1532
1539
1462
1532
1534
1543
1543
1531
1539
1541
558
1542
1533
1540
1536
1541
1538
1539
1537
1532
1538
1544
531
1539
1542
1534
1519
1528
1519
1537
922
1542
1537
1529
1515
1541
1530
1533
1541
1539
1534
1525
1511
1518
1535
1528
1541
1495
1525
1524
1530
1531
1512
1533
1521
1348
1539
1540
1536
1540
1543
1549
1541
1534
1531
1542
1537
1539
1536
1542
1537
1532
1527
868
1535
1525
1540
1529
1538
1537
1540
1539
1545
1354
1532
1541
1539
1519
1539
1543
1521
1538
1536
1547
1540
1537
1543
1542
1528
1532
1529
1548
1450
1531
1538
1535
1539
1544
1410
1522
1532
1539
1542
1524
1526
1535
1537
1527
1526
1547
1536
1547
1529
1533
1358
1492
1533
1527
1526
1543
1531
1532
1527
1537
1528
1307
1537
1527
974
1544
1538
1531
1542
1538
1520
1541
1543
1531
1536
1522
1526
1539
1526
1538
1386
1541
837
1519
1534
1529
1540
1532
1538
1543
1521
1537
1527
1541
1529
1541
1536
1539
1536
1242
1550
1541
1537
1540
1531
1535
1531
894
1543
1535
1531
1545
1541
1533
1507
1535
1540
1532
1538
1532
1335
1541
1534
1538
1535
1540
1541
1546
1539
1537
1534
1536
1533
1538
1540
1491
1177
1494
1540
1544
1534
1520
1508
1519
1340
1538
1534
1537
1542
1521
1538
1539
1538
1540
358
1562
1539
1521
1542
1541
1533
1535
1541
1542
1532
1535
888
1536
1540
1536
1513
1535
1544
1534
1533
1540
1532
1534
1532
1531
1368
673
1537
1543
379
1518
1532
1540
1540
1527
1539
1529
1534
1528
1537
1520
1537
1537
864
1536
1525
1539
722
1538
1540
1538
1545
1537
1523
1531
1531
1534
1534
1534
1530
1532
1544
1541
1535
1541
1462
1526
1530
1534
1542
1525
1529
1541
1531
1536
1532
1532
1440
1536
1534
1544
1548
982
1524
1540
1533
1535
1406
1530
746
1542
1543
1537
1535
1539
1533
1532
1536
1517
1541
1538
1535
1521
1534
1542
1537
1539
1520
1537
1364
1525
1530
1544
1536
1543
1544
1543
1513
1553
1542
1536
1538
679
1539
1544
1543
1528
1533
1534
1534
1540
1524
1540
1510
1504
1537
1534
1533
1537
1530
1538
1527
1529
1538
1493
1540
1538
1537
1533
819
1477
1543
1522
1533
1535
1537
1503
1539
1536
1537
1536
1228
1536
1215
1540
1538
989
1518
1538
1538
1540
1531
1393
1537
1367
1527
1537
1514
1531
1531
1545
1030
1546
1544
1532
1521
1534
1504
1470
1527
1300
1537
1514
1534
1542
1539
1558
1531
1537
1537
1535
1528
1523
1541
1534
1538
1539
1537
1536
1534
1542
1502
1540
1523
888
1509
1534
1538
1541
734
1540
1519
1542
1458
1538
1538
1540
1540
1540
1539
1533
1414
1438
1201
1541
1538
1530
1539
1528
1528
1539
1529
1533
1514
1529
1531
1525
1534
1541
1543
1543
1537
1531
1525
1531
1501
1534
1534
1536
1542
1536
1537
1540
1540
1530
1535
1539
1531
1537
1538
1546
1538
1107
1527
1539
1526
1533
1532
1535
1533
1537
1534
1533
1543
1524
1534
1532
1534
1540
1527
1537
1540
1523
1537
1536
1540
1542
1540
1536
1534
1537
1518
1538
1539
1542
1539
1534
1448
1546
1536
1536
1538
1542
1536
1536
846
1163
1538
1534
1538
1154
1541
1398
1536
1528
1540
1537
1517
1355
1524
1535
1538
1528
1521
1395
1544
1537
1518
1532
1534
1273
1524
1502
1538
1383
1539
1540
1532
1538
793
1545
1454
1535
1531
1544
1537
1538
1495
1522
1542
1534
1535
1540
1537
1533
1507
1533
1534
1505
1539
1537
1541
1538
1539
1536
1532
1522
1538
886
1529
1537
1526
1473
943
1529
1531
1532
1535
1533
1492
1523
1537
1534
1539
1541
1538
1536
1536
1243
782
1529
1541
1538
1533
1536
1534
1535
1538
1540
1536
1538
1537
1517
1526
1540
1538
1544
1536
1536
1534
1541
1542
1539
1535
1536
1524
1200
646
1538
1529
1542
1537
854
1531
1389
1540
1539
1533
1528
954
1534
1527
1535
1532
1544
1528
1537
1524
1536
1523
1548
1539
1520
1535
1531
1509
1540
1533
1518
1542
1100
1533
1537
1076
1531
1516
1533
1534
1528
1522
1542
1532
1540
1522
1531
1541
1541
1533
873
1540
1544
1533
1534
1537
1535
921
1530
1505
1538
1536
1541
1536
1533
1531
1527
1536
1528
1540
1541
1537
1538
1008
1528
1535
1531
1523
1541
1537
1517
1534
1532
1527
1508
1533
1529
1543
1372
977
1513
1301
1522
1540
1534
1534
1537
1538
1536
1537
1543
1539
1530
1528
1540
1540
1537
1518
1527
787
1528
1535
1361
1536
1542
1543
1515
1532
1534
1536
1542
1536
1521
1535
1539
1527
1529
698
1534
1545
1542
1540
1533
1534
1539
1542
1541
1536
1535
1536
1535
1529
1543
1534
1535
1544
1535
1536
1517
1544
1530
1535
1545
1548
1535
1531
1543
1536
1540
1529
1531
700
1540
1534
1536
1542
1056
1531
1535
880
1534
1535
1535
1537
1532
1527
1079
1532
1549
1533
885
1534
1534
1530
1540
1535
1541
1545
1544
390
1527
1060
1543
1197
1542
1134
1526
1537
1541
1534
1548
1537
1538
1537
1539
1539
1535
1545
1534
1537
1542
1540
1517
1501
930
1534
1521
1538
1542
1543
1525
1533
1552
1525
1540
1539
1540
1543
1537
1538
1536
1533
1268
1533
1540
1044
1527
1541
844
1544
1536
1532
1536
1534
898
1541
1537
1524
1529
1535
1536
1537
1125
1533
1542
1542
366
1536
1540
1533
1546
1518
1025
1546
1524
1522
1529
1534
1542
1534
1545
1531
1529
1542
1536
1522
1504
1535
1479
796
1534
1030
1448
1532
1414
1542
1498
1534
1538
1535
1524
1469
1523
1536
1513
1536
1537
1535
1535
1527
1525
1535
1542
1535
1542
1537
1529
338
1536
1538
1521
1533
1542
1539
1537
867
1529
1522
1533
1540
1535
1535
1397
1529
1540
1536
519
1541
1524
1525
1537
1544
1536
1024
1543
1535
1537
1072
1543
1540
1538
1535
1522
1533
1533
1539
1534
1541
1537
1524
1538
1536
1541
1521
1543
1544
1540
1541
1540
1537
1535
1533
1533
1541
1539
1522
1522
1539
1534
1534
1540
1540
1543
388
1541
1542
1518
1529
1541
1538
1449
1530
1533
1539
1368
1543
1534
1533
1539
1535
1541
1532
1376
1526
1534
1536
1533
1523
1540
1540
1524
1518
1534
1531
1539
1007
1539
1546
1543
1541
1527
1532
1524
1541
753
1538
1529
1544
1536
1533
1539
1536
1536
1537
1539
1545
1543
1538
1540
1516
1542
1532
1511
1521
1514
1543
967
1530
1207
1540
1536
1534
1456
1543
1539
1542
1527
1542
1533
961
1533
1544
1537
878
1530
1529
1534
1535
349
1541
1529
1539
1520
1539
1505
1533
1540
1522
1532
1531
1535
1051
1548
1532
1536
1530
1533
1533
1540
1540
1531
1537
1536
1543
1528
1537
1534
1527
1546
1537
1459
1528
1543
1537
1534
1534
1526
1344
1534
1546
1516
789
1500
1532
1537
1542
1534
1529
1539
1538
1540
1527
1533
1476
878
1535
1545
1533
1534
1532
1523
1529
1537
1519
1537
1539
1530
1540
1536
1551
1527
1538
1535
1537
1542
1529
1534
1539
1538
1537
1538
1535
720
1544
1538
1538
1542
1531
1539
1539
989
1527
1536
1517
1539
894
1535
1526
1542
1533
782
1544
1541
1538
1538
1539
1544
1546
1530
1537
1254
1541
1523
1447
1522
1524
435
1533
1507
1541
1539
1540
1537
1539
1523
1541
1531
1545
1517
1443
1526
1538
1539
1542
1534
1536
1538
1532
1537
1438
1541
1534
1541
1536
1536
1534
1546
1535
1533
1041
1540
1521
1546
1539
1538
1486
1519
1537
1539
1533
1520
1541
1533
1540
1459
1536
1543
828
1541
1536
1541
1538
1475
1493
1529
1529
683
1532
1540
1537
1535
1536
979
1524
1541
1539
1538
1531
1547
864
1528
1536
1544
835
1534
1531
1548
1537
1539
1537
1006
1536
1545
1285
1505
1546
1539
1521
1537
1538
1534
1388
752
1541
1537
1538
1534
1542
1048
1539
1533
1542
1540
1531
1535
1536
1529
1542
1233
1541
1534
1537
1536
1526
1524
1534
1536
1535
1533
1524
1530
1515
1542
1532
1528
1533
1532
1542
1537
1538
1055
1541
1538
1542
1527
1025
1497
1538
1529
1543
1538
1535
1531
1518
1535
1536
1533
1533
1539
1503
1529
1535
1531
1538
1539
1135
1524
1539
1534
1531
1387
1025
1541
1393
791
1538
1524
1528
1533
1536
1516
1534
1542
1504
1535
1528
1533
1538
1524
1520
1536
1533
1536
1533
1526
1541
1546
1519
1529
1537
957
1517
1546
1543
1220
1539
769
1534
1525
1531
1544
1413
1536
1535
1542
1538
1535
1542
1534
1534
1544
1540
1534
1541
1540
1541
1528
1538
1538
1537
1523
1537
1529
1540
1532
1533
968
1534
1541
1531
1466
1537
1537
1539
1386
1535
1531
1544
1530
1539
1534
1268
1539
1535
1541
1530
1537
1530
1527
1470
1542
1533
1538
1538
1543
974
1526
1536
1531
1539
1538
1531
1541
1538
1537
1542
1531
1535
1530
1541
1518
1530
1522
1535
1537
1522
1531
1512
1525
1533
1537
1537
1540
1539
1545
1536
1520
1527
1534
1547
1542
1537
1538
1044
1536
1545
1535
1542
1543
1537
1541
1497
1531
1532
1535
1536
1542
1536
1034
1544
1538
1534
1530
1518
1537
1530
1535
1550
1536
1516
1539
1542
1538
824
1531
1523
1532
1533
1524
1536
1534
1535
1537
1542
407
1533
1543
1539
1543
1539
1534
1419
1533
374
1535
1538
1539
1538
1541
1534
1535
1298
609
1532
1537
1525
1541
1536
1528
1531
1506
1549
1528
1540
1536
1513
1540
1554
1538
1526
1537
1521
1218
1413
1534
1530
1530
1520
872
1532
1538
1534
1527
856
1536
1528
1523
1544
1415
1519
1533
1540
1426
1532
891
1528
1541
1539
1543
1535
1542
1529
1537
1538
1507
1538
1538
1535
1538
1377
1530
1535
1537
1541
1533
1540
1536
1540
1535
1542
1363
1535
1542
1537
1541
1533
1540
1540
1534
1539
1534
1089
1537
1542
1537
1536
1539
1534
1530
1534
1534
1533
1544
1528
1536
1536
1486
1537
1536
1539
1541
1520
1536
1543
1491
1537
1532
1549
1541
1542
1532
1536
1511
1538
1540
1543
1537
1545
1532
1536
1541
1537
1546
1538
899
1537
1536
1530
1545
1536
1538
1535
344
1543
1281
1538
1540
1520
1541
1537
1531
1535
1528
1504
1407
1537
1540
1527
1535
1316
1541
1534
1542
1533
1534
1524
1500
1532
1542
401
1538
1514
1535
1535
1540
1535
1538
1517
1530
1541
1527
1541
1534
1534
1540
1538
1531
1539
1524
1433
1542
1537
1528
1538
1529
1538
1506
1544
1538
1520
1540
1531
1530
1544
1546
1531
1540
1540
1535
1178
1513
1530
1528
1535
1543
1544
1533
1542
1530
1281
1538
1546
1525
1541
1534
1528
1532
1469
1540
1533
1536
1538
1540
1533
1533
1504
1539
1524
1533
1538
1536
1311
1529
1530
1544
1545
1534
838
1537
1546
1536
1503
1538
1536
1536
1536
1540
1536
1512
1455
1537
1530
1531
1535
479
1539
1538
1532
743
1418
1546
1538
1545
1531
1429
1533
842
1537
1537
1543
1498
1545
1071
1524
1534
1539
1536
1536
1530
1536
1538
1541
1530
1539
742
1542
1543
1532
1537
1539
1534
1520
1538
1536
1548
1538
1527
1537
1536
1540
1535
1517
1528
1527
1538
1523
1536
1536
1042
1544
1492
1538
1541
1534
1529
1537
1523
1537
1531
1524
1531
1116
1530
1543
1509
1530
1502
1529
1535
1535
1522
1536
1529
1178
1532
1513
1528
1518
1499
1539
1536
1542
1445
1538
1540
1536
1533
1526
1530
1540
1523
1538
1536
982
1535
1538
1529
1492
1531
1481
1537
1537
1537
1529
1530
1543
1539
1537
1543
1532
1523
1534
1270
1518
1530
1540
1531
1530
1530
1540
753
1547
1540
1534
1539
1535
1536
1539
983
1531
1540
1137
1535
1540
1535
1532
1537
1530
1541
1539
933
1536
1533
1474
1535
1541
1538
1538
1540
1536
1539
1533
1538
1430
1534
1542
1537
1539
1442
1532
1538
1535
1537
1523
1536
1540
1545
1540
1533
1535
1526
1530
867
1531
791
1533
1536
1427
1540
1544
1436
1529
1540
1540
886
1528
1088
1252
1536
1525
1532
1537
1524
1538
1522
1537
1521
1527
1525
1537
1538
1539
1542
1532
1531
1536
1539
1532
1531
1539
1538
1536
1535
1250
712
927
1534
1504
1544
1527
1531
1531
1547
1535
1541
1539
841
1534
1535
1526
1529
1206
1319
1541
1536
1540
1540
1534
1523
1532
1520
1537
1537
1533
1541
1537
1488
1541
1537
1530
1539
1539
1531
1535
1536
1541
881
1539
1542
1531
708
1328
1528
1536
1526
1537
1533
1535
1525
1536
1539
1544
683
1538
1537
1536
1538
1552
1538
1532
1546
1531
1540
1539
1541
1537
1537
1529
1531
1534
1535
1538
1541
1450
1537
1532
1532
1529
1541
1535
1534
1538
1525
1539
1533
1542
1537
1533
1533
1542
1213
760
1435
1536
1522
1536
1540
1450
1538
1536
1531
1537
1540
1537
1524
1531
1541
1543
1437
1535
1532
1538
1518
879
1520
1539
1528
1527
1540
1508
1538
1534
1533
1535
1535
1531
1541
1536
1526
1536
1529
1530
1534
1533
1520
1537
1526
1534
1539
1531
1542
1532
1518
1533
664
866
1537
1538
1539
1539
1537
1523
1536
1539
1536
1363
1531
1540
1536
1538
1529
1536
1536
1538
1530
1509
1535
1532
1542
1499
1540
1545
1538
1537
1526
1548
1535
1526
1534
1543
1540
1542
1534
1540
1539
1538
1535
1536
1539
1537
1526
1005
1541
1528
1487
1542
1540
1529
1534
1088
1400
1547
1534
1539
1538
1540
1525
950
1534
1547
683
1535
393
1538
1539
1532
1537
1531
1143
1530
1539
1538
1537
1550
1536
960
1513
1525
1521
1528
1534
1525
1369
1520
1513
1046
1538
1537
1523
1538
1506
1520
1534
1532
1543
1538
1544
1535
900
1535
1544
1542
1295
1538
1547
1531
1538
1534
1538
1534
1518
1537
1521
1054
1538
1535
1094
1523
1539
1514
1542
1532
1532
1534
1534
1537
1543
1538
1539
1533
1542
1540
1528
1536
1528
1519
1533
1540
1531
1536
1527
1539
1538
1536
1519
1538
811
944
827
1542
1532
1530
1502
1542
1539
1502
1538
1537
1538
1538
1541
1532
1505
1530
1542
1541
1525
1534
1538
1539
1506
1266
1533
1553
1538
1524
1522
1533
1535
1539
1534
1542
1531
1537
1539
1538
1539
1534
975
1535
1534
1532
1514
1532
1546
1529
1540
1539
1530
1540
1535
1536
1538
1540
1533
1535
1543
1543
1539
1541
1536
1527
1535
1533
1540
809
1530
1538
1176
1527
1539
754
1538
1535
1489
1541
1533
1529
1547
1538
1532
1537
1377
1538
1536
1540
1537
1535
1539
1538
1538
1524
1544
1534
1540
1533
1538
1524
1537
1537
1078
1521
858
1537
1546
1525
1538
1529
1538
1540
1533
1537
1533
950
1530
1300
1538
1535
1521
1538
1539
1536
1541
1539
351
1539
1533
795
1529
1534
1543
1315
1538
1538
702
1517
1536
1518
1535
1529
1524
1527
1523
1534
1538
1533
1524
1543
1544
1529
1538
1530
1538
1540
1520
1536
1540
1510
1538
1538
1528
1544
859
1542
1304
1539
1542
1532
1533
1537
1525
1501
1535
796
1533
1538
1538
1535
1539
1543
1533
1541
1536
1083
1534
1536
1525
1535
1514
1527
1555
1539
1542
1545
1536
1543
1530
1526
1532
1529
1535
1528
1529
1543
1538
1523
1537
1527
1519
1544
550
1534
1537
1540
1516
1546
1521
1536
1504
1538
1543
934
1540
1543
1464
1540
1411
1537
1531
1393
1535
1510
1540
1527
1524
1471
1540
1441
1534
996
1536
1522
954
1538
1356
1519
1540
1535
1531
1537
1531
1540
1542
1523
1549
1532
1522
1533
1542
1536
1542
1534
606
1524
1536
1541
1471
1539
1543
1504
1541
1510
1535
1423
1532
1502
1532
1535
1533
1530
1528
1519
649
1548
1538
1538
1540
1530
1529
1543
1533
1539
1537
1532
846
1503
1543
1443
1531
1535
1539
1539
1529
1535
1534
1533
1535
1528
1541
1529
1524
1525
1537
1535
1537
1537
1536
1522
1544
1534
1537
1539
913
1539
1542
1536
1534
577
1534
1525
1531
1533
1538
1540
1499
1518
1533
1538
1538
1539
1526
868
1531
1526
1542
1541
1540
1519
1534
1522
1538
1536
1539
1541
1519
1532
1470
1541
1453
1543
1543
1533
1521
1544
1542
1540
1537
1539
1530
1521
1508
1533
1541
1538
1539
1543
1537
1542
1538
335
1529
1538
1533
1528
1529
1479
1540
1096
1515
1197
1524
1523
1532
1528
1527
1523
1532
1530
969
1532
1532
1531
1540
1017
1534
1552
1446
1502
1540
1544
1540
1538
1534
1477
1535
1532
1534
1538
1537
1531
1532
1527
1537
1534
1530
1538
1538
1538
449
1540
1535
1536
1545
1544
1536
1543
1504
1545
1537
1383
1522
1536
1537
1538
1529
1539
1530
1537
1543
1534
1542
476
1507
1536
1516
1540
1536
1537
1530
1522
1539
1477
1529
1541
822
1534
998
1538
1529
1537
1533
1540
1533
1526
1472
1522
1509
1540
1539
1530
1542
1526
1540
1543
1542
1540
1544
1543
1538
1529
1531
1535
1539
1529
1521
1537
1523
1534
381
1522
1531
1532
1536
1057
1542
1533
1540
1540
1535
1536
1537
1527
1551
1536
1534
1540
1541
1543
1531
1535
1540
1525
1541
1533
1304
1520
1028
1531
1533
1529
1535
1541
1503
1524
832
1538
1536
1546
1532
1535
1538
641
1533
1541
1541
1541
1539
1530
1534
1538
985
1541
1538
1537
1541
1536
1535
1538
1546
1535
1539
1540
1545
1536
1538
1540
1540
1540
820
1533
1544
747
1535
1537
1531
1539
1537
1532
771
1542
1544
1413
1369
1540
1531
1508
1531
1534
1530
1537
1534
1539
1537
1516
869
394
892
1538
1538
1538
1534
1539
1525
1541
1527
1529
1532
1549
1520
1539
1539
1535
1537
1542
1538
1537
1532
1547
1533
1536
1541
1529
1511
917
1538
1529
1537
1540
1524
1331
1541
1543
1536
1169
1498
1529
1528
1520
1465
1548
1539
1532
1542
1541
1531
1516
1544
1527
1542
861
1532
1540
1540
1538
1534
1532
1528
1531
1419
1259
1535
1066
720
1537
805
1519
1536
1539
1537
1531
1537
1539
1538
1539
1543
1533
1538
1539
1540
1532
1442
1523
1539
1535
1539
1539
1535
1534
1483
1521
1539
1536
1535
1541
1357
1532
1530
1536
1536
1517
1542
1524
1545
1539
1530
1540
1518
1537
1538
1539
1512
1545
1530
1532
1538
1535
1526
1071
1538
1538
1547
1533
1528
1429
1534
1538
1524
1538
915
1524
1535
1535
1539
1528
1557
1540
1533
1535
1542
1540
1302
911
1530
1534
511
1546
1525
1542
1540
1538
1533
1535
1174
1537
1536
1544
1542
1536
1536
1536
1517
1541
1536
1537
1529
1544
1544
1525
1539
908
1524
1538
1510
881
1537
1534
1549
1492
1543
1535
1535
1538
1535
1550
1532
1535
1528
1537
1541
1540
1535
1536
742
1546
1100
1537
1389
1542
1541
1526
1533
1533
1541
1520
1542
1528
1532
1540
1539
1535
1539
1538
1546
1541
1533
1514
1520
1536
1541
1531
1549
1532
1521
1535
1541
1537
1536
1539
1540
1540
1534
1532
1530
1539
1542
1538
1534
1525
1536
1538
1512
1541
1532
1509
1534
1535
1531
1529
1541
1520
1502
1520
1534
1530
1513
1542
1531
1534
878
1535
1534
1541
1541
1536
1535
1534
1533
1520
1538
1539
1522
1534
1529
956
1530
1532
1543
1539
1539
1532
1533
1537
1538
1531
1535
1537
1537
1512
1535
1529
1531
1538
1535
1532
953
1526
1535
1529
1541
1547
1536
1522
1540
1542
1527
1534
1538
1540
1539
1519
1537
1520
1537
1529
1537
1546
1522
1540
1342
1541
1533
797
1546
1535
1540
900
1536
1524
498
1538
1536
1531
1524
1525
1537
1541
1480
1538
1521
1536
1300
1541
1532
1534
1537
1536
1534
1539
1523
1546
1545
1540
1537
1538
1536
1532
1480
1528
1523
1532
1544
1532
1529
1432
1538
766
1483
1517
1542
1525
1535
1532
837
1544
1534
1543
1543
1533
1437
1002
1536
1533
1532
1480
1529
1538
1087
1549
1535
1502
1544
1531
1540
1538
1317
1004
1519
1542
1536
1538
1532
1518
986
1539
1534
1533
1539
1526
1543
1532
1527
1539
1534
1525
1531
1535
1531
1534
1530
1538
1522
1508
1465
1523
1538
1542
1539
1535
1539
1535
1538
1531
1540
1541
1531
1534
1536
1529
1532
1519
1535
1534
1536
1538
1304
1540
1534
1530
1536
1535
1531
1540
1536
783
932
1541
1523
1537
1532
1529
1497
1534
910
1532
1538
1530
1539
1535
1541
1535
1537
1517
1546
1538
1531
1538
1511
1497
1542
1541
1539
1533
1545
1536
1540
1528
1538
1537
1533
1538
1533
1536
1538
1537
1534
1523
1330
1534
1535
1494
1533
1535
1531
1543
1524
1525
1540
1538
1542
1534
1507
1540
1539
1019
1531
1534
1535
1529
1537
1502
1536
1540
1531
1534
1538
1525
1536
1537
1524
1522
1527
1532
1534
1539
1538
1527
1199
1541
1535
1533
1534
794
1542
1535
1133
908
1521
1518
1534
1539
347
1540
1543
1525
1533
1542
1519
1541
1543
1539
1531
1536
1005
1537
1536
1539
1535
1516
1486
1527
1528
1513
1522
1516
1541
1534
1282
1519
384
1536
1515
1523
1537
1535
1523
1545
1536
1530
1523
1541
1072
1527
1528
1529
1529
1528
1535
1534
1535
1540
1535
1535
1537
1539
1536
1206
1525
1539
1543
1544
1534
1539
1509
1534
1538
1540
1534
1537
1539
1540
1535
1541
1537
1538
1520
1538
840
1537
1533
1538
1131
1541
1530
1538
1533
1275
1538
1547
1518
1537
1541
1533
1545
1534
1540
1536
1243
1544
1541
1540
1531
1537
1541
1543
1541
1548
1542
1533
1515
1531
1531
936
1538
1538
1534
1538
1332
1540
1538
1534
1538
1536
1532
1535
1531
1544
1540
1529
1535
1540
1535
1528
1537
1526
1535
1494
1538
1536
1535
1541
1533
1539
1530
1535
1538
1410
530
1501
1539
1536
1551
1539
1527
905
1540
1072
1544
1013
1537
1546
1526
1536
1511
1534
1542
1540
1533
1540
1518
1543
1495
1521
882
1529
1517
1536
1355
1543
1541
1539
955
1539
1538
1535
1525
1536
1477
591
1533
1543
1544
1535
1533
1542
883
1536
1532
1134
1536
1542
1523
1539
1535
1537
1542
1539
568
1540
1530
1538
1545
1530
1536
1534
1544
1534
1542
1524
1524
1540
1527
1540
1540
1538
1534
1524
1537
1534
1539
1539
1536
1537
1536
1541
1544
1526
1537
1538
1540
1536
1542
1536
1529
1535
1535
1470
1532
1532
1534
1534
1542
1529
1520
1549
1530
1536
1514
1539
1540
1541
1540
1540
1528
1546
1532
1528
1540
1541
803
1539
1526
1541
1535
1530
1502
1540
1532
1536
1519
1540
1539
1537
1531
1518
1538
1538
1520
1136
683
1536
1538
1540
1528
1536
1519
657
1532
1520
1542
1539
1534
1502
862
1535
1532
1543
1533
848
1470
1120
1534
1532
1545
1532
1541
1538
1538
1528
1537
1416
1536
1531
1537
1535
1540
1538
1541
1531
1537
1540
1541
1506
1542
1533
1534
1538
1006
1509
1533
1533
1539
1535
1541
1488
1538
1537
1533
1540
1527
1534
1512
1536
1538
1526
1534
1537
1529
1536
1536
1538
1505
1538
1524
1308
988
1536
1541
1532
1016
1527
1515
1543
1531
1539
1533
1535
1526
1540
1541
1535
1535
1540
1528
1527
1537
1534
1532
1539
967
1511
1540
1536
1533
1525
1538
1532
1541
1532
1539
1508
1523
1533
1545
1534
1539
1540
1535
1531
1530
1538
1539
1528
1541
1540
648
932
1143
1383
1527
1546
1524
1537
1537
1516
1540
1504
1532
1522
1539
1525
1537
1521
1541
1530
1538
1087
1485
1535
1533
1540
401
1535
1525
1538
1459
1545
1546
1502
1530
860
1540
1527
1541
1528
1082
788
1544
1523
1534
1525
1526
1439
1510
1540
1532
1349
1539
1535
411
1539
1533
1539
1531
1521
1539
774
1531
1539
905
1532
1538
1536
1543
1536
1532
1537
736
1535
1540
1534
1542
1316
1529
1516
1524
1528
862
1533
1528
1531
1518
1535
1535
1245
1492
1545
1534
1529
348
1545
1523
1507
1361
1436
1544
1545
1359
1532
1528
1539
1540
1522
997
1535
1529
1539
1545
1540
1515
1547
1537
1542
1525
1540
1541
1541
1242
1537
1536
1533
1532
1533
1540
1538
1538
1532
1534
1541
1539
1535
1389
1542
1532
1535
1534
1540
1507
1540
1524
1534
874
1536
1514
1531
1542
1543
1509
1540
1540
1544
1529
1346
1518
1538
1533
1536
1537
1547
1537
1532
1504
1538
1535
1529
1510
1528
1520
1478
1538
1521
1534
1540
1531
1539
1545
1534
670
1537
1537
1536
1542
1086
1532
970
1519
1533
1544
1541
1542
1535
1534
1530
1538
523
801
1520
1522
1536
1542
1532
376
1535
1477
1528
1538
1536
1541
1536
1542
1522
1535
728
1529
1532
1515
1536
1534
1541
1065
1539
1363
1525
1543
1533
1158
1532
1542
1538
1536
1535
1549
1532
1549
1541
1534
1532
1542
1542
1536
968
1539
1539
1513
1535
1535
1447
1536
1548
1525
1529
1530
1533
1533
1499
1535
1531
1024
1538
1537
1533
1540
1530
927
1525
1542
1458
1554
1541
1538
1539
1405
1540
1537
1542
1538
1540
1539
1538
1522
1532
1539
1533
1535
1527
1171
1535
1536
1514
1533
1538
1533
867
1533
1541
1536
1501
1539
948
1537
1528
1532
900
1542
1545
1537
1541
1537
1532
1534
1529
1536
1538
1541
1537
874
1533
1535
1536
1529
1537
1537
1537
1536
1528
1538
1534
1534
1543
1534
1530
1547
1534
1540
1533
1529
1537
1536
1534
1497
1522
1540
1532
1517
1529
1531
1535
1520
1540
1540
1532
835
1540
1534
1539
1536
1534
1545
1541
1540
1541
1538
1540
1509
1520
1539
1541
1536
1536
1545
1535
1533
1442
1523
1540
1554
1539
1526
1539
1539
1544
1540
1527
1533
1536
1543
1333
1536
1535
1540
1524
1542
1526
1525
1520
1531
1548
1539
1524
1544
1547
1522
1541
1537
1539
1538
1079
1534
1539
1537
1542
1536
1541
1475
1538
1548
1318
952
1536
1508
1535
1543
1517
1010
1528
1527
1535
1538
1537
1536
1526
1520
1536
1537
1545
1526
1526
1534
1544
1535
1540
1537
1540
1347
1537
1541
1521
1529
1540
1529
1539
1537
1540
1539
1536
1537
1496
1537
1365
1394
1531
1533
972
1540
1515
1535
954
1529
1538
1542
1536
1484
1497
1529
1535
1399
1543
1536
1540
1541
1535
1418
420
1538
1541
1543
1530
1549
1544
1514
714
580
765
1535
1538
1534
1536
1540
1535
1542
1537
1540
1537
1541
1535
1544
724
1537
1533
1529
1544
1535
1541
1536
1533
1543
1541
1537
1536
1438
1533
1539
1537
1539
1539
1532
1547
1540
1531
1534
1540
1538
1519
1535
1547
1501
1533
1071
1530
1408
1529
1539
1538
1434
1535
1069
1536
1537
1538
1539
1536
1535
1521
1523
1510
1544
1500
1540
1537
1536
1539
1511
1542
1542
1519
1536
351
1524
1539
1528
1533
819
1547
1540
1529
1538
1536
1538
1042
1523
1525
1004
876
1539
1529
1533
1550
1543
1531
1538
1535
1537
1529
1542
1544
1538
1527
1536
1528
1538
1537
1534
1534
1539
1527
1533
1462
1545
1536
1534
1537
1531
1535
1540
1531
1536
1537
1537
1533
1535
1546
1537
1540
1528
1523
1536
1537
1537
1545
1546
1528
1521
1532
1528
1523
1534
1539
1539
1534
1535
1508
1541
1525
1504
793
1540
1349
1538
1538
1541
1538
1518
1542
1544
1529
1544
1536
1536
1542
1540
1522
1520
741
1339
1511
1474
1534
1539
1537
1548
1534
1533
1527
1530
1529
1534
1537
1528
1534
1547
1544
1537
1532
1541
1536
1532
1541
1519
1540
1543
1533
1536
1528
806
1532
1462
1542
1544
1538
1546
1536
1543
1525
1540
1545
1537
1495
1546
1536
1541
1539
1534
1541
1532
1544
1540
1534
1541
1532
1539
1532
1547
1540
1545
1518
1539
954
1537
1548
1540
1523
1532
1537
1535
1468
1531
1540
1518
1526
1540
1532
1547
1541
1536
1549
977
1533
1522
1539
1538
1540
1535
1543
1535
1542
1534
1538
1534
1536
1538
1536
1541
1531
1523
1541
1536
1533
1545
1517
1544
1463
1531
1537
1515
1534
1529
1525
1525
1520
1532
1539
1528
1540
1547
1535
1541
1538
1535
1540
1540
1523
1049
1536
1539
1536
1522
1523
1540
944
1535
1537
1539
1517
1527
1545
1540
1533
1522
1251
1393
1457
1537
1092
1529
1397
1319
1537
1459
1541
1534
1535
1548
1538
1544
1533
1534
1541
1521
1536
1544
1535
1535
1529
1539
1541
1539
1537
1515
1539
1508
1537
1540
1504
1471
1540
1540
1546
1538
1530
1538
1539
1541
1540
1537
1530
1324
1532
1541
1541
409
1532
1542
1540
1534
1531
636
1545
1545
1538
1539
1524
1530
1526
1537
1530
1524
1535
1509
1524
1540
1537
1000
1545
936
1511
1535
1533
1523
1033
1542
1537
1538
1528
1541
1450
1545
1553
1540
1526
1539
1540
1538
1536
1546
1533
1527
1234
1536
1546
838
1546
1261
706
930
1547
1540
1540
1537
1541
1538
1541
1533
1544
1521
1540
1526
1533
1543
1531
1538
1542
1535
1537
1541
1521
585
1534
1538
1542
1533
1538
1528
1526
1529
1539
1407
1531
1534
1544
1531
1526
1538
1537
1537
1551
1519
1545
1538
1425
1542
1537
1536
844
1534
1533
1533
1508
1536
1010
1543
1539
1520
1542
960
1539
1535
1476
1539
1533
1367
1534
1327
1523
1532
1545
1535
1533
734
1536
1533
1535
1544
1534
1541
1532
1536
1537
1536
1541
1544
1537
1533
1540
1529
1543
1545
1521
879
1546
1533
1540
1527
1536
1529
1537
1526
639
1540
1522
1538
1539
1532
1546
1534
1529
1534
964
1534
939
1537
1538
1535
1527
1541
1540
1165
1537
1443
1413
1547
495
1535
1540
1538
1538
1531
1539
1529
1538
1544
1537
1519
1527
1533
1534
1535
1540
1538
1531
1312
1532
1544
1539
1314
1260
1541
1532
936
1540
889
1538
1548
1532
1526
1535
1521
1533
1526
1542
1518
1537
1537
1538
1539
1523
1536
1530
1163
1538
1529
948
1539
1508
1544
1538
1552
1537
1537
1536
1527
1528
1542
1540
1538
1548
1539
1523
1536
1537
1534
1541
1541
1530
1535
1534
1530
1533
1536
1532
1523
1506
1538
1535
1503
1525
965
1196
1539
1527
1536
1545
1538
1115
1533
742
1539
1542
1532
1543
1542
1527
1519
1529
1527
1544
1538
1538
1542
1533
1251
1544
1539
1243
1544
1523
926
1540
1537
350
1498
1526
1533
1538
1541
1540
1544
1523
1536
1531
1542
1524
1525
778
1528
1539
978
1541
1538
1540
1525
1533
1541
1538
1515
457
1536
1535
593
1537
1535
1524
1536
1532
836
1537
1533
1540
1539
407
1533
1525
1535
1537
1538
1531
1539
1537
1529
1537
1531
1542
1540
1543
1535
1538
1532
1531
1536
1530
1537
776
1535
1537
1478
1542
1542
1536
1546
1535
1524
1542
1536
1536
544
1539
1536
1513
1528
1538
1548
1524
1044
1538
1538
1539
1536
1528
981
1535
1526
1527
1523
1536
1530
1519
899
756
1531
1515
1536
1063
1522
1526
1531
1533
1529
1527
1527
1519
1537
1551
1542
1535
1375
1527
1543
777
1536
1392
1536
1534
1514
1534
1532
1532
1529
1530
1541
1537
1486
1531
1540
1531
1519
1537
1542
1523
1538
1523
1536
1542
1532
1533
1536
1298
1515
1332
1524
1538
1544
1535
1532
590
1535
1533
1536
1520
1530
1540
1537
1532
1536
1522
1537
1533
1478
1527
1515
1410
1541
1536
1537
1525
1532
1522
1542
1529
1543
1534
1541
1120
1531
1539
1528
1538
1537
1522
1537
1538
1521
1260
1547
1065
1549
1540
1526
1523
1537
1540
1524
1539
1535
1533
1386
982
1474
1536
1533
1540
1541
1549
1540
1535
1540
1536
1542
1532
1539
1543
1533
1544
1545
1536
1532
1457
1547
1545
1535
1538
1531
1541
1534
1538
1043
1535
1533
1536
1361
1531
1533
602
1542
1518
1534
720
1523
1530
1279
1528
1518
1525
1507
1532
1523
1535
1539
1522
1539
1534
1538
1538
1540
1556
1538
1534
1530
1542
1529
1540
1539
1539
1529
1530
1538
1373
1539
1526
1540
1539
1536
1535
1518
1538
1542
1534
1540
1536
1530
1533
1526
1531
1539
1523
1534
1538
1522
1509
1103
1540
1537
1538
1535
1521
1181
1535
1543
1534
1536
1494
1526
1525
1538
1354
1547
1521
1535
1244
1539
1534
1538
1534
1535
1532
1538
1065
758
1544
1541
1534
1544
1508
1526
1543
1537
982
1539
1286
1534
1529
1536
1532
1464
1537
1541
1534
1530
1530
1511
1538
1528
1523
1525
1124
1532
1541
1538
1503
1540
1515
1524
1474
1519
1532
1537
1536
1536
1542
1527
1530
1551
1533
1538
1536
1534
1538
1538
1541
1537
1538
1521
1542
1535
803
1519
1125
1526
1534
1537
1524
1539
1461
1530
1520
1542
1532
1380
1540
1533
1531
1540
1530
1540
1539
1549
1537
1536
1530
950
1544
1539
1537
1161
1540
1541
1536
1050
1540
1544
1528
1523
1536
1540
1531
1540
1528
1544
1543
1523
1534
1536
1534
1515
1528
1538
1545
1537
1524
1499
1532
1511
1540
1524
1538
1535
1534
1529
1532
1531
1534
1542
1527
1527
1542
1539
1533
1538
1543
939
1543
1439
1535
1547
1349
1534
1535
1538
1535
1539
1548
1538
1537
1537
1537
1537
1536
1539
773
1527
1538
1533
1532
1521
1547
1532
1526
1536
1541
1528
1512
1537
1528
1535
1537
1539
1540
1532
861
1535
1540
1540
1525
1531
1538
1521
1532
1541
1536
1540
1538
1536
1545
1536
1533
1535
1533
1542
1543
1536
982
1539
1539
1525
1538
1536
1535
1537
1529
1543
1532
1527
1485
943
1529
1520
884
1532
1531
1534
1524
1540
1543
1553
1539
1539
1523
1542
1541
1539
1545
1529
1536
1534
1539
1533
1536
1535
1534
1533
1495
1537
1524
1540
1531
1541
1519
1532
1532
1536
1528
1528
1538
766
1543
1535
1535
1543
1526
718
1533
1546
939
1537
1538
1531
1538
1535
1521
1522
1536
1540
1541
1538
1540
1532
1536
1532
434
1538
1528
1529
1539
1537
1525
1231
1394
1515
1541
1534
1530
1538
1540
1539
1523
1536
1538
1534
1536
1529
428
1533
1529
1536
1534
1537
1523
1522
1516
1536
557
1537
1541
1523
1536
1537
1533
1540
1533
1533
1532
1542
1526
1532
1540
1525
1534
1536
1535
1529
1538
1530
1535
1532
1542
1499
1523
1534
1520
1519
1516
1529
1538
1526
666
1241
1538
1523
1538
1531
1526
1167
1540
1536
1490
1542
1536
1538
1540
1539
1531
1477
1509
1067
1506
1533
1539
1537
1539
1526
1532
1526
1533
1534
1535
1533
1539
1538
1536
1545
1536
1542
1527
1534
1521
722
1539
1523
1534
1544
1534
1533
1540
1531
1537
1544
1531
1538
1533
1540
1533
1545
1531
1536
1538
1537
1518
1525
1540
1521
1535
1500
1538
1544
1522
1527
1522
1535
1537
1537
1542
1538
1040
1533
1534
1526
1528
1531
1540
1521
1537
882
1185
1511
1531
1320
1539
1535
1536
832
1539
1537
1531
1540
1546
1542
1531
1511
1536
1541
1536
1541
1541
1016
1538
1536
1539
1545
1537
1533
1527
1529
1533
1538
1533
1532
1539
1536
1532
1538
1531
1541
1530
1524
1542
1533
1523
1536
1531
1535
1508
1531
1530
1188
1538
1545
1540
1541
1539
1536
1540
1533
1537
1525
1539
1539
1536
1542
815
1507
1537
1528
1541
1539
1116
1541
1537
1537
1533
1547
1538
1517
1535
783
1525
1536
1539
1535
1527
1536
1538
1532
1541
1516
883
1531
1527
1544
1540
1537
1523
1525
1521
1540
1534
1519
1539
1520
1542
1536
1535
1520
1531
1525
1535
1534
1537
1537
1526
1538
1530
1537
1521
1501
1521
1522
1530
1532
1534
1542
1539
1534
1538
1533
1522
1533
1538
1538
1537
1539
1526
1533
1525
1316
1542
1464
1536
1524
1537
1536
1533
1540
1535
1536
1533
1485
1538
1533
1539
1517
1541
1556
1352
1535
1534
1542
1536
1531
1537
1522
1523
1536
1541
1546
1534
1392
1524
1536
1540
1531
842
908
1524
1535
1526
1517
1534
1536
1534
1540
1520
983
1540
1534
1312
1364
1536
1539
1539
1386
1543
1546
1545
1528
1532
1508
1534
1531
1542
1534
1531
919
1537
1532
1537
1521
1536
1538
1518
1544
1533
1537
1524
1545
1525
1540
923
1536
1537
1538
1530
1535
1542
1526
1552
1540
1539
1539
1533
1539
1543
1318
1540
1535
1528
1538
1534
1536
1525
1538
1523
1533
1537
1533
1540
1538
1539
1539
1536
1543
1533
1543
1538
1538
1263
1522
1533
1501
1537
1541
1534
1530
1542
1538
1535
757
1536
1528
1538
1536
947
1507
1535
1542
1519
1535
1527
1537
1541
1537
1539
1539
1538
1531
1538
1534
1524
1538
1541
1529
1536
566
433
1533
1511
1539
1530
1538
1536
1532
1540
1539
1539
1547
1534
1193
1541
1537
1393
1541
1525
1531
1514
1539
1539
1214
1539
1540
1533
1538
1541
1528
1534
1413
1534
1544
1537
1235
1532
1522
1536
1539
1533
1526
1534
1524
1539
1181
1524
552
1536
1539
1529
476
1536
1524
1522
1542
642
1536
1532
1542
1536
1531
1536
1536
1537
1545
1533
1529
1527
1536
1527
1528
1538
1520
1542
1541
1537
1542
1540
1537
1462
1532
1134
1539
1537
1536
1534
1531
1532
1530
1532
1531
1536
1533
986
1528
1531
1539
1534
1533
1540
1547
1527
1530
1539
1531
1544
1545
1496
1536
1386
1535
1539
1530
1529
1534
1544
1508
1530
1447
1542
1535
1532
1535
1529
1526
1535
1534
1502
1536
1529
1543
1528
1538
1531
1491
1535
1061
1533
1550
1540
1536
1536
1525
1538
1518
1536
1535
1536
1529
803
974
1526
1004
1423
1540
1537
1518
1530
1529
1537
1541
1539
1533
1538
1536
1537
1527
1536
1538
1536
985
1539
1537
1230
1527
1532
1528
1519
1485
1541
1545
1485
1539
1536
1156
1538
1535
1528
1532
1535
1530
1537
1539
1233
1530
1267
1535
1530
370
1446
1541
1529
1540
1523
1537
1522
1539
1540
1532
1534
1520
1534
1530
1537
1519
1531
1536
1537
1529
1535
1516
1524
1532
1537
1534
1534
1544
1536
1540
1530
1541
1543
1535
1523
1532
1516
1526
1531
1525
1533
1538
1529
1541
1527
1149
1540
1528
1540
1509
1539
1526
1545
1518
1531
1532
1540
1528
1522
1528
1540
1052
1536
918
966
1526
1537
858
1547
1542
1534
1520
440
1537
1541
1537
1532
1543
1544
1345
1537
1538
1537
1541
1540
1545
1542
1533
1533
1538
1037
1537
1542
1537
1528
1535
1527
1515
1546
1541
1535
1253
1543
1542
1536
1544
1520
1517
1533
1531
1442
1534
602
1530
765
1540
1532
1526
1547
1538
1533
1540
1540
1539
1542
802
1537
1543
1541
1537
1539
1282
1545
1529
1542
1531
1535
1537
1527
1540
1528
1528
1520
1541
1536
1144
1539
1529
1545
1532
1538
1540
1535
1534
1531
1539
1527
1517
1525
1536
1538
1530
1529
1541
1514
1540
1536
1150
1530
1536
1540
1537
1541
1429
1534
1540
1544
1526
1535
1514
1103
1536
1537
1526
1524
1531
1535
1538
1535
1541
1536
1539
1534
1540
671
1541
1017
1538
1526
1538
1535
1506
1542
1531
1543
1534
1546
799
1544
1386
1541
1544
1534
1542
1541
1531
1537
1526
1539
890
1537
1539
1536
1533
1536
1537
1538
1538
1536
1521
1533
1532
942
1548
1181
1535
1172
1540
1529
1539
1536
1539
1528
1546
1538
1532
1534
1535
1446
1528
1543
1533
922
1537
1523
1535
1526
1504
1543
1533
1544
1529
1541
1540
1538
1329
1539
1536
1535
1528
1536
1535
1120
1540
1537
1531
1544
1511
1537
1531
1540
1539
1538
1537
1533
1530
1540
1540
1535
1222
1524
1544
1544
558
1533
1539
1159
1539
1524
1536
1420
1121
1538
1532
1537
1542
1549
1535
1536
1533
1534
1533
1541
976
1539
1547
1531
1544
1537
1537
1232
1534
907
1535
1536
1543
1541
1528
1469
479
1537
1491
1541
1540
1541
1540
1535
1540
1533
1540
1537
1541
1520
1528
1542
1485
1533
1542
1537
1533
1542
1500
1522
1538
1537
1537
1539
1526
1528
1526
1535
1537
1536
1535
1528
1528
1529
1536
1538
1538
1537
1504
1530
1523
1530
1530
1536
1533
1208
1525
1392
1536
1544
1508
1541
1539
1541
1542
1438
1538
1540
1535
1542
1537
1535
1539
1535
1539
1533
1538
1533
1514
1531
1432
1544
1516
1527
1524
1539
1537
1537
1544
1503
1533
1536
1540
1537
1533
1526
1541
1545
1536
1534
1530
1530
1541
1525
1537
862
1535
1116
1537
1539
1544
1539
1536
1531
1543
1537
1522
1529
1539
1540
1541
1532
1529
1530
1535
1524
1535
1533
1543
1517
1532
1543
1539
1542
1538
1529
1421
1533
1538
1539
1536
1537
1536
1545
1547
1536
1542
1536
1536
1544
1524
1531
1544
1538
1535
1444
1535
1540
1527
1537
1538
1536
880
1507
1544
1534
1533
1531
1538
1537
1509
1003
1534
1213
1538
1539
1498
1538
1538
1503
1544
1542
1542
1536
1420
1540
1545
1539
1538
1529
1542
1534
1536
1536
1199
1529
1383
1531
1539
1533
1530
1545
850
1537
1535
963
1532
1523
1537
1527
1532
1538
1543
1532
1505
1529
1538
1533
1522
1008
1529
910
1541
1532
1537
1531
1542
1532
1538
1537
1543
1532
1541
1461
1534
1375
1545
1521
1529
1511
1538
1543
1522
1535
1535
1528
708
1537
1534
1295
1534
1534
1538
1530
1540
1541
1545
1539
1536
1535
1531
1080
1538
1534
1537
1537
1142
1539
1534
1530
1536
1517
1527
1524
1522
1520
1540
1530
1538
695
1534
1201
1534
1537
1536
1524
1537
1525
1507
1539
1249
1532
1538
1536
1523
1538
1538
1534
1538
1541
1546
1530
512
1539
1534
1532
1516
1538
1543
1531
1537
1529
1542
1157
1536
1534
1536
1259
1527
1530
1535
1543
1538
1544
1535
1526
1543
1538
1509
1545
1544
1521
1534
1527
1490
1042
1522
1536
1532
1538
1535
1542
1126
1365
1535
1528
1527
1537
1537
1542
1539
1526
1532
1525
1532
1517
1537
1527
1535
1538
1538
1537
1545
1539
1542
1537
1537
1541
1525
1539
1539
1422
1333
1538
1433
1528
1540
1536
1534
753
1533
1535
1543
1539
1535
1534
1520
1518
1512
1525
1540
1524
1541
1525
1543
1013
1534
1506
1535
1537
1535
1533
1546
1536
1534
1541
1531
1540
1536
1533
1537
1537
1540
1384
1530
1535
1392
1526
1540
1538
1546
1529
1539
1546
1538
1539
1047
1542
1522
1522
1511
1536
1531
1477
1540
1540
1539
1540
1535
1540
1538
1515
1543
1541
755
886
1498
1537
1539
1547
1204
1536
1541
1533
1524
1544
963
1532
1534
1537
1536
1536
1530
1481
1475
1530
1548
1534
1541
1527
1434
1002
1342
1532
1523
1538
1533
1518
1518
1535
1529
1540
1526
1540
1526
1527
1537
1530
1534
1519
1528
1533
1529
1538
1538
1550
1537
1537
1540
1544
1544
1532
941
1537
1537
1540
1534
1512
1536
1538
1544
1536
1543
1544
1519
1538
1545
1525
1532
1540
1540
1537
1515
1538
1535
1517
1533
1531
1547
1542
1539
1527
1531
941
1541
1524
1533
875
1540
1533
1539
1528
1532
621
1516
1530
1530
1420
1522
1538
1531
775
1541
1527
1544
914
980
1538
1540
1540
1529
1538
1527
1543
1532
1534
1529
1534
1536
1530
1540
1540
1522
1528
1535
1541
1520
1541
1506
1537
1534
1541
1540
1540
1536
1531
1526
1533
1546
1439
1539
1537
1543
1544
1535
946
1541
1535
1542
1533
1537
1525
1537
1533
928
1362
1534
1534
1316
1532
1543
1546
1532
1269
1543
1504
1539
1540
1544
1533
1309
1532
1531
1530
1536
1534
1545
1537
1530
1539
1546
1527
1525
1508
1537
1535
1538
1539
1531
1532
419
1535
1540
1534
1535
1539
1539
1545
1539
1518
911
1149
1539
1532
1540
1534
630
1541
1530
1545
1267
1539
1519
1517
1546
1022
1536
1539
1535
1530
1533
1536
1532
1528
1540
1519
1533
1535
1529
1536
1537
1534
1121
1520
1537
1523
1536
1539
1537
1525
1530
1537
1536
1528
1528
1535
898
1533
497
1539
1525
1509
1524
1537
1534
1020
1520
1531
1529
1527
1534
1539
1536
1536
1536
1539
1544
1537
1189
1539
1522
1535
1538
1544
1541
1543
1544
1537
1543
1533
1538
1544
1542
1523
1535
530
1534
1523
1535
1538
1534
1538
1537
1544
1536
1533
575
1534
1541
1521
1540
1533
1526
1537
1539
1539
1536
1533
1541
1540
1538
629
1532
1532
1538
1540
1332
1535
1531
1526
1486
1535
1532
1542
1536
1444
1541
1540
1523
1515
1540
1122
1538
1535
1536
1534
1527
1536
1537
1539
1531
1528
1541
1538
474
1537
1543
1528
1536
1537
1540
1538
751
1538
1142
1541
1547
1535
1538
1524
752
1534
1538
1542
1533
1543
1537
1535
1521
1539
1518
1536
1537
1530
1535
1514
1531
1494
1517
1532
1521
1538
1539
1539
1051
1535
1531
1522
1530
1540
1539
1541
1540
1534
1530
1522
1539
1536
1423
1105
1540
1538
1523
1537
1537
1477
874
1544
1538
1542
1534
1536
1526
1529
1538
1545
1546
1535
1539
1494
1528
1541
1540
1539
1542
1536
1535
609
1539
481
1537
1549
1552
1534
1534
1535
1512
1538
1540
1537
1539
1541
1540
1540
1541
1534
1545
1543
1535
839
1506
1537
779
1541
1547
1530
1542
1539
1543
1535
515
1532
843
1538
1539
1266
1538
1535
1526
1163
1534
1535
1540
1536
1542
1542
1489
1537
1535
1540
1535
1539
1527
1537
1535
1535
1537
1524
1526
1155
1538
894
1536
1545
1534
380
1535
1534
1413
1539
1540
1533
1533
1539
1538
1540
1529
1535
1523
1533
1539
1522
1530
1544
1532
1516
1522
1544
1092
1522
1522
1505
1538
1532
1537
1533
1526
1538
1539
1533
1531
1535
792
1534
1536
1522
1534
1545
1522
1531
1499
1534
1534
1541
1542
1069
1539
507
1539
1547
1534
1541
1537
1537
1548
1529
1542
1535
1528
1527
1537
1276
1538
1542
1533
1534
1535
1540
1536
1543
1525
1538
1530
1540
1536
1229
1540
1538
1536
1537
726
1531
1540
1534
1535
1518
1533
1535
1540
1534
1535
1532
973
1535
1539
1533
1531
1546
1541
1537
1531
1529
1542
1526
1532
1541
1533
1532
1344
1539
1544
1532
1540
1536
1528
1525
1531
1532
1083
1489
1544
1146
1532
1545
1536
1535
1536
1536
1509
1535
1536
1538
1520
1536
1543
1527
1545
1013
1272
1529
1540
1530
1537
1533
1547
1540
1540
1523
1539
1540
1534
1536
1537
1539
1535
1517
1550
1485
1538
1536
1540
1538
1210
1530
1523
1539
1526
1523
1537
1529
1230
1535
1531
1524
1538
1504
1538
1522
1525
1506
1532
1539
739
1536
1538
1536
1539
1537
1540
1442
1536
1536
1536
1534
1540
985
1054
1531
1528
1540
1531
1523
1545
1538
1525
1533
1532
1539
1539
1535
1539
1506
1526
1530
1541
1534
1541
1370
1546
1533
1537
1537
1538
1539
1170
1537
1531
1527
1535
1531
1542
1538
1533
1522
1520
1534
1529
1538
1526
1537
1538
1533
1265
1495
1353
1530
1322
1537
1545
1538
1540
1532
1468
1537
1540
1168
1542
1534
1533
1542
1526
1536
1536
1535
1537
1527
1540
1533
1540
1543
1536
1539
1457
1536
429
1538
1522
1526
1540
1538
1520
1525
1522
1539
1530
1532
866
1531
1536
1535
1540
1539
1536
1447
1530
1536
1524
1535
1550
1535
1540
1534
815
1527
1540
1534
1529
1537
1526
1538
1540
1542
1538
816
1543
1503
1533
1537
1534
1531
1538
1536
1526
1537
1541
1535
1541
1523
1538
1541
1517
1547
1539
1525
1533
1545
1544
1538
1523
1532
1534
1516
1533
1533
1519
1525
1527
859
1531
1539
1539
1540
1527
1533
1535
1537
1535
1545
1535
1539
1531
1536
1524
1544
1262
1535
1524
1541
1536
1180
943
1546
1507
1547
1533
1537
1522
1532
1517
1527
1548
1542
1535
1540
1539
1520
1537
1533
1528
1527
1532
1542
1537
1534
1529
1519
1535
731
1539
1524
1487
1545
1542
1536
1536
1542
1536
808
1540
1535
1211
1525
1555
1529
1536
1541
1335
1536
1528
1535
1545
1538
1532
1541
