2961
2699
1952
1136
2968
2964
2933
2952
2447
2980
3044
2954
2801
3014
3012
2997
759
2981
3007
2978
3003
2980
2884
2865
2967
2795
3034
2991
2841
3022
2870
2976
2836
2803
2689
2829
2992
2965
2988
2988
2975
2990
2777
2962
2945
1059
334
3063
2989
3008
2990
1011
2973
2984
2984
2993
2965
2981
3010
2814
2980
2844
3000
2996
3011
2986
2989
2987
2966
3001
2972
2849
2970
1915
2970
2821
3000
2991
2956
2972
981
2958
2992
2959
2971
2961
2889
1532
3000
2755
2971
2998
2997
2980
3000
2963
2947
3019
2974
2552
2933
3003
2988
2984
2983
2978
1847
2987
2990
3001
2156
2970
2926
2968
1049
2911
361
2974
3019
3004
2855
2955
2981
2968
2965
2946
2869
366
2257
2996
2937
2243
2723
2607
2990
3003
2955
2914
2998
3037
3005
2985
2988
2997
2970
3025
2977
3010
3000
2992
2768
2854
727
2957
2872
1517
2927
2962
2984
2849
2971
2932
2950
2960
2984
3063
3075
2743
2954
2820
2938
2989
2968
3006
2944
3003
2985
2038
2769
2988
2981
2974
2853
3002
2867
2968
2982
3002
2826
2814
2978
3002
3011
3014
3048
2998
2982
2990
2805
2820
2977
2996
2858
2964
3030
2893
3017
2949
2827
2974
2975
3022
543
2835
1600
2109
1727
2839
2982
3007
2922
2247
2988
2978
2998
2985
2922
2998
816
2817
3000
2784
1735
2991
2984
3069
2913
3000
2976
3004
2968
2877
2976
3041
3064
2990
2989
2996
1341
2975
3007
2945
1129
3003
2960
2979
2926
2855
1500
3021
3017
2963
3013
2988
2914
2971
2948
2992
2988
2967
2999
3023
2982
3024
360
2997
2996
2939
2956
3006
2976
2991
2991
2981
3000
2972
2861
3001
2961
2974
3000
2995
2989
2978
3005
2926
2988
3000
2878
3014
2993
2996
1881
2790
2988
2957
2830
2807
2834
2979
1849
2950
2974
2982
2998
2803
863
2945
2999
954
2982
3006
2991
2971
2854
2905
3024
2006
3006
3011
3007
2858
3023
3029
1060
3005
2998
3005
3001
2935
3019
2998
2892
2976
2962
3024
2952
2961
3067
2999
3005
3022
3007
2939
3004
2952
1619
2973
2992
3006
2958
2986
2991
2943
2992
2992
2812
2989
2973
2981
2995
2985
2928
2995
1221
2995
2974
879
2846
2991
2837
2833
2919
3007
2981
2986
2996
2995
3005
3032
3002
3087
2942
2966
3032
3024
3009
3005
3004
3014
3006
3003
2990
2744
3011
958
2979
2981
3251
2988
1164
2992
1635
2998
2995
2949
3003
2990
3027
3045
3016
3013
2957
2984
3022
2999
2994
3011
2975
2985
2987
2981
2590
3049
2979
2855
2981
2458
190
2986
2996
2208
3024
3000
2996
2965
3000
2974
2814
3006
2945
2677
2990
3006
3021
3019
2971
2983
2914
2973
2771
2975
2981
2959
2810
2969
2866
2971
2985
3011
2993
2851
2966
2994
2948
2966
2863
2995
2361
2975
3001
2708
3040
3001
2975
3038
2974
2970
2949
3003
3001
2968
3028
2956
422
2976
3015
2950
3015
3006
2942
2923
2942
2981
2945
2941
2941
2804
2963
2911
2944
2985
2813
2866
2840
1368
2950
2873
3009
2963
3265
2985
2966
2982
2998
362
2996
486
2973
2914
3023
262
507
2827
2996
3007
2986
2846
2976
1210
3018
3027
2995
2947
3008
1148
2943
2992
2949
2985
2989
2993
2876
2925
2806
2975
1163
2849
3012
2976
2994
3017
2376
2997
2979
2977
2980
2992
3006
1696
3006
2959
2945
2990
3004
2973
3027
2963
3228
2979
3237
2819
2991
3020
2988
2998
2954
2610
2961
2971
2837
2983
2960
2963
2987
2994
2862
2983
2994
2858
3004
2935
2997
2866
2943
2963
2992
2998
1959
2966
2987
2975
1543
2552
2960
2981
3003
2852
2991
2986
2997
2952
2972
2971
822
844
787
2983
2960
2996
3021
3010
2853
2998
2980
2997
3007
3019
2955
2991
3019
2987
3278
2981
2938
2983
2980
3016
2860
2970
2642
2989
2825
2936
2913
2987
2842
2998
2861
2692
2738
2944
2824
190
3005
2929
2924
2974
3004
319
2255
2964
2927
2977
2989
2992
2998
2980
2975
2837
2789
2293
2974
2993
2463
2835
2997
2791
2990
2820
2958
2815
2936
3035
2789
2955
2845
3011
2972
2952
2970
2781
2985
2952
2999
3020
2933
2965
3045
1237
2983
2960
2934
2980
2970
3001
2984
2971
733
2978
2845
2984
2978
2798
738
2882
2991
3051
3023
231
2983
3006
2943
3005
3023
2977
2893
2949
3021
2997
3000
2978
2962
2981
2973
3075
2991
2983
2988
3012
3006
2981
3009
1913
2798
2988
2995
2987
2997
2927
1996
1902
2953
2979
2966
797
2998
3010
3002
2936
2935
2987
2979
2999
2973
2990
2843
1853
2995
3010
2971
2999
3013
2993
2981
2993
2974
2855
2981
3013
3007
2370
2852
2974
2908
2970
2959
1533
2648
2934
2984
2963
2995
1747
2998
2971
2989
3021
2971
2995
2985
2952
2951
2989
3000
2982
3007
2941
2823
2979
3009
2992
2972
2881
2791
2929
2997
3004
726
3018
3027
2802
2984
2965
2949
2971
2727
2986
2690
2997
213
2834
2972
2997
3012
3037
2966
2943
2972
953
2616
2956
2987
3027
3014
3022
2352
2979
2952
2971
2984
1928
2954
2999
1839
2948
2993
3020
2982
3002
2972
2999
2940
2843
2997
2916
2922
3005
2952
2986
2968
2490
2975
2942
2954
2987
2995
2990
2962
2740
2913
2995
3015
2995
3025
227
2959
2984
3015
906
2957
2835
3027
3007
2845
2997
2841
2967
3227
2890
2811
2971
2958
2815
2820
2989
3013
2348
2997
2977
2994
2993
2578
717
1132
3007
2978
2935
2780
2988
2941
2364
2992
2983
2933
2821
2839
2968
2803
2968
3019
3006
2977
2976
2995
2987
3047
2848
1100
2839
2036
2965
2979
3013
608
3267
1454
2940
3016
2971
2993
2993
2976
1407
2953
2981
2939
3011
2988
2960
3042
2970
3265
2972
2947
2960
1738
2981
3007
2993
2991
2977
2989
3009
2968
2976
2949
2814
2971
3027
2981
3022
2985
3204
3002
2934
2947
2977
2621
2958
2983
3016
2986
2850
2395
2952
475
2851
2966
3008
2966
2978
2999
2974
3018
2954
3016
977
2949
2978
2963
3107
2996
3024
2936
3002
3011
856
2748
3023
2992
2815
2970
2965
3020
2815
2981
2514
2951
3066
3013
2975
2864
2970
2339
2852
2149
2970
2980
2983
2956
2828
3004
2944
3016
2814
3028
3010
3103
2960
2995
2795
2969
2965
1346
3005
1849
3000
2859
2971
3008
2969
3002
2990
1026
2970
3010
2268
446
2996
2814
2959
3010
2995
2931
2916
2975
2998
2973
2939
3001
2983
2965
3020
2915
2960
2967
3058
3020
2974
2969
3262
2979
2842
2981
2822
2983
1143
902
2954
348
2991
2998
2938
2963
2998
3006
3016
2908
2981
3001
2979
2964
2818
2978
2972
2977
1359
2799
2982
2979
3007
3252
2986
2971
2989
3031
2997
2921
2839
2990
2837
2976
2962
2940
3022
2973
2924
2817
3000
2996
3035
3013
2979
2446
3029
2979
2855
3014
2978
2988
3227
2931
2950
2983
3001
2984
2991
3038
2977
2833
2975
2413
177
2851
2800
2987
2989
3010
2982
325
2987
2441
2985
2908
2877
2935
2969
2957
2850
3051
2850
3008
2978
1606
2861
2969
2960
2851
2992
2973
2980
2970
3015
2985
2853
3006
2985
2969
3008
2994
3012
2994
2479
2971
2713
2945
2789
3032
2996
2006
2988
2971
3019
3030
3001
2966
3018
2963
3018
2986
3004
3048
2792
3023
2765
2941
2964
2133
2988
2959
1400
2982
3015
2960
2843
2974
3014
3001
3000
3212
1838
2991
2993
2580
2989
3032
3002
2989
2949
2999
2999
2985
2941
2975
2983
3010
2964
2934
3003
2969
3013
2953
3023
2698
3001
2978
3006
2949
2995
2987
2841
3003
2952
3022
3028
2409
3003
2992
2848
2851
2992
2952
2824
2874
3005
3020
2903
3221
2995
3016
3015
3033
2870
2993
2980
2833
2994
2842
1859
2935
2967
2845
2991
2955
2986
2928
2949
2984
2998
2917
967
2305
2969
2821
2974
2963
2985
2997
2982
2986
3010
3057
2923
2995
2816
2969
2974
2985
2835
2978
2999
2968
131
2994
1190
3006
2834
3003
2963
2984
2993
1049
2985
2827
3000
2892
3001
2995
491
847
1792
2998
3024
2998
172
2960
2975
2982
2966
2974
2982
746
2947
3001
2997
2950
2910
2984
2964
2990
2969
2971
2946
2987
2992
2963
2818
2878
2946
2978
2993
2928
2983
1928
2974
2973
2989
2832
2978
3015
2972
2968
161
615
2981
2969
2987
1416
2948
2882
3003
2997
3247
2869
437
2993
1340
3002
2763
2802
2986
2976
3003
2876
2951
1304
3013
2987
1097
2994
2998
2990
2826
2971
2968
2979
2982
2839
2963
2977
2972
2967
2918
2861
3003
3003
2958
3029
2977
2999
2964
2997
2721
2982
2970
2980
1969
200
2975
3010
2781
2982
2998
2982
2960
2802
2986
279
1727
3017
2952
2974
2999
2993
3012
2833
720
3021
3013
3011
1681
2980
2995
2986
2997
2976
2976
2999
2970
3009
2980
2916
2820
3000
2823
1542
2974
3022
2993
2986
2992
2999
2996
2958
3068
2899
2982
2815
1695
2826
2971
3001
2972
3002
2736
2998
2977
2981
2957
2925
2829
2829
3080
2852
2959
2939
2936
2685
2973
2964
2993
3003
3019
174
2986
2997
3000
3242
2817
2954
2822
2992
2988
2973
3017
2992
2984
2958
2953
886
2972
2972
3021
2991
2927
2870
2994
3005
2970
3015
2939
2982
2976
3007
440
3012
2843
647
3013
759
3007
2977
1113
2998
3010
2993
2922
3019
2812
2962
3006
2988
3005
1714
2991
3010
2986
3007
2973
2854
1005
1665
2828
2855
2989
2977
3012
2975
2969
2967
2959
3014
2957
2931
3020
978
2961
2989
2808
2801
3028
2990
2910
3020
2921
2965
2735
2829
3005
3024
2821
1223
2879
3030
2955
3024
2973
2977
2988
2835
2982
2971
2839
2796
914
2673
2306
2852
3009
3007
2987
2536
3009
3006
2972
2312
2995
210
1297
2846
2971
1322
3016
2625
1402
3015
2997
2989
2984
3012
3004
3010
3001
2985
3010
2964
2836
745
2992
2995
413
3012
3032
2924
3030
2835
2789
2603
2337
181
2992
2974
2993
2967
2962
2997
2763
3219
225
2981
3064
2990
3013
3008
2940
2980
3023
252
2996
2973
2950
2963
3014
2988
3013
3005
2972
2851
2963
2988
2993
2775
2962
3008
3094
2968
2962
1880
2926
2896
2976
3015
2996
2836
3001
2968
2954
2961
2949
2890
2981
2993
1703
2965
3024
2975
1824
2958
2975
685
3044
2965
2989
2991
631
3021
2984
207
2804
2957
2932
2980
2986
3020
2974
3020
2849
3012
2949
1277
2800
2587
2984
2942
3183
2950
2149
3021
2944
2985
2936
2986
2967
3004
2998
1265
2974
2964
2972
452
2955
3008
3010
2965
3005
2966
2965
2963
2528
2950
2993
2968
2965
2946
2987
2985
122
2826
2986
1421
2837
2901
3006
2942
2997
2998
2998
3017
2935
2960
2990
2993
3005
2951
2957
2960
2860
2802
3196
2986
3003
2969
3002
3007
2942
2982
3041
2924
2955
2973
3006
2985
155
3015
3021
2994
577
520
2948
2845
2922
1868
2968
2890
2931
3032
2774
2989
2532
2959
2973
1021
3014
2889
2997
301
2962
3006
1372
3006
2944
2959
2778
2990
2995
2945
1676
2976
2928
2956
3058
2989
2844
2971
2982
3027
2980
2876
2973
1238
3003
2960
2987
2989
3254
2984
2976
2954
2951
2897
2973
2979
2986
2403
2984
2953
2921
2988
2825
761
2935
2338
2955
2937
2972
2949
2997
2968
2985
2784
2820
2973
3240
2900
2995
2998
702
2983
3015
2971
2950
2981
3011
2941
2855
274
2977
3000
2987
2967
2979
3031
2913
2963
3004
2969
2972
2987
3016
2969
2830
2991
2976
2990
3017
2992
3025
2995
1786
1292
2897
2356
3001
2994
2982
2952
2979
2992
2826
2988
2978
2949
3005
314
2988
2864
2981
2991
2937
2999
1865
2963
3005
3035
2968
2812
3021
212
3002
3016
3002
2839
2964
2985
3027
2962
2870
2953
2988
2933
3008
2961
2960
2976
1306
2138
2979
2999
3008
2992
3006
3054
2977
1273
2981
306
2951
2969
2979
958
2979
3227
2973
2954
2960
2992
3023
3011
2906
2883
2938
2831
2846
2995
2933
3035
2981
998
2921
3007
3011
3012
2836
2968
3000
2228
3012
2836
2980
3004
2985
2986
3021
3017
1938
3027
3017
2977
2959
2735
3017
2982
2820
1759
2967
2859
2984
586
2958
1712
2977
2957
2961
2966
2861
3035
2976
2973
3029
3020
2981
3030
2921
269
2987
955
2933
2970
3016
2990
342
2967
2984
3003
2978
2988
2961
1442
2883
2994
2947
2998
2984
150
2979
1628
2809
2975
2975
2998
2897
2817
2966
471
2987
2954
2950
3016
3009
2988
3004
3019
2981
1630
3040
2985
3007
2990
3004
2998
2923
1942
2963
2833
2988
3006
2985
2978
3199
2977
2860
2933
2949
2976
2862
3003
2945
2985
2985
3010
3008
2990
2986
2950
2997
3001
2931
2984
3020
3020
2955
3035
2988
2987
2565
2992
2997
2788
3000
3026
2982
2979
2959
2990
3012
2942
2951
2976
2926
2987
2976
2972
3028
2973
2974
3000
2889
3021
3022
2945
2843
2949
2943
3014
2824
377
2982
2856
3005
3001
2932
2963
2026
2266
2807
2991
3018
2953
2980
2934
277
3017
2985
2974
3026
2805
3000
2956
2450
2924
2857
2983
2981
2961
2997
3008
981
3005
2937
2993
2996
2950
3035
2113
2833
2807
2999
2937
2839
2971
3000
3008
2943
2968
3013
2959
2973
2878
2998
3005
1938
2962
3016
2965
2986
2937
2994
3018
2605
3002
2970
771
2999
2992
2987
2958
3022
2965
1382
3008
2989
3014
3019
2942
2989
3018
2970
2991
3000
3025
3008
2986
2974
2928
2988
2966
2992
2937
790
2996
2771
2993
2685
2961
2819
736
2933
2940
2985
2968
2972
1942
3067
2981
2985
2984
2993
377
2589
2856
2810
399
2959
3009
1420
2987
3001
2980
3002
2951
2990
2820
2696
2982
2958
2968
2959
2997
2942
2849
2943
352
2858
2960
2993
2997
3001
3003
2990
2992
2979
2956
2969
2968
1311
2994
462
2973
2971
2819
2929
2968
2963
2965
1176
3019
2151
2992
2992
2999
3003
3013
2992
2977
2641
3027
2983
2985
3230
2456
1627
1910
3008
2774
2772
193
2964
2980
2895
2850
2944
2917
2964
2993
2952
2978
2973
2985
2999
3011
2957
2833
2974
2967
1697
3001
2852
2973
3022
2972
2960
3045
3007
2975
3018
2993
2966
167
2986
2992
2997
3033
2832
3023
2827
2987
1866
2983
2994
3025
2953
3012
2959
2988
2954
2968
2983
3063
2987
3011
3001
2825
2982
3006
2995
3003
2967
2947
2985
3007
2938
411
2987
2845
2998
2935
2969
2996
2977
2982
2919
2863
3016
2959
677
733
2963
2968
2969
2984
3046
2995
2978
2432
2981
2602
2976
2869
3242
3007
2975
2827
2952
2818
2962
3022
2983
2974
585
2822
2971
3004
3015
2972
2971
2979
2964
2945
2861
192
2801
2986
2968
2982
2744
3244
2950
2964
3006
2989
2841
3001
2969
2893
3005
2853
2828
2991
3001
2865
2961
2983
3013
2664
2980
2939
2524
3002
2992
2976
2954
2955
2997
265
2968
2979
3010
2979
2955
2961
2971
2974
914
2847
3221
3032
2872
2959
2991
2964
1725
2974
2996
2998
2996
3011
3021
2981
3008
2970
2969
3002
3007
2962
2498
3013
2853
2999
2863
2991
2989
2945
2946
2952
2990
2978
2960
2988
2797
2990
3011
3005
2832
2981
2884
3029
2978
2979
2963
2059
1302
3070
1374
2979
2985
2967
1288
2952
1796
3021
3002
3010
3038
2227
2971
2837
2833
2976
3006
2954
3017
2993
2981
2983
3002
2992
2941
2959
2972
2810
2828
2993
3001
1304
2990
2983
613
2997
3003
2990
2962
122
2927
2952
2970
3010
2993
2990
2826
2987
2987
3025
2999
2963
2817
2977
911
3021
1208
2976
2947
3001
2991
2849
1600
2988
2863
2974
2950
2961
3006
2976
2134
581
2975
3215
3007
3017
2994
941
1781
2934
3036
2946
2930
2998
2973
2850
2858
3013
1135
2986
2900
2998
3001
2957
3001
2970
3010
3052
2925
2947
3017
2976
2988
2977
2998
2959
3000
2993
2972
2628
2999
3029
2830
2958
3007
3006
2998
2972
2975
2903
3235
2374
3002
2907
3001
2987
2970
2970
596
2911
3000
2983
2995
2828
2873
2992
3249
3003
2958
2983
1621
2826
2973
2986
2997
3036
2929
2924
2971
3001
2991
2976
2992
3018
3010
3010
2826
2153
2200
3019
2988
2964
2978
2988
2970
3005
2944
2960
2990
2807
2979
2781
2964
3011
2988
2989
2920
2502
2990
3001
3007
2990
2968
3011
2908
2946
2996
2823
3038
2955
2999
450
2972
1435
2973
3017
2775
3020
3001
3008
3023
2987
2997
3015
2837
173
2979
2975
3012
2965
2977
2968
2859
3002
2936
527
2875
2921
2995
2842
3057
2942
2957
2982
2997
2959
2678
2998
3019
2487
2841
2851
3017
3219
2841
2990
1776
2860
2964
3013
2988
2958
2929
160
3000
2857
2986
3038
2978
3003
2982
2972
2933
2906
2967
2809
3003
2800
2846
2951
2211
2947
2855
2960
2997
2980
3014
2931
2974
3002
2863
2974
2960
1948
2925
3007
2984
2988
3012
3239
2965
2970
2994
2972
2985
3010
2902
3000
3009
2976
2976
3228
2948
2802
3023
635
2899
3016
2823
2993
2959
2962
2915
3002
2960
2879
2992
3000
2968
2602
2994
2982
2993
2968
2975
3013
2815
3004
3003
2978
3028
3027
2976
2987
2982
3006
3245
2958
3011
1110
1278
2802
3024
2983
2969
2965
2980
2585
3017
3006
2832
2973
2788
2986
2957
3000
2992
2962
2798
3080
2982
2980
873
2835
2995
2933
2983
2989
2661
2953
2945
2975
2968
1875
2989
2910
1243
2910
2815
2969
2975
2993
3009
1492
2480
2986
3007
311
2991
2978
2948
2997
2977
2644
2996
3003
2552
2970
3008
3013
3020
2996
2964
3012
2976
2995
2818
2977
3011
2962
2981
2952
2971
2990
3010
2862
3015
2988
2967
2984
2883
2962
3017
2986
2999
2970
2828
2861
2973
2946
2879
2937
2994
2874
3015
2978
2775
2815
2828
3012
2848
3000
2788
3021
2988
2959
2969
2992
2998
2962
2985
2988
2996
1641
2954
2956
2950
1431
3002
2888
3001
2955
2992
2973
2859
3007
3012
2191
2993
361
3004
432
3013
3018
2988
3010
2977
2986
2961
2987
2820
262
2992
2855
2951
2812
3000
2990
2844
2968
2910
3003
3038
3004
285
3019
3026
3011
3024
2953
2545
3000
2980
2887
3007
2853
2983
2976
557
3003
3003
2642
2798
2993
2852
3082
2976
3005
3017
2978
3013
2987
2984
3013
2830
2999
2907
2975
2997
2992
2995
2967
2990
2976
243
2950
2990
2989
3006
2994
2882
2828
3013
2991
2992
2995
2988
2968
2992
2902
2981
2989
916
923
2883
2982
2985
3012
2818
599
790
3001
3007
2997
2986
3004
2964
2849
2995
3065
3027
3021
2817
2944
2985
2988
2972
2977
2723
3017
2987
2955
2982
2956
2968
2992
2987
2996
2983
3027
2995
2970
3011
2982
3004
2984
2986
2958
2924
2301
2992
2807
2986
238
2958
3011
2934
2979
3016
3017
2985
3012
2993
3005
2174
2980
2998
3047
2951
2994
3006
2989
1318
3013
2735
2787
2984
3024
2926
2400
2952
2938
2671
2711
744
2964
2985
2988
2999
3015
460
2958
2973
2859
2998
2956
3011
2861
2848
2980
2982
2955
3013
2993
2802
3020
2924
3006
2980
2989
2979
2960
2973
2988
2966
3010
3025
2965
2980
2805
3000
2964
2973
2826
2977
3016
2952
2964
2962
2956
2941
2999
2769
3007
2998
2992
282
2988
3005
3005
2980
2829
2991
3005
2919
2999
2995
2989
2833
1830
2970
2859
2871
2976
2831
2993
2872
2994
2949
2843
3016
3010
2814
864
2998
2229
2988
3028
2999
2959
2970
2852
2984
2822
2794
2954
2962
3215
2998
2976
3013
3011
2893
2963
2978
1816
2979
2941
2996
2820
3003
2994
2894
2951
3242
2988
2934
3027
1965
2194
2831
2618
2872
2980
142
2836
2847
2970
2995
2817
2963
3004
2981
2961
2991
2978
2998
2806
2990
2990
2953
3008
2982
2359
3020
2996
2982
3009
2850
3014
3007
2947
2982
2836
2976
2985
3050
2982
2988
3011
2722
2864
2953
2963
768
2957
2980
3026
2982
2917
2945
2995
2927
2937
2926
2937
2848
2999
3009
2999
2975
505
2869
2827
935
2978
2826
2967
3022
3004
2999
206
2413
2955
2981
3024
2971
3012
2807
2852
2972
2956
2987
2967
2654
2804
121
428
3002
2991
3006
2998
1545
2986
213
3000
2985
2979
3010
2992
2820
3002
2995
2617
2997
2994
2991
2844
2973
3001
2968
2933
3017
2982
2994
1637
2978
2947
3010
2998
2968
2427
2943
3030
2997
2960
2969
1905
2980
1868
1370
3013
3017
2873
2974
2989
2958
2999
3040
542
3019
2946
2994
1529
3027
724
3029
3012
2974
2958
2994
2907
2995
2992
2982
2975
2826
2942
2945
3000
3019
2931
2962
2997
2966
2976
2846
3013
2978
2858
2969
3007
1933
2958
2976
3000
3016
2964
2829
2966
2953
2836
1179
3025
2792
2985
2827
2937
2456
2871
2918
3008
3000
940
3002
2974
2985
2958
2981
2983
2946
2995
2980
2974
3028
2961
3010
2853
3028
2975
1744
2984
2978
2982
3009
3014
1311
2986
3018
3004
2848
3035
3014
2505
3220
1591
2823
2987
2864
2973
2816
2983
378
2477
2992
2980
3006
2951
342
2863
2980
2983
2970
2841
2977
3030
2945
2986
2731
2997
3035
176
2963
2989
2991
1855
3027
2986
2873
2991
2862
2987
2959
3038
2978
2983
2837
2984
3016
270
2998
580
2982
2886
2968
2987
2967
2824
2984
2858
2858
2991
2983
2988
2969
2988
2712
3021
2852
2956
3003
2986
3007
2874
2971
3018
3005
2993
2990
2980
2973
2865
2996
2987
3009
2544
2873
2974
2935
2976
3009
3002
3057
2946
2931
2954
2958
3020
3019
2790
3003
2991
2950
2988
3005
3019
2983
3000
1482
3235
2960
3006
3005
2867
2972
2988
2980
3030
2987
2942
2999
2847
2833
3025
2989
1387
2864
2826
2982
929
2857
2817
2685
2987
3010
484
2991
2972
2937
3020
2982
2998
2990
959
2987
3012
2995
2994
2981
3055
2997
2981
1919
2986
2983
2842
3019
3070
2961
2988
2986
2879
2960
3008
2996
2958
2975
2917
2965
2991
2970
1149
2831
2850
3000
2950
2978
2984
2967
2942
2965
2979
2993
2943
2999
2961
2981
1853
2994
2970
3017
2969
2995
2967
1052
2719
3004
3001
2988
3022
2835
3232
2983
2952
2974
3022
2422
2980
3008
2871
2986
2972
2808
2623
2856
2971
2877
2983
3005
3022
2871
2982
2987
2984
2979
3038
2972
2974
2976
1896
2966
2987
2866
2932
2833
2072
3006
2985
2976
2973
2964
2945
2974
894
2999
2957
2787
2573
3035
2785
3006
2563
3000
2945
3000
2966
2988
3023
2997
2988
2979
2978
2983
1373
2995
2327
3005
2846
2829
2961
436
2962
2989
2917
3001
2991
2972
2910
2983
2967
3016
2844
2956
2992
2969
3012
2977
2985
2886
3013
2946
2984
2912
1763
2981
2855
2972
2960
2851
726
2878
3002
2956
2940
3008
3000
2987
3006
2994
2731
3004
1496
3028
2983
2989
2893
2872
2977
2817
2981
2981
2750
3010
2988
2996
2977
2708
2293
2999
2980
2961
3012
2955
2985
2819
3015
2996
2970
2989
2998
3000
2938
3002
1976
3013
2841
2851
2909
2991
2981
1872
2974
3019
2990
2969
2996
2916
2990
2982
2902
2975
2980
2997
187
299
2951
3008
3034
2948
3040
3017
3008
3023
2988
2958
2997
2986
3017
585
3071
2981
2981
1386
2928
2985
3012
2955
2989
321
2966
2969
455
2409
2959
1412
3008
2980
2976
2092
2987
3249
2965
2959
3036
2984
2976
3004
2970
838
2984
2972
3005
2850
2899
2992
2365
2890
2989
2961
2976
2978
2846
3025
2376
2980
2997
2992
2824
2950
3012
2957
2995
3002
3003
2859
2983
2958
2960
2973
2828
3043
2814
3010
2996
2995
1404
1546
2981
2962
722
2827
2823
2999
1838
3034
3023
3226
2971
2653
2991
2444
3026
2828
2970
3010
2995
3233
3026
2972
3006
2970
3009
2850
2962
2946
2952
3093
2046
2998
2977
1257
3242
2981
2923
2984
2986
2967
2968
3010
2989
3003
2991
3002
2984
2991
3009
2804
2992
2980
2854
1720
2994
2995
2977
2920
3010
2999
2030
2908
3022
2162
2940
2968
3007
2803
2980
2868
2987
2812
2836
3005
2990
2364
2445
3016
2990
2996
3004
3005
2928
2981
2989
2994
2940
3054
594
3012
2953
2978
3107
2989
2847
3004
2982
2972
2803
3000
3044
2986
2969
2961
2995
2883
2997
3044
2975
863
2984
2147
2885
2992
2993
2855
2995
2996
3010
2821
2965
2977
2976
2979
2955
2893
3011
2975
2987
2984
2895
2980
1036
2904
2957
3007
2445
2983
2987
2852
3005
2819
2994
852
3002
2831
2958
2966
214
2942
2965
769
2980
358
3001
2954
3035
2993
2975
2951
2982
2801
2981
3012
3013
2981
2977
2940
2990
2970
2944
2913
2888
3002
2990
2941
2283
2915
1424
3005
2978
2917
2127
2960
2984
3002
2968
3019
2956
2464
2935
2988
3033
2991
3006
1387
3003
2986
2993
2977
2942
3009
2980
2974
3021
2963
3014
2962
2937
3002
2945
2998
2821
3003
2997
3008
2999
2842
2946
2997
2971
2968
2854
2950
2981
2968
3008
2997
2996
3238
2967
667
3038
2977
2916
3008
2982
2949
2971
2812
2991
2912
2996
2836
3026
2961
3014
2961
2994
2966
2824
2890
2996
2827
2954
3003
3000
2990
2817
2986
2960
3007
2728
2957
2981
2927
2942
2984
3023
2830
3026
3033
3004
2795
2976
903
2994
3000
3013
2993
992
2969
2969
3015
1012
2935
205
2998
2867
2985
2968
3019
2971
2964
2971
2994
3085
2991
2997
2848
3012
2995
3007
2929
2985
2975
2232
3068
3267
2968
2977
2938
2976
2940
2948
3039
3000
3006
2985
3002
3015
3008
2546
2018
2967
2991
2902
3249
2961
1009
2939
3005
2975
2983
2812
2962
1292
2955
2827
2592
2983
1037
2864
2960
2988
2958
2993
1644
2972
1247
2972
2952
2807
2961
2994
3004
2992
2498
3000
2934
2997
3011
2966
3030
2999
3001
2958
3004
3009
3000
1324
2960
2850
2940
3015
2387
2810
2959
2980
2977
2998
3011
3002
3033
2999
2975
2789
2985
2998
3000
2943
2909
3016
3003
2845
2931
2996
2978
2991
2824
2985
2976
2985
3026
2967
2971
2998
2796
3042
2835
2977
2854
2992
3019
2865
2374
2979
2998
2962
2939
2428
2988
2975
2644
1984
3018
2970
3004
2985
2934
226
2974
2974
2945
3005
2872
2987
2986
2987
2990
2978
2966
2930
2936
2737
2986
2908
2988
3004
2966
2983
2986
942
2973
2522
825
2992
2983
2979
2978
2963
2986
2987
2997
2997
2991
2968
2670
1760
2864
3042
2975
3260
2971
2953
2995
2984
2889
2982
828
2955
2990
2259
3001
2006
2945
1875
2967
2967
2973
2911
3267
3002
2987
3000
2990
2978
2966
2904
2998
2994
2970
2945
2809
3006
3008
2722
2998
2927
3007
2975
2998
2174
2979
2999
2998
386
2983
2961
2977
2992
2841
3011
2974
2826
2987
1221
2968
3024
2972
2951
2907
2844
702
2990
1560
2848
3020
2993
2953
3004
3008
2986
3010
2978
2966
2959
2704
2996
2493
3011
2960
2801
3016
2370
2941
2312
2995
2547
2864
2856
2975
3001
2974
2991
2970
2860
2968
3030
3009
2987
2918
893
2993
2879
3012
2925
3024
2995
2820
2977
2956
3010
3023
218
2983
2862
2974
2954
2821
2983
2975
2943
2860
2995
2976
2788
3012
2987
2985
2986
2988
2990
2731
2797
2992
2939
2857
2980
3014
2833
3010
2982
2987
434
2977
3005
2864
3008
3032
3009
3030
1562
2974
2995
2836
2982
2917
666
2992
2974
2811
3010
2952
2991
2774
2983
2912
3198
301
2310
3023
2981
2965
329
2980
2876
3020
2969
2993
2988
3232
2998
2992
2967
2975
2978
3000
2998
1946
2993
2992
2999
2969
2806
2897
2812
2873
3036
2967
2980
3127
2942
2990
3010
2821
2980
2913
2996
3009
2977
2918
2983
2982
2995
3007
2564
3018
2830
3011
3020
2982
3001
2988
3022
2977
3003
1944
1772
3193
2924
2817
2989
3160
3054
285
695
2968
2968
2966
2820
2825
2984
163
2985
2942
2993
2975
2948
2987
2807
3003
2943
3009
2989
111
451
3004
2921
2983
2993
2972
2988
3007
625
2941
3009
2838
3003
2951
2853
3048
3014
3000
400
710
2952
3238
2968
2998
2989
3003
2830
2969
2977
2975
2978
2989
2877
2990
3018
2975
2845
2840
2727
2999
3009
3004
3002
2999
2070
2991
2996
3006
2859
277
2995
2965
3007
2822
2995
2913
2942
2962
3012
2979
2817
2983
2963
2974
2405
2974
2854
3005
2997
2840
3001
3052
3058
3008
3034
2988
2955
2981
2971
2958
3030
1059
2586
2834
2989
2870
848
2994
2964
376
2952
2949
2932
3025
2983
2796
1493
2848
189
1844
2977
178
2930
2854
3012
2958
3010
2997
3012
2829
2961
3011
3002
2975
536
2864
3007
173
3028
2950
3022
2972
2976
2979
2992
2983
2890
2722
2993
2956
2998
2874
2956
2957
2988
2966
2765
2672
3003
3069
3004
2843
2983
3261
3001
2934
3011
3004
2988
3009
2992
2859
2978
2862
2850
2548
3002
2988
2989
3008
2964
2990
3017
3028
2978
2992
2993
2874
2885
2848
2992
2986
3002
3020
2974
2953
2945
3004
2865
3008
2949
2994
2982
2986
3000
2976
2980
2979
2833
2988
2967
2994
2953
2973
3012
2882
2998
2943
2953
2815
2821
2986
2991
3007
2982
2991
2982
3004
2999
2810
2990
3009
2992
2840
687
2940
2984
3018
2831
3008
2983
3027
2508
2986
2941
3019
2963
2831
1408
2972
773
2991
2883
2994
2997
2990
2948
2817
2847
2995
215
2989
3217
1110
3002
1968
553
2749
2993
1597
2966
3001
2655
2991
3015
2990
2998
2970
2992
2968
2780
3000
2972
2965
2948
2432
2992
2997
2951
2980
2872
3015
2966
2989
3048
2993
2990
3247
2676
2955
2985
3007
2991
2854
2858
3038
2998
1206
3057
2994
2952
2090
2936
2921
2666
2969
2953
2846
2985
3025
2994
2954
2976
2948
2964
2896
3009
2451
2974
2976
2966
2994
2953
2950
2975
2984
2563
2948
2985
2996
2994
2910
2928
2954
3024
2938
3031
2841
2988
2847
3080
3012
343
2999
3008
2828
717
2969
3000
2811
2983
2980
2985
3017
2992
2343
605
2988
2966
2990
2954
2986
3031
2969
2986
3006
3011
2837
2947
950
2988
3010
3012
1229
3009
3010
2963
2990
2865
2950
3022
3010
2997
2944
2969
3072
3004
2797
2994
2967
2957
3008
2896
2262
2978
2718
2977
2998
2978
3012
2954
2839
1797
2996
2975
3002
2985
2973
2989
2846
2977
3015
2991
2989
2969
2860
3018
2803
2952
3236
2997
2996
3001
400
2937
3021
2992
488
2980
2820
2998
2980
2960
2966
449
392
2473
3009
2979
2989
2961
3013
3001
2946
3029
2979
2091
3000
2981
2992
2972
3010
3015
3017
2815
473
2991
2994
2985
2963
2919
2995
347
202
1662
2606
2955
2990
2976
3033
2987
2099
224
3008
2976
2974
3012
2968
485
2958
2950
2970
2980
2981
2826
819
2970
2835
2986
2996
2964
3074
3008
2970
2978
2981
2944
2972
2999
2987
1268
3075
2970
3034
2999
2963
1239
2988
3008
2971
757
3010
2995
2974
2971
2984
2994
2940
3008
3021
2959
2964
3036
2955
3070
2978
2946
2996
1548
2980
2991
3052
2923
3062
2308
2378
2978
2975
2836
2982
2908
2815
3017
2846
2830
2956
2974
3010
1360
2983
2998
2974
2979
2849
2997
2856
2962
2985
2843
3005
2939
2982
3015
346
3004
2379
2947
2809
3019
2985
2872
3016
2988
3042
2842
2934
2846
2975
873
2973
2923
3004
2964
1139
2944
3010
3134
2962
1560
2969
3011
2978
378
3010
2980
2980
2733
3001
2813
2967
2974
2239
3004
2927
2968
2917
3003
3010
2160
2966
1403
2693
1789
2942
3046
2947
2988
2956
2964
2902
2964
2931
3020
2994
2983
2980
3004
3039
2649
2995
260
2974
2985
3003
2989
2896
2846
2700
2993
2995
2986
3082
2950
131
2906
1376
2988
2991
2872
2988
2968
2894
2979
2852
2996
2962
2990
3000
3018
2967
2259
2819
2970
3023
2943
2997
3008
2621
2971
2974
644
2990
3007
2938
2358
2998
2995
2977
2989
2998
2972
2812
3019
2969
2978
2943
2927
3000
2963
2967
2839
2969
2950
2997
2744
3000
3003
3006
409
3007
3013
2969
2483
2813
2986
2921
2989
2892
2971
2975
2931
2978
2994
2987
2965
2999
3004
2990
1750
2932
3022
2646
2805
2979
2978
2975
3005
3004
1248
2804
3014
2988
2970
2819
3007
2950
3210
2986
3054
2987
2846
2992
2962
2960
2905
2976
2997
2827
2982
3002
2995
2910
933
2978
2979
2989
3009
3016
2974
2978
2991
2994
2991
2988
2998
2969
3002
2809
2973
2998
2957
241
3024
2986
2977
3004
3015
379
2975
3058
3034
2949
2947
3022
2981
3004
2968
2760
2915
2994
2753
2949
2983
3000
3001
1715
2956
2999
2945
2991
2995
1248
3003
2987
3026
2975
2974
2991
2974
2979
2916
2604
3030
2827
3007
3010
3005
2822
222
1689
2943
3002
2974
2995
2973
2042
3022
2911
2990
2867
3022
2981
2984
3003
2941
3039
2945
2920
2958
2884
3008
2976
2402
2972
2995
2984
2989
2946
2952
3003
2861
2985
1524
2968
3011
3001
2981
2902
2998
2986
2953
2841
2985
3014
3008
2935
2383
2916
388
2985
2947
2988
2956
2992
555
2845
2963
2966
2991
3081
2971
2982
3017
2839
2997
3013
3023
2008
3008
2986
3000
2983
2603
2987
2972
2988
2969
2964
2982
2991
3012
2991
1738
2981
3004
2976
3025
3008
2967
2944
3008
2989
2960
2995
2472
2981
2893
3004
2877
3011
3006
2969
2981
2976
2835
3038
2999
2973
3002
3002
2996
2995
2992
2980
3016
3002
2894
2997
2853
3018
2564
3023
2992
2970
2982
2988
2992
2982
2979
3018
3012
2914
2893
2998
3005
2211
2977
3003
2985
2947
2700
2999
3045
2985
2939
2975
415
2923
2810
2989
2954
2987
3015
2925
2950
2975
2990
3009
2497
2935
694
2953
2982
3003
2974
615
2987
2848
2975
2822
3012
2966
2965
2863
3256
2996
2980
3012
3259
2992
2995
2970
3006
2981
2978
3022
2824
3000
3001
3000
3026
2841
3034
2962
1335
2993
2973
2858
2948
2875
2996
1954
3092
3165
2976
2961
2991
2906
2963
3009
2822
2889
2987
2974
2930
2863
3018
3020
3009
2964
2848
2951
3002
3003
3005
2994
877
2984
2953
2460
2970
3035
2974
2941
2975
2971
2980
2983
2959
2973
2792
3017
2780
2970
2982
2965
2998
2983
3013
3031
2996
2968
1958
2983
2954
3003
253
3027
2993
2977
593
2983
2964
2787
2867
2995
3014
2850
3012
2951
2970
2953
2972
3010
2843
2975
2983
2919
364
2959
2978
2793
3008
2086
2969
2940
2477
3030
569
2788
366
2998
2899
2974
2966
3064
2864
2986
2342
2980
476
2977
2991
3051
2957
2970
2991
2986
2980
2999
3020
2929
2973
2869
2822
179
3006
2946
2983
3056
2988
3004
3034
2919
2957
2990
3026
2956
2978
2942
2964
2969
2969
2978
1230
1651
3045
2830
2969
2983
3003
2942
3000
3008
2847
2980
2864
2863
3007
2971
1008
823
2994
3015
3030
2983
3002
2985
2921
2963
2970
3031
2947
2969
3001
2338
2982
2985
2983
3006
2857
2987
2984
2890
2962
2987
2819
3021
1802
2964
2989
2977
2940
2817
2955
3012
2862
3007
430
2935
3021
164
298
2969
2729
3000
2839
2976
3017
2975
2995
2991
2983
2983
2969
2988
2997
1866
2849
3005
2905
2979
3021
2993
2835
2987
3020
3000
2860
2997
3030
2982
2854
2959
2981
2973
2999
2965
2948
2977
3004
1344
1646
2993
2827
2825
2969
2902
2944
3025
2988
3016
3023
2976
3008
2033
2966
2815
2968
1604
2983
2991
3043
1433
2971
3016
2889
3017
2914
2866
2957
2989
323
2996
2987
2949
2351
2980
2834
663
2979
2988
1453
3021
2987
2946
3002
2689
2941
2996
2740
3000
3001
2950
2956
2986
2947
2983
2950
3054
2300
3033
986
2985
3172
2918
2973
2983
2950
2991
2948
1589
3100
2976
2977
2966
2973
2954
3004
2955
2970
2929
2986
3030
2991
315
3018
2979
2978
2993
2964
2813
3100
2988
2940
2710
1012
1812
372
2815
2997
3021
2937
3009
2992
2992
414
2820
2984
1277
2946
2997
2962
3000
2983
2975
3007
2964
3042
2932
2961
3013
2989
3014
2649
3019
2986
803
