3008
3031
3021
2967
2989
2993
2991
2932
2672
3044
3012
3030
3046
2992
3023
2999
533
972
1087
3002
3010
3036
2393
697
2817
2984
2927
3028
3034
187
3012
2986
3010
3006
3036
3046
3027
3049
3027
3014
1153
145
3021
3031
3049
3021
2986
3004
2981
3056
2996
3028
2970
2982
3021
3010
3018
2574
3006
2991
2992
3008
2994
2327
3027
3009
3025
3034
3016
3023
2993
643
2991
3027
3019
3013
3016
3020
2999
251
3028
2977
3015
2994
3009
2315
3018
3033
3000
3040
3013
3019
3017
3001
3008
3044
3026
3009
2994
3016
3091
2998
3008
2832
2667
3012
3035
3034
3017
3038
3042
3000
3012
3045
2981
1129
3027
3026
2988
3008
3017
3004
2999
3018
2999
3033
3011
3026
3005
2971
3000
2994
2966
3023
2164
3027
3003
399
220
1941
3041
3032
3009
2975
3027
2970
3048
3037
452
172
3041
3042
169
3056
3012
3010
3057
3041
3110
3005
3019
232
3015
3018
3090
3014
3042
3021
2986
3016
3051
3020
3022
2961
3025
3030
3022
2990
3027
3034
3019
3017
2976
3012
3029
2997
3010
3007
2529
3094
3009
3075
3022
3006
3011
2983
3026
3033
3043
3038
3048
3030
2947
3045
3026
3049
464
3004
3024
3018
3023
3034
3005
2905
3006
3024
3025
3012
3036
3025
3034
3030
3013
3043
3012
2997
3045
2535
3010
3010
3011
3042
3013
3017
3002
3004
3088
2701
3072
375
3017
2981
3023
3025
3046
1219
3049
3042
3043
3014
2987
3097
2352
3035
2979
3041
2858
3041
3014
3035
3043
414
3021
2998
3024
3026
3013
3001
3026
2999
3020
2844
3018
3080
3031
3036
829
3037
494
2995
3002
3018
3028
2719
3000
3008
3021
3020
3019
2991
3002
2115
3030
3016
3034
2986
2890
3023
3002
3045
3022
2968
3014
3007
3014
1897
3011
3011
3006
3008
3017
2992
3011
2998
3005
2695
3033
2328
3044
2988
3026
3025
3017
3042
3016
3001
3038
3017
3027
3000
3036
3012
3023
3011
3014
3034
3018
3021
3033
3001
3036
3015
3021
3035
154
3033
3014
198
248
3033
3001
2981
3028
1929
3046
2988
3017
3010
1142
2945
3039
3033
3022
3027
3017
3044
2982
3014
2984
374
2993
2171
3045
3013
2986
329
3009
3017
167
3015
3052
3009
120
3000
3000
1561
3040
3034
3043
293
3026
3005
3048
3042
2969
2997
3030
1989
2994
3005
3007
3109
3042
2997
3003
3020
3032
3018
3027
3016
3053
3035
2993
3037
2991
3025
2991
3047
1348
2796
2794
2850
3017
1140
3028
2961
2981
2333
3012
3023
3011
3015
3024
3009
2972
3084
3008
3029
3036
3047
3108
2920
3034
1232
2931
3021
3016
3019
2995
2996
3016
3023
3011
3040
2972
3038
3005
2924
3009
2304
3006
3017
3034
3015
2925
3005
3003
2856
2433
3035
3021
701
3004
3015
3014
3035
1756
3033
3006
2986
3019
3024
2999
3018
3000
3031
3031
3013
2993
2364
3041
3004
2730
3015
3032
279
3035
3027
2981
3021
2997
2990
3036
3001
3008
3014
849
3028
3010
3053
2972
3010
3015
3014
3028
3033
2962
3033
3010
2990
3000
3028
2971
3020
3045
2087
2947
3034
2982
3032
3008
3009
2999
3033
3022
2993
3048
2522
3006
3003
2919
3030
3022
3033
3016
3059
3046
3039
3015
3014
2092
3013
3023
2995
3021
3035
3007
2967
3016
3044
3015
3032
2996
3013
2992
3031
3020
3012
503
2995
2025
3036
1469
3032
3050
3018
3038
3028
3039
3043
2880
3018
3031
3029
3021
3000
1262
1193
2995
3024
2953
2995
971
2948
2759
3055
3028
3008
3054
3040
2987
3024
3038
3030
447
3035
3033
3025
2999
3042
3029
3001
202
3008
3036
2147
3017
3007
3010
3007
2925
3009
3014
3016
3022
3011
733
3039
3000
3017
3024
3033
2995
3035
3003
3026
1134
3014
2510
2983
3040
3010
2991
3080
3034
3026
3009
2997
3029
3043
3080
2766
3033
3024
3016
3025
3002
3043
3012
3041
3030
3032
418
3015
3043
3021
2993
2977
3034
3020
3019
2982
899
1220
3014
3004
3019
3107
3001
2776
3014
3012
2977
2986
2882
3039
3003
1898
3013
3031
3028
2659
2999
3027
3028
3017
1097
3027
2998
3031
2994
2038
2988
3029
2973
2985
3016
3016
3072
3009
3043
3022
3038
3023
3015
3014
2892
3040
3024
2361
2846
3022
366
2570
3045
3026
2999
2864
3009
3022
3017
2964
2828
3019
3047
2090
2995
3029
806
2990
3041
3023
3008
2995
3042
3032
3029
3012
3039
3021
3020
2928
3006
2964
2945
3016
3009
366
3012
3017
3008
3002
3046
3036
3013
3043
927
3007
2980
2975
288
2965
3002
2977
3002
3035
3053
3020
2995
3060
3039
3004
3024
1584
3012
2853
3001
2986
3011
3036
2955
3022
3016
2987
3023
2999
2934
3012
915
3031
2998
3009
3030
3023
3033
3027
3021
3042
3020
3006
3011
3050
3023
3019
3010
3019
3024
3022
2996
3015
2972
3034
3000
3034
3036
3015
3004
3070
3023
3008
3025
2958
2515
3067
3042
2996
2945
3015
3001
2990
3010
3005
2992
3002
3044
2986
2815
3038
3045
3030
3007
2950
2015
2974
2991
3039
3040
3021
3054
3008
2999
3005
2184
3053
2983
3007
3031
2529
3014
3018
3030
3013
3033
3029
3024
3096
3034
3036
1898
2998
3020
3028
3036
144
3044
3007
1904
3011
3003
2612
2993
3004
2996
2987
515
3017
3018
2912
3004
3031
338
3025
3030
3018
3002
3015
1218
3028
3005
3029
3079
2982
2996
3009
3045
3013
3024
3028
3020
3013
3049
2233
2996
3011
3027
3029
1907
167
3042
3019
3017
2950
3015
2976
3031
2980
2999
1209
3034
3044
3017
3021
3025
2981
2971
3019
3042
2967
2987
3023
3026
3017
2999
665
3052
3024
3020
3011
3006
3011
3024
2766
3026
3017
3039
3049
3023
3005
3019
245
2999
2967
2989
2302
2902
3035
3059
1022
3002
3009
3018
3035
2537
3028
3044
3038
2894
3015
3017
3018
2826
3109
3020
3000
3054
2427
3000
3021
3016
3018
3022
3032
3023
3011
2979
2968
3027
3020
3055
3075
2989
3011
3008
3009
3023
2161
3001
585
3018
2998
3022
2988
3010
3001
3006
2962
3007
2980
2984
3039
3002
2993
3038
3023
170
3030
628
624
3010
396
3012
2991
3021
2999
3012
2662
3025
3055
3004
3028
2986
3014
1581
1175
3003
3003
3056
3012
2990
3028
3038
3016
3013
2995
3036
3007
3022
3008
2984
2991
3013
3047
2997
3034
3016
2977
3028
3029
3024
2993
1087
3034
3015
2999
2995
3025
3015
1679
3013
3033
3033
2632
3023
3028
2995
3028
304
3025
3016
2996
3033
3020
3052
3014
555
2621
3015
3034
3023
2988
3034
3027
3002
2997
2998
555
1556
2581
3023
209
3022
3009
3042
3011
2998
3008
2975
3030
3016
3033
2067
3039
3050
2993
3017
3014
2847
3032
2986
3030
3032
3115
2445
999
3062
3033
2999
2982
3011
3004
3003
2720
639
3011
3027
3013
2525
3024
3015
2995
3006
1353
426
3036
3046
2977
3030
3006
2987
2790
3010
3006
3037
3011
3017
2985
2994
3048
2998
3007
2999
3010
3021
416
3003
3036
2980
1437
3024
2968
2819
3069
3013
178
3036
3028
3038
3023
3023
1735
3051
3011
3036
2955
3003
2968
2979
3037
3008
3039
3016
2983
2019
3028
2990
3011
2993
2984
3030
3038
3035
3043
3013
2945
3075
3036
3000
3024
3027
3038
2943
3024
2990
753
3015
3013
2200
3007
3042
3036
3022
3020
2996
3033
803
2973
3039
139
3050
2992
2971
3044
3045
3001
3016
3040
1175
2978
2974
3028
3026
3025
3017
3040
3009
1074
3007
2973
3012
3018
3008
559
2685
3034
2983
3006
2988
2994
2959
2984
3031
2985
3030
3016
180
3014
2968
2974
2999
2987
3024
3052
3034
2995
3019
3020
3020
2986
3008
3012
3037
3054
3017
3044
2999
3027
709
3011
3016
3035
3067
2875
2980
3002
1669
3013
3033
1364
2992
3036
3017
3006
3046
2925
3014
3029
3045
2999
3015
3019
3001
3025
3009
2980
3017
3007
3018
3032
2995
2473
3046
3002
3018
3023
3030
3016
3031
2638
3046
2993
427
2991
505
1794
3015
157
3036
3037
3007
3013
3010
2899
3030
3038
3042
3009
3024
3047
3036
3008
3010
2873
3008
807
2958
3010
3024
2981
3026
2999
3016
3032
3005
2974
2878
3030
3014
3072
3025
1071
2982
2975
3037
2976
3016
3046
3045
3021
3044
3053
3030
3011
3018
2418
3007
3010
3008
3018
3013
3029
3015
3039
3050
3007
3015
3009
3015
2986
2987
1329
3006
2978
2995
3001
3014
3010
3001
3017
2988
3026
3023
3018
2978
3012
3031
3017
3022
3059
1963
3011
2950
3027
2914
2650
3003
3003
3027
1992
3034
3112
3025
2985
3033
3035
543
3001
3002
3014
2999
3004
3019
3019
2997
3043
3040
3008
3007
1375
3019
2771
2993
3053
3007
2973
3004
2931
3000
2967
3023
2968
3019
3002
3081
3010
3041
3031
3021
3023
221
3001
3033
3029
2821
3010
3025
244
1355
197
3043
3011
3020
765
3039
1334
3038
2992
3039
3058
3025
3036
2951
3011
3028
3011
3024
2992
3021
248
3027
3083
3015
3033
2983
3011
2999
3031
2996
3019
3008
3020
3011
2952
3002
3029
3013
3052
3011
708
3023
2999
3026
2995
3015
2833
2968
3015
3033
3042
3037
3025
3011
3032
3020
2984
2740
2977
3009
3007
3011
3041
377
3012
3017
3043
3022
3022
3044
3026
3019
3023
2983
3005
3010
3004
3033
3009
3027
2987
3018
3002
3015
871
3035
3013
3009
3013
3023
1151
3050
2981
2989
3026
3020
3016
3058
3007
3006
3031
3002
3046
3039
2958
1240
2962
3028
2962
2997
2999
2984
2981
3018
3002
3008
3007
3016
3030
2989
2998
158
3016
2721
2951
2981
3002
3028
2993
2989
3006
1396
3005
2988
3025
2911
2992
3037
3016
3009
2291
3036
2968
3042
2999
2985
3018
2920
3022
906
3024
3015
3026
237
3020
2971
3007
3044
3037
2987
3027
3009
3004
3041
2548
394
2951
486
3043
3037
2969
3005
3028
2979
2999
2855
3012
3019
3036
2994
3033
3065
3011
2994
2998
3013
3031
3014
2978
3009
3025
3039
2509
3022
125
3097
2982
3035
3047
3026
3012
3037
3023
2194
3036
2986
3016
2990
1662
3027
3027
3033
3030
2985
2731
2997
2989
3026
3017
3030
3015
3003
3027
3021
2807
3026
2970
3015
3033
3012
3009
3026
3013
3016
3070
2986
2991
3023
1479
2077
3117
3015
3011
3030
3048
3007
2989
3015
3035
3015
3040
2984
3048
3010
3029
2879
3016
3008
2992
3011
3018
3017
3033
3029
2994
3035
3013
1460
3005
3021
2643
2973
3033
2995
3005
3035
3043
3010
2959
3029
1177
3013
2984
2978
3032
3063
3026
2242
3021
3027
3017
154
3009
2982
3031
3043
3001
3029
3000
3015
172
1979
490
3023
2996
1145
2996
1026
2993
3011
3011
3006
3032
3082
3071
3001
3039
3030
3019
858
3006
2977
3024
2519
3014
2991
3011
2952
3005
3023
3031
3018
3018
3034
3022
3056
2991
3055
3010
3047
3019
3015
3050
3036
3028
3024
2985
2992
3029
2904
3023
3048
3030
2989
3041
3022
3005
3015
3031
3021
2985
3043
3040
3013
2970
2998
3020
3024
3031
3051
3013
3013
2774
2991
1524
2349
2979
3031
2827
2996
3037
2948
3000
3011
3023
2985
1052
3027
3008
3023
3015
2990
3032
3008
3012
3007
3037
3027
3022
3016
3011
3004
3001
3022
2779
3025
396
3016
3031
2625
3028
2990
2967
3035
3021
3028
3013
3044
3013
3048
3010
3034
3022
3015
3054
3016
2979
3034
2984
3019
908
3016
3044
3033
2999
609
2987
3085
355
911
3011
898
3033
3002
3060
3004
3006
202
1601
3036
626
3025
2986
3039
3054
2950
2987
3022
2996
1405
2493
3004
2999
3024
3038
3011
2965
3016
2981
1212
1867
3034
3026
3031
2957
2996
3034
3025
3010
3021
2489
2934
3004
3037
3019
3017
2993
3048
3005
3021
3051
2998
3005
3011
3000
3026
3019
3008
3011
3017
180
3030
3042
2945
3000
3015
3019
3016
3020
3039
3040
3029
3023
2998
3025
3015
2991
3020
3014
3027
3024
3030
2842
3025
3023
3016
2973
3009
3038
2666
373
3027
3009
3004
3001
3011
220
3011
2988
3007
3026
3029
3056
3028
2847
3039
3010
3003
2984
3019
3006
380
3023
3015
2987
3027
3010
3035
2987
2969
1169
3022
3003
3025
3020
3011
3033
2966
3048
3024
3027
3038
3023
2994
3028
3042
3010
2996
2943
3029
2929
3045
3008
3005
3006
3005
3019
1802
3032
3016
3025
2991
3009
3011
3037
3009
3020
3015
3008
3016
2761
1009
3031
3010
3010
1357
682
3005
2715
2462
334
2867
3049
3018
3000
173
3042
1749
2992
3016
379
3020
2674
3048
2990
3046
3030
2512
3004
3010
3030
3004
3077
3030
2597
3005
2762
3024
3016
3016
2510
2997
2967
3027
3052
3015
3024
2970
3017
3008
2974
3009
3015
3020
3011
2998
3017
3048
3009
3003
383
3033
3012
3009
3022
3027
3034
2440
3011
3007
2998
3008
3017
2977
3028
3084
318
2348
3034
3003
3018
3034
2876
3024
2830
3002
2972
2993
3041
3026
3023
3027
1708
3024
3028
3022
3028
2995
3015
2212
3016
3034
2726
3025
2971
3034
2995
2736
3003
3028
3009
3013
3009
3009
3019
3013
3037
3005
3007
3076
3034
2859
3014
1544
3020
3047
2988
2943
2974
3021
348
3021
3009
3027
3050
2975
2993
3029
3009
3040
3013
2915
3032
3024
3017
2358
3040
3047
2952
3254
3004
2997
2992
3036
2967
1863
3004
3035
3014
3014
1741
3034
2994
2997
1072
2991
3037
774
3023
3031
186
3016
3015
3053
3012
2980
3009
2996
2971
2992
2985
3039
3117
3039
2035
3020
3004
3027
2992
985
3041
3010
1052
3024
3019
3004
3049
2992
3030
3001
2975
3019
3031
2608
3030
2586
3027
3030
3023
2819
3040
3035
2995
3001
240
2154
3026
2990
3006
1330
1578
3036
2994
2943
878
2994
254
3015
3022
3006
708
3024
1126
1097
3022
1804
2961
3021
3010
2994
3003
3036
2998
2741
2994
3023
2999
3003
3006
3002
3021
3006
3010
3022
3030
3014
3021
3007
3011
3030
2980
3023
3021
2464
3019
3003
2982
3016
2953
3022
2885
2964
2886
3016
2979
3040
3031
2983
2992
3013
2970
3025
3020
2601
3044
2998
2990
3013
2967
3014
3039
2001
3051
2941
3054
2851
3003
3001
3052
3031
3023
3026
3040
3032
3001
3010
3016
3027
3002
3041
2932
3006
2984
3029
3002
3020
3014
2686
3051
3014
3028
2987
3001
2984
3050
3021
3003
3017
2993
3037
3002
2994
3019
3017
2999
3016
3005
2929
3035
466
3042
3034
3019
3026
3015
3023
2745
2982
3025
372
3009
3027
2999
1093
3007
3019
2977
3003
3008
3040
3055
3000
2591
3029
2958
3013
3019
3040
3031
3009
479
449
3001
3034
3029
2994
3013
3022
1018
3011
3028
312
3023
3040
219
2952
2967
3037
3031
3007
3040
3034
3017
3040
2662
3039
872
2663
3007
3025
3017
3025
3007
2989
3004
2995
3017
2993
3028
3015
2956
3003
3020
2989
155
3031
3003
3029
3019
3026
2998
3053
3042
3012
3031
3028
3015
3000
3008
1843
3025
404
2947
3038
2982
3018
2808
3003
1955
3010
2988
3043
3000
3007
3022
2972
3023
3018
1421
3028
2952
3024
225
2994
2051
3013
2980
3035
241
3009
3026
3028
3039
3034
3006
1671
3030
2987
2998
3076
2981
3040
3026
3009
3045
3043
3015
3038
2202
2980
2942
3024
3009
3004
2980
3022
2997
2985
2979
3032
3036
3002
3023
1984
374
3010
3018
3015
2999
3027
2890
3003
3022
3020
3052
1869
3022
3008
2965
2989
3023
3012
3023
3025
3020
3009
3025
3016
3001
3003
3021
2938
2992
3013
2983
2997
2988
3044
3083
2986
3003
3113
3010
3105
3029
3006
3033
3008
3029
3019
3006
2997
2875
3027
602
1926
3040
3009
3007
3048
3043
3019
969
3004
3027
2979
3004
2983
3038
3057
2989
3012
2500
2804
3006
3018
3008
750
2985
3022
2992
3049
2969
3011
2315
2981
2768
3022
3021
3026
3001
3042
3010
3032
3023
3003
3026
2999
3031
3050
202
1344
3018
3014
3010
3000
2985
3029
2996
3016
3050
2986
328
3017
3003
2956
2998
3018
2936
3020
3031
2983
3033
3018
2990
3018
1739
2015
3003
2847
3015
3009
3028
3019
3008
1768
2971
3000
2991
3005
3011
3032
3023
2992
2958
3005
3006
1048
1998
3015
2993
3001
2983
3031
2999
2997
3024
1466
2965
3002
3036
1730
2998
696
3026
3032
2990
3011
3004
3014
3014
2944
3011
3028
3028
3049
3001
3013
2987
3024
303
3035
3040
1619
3046
3239
3011
3001
2979
3012
3010
2949
1945
3008
2973
3019
3011
3011
3010
647
3007
2955
2827
2029
2992
3001
3037
3004
3023
3038
2997
2584
3030
3031
2998
3026
2995
2995
3024
2992
3015
3002
3032
2950
2539
2994
3038
3008
2988
3023
1761
3007
2911
3042
192
3041
429
3034
3009
1572
303
2687
3047
3030
2995
3030
2397
757
3038
3017
3003
3031
3000
3033
3043
3022
3088
3008
3040
3000
3002
3061
3011
3003
3019
3006
3045
3005
3043
3022
1307
2953
3022
3001
2999
3021
3004
3035
3027
3017
2995
719
2991
3027
2997
3007
3033
3001
3019
3044
3023
3042
3033
3040
3031
3053
3051
3004
3034
3035
2930
3042
3012
3017
3049
3011
3028
3014
548
3053
2134
3005
3002
3013
3006
2372
3027
2996
3011
2770
3000
3024
2966
3027
3033
3003
3029
3024
3037
3018
2805
2974
3028
3020
3020
3018
1563
3031
3007
2998
3019
2984
2854
3005
3033
3014
3017
3012
2999
3007
2917
3026
2995
3011
3019
2994
2974
3024
3020
3029
3009
3029
3012
2992
2757
3017
3031
3057
3005
3037
2988
2996
2954
3014
3021
2490
3013
3016
2998
2086
3008
3042
2927
3017
3013
3056
2954
3106
2251
2982
3024
3001
3016
2998
3025
3035
3034
3001
3017
3006
2997
3006
3039
2602
267
3020
3000
3017
3035
2998
3032
3053
3045
2978
3032
3001
3020
3033
3031
3018
2985
3042
2982
3035
3016
3032
3014
3004
3002
3021
3003
2800
2999
3019
3038
1875
2628
2992
3020
1158
2998
2167
3016
3032
1957
2992
3018
3009
1642
556
3023
172
1472
3016
3033
768
3008
3022
3047
3015
3029
3000
848
781
3041
3034
2398
3040
3032
3006
3002
1822
2977
2983
3004
3009
2076
2708
3019
2999
2554
3021
3019
2985
1523
2978
3003
3027
3053
3032
3010
2968
3002
2855
3035
3027
2993
2992
3035
3045
3024
3000
580
3032
3014
3047
2685
1972
2997
2997
2971
3028
2996
3035
3047
3030
3047
271
3009
3012
2997
3012
3033
3026
3016
3023
3021
3012
3044
3006
3008
2787
3054
3003
3043
3032
3002
3012
2998
3013
2637
2966
1720
957
3025
2998
1788
2223
3030
3010
3022
3045
2343
3015
2955
2992
3008
2997
2926
2990
2968
2474
3029
2983
3037
2987
3017
2856
2999
3017
2967
3020
3010
3008
521
3049
3037
3056
3004
3037
3015
3018
3042
3081
3022
3004
652
3057
3016
3014
382
3038
3019
2995
3024
663
3020
3063
2850
3028
3005
3013
3021
3011
3011
3003
3032
3047
3028
3039
3046
3024
2984
3014
3040
3014
3026
2903
3014
3024
3021
3006
2978
387
3029
3037
3005
3050
3019
3006
3007
3019
3009
3007
3016
2972
3030
3093
3036
2998
3047
3023
3006
2160
3015
3011
3024
2988
280
3011
2987
3025
3012
3009
2988
3026
3024
1931
2980
3002
3026
3022
3022
301
2483
3051
3018
3051
3047
3030
3043
3043
2954
3030
3013
2997
3004
3027
3047
3003
3052
3022
2963
3012
2996
3001
2074
3015
3018
2994
3000
3046
2978
3026
169
3049
3027
3043
2995
3053
3031
2997
2998
606
3024
2972
3014
2999
3035
2483
3004
174
2996
3013
469
3012
3036
3048
3007
2964
2867
3035
2995
3031
1217
3036
2188
3023
2984
3007
1189
3016
2822
3059
3010
2998
2976
2998
1407
3009
414
2740
2994
3017
3000
1056
3009
2997
3010
3025
970
3044
292
3010
3003
3006
3013
3057
3047
3015
3024
2970
3023
3008
2874
3030
995
2997
2572
2989
2996
1642
251
3009
3071
3024
3027
2929
2988
2980
3039
3044
2935
1313
2977
2985
1884
2814
3010
2988
2963
3028
3007
3050
3022
3014
3049
3002
2972
3008
2986
3033
1259
3028
3029
3007
532
3024
387
2689
2517
3025
2997
3037
3016
3036
3036
3017
3051
3010
3035
3047
3003
3003
3092
3044
671
2950
3013
3028
3022
3004
3017
3041
3025
3008
2998
2987
3030
3034
3021
3047
3037
3034
1304
2964
2935
2872
3023
3008
2992
2455
3017
3022
2978
1629
2867
490
3025
2979
3001
2991
1940
3010
3001
3033
3036
3032
3008
195
3027
2991
2970
876
3021
3052
3010
2998
3027
3035
3012
3009
3005
3002
3025
3047
3025
3028
3021
3002
1422
3001
380
2998
353
3009
3009
3014
2994
3053
2979
2967
2985
2996
3019
2988
835
3002
1857
3068
2968
3010
3005
2088
211
3018
3002
3024
3027
3019
3026
3010
3014
365
2995
3019
3015
3014
2982
2992
3028
2966
3029
3042
3006
3017
3012
3036
2989
3039
3044
3029
3026
3032
3037
2949
3022
3012
3009
3055
2986
2945
3004
3019
3014
2937
3007
3008
3048
1576
3001
3029
3056
2938
1352
2024
2986
2975
3020
3000
2929
3045
2989
3034
3027
3031
2997
2999
1363
362
3019
2983
3031
531
180
2954
2994
2443
2980
2996
3045
3031
3003
3041
3019
3015
3000
3012
2991
3015
2980
3043
3017
3032
3025
3018
2529
2889
3002
3039
3020
3020
3008
3034
3016
1501
3038
3018
3038
3001
3025
3052
1942
2986
3047
3045
3010
3031
2996
2995
3044
3033
3009
2987
3100
1712
3001
3034
3025
662
3032
3012
3030
2997
3046
2989
3026
2977
3036
2996
3088
3054
3050
3036
2843
3029
3024
3026
2997
3017
3012
3065
2978
1040
3000
3013
2975
2989
3018
2981
3032
3021
3014
3017
178
3004
3000
2982
3064
3005
3035
2982
3006
3031
2261
2961
3015
3011
2999
3003
3027
2782
3053
2995
3009
2963
3015
2979
3032
3024
3018
3011
3005
1683
2911
3008
3012
2987
3043
2999
3020
3025
3016
3002
3026
3033
175
2952
3028
3028
3010
3010
2872
1218
3008
3009
3021
2990
3025
3003
3012
3000
3017
2975
3018
2956
2945
2968
3053
2919
3034
2979
3010
3025
2992
3035
3031
2990
3016
2864
3006
2962
3036
3043
3010
3021
3042
2997
3026
3007
2975
3047
3026
3024
3025
2959
3009
3007
2996
2964
3011
460
3042
3035
3021
3037
3024
3011
3029
3020
841
3015
913
2190
3030
2963
2986
222
853
2969
1123
3007
3007
3038
3005
3031
3033
3026
2988
3053
3005
3010
3043
3041
2683
3015
3051
3012
3047
2965
2986
3017
2992
3008
3038
2997
3009
3108
2990
1398
2998
3020
3015
3001
2999
3027
3035
3022
2985
3064
2051
2962
3061
3004
3012
2993
3006
2999
3021
3015
3000
3027
3014
3026
3037
3027
3022
3031
636
2980
2978
3025
3037
3025
3032
2988
3006
3034
3015
3020
3045
3020
3011
3038
3010
2994
3009
3003
2953
3038
3005
3047
2868
3034
3019
2979
3033
3038
3024
2982
3014
2998
2993
211
3001
3019
3000
3016
3003
3018
402
3025
3001
2504
3055
3004
3008
2990
3009
2983
3000
3019
2997
3009
2942
3038
393
2998
2989
3023
3043
2987
3007
2973
3003
3024
2996
1474
2998
3019
2985
3053
225
3007
3021
2810
2967
3046
2969
3104
3045
3007
3021
2972
3022
3008
3020
3032
3032
3000
3039
3025
3023
3000
3024
3005
2989
3043
3061
2801
2879
3016
2982
3023
3028
1223
3017
3043
3038
3013
3048
3021
3064
227
358
3043
2986
3035
966
2923
3043
2872
3034
2974
3020
2986
3054
3005
3019
3039
3027
3024
3029
2870
3021
3020
966
3016
2970
2996
2988
3018
3047
2977
3012
2987
3019
3027
3038
3004
2986
152
2990
3090
3045
3024
3010
830
2967
2936
3015
3000
3028
1128
3012
3034
1820
3016
2987
2863
2993
1219
3002
2966
3038
2899
3022
771
3021
3020
3035
3020
3008
2970
3024
3018
2986
223
2985
3014
3010
2100
3001
3015
2467
3003
3008
3002
3025
3052
2927
2981
2984
3038
3028
3025
483
3019
3026
3016
3010
3037
3019
3037
3026
3011
3028
3040
2614
3002
3013
3031
3008
3002
2989
3007
3013
3003
316
2992
1504
2987
209
262
2987
3021
3028
187
1600
3018
2782
3017
3034
3023
3034
2996
3024
3041
1088
3024
3011
423
562
3003
2872
3008
3012
3007
474
1980
3009
2977
3004
3038
3003
3039
3024
2876
3006
1075
3003
3010
3036
3041
3034
222
3089
3029
3005
3040
3023
3028
2983
3010
3032
1843
3026
2987
3003
2987
3003
3010
3040
2695
3010
3042
3004
3019
3028
2996
3014
2987
3080
3015
3089
3008
3023
3013
3049
3028
3020
3028
2953
3018
3009
3020
3046
3016
3008
3050
3008
3038
1935
3033
2765
3006
3012
1373
3066
3026
3003
3015
3033
3047
3013
3026
3042
3002
3044
3017
3034
3075
3024
3031
3017
2992
3050
3024
3018
3015
3085
3021
2999
279
3011
280
3028
3020
3019
3030
3027
1681
3001
2719
2989
3004
3034
3027
230
879
3014
3035
2999
2991
3008
3030
1278
894
3024
2998
1957
3021
3022
3017
3018
2993
2983
3006
3029
3008
3011
2978
2761
3032
3021
2994
2302
3020
3042
3002
3024
3024
3096
2996
3008
2997
3042
3029
2680
1663
3000
3043
3025
3049
3016
3022
2980
3031
3050
3014
2994
3014
1590
2983
2955
3014
2177
3001
3019
2784
829
3039
2993
3027
3006
3029
3007
3036
451
3040
3010
3019
3027
3023
3025
2872
2978
3010
3039
3002
3038
2452
3053
3024
2017
468
1237
1610
3016
2978
2904
3014
3054
1313
630
3032
3011
3030
3026
3021
2664
3031
2994
3015
3030
3025
3010
2996
3048
3002
3005
2987
2987
3047
3037
3001
3049
3026
1657
3055
3016
3009
3033
3028
2994
2991
3000
3012
3019
2992
3032
3003
3010
2991
3015
3013
2976
2925
3022
3038
3042
3035
3015
2977
1939
2962
3022
2981
2654
3018
2960
310
3020
3026
3037
3017
3021
2977
3030
2703
3026
3001
3027
358
162
3052
3042
3001
3027
3011
2954
3036
3008
2990
3046
2993
2991
3040
3012
2979
2997
2970
3040
3034
3032
3030
3102
2994
3027
3039
3000
3002
3010
3015
2939
3023
2973
3010
3022
3010
2337
3016
3006
3023
3056
3008
3039
3089
2969
2994
2973
298
3096
3057
3061
3006
3006
3024
3025
3032
3011
2999
3031
3007
3003
3011
3019
2980
3023
3044
3000
1784
3016
3025
2878
3021
2985
3033
3032
3032
3039
3022
2994
3016
3037
3018
3025
2987
3006
3021
3004
2999
3032
3033
3033
3041
3048
3015
3030
2983
443
3040
2994
2366
2972
3034
3037
3012
1375
3019
3028
3031
3004
3029
2981
3043
3076
2964
3021
2958
3020
2994
187
1396
3013
3005
3038
3029
3071
325
3028
3024
3117
3037
3046
3083
3006
3023
2990
2974
2991
2984
2968
2985
3121
3037
2997
3014
3015
3065
3032
3006
2190
183
3003
3020
3023
3035
1673
451
3030
3012
3024
2996
3006
3001
3030
3028
3010
3024
932
3021
3006
2997
3016
2873
3031
2973
3005
3021
2986
2784
3001
3013
3025
3013
3050
3006
2939
3005
627
3005
2978
3026
3012
3004
2999
3030
2886
1633
3026
3019
3032
3026
3094
1220
3046
3053
2718
3027
3024
3003
2982
2961
2972
3002
2980
3042
2989
2992
3050
2992
3037
1348
3028
2783
3005
3003
987
2999
3019
3024
3041
3030
2867
3020
2978
3009
3043
3013
3019
3021
3093
3014
3016
707
3013
2218
3038
194
3033
3004
3064
2997
3034
3007
206
3030
3035
3006
3023
2992
3019
3000
2996
205
3084
3039
3016
3061
3007
2892
2227
3036
2952
2692
2989
3040
2960
3032
3016
2951
2919
2860
3029
2973
3027
2987
2993
2886
3023
2437
1699
3042
3028
2980
3012
3046
2994
3026
2999
3015
3026
3017
3017
2976
2971
3031
3017
639
3018
3047
3038
3018
3020
3036
1364
2570
3027
2983
3034
2997
809
3001
3034
636
3023
2979
3050
3014
3004
3009
2993
3012
2990
3006
3098
2983
3036
3090
2974
2993
2988
3005
2988
3005
3023
3012
3105
3013
3025
3062
3013
3043
3025
259
1546
3007
2977
334
3040
2978
2972
3012
2979
2781
3024
3045
3004
3018
2787
3007
3046
3047
3005
2919
3007
3050
3007
3093
3018
2974
3005
3024
3031
283
1323
2990
3006
3025
2999
271
3029
728
2984
3028
3053
3006
3027
3035
3006
3028
2983
3026
3002
3042
2994
2990
2983
3020
2175
3041
3016
3022
3042
2988
389
2975
3038
2969
3014
2707
2748
3025
3034
3033
2095
3035
2992
3000
3009
555
1899
3026
2951
3002
3017
3011
3042
3033
3019
3013
3037
3031
3030
3062
3051
3038
3042
3026
3028
724
3033
3017
2933
3018
3023
1911
3054
3013
3014
3031
2992
2099
3015
3052
1289
3020
3022
3111
3034
3017
3023
3017
3022
3124
2942
1831
3004
3004
3039
3043
3024
3030
2953
3021
3037
3006
327
3026
3021
3015
3033
2815
3010
3001
3030
3027
3029
3031
439
3025
3006
3002
3023
3011
2984
3007
3006
3005
3034
2577
3025
2930
3020
3025
3011
3033
3014
3031
3012
2989
3027
3049
3030
3024
3042
3020
3090
3028
1843
3014
3011
3029
2991
3007
495
1560
3027
3049
195
1731
3027
3043
3022
3047
3051
3029
3053
1620
2991
3028
3067
3006
2962
3034
2776
3014
2997
2993
3017
3026
3058
2999
519
3026
1367
3031
3057
3033
3000
3031
3013
2963
3021
3032
3010
2998
3040
3021
2974
3097
2975
1499
3026
3012
3022
3006
3004
2977
3001
1332
3006
3027
3014
1737
3009
3002
654
3049
2986
3038
2961
687
3060
184
3012
3023
3039
3054
2651
2844
2318
3046
3045
3011
3002
3022
3032
3022
3015
3010
3031
3016
2991
3025
346
2999
3007
3009
2884
3002
3029
3029
3015
3057
2003
3003
2989
2990
3003
3002
3029
3037
2963
2307
2992
3096
3017
3040
3005
2984
3028
3004
3013
2986
3019
3031
2723
3028
3049
3023
2987
3009
2385
3032
3015
3010
3032
2852
3026
3015
3009
3023
3014
235
3020
3025
3015
3026
3029
3009
3001
3032
3023
3050
3039
3020
3052
3014
2997
3036
3026
3001
3070
3064
3023
3012
1534
2989
3030
2970
2995
3025
1691
3032
1256
537
2308
286
2871
1953
3020
3019
1925
3034
2905
1251
2997
3011
3020
3016
3004
941
2979
3030
3013
3013
3005
3042
3032
3054
3033
2989
3000
292
2029
3036
3009
3019
3042
3037
2966
3015
2980
2519
2092
3020
3031
3027
3021
2553
2780
3008
2998
3040
3027
3005
3032
3055
3015
3032
3002
2958
3063
3009
2459
3015
3023
3024
754
3032
3004
3017
3012
3038
3013
3001
2980
2986
174
3043
3025
312
2850
3046
3013
2998
2976
3028
3023
3065
3064
2969
3048
3032
2263
3040
2993
2971
2847
3010
2958
2965
3007
3015
2985
2880
3021
3030
2986
3041
3026
1956
2974
3100
3058
3004
3004
3032
2988
3003
3005
2999
2994
3019
3015
3028
2995
3004
256
2995
207
2999
3008
3004
3034
3004
3034
2889
3023
3013
3040
709
2859
2996
2993
2988
3052
3016
2981
3050
3028
3016
636
2993
3004
2998
3042
3009
3024
3023
2981
2977
2855
3036
3016
3043
1920
2985
2522
2970
3030
3009
3027
1572
3039
3019
3016
1245
2993
3026
3020
3011
3011
2303
3031
3014
3061
2994
3041
3020
3007
2992
2991
3044
2994
2997
2778
3007
3022
3019
3034
3027
3017
3013
3052
2754
2338
2968
2981
3010
3026
3008
1782
3022
2767
3001
3003
3018
3020
3006
2963
370
3030
2930
3023
3012
1720
3036
3011
2953
2999
3007
3030
3010
2980
2992
3041
3035
3023
3006
3025
2993
3038
3017
3001
3004
3033
3004
3018
3000
2347
3005
176
3024
3037
2135
2967
2979
3027
2332
3017
3021
3022
1731
3026
3008
3077
2990
3008
3031
3031
3026
2776
3022
3021
3033
3036
3011
3011
3040
3021
2955
3051
3019
3018
2384
1703
3056
3014
3015
2971
2976
3112
3060
3011
3016
3007
3058
3037
2985
3034
2995
3003
2993
3009
3017
3026
617
3001
3021
3040
3028
2995
3070
3032
2961
3043
2985
3021
2926
2371
3021
2991
2986
3041
3030
2379
3035
2995
2981
3045
3017
3019
3010
3023
3008
196
1211
3007
3032
2998
2946
3036
2983
2909
2992
3000
511
2653
3020
751
2268
3022
3002
3022
2470
2219
3022
3017
3021
3029
3007
3038
3030
3021
230
3033
2970
3009
3031
3035
3061
3030
3006
3020
3030
3027
2997
3029
3060
3027
3033
3025
3002
1187
3014
3011
1520
3042
3021
3010
3021
3032
2997
3037
3039
3060
3056
3017
3013
3030
2997
3023
2975
3013
3007
3010
3009
3005
3029
3012
2023
3019
3052
3040
3027
2978
3037
3084
2920
2998
3008
2974
3026
3007
3039
3041
1577
3007
3036
3013
3028
3001
3001
3000
3019
181
2999
3044
550
3004
3008
3037
3014
198
3017
2566
2970
3007
3003
1551
176
3016
3037
3032
3032
3003
3021
1425
2920
3034
1890
3038
3006
179
2967
2983
3012
3045
2972
2964
3068
3017
3022
3018
2499
3010
3024
3062
2988
3044
317
3043
2977
2991
3004
3010
271
3012
2998
3051
3024
3018
3025
3000
3014
2998
2570
2920
3010
3017
3020
3023
183
3008
3001
3024
3045
2998
2923
2873
3020
3017
2985
3005
2989
2997
3040
3022
3015
3025
3059
3007
3013
3033
3030
3017
2995
2105
3012
3025
3003
2997
3004
3000
2471
3026
3000
3042
3007
3009
2986
2962
3034
1163
2999
2983
3019
3019
2959
3009
3031
2997
3019
3033
244
3032
2995
1092
3027
3019
1741
3015
3012
2974
3049
3015
358
3030
632
879
3062
2246
3038
3008
3018
3012
2272
3009
3043
3029
2963
3019
3015
3038
3026
2996
3034
3005
3020
3045
937
3029
2965
3054
1220
3076
3010
2660
3022
2977
3052
3009
3041
2975
2969
3037
3027
3025
2959
3033
2990
2281
3009
3016
3006
3040
3021
2999
3039
218
2974
3011
3050
3015
2967
2974
3022
3020
2990
3016
2949
3096
3022
1388
3021
3022
3020
3007
3027
3045
3016
1762
3029
3002
3008
1228
3027
3021
2964
3042
2859
2981
3036
623
3006
2978
2587
2778
3021
2962
3020
2982
2986
2996
2953
3017
3051
3046
2992
3012
3020
3017
2301
2832
3017
3033
3013
226
2984
379
3048
2998
3020
2974
3021
2980
3015
3019
3015
2991
2251
2975
1611
1536
3021
2694
2998
2963
3029
3031
3042
3025
148
2958
2471
3015
3059
294
3049
2995
189
3029
3022
2066
799
3034
2977
3005
2892
1227
2975
3000
2980
3033
2971
3003
3015
3027
180
2852
2991
2984
3032
3017
3037
2963
849
3032
3026
2996
3033
3032
3023
3007
3031
3042
3037
3028
2836
2996
2955
3019
2991
3017
1225
3002
3038
3019
1086
3004
2990
2865
3029
3023
2907
3024
2967
3035
1029
3026
3016
3016
3004
3029
3014
1183
2993
2986
3022
3020
2997
3011
2969
156
3035
3028
2993
3020
2971
2985
1851
3021
2831
3030
3007
3031
3036
3019
3026
3009
2799
3002
2987
3017
3006
2991
3004
1492
2506
3020
2996
2998
3023
2997
3008
2138
3004
3008
3008
3019
3018
3011
3026
2984
3014
3021
3018
2985
3060
2936
3028
3000
3037
2993
2976
2990
3025
2999
3043
264
770
3006
3017
3005
3019
3028
3023
3043
3016
3010
3019
2997
2997
628
2813
3038
3096
3045
3001
2421
3030
3025
1905
3017
3027
3021
2986
2378
3027
2739
1028
2388
3014
3019
3033
2981
2206
3002
3008
3019
3013
3037
3004
3015
3031
2966
3039
3027
3016
634
3030
3017
3013
3030
2983
2983
2665
3013
3030
3010
2999
652
2969
3023
2956
3012
3062
3042
233
2734
3027
3029
3008
2994
3026
2970
3021
3025
2996
2989
3025
2988
3026
3046
3022
3021
3022
2998
3022
3024
3024
3033
3000
3032
3099
2942
3020
1527
3019
3001
3015
2995
2980
2999
2939
3020
3016
351
3005
720
3025
2047
3033
3031
1804
3017
3014
2997
3024
3005
3013
2983
2994
3087
3045
2555
3030
3011
3001
3049
3008
2978
2948
3035
3030
3044
3036
3043
2968
3023
3016
3030
949
3014
3014
2637
3025
3046
3037
3025
3010
3019
3047
3013
703
3033
3028
3015
3045
191
3003
3020
3018
3002
3024
3020
3015
2992
3035
3007
1001
3037
2935
2991
3027
441
2892
2988
3025
2976
996
3004
3010
1303
2991
3039
3024
2789
3009
3056
3023
3014
1607
3043
3006
3021
3051
3018
767
2993
3035
2997
3005
2925
3109
3053
2991
3007
2999
2918
2985
2989
2851
2991
466
2988
3013
3023
3041
2079
3034
193
3014
2996
3027
3044
3009
3003
3014
2989
2987
2986
3011
3021
3027
3016
2948
3032
3027
3009
3032
3012
3012
3013
3038
3006
3039
3025
3014
3093
3036
1499
2999
3019
3003
3023
3008
2997
3050
3006
2621
3046
729
1679
3005
3019
3045
2997
3033
807
3041
3001
3025
1967
3026
3007
3000
3011
3027
2656
3019
3002
3115
3085
3028
3029
2945
1848
3015
3026
3013
3034
3016
3028
975
3028
3011
3031
3047
3018
2981
3028
2991
3036
2471
2994
2993
3035
2830
3013
3046
3031
3039
3001
2940
3020
3041
2997
3030
3003
3031
3008
3017
3016
3008
3027
179
3043
2997
3002
3018
2962
2881
2999
2990
1715
3014
3060
3008
3011
1137
3021
3083
3093
3024
3033
3056
3045
3007
2981
3023
3040
3044
2998
2980
2996
2994
3007
2968
3025
3049
3031
3027
2977
3000
3036
3036
2069
3008
3014
3001
725
3001
3014
3009
3027
3030
3023
2996
403
3016
3040
3013
3004
3020
2984
3010
3052
3012
3003
3051
3020
2949
2978
3026
3039
3021
3020
3029
3002
2987
2248
2803
2968
3037
3030
3026
2763
2972
3014
3002
3008
3015
2988
3013
2987
3017
3018
2997
3025
3025
2994
3056
3019
3036
2990
3055
3020
3024
3013
2977
3040
3022
2963
3029
2991
122
1289
1304
2984
2996
3019
3042
3004
3005
2987
3029
3006
3040
2995
2986
3019
3017
2994
3030
2995
1086
3005
3023
3019
3049
3038
2991
1862
2650
3037
3022
3062
3009
3015
2198
2950
3042
2586
3005
3008
3031
2628
3012
3024
3040
3005
2965
3024
3022
2829
3021
3007
3003
3019
3019
2984
3016
3024
3034
3015
3002
3042
3021
2259
2994
2291
3039
2997
3013
3027
3013
2994
3028
3001
1986
3062
3009
3031
2997
953
2993
3032
3012
3027
3017
3038
3006
2978
3017
3006
3042
2970
3024
2997
3003
3046
3019
1760
3000
2456
2993
3003
3002
3022
3017
3008
3034
3002
2981
1715
2999
3026
3003
3011
3041
3017
2277
3008
2927
3044
2996
2976
2984
3016
3009
1038
3022
1589
146
2981
2997
2921
3017
3038
3021
3009
1500
3030
2990
3024
2997
474
3036
3043
3012
3018
2993
2974
2978
2992
3032
164
3049
3011
3038
3028
3024
3032
3034
2708
3004
2998
2989
3018
3041
3062
2993
3005
3007
1784
3023
3089
2972
3031
3017
3023
3031
2878
3023
3024
3018
1173
3021
3016
3022
2998
3048
2988
3000
3005
3012
3012
2990
494
2807
3057
3026
3042
3039
3040
3021
2997
3022
2987
3017
820
3013
3016
261
3027
3039
3034
2987
3031
3005
3018
3039
776
3041
3048
3025
3051
2984
3034
3019
3025
2220
3004
3017
3020
2997
3029
3037
733
3017
3035
2832
2984
3028
3028
2999
3020
3003
2990
3016
3029
3032
2997
2976
3032
3029
3006
2884
3036
3028
3045
697
3003
3023
3019
2996
3012
3016
3010
957
3038
3027
2538
3007
3008
3031
3028
2992
1848
3023
2858
2973
2993
3007
3021
3025
986
3019
1563
2987
2982
3017
2210
3037
3029
3030
3042
3034
3022
3028
3026
3024
2994
2994
2995
3024
2996
354
3002
3024
3072
3024
3005
3007
3024
1862
3006
1140
2987
2981
2996
3063
3042
3095
3014
3044
3012
3004
3032
2992
3023
3042
3015
3047
3010
3017
3040
3046
2963
1570
3006
3029
3009
1058
3027
1599
3007
3016
2995
2144
3011
3018
3036
3021
3037
3016
3028
3040
2884
3027
1551
1909
3001
3032
3032
1610
3018
3041
186
3023
3002
2985
2761
2972
3013
3041
1488
3020
888
2993
3010
3026
2995
2999
3020
3015
407
249
3046
3024
2996
3037
626
256
3041
2883
233
3036
3036
2990
3016
3085
3024
2977
3033
3004
3028
2999
3011
3040
3030
3035
3006
3005
3000
2231
3002
3016
2999
2987
2984
3022
2998
3030
1319
3010
2403
2993
3020
3109
3022
995
2957
2988
472
3011
3033
3021
3024
488
3061
3001
3023
1728
2991
3005
3026
3020
3034
3027
1979
3014
1935
3022
3016
545
3034
2987
2943
3018
3027
3010
3021
2539
3030
313
2994
3054
2980
3058
3083
3029
3058
171
3001
3001
3001
3014
2976
2985
2995
3039
3029
3021
2981
3022
3018
2997
3019
3033
3035
3000
1435
3078
2959
3018
3025
3024
3044
3023
3021
3069
311
2987
2999
2585
1221
3029
2963
2449
3025
3021
3035
2982
3044
3005
3046
3052
3000
3025
3056
3001
3016
2992
2531
2994
2979
1337
3004
3046
3018
3031
3019
3002
2715
3010
2999
3031
3030
3017
3030
1242
2952
3041
2995
3016
3002
3038
3021
3095
1251
3042
3009
3035
2997
3046
3018
3003
2993
3004
3103
3041
3007
3037
3028
2911
3012
2587
3015
3040
3008
2971
3035
3034
2973
3011
3042
205
3006
3017
3005
834
3031
3006
3017
3013
3011
3014
3006
2994
3075
3042
168
3023
3034
2936
3003
2944
3008
3046
3016
3020
3024
1834
3031
3005
3045
2866
3018
2756
3023
3018
1031
3008
3013
2989
2926
2220
3027
2360
3000
3039
2555
3012
3028
3031
3020
3042
3027
3028
3018
3037
3019
135
3029
3030
3017
3024
3019
2999
2995
3013
3040
444
3014
2980
3020
3015
3008
3018
3015
3058
2886
2997
3046
3012
3040
3022
3014
1567
3019
3051
2839
3035
3013
2999
3032
2889
2994
3014
1974
224
3001
2845
273
3045
3038
3035
3022
3005
2984
3023
3014
383
3016
2984
3010
3007
3015
2069
2871
3039
3065
3015
2946
3051
3066
3015
3018
3052
3022
3021
3029
3021
3054
3026
3019
2998
2557
3018
3030
2989
3032
3021
3003
3018
3025
2862
2914
3077
241
2402
2996
3034
3025
2995
596
3027
3008
3003
3008
2981
3012
3030
3042
3023
3021
3022
3005
3006
3032
3032
3058
1336
3040
3018
3039
3040
3035
3004
3077
3006
2360
3014
3007
242
3041
2992
2977
3083
3028
3023
3075
3008
2972
3019
2993
2942
3033
3017
3043
3042
2514
3023
3009
3021
2233
3011
3006
3012
3041
3040
3009
3003
2985
3041
3020
3030
3030
3012
3033
3017
3036
3004
2958
3003
3012
3021
1556
3019
3014
3010
3011
1662
2997
3029
2929
3008
3011
3006
2938
3021
3043
3032
3003
3001
3011
3048
3022
274
3009
3020
3033
2730
2802
2993
3033
3021
3052
3021
2206
3019
2999
3037
2876
3042
3034
3017
3027
3000
3003
2980
3042
3028
3020
3014
3035
3008
3001
3007
2994
2987
2944
3001
2967
3013
3019
2998
3012
2982
3014
1519
2964
3015
3016
3027
3001
3005
3116
2967
