1533
910
1487
1521
1537
1543
1540
1537
1532
1538
1533
1494
1519
859
1529
1529
1542
1534
867
1532
1535
1537
1517
1535
1538
915
1534
1526
1196
1406
1532
1234
1532
1504
1534
1506
1258
1530
1532
1539
1537
1531
1528
1537
1532
1519
1054
1536
884
1539
1537
594
1495
1534
1541
1320
1131
1443
903
1531
1538
1528
1529
1535
1395
1539
1531
1527
1537
1530
1504
1532
1532
1520
1060
1538
767
1518
1536
880
1523
1006
1528
1538
1350
944
1541
1530
1533
1531
1529
1532
500
878
1539
1530
1536
1536
1532
1213
1540
1545
1532
708
1508
1534
1533
1066
1536
1520
1537
1523
1536
1528
1532
1155
1533
1240
1537
1526
1517
1534
1532
1530
1544
1406
1533
1541
876
1532
1528
1531
1538
1517
1531
1537
1534
858
1534
1498
1527
1532
1535
1534
1532
1536
1526
1531
1531
1531
1535
1536
1531
1539
1536
1535
1508
1526
915
1536
1536
1531
1533
1543
1528
1544
629
1525
1542
1536
1529
1537
1531
1529
1537
1535
1541
1534
872
1544
1539
1537
1533
741
1534
1535
1397
1536
1534
1525
1545
1549
1516
1544
1536
1507
1536
1513
1535
1529
1535
1536
1544
1104
1499
1537
1541
1531
1529
1526
1534
1536
1530
1531
1533
1536
1532
1532
1537
1525
785
1532
1534
1534
1540
1536
1531
1533
1525
1541
1534
1533
1095
1537
1532
1539
1535
1533
1525
1532
1536
1541
1536
1535
1455
1535
647
1524
1536
1331
1533
1531
1535
1527
1535
1538
1538
731
1528
1537
1500
1536
1533
1532
1487
1530
1542
1539
1531
1084
1535
1524
1518
1529
1533
1534
1533
1545
1536
1521
1519
1527
1541
1539
1539
1528
1540
1529
1523
1537
1533
1532
1530
1538
1516
1520
1526
1515
1530
1508
1529
1532
1527
1532
1535
1532
1237
1537
1520
1525
1533
1520
1520
1535
1538
1541
1531
1536
1534
1530
1534
1514
1540
1540
382
1081
1542
1532
1387
1537
884
889
1539
803
1531
1541
1541
1525
1540
1423
1520
1538
1543
866
1546
1538
1536
1543
1522
1529
1520
1539
1534
1529
1532
1533
1532
1225
1532
1532
1530
1527
1513
1535
1532
1525
1526
1534
1530
1480
1516
1541
1530
1455
1117
1532
1522
1531
1522
1543
1537
1539
1515
679
1524
1523
1532
1524
1257
811
649
1165
1524
1536
1535
1534
857
1533
1536
1538
1533
1533
1539
1539
1534
867
1538
1531
1529
1537
1548
1147
1535
1539
1536
1521
1541
1530
1534
1518
1533
1533
1531
1536
1529
1528
1539
589
1053
1523
1538
1537
1532
1497
1530
1530
1534
1334
1534
1534
1526
1526
1538
447
1529
1518
1539
1530
1534
1536
1274
1529
1536
1541
1529
1013
757
1528
1521
1522
1537
1528
1537
1440
1516
1533
1027
1538
1532
1547
1543
1531
954
1538
1535
1535
1531
1533
1531
1535
1537
1538
1522
1534
1506
1508
1538
1531
1526
1307
1534
1536
1531
1536
353
1524
1528
1540
1538
1542
1537
1525
1536
1532
1325
1529
1543
1530
1536
1543
1536
1530
1353
1527
1008
1536
1540
1539
1524
1530
1537
1533
1535
1531
1536
1535
1531
1531
1537
1537
1536
1533
1539
1530
1538
1521
1537
1537
805
1533
1543
1533
1529
1537
1520
1534
1530
1531
1543
1149
1538
1530
1534
1532
1518
1531
1544
1544
1511
1535
1534
1532
1405
881
1534
1405
1296
1528
1517
1537
1515
1493
1523
1535
1535
728
1516
1533
1538
1521
1534
1535
1533
987
1537
1532
1537
1528
1533
1532
1535
1543
1527
878
1523
1524
1517
1536
1539
1521
1543
1534
1539
1539
1526
1506
1532
1529
1531
1539
1111
1522
1539
1444
1541
1528
1535
1535
790
1523
1546
1539
1528
1543
1540
1537
1531
1523
1537
1537
1519
1511
1532
1537
1535
1536
1532
1527
1530
1539
871
1529
1526
1160
1524
1538
1537
1541
1533
1533
1528
1535
1531
1534
1541
1533
1533
1541
1532
1527
1542
1420
1521
1497
1529
1535
1536
1520
1534
1524
1528
1534
1538
1536
1541
1530
1535
952
1539
1524
1531
1536
1536
1539
1512
1532
1530
1538
1530
1529
1533
1402
1525
1540
1416
1536
1519
1538
1536
1540
1528
1520
1537
1538
1529
294
1537
1545
1502
1538
1538
1518
1532
1529
1541
1536
1432
1529
1544
1542
1541
1537
1540
1541
1524
1535
762
1018
1532
604
1541
1534
1531
1538
1537
1517
1531
1532
1521
1540
1076
1536
1539
1530
1543
1536
1525
1525
869
1528
1522
1524
1520
1532
1530
1513
1539
1533
1529
1533
1537
1531
1371
1546
1516
1529
1541
1528
1530
1527
1525
1521
1541
1541
1536
1535
1404
1543
1532
1537
1536
1539
1531
1534
1536
1532
932
1540
1531
1535
1542
1520
1522
840
1530
1529
1539
1530
1526
1537
1536
1519
1547
1533
1534
1537
1536
1412
1532
1533
847
1538
1536
1549
1523
781
1525
1497
1514
1532
1544
997
1528
1537
1533
1529
1291
1386
1534
1537
1537
1521
1525
1532
1267
1529
1545
1519
1528
787
1540
1542
1538
1537
1534
1533
1535
1506
1013
1535
948
1530
1534
1544
1528
1537
1527
1524
1531
1519
1535
1526
1535
1528
1529
1531
1537
1524
1518
1535
1514
1533
1506
1495
1542
1524
1540
1527
1503
1508
1537
1534
1537
1538
1533
1534
1533
1531
1519
1526
1538
1533
1538
1527
1535
1526
1532
1550
1521
1408
457
1539
1520
1528
1532
1532
1529
1540
1535
1533
1532
1532
858
1536
811
1530
1522
1531
1068
1539
1021
1540
1522
1493
1533
1530
1517
1539
1536
1535
1531
1537
1545
1529
1547
1532
1537
1532
379
1529
859
1540
1531
1522
1538
1536
1531
1520
1461
1537
876
1538
1533
1529
1532
1531
1531
1528
807
1527
1538
1530
1543
1543
1530
1530
1526
1525
1533
1542
1534
1499
1533
1536
1534
1531
1527
876
1531
1536
1526
1541
1527
1541
1511
884
1535
1527
1525
1533
1536
1531
1531
1522
1533
1535
1533
1545
1537
1524
1535
1502
1531
1541
1528
1541
1543
1536
1528
1534
476
886
1298
1542
1531
1505
1454
1515
375
1535
1540
1202
1538
749
1540
1249
866
1469
1518
1532
1511
895
1523
1536
1534
1522
1530
1535
1020
1531
1539
1515
1524
1522
854
1530
1538
1524
1524
1537
1524
1539
1535
1525
1050
1533
1533
1535
1533
1537
1538
1543
1511
910
1543
1536
1523
1522
1526
1538
1536
1529
1536
1530
559
1536
1517
1527
397
1532
1529
1526
1525
1536
1530
1524
1538
1541
1533
1541
1530
1526
1532
1535
1531
1538
1530
1371
1531
1531
1531
1509
1538
1534
1522
1524
1541
788
1518
1529
1511
1528
1533
1531
878
1536
898
1532
1529
1526
1545
1534
1538
1520
787
1539
1537
1529
1542
1528
1473
1539
1528
1531
1538
1537
1536
1532
1533
1533
1539
1529
1525
1529
1530
1536
1538
1523
1532
1519
996
1538
1530
1539
1533
1539
1537
883
1529
1524
1536
1517
1549
1528
908
1545
1520
1523
1540
1541
1537
872
1528
1530
807
1536
1521
1536
1535
1539
1529
1538
1467
1531
1530
1532
1538
903
1537
1519
1538
1538
1543
1527
1536
1534
1545
1535
841
1522
1527
1530
1536
1524
1525
1536
1534
1517
1542
1529
1533
1525
1531
1537
1535
1530
1533
1529
1510
1532
1525
1531
1526
1369
1538
1534
1535
1536
1535
1527
1538
1537
1490
1539
1536
1526
1531
1531
1534
1516
1534
1508
1515
1531
1530
1535
1536
1526
1546
916
1541
1529
1541
1537
1531
1532
1532
1524
1523
1534
1547
1530
1542
551
1538
1532
1530
1520
1539
1512
1470
1534
1533
1520
1528
1536
1528
827
1531
1539
1534
1537
1541
1544
1540
1547
1535
1182
1535
1524
1530
1529
1536
1532
1518
1529
1094
1532
1537
1532
1534
1261
1529
1537
1529
1547
1528
1539
1533
1535
1513
1529
1539
1537
1534
1537
1530
1537
758
1538
1536
1537
1534
1540
1535
1498
1521
1538
1531
1536
1534
1537
1531
1533
1538
1532
1529
1507
1522
1531
1534
1530
1531
1530
1534
1079
1540
1538
459
1530
1533
1536
1176
1533
1527
1528
1535
1540
1065
1521
1542
1526
1530
1538
590
1536
1533
1513
1532
1526
1531
1535
1508
872
1527
1521
1542
1534
1340
1536
1535
1483
1543
1534
1529
1538
1545
1535
1528
1532
1532
1541
1526
1540
1527
1533
1529
1530
1537
1535
1534
1244
976
1532
1532
1531
1525
1525
1093
1536
1540
1526
1543
1523
1522
1535
1531
1544
1528
1539
1533
1532
1541
1529
1524
1544
1522
1535
1535
1527
1540
1534
1535
871
1538
1531
1533
1538
1539
1531
1522
1533
1489
1482
1540
1534
1534
1529
1537
1548
1538
1521
1533
1531
1540
1530
1079
1538
1545
1519
1538
1512
1531
1517
1536
1524
828
1532
1538
1536
1537
1538
1525
1538
1525
1524
1536
1534
1535
1534
1539
401
1540
1527
1534
1538
1532
1524
1538
1159
1544
901
1531
1276
1534
937
1307
877
1529
1537
1539
1528
1301
1528
1535
1536
1512
1535
1515
1540
1541
1535
1533
1533
1534
1527
1528
1535
1508
1530
1179
1542
1529
1528
1518
1540
1531
1529
1267
1541
1535
887
1529
1297
1536
1523
1525
1536
1058
1533
1527
1536
1535
1455
1534
1530
1540
1548
1538
1536
1526
702
1321
887
1545
1535
841
1536
1529
1535
802
1535
1540
1534
1539
1537
1528
1536
1536
1543
1529
1519
1278
1290
1537
1534
1536
1537
1539
1525
1033
1517
1521
1530
799
1543
1538
1533
1531
1522
1527
716
1542
1546
1539
1531
1532
1534
1518
1536
1534
1536
1537
1547
1530
1519
1531
1534
1539
1537
1348
1527
1524
1534
1531
1169
1530
1529
1535
1522
1521
1487
1536
1539
1535
1535
1544
1537
1506
1526
1533
874
1472
1528
344
1544
1531
863
1532
1527
1535
1540
1531
1540
1533
1537
1542
1539
1542
1537
1381
1394
1535
1532
1347
1535
1542
1527
1536
1536
1530
1530
1526
1529
1515
1535
1539
1534
1544
1532
1348
1524
1506
1531
1531
1275
1535
1500
1522
1528
1537
1543
1525
526
1533
1514
1542
1525
1543
1531
1537
1476
1535
1528
1532
1535
1534
1528
1535
1528
1535
1535
1530
1534
1522
1536
1532
1541
1548
1535
1029
1540
1505
1538
1316
1525
1528
1448
1532
1533
1540
1528
1496
1539
1539
1531
1524
1532
1532
1532
1535
1534
1489
1539
1528
1538
1535
1529
1027
1532
1543
1535
1540
1537
1538
1535
1534
1540
1526
1537
1533
1522
1512
1368
1518
1536
1536
1535
1522
1530
1533
1400
1543
1067
1031
1041
1540
1543
1537
1533
1531
1541
1542
1536
1370
1530
1531
1536
1531
1535
1525
1538
1542
1534
1527
1527
1544
1535
1533
1535
1539
1418
1534
1528
1536
1535
1536
1536
1532
1537
1529
1530
1543
1534
1539
1543
1533
1533
1542
1381
1536
1509
1528
1525
1489
1540
1523
1535
1538
1526
1517
1095
1531
1186
1547
1534
1525
1019
1527
1536
1539
1531
1535
1180
884
1539
1537
1528
1534
1536
598
1531
1520
1537
1522
1510
1389
1538
1404
1533
1536
1535
1553
1530
1534
1524
1538
1539
1537
1543
868
1548
1534
1531
1536
1529
1524
1060
1532
1533
1530
1518
1540
1527
1525
1532
1527
1528
1470
1531
1524
1533
1527
1542
1528
1518
1029
1537
1534
1505
1538
1541
706
1527
1526
1516
1539
1536
1534
1528
1546
1533
1530
1526
1527
1529
1524
1532
1522
1529
1540
1250
1534
1538
1536
1528
1528
1526
1536
1533
1533
1535
1538
1513
1529
1522
736
1534
1517
1542
1538
1534
1532
1531
1533
682
1528
1530
1528
1533
1537
1530
1533
1527
1518
783
1534
1531
1529
1532
1537
1539
1296
1517
1537
1532
1535
1520
1527
1536
1541
1522
1524
664
1537
1529
1538
1529
1530
1532
627
889
1546
1526
1532
656
1532
1529
1459
1535
1530
1540
1529
1526
1523
810
1526
1531
1534
1523
1537
1537
1540
1530
1532
1535
1533
1520
1526
1500
1269
1533
1521
1232
1525
359
1522
1531
1536
1533
468
1531
1526
1528
879
1526
1534
1516
1059
1545
1523
1542
1533
326
1157
1536
1528
1534
1533
1541
1537
1534
1542
1544
1549
1159
1539
1541
1527
1533
1183
1541
1529
1516
1518
868
1534
1528
1540
1531
1543
1537
1536
952
1536
1521
1537
1532
1534
870
1513
1516
1475
1526
935
1534
1524
1530
1265
1535
1537
1526
1539
1528
1536
855
1536
1540
906
1535
1340
1525
994
1334
1522
1540
302
1530
1541
1538
1538
1530
1550
1538
1533
1534
1537
1535
1528
1532
1530
1520
1536
927
608
1540
1534
1519
1524
1529
1530
1153
1532
1528
1536
1546
1533
1512
1529
1529
1524
1526
1528
1531
1535
1528
1533
879
1428
1537
1252
1524
1527
1532
1536
1539
1522
1528
1534
1534
1534
1530
1536
1508
1146
1537
1540
1545
1519
1542
1530
1542
1527
1536
1539
1517
1537
1532
1530
1526
1540
1516
1184
1535
1533
1531
1543
1521
1537
1533
1100
1535
1529
1533
1528
1521
1528
1536
1524
1537
1533
1309
750
1535
1535
1530
1539
1532
1536
1530
1538
1538
1542
1522
1540
1543
1536
1525
1520
1537
1538
1537
769
1539
1545
1082
1488
1496
1525
1158
1506
1531
1537
1538
1532
1546
1527
1539
1541
1537
1288
1134
1534
1543
1535
824
1535
1529
871
1532
1533
1538
1535
1546
1541
1534
1534
1004
1525
1254
1532
321
1540
1529
1537
1530
1538
1521
1512
1535
1528
1530
1539
1540
1523
1533
1539
1539
1531
1536
1538
1511
1533
1538
1528
1259
1516
1535
1522
1538
1535
1516
1532
1364
1531
1519
1542
1545
1515
1540
1482
1519
1531
1533
1533
1532
1531
1343
1537
1529
1508
1536
1532
1534
1525
921
822
527
899
1537
1534
1530
1535
1533
1527
1529
1538
1529
1517
1534
1529
984
1290
1531
1534
1526
1537
1535
1543
1282
1531
1540
922
1534
1534
893
1519
1537
1529
1528
1517
1535
1524
1537
1522
1538
1500
1519
1532
1535
1538
1535
1532
1553
1531
1540
1532
1539
1535
1536
1540
1527
1538
1011
1537
1523
1547
1524
1541
1521
1538
830
1544
1341
1528
1535
1528
1519
871
1337
1534
1521
1536
1531
1538
1525
1536
1543
1540
963
1540
1535
1528
1530
878
1530
1519
1533
1533
1532
1538
1531
1518
1533
1539
1535
1536
1534
1536
1524
1466
1528
1529
1530
1290
1514
424
1535
1515
1172
1536
1523
1532
1518
1535
1496
1544
1538
1534
1535
1534
1531
1541
1530
1538
1540
1522
1536
1532
1199
1528
1546
1527
1537
1513
1529
1532
1520
1537
420
1288
686
1535
1224
1528
1523
1522
1540
1524
1536
1549
1186
1538
1536
1208
1544
1510
1524
672
1529
1530
1099
1521
1527
1524
1535
1537
1516
1535
1538
1526
422
1542
1539
1527
1531
1534
733
1540
1534
1534
1523
1548
1534
1530
1530
1530
1537
1529
1547
1535
1534
1537
1541
1532
1544
1531
1531
1522
1532
1540
1538
1541
1537
1534
1501
1538
1539
1536
1536
1534
1536
1528
1542
1536
1533
1534
1478
1536
1530
1539
1520
1538
1532
1536
1534
1534
1513
1534
1532
1536
1525
1536
1532
1529
1523
732
1527
1527
761
783
1103
1526
1424
1537
1530
880
1519
848
1535
1536
1533
375
1507
1535
1534
1533
1523
1518
1530
1537
1519
1536
886
1524
1535
1539
1540
1537
1542
1530
876
1528
1390
1525
579
1535
1532
1515
1532
1516
1537
1540
1520
1508
1543
1527
1534
1542
1513
1517
1537
1349
1520
1528
1539
1537
1535
345
1537
1518
1529
1520
1536
1533
1536
1524
1533
1543
1533
1539
1536
1533
1510
1513
1534
1437
1534
1532
1528
1525
1543
1532
1128
1304
1533
1538
1537
1526
1534
929
1535
1538
1529
1533
1505
1539
1526
1538
1522
1302
1537
1507
1522
1373
1530
1521
1518
1234
1506
1525
1540
1532
1371
1536
1532
1532
1534
1229
1544
1536
1519
1535
1519
1524
1240
1540
627
1528
1533
1527
1535
1529
1522
806
1533
1533
1528
1533
1534
1534
1528
1531
1385
1536
1534
1538
729
1534
1532
1533
1532
1532
879
890
1525
1537
874
1534
1529
1523
1526
1531
1529
1528
1523
1533
1527
1546
1531
1529
1515
1533
587
1538
1540
1537
1535
1541
1533
1541
874
1537
1533
1531
932
1531
1542
1544
1520
1536
1519
1539
1539
1534
1516
1539
1540
1531
1529
1520
1533
1536
1540
1524
1540
1532
1540
1538
1530
1528
874
1540
1533
1536
1533
1529
1534
1547
872
1532
1539
1543
1535
1545
1474
1371
1512
1536
1536
1531
1531
1537
1427
1522
982
1533
980
1532
920
1505
1525
1526
1531
1538
1524
1528
1536
1535
1529
1534
1519
1533
1240
1540
1539
1304
1529
1529
1535
1538
1529
1544
1539
1533
1536
1531
1220
873
1502
1533
1518
1535
631
1529
874
1536
1529
1277
848
1530
1532
1547
1521
1535
1532
1543
1539
997
1535
1536
1546
1535
1538
1533
1542
1537
967
876
1304
1542
1538
1536
945
1527
1543
1542
1537
1536
1534
1543
1536
1534
1533
1548
1530
1536
1535
1532
1530
1531
1535
874
1541
1517
877
1525
1532
1538
1522
1523
1526
1536
1526
1478
1532
1536
1531
1538
1539
1538
1539
1534
1535
1527
1534
1529
1254
1525
855
1496
1524
1526
1043
1534
1530
1531
1521
1540
1535
1535
1532
1531
1542
1536
1532
1088
1534
1549
1544
873
1539
1076
1485
1513
1521
1534
1535
1533
1535
1535
1534
1528
1532
1540
1533
914
914
1529
1542
1523
1531
1535
1534
1534
1538
1531
1526
1533
1531
1521
1535
1527
1526
1541
898
1090
1537
1413
1534
1534
1539
1517
1532
1536
1516
1533
1530
1476
939
1521
1525
874
1536
1537
1523
1541
1534
1538
1539
1538
1533
1533
1433
1529
1539
1537
1541
1542
1533
1534
966
1530
1536
1533
1530
712
1516
1530
1538
1505
1538
1536
1488
1501
1534
1513
1524
1527
868
1524
1539
1536
1534
1534
689
1523
1526
1530
1526
1536
1431
1541
1376
1508
1528
1515
1533
1534
1540
1535
1538
832
1524
1532
1529
1513
1301
1364
1536
1527
1537
1541
1531
1525
1526
1539
1530
1534
1531
1526
1209
1532
872
1520
1534
1532
478
1531
1531
1535
1537
1531
1539
1531
1537
1182
1524
1543
1521
1527
1506
728
1523
1525
1534
1538
1537
1542
1524
1533
1529
1544
1537
1531
1518
980
818
1184
1535
1538
1536
1534
1530
1538
1531
1536
1548
1524
1536
1531
1531
1532
1541
1533
1313
1529
1534
1533
1533
1531
1538
1529
1529
1497
851
1519
1534
868
1532
1519
1533
1078
1537
1535
1532
1532
1536
1537
1533
1505
1388
1534
1532
935
1537
1536
1526
1529
1534
1538
1522
1538
1534
1533
1534
1528
1541
974
1530
1534
1525
1525
1529
1530
1528
1545
1535
1516
1523
1531
1468
1541
1533
1510
1536
1530
861
1537
1533
1513
1540
1533
1524
1523
1541
1538
1402
1535
1532
1532
1522
1532
1527
1534
1541
1530
1532
1531
1542
1530
492
1525
1519
1536
1528
1539
1534
923
1533
1534
1524
1518
1519
1530
1546
1534
1533
1523
1530
1531
1528
1535
1537
1532
1531
1544
1524
1537
1528
957
1534
1175
1548
1539
1535
1533
1528
1530
1526
1532
1539
1535
1532
1531
1535
1522
1535
1518
1534
1526
1527
1530
1537
1330
1532
1536
1523
1528
1534
1508
1353
1520
1535
1535
1371
1538
1530
1528
1536
1517
1532
1538
1538
1542
976
1516
1527
1537
1547
1529
1520
1524
1528
1530
1534
1531
1532
1525
1539
1387
1534
1532
1504
1518
1536
1537
1538
1531
1527
1261
903
1169
1539
870
1532
1517
1533
1534
1530
1529
1541
1521
1535
1522
1540
1537
1537
1540
1509
780
1540
1532
1528
1535
1517
1532
1537
1539
1535
1529
1538
1538
1531
1473
1534
1509
1534
1536
1527
1537
1537
1531
1533
1536
1550
1510
1536
1529
1532
1536
1542
1530
1535
1150
1166
1531
1521
1522
1407
1534
1534
1535
1532
1517
1530
1535
1531
1538
1528
346
1519
1528
1525
1530
1532
1531
1535
1537
1529
1526
1531
1538
1536
1536
1534
1532
848
1532
1531
1538
1533
1540
1530
1526
1521
425
1537
1501
1168
1526
1522
868
1534
1525
1535
1535
822
1528
1536
1529
1536
1537
1541
1535
1530
1458
1537
1532
1533
1105
1538
1532
1532
1534
1515
1533
617
1537
1539
1536
1513
1518
1532
1542
1504
1531
1539
1528
1539
1500
1536
964
1536
1533
1531
776
1538
1524
1532
1537
1524
1538
1536
1537
1531
1533
1529
1529
395
1537
1526
888
1531
1540
828
466
1527
1530
893
1525
1540
1538
1540
1528
1548
1538
1510
1544
841
610
1537
1545
1534
1531
1537
1540
1536
1539
1543
1533
1542
1539
1524
1533
1521
1532
1535
1533
1531
1530
489
1542
1528
873
1534
1527
864
1534
1522
1537
1534
1540
1531
1537
1528
1524
867
1531
1532
1539
792
1540
1529
1529
1534
1534
798
1535
1546
878
1537
1539
1534
1542
1330
1504
1163
1538
1025
1536
1537
1535
1544
1514
1542
1542
1535
1537
1527
1535
1543
1535
1527
1532
1526
1521
1013
1531
1519
1526
1518
1534
1532
1530
1520
1528
1531
1526
1531
1522
1537
1532
1540
1474
1532
1534
1553
1536
1522
1528
1531
1534
942
1533
1534
1530
1542
1526
1534
671
1531
1532
1535
1540
1541
1536
1537
1534
1534
1543
1535
1541
1522
1534
1515
1533
1546
1512
1541
1527
1122
1535
1533
1531
1535
1144
1541
1534
1539
1526
1530
1519
1533
1521
1523
1524
1389
1539
1535
1523
1537
1536
1535
1532
658
1185
1537
1534
1535
1117
1299
1520
1532
1532
1539
1534
1538
290
1230
1530
1532
1552
1539
1531
969
1532
1539
1533
1533
453
1531
1538
1538
1533
1531
1537
1527
1542
1098
1506
1543
757
1541
1438
1538
1543
1516
1537
1367
1534
1537
1522
1521
1537
1534
1533
1534
1535
735
1540
1543
1536
1530
1533
1528
875
1534
1535
1533
1538
984
1529
1528
1534
1535
1532
1534
1532
1529
1179
1064
326
1535
1537
1532
1535
1525
1541
1530
1530
1530
1527
1531
1537
1533
1526
1535
1530
1530
779
1524
1538
1534
1529
1515
1539
1516
1531
1545
1541
1516
1532
1529
1524
1543
1532
1448
1532
1222
1531
1542
1521
1547
1532
1534
1533
1534
1506
1536
1549
731
1531
734
1536
1517
1529
1527
1540
1535
1538
1532
1520
1521
1530
1537
1540
1537
1485
864
1528
1527
1535
1543
1532
1533
1225
1532
1534
1531
1513
1537
1491
1537
1533
1540
1533
1531
1541
1488
1525
1533
1507
1536
1528
1521
1539
1503
1527
1538
1535
1537
1535
1533
1517
1535
1532
1533
1428
1535
1434
1535
1532
1520
607
1538
1536
1534
1536
1536
1536
1532
1540
1538
1526
1530
1536
1272
1529
1531
1507
1532
1537
1537
654
1528
1527
532
1534
1085
1532
1329
1533
1527
1539
939
1535
1542
1533
875
1520
1533
1544
1528
1531
1539
1532
869
1532
1502
1535
1534
1535
1126
1479
1528
1523
1520
1514
1524
1539
1534
1532
1536
806
1531
1541
1540
1543
1528
1533
1541
925
1539
1476
1520
1536
1533
1540
1538
795
1528
1536
1479
1536
1528
792
1529
1533
1537
1540
1181
1532
1536
1541
1219
411
1484
1536
1545
1537
1532
1538
683
1535
1547
1530
1223
1534
1535
1530
873
1535
1527
1541
1524
1535
1532
1526
1523
1533
1532
1529
1532
1528
1534
914
1519
1534
1538
1534
846
1532
1531
1519
866
1481
1527
1534
1521
1531
1537
362
1531
559
1531
1529
1527
1540
1533
1502
1542
1533
1535
1532
1524
1527
1529
1523
957
1545
1539
1536
1335
1541
1520
1504
1534
1544
1548
1538
1527
1534
1526
1532
1534
1539
355
1538
1534
1532
1180
1535
1517
1524
1537
1536
1527
862
1535
1533
1533
1537
1531
1536
1543
1530
1533
1541
1532
1520
1526
1517
1531
1531
1532
1537
1541
1525
1527
1168
1535
1536
1530
1531
1531
1515
1534
1518
1528
1528
1534
1537
1539
1532
574
870
1528
1529
1531
1527
1537
1414
1538
1531
1536
1527
1508
1514
1530
1541
1526
1538
1534
1526
1534
878
880
1549
1509
1535
1544
1514
1516
1535
1534
1531
1537
1525
1543
1547
1520
1542
1528
1523
1533
1537
1538
1540
1531
1041
1538
1534
1529
1530
910
1532
1538
1520
1537
1535
1527
1537
1517
1535
1534
1535
1538
1544
1524
1530
1534
1530
1526
1530
1537
1541
1529
1526
1515
1519
1533
1538
1525
1540
1542
1536
1532
1538
1538
1524
1524
1538
1528
1524
1536
1536
1520
1541
1540
1530
1519
1530
1537
1531
1535
1534
1248
1540
1522
826
1514
1502
1529
1533
1528
1527
1109
1355
1550
1513
1535
1535
1537
1532
1532
1527
1536
1533
1531
1518
1298
1536
969
1538
1534
1528
1517
1535
1492
1539
1534
1535
1527
1525
1524
1517
1532
1537
1523
1539
1537
1531
1536
1539
1513
1536
1537
1535
1534
854
1540
1544
1309
1546
1522
903
1534
1538
1331
1534
1519
1537
865
1535
1549
1534
1536
1521
1531
1528
1532
1541
1528
901
1534
1531
1537
1543
1534
1538
1538
1524
1430
1520
1533
1540
1542
1538
1526
1530
1534
1523
1522
556
1537
1536
1528
1534
618
1537
1532
1529
1532
1527
1533
1524
1534
1537
1539
1524
1520
1542
1542
1537
1540
1531
1541
1532
1536
479
1524
1531
1526
1533
1537
1528
874
1529
1525
1535
1536
1535
1536
1198
1531
1536
1536
1531
1528
1509
1536
1539
1527
1516
1519
1523
1526
1220
1541
1523
869
1533
875
1529
1533
1544
1532
1527
534
1536
1520
1535
1541
1525
1529
1526
1528
816
1524
1523
1537
1538
1535
1533
1537
1534
1521
1429
1534
1533
1540
1536
1532
1523
1538
1534
1529
1191
1527
1243
1097
873
837
1509
1267
1533
1525
1531
1535
1534
1521
1530
1544
1542
1523
1543
1540
1522
1532
1545
1538
1532
1532
1532
1538
1530
1536
1537
1545
1531
1006
1531
1524
1534
1540
756
1537
927
1539
1525
1532
1063
1137
1535
1532
1538
1536
897
828
1533
1525
1534
1518
1043
1522
1545
1536
1536
1528
1410
1519
1536
1532
1522
1537
1427
1517
1508
1523
1532
963
1535
1528
1533
1531
1545
1524
1531
1537
1547
1519
1531
1534
1531
1535
857
1534
1536
1515
1544
1531
1519
808
1544
1540
1529
872
1538
1519
1534
1536
1530
1534
1526
1528
1527
1533
1534
1441
1530
1539
1210
1526
1495
1516
1488
1534
1518
1530
1532
1527
1529
1546
1532
1528
1534
1544
1526
1536
1539
1496
1537
1252
1520
1516
1532
1535
1459
1536
1534
1524
1534
1534
1542
1532
1499
1532
1540
1530
1538
1539
1465
921
1531
983
1528
1528
1533
1540
1525
1414
825
1547
1543
1527
1533
1531
1494
1528
1530
1522
1534
1532
1505
1525
1539
1504
869
1538
1534
899
1540
1534
1531
1538
1537
880
1541
1528
1387
1542
1532
1544
1519
1528
1422
1538
1531
1535
1538
879
1529
1539
1530
1533
1539
1526
1546
1530
1529
1532
1529
1528
1538
1533
1532
1543
1541
1530
1531
1535
1534
1531
1519
1526
1530
501
1499
1536
1534
1535
1534
1532
1529
1542
573
1335
1522
1530
1532
1531
1530
1468
1528
1531
1160
1533
1536
1528
1534
1533
1528
1548
1524
1540
1530
1537
1519
1538
1535
645
1539
1520
1536
1532
1541
1525
1517
1137
1536
949
1421
1535
1515
1536
1532
1526
1531
1537
1502
1537
1533
1521
1530
1535
1538
1534
1531
1516
1537
1533
1462
1516
1319
1527
1532
1537
1544
290
1341
1537
345
1523
1524
1536
1528
1544
1534
1531
1534
1533
1525
1537
1533
1539
1530
1523
1514
1539
1534
1534
862
1522
456
1526
1517
1523
822
1519
1536
1534
1534
1537
1517
1534
1505
1536
1535
1540
1541
1537
1543
1540
1531
747
1537
1538
802
1529
1536
1542
1536
1537
1523
1537
1536
1513
1541
1533
1532
1541
1538
1533
1521
1015
1537
1520
1540
699
1533
1521
1089
879
1530
1540
1532
1536
1537
1522
1537
1539
1512
1518
1529
1537
1522
1537
1246
1543
596
1515
1519
1539
1540
1544
1533
1534
1532
1531
905
1533
1534
1509
1506
1546
1535
1401
1523
1528
1526
935
1535
1537
1535
1531
1530
1531
1528
1527
1538
1529
1538
1256
1535
1536
1539
1542
1530
1530
1541
1541
1539
866
1536
1437
1534
1146
1515
1521
1535
1530
1247
1534
1538
1516
1533
1537
1538
1529
1538
1515
1534
1537
1496
1533
1519
1537
1529
872
1519
1535
1534
1540
1537
1528
1532
1538
1539
1535
1535
1528
1545
1529
847
1529
1535
1537
1536
1534
1533
1508
1534
1437
1535
1532
1536
804
1543
1419
1541
1531
1532
1532
1538
1531
1541
1517
1537
1531
1533
1533
1530
1530
1530
1531
1533
1533
1534
1542
1544
1525
993
1528
1537
1531
1527
1521
1529
1540
1534
1523
1531
1520
962
1017
454
906
1504
1538
1539
1101
1411
725
1541
1458
1510
900
1531
1533
1494
1523
1538
1534
1540
1531
1529
1528
1387
1541
1483
1533
1546
1536
1536
1370
1536
873
1541
1539
1541
1537
1521
1533
1539
1533
1529
1531
1543
1534
1509
1543
1545
1537
1533
1525
1538
1527
1533
1552
1539
1536
945
1522
1535
1540
1539
1527
1535
1535
1542
1538
1511
1525
1351
1244
1527
1528
1536
1145
842
1551
1265
1540
1538
1534
1537
1542
1527
1532
1543
1535
1541
1128
1537
1529
1532
1515
1477
1528
1538
1527
1537
1536
1531
1527
1339
1519
1535
871
1539
1535
1530
307
1474
1541
1533
1536
1536
1541
1541
1530
1530
1536
1521
1538
1510
1476
1545
1502
1534
872
1537
1525
1541
1524
1537
1538
1537
1527
1543
1527
1538
1536
1534
1521
1542
1104
592
1531
1452
1530
1530
881
1538
1533
1534
1526
1543
1534
1367
1543
1537
1541
1517
1537
1391
1516
1522
1113
1530
1530
1540
1539
1505
1544
1529
1339
1538
1540
1535
1529
1519
1536
1527
1532
1534
1527
1532
1105
1531
1536
1533
1540
1537
1544
1531
1531
1531
1524
1523
1533
1520
1522
847
1534
1531
1528
1526
1531
1532
1538
1528
1527
1529
475
1522
1542
1529
1543
1538
1536
1534
1535
1523
1534
1531
1534
1537
1533
1536
1532
1521
946
384
1540
1536
1515
1505
1538
1531
1528
1539
1533
1540
1514
1536
1535
1521
1539
1529
1148
1536
1170
1436
1478
1516
1537
1541
1525
1523
1530
1535
1521
1266
1540
1526
1527
1538
1540
1533
1539
1534
1539
1507
1536
1537
1542
1538
1527
878
1536
1542
1539
1548
1533
1530
1528
1548
1525
868
1059
1531
1533
898
1538
1527
1535
1019
1538
1511
1539
1537
1538
1533
1504
1217
980
1525
1534
964
1491
1433
1536
1532
1535
765
1530
1543
1531
876
1521
1520
1527
1514
1544
1537
1533
1529
1530
1531
1532
301
1538
1535
1524
1530
1179
1522
1538
1512
1523
1459
1530
1535
882
1540
1540
1523
1534
1549
1535
1532
1519
1532
1541
1534
1524
1537
1508
1535
1537
1080
1472
1546
1531
1537
441
1536
1527
1527
1521
1527
1538
1538
1522
472
1527
1529
1538
1540
1541
1537
1536
1537
1542
1543
1531
1537
1529
1523
1533
1519
1502
1512
1536
1523
1531
450
1534
1532
1532
1534
1539
1530
1039
1539
1537
1531
875
1526
1534
1541
1534
1534
1506
1536
1507
1522
1542
1534
1521
884
1535
1525
1524
1535
1540
1540
1541
1504
1171
1535
1528
1532
1538
1529
1544
1537
1535
1530
1529
1534
1534
1537
1537
1532
1536
1538
1536
1525
918
1531
1529
1521
1544
1526
1530
1540
1541
1536
1533
872
639
1381
1533
1116
1537
1524
1513
1537
1535
1529
1529
1535
1532
1538
1535
1544
1533
1532
1539
1533
1539
290
1488
1532
1536
869
1537
1028
1029
1540
1528
1530
1535
1539
932
1525
1532
1531
1535
1521
1531
1523
1528
1542
1536
1476
1533
1526
1540
1528
1528
1508
1532
1545
1538
1183
1545
1521
1522
1248
1534
1537
1530
1538
879
1528
1522
1339
1525
1536
1539
1539
1541
1529
1532
1535
1535
1535
1538
1530
1540
1525
1112
1533
1537
1517
1323
1501
1533
1543
1533
1042
1350
1534
1537
1543
1542
1529
1518
1515
1520
1529
1517
875
1529
1535
1540
1533
1549
1536
1527
1538
1542
1536
1534
1526
1528
1277
1460
1540
1540
1543
1543
1538
1534
1303
1539
1524
1529
1523
1534
1533
1536
1531
1526
1531
1120
1533
878
358
1530
782
1539
1535
1540
695
1533
878
1542
1539
1521
1537
1533
1529
1544
1530
1539
1534
1538
1535
1533
1529
1532
878
1519
1493
1531
1527
1542
1509
1528
1533
1532
1535
1524
1537
1534
1515
1534
1527
1534
1535
1539
1483
1531
1540
1539
1524
1533
1530
1543
1533
1529
1533
1525
1539
1538
1537
1551
1544
1530
1539
1538
1525
1532
1104
1515
1540
1534
1537
1518
1523
1527
1531
1534
1534
1537
1008
1528
1539
1531
1533
1528
1542
1534
1529
1526
794
1532
1540
1531
1537
1530
1525
1093
836
1529
1400
1525
1532
1531
1530
1539
1533
1534
874
1538
1511
1536
1530
1534
870
1545
1542
1530
851
1535
1549
1523
1293
1541
1533
1525
1529
1531
1340
1530
1539
1524
1536
1533
1530
1542
1533
1537
1543
1531
1529
1361
1538
1541
1535
1519
1539
1541
1540
1536
1518
1536
1535
1531
1524
1521
1172
1534
1539
1531
1545
1534
838
829
1539
1527
1532
1531
1535
1544
1525
1545
1531
1532
1531
1528
1531
1522
1525
1538
1538
1313
1533
1521
1530
1535
1539
1539
1536
1537
1532
1535
1530
1533
1538
1534
1532
1533
1537
1534
1535
1531
1536
1524
1523
1531
1529
1524
1534
1529
1520
1539
1530
1539
1526
1505
1534
1507
1528
1540
1536
1543
1520
1415
1516
1541
1384
1548
1543
1527
1539
1537
1540
1306
1543
1532
1534
1535
759
1516
1529
1532
1533
1544
1525
1529
1536
1528
1536
959
1531
1537
1545
1536
1538
1534
1539
1537
1530
1531
1536
1504
1520
1540
939
1540
1530
1532
1047
1516
1533
1535
1543
1544
825
1279
1537
1520
1535
1536
1537
1095
1534
1434
1533
1536
1538
1376
1521
1442
1526
1531
1531
929
1531
1531
1538
1540
1529
1538
1539
1523
1527
870
1535
1532
1539
1526
1537
924
1517
1524
1542
1535
1524
1526
1535
1538
1534
1542
1536
1530
1217
1532
659
880
1537
1522
1533
1527
1536
1530
1538
1536
1524
1531
1532
1518
1527
718
1530
1526
827
1533
1537
1527
1536
1540
1510
1533
1541
1543
1538
1525
1530
1533
1539
1535
1537
1548
1536
1538
1522
1532
1539
1532
871
1247
1531
1532
1540
1527
1534
1463
1531
1510
1536
1528
1528
1527
1285
1541
1532
1536
1543
1532
1525
1536
1533
1532
1544
1539
1532
944
1533
1543
1533
1436
1528
1538
1240
937
1532
866
1528
1522
1160
1517
1530
1537
1505
1541
874
1535
1530
1534
1528
1508
1536
1522
1530
1535
1534
1223
1545
1534
1526
1530
1535
1540
774
1536
1532
1517
942
1537
1067
525
1497
1531
1535
1160
1539
1533
1508
343
1531
1506
1533
1192
1534
1541
1526
1535
1535
1522
1185
1161
1503
1538
1524
1529
1534
1534
1533
1533
1526
1522
991
1533
712
1544
1536
1533
874
1524
1534
1533
1497
1520
1535
1509
1541
1539
1532
1533
1534
1544
1535
1536
1531
779
1531
1530
1535
1123
1540
1536
1531
1544
1530
1542
1527
1533
1524
1535
1522
1510
1537
1526
1531
758
1534
1525
1533
1518
1524
1532
1534
1526
1523
1517
1107
1510
1533
1535
1539
1543
1524
1535
1523
1199
1538
1533
1527
1522
1541
1527
1520
1537
1321
1539
374
1537
1532
714
1526
1539
1544
1536
1538
1535
1529
298
1536
1529
1515
1534
1537
1526
1520
1530
1208
1534
1529
1514
1537
1536
1539
1536
1534
871
1423
1540
1532
1530
1542
1540
1520
1202
1076
1535
1534
1529
1533
1529
1541
1538
1539
1528
1533
1522
1530
1524
358
1534
1539
1538
1538
1534
1538
1526
1511
1530
1524
1536
1546
1539
1529
1531
1530
1533
1539
924
1534
1551
1537
1517
1535
1529
1511
1531
1471
1531
1543
923
1534
1537
1230
1525
1532
1531
1525
1541
1548
1538
1541
1535
1533
1537
1530
876
1527
1526
1515
1533
1532
1531
1517
1534
1539
1533
1542
1522
1543
848
1525
587
860
1524
1519
1065
1533
1530
1532
683
1540
1529
1547
565
610
1536
1534
1527
1544
1515
1532
1527
1530
1532
1541
1535
1532
1533
1416
1538
1197
1547
1458
1527
1534
1542
1521
1519
1529
532
1536
1532
1536
1536
1539
1535
1520
1522
876
1533
1535
1538
1522
1522
1551
1533
1535
1534
1537
1527
1532
1539
1533
1530
1537
1471
1522
1502
1537
1540
1292
1534
867
1532
1541
1534
1523
1527
1539
1536
1538
1542
1533
1543
1536
1521
1534
1522
1535
1537
1528
1533
1529
1535
1533
1528
758
1539
1531
1535
1475
1539
1543
1521
868
1527
1532
1528
1538
1520
1537
1533
1108
1530
1521
1532
988
1524
1536
1529
1537
1540
1522
1540
1539
1537
1541
1537
1519
1529
1536
1524
1535
861
392
1529
1529
1537
1525
1538
1532
1532
1532
1539
1538
1542
1538
966
1529
1533
1529
1522
1527
1532
1539
1532
1534
1537
1530
1237
1560
1024
1519
1539
1011
1521
1369
1527
1524
1540
1545
1538
1543
1528
1522
1529
1539
1537
1532
1535
884
1539
1530
1532
1497
1539
1526
1525
1539
1521
1521
1521
632
1528
1538
1533
1536
1533
1535
1522
1521
1535
1534
1445
1493
1533
1535
1531
1548
1497
1526
1537
1524
1119
1533
1536
1528
1530
1545
1523
1531
1533
1543
1538
1481
433
1534
1544
1511
1543
1503
1539
1541
1541
1533
1535
1536
1535
1527
1539
1541
712
1483
1517
1516
1519
1515
1525
876
1538
1536
1547
1535
1538
1540
1532
1522
1533
1534
1237
1516
1240
1537
1546
1536
1520
1522
1536
1536
1527
1524
1522
1527
1521
1541
1529
1538
1539
1531
1534
812
1538
1530
1542
1537
1518
1536
1531
1538
1530
1535
1530
1530
1530
1533
1530
1542
1518
1523
1129
1520
1534
1535
1526
1537
1531
1528
1552
1528
1531
1537
1533
1531
898
1535
1533
1539
1531
1522
882
1521
1532
1534
1538
1541
1537
1511
1536
1534
879
1533
1531
1530
1533
1525
1521
1535
1532
1535
1532
1503
1541
1492
1538
1535
1534
1544
1536
1514
1536
1535
1533
1517
1537
1535
1539
1533
1515
403
1528
1527
1527
865
1352
1547
1540
1543
1536
1535
1534
1538
1449
1534
1536
1535
1535
1531
1540
1532
1538
1538
1534
1518
1536
1543
1533
1416
1535
1531
1536
1534
1522
1538
1536
1537
1530
1529
892
1536
1530
1513
1521
1541
1537
1540
1533
1537
1526
1517
1526
1530
1535
1541
1543
1533
1525
1527
1541
1512
1531
1521
1533
1524
912
1546
1525
1536
1538
1536
1543
1512
1525
1532
1541
1540
1536
1532
1536
1524
985
1526
1527
1537
1535
1036
1534
1516
1535
1537
1319
1529
1529
1533
1525
1538
1530
1532
1513
1539
1530
1534
1534
1544
1548
1541
1532
1516
1530
1543
1539
1541
1319
1535
1520
1528
557
1518
1529
1528
1521
1531
1530
1533
1524
1519
1517
1541
1525
1530
1502
1508
1281
1534
1532
1525
1300
1537
1540
1510
1530
1528
1533
827
1530
1495
1013
1534
1497
1540
1513
1535
1533
1523
1534
1532
1534
1540
1529
1423
1518
1530
1360
1484
1539
1529
1509
1526
1532
1543
1535
1537
1533
1501
1534
791
1535
1528
1535
1537
1532
799
1534
1535
1541
1538
1533
1520
1523
1536
1534
1526
1505
1530
1377
1533
1533
1542
1539
1528
1534
1536
1545
1452
1530
1423
1174
1535
1517
1528
874
1528
1533
1531
1529
1534
1535
1524
1525
1528
1426
1426
1539
1536
1535
1537
1540
1539
1522
1531
1542
1538
1521
1533
1530
312
1529
1536
1534
1541
1529
1543
1535
1537
1519
1520
1536
1520
1534
1074
1535
1539
1533
1536
1544
1519
1533
1371
1530
1530
1535
1321
1527
1285
1534
1521
1517
1540
1535
1540
1540
1525
1523
1538
1535
1534
1526
1537
920
1532
1532
1536
1536
1542
1530
1530
1523
1531
1530
1524
871
1533
1538
1415
1538
906
1529
1519
850
1233
1532
817
628
1540
1531
1498
1543
1539
1534
474
1530
1530
1535
1547
1401
1532
1527
1222
1537
1508
937
1521
1532
1538
364
1527
1537
1536
1525
1537
1537
1533
1533
1537
1535
924
1491
1540
1533
1532
1528
1535
1532
1534
1514
1528
1542
1534
1538
1530
1505
1537
1536
1524
897
1527
1537
1538
1533
1497
1531
1531
1532
1535
1519
803
1521
1545
1531
1529
713
1533
1537
1245
1535
1493
1538
1543
870
1540
1522
1530
1535
1513
1527
1538
1512
1539
1526
1529
1541
1534
1323
1528
1518
1522
1540
1519
1527
1523
1493
1539
1537
1536
1536
1365
1524
1535
1544
1531
1534
1528
1535
1530
627
1533
1534
1534
1537
1520
1532
1539
1525
1536
1532
1532
1526
1521
1325
1538
1543
1528
1541
1531
1535
1532
1530
1534
1076
1529
1525
1535
1534
1525
1532
1534
1539
856
1561
862
1540
1527
1532
599
1532
1527
1529
1125
1512
1532
1536
1530
1529
1531
1535
1532
1422
1351
662
1533
1534
1523
1532
1528
1531
1521
1535
1544
1538
1516
1530
1271
1538
983
1522
1532
1534
773
1538
1533
1539
1540
1537
1432
1534
1541
798
801
1533
1535
1542
1535
1533
1525
1532
1540
1499
1520
1536
1540
1531
1531
1533
1533
1531
1540
1526
1538
1302
1535
1527
1540
1523
1086
1532
1524
1523
1531
1535
1525
1532
1538
883
1535
1533
1532
1528
547
1540
1537
1537
1514
1543
1533
1535
1528
1535
1522
1537
1532
1526
1536
1529
1532
1536
1538
1530
1533
1536
1519
1538
1537
1536
1520
1546
1536
1533
798
1533
1534
1532
1537
1533
1502
1504
1536
1522
1540
1536
1536
1436
1537
1529
1538
354
1537
1538
1193
1534
1537
1538
1533
1540
1543
1537
1538
1528
1533
1531
765
1528
1544
1535
1546
1534
1535
1431
1495
1540
1102
1528
1534
1539
1503
1522
1532
1536
1533
1539
1535
1536
1547
1531
1525
1525
1533
1539
1539
1539
865
1524
532
1533
1520
1526
1536
1536
1535
1537
1532
1543
1546
1534
1531
1520
1544
1535
1516
1536
1540
1024
1536
1536
1546
1533
1530
1032
1510
1536
1519
1527
1529
1522
1529
1519
1540
1543
1535
1512
1533
1509
1526
1541
1536
1537
1538
1532
1528
1530
1528
1532
1537
1535
1513
1535
1530
1514
1535
1531
1542
1539
1539
1542
879
1524
1537
731
1532
1536
1533
1543
1530
1538
1535
1540
1526
1532
1538
1532
1531
1532
1527
1478
1536
1532
1542
1534
1439
1536
1524
1535
1494
1538
1528
1537
1546
1531
1541
1523
1528
1535
1526
1532
1529
955
1527
1533
1538
1256
1537
1530
1542
1534
1531
1348
1518
1530
1540
1528
1510
1526
1536
1533
1528
1529
1522
1531
1537
1529
1513
1537
1541
1538
1533
1549
1534
1036
585
345
1535
1543
1529
1513
1539
1528
1528
1532
1536
957
1535
1540
1531
1535
1128
1537
1399
1504
1530
1537
1536
1538
930
1538
1527
1534
1530
1534
1520
1532
1525
1527
1534
1541
1530
1538
1533
623
1522
1445
1520
1534
1533
1537
1521
1521
1529
1522
632
827
1537
1531
1533
1535
1532
1535
1536
1530
1532
1538
1539
1534
1530
1394
773
1530
1537
1534
1530
1527
1534
1532
1238
1538
1533
1532
1360
1534
1535
1524
1536
1534
1529
1538
1537
1517
1524
1529
1533
1544
1535
898
1547
1521
1528
1540
1542
1536
1533
1053
1526
1534
843
1538
1522
1527
1537
1535
1525
1532
1537
1514
1529
1240
1530
1530
1534
1535
1537
1519
1518
1533
1537
1518
1524
1535
1538
1536
1523
1528
1532
1543
1528
1516
1535
1529
941
1516
1523
1533
1519
1530
1536
1530
1529
1520
1536
1521
1533
1536
1539
1536
1536
1537
1077
1535
1521
1538
1526
1535
1529
1536
1542
1524
1531
1532
1540
1533
887
1539
1530
1542
1533
1534
1533
1528
1526
1318
1537
1526
1542
1528
1538
1533
1512
1534
1533
1539
1537
1535
610
1537
1540
989
1531
1531
1535
1519
539
1510
1507
870
1537
1530
1539
1527
1517
1535
1526
1474
1533
1532
1533
935
1536
1528
1534
1537
1525
1327
1536
1535
1530
862
1536
1531
1523
1531
1537
1533
1529
1537
1535
1501
1201
1535
1525
362
1540
1528
1541
1530
1531
1520
637
596
1533
1530
1539
1532
1536
1541
1530
1533
1530
1534
1537
1539
930
557
1524
1537
651
1531
1535
1008
1522
1432
1528
1355
1051
1488
1520
1524
1535
836
1535
1537
1540
1515
1535
1539
723
1533
1531
1538
1541
1536
1542
1537
1534
1516
1519
787
916
1105
1521
1537
1537
1412
1542
1535
1533
1533
889
1535
1509
866
1535
1530
1533
1532
1537
1532
1456
1533
1531
1526
1069
1537
1532
1509
1545
868
1523
1531
1534
1532
1532
1542
783
1518
1536
1522
1536
1537
886
1535
1538
1532
1522
1513
1533
1528
1536
1536
1532
1525
1545
1527
1525
1520
782
1521
1528
1516
1550
1532
1542
1526
1529
1539
1503
1531
1540
890
1537
1534
1532
1524
413
1515
926
1527
1535
1474
1530
1530
1522
1521
1526
1525
1530
1536
1538
1536
1481
1533
1526
1530
1534
1513
1530
1174
1518
1533
1520
1529
1528
1528
1538
1477
1523
1534
1530
942
1531
879
1529
694
1532
1540
539
1536
1529
867
1532
1543
1520
1499
928
1536
1511
1531
1512
696
1537
1510
1541
1537
1536
1504
1513
882
866
1539
1532
1522
1532
1523
1536
1524
1537
1532
1523
399
1528
1533
1531
1520
1534
1539
1532
1531
1536
1528
1508
1526
1529
1530
1529
1534
1519
1533
1541
1540
1535
1543
1526
1535
1539
1531
1536
1526
1030
1531
661
1534
1186
409
1531
1532
1532
1522
1535
1527
1532
1532
1532
1452
1538
1531
1539
1532
1533
1529
1530
1529
1485
1530
1530
1534
1521
1539
1533
1536
1546
1532
1207
1377
1527
1501
1525
1528
1543
1526
1521
1424
1532
1541
1530
1534
1529
1534
1523
1529
1538
1513
1530
1529
1538
1522
1543
1534
1504
1528
1537
833
1532
1531
1540
1537
1540
1527
1521
1522
1542
1528
1014
1342
1542
1531
1530
1530
1544
1526
1518
1535
1499
1536
1539
1534
1522
1527
1533
1536
1530
1534
1542
1538
1512
1543
1525
1537
1540
1177
1535
1544
1504
1528
1537
1547
1538
1547
1518
1448
1525
1528
1530
966
1534
1493
1535
1538
1527
1533
1532
1531
1535
812
1526
1522
1535
1529
772
1543
1538
1531
1544
1531
1536
1510
1534
311
1534
875
1533
437
1532
1532
459
1526
1537
1545
1529
1529
1531
1540
1531
1532
1164
831
1509
1527
1534
1539
1531
1535
1534
298
1537
1511
1540
1535
1531
1532
1543
1538
1076
1532
1463
1470
1512
1222
1523
1533
1539
1539
1530
1542
1525
1535
1540
1526
1535
1534
1525
1523
1537
1541
1475
1537
1534
1535
1443
879
1523
1528
1414
1532
1536
1535
1540
1539
1535
1536
997
1538
1539
1535
1534
1535
1507
1342
1525
1518
902
684
1539
1536
