2998
2940
2950
2965
2994
2988
2966
2952
3057
3005
2975
2987
3009
2960
2995
2968
2987
2993
2983
2978
2953
2995
2991
2898
2975
2981
2997
2999
3005
3002
1921
2825
606
2992
2922
2656
2808
1529
2896
3000
2978
2404
3061
2980
2969
420
3012
2986
2964
3014
3001
2964
2963
2987
2994
3003
3007
2997
2990
3040
2973
2986
2974
2995
3006
2953
3006
2682
2943
2993
2714
2968
3022
3005
2991
1972
2983
2998
3015
2983
3029
2964
2988
2958
2975
2986
2473
2990
2997
2993
3007
869
3004
1022
2827
2969
3001
3003
3005
2931
2986
3043
1557
2947
3007
2967
2994
3018
2988
2995
3000
2975
3003
3038
2995
2939
2962
2987
2983
3000
2879
2975
2972
2989
2990
2995
556
3004
3010
2975
2930
2983
2981
2984
3027
3006
3006
3013
3003
362
1951
3018
1904
2971
2692
2928
3000
2981
2990
2914
2984
3026
3030
3000
2987
2993
2995
2979
2998
2971
2276
2962
2946
2991
2995
2972
2997
2415
3019
3011
3009
297
2990
2985
2977
2985
2991
216
2993
2989
2975
516
2978
3011
3005
3016
2971
2988
2980
3008
2975
3015
2992
3002
2988
2995
2988
3036
3003
3005
2958
2995
3020
2973
2964
2963
3003
2981
2972
2974
2916
2943
2989
2941
2984
2933
2993
2978
2995
245
2173
3003
2970
2973
630
2969
2965
2982
1810
2984
3018
3073
2982
2989
2992
3043
2971
2959
2982
2168
879
2977
2976
3051
2973
3003
3008
2989
2870
1925
327
2970
1173
2980
2956
3014
2986
1377
3003
2998
2985
2990
3015
3010
2990
2991
3002
2986
2993
2989
3023
2990
2949
2990
2998
2964
2987
2819
2517
2994
3000
2959
2992
3000
2984
248
2988
2999
2986
2996
2986
3020
2888
548
1802
2989
2986
2999
3000
2984
2944
3003
2987
2991
2987
2579
2947
2990
2952
2196
2992
3009
2956
2988
3009
2990
3012
2994
2879
2956
2981
2743
2936
2930
2982
2949
2699
2994
2998
3009
3019
1339
3005
2911
2986
2962
2973
2998
2973
2998
3014
2987
2939
3035
720
2161
2978
1704
3020
3064
3000
2999
2992
2943
2971
2974
2919
2962
2987
2977
3005
2991
3068
3024
3006
2989
311
2965
2946
666
2984
2966
3005
2947
2994
2999
2989
2800
2815
2975
2999
2850
2981
756
3056
2977
2982
2999
3004
3019
2876
2919
2982
2988
2999
2997
2989
2998
2969
2996
2990
2999
2987
2977
3016
3002
2940
2986
2972
2998
2554
2978
246
202
3011
2994
2978
2981
2969
2964
1222
3001
3010
2954
3001
2999
1299
2979
3001
3007
2680
2970
2993
3004
3046
2971
1357
2983
1116
2993
3031
2987
2991
2996
3007
2971
3007
2995
3028
2969
2980
2989
2974
2985
2928
2973
2995
3060
2969
3028
2988
2997
2628
2942
2983
2955
2976
2991
284
2956
2942
2966
2933
2985
2937
3009
2989
2978
3010
2980
2972
2986
2989
2982
598
2958
2999
3003
2975
796
3032
3004
2998
2970
2923
3003
2984
2990
2979
3013
2916
3004
3015
3071
2967
1760
1322
3058
2970
2987
3005
3003
2992
2993
2984
2839
2997
1104
2990
3001
2987
2990
3004
2973
2995
2934
3008
2047
3010
2985
2980
2990
2971
3000
2990
2941
2926
3002
2984
3003
1805
2989
2981
2964
2984
2984
2969
2998
3002
2891
3013
2956
2997
3011
3015
2967
2993
2643
2975
2963
2962
3006
2963
2977
2992
2588
3005
3000
2977
2931
2993
2996
1502
2990
2992
2998
2967
2999
2971
2967
3014
3013
2993
2949
2958
2995
2977
2997
3021
3077
2996
2965
3012
3028
2992
2988
2996
2990
2998
2999
2999
2956
2970
2986
2952
3008
2990
2947
2989
3040
2997
2982
1079
2997
2998
3002
2992
2973
2991
3003
2972
3009
3002
2962
2993
2973
2997
2981
930
1879
1988
2747
3013
2949
3004
2988
3005
2990
2976
3020
3006
2986
2672
2981
3005
3024
3025
2981
2315
2976
3002
3007
2967
453
2980
2972
2959
2987
2990
3002
2999
2970
2937
2988
2989
3019
2996
3013
2999
2987
3008
3013
2975
3008
2975
2975
1582
2978
2980
2945
785
2958
2977
2992
2989
1825
2981
2513
2951
2990
3004
2958
3009
2990
1689
2994
3004
3001
2986
3001
2995
2983
2933
2965
2986
3009
2818
3002
2370
2993
1401
3038
2972
3012
2988
2996
2995
3013
2991
789
707
2955
2988
2987
2916
2966
2988
973
2989
1002
3020
2988
2976
2976
3075
3021
2980
3011
2947
2836
2948
2939
3022
2995
2982
2979
2999
2986
3005
3024
2944
3011
3004
2913
2969
1785
1658
2989
2960
3010
3003
2986
1747
2985
2994
2961
3002
2989
3009
2962
3003
2963
2973
2995
2983
2592
2990
1839
2990
493
2979
2989
3009
2982
3007
2977
2986
2237
2976
2871
3026
2992
2984
2931
2967
2982
3011
2996
3049
2987
195
2984
2982
2994
2986
2747
2991
3001
2967
3011
2149
3004
3001
2983
1619
2985
2995
3009
2961
2975
2985
2996
2998
3006
2980
2866
3014
2990
2965
2195
2935
2988
2971
2559
2986
2987
2994
2909
2981
2980
2990
2974
3012
2980
2986
2983
2979
1222
2999
2963
3015
2983
3003
2991
2976
2988
651
457
2961
2152
3000
2990
2994
2985
2981
2980
2954
2984
1132
2961
2986
2988
2983
2974
2992
2954
2975
3007
2988
2994
2963
2995
3016
2995
2981
2971
3014
2986
2992
1700
2980
2407
279
2995
2993
2516
2991
2978
2980
2993
2959
2942
2946
2986
3001
2746
3014
3004
2972
1203
3013
2933
3007
2048
1287
2998
3002
3000
2996
2988
2992
2982
3016
2983
2979
3007
2985
2991
2979
2993
2985
2999
3002
2991
2984
3002
3023
2989
3006
3016
2980
2305
2964
2997
1946
2986
2972
2987
2958
2981
3003
3008
2988
991
2977
2982
3033
2947
3009
563
2998
3012
2979
2973
2988
2982
2984
3004
2981
1527
2984
2984
1326
3019
2981
3008
3021
2955
2935
2971
2955
2962
1384
2985
2858
2988
2995
2979
2980
3031
2988
2953
3003
2764
3007
3038
3030
340
3014
2964
945
2965
2985
2968
3008
2184
553
2979
2992
2198
2987
2994
3002
2993
2997
2856
2978
2974
2054
897
2932
2948
2962
2989
601
2998
2988
2979
2970
3012
2973
2961
2995
2996
3013
3017
2962
2998
3003
2997
3022
2994
2832
2998
2999
3047
2967
2083
2477
2982
2953
2987
2999
2996
2972
1289
2961
2959
2994
2988
3045
3001
2997
2420
3002
2996
3007
3009
2716
3002
3003
2756
3045
2983
3000
902
2979
3049
3012
3006
2992
2876
3003
2996
3005
3012
3011
2994
2960
2984
511
2987
3011
2746
3026
3006
2930
2995
2165
3026
2620
3006
2987
3002
2944
3002
1881
2943
2973
2989
2994
2810
3007
2976
2979
2473
2987
448
2992
2994
2968
699
3014
3006
3012
2985
2995
547
3001
2973
3006
2961
2982
2955
3003
2958
3006
2983
2989
2998
2992
3018
2975
2557
2966
2994
974
3004
2984
3013
2846
2922
2971
2952
3006
3016
2993
3012
2990
1837
3006
1002
2997
2986
2994
2988
2998
2977
2979
2973
2988
2991
1317
1964
2985
2995
2984
2962
2151
2987
3015
2983
2998
2927
3010
3014
2977
2980
2962
906
3006
2996
2966
2978
2979
3062
2983
2985
2980
2999
3000
2974
2950
3030
3006
2947
2991
3022
2969
3003
2966
2988
2986
2969
2985
2991
2979
2966
2925
2979
288
2702
3003
2967
2990
2940
2971
717
2967
2984
2936
2996
2972
2463
2822
2917
3008
2998
2727
2974
2991
3000
2980
2994
3014
825
2980
2988
3037
3028
3005
2978
2965
1243
2992
2959
3009
2978
3021
2964
3025
2975
2942
2995
2964
1854
2115
2129
193
2999
2984
198
2985
2176
3004
2512
2866
2709
2132
3025
2979
3003
2964
3002
2982
2986
2375
2792
3004
978
2998
3013
2947
2990
2975
2931
2940
3013
3013
3009
2970
2966
2973
3082
2969
2996
2987
2762
2999
3013
3004
3002
2988
3005
3008
3052
3021
2979
1090
1005
2975
2999
2997
3021
2988
3006
2969
2983
2992
2945
3002
2999
2980
3087
3006
2994
2905
3003
2995
2988
2959
2986
2958
2994
3008
2979
2988
3011
3013
3007
2981
2998
3002
2972
2979
2971
2546
551
2535
2969
2956
2905
2955
3019
3060
1252
2715
2594
2994
3077
2998
3016
2976
3006
3001
2979
2989
2981
1414
2972
3007
1645
3083
3008
2984
2791
3047
3005
3002
2974
2993
2961
2991
3022
2992
2972
2974
2982
2990
2965
3024
2293
3017
2983
2985
2996
3000
2990
2987
3020
2981
2998
2999
2991
2932
3002
2304
2954
3006
2996
1257
2996
2412
2975
1584
3005
2999
2976
2440
2993
2986
2974
2975
2988
2978
2996
3007
2981
2957
261
2929
3005
2972
3009
2972
3062
3014
2985
1024
2977
2984
3002
2987
2984
2991
3001
2985
3013
2788
2998
2971
2997
2959
2988
2994
2817
2988
3001
1199
2984
3030
3012
2979
2989
2988
2977
2962
2921
2997
2989
3071
2987
2975
2961
2981
1335
2996
2988
2989
2998
2994
2978
2979
2801
3081
2991
2991
2981
3001
1800
2991
2987
2982
310
2512
2993
2996
2999
1867
2982
2999
589
2983
2995
2976
3011
3004
1003
2962
2982
2996
3007
2995
2992
3011
3012
2977
904
2998
2988
1773
2985
2966
2970
2952
3031
2978
2975
3005
2973
2930
2293
2259
3010
2927
2964
2976
3019
3018
2983
2996
2996
2996
2954
3004
2937
3029
3002
2973
2315
3022
2970
2970
2991
1488
2983
2992
3003
1787
2853
2969
2946
818
2986
2948
2607
2989
3016
2951
2954
3004
2971
2987
3020
3031
2631
2983
2983
2985
2995
2671
2957
1168
3018
347
479
2996
2981
2991
3005
2984
2614
2823
3001
2978
3012
3016
3003
2976
2459
2970
3006
2970
3006
2983
3005
2988
3005
2994
2997
3001
2955
2972
447
3005
2980
2968
2960
2987
2989
3001
2992
2934
3005
2966
2967
2973
2980
2668
2942
2975
1692
2998
3018
1810
3033
2988
976
3072
2969
2989
3000
2886
431
2965
2978
2999
2996
2989
2983
3001
2977
3013
3009
2991
3026
3005
2980
2999
3018
2992
2979
3007
3016
3014
2987
2840
2995
2982
2995
2985
695
2992
2985
2957
2991
3004
3069
3080
637
3011
2399
3005
2951
3002
3002
3013
2969
3005
2956
2993
2970
2980
3001
3000
2969
2977
2973
2964
3005
2998
2980
2958
1642
2952
2985
3010
3058
2990
2988
2985
2986
2984
3009
2960
2998
2991
2685
356
3000
2978
3005
2976
709
3029
412
2975
2997
2989
3016
3060
3057
3004
2990
2987
2979
2984
1350
2981
2837
2937
2950
2986
2983
2961
2990
616
2998
2534
2999
3014
3076
2988
3008
2989
2970
2994
2943
2884
2981
2946
3023
3002
2998
2791
3038
2993
2963
2977
2971
2981
2958
2946
2983
2994
2999
3006
3004
2982
2970
2986
2978
947
3006
2238
3005
3001
2973
3005
1342
3003
2956
2962
2951
2283
2958
2841
2959
2971
2992
2999
2975
3000
576
2999
311
2993
234
2984
2991
2983
2982
2996
2970
2978
2800
3002
1125
2979
2996
3002
2961
2987
2933
2985
2985
2979
2996
3014
3004
2942
3070
2840
2986
979
2970
2993
2966
3044
2993
2954
2998
2979
525
2975
2977
2527
2983
2958
2978
3007
3005
2990
2906
2997
2988
2998
3025
3006
2991
2931
2994
2997
2970
2990
2970
2963
3061
2713
2939
2994
2984
2958
2991
2994
3022
2983
2967
209
3011
2976
2973
3002
3000
2907
3005
2991
2997
2235
3013
2950
2977
2967
2921
2955
2983
2999
2955
1654
2872
2965
2991
2983
2988
3004
2997
2928
2993
2977
2995
2433
2990
3002
2969
2999
2976
3019
3015
282
2989
2993
2962
2753
2882
2445
2620
2993
2427
2941
2924
2848
2977
2985
2992
2989
3008
2995
2977
2998
3008
2840
3017
2976
2914
2953
3005
2983
2984
2982
3032
2981
2989
226
2998
2982
2969
3019
2986
2963
3009
2959
2980
2996
3010
2988
2967
2996
2981
3009
3008
2967
2978
2960
2995
2994
2993
2992
2998
2997
2974
2972
3013
2998
2902
1587
2961
3009
2972
2964
2989
2999
184
2968
2961
2996
1328
2963
3005
2970
2965
445
2999
3020
2982
2972
3040
363
2875
2962
2986
2984
3001
2999
2985
3000
2984
2988
2997
488
2982
3005
2975
2984
3016
3010
2990
2975
3018
2999
2990
3004
2988
3006
859
861
3008
2983
3005
2972
2968
2996
2999
2934
2990
2983
2993
3006
1451
3017
2980
1300
2807
2980
2967
2975
3009
2992
2980
2977
2986
2995
2999
3003
3006
2972
3008
2985
3003
3022
2977
2980
2989
3022
2987
3003
702
2439
2986
2978
720
3014
3005
2988
2998
2982
2522
2990
2827
2944
3023
2985
3000
2986
3002
2994
372
3000
1618
2986
2988
2985
2978
2970
2991
2994
2947
2958
2975
3014
2988
2573
3007
3029
2939
2982
3021
2998
2981
2669
3005
2959
2979
2969
2957
2669
2602
2998
3005
2980
2984
2987
3003
2984
2972
2960
2956
2977
2997
3057
3002
2439
3076
1041
2977
2958
2994
3018
2978
3007
2967
2987
2981
2993
2954
324
2984
2994
2626
2979
3033
2938
3052
2923
1459
2980
2984
2944
3007
2977
2897
2533
2862
2986
361
727
2976
2956
2976
2950
3018
2994
1909
2974
2066
2980
2981
2967
3000
2997
2967
3009
2974
3002
2980
2979
3030
2941
2462
2977
2986
2995
3019
2994
2995
3018
2952
2977
2976
669
2991
2397
2991
3003
1823
2993
2976
2979
3008
2947
2672
2990
2980
2903
2979
2982
2993
1563
2958
2984
3009
2995
3055
2998
3075
2993
2977
2982
2998
2951
3000
2991
2997
1172
2965
2971
3025
3002
3051
2956
3000
2867
2994
2979
385
2995
2977
1123
2996
3001
2384
2984
2996
2985
2996
2991
3014
2933
2970
2969
2966
3015
3029
3057
2984
1442
3008
2998
264
1891
2051
2978
2986
3007
2985
3000
2062
2999
2971
3009
2991
2988
278
2984
3003
3015
3018
550
2986
708
2993
3028
2998
2972
2996
3008
2980
3004
3018
3012
2960
3015
3035
2983
2975
2982
3001
2976
2975
2997
2997
2968
2963
3005
2989
2918
2722
2951
2989
2976
3003
2965
2851
2251
2971
2967
3003
3031
3011
243
2956
2987
2990
2984
2766
2996
3012
3006
3007
2967
2979
3002
1035
1403
2951
2989
2984
1042
2930
2980
3002
3015
2997
2999
2987
3040
3008
2935
2317
2998
3020
2967
2995
3013
2980
3009
2986
2996
2961
2872
2994
2993
2923
3011
2991
1865
2957
3024
2938
2960
297
2976
3006
2993
2985
2980
2984
3003
2991
2605
2958
2988
2994
2968
2942
2999
1748
1023
2994
2992
2974
2979
2950
2984
2986
2995
3016
2799
356
1821
245
1321
3033
2990
624
3011
663
1684
3011
322
2980
688
2939
3002
2299
2970
3012
2981
2994
2976
2986
2989
3012
2997
2983
2987
2981
2988
2999
2995
858
3013
2991
3016
2996
632
3001
3022
3009
2972
2908
2981
2975
2992
2996
3010
2742
2977
2991
3042
2992
3000
2978
2983
2976
2981
2986
2987
2862
2988
1078
2961
623
3039
2995
1924
3083
3002
3019
2988
2991
2967
2980
3007
3019
1242
2995
2974
2987
2986
3013
2677
3003
3010
3013
2993
2643
3039
2996
3020
1084
3013
3012
1892
2991
790
1835
2959
2898
2982
3001
2978
2993
2967
2991
2223
2974
2985
2995
2963
2961
2979
2994
2992
3006
2972
3009
1190
1012
3002
1149
2944
2996
3000
2980
2976
3007
344
2897
2987
2957
2972
488
3014
1122
3006
2995
2994
2980
2985
2944
3009
2995
2999
2978
2975
2954
3000
2991
2989
2989
2978
2989
2634
2997
2972
2905
2987
706
2986
2954
2968
2989
3023
2936
2957
1355
2987
2995
2989
3003
3023
2986
2982
1300
3005
3004
2957
2973
2916
2990
2973
2963
2981
3011
2987
2965
2704
2996
2993
3005
2985
3026
1698
2974
2976
2994
3004
3029
2963
2990
3000
3002
2987
483
3000
2997
2987
2986
2932
2991
2985
2982
2954
2969
1805
3053
2994
2963
3000
258
2993
2963
3005
2990
2973
1564
954
2978
1371
2976
2989
2990
2989
2989
2952
2987
3012
2976
2992
2989
2997
2994
2986
2977
2985
2973
1222
3041
2979
2976
2950
2990
2991
2971
2977
2968
2944
1951
2975
2992
2997
3006
3010
3008
2978
3021
2960
2995
2956
3011
3005
2991
2980
1056
2980
3005
2916
2968
2879
3002
3000
3010
3011
2869
2994
2988
3005
2127
3010
2972
2992
2981
2974
3008
2967
2968
2978
2995
2946
819
2995
2192
2984
3004
2954
2985
2705
2996
3009
2943
2961
3011
3002
2985
2966
2988
2978
3000
2998
2997
2999
3026
2989
2988
3022
2992
2967
3002
2996
3013
2930
2949
3001
1341
2983
2972
2990
3073
2987
2987
2412
2971
2971
2853
2998
2989
3006
2856
2977
2999
2968
2982
2947
3018
2973
2989
2964
2966
2568
3001
2985
2995
2948
2994
2991
2991
2945
2988
3013
1466
3009
3014
2985
2981
2964
2997
2723
3027
2950
3006
2986
3000
2992
2955
2968
2985
3000
2999
3002
2997
3005
3011
3026
2729
2987
2961
233
2995
2997
2975
2996
2972
2996
2588
2997
2975
2949
2958
3023
2983
2970
2986
2814
777
3001
2994
420
2975
2980
2994
2981
2983
2975
2991
2980
2980
226
3008
2992
3014
2923
3007
2996
3006
3016
3025
2968
2981
2976
3001
1412
3007
3008
2994
3003
2845
3016
3003
3002
2986
3002
2985
2963
3022
3003
2978
3017
2937
2949
2982
2851
3035
2983
2982
1275
2975
2980
2984
3001
2976
3010
2981
3000
2991
2916
2981
2956
2953
3010
2946
3027
3004
3011
2974
2993
3007
3015
2552
2995
3009
3015
3041
2998
3019
2928
3024
2998
2977
2981
2968
2705
3009
3007
2990
3046
3008
3001
2994
2980
2946
2975
3016
2980
2979
3013
3012
3004
3009
2999
2991
2931
2966
2977
2998
3030
3009
1079
2969
2969
2994
2937
3002
2984
2993
2988
2901
1925
2996
3016
2969
2997
2962
2993
2996
2980
1804
1927
2988
2979
2939
3024
3011
2987
2999
3011
2962
2660
2736
3009
2990
592
2989
2996
3004
2984
2995
2975
1255
2956
2981
2974
2948
2915
2987
2470
2866
1492
2958
2992
2988
3006
871
2970
2953
3002
2990
3011
2968
2980
2995
2927
1724
2984
2982
2982
1915
2932
2979
2980
2990
2981
2970
2967
2987
3033
3002
2977
3002
3019
2956
2986
2961
3007
749
3025
2994
3005
1175
2971
2998
2975
2988
3002
2990
3018
2506
2987
3005
2873
2989
3014
2976
2990
3062
3003
3001
684
2977
3007
2521
2991
3005
2952
2992
3010
3001
2990
2990
2973
2450
2967
2871
2977
2971
3003
2990
2995
2985
2964
2979
2983
2972
3002
2971
2084
3002
2951
2983
2985
1942
2991
3000
2982
2939
3018
659
2504
2994
2970
2952
2992
2968
2994
2984
3021
2981
3024
2957
2983
2972
3002
2976
3004
3001
2969
2958
2959
2819
2412
2967
2987
2842
2857
2965
3088
2962
3008
3013
662
3003
491
2982
2985
3062
3004
2986
2980
3015
2995
3013
345
2905
2989
2946
3005
2899
691
2989
3001
2995
2957
2992
2908
2933
2395
3011
2976
2983
1616
2995
2967
2968
3027
2979
2976
3010
2979
2930
2990
2997
2999
2966
3012
2970
2961
2970
3006
3001
2973
2986
1674
2975
2989
3050
2991
3005
2961
2927
3008
2968
2978
3013
3015
2960
3022
3009
2976
3012
2943
2965
2988
2944
2988
596
2982
2998
2990
1049
2959
2555
2987
2997
3039
2989
2968
2978
2984
2986
2994
1298
3013
3006
3004
2957
2924
2978
3003
2986
1146
3000
2985
1905
2953
3002
2997
2990
2966
3001
2981
3002
2966
2970
3032
2518
2836
2960
2616
2953
3016
2990
2230
2936
2988
3006
2984
2993
2993
2981
2986
2981
2960
3014
3014
480
2832
2127
2991
2914
2412
2991
2993
2989
2875
3008
3006
2955
2945
3008
3017
2981
2984
2984
2959
2995
3005
3019
2988
3013
2997
2994
2978
2960
3006
2993
488
3003
2947
3024
2977
2978
1114
2978
2972
2974
2984
3026
2991
3006
1706
3021
1962
2996
2962
2419
3007
2541
3003
2984
3023
3014
1960
3010
3010
1077
3066
3009
3024
2993
2975
2998
3000
2988
2990
3191
971
2996
3012
3002
2986
2986
2973
2010
3007
3013
2963
2982
2974
2954
2961
2983
2981
2715
3059
2986
1220
3005
2001
2951
2975
3005
3022
2985
2992
2995
2924
317
2997
2992
1452
3022
2979
2299
2998
2990
2943
2998
3000
2968
2986
2983
2976
2929
2961
519
2954
3023
2994
2927
2962
825
2998
3000
2995
2987
2977
3001
2280
2850
2966
3008
2641
2999
2946
2787
2965
2986
3072
3004
2988
2995
2950
2995
3001
2998
2999
2610
2986
2992
2980
2974
2943
2228
2950
2999
2982
2980
2986
2972
3013
2983
3092
2963
2965
2982
2991
2968
2982
2646
3002
2988
2971
2973
2987
3020
2976
2989
2963
3000
3021
1303
2969
2990
2991
2963
2982
2981
2983
2972
3065
3005
3039
2951
3008
2984
2978
2987
2973
2991
3018
2961
2975
1490
2974
3010
2424
2971
2989
2744
2967
2980
1550
1903
2997
824
3002
2952
3070
2975
2976
3076
2996
2986
2951
2975
3009
2989
335
2858
3012
1018
1624
2979
2985
2991
2989
2996
3005
3000
2984
2967
2752
2997
2974
2995
3009
2799
2934
2985
3002
2957
3011
2550
3001
2986
2734
3008
1184
2983
3009
3000
489
2952
2989
3011
3017
1635
3055
2981
2992
3007
2976
3003
2992
2982
2978
2969
3002
2955
3008
3003
2946
3010
2980
2986
2978
3038
3003
2001
2965
2985
932
2989
3003
3023
2956
2998
2984
2958
2987
246
2563
2947
658
2959
2950
2993
3004
2978
2981
2988
2977
2946
1561
3010
2997
3042
2984
2978
2923
2976
2981
2888
2973
2966
2987
2810
2998
3012
2226
2981
2965
3010
2999
2077
2959
2989
2971
2966
2999
3027
2683
2975
3004
1209
2983
2953
2965
3005
3008
2930
2965
3004
2998
2967
2987
3007
3021
2960
3003
2984
2970
2998
2969
3067
3025
2952
2976
2958
3035
2975
3008
3014
3003
1455
2999
2986
3007
3004
2963
1430
2956
3003
2960
2950
3018
3011
2605
1296
3003
195
2985
3000
3000
2979
3048
2990
2981
2989
2989
2988
2981
3003
2995
2998
2988
2997
2975
2963
2996
3019
2988
2990
2973
2979
2992
2986
2976
1881
3002
2993
3020
2993
2967
2961
3007
2983
2998
2991
2673
2993
2994
2972
2986
2979
2995
3017
2955
2993
2962
2980
2980
1327
3006
2987
2988
3004
2992
2983
2963
3004
2986
2998
3007
2799
2564
3010
2974
3003
3007
611
2979
3012
2976
2987
2954
2977
367
2997
2985
2995
2984
3027
2986
3027
2976
3006
2993
2972
2955
3066
3010
3001
2982
2956
2968
3002
984
2984
2903
2992
3015
2957
1672
2956
3002
2989
2988
2962
2972
2968
2995
301
3005
2986
2994
2964
2923
855
2974
2994
2996
3002
3186
2531
2991
3001
3024
2965
2973
3002
2994
2901
1852
3016
2991
2972
2977
2999
2988
3022
2989
2991
2983
2997
2992
2980
2982
2998
3001
2992
3005
2974
3017
2955
3003
2985
3000
3004
1708
2963
3013
3002
2986
2986
917
2871
3007
3006
2999
2942
2988
2988
2967
2955
2972
2664
1339
3011
1376
3000
1356
3010
2992
2968
1313
1725
694
2999
2969
2821
2981
2937
2974
2979
2994
2974
2968
2988
2945
2976
2985
2987
3001
3040
3004
3011
3026
2973
2860
3013
2976
2991
2998
2994
3009
3030
3008
2946
2997
3007
2962
2987
3003
2974
2996
2985
2972
2984
2988
2967
2981
2980
3000
2991
2991
3036
2901
2964
3008
2988
3012
2948
803
3021
2996
2961
2990
2991
2991
353
2994
2938
2998
3005
2976
2959
183
797
675
2996
2986
2968
2974
2987
2977
2944
2985
3006
3001
2946
2954
2983
2932
935
1891
2990
2952
3014
2978
2815
2976
2970
3013
1449
3019
2976
2981
2432
2985
2907
345
2887
2914
2738
3007
3001
2963
2977
2983
964
3042
2983
2949
2966
3011
2984
2983
2846
2991
2948
2979
2980
2986
2973
2986
644
2384
2993
3008
2990
2983
3002
374
2990
2966
2963
3000
3015
3008
2993
3001
1063
2987
2972
313
3012
2909
3004
3009
800
3001
2972
2986
789
2893
2987
2985
2996
1809
1463
3006
3038
2991
3008
275
2952
2988
2997
2973
950
661
2978
2999
2999
3005
3013
2978
2969
2971
2434
996
3018
2981
2981
2907
2976
3003
3002
3039
2996
280
3016
2996
184
2969
2990
3040
2936
2962
2967
2952
3033
2982
2967
2951
3008
2475
3009
2998
686
2982
2975
3002
237
2979
2973
2977
2964
2978
2966
2984
2990
2978
3011
2983
2990
3069
2998
3000
3008
1043
2992
3011
3013
951
2989
3022
2964
2900
2993
3017
2947
3004
2944
3004
2959
3002
2963
3000
2621
3001
2984
2719
2957
2879
2991
3002
2788
2923
2962
2979
2990
2973
3003
2989
2968
2986
2981
3000
2979
2972
2983
1239
351
2853
3029
2997
3027
2994
2963
2959
2992
2969
3020
3050
2987
2999
3017
2967
2986
2997
2950
3002
3001
376
2973
3007
2985
2985
2993
3065
2993
2981
2992
2979
2159
2959
2978
2981
2972
2988
3007
2998
2984
2997
2991
2993
3053
2994
2984
2246
2998
2973
3007
2994
2995
2985
2971
2979
3017
2796
2964
2993
2983
2992
3001
3013
1277
2947
2838
2985
2956
2991
2991
2983
3002
2980
2979
2989
3004
2982
3005
2990
2996
3005
2959
3016
3009
2995
3000
3023
2989
3020
863
2980
2981
2966
3012
457
1457
280
2985
3006
2967
2966
3015
2997
2983
848
2994
2967
2976
2997
3000
3001
2987
2903
3002
2988
3011
2973
2996
2972
2983
3002
2972
2977
2948
964
2950
1315
2990
2996
2965
3007
2978
3010
2983
1439
3003
892
3013
2979
2987
2984
2982
2996
2945
2994
2987
1935
2939
2213
2982
2972
2996
1227
2979
2892
2972
2984
3015
2969
2998
2925
479
3080
2991
2994
2221
3028
1560
2985
2952
2899
868
2995
2976
3009
2980
1863
3011
2994
2908
2966
3000
2904
3009
2927
448
240
2997
1479
2970
2997
2988
2995
2938
2967
2316
2991
403
2973
2232
2914
2975
3012
2228
2990
2937
2987
3012
2946
3013
2984
2991
3011
3010
2990
2977
2874
3024
3012
2256
771
2948
2988
3002
2569
2977
2985
3012
3011
3006
3020
2997
2965
2962
2947
3011
2992
3031
2957
2477
2759
2971
2983
3005
2983
2996
2136
3012
2982
2640
2664
2952
405
2985
2988
3012
2964
3005
257
2992
3002
2905
2926
3005
293
2990
2954
2986
2936
2939
2948
3000
3006
3012
2961
3018
2983
2289
3083
2963
2987
2980
3001
2994
2979
3011
2978
2998
3014
3008
3010
2980
2998
3001
2981
2768
3012
1578
3005
2900
2998
2954
2971
2981
2981
3011
2990
2994
2962
368
3020
2708
2991
2987
2932
2994
490
2992
2978
3014
2995
2923
3001
929
3003
760
2977
2995
3003
2971
2978
2987
2957
2945
2970
3011
1806
3007
699
3006
2986
2998
2233
2900
2605
2970
1177
2989
2991
3015
3000
2992
3047
3003
3001
3006
2900
2996
2984
3002
2999
2424
2986
2983
3039
2964
3002
3011
2964
2980
2998
1165
2975
2988
3015
2965
2982
2982
2984
2975
3010
2983
2986
3010
2986
2965
2987
3020
3010
3013
2947
3004
3008
866
2972
3005
2985
2984
2992
2978
2993
521
2985
2981
474
2672
2976
2989
2981
2438
2991
2995
2995
1499
2978
2998
2988
2826
2991
2973
2753
2999
2983
2928
3021
2984
2084
2956
3007
2914
2999
2992
2971
2967
2990
2972
2955
2966
2994
2997
2959
2979
2982
466
2967
3005
2980
2993
2984
2992
2991
2969
2978
3012
2917
2996
3026
3008
3001
2969
3001
3022
1831
2977
2992
2027
2963
2995
3011
2998
3000
3026
2989
2970
2994
2963
2968
3006
1801
2985
1860
339
3011
2112
2967
2993
3030
2999
3000
2991
2988
3003
3005
3009
2983
2980
2950
2996
2968
3006
2962
3004
3010
3012
2975
2966
2964
1096
2988
3018
2994
3001
3019
3014
2991
1710
3022
2991
2988
2959
2988
3017
2969
2972
2890
2964
2960
2977
3001
2987
2976
1746
2999
2993
3004
2999
2961
264
2859
2981
2292
2985
3024
2987
3009
3003
2986
2111
2972
2974
2951
2981
2989
2997
1192
3018
2982
2981
2950
2970
3016
1021
2996
3012
801
1078
2939
2989
2979
2963
2989
2989
2988
2999
2965
2968
2992
2910
2939
3012
3000
3006
2998
2993
2908
2944
2992
2081
2983
2966
2998
2988
3016
2967
2981
2958
3010
2975
2301
2954
2932
2914
2962
2383
3017
685
2981
3033
2976
2988
2606
3069
2976
2970
1029
2972
909
2992
2986
2987
2434
3008
1437
3027
221
2997
2979
2986
2994
2942
2982
2938
2998
2971
2983
2957
2942
271
2975
2959
2972
1645
3007
3000
645
3007
3008
2995
2961
2989
2980
2971
842
2989
2965
2980
3007
2956
2949
2977
3001
3009
3007
2961
2999
493
2219
2979
2380
2984
3022
2978
1942
2993
3002
2988
2978
478
3010
3015
2974
2989
2978
2981
2979
2976
3020
3009
2998
2986
185
2990
2998
2742
3010
2995
2967
2966
2982
2955
2996
3008
2976
2757
2996
2989
3023
2992
2830
2994
3004
2952
2994
3012
2987
394
2971
2960
2975
2985
3023
2999
2964
2950
3018
3043
2501
2976
2992
2976
3029
2997
2981
2982
2992
3011
2990
489
3000
2991
2977
2992
3045
2987
2989
2980
2967
3000
2973
3007
2951
1630
2978
2954
3008
221
2998
1995
2989
2991
2992
2848
2247
3012
2972
3005
3023
3059
2762
3001
2976
2946
2960
2990
2996
2987
2992
2997
2990
3003
2984
2993
2970
3005
2997
2962
2987
2955
2997
2983
2982
392
3004
3010
2993
2976
2995
3007
2991
1476
2986
2831
381
2997
2519
2978
2993
2985
2980
2976
2976
2996
3007
2982
3022
3084
465
2990
3006
3001
2189
3023
3002
2988
3026
3001
3002
2957
2993
2992
2989
612
2986
3014
1705
2385
3001
2989
3008
2989
1474
2980
3010
2947
3016
2426
2584
2982
3016
2143
2735
2982
2981
2958
2973
671
3000
3023
2935
2981
3019
2953
1104
2960
2973
2158
2965
2921
2976
2994
266
3009
2927
2985
2980
2989
2982
2987
2753
2951
3000
2832
2995
2987
2999
3000
3005
3014
2957
2987
653
2948
2968
2994
2974
2991
2956
2999
2176
2988
2998
3010
3029
2946
2994
2989
2965
3016
2993
2989
1644
1500
2976
2982
2984
3005
2991
3003
3029
2968
2920
2999
1040
2976
2980
2999
2983
2979
2979
2993
2988
2564
3002
2998
2977
3024
2489
3033
2995
2984
2982
388
2967
1383
3007
2997
2971
2895
3004
2994
2980
2987
2987
3014
2944
2977
2955
3067
2988
3006
3008
2939
3053
3000
2990
3021
1029
2996
3000
3021
1760
2965
3002
3012
2771
2982
2979
2994
2977
2955
2979
2936
3000
2982
2966
2998
3001
2984
3026
2979
2962
2975
2990
3003
2980
2959
2968
2998
2980
2993
1997
3031
2943
2971
1415
2950
3009
2008
2977
2963
2999
2991
2960
2888
2937
2982
2983
2989
2977
3013
3002
2984
2975
741
2989
2964
2983
2976
2579
2968
2757
2949
3014
2998
253
3000
2967
2972
772
2977
3027
2978
1664
2975
2964
2977
2822
3004
2981
2983
2994
2976
2989
2958
3067
2968
2925
3002
3012
494
2942
3001
1036
2948
2586
2977
2983
1984
2982
3028
753
3005
3013
3015
3005
3011
2982
2976
2988
2983
2981
3003
2948
3014
3026
2984
2845
2962
784
3008
2935
2977
2988
185
3005
2980
3000
651
2985
2956
2994
2998
362
2963
2977
2999
2713
2967
2987
3033
2545
2999
2965
2188
2976
2708
3013
3000
577
2958
2156
3002
3000
2988
2945
2902
3057
2999
1724
3003
3002
2977
2999
2762
1775
3017
2990
2998
2977
2993
2990
206
3001
3006
2985
3009
2974
2941
1817
2981
2943
2974
3005
3003
3010
2034
3020
2991
2957
3033
2063
2978
3003
2953
3004
2951
1877
2984
3023
2982
2980
2972
2999
3075
2996
3013
433
2989
2975
2964
2993
2989
3010
2965
2967
2930
3021
2987
2999
3003
2985
3008
2969
559
2964
2994
2995
2989
3022
3020
2977
2265
2988
1501
2982
2971
2783
2965
2981
3005
2960
2987
2580
2979
2715
2996
3006
3000
3005
2967
3005
2990
2992
2917
2988
3007
2990
2999
2986
1187
2977
547
2986
2989
2943
2943
3007
2996
2969
2986
3011
2984
2994
3001
2984
2944
2969
2976
2982
2976
2975
3005
2996
2980
2971
2983
2965
2995
3001
2997
2654
3021
3061
3037
2973
3000
1232
2997
2965
2990
3015
2983
2982
3002
2840
1513
3007
2980
2986
3007
2974
700
3009
3003
2978
3003
2992
2626
2983
3035
2995
2982
2962
3005
3009
2870
2988
2986
2974
2982
2944
2988
2899
2575
2997
2998
2994
2996
3003
2980
3039
2968
2997
3026
3010
2969
2963
3002
3014
2989
2989
2996
2997
2972
2996
2986
2988
2991
1537
2964
3039
3014
3013
3011
2986
2958
2988
343
2992
3013
3008
3008
2989
2922
1170
3005
3007
2988
2569
2993
2990
3000
3014
2992
2969
2994
3009
3001
3006
3004
3026
3012
2996
1110
2947
2982
249
2985
2990
3006
2971
2997
3011
2982
2968
3005
2850
3016
3011
2912
3004
2579
2973
2992
2973
2962
3014
2975
2932
2984
3035
2657
2942
2994
2977
2980
2964
3003
2969
2976
2980
3001
3001
3012
2989
1361
2996
3004
3000
2996
2998
2989
3008
298
3002
2953
2975
2999
3007
2978
2927
1435
3024
2973
2918
2986
2986
3001
2993
3008
2757
1466
2988
2995
3002
3011
2327
2999
3011
2979
3051
3042
2985
2941
2943
2979
2998
3001
2835
2782
2946
2908
2958
2965
3005
2990
2984
3001
1187
2999
2994
2997
2952
2970
3023
2975
3037
535
2987
2985
2968
2958
2984
2787
2991
3003
3027
2993
3016
3020
1894
2991
3008
2972
2965
2984
2997
3009
3011
872
3066
2975
263
2952
2990
2971
1175
2983
3002
2985
3008
3002
2999
2978
2967
3027
3000
2981
266
3009
2979
2554
3068
3012
2596
2953
2946
2992
2980
2991
3009
3032
334
3021
2987
521
2976
2988
2140
2988
2708
2984
2970
2961
3029
2987
3005
3012
2951
2962
3004
2575
2989
2958
3001
2963
2992
2986
2790
3014
3016
3000
572
2990
2995
2994
3015
2943
2944
3004
2966
2959
3033
2989
2994
2957
2926
3016
984
3010
2998
1178
182
2995
2984
2985
2999
2973
3027
2987
1652
3007
2981
256
520
2974
2992
2850
2848
3002
2987
2987
1108
2603
2987
2935
2970
2978
2977
2966
2983
2986
3013
3008
440
2998
2952
2980
1525
2994
2981
3009
3008
2975
2985
2984
356
3017
3006
2919
3004
2987
3014
2972
2959
815
2967
2814
2972
3064
3003
2444
3001
2989
2989
2982
3013
2993
2997
2986
2986
2997
3002
2996
2986
2983
2604
1862
3004
2944
3020
2996
2956
3024
2996
2998
2966
2794
2995
2997
3004
3006
3001
2986
2968
2980
2998
2972
3001
215
2973
3002
2991
1813
2993
2994
2963
2987
2968
2981
3022
2977
1876
3012
1888
3009
2894
2972
3003
2949
2981
2970
2963
2959
2958
2465
2991
2987
2986
2988
3003
2997
2993
2985
3005
3023
3014
2982
3060
2972
2985
2989
2960
3008
2958
2977
2989
2978
2964
2141
2941
2997
2928
2975
2978
2974
2991
2991
841
2973
2985
2987
2632
880
3004
2988
1936
2999
3000
2989
339
2996
2806
3008
3045
3001
3003
2987
2954
3009
3018
2984
504
2957
2997
2977
3002
2981
3015
3005
2959
2984
2935
3009
3024
3016
2991
2977
2997
2984
3067
3008
378
2988
2992
2990
3008
2959
2995
2987
2968
2724
2997
2955
2977
3009
2994
3034
2992
3003
2970
3058
2967
3020
2944
2998
3013
3008
2981
2974
2989
2980
2996
502
2996
2973
2991
3019
3020
2973
3011
2980
2980
2971
2989
3003
2996
3058
2976
3005
2982
3006
2987
1131
2977
2479
3000
2968
3005
2923
3061
3011
3016
2984
3001
1676
2981
1435
3003
2456
3001
3064
3056
2584
2827
2978
2993
318
1204
3004
2929
3062
3001
2079
3002
2945
2965
3020
3060
2973
1673
2974
3011
2977
3020
2984
2984
2610
1401
2955
2969
2998
3008
2928
3000
2980
2458
2998
1947
2996
3018
2950
1297
3010
2995
2968
3004
2961
1287
2984
2976
2993
2591
2986
3008
2998
3007
2966
2993
203
3002
2962
3011
2642
3013
2975
2971
2780
3008
2988
2239
2962
2954
3004
2988
2963
3029
3018
859
2978
2997
3011
2999
3000
3012
3000
3019
2975
2986
1432
2994
3000
3004
2986
2998
1688
3021
2980
3002
2424
2997
3007
1443
2992
2950
2857
3007
3025
2965
2990
2997
2991
3008
3002
2999
994
2511
2938
2967
2848
1825
2996
3005
2967
