1562
1539
1538
1529
1544
1533
1550
1566
1545
1548
1555
1537
819
1555
1553
1570
1541
1559
869
1548
1539
1565
1548
1574
1545
1552
1547
1514
1552
1518
1557
1503
1530
1548
1554
1545
1270
1544
1565
1483
1554
760
1562
780
1562
1542
1557
897
1544
1557
1475
1561
1121
1559
1550
1566
1555
1543
1554
1123
1559
1560
1554
1564
924
1529
1547
1556
1546
780
1526
1549
1508
1559
1541
1536
1553
1533
1522
1554
1568
1544
1537
1555
1561
1544
1543
1464
1564
1572
1550
1560
1552
1556
1537
1547
1557
1558
1559
1538
1538
1540
1565
1554
987
1551
975
1555
1548
1507
1557
1557
1548
788
1540
1536
1537
1551
1556
1527
1545
1542
1557
1552
1549
1554
1548
1551
1538
1551
1490
1452
1547
1538
811
1531
1549
1543
1284
1550
1537
1570
1554
1539
598
1546
1400
1535
1558
1551
1545
1026
1531
1541
1554
1552
1556
1537
1547
1556
1538
1542
1553
1560
1439
1528
1555
1532
1553
1546
1543
1541
1535
1546
1554
1558
774
1553
1510
793
1566
1576
1542
1539
1549
1518
1541
1550
1557
1513
1565
1542
1542
1547
780
1564
1541
1507
1561
1560
1535
1559
1563
1533
1531
1556
1557
1046
1536
1537
1548
837
1555
1537
1553
1559
1562
1562
1553
1499
1556
1526
1558
1549
1567
1556
1553
1565
1562
1559
1541
1518
1523
1556
1564
1558
1562
1555
1551
1447
1530
904
1545
1557
1554
1537
1553
1533
1547
786
357
1554
1553
1567
1556
669
1539
1546
1564
787
1535
1554
1553
1543
1569
1556
799
1562
1555
1539
1561
1546
1548
1558
1568
1025
1545
1547
1545
1551
1556
1411
1365
1561
1562
1571
1546
1544
1558
1557
1470
1547
1434
1504
1532
834
1523
1548
1534
1550
1563
1556
1551
1555
1548
1560
1558
1547
1564
1560
1554
1552
1342
1556
772
1564
1275
1546
1563
1565
1575
1566
1397
1544
1565
1562
1550
1554
434
1553
1561
1556
1563
1542
1553
1562
1535
937
1566
1547
1519
1564
1549
1550
1550
1549
1560
1555
1551
1556
1568
1548
1566
789
1544
1541
1553
1541
1552
1539
1557
1551
1559
1562
1541
1532
1559
1551
1541
1548
1560
1554
1558
1545
1524
1548
1549
1554
1536
1562
1569
1544
1560
1551
1562
1565
1531
1535
1549
1560
1561
929
1555
1528
1539
575
1526
779
1552
1564
1556
1559
861
1555
1560
1563
1556
1557
1542
1562
1552
1544
1555
1562
1543
1547
979
1529
1570
1564
1560
1535
1548
1539
1550
1538
1556
1529
1553
1555
1523
1563
1568
1535
786
1558
1557
1547
1539
1571
1552
1548
1557
1203
1556
1561
1566
1539
1559
1558
1541
1550
1542
1552
1572
1557
1427
1560
1558
1409
1547
1551
823
774
1564
840
1540
1542
1537
827
745
1557
1553
1511
469
1552
1549
1531
1559
1563
1552
1557
1535
1534
1555
1542
1549
471
1566
1553
790
1539
1514
1390
1558
1549
1568
1520
1566
1552
1577
1544
1564
1559
1559
1532
1562
1532
1548
1552
1550
1548
1544
1546
950
1555
1557
1542
1537
1540
1558
1544
1534
1561
1450
1519
1546
1545
1560
1564
1558
1564
1552
1546
1559
1555
1556
1546
1528
1543
1528
1560
1519
1555
1561
1534
1536
1533
1012
1567
1552
1526
1535
1562
1538
1561
1548
1207
1542
1546
1562
1565
1544
1556
1537
1561
1549
1556
1558
1552
1546
1541
1507
1531
1556
1561
1545
1541
1542
639
1564
1550
1537
1552
1557
1564
872
1526
823
1488
1562
1549
778
1548
1555
1551
1556
639
1555
1548
1547
840
1543
1534
1541
1040
1556
1553
1562
1543
1545
1550
1555
1526
1550
1550
1562
1551
1546
1535
1564
1506
1549
1563
1555
1563
1558
1558
1525
1549
1535
1559
1542
1032
1542
1538
1539
1546
1544
1550
1560
1555
1549
1556
1551
1564
1548
1538
1544
1562
1545
1543
1557
1557
740
1546
1561
1556
1561
1555
1551
1548
1548
785
1541
651
1528
1566
1543
1514
1556
1578
1556
1525
1534
1560
1520
1541
1548
1558
1541
1540
1531
1529
1544
1550
1562
1553
1555
1541
945
548
1566
1544
1551
1554
1554
1551
1551
1561
1555
1543
1556
1563
604
1535
1564
1551
1398
1549
1564
1547
784
1549
1568
1549
1553
1539
1553
1547
1539
1534
1546
1540
1547
1565
1544
1543
1542
1559
1558
1564
1545
1544
1548
1550
1543
1553
1369
1546
1568
1544
1560
1552
1542
1550
1550
1563
1560
1535
1543
1552
1556
1558
1550
1556
1547
1551
1545
1544
1552
1565
1558
1471
1553
1539
1554
1541
1563
878
1529
759
1556
1561
1564
1564
1545
1535
795
1538
1552
1566
1542
1561
1544
1550
1559
1545
1548
1566
1562
833
1551
1552
1525
1564
1541
780
1546
1538
1561
1574
1553
1566
1555
1549
1567
1544
1539
1558
1543
1553
958
1554
1552
1543
1554
1553
1557
1536
1555
1547
1564
1565
1540
1550
1559
1553
1543
1566
1550
1544
1555
1560
1257
1552
1461
1567
1545
1560
1548
1555
1530
1569
1530
1553
1549
1548
1543
1526
1557
1545
1530
1556
1564
1564
1562
1562
1559
1533
1558
1567
1538
1562
1526
1542
1559
1570
1555
1548
1552
1546
1538
1537
1546
1550
1566
1554
1537
1547
1563
1538
1553
1541
1556
1073
1556
1539
1556
1512
1544
1531
1536
1550
1547
898
1527
1565
1541
1551
1559
1016
1544
1536
1565
1544
1548
1540
885
1547
1563
925
1563
1377
1559
1549
1554
1565
1544
1549
1546
1544
1330
1541
1542
1543
1559
1556
1540
1547
1544
1558
1559
1532
1564
1553
1543
1542
1549
1301
1530
1538
1548
1559
1561
1104
1563
1562
1556
1558
1544
1543
1559
1559
1521
1560
1567
1555
1561
1531
1544
1552
1563
1552
1566
1526
1545
801
1435
873
1550
1561
1561
1545
1551
1552
1570
1562
1548
1558
822
1543
1557
676
1539
1563
1547
1543
1552
1533
1507
1539
1553
1564
1563
1545
1536
1546
1553
1525
875
1542
1435
1554
1531
1553
1559
1552
1546
1360
1547
684
1539
1566
1555
1566
1547
1544
1559
1527
1529
1540
1538
1562
1549
1561
1541
1563
1545
1562
1563
1530
1560
1552
1531
1556
1555
1526
1557
1546
1153
1555
1560
1521
1536
1554
1551
1545
1552
1536
1554
1558
1554
1562
1566
1564
1563
1555
1540
1557
1550
1562
1544
1543
1556
1552
1545
1551
1564
1542
1524
1554
1556
1566
1574
1559
1551
1564
1561
1554
1385
1556
1545
856
1330
1565
1547
1522
1548
1567
1533
1553
1543
379
1563
702
1550
773
1538
1557
1563
1540
1543
1567
1552
1559
1545
1572
782
1560
1561
1545
864
1563
1546
990
1565
1536
1566
1549
1559
1547
1545
1563
1560
1570
1557
1557
1543
1553
1563
1548
1563
1542
1561
1532
1536
1537
1553
1542
1546
1553
1544
1551
1556
1564
1560
1545
1540
1563
1543
1563
1555
1541
1560
1413
1555
1553
802
1528
1546
1556
1553
1560
1566
1562
1550
1563
1549
922
1558
1543
1555
1037
1545
1564
1545
1394
1550
1561
1541
1552
661
1536
1546
1560
1537
1543
1556
1555
1546
1555
1547
1555
1568
1544
1566
1553
1550
1343
1557
1550
1541
1543
1553
1544
1544
1541
1542
1543
1555
1550
1554
1541
1520
1552
1564
1567
1106
1418
1523
1553
1543
1560
1554
1561
1548
1560
1489
883
1562
1535
1565
1542
1545
1563
1546
1543
1560
1540
1533
1550
1545
1543
1556
1537
1542
951
1552
1560
1279
1557
1540
1538
1550
1098
1094
1556
1554
1535
1567
1404
1549
779
1546
1567
1540
1574
1559
1549
1558
1554
1543
1550
1535
1507
1556
1533
1552
1543
1545
1541
1552
1533
1313
1557
1561
1560
1243
1547
1559
1566
1546
1534
1545
1567
1536
1547
1550
1547
1562
1560
1521
1559
1561
1526
1444
1543
1554
1550
937
1567
1533
1550
1563
1554
1557
1544
1538
1571
1551
1539
1537
1545
1538
1554
1554
1548
1426
1551
1559
1537
1544
1544
1553
1553
1547
798
1564
1565
1536
1530
1260
1560
970
1484
1563
1548
1548
1560
1563
478
1551
1538
1559
1547
1555
1557
1572
1555
783
1529
1552
1562
1548
786
1544
1546
1551
1548
1545
680
1531
1561
1017
1560
1565
1539
1553
795
1071
1550
968
1558
1570
1563
1572
1559
1064
1590
1568
1538
1537
1557
1303
1563
1551
1567
1564
1574
1556
1542
1563
1564
1565
1548
1570
1561
1545
1554
1490
1537
1572
1542
1551
1549
1536
1555
1564
1293
705
1553
1558
1551
1549
1563
1561
1562
1543
938
1553
1542
1565
828
1536
1102
1541
1569
1545
1528
1560
1558
1564
1548
1306
1548
1566
1222
1517
1561
1555
1534
1569
1157
1542
1551
776
1555
1554
1549
1562
1564
1528
304
1563
1535
1568
1570
1546
1538
1542
1562
1531
1537
1542
1564
1555
1554
1565
1566
1560
1552
1041
1539
1546
1536
959
774
1486
1543
1541
1005
1490
1555
1542
1543
1525
1553
1564
1551
1543
1568
1551
1547
1558
1563
1565
796
1544
1558
1557
1529
1563
1558
1544
1562
1535
1556
1547
1014
1555
1570
1556
1549
1568
772
1544
1548
1548
1556
1547
1557
793
1560
1554
1548
1561
1561
1560
1554
1561
1563
1552
1564
782
1550
1554
1555
1555
1558
1568
1561
1557
1563
1558
777
1552
1551
1537
1564
1566
809
1484
1528
1419
1545
1564
1545
1555
1545
1549
1543
1559
409
1344
1560
1542
1563
1564
1563
1541
1555
1567
1555
1567
1400
1547
1541
1555
1571
1548
1551
1540
1542
547
1546
1126
1565
1561
1459
1565
1550
1523
1558
1554
1549
1540
1546
1554
1555
1538
1436
1533
1526
1572
1564
1557
1549
1555
1548
1554
990
1561
1557
1542
1549
1537
1552
1550
676
1539
363
1538
1559
1542
1570
1533
1553
1547
1552
1553
1274
1549
1540
1557
1556
1550
1553
1551
1563
1013
1549
1547
1559
784
1558
1550
1556
1549
1552
1553
1514
1558
1550
1554
1341
831
1568
1543
1543
1542
1539
1540
1526
1553
1550
1526
1562
1550
1274
1559
1383
1555
1372
1560
1553
1552
845
1542
1556
1560
1568
1537
1542
1545
1540
1550
1539
1567
1556
1560
1558
1546
1545
1542
1560
1535
1561
1541
1562
1530
1537
1532
1550
1560
1553
1559
1559
636
1563
1570
1542
1563
1543
1541
1534
1550
1492
1521
1539
1558
1555
1535
1553
1564
1566
1560
1557
1564
1542
1557
769
1556
1563
1561
1539
1545
1212
1566
1535
1557
1543
1556
1541
1536
1549
1555
1568
1547
1557
1544
1534
1558
1528
904
1551
1544
1558
1552
1544
1566
1533
1552
1548
1552
849
1556
1538
1552
1550
1569
1566
1567
1537
1528
1555
427
1556
1561
1554
1540
1552
1560
1553
1545
1547
1561
1553
1556
1545
1542
1556
1565
1561
1537
1552
1069
1538
1547
1528
1301
1516
1531
1562
1561
1542
1558
1564
1527
876
1550
1559
1557
1558
1322
1559
1531
1519
1556
1558
1549
1554
1568
1538
893
1497
1441
1562
1527
1520
1541
1557
1575
1536
1554
1549
1559
1538
1557
1552
1554
1548
1548
1559
1544
1564
1541
681
1552
1549
1557
1539
1557
1562
1542
1530
1570
1551
1564
1557
1544
1546
1566
1552
1556
1550
1561
1553
1558
1546
1563
1545
1534
1545
1535
1535
1549
1548
1533
1559
1542
1565
1537
1547
1546
1543
1532
1515
978
1560
1538
1557
1545
1542
1555
1553
1559
1546
1560
1550
1545
1565
1563
1561
1529
1543
1548
1552
1532
1528
1545
1557
1552
1527
1564
1228
1536
1546
1523
1521
1548
1554
475
1558
1550
1558
1547
1556
1565
1560
906
1557
1556
1564
1561
1550
1569
1544
1558
770
930
1561
1558
1569
713
1539
1563
1560
1565
1561
1459
1543
1561
1572
1562
1545
1543
1548
1558
1564
815
1544
1556
1553
1556
1225
1560
1556
1562
1551
783
808
1531
1544
1551
1557
1546
1540
1537
1546
1563
1499
1539
1544
1557
1558
1552
731
1545
1552
1482
1532
1560
1547
1550
1535
1555
1547
1536
1543
1550
1550
1559
1544
498
1538
1453
1559
1542
1471
1550
1553
1548
1527
1562
1547
1532
1559
1541
1572
1570
1553
1558
1552
1476
1557
1549
1538
1541
1561
1544
1546
961
1565
1529
1546
1567
1539
1561
1509
1544
1391
1439
1535
1551
1558
1566
1555
1530
1537
1555
1539
1549
1533
1543
1554
1533
1566
1559
1560
1556
1562
1537
1544
780
1484
1075
1556
1549
1555
1551
1551
1552
1560
1063
1539
1541
1539
1547
1560
1274
1541
1546
1547
1550
1553
1555
1553
1546
1534
681
774
1565
1528
1542
1557
1545
1559
1551
950
891
1568
1562
1563
1558
1545
1568
1552
1554
1561
1563
1559
1535
1530
1542
1556
1553
1543
1549
1562
766
1562
1556
1537
1568
1561
1554
1563
1550
1554
1566
1518
1541
1538
1550
1056
1551
1568
1545
1547
1554
652
1546
1564
1534
1521
1229
1555
1539
1552
1549
1555
1565
1560
1564
1556
1559
1554
1535
1528
1559
535
1547
1522
1542
1555
1552
1558
1557
1554
1552
1563
1554
1547
1557
1536
1539
1537
1552
1509
1541
1547
1031
1560
1549
1537
1545
1541
1554
1485
1531
1545
1569
1547
1552
1539
1558
1548
1562
1565
1550
1539
331
1542
1536
1571
1556
1542
1564
752
1551
1565
1559
1550
1549
1542
1545
1558
1560
1559
1156
1535
1401
1553
341
1564
1563
1536
1551
1530
1533
1561
1563
1535
877
783
1562
1565
1557
1548
1540
1552
1539
881
1542
1541
1538
1351
1554
1566
1569
1543
852
1563
1545
1529
1536
921
1562
1254
1566
1562
875
1541
1566
1567
1559
1536
1561
385
388
1556
1545
1537
1540
1000
913
1544
1559
1560
1560
1557
777
1561
1549
1563
1563
1548
1542
1557
1544
1565
1548
1553
1556
1561
1556
685
1555
1538
1557
934
1554
1543
1565
1528
1546
1567
1558
1562
1546
1557
1527
1511
1555
1542
1545
1530
1542
1533
1553
1551
1558
1551
1539
1560
1495
1547
1550
1553
1551
1541
1546
1538
1546
1535
1553
1525
876
1537
1547
1531
776
1538
1560
1535
1032
1553
1549
1564
1553
1561
1078
1570
783
1544
1343
939
1537
1543
1556
1555
1549
1554
1553
1522
1547
1553
521
1534
1497
1568
882
1547
1516
1540
1559
1552
1541
1559
1535
1554
1550
1547
1549
1555
1565
1538
1526
1564
1543
1569
1546
887
1552
1557
1552
1541
1561
1522
1565
1544
1407
1546
1562
1545
1551
1549
1556
1540
1041
1556
1565
1564
1554
705
1557
1561
1542
1555
1539
1561
1549
1552
1539
1530
1570
1555
1538
1567
1556
851
983
1570
1563
1540
1524
1566
1011
1528
1541
1553
1555
1568
1552
1558
1552
1556
1571
1538
1562
1562
875
1566
1547
1530
1541
1541
1551
1557
1541
1453
767
1553
1516
1557
1560
1078
1559
1539
1546
1534
1551
1554
1535
1560
1370
1119
322
1539
1549
1548
1546
1549
1526
1536
1557
1276
1534
1543
1560
1562
868
1557
1560
1565
1554
1563
1552
1543
1541
1559
1559
1547
943
1564
1233
1565
1560
1554
1534
1540
1564
1539
1559
1553
1546
588
1559
1517
1548
1540
1541
1519
1485
1539
1564
1547
1557
1528
1566
1553
876
695
1551
1531
1568
930
1551
1548
1534
1542
1561
1543
784
1543
1566
1434
1534
1556
1563
1565
1555
1555
1519
1558
1555
1567
1559
1558
1536
1535
1457
770
1553
1558
1552
1559
1547
1538
1555
1547
1558
1547
1566
1340
1504
1568
1563
1014
1531
1549
1545
1540
1564
1554
1552
1572
1563
1533
1526
1546
1558
1542
1529
801
1563
1546
1560
1565
1543
1559
1559
1535
1033
1563
1558
821
1547
264
1555
1548
1372
1556
1532
1263
1535
1542
1558
1563
1574
1559
1550
1558
1542
1536
1559
1524
1403
1560
1541
1547
1558
1547
1552
1553
956
1549
1561
1552
1347
1556
1555
1533
1553
1560
1542
1541
1544
1562
1540
1475
443
1560
1532
1548
1544
1549
749
1565
1556
1538
1540
1557
1534
1557
1560
1277
1558
1548
1554
1554
1548
1553
1556
1539
1548
1567
1557
1540
1540
1557
1160
1373
1542
1550
1536
1554
1559
1547
1535
1567
1557
1527
1562
1556
1557
1544
1560
1546
1537
1537
1547
1552
1554
1557
1527
1556
1534
1527
1537
1550
1546
1560
1561
1541
1560
1552
1547
1538
1556
1541
1545
1547
1553
1556
1557
1141
1560
1534
1533
1554
1577
1559
1533
1524
1554
777
1539
1544
1518
1549
1562
747
1076
1557
1524
1554
1542
1549
1543
1065
1534
1554
1002
1214
1559
1559
1545
1542
1552
1573
1561
1540
1546
1547
1558
1564
1221
1564
1563
1561
1549
1053
1565
1543
1403
1556
1542
1547
659
1564
1553
1559
1555
1540
1543
1548
1315
1561
1559
1543
1558
886
1534
1546
1552
1563
1535
1561
1570
1220
1538
1550
1561
1545
1550
1546
1515
1536
1208
1536
1545
1554
1541
1551
1563
1568
1544
1535
1551
1528
1564
1535
1556
1560
1540
1560
1553
1557
919
1564
1556
1528
1542
1543
1548
1547
1532
1528
866
1551
859
1565
1547
1551
1563
1548
1529
1529
1559
1543
1546
1549
1519
1562
1551
1560
1553
1544
1566
1538
1547
1553
1560
1526
1577
1533
1541
1558
1540
1555
1496
1389
1562
1548
1562
1553
1555
1552
1558
1540
1546
817
1556
1552
1528
1567
1545
1567
1558
1537
1539
878
1564
1555
1553
1534
1560
1546
1530
1548
1552
1544
1560
1545
1544
1251
344
1542
1536
1539
1555
947
1546
1550
1562
1516
1563
1560
1538
1555
1544
1558
1095
1557
1553
1564
1557
1544
1548
1554
1549
1565
1545
1543
1514
1541
1515
1555
1568
1532
1560
1564
1565
1561
1542
1555
1548
1551
1544
1150
1566
1559
1557
1546
1535
1539
1560
1542
1547
1547
1552
1556
1271
1552
1546
1551
1530
1561
1559
1563
1545
1561
1547
888
1319
1536
1553
1562
1551
1544
1559
1562
1549
1555
1567
1065
1564
1545
1560
1557
1550
1543
1560
1551
1523
1557
1559
1555
1546
1561
1536
1521
1556
1557
1561
1565
1491
1563
1543
684
1544
1547
1539
1558
618
1556
1564
1563
1545
1538
1542
1539
1557
729
1558
1552
1563
1556
1523
1560
1530
732
893
1545
1541
1552
1539
1544
1557
832
1566
1552
986
1553
1550
1564
1359
1562
1544
1538
1568
1534
1352
1559
1542
1550
1542
1540
1542
1555
1572
1555
1540
1557
1396
1508
1557
779
1557
1555
1540
1558
1549
1538
1532
1549
1538
1531
1545
1558
1548
1533
1542
1541
1556
1544
1556
1545
891
1427
1533
1556
1548
1197
1542
1564
1553
1548
1557
767
1524
1560
834
1539
1530
1544
1561
1561
1535
1554
1554
1551
1550
1540
1566
1545
1559
1554
1514
1546
1564
1553
1537
1561
1563
1533
1549
1269
1530
1549
1539
384
1529
1551
1569
1031
1543
1546
1563
1546
1555
1547
1559
1560
1560
1544
1561
1555
1560
1567
1564
1539
1528
1548
1564
1559
1563
1546
1534
1555
1554
1553
1565
1533
1561
1544
781
1565
1581
1536
1427
1541
1543
1567
1552
1560
1539
1545
1561
642
1451
1546
1477
1551
1570
1531
1568
1533
1561
1548
828
1562
1552
680
457
1546
1545
1144
1531
1557
1534
808
1563
1523
1551
1546
1551
1551
1545
1548
1542
1551
1559
1560
1559
1570
1040
794
1562
1556
1556
724
1560
1546
1557
1481
1553
1543
295
1540
1561
1549
1552
1565
1534
1562
1543
1556
1537
1555
1544
1562
1560
1558
878
1475
1553
1549
1574
1539
1548
1560
1559
1558
1530
1556
1547
1550
1550
1563
1543
1551
1548
710
1568
1533
1542
1557
1541
1533
1537
1559
1551
1557
784
1564
1547
1554
1535
1569
1551
1555
1543
1554
1561
1561
1554
1559
1537
1536
1530
936
1522
1315
1541
1535
1537
1554
1561
1351
1316
1557
1551
1562
1563
1550
955
1541
1542
1093
1562
1522
1567
1545
1567
1550
1535
1029
1562
1068
1547
1567
1554
1530
1549
1548
1565
1542
1523
1537
1562
1540
1457
1547
1528
1558
1543
1542
1564
887
1552
1538
1554
1548
1549
1538
1567
1536
1562
1567
778
1561
1563
1556
494
1559
1558
1559
1561
277
1541
1515
1557
1569
1543
1554
1551
1538
1539
1558
1474
1545
1552
1561
1548
1560
1026
844
1564
1548
1536
1555
1556
1537
1490
772
1537
1555
754
1554
1531
1560
1568
1556
1546
1553
423
1554
1556
1549
1553
1547
1563
1548
1566
1544
1550
1545
1503
1540
1538
988
1509
1562
1544
1533
779
1546
775
1555
1556
1562
1571
1557
1378
1537
1546
1550
1555
1535
1562
1531
1555
1550
1557
1551
1540
1532
1547
1542
779
801
1537
1546
752
1383
1531
315
1562
1550
1573
1555
1562
1562
777
1550
1532
1537
1535
1539
1559
1548
1542
1555
1563
1562
1561
1537
421
1545
1535
1548
865
1144
1556
1554
1543
1550
1552
1559
1564
1547
1555
1561
825
1544
1557
1537
1542
1558
1556
1539
1569
1572
1570
1539
1548
1558
1549
1551
1551
1544
1551
1550
1558
1545
379
1563
1536
1546
1563
1560
796
1534
1536
1555
332
1540
1545
1567
1547
1543
1540
1536
1549
1554
1553
1541
1063
1549
1554
1532
1537
1554
1552
1559
1522
1552
1542
1177
1560
1565
1545
1465
1538
1558
1544
1556
792
1527
1536
776
1544
1560
1557
1556
1547
1554
1546
922
1569
1548
1542
1550
1562
461
1547
1556
1535
1560
1565
1557
1546
1539
1551
1541
1551
1540
1563
1574
1186
1552
1554
1520
1569
1565
1564
1548
1560
1550
1547
1507
1532
1547
1554
1557
1567
1564
1562
1533
1564
1559
1531
1535
1549
1543
1560
1545
1556
1561
1531
1150
1561
1548
1552
1472
1546
1540
1567
1558
1562
1438
1554
1555
1555
1545
1543
1532
1541
1552
1550
1539
1549
1550
1554
1549
1568
1238
1564
1538
1560
1547
1561
1087
1550
1549
1556
1560
1544
1537
1079
1547
1556
1554
1541
1544
1554
1556
1549
1545
1532
1539
1548
1568
812
668
1557
1543
1551
1552
1522
388
1555
1552
1555
1549
1532
759
1559
782
1551
1564
1562
1551
1555
1244
688
1548
523
1566
1565
1004
1531
283
1564
914
1543
1530
1553
1548
376
1552
1544
1512
1531
1539
1545
1548
1561
1548
1537
1554
1522
777
1553
817
847
1552
1551
1540
1556
1552
1562
1555
1564
1554
1551
1557
1529
1526
1550
1559
1553
1545
291
1552
1558
1564
1553
1103
1557
1549
1535
1563
1549
1552
1536
1542
1558
1562
1533
1546
1525
1562
1542
1566
1543
1555
1530
1535
1258
1040
1512
1557
1559
1227
1094
1537
1521
1559
1510
1562
1559
1521
1540
767
1523
1530
1531
1527
1560
1566
1479
981
905
1563
1550
1552
1542
1554
1556
1557
1485
1563
1556
1559
1557
1561
1563
1538
1540
1527
1543
1556
1525
1559
1522
903
1546
1348
1560
1523
781
1212
1564
1553
1550
1553
1539
1443
1551
1544
1568
1556
806
1562
1541
1545
828
1537
1031
1537
1553
1565
1543
1561
1112
1569
1531
1541
1519
1549
1536
1537
1554
869
1536
1553
1547
1546
1544
1157
1524
1552
1567
1534
1560
1566
1572
1566
765
874
1563
1327
1565
1479
1562
1559
1559
1539
1549
1541
1553
1382
1549
1548
1547
1536
1540
1565
1540
1564
1546
1536
1538
1540
1548
1566
1559
1526
1546
1562
1534
1526
1561
1519
1552
1545
1562
1562
857
1542
1546
1545
1538
1527
296
1544
613
776
1536
1533
1484
1562
927
1549
1545
1543
1546
1561
1546
1539
1548
1543
1523
1546
1545
1568
1555
1549
1527
1545
1541
1552
1533
1537
883
271
1559
1563
1557
1535
1557
1541
1550
879
1559
1140
1554
1531
1539
1503
1548
1562
1561
1563
759
1548
1526
1537
1540
1569
1551
1538
1549
1536
1543
1568
1545
1552
1539
1208
1565
1572
1543
1557
1561
1553
1556
1550
1543
1539
1537
1174
1515
1555
773
1533
1544
1547
1540
1556
1544
1562
1559
1542
1538
1541
1538
1534
1548
286
1544
1558
1549
1540
1566
1555
1559
1535
1549
1566
1529
1558
1561
1559
1545
1538
1563
1544
1550
1297
1553
1471
1562
1553
1540
1524
1552
1553
1554
1553
1557
1543
1551
1537
1552
1554
1553
961
1560
1551
1547
351
1561
1361
1574
1546
1545
902
1549
1561
1544
1552
1536
1557
1553
556
1538
1544
1559
1557
1538
1559
1544
1540
1538
1567
1552
1568
1544
1545
1552
1566
1555
1554
1557
1530
1557
1548
1559
1559
1541
1529
1560
1557
1548
1529
1565
1543
1559
1561
1558
1549
1552
1553
1558
960
1561
1546
1544
1552
1511
1565
1562
778
1557
1539
1515
1553
1559
1568
1542
1549
1568
1555
1539
741
1553
1552
1542
277
1564
767
1537
1560
1547
1537
1554
1152
1554
1552
1537
1565
1568
1559
842
1557
1556
1555
1544
839
1536
1572
1550
1564
1554
1540
1561
1537
1185
1559
1570
1563
1556
1548
1546
1561
1547
1556
1547
872
1544
1550
1540
1547
1095
813
1557
1561
1538
1565
1554
1539
1532
1538
1542
1533
1002
1533
1553
1548
1544
1545
1536
1544
1558
532
1554
1556
1557
1568
1562
1538
1570
1151
638
1562
1561
1534
1539
1538
1551
1542
1563
1568
721
1549
1558
1473
1558
1055
968
1561
1563
1560
1530
564
1549
1548
1560
1547
1557
1436
1544
1559
774
1553
782
1551
1566
1540
1561
1545
1565
1552
1542
1560
597
1511
1548
1541
1561
1566
1565
1544
1553
1547
1556
1568
1552
1558
1554
519
1553
1129
1563
1556
849
1556
1537
1544
1537
1544
1566
1563
1531
1540
1557
1537
1564
1545
1558
1557
1540
1276
1331
1560
1493
1533
840
1552
1543
1547
1552
1552
1553
1557
1560
1538
1542
1561
1557
1540
1546
1528
1557
1552
1561
1549
1359
1553
1555
1554
1557
1558
1539
1540
1558
1539
1557
1559
1517
1551
1538
1550
1553
1536
1540
1557
1539
1538
792
1543
1558
1544
1553
894
1558
1546
1542
1545
1553
1224
1554
1235
1547
1548
1551
1187
1532
1548
1557
1552
1549
1537
1562
1561
1548
1563
1569
1547
1542
1566
1553
1566
1556
1561
1541
1561
1555
1337
1478
1569
1518
1558
1559
787
1536
1558
1546
1556
1561
1566
1546
1557
1566
1567
1557
1566
959
1562
1526
1540
1558
1536
1541
1570
1537
1562
1563
1561
1536
1551
1545
1567
796
1552
1558
1545
1513
1541
1558
753
1558
1551
1085
1560
1564
1548
1548
1556
1546
1553
1535
1552
1579
1555
1555
1539
1537
1544
706
1548
1540
1550
1549
1538
1537
1545
1519
1561
1198
1551
1483
583
1548
1546
1542
1563
1547
1535
1551
1170
1574
1562
1552
1549
1527
1538
1544
1552
592
1565
1557
1554
1545
1555
1552
1541
1551
1552
1549
1543
1550
1542
1542
1535
1525
1550
1562
1559
1532
1549
1560
1537
1557
1209
1562
1537
1546
903
1536
1549
1556
790
1547
1502
1555
1562
796
1547
1554
1540
1554
1550
1540
1560
1536
1544
933
1549
1557
1536
738
1536
1548
1554
1546
1520
1528
1567
1562
1561
1542
879
1550
1572
1567
1564
1579
1563
1558
1550
1563
1518
1544
1557
1529
1091
1554
1533
1554
1546
1543
1542
885
1541
1545
1555
1549
1541
1540
1549
1564
1564
1542
913
1564
1531
1561
1571
1558
1536
1281
1545
616
1554
1564
1525
1563
1550
1538
1554
1543
1527
986
1561
1558
1544
1547
1536
1526
773
1555
1554
1547
1545
776
1541
1537
721
1544
1540
1566
1541
1530
1534
1551
884
1551
1556
1542
852
1563
1557
1545
1546
1538
1497
1546
1555
1552
1543
444
1564
1560
1550
1566
1539
1549
1536
625
1549
1539
1560
1562
1564
941
1177
730
1544
1527
1568
1552
1527
1566
1538
1410
1550
1558
1542
1557
1546
1547
1552
1560
1554
1556
1527
1544
1528
1369
1547
1533
1532
1551
1553
1530
1546
1548
1547
1545
1545
1557
1560
1543
769
1562
1538
1527
1545
1563
1543
770
1558
1568
1558
1543
1561
1542
1549
1561
1545
1542
1542
1554
328
1529
1537
1552
996
1545
1554
1521
1565
1354
1547
1561
1554
1544
1556
1554
1552
1493
1553
1546
1447
1552
852
1528
1542
1540
1529
1544
1560
1567
1550
1561
1255
1557
1533
1564
1554
1543
1514
1563
1552
1541
1548
1552
1547
1539
1562
1536
1564
367
1549
1566
1544
1560
1557
1561
1533
1550
1533
1562
1541
1559
1560
1551
1537
1555
1541
1561
778
1207
1549
1564
1549
1547
1552
1530
1548
1546
1541
1565
1549
1550
1528
1542
1447
1554
1558
1555
1540
1562
885
1545
1540
1545
1550
1546
1579
1543
1536
1562
1550
1539
1543
1536
1555
1527
1552
1546
1553
1567
1565
1543
1565
1554
1563
1544
1562
1557
1541
1549
1541
1561
1543
1566
1552
1573
1548
1564
1549
1516
1564
1423
1534
1564
1540
1546
1550
1557
1571
1563
1577
1529
1551
1562
1557
1093
1552
1554
1555
1536
1558
1548
1553
1540
1535
1534
1552
1551
1545
1415
1530
1531
1560
1548
1553
1556
1555
1554
1565
1544
1564
1560
1563
1482
1548
1551
1563
1561
1021
1555
1555
1541
1544
1560
1538
1541
1497
1552
830
1551
1560
1547
1558
1529
1550
1546
1560
1548
1550
1566
1531
1544
1539
1550
1559
891
1567
1559
1464
1539
1560
1560
1551
1567
1562
747
1536
1555
1045
1545
809
1562
1542
1564
1551
1559
877
1552
782
1536
1558
1557
1547
1563
1552
1559
1547
1557
1563
1542
1548
1545
907
1561
1565
1556
1547
1553
1546
1546
1569
1546
1551
1555
1539
1533
1562
1569
1547
1545
1550
1257
1544
1544
1550
1551
1555
1412
1540
1533
1558
1528
1556
1556
1559
1553
1551
1558
1541
1565
1541
1541
1548
1550
1551
1539
1555
1550
1556
1551
1551
1546
1548
1543
1562
1561
958
1553
1550
1512
1509
1450
1539
1550
1552
1544
1558
1545
1563
715
1539
1557
1558
1204
1567
1525
767
1549
1551
1399
1555
1564
1557
1544
1545
1539
1553
1550
1549
1547
781
1559
1538
1565
1545
1544
1560
1563
1568
1546
1537
1558
1581
1507
1557
1546
1565
1234
1533
1565
1544
1543
1560
1564
1545
1568
1551
1549
1555
1548
1559
1546
1492
1555
1538
1532
780
1550
1537
1535
1548
1557
1560
1549
1549
1541
1550
1554
1526
1529
1140
1210
1554
1555
1540
1556
1555
1542
1538
1565
1541
1540
1216
1550
1550
1569
1540
1484
924
1540
1567
1546
1552
1422
1038
1566
1562
1569
1540
1539
1531
1543
1561
1528
777
1534
1534
1569
1555
1541
1559
1541
1540
1543
1559
1552
1350
1530
1542
787
1539
1544
1540
1542
1544
1539
864
1560
1537
1136
1564
719
1560
1545
1554
1563
1557
816
1546
1554
566
1535
1514
1507
927
1523
786
1559
1457
1554
1548
1564
1536
1082
1304
1563
770
1545
1545
1563
1557
1016
1581
1539
1560
1547
1561
1567
1561
1557
1551
1539
1330
1553
1564
1542
1567
1521
1550
1551
1555
1555
1526
985
1567
1542
1560
1550
1561
1563
1554
1544
1553
1549
1563
1461
1544
1553
1556
1513
1539
1528
1521
1561
1558
1533
1559
1543
1562
1556
767
1548
832
694
1536
1563
1532
1548
1562
1541
1511
1536
1559
1550
1546
1561
1565
1548
1545
1534
1536
1542
1557
1568
1537
1568
1570
1564
1544
1565
1556
1561
1554
1566
1529
849
1562
1546
1544
1553
1554
1525
1555
1532
1552
1535
1550
1532
1546
1568
1071
1534
1540
1534
1548
1021
1547
783
1567
1537
910
1549
771
1547
1565
1547
1555
1523
1539
1565
1550
1557
1563
1548
1500
1561
899
1545
1199
1556
1551
1005
1545
1550
1550
1530
1544
1556
1557
1553
1549
1543
1566
1533
1540
527
1568
1561
1529
1209
1547
1544
1553
1550
1542
1554
1564
1544
1542
1553
1556
1542
1562
779
741
1543
1557
1545
1552
1552
1548
1480
1552
1548
1524
1567
1335
1552
1558
1554
1562
1540
1564
1556
1551
1536
1547
1561
1559
1554
1558
1542
1567
1563
463
1544
1558
1531
1525
1549
1543
1561
1537
1522
1544
1557
1557
1542
1575
1567
1541
1558
1552
1533
1559
1562
1542
1559
1552
1557
1553
1544
1539
1546
1555
1541
1560
1553
1541
1548
1556
787
1540
1526
1539
1551
1530
932
1553
1550
1555
1563
1554
1547
1537
1552
1539
1565
1540
1558
1547
1558
1546
1541
1560
1543
1537
1553
792
1540
1546
1550
1514
1550
1543
1418
1207
1563
1543
1562
1089
1540
1230
1550
362
1547
865
1538
1545
1556
1536
1335
1516
778
877
1553
467
1536
1539
1559
1555
1561
1540
1565
1538
1536
1546
1568
1546
1565
1564
1552
1541
1521
1555
1570
1551
1553
1555
1560
1537
1546
1549
1316
1541
1559
1558
1532
1545
1542
1550
1566
1555
1550
1561
1550
1543
1548
1533
1529
1539
1553
1563
1551
1546
1554
1563
1554
1540
788
778
1542
1546
1556
1013
1531
1562
1554
1523
1452
1560
1568
1545
1531
1559
1553
638
1553
825
1460
1563
1557
1564
1545
1536
1559
1554
1543
1542
1554
1556
1539
795
1560
1558
1551
690
1180
1554
1551
1565
1565
1548
1565
1527
1565
1537
1525
887
1202
1552
1548
1565
1540
1551
1550
1534
1524
1553
1546
1562
1553
1424
1540
1532
1546
1564
1548
1546
1557
1450
1172
1560
1534
1543
1546
1549
1543
1547
1564
1553
1560
1570
770
1567
1542
1551
1544
1540
1558
1553
1543
1556
1564
1554
1547
1565
1537
1530
1543
1552
1546
1556
1546
1553
1493
1517
1552
1556
1540
1546
1541
1519
1561
1564
1550
1522
1550
1542
1553
1549
1554
1539
621
1565
1562
1556
1489
1561
1554
1551
1563
1541
1562
1538
1542
1546
1552
1563
1526
1557
1547
1521
1552
1553
1550
1544
1560
1547
1552
1568
1537
1547
1562
1553
1550
1554
1544
1559
1554
1117
1559
795
1511
1567
1530
1560
1539
1538
999
1537
1541
1571
1550
1539
1511
1556
1571
1562
792
1558
1552
1558
1565
1541
1521
1555
1551
1566
1543
1546
1563
1536
1543
1536
1543
1545
1560
1542
1570
1536
1548
1443
1539
1547
875
1542
1571
1542
1563
1557
1530
1559
1548
1542
1543
1552
1484
1553
1526
1547
1023
1559
1536
1321
1552
778
1533
1478
1562
1543
1549
1537
1525
1563
1547
1562
1473
1542
1553
1525
1534
1543
1544
1544
1563
1554
1527
1164
1549
1473
1382
1540
1522
1536
1546
1561
1562
920
1555
1543
1565
1542
1544
1568
1540
1539
1480
1562
1540
1525
1549
1579
1544
1560
1552
1541
1539
1566
1535
1553
1535
1545
1561
1535
1541
1543
1503
1558
1557
1545
1534
1297
1553
490
1541
1556
1534
1543
1556
1549
1552
1104
1551
1559
1562
1540
1536
881
1123
1526
783
1542
1551
1554
1287
760
1559
1567
1557
1544
1555
1549
1544
1544
1545
1560
1533
1548
1523
1547
1557
1552
743
1554
1537
1528
1553
1555
1547
1535
849
1549
1545
1044
1549
1551
1556
765
844
1560
1557
928
1562
1554
1538
1556
1558
1562
1542
1547
938
1548
1565
1560
1551
1561
1567
1537
1563
1553
1546
1546
1563
1575
1555
1106
1560
1560
1546
1532
1540
378
1543
1566
1541
1546
1558
1549
1542
1550
1541
1354
1564
1545
1572
1548
1557
1540
1542
1544
1560
1549
1530
1564
586
1565
467
1544
1567
760
1550
1547
1559
1537
1547
1557
1551
1565
1554
1546
1543
1540
845
1558
1550
1548
1557
1547
1031
1545
1568
1554
1565
1024
1549
1540
1552
1558
1539
1114
1553
1558
1539
1555
1548
782
1566
1542
1535
1540
1558
1542
876
1173
788
1535
1496
1566
1542
1543
1542
1546
1536
1562
1552
1547
1549
1552
1558
1552
1560
779
886
796
1534
1540
1561
1556
1556
1548
1551
1564
1549
1541
1539
1562
1559
1534
1560
1536
1561
581
1529
713
1556
1555
1551
1551
1537
1553
1546
1548
1563
1514
1565
1542
1559
1558
1147
1546
1556
1558
1540
1554
771
1544
1543
1528
543
1544
1551
1569
1508
1550
1551
1554
1072
1553
1556
1535
1553
1563
1544
1558
1549
1541
1573
1524
1563
1523
1536
1533
1486
1536
1562
1552
1561
1562
1560
1519
1554
1550
1541
1567
1560
1548
1542
1560
1540
1546
1556
1566
1551
1549
1555
1011
1558
1545
330
1557
1548
1530
819
1532
1541
778
1543
1439
1563
1537
1554
1540
1543
1491
1551
1531
1542
1544
826
774
1555
1534
512
1522
1549
1538
1219
1547
1545
1551
1560
1541
1540
1560
1558
1560
1530
1560
1559
1553
1545
1561
1556
1546
1555
1531
1553
1544
1537
1546
1562
1548
1557
1548
1563
1554
1513
495
1546
1538
1537
1541
1546
1545
1461
1470
1564
1556
1536
1549
1566
1564
1551
1559
1568
1551
1551
1509
1558
1534
1559
1559
1546
1543
1554
1553
1554
1551
1544
1547
1560
1551
1544
1254
673
1558
1558
1560
1552
1549
785
1539
1531
1547
1545
811
1546
1560
1544
1543
1551
779
1553
1378
1536
1556
1545
1326
1258
1550
1553
1548
1534
1532
1547
1562
1548
1559
1549
1555
1565
1541
1540
923
1559
1537
1553
1547
1537
1529
1564
1544
1561
1565
1547
577
1558
1551
1539
1559
1542
1561
1552
1561
1540
1549
1545
1560
1553
778
1525
1543
822
1550
1548
1552
1558
1558
1448
1565
1565
1560
1554
1542
1549
1532
1479
1559
1540
1561
1530
1530
620
1538
1541
1534
1552
1550
1554
1533
1555
1558
1543
1555
1541
1558
1374
1537
1555
1547
1543
1565
1549
1542
1537
1548
1555
1557
1543
1562
1543
1560
1400
1537
1500
1541
1555
1546
1537
1545
1546
1512
1538
1545
1540
1547
1564
522
1546
1546
1557
1533
1254
1079
826
1553
1562
791
1535
1552
1564
1543
1556
1560
1558
1557
1557
1558
1550
1545
980
1535
1564
1488
1552
1540
1562
1523
1559
1548
1543
1566
1559
1551
1537
1511
999
388
1564
1529
775
1132
1557
1559
1544
1542
1549
1559
754
1553
1546
775
878
1544
1543
1537
1561
1555
1128
1553
1562
1555
1554
1561
1559
1554
1539
1543
1552
1557
1552
1565
1541
1562
1544
1545
1552
1505
1562
1539
1556
1508
1551
1540
1545
1558
1527
1560
1562
1563
1552
1545
1557
1544
1542
1549
1564
1541
1545
1546
1562
1555
1557
1557
1558
1548
1543
1558
1542
1549
1556
874
1543
1558
1557
1546
1570
1561
1546
1540
1556
1547
1548
1567
1542
1557
1553
1172
1560
1534
1549
1559
1549
1541
1554
1561
1546
1284
1552
1559
1557
1559
1535
1555
776
1543
1546
1563
1560
1557
1530
1544
1569
1561
1565
1153
1542
336
1559
1549
1534
1555
1528
1559
1549
1560
1550
1518
1539
1563
1542
1568
1559
1542
1545
1542
1561
1529
1560
1564
1541
1541
1545
1561
1546
1549
1532
1547
1564
1543
1543
1545
1553
1549
1548
1541
1535
1554
1553
1536
1565
1548
1539
1552
1550
1560
1248
1528
1563
1024
1547
1545
1544
1501
1536
336
1553
1558
1567
1558
1556
779
1542
1525
1562
1541
1553
1533
1537
1563
1548
1556
1558
1548
1540
1554
1561
1552
1016
1556
1544
1550
779
1551
1553
1553
1554
1547
1555
1470
1512
1562
1545
1448
1426
1556
1109
1541
1549
1559
1525
1569
1547
1551
1540
1547
1537
1555
1565
1541
1552
1545
1555
1561
1536
1555
1541
1561
1536
1541
1519
1540
825
1547
307
1555
1398
1552
1557
981
1105
1554
1559
789
1561
1542
1540
1566
1555
1562
1544
1554
1557
587
1565
1517
1542
1567
1550
1554
1574
1563
1563
1508
789
1549
1547
1560
1554
1553
1541
1554
1550
1556
1556
1545
1537
1530
1552
1564
1544
1559
1539
1538
1549
1540
1572
1552
1561
1545
1559
1562
1556
1547
1557
1537
1494
1549
1550
1551
1530
1522
1556
1544
1556
1560
1546
1543
1537
1543
1553
1548
1549
1531
1544
1531
1569
1561
1569
1546
827
319
1550
1555
1552
1433
1534
1524
1542
1554
1535
1331
1552
1562
1557
1544
1564
1546
1526
1561
1551
1533
1535
1548
1554
1559
1549
1548
1557
1550
1539
1532
1533
1549
1536
1558
1556
1560
1561
1547
1545
978
1549
781
1541
1559
1567
1563
1545
1559
1567
1549
1546
1546
1555
1561
1542
1544
1548
1571
1561
1546
1544
1551
1558
1533
1551
1573
1542
1560
1546
1450
1548
1562
1552
1539
1545
1550
1536
1318
1569
1552
1553
1537
788
1546
1549
1544
1528
1533
1559
1536
1556
1556
1556
1556
1556
1546
1542
1549
1551
1217
1526
1025
1310
1530
1552
1559
1365
1543
1563
1551
1425
1557
1510
1534
1532
1546
1549
1558
1557
1509
1539
1548
1545
640
1558
1550
1553
1559
1566
1559
878
1523
1564
1554
899
303
1544
1185
1536
1570
1538
1557
1556
1531
1567
985
1540
1549
1533
1570
1514
1530
1563
1559
1550
1550
1563
1554
1567
344
1551
1537
1558
1542
1566
1106
1524
1557
1562
1537
1553
1561
1563
1552
1534
1544
1558
1537
1562
1558
1561
1547
1545
1565
1557
1550
1558
1541
1546
1563
1558
1527
1539
1552
1534
1484
1543
1564
1546
1546
1558
1571
1546
1560
1557
783
1539
1541
1526
1544
1548
1562
1536
1220
1548
1532
1549
706
1544
1551
1532
1143
1543
1545
1562
475
1553
1542
1547
1549
1538
1547
1559
1537
1550
1561
1549
1556
1545
1552
1533
1565
1542
919
1167
1527
1539
1567
1552
1541
1548
1551
1549
1563
1548
1549
1555
1562
1550
1565
1556
1559
1099
1554
1558
1557
1008
1534
1559
1563
1559
1553
1546
1558
899
1557
1542
1550
1412
1553
1549
1560
1561
1548
1529
1561
1382
973
1560
1555
1536
1536
1560
1016
1553
1566
1555
1565
1542
853
1545
1552
1560
1548
1528
1551
546
1509
1525
1559
1553
1563
1347
1545
1559
1553
1567
1577
1555
1551
1567
1567
1528
1549
1543
1551
1570
1552
1555
1548
1561
1390
1545
1554
732
1549
1539
1558
572
1559
1548
1562
1554
1537
1540
1545
842
1562
1563
1538
1561
1557
1445
1569
1559
1570
1558
1564
1556
1535
557
1562
1555
1540
1561
1561
1512
1559
1569
1535
1534
617
1544
1557
1550
1556
1555
1561
1543
1556
1553
1552
1480
1547
1540
1561
1539
1558
1556
1564
1551
1559
780
1560
1568
1533
1554
1553
1557
1534
1564
1542
919
1537
1520
1540
1533
776
1531
1551
1537
1558
1538
1557
1544
1540
1534
1557
1544
1559
1565
1554
1548
1560
1542
1556
1517
1361
1310
1550
1547
1527
1542
273
1479
1482
1561
1551
1106
875
1542
1546
881
925
730
1546
1554
1534
1570
1551
1105
1564
1542
1543
1543
1558
807
1564
1545
1548
1545
1545
1551
1563
1547
1365
1556
1551
1103
1555
1568
1547
1542
1431
1398
1565
1553
1549
1563
1545
1561
1549
1526
1152
1534
1538
1542
1559
1537
1554
1522
1552
1558
1553
1544
1548
1565
1543
1508
532
1527
764
1556
1535
1547
1542
1530
1559
1536
1543
1548
1555
1546
1550
1551
1568
1530
1552
1537
1554
1556
1541
1225
1532
1556
1550
1562
1542
1543
1558
1546
1529
1565
1566
1487
1551
1547
415
1551
1544
1533
1561
1558
1561
1542
1550
1563
1556
1554
1548
1561
1531
1524
1537
1275
1558
1563
1552
1564
1554
1546
1561
1561
1539
1557
1564
1530
1555
1551
1549
1363
1537
1548
1544
1556
1569
1538
1506
1541
1543
784
1541
1562
1560
1561
1562
1395
1539
1203
1530
1541
835
1567
1539
1568
1562
1535
1547
1545
1024
1554
1562
1538
1559
1544
1545
1520
1554
792
1537
1561
1553
1552
978
283
1243
1552
1566
1556
1538
1559
1553
418
1525
1556
1543
1576
1540
1560
1243
1548
1536
1564
1545
1550
1494
1543
1085
1539
1557
1549
1552
1547
1541
1569
1549
1541
1539
1544
1558
1562
1554
1562
1534
1550
1562
1556
1089
1535
1532
1549
802
1562
1554
1562
1552
1558
1518
1432
869
1552
1554
1538
1541
1564
1559
1577
1556
1490
1547
1523
1526
1541
1556
1553
1545
1303
1561
1553
1540
1559
1561
1558
1551
1015
1557
781
1563
1556
1560
1118
1535
1521
778
1544
1545
1567
1561
1567
1555
1559
1549
1542
1556
1558
1537
1547
1562
1543
1535
1541
1552
1544
729
1427
1542
1543
1240
1540
1565
1533
1546
1546
1551
1520
1562
1543
1062
776
1563
1551
1544
1506
1553
1533
1519
1547
1554
1557
1559
782
1558
1539
1548
1546
1541
1560
1557
1556
1549
1545
1565
1551
1559
1554
1552
1567
1536
1562
759
1553
1540
1542
1544
775
1543
1551
1556
1558
1541
1547
1385
1540
1551
1539
1561
1539
1565
1545
1549
1540
1556
1551
1557
1556
1560
1545
1550
1544
1558
1554
1545
1555
1528
1551
1511
1544
794
648
1481
1528
1564
1562
1558
1549
1543
1558
975
1556
1551
1561
1540
1545
1545
1543
1541
1556
1554
1544
1542
1477
1561
1558
1557
1539
763
1539
600
1563
1544
1542
1556
1529
1554
1551
1559
1553
725
1565
1542
1543
1063
1307
1540
1545
1551
1555
1553
1531
1532
1544
1580
1555
1562
1566
1563
1542
1558
1525
1561
1560
1549
1536
1563
1557
1558
1557
1542
1545
1554
1559
1552
1560
1565
1541
1567
1566
1561
1579
1347
1488
1530
1547
940
1539
1560
1566
871
1514
1541
1553
1554
1558
1568
1551
1568
1545
1457
1556
1541
1539
1555
1545
1523
1548
1548
1537
1548
1543
1559
1537
1567
1536
1541
1565
774
1541
1558
1537
1557
1563
1560
1545
1523
1571
1377
1546
1551
976
1506
1069
1549
1529
1541
1542
1565
1557
1540
1170
1543
1564
1564
1549
1549
1557
1547
1564
1564
1539
1562
1561
1565
1557
1546
1538
1539
1538
1530
1525
1559
1542
1553
1540
1564
1560
1554
1540
837
1502
1541
1550
1502
1556
1562
1557
1542
1275
1555
1555
1553
1543
1554
1562
1540
1563
1561
1543
1543
1546
1559
1564
1538
1547
308
1548
1546
1551
1564
1552
1564
282
1552
1537
1548
1562
1530
1566
606
1544
1537
1552
1561
1540
1537
1564
1560
1551
1541
864
1572
1540
1531
1545
1563
1547
1535
1564
1551
1543
1546
1546
1560
1555
848
1547
1557
1550
1568
1546
1535
1557
1536
1537
1412
1531
1556
1530
1562
1540
1547
872
1561
1311
1543
1585
1544
1278
1007
1550
1548
1545
1557
1391
1561
1563
1350
1559
1541
1563
1418
1555
1563
1564
1555
1568
1548
1550
1541
1553
1559
1565
1243
1551
1549
1126
1563
1533
1556
1560
1553
1551
1560
1555
1547
1542
1049
1557
1041
1560
1176
1534
787
1559
1562
1563
1543
1564
1546
1570
1559
1555
1553
1004
1554
1552
1542
1569
1561
1551
1556
1542
1550
1540
1530
1564
1556
1544
1549
1558
1553
1546
1556
1568
1089
1566
1521
529
1563
874
1493
1543
1529
1560
1549
1550
713
1516
1567
1550
1542
1560
1561
1551
1548
1554
1561
1568
1521
1555
1552
1523
1547
1563
1558
1554
804
1511
1541
1542
894
1553
1526
1561
1551
1554
1570
1544
1529
1553
1538
1555
1521
1555
1536
666
1566
1559
1533
1548
1561
1553
1534
1081
1557
1568
1540
1478
1551
1558
1550
1542
1562
1548
652
1446
1547
1530
1221
1530
1551
915
1551
1550
1555
1566
876
1568
983
1555
1551
1487
1566
1369
1567
1553
1556
1549
1555
1565
1494
774
1559
1561
1499
1113
1568
1538
1430
1564
1004
1549
1550
1544
1554
1478
1540
1542
1131
1564
1559
1548
1542
1548
1562
1543
1566
1563
1563
1570
1544
1545
1548
1566
1559
1559
1555
1543
1550
1566
1551
1555
1549
1562
1563
1559
1557
1546
1330
1545
1563
1545
1539
1554
1552
1565
1557
1562
1512
1559
1425
1550
1554
1555
1554
1541
1546
1534
1563
1561
1565
1553
1539
1547
1538
522
1547
1558
1538
593
1562
1564
798
1552
1560
901
1531
1536
1558
1451
1550
1542
1518
1556
1554
1536
1547
1558
1546
1544
1545
904
1293
1560
1569
1548
1017
1558
1550
1556
1558
1560
1534
1547
1541
1548
1513
1562
1557
1553
1543
1550
1563
1572
1562
1562
1561
1538
1552
1564
1550
739
1544
1554
1547
1528
1569
1564
1556
1538
1548
1559
1562
1559
1547
1556
1548
1542
1550
1544
1550
1531
1546
1482
1561
779
1556
1543
1549
1533
1538
1545
1554
756
781
1563
1538
1544
473
1550
1006
1403
1534
1548
1543
1545
1554
1559
1551
1545
1392
1538
1550
1550
1372
1558
1563
1566
832
1565
1448
477
1562
1547
1541
1558
1562
1336
1548
1564
1547
1085
1543
1545
1550
1552
1557
1547
1557
1558
1552
1553
1559
1528
1537
1555
1039
1523
1551
1512
1551
1542
1524
1555
1539
1543
1561
1551
1188
1143
1550
1559
1540
1543
1566
1566
1561
1493
1553
1555
1551
1543
955
1541
1534
1556
1555
1552
1557
1568
1544
1558
922
1561
1559
793
1073
1548
1569
1564
1557
784
1559
1556
1550
1551
1540
1531
1547
1536
1542
785
1535
1556
777
1559
1556
1539
832
1552
1552
1544
1553
1568
1559
1233
1563
1454
1541
1530
1557
1546
988
1548
1493
1540
1556
1552
1549
1550
1567
1547
1552
1558
1549
1555
1554
1456
1546
1558
1552
1549
1536
1403
1545
1549
1544
796
1540
1526
1561
1543
1400
1523
1554
1545
1548
1539
1539
1547
1537
1545
1537
1542
1562
1532
1548
1543
1527
1539
1521
1559
1217
1561
1562
1556
1567
1575
1534
1015
1540
1237
1559
1550
1559
1544
1530
1550
1511
1543
1554
440
1553
1548
1538
1536
1558
279
1551
1555
1535
1561
1561
1561
1059
1570
1558
1561
1553
1559
1553
1562
1286
1527
1527
1562
1475
785
1546
1567
1569
1568
1551
1547
1467
1545
1558
1547
1557
1545
1561
1538
1545
1561
1554
1567
1560
1559
1169
1544
1556
1547
1552
1538
1535
1003
1567
1540
1549
1537
1562
1538
1557
1550
1564
1541
1554
1560
869
1566
1556
268
1548
1571
1554
873
1560
1567
1548
1409
1559
1546
1025
1532
1055
1561
1535
1561
1551
1564
1564
1548
1485
1552
1560
1547
1536
1563
1546
1526
1555
1556
1550
1382
1551
1539
1561
794
1562
1556
1566
1562
1551
660
1558
1545
1567
1556
1544
1530
1552
1570
1568
1545
1548
1546
1543
1548
1549
1558
1566
1541
1540
1543
1553
1553
1565
1538
1548
1561
1552
1560
1557
1539
1163
1543
1545
1554
1389
1489
1542
1554
1561
1538
1544
1523
1552
1538
1538
1553
1529
1537
1559
1537
1550
1538
1554
703
1565
1554
1536
1544
882
1558
803
1546
1553
1539
1537
1547
1537
1543
1572
1542
1559
1559
1557
1535
1557
1558
1563
1547
1556
1570
1529
1544
1543
1539
983
1550
1561
1536
1565
1546
1556
1551
1542
1542
1558
1550
1564
1561
1555
789
1542
1517
1551
1533
1556
321
1128
1562
1543
1562
1542
1551
1546
1539
1542
1558
1545
1568
1564
1568
1564
1531
1524
1560
1565
1563
1536
1540
1551
1554
1389
1546
1560
1551
1535
1534
1555
1073
1446
1545
1550
1546
1538
1567
1564
1533
1561
1544
1543
1553
1547
1541
1548
1539
1552
1562
1514
1004
1558
1565
1528
1560
1540
1552
1562
1544
1551
1557
1549
1545
1559
1539
1557
1566
1557
1540
1368
1562
1559
1561
1561
1545
1548
1158
1547
1548
1540
1552
1530
1560
565
1556
1553
1558
1563
1538
1557
1558
1551
1533
1557
1551
1455
1558
1533
1311
1549
1559
1552
1554
1438
1547
1545
1540
1554
795
1523
1468
1546
1553
1566
1481
1555
1557
1547
1550
1546
1549
1541
1558
1550
780
1544
1559
1556
1553
1556
1542
1562
1568
1562
1563
1470
1538
1547
1560
1556
1097
1560
1558
1564
1553
1544
1563
1543
1546
825
1548
1565
1543
1559
1557
1546
1076
1557
784
1548
1560
786
1547
1548
1559
1558
1541
814
1466
1550
1540
1553
1542
1562
1567
1550
1550
1537
1559
1556
1558
1526
1547
1552
1538
1559
1560
1558
1569
1554
1537
1546
1538
1558
1546
1564
1552
1546
1559
1549
1561
1547
1033
1562
1541
1548
721
411
1565
1537
1551
1528
1552
1553
1553
851
1542
1547
1513
1554
1539
1568
1522
1554
1559
1569
1552
1534
1556
1567
1567
864
1543
1547
1533
1565
580
1554
1559
1524
1558
1532
1555
1557
1539
1577
1477
1559
1560
1554
1442
1558
1545
1539
1554
1530
804
1520
1544
1553
1547
1542
1556
1562
1527
1530
1556
1552
1538
1275
1541
1557
1563
1560
1543
1544
1554
1539
1552
1538
1552
1539
1573
774
1540
1541
1542
1563
1562
1542
1538
1552
902
1559
1536
1538
1545
1548
1562
1548
1558
1563
1537
1550
1543
1569
1554
1543
1546
1554
1534
1556
1570
1546
1552
1558
1548
1535
1536
1534
1555
1547
1559
1558
1547
1553
1564
1553
1560
1535
1004
1549
1538
1382
1535
1560
1554
1540
1556
1383
1557
1570
1553
1521
1347
1565
1547
1559
1543
1545
1544
1562
1561
415
1567
1557
1573
1561
1001
1561
1555
1537
1555
1542
1552
1561
1584
1541
1545
885
1543
1542
1544
419
1544
878
1568
1532
1536
1501
1573
1549
1560
1545
1558
1563
418
1555
1548
1535
1559
1564
1548
1545
1538
1559
1036
1563
1557
1551
1072
1560
1504
1562
1314
1404
1540
1555
1557
1545
1378
1548
778
1562
1538
1536
1536
1559
1546
1525
870
1235
1556
1552
1546
1564
1538
1558
1532
1554
1552
878
1548
1466
1548
1562
1547
454
1548
1539
1535
1546
988
1564
1556
1538
1548
1555
1554
1548
1534
793
1538
1532
1530
1547
1555
1563
295
1555
876
1047
1537
1565
790
1554
1550
1562
1539
1556
1553
1529
1556
1548
373
1527
1568
1539
1562
1517
874
1548
1556
1542
1558
1553
1542
1556
1560
1542
1566
1554
1485
1545
1377
1561
1541
1114
1560
1548
1552
1550
1559
1530
1556
1433
1551
1545
661
1565
1554
1561
1545
1550
1547
1345
1563
1553
1555
1564
1549
1548
1562
1566
1542
1560
1560
1282
1560
1518
1550
1541
1564
1557
1552
1560
1109
1546
1529
1553
1526
1552
1564
1549
1555
1563
1546
1548
1552
919
893
1561
1533
1559
1566
1563
1538
1565
1544
1514
1565
1543
1558
1556
1561
1545
1551
1207
1561
1534
1542
1312
1552
1551
1543
1324
1563
880
1564
1546
1565
1568
1532
1550
703
1545
1555
1542
1559
1558
632
1562
823
1565
1554
1542
1509
1543
1545
1555
1552
1550
1521
716
1564
509
1550
1566
1512
1559
1534
1547
777
1564
1561
1533
1534
1534
744
1555
1553
1542
1542
1543
1156
1514
1552
1560
1551
1544
1539
1560
1552
1544
1559
1559
1317
1551
1544
1531
1546
1552
1537
1539
1487
1543
1537
1548
1538
1549
1522
1551
1556
1542
1539
1549
884
1539
787
890
1523
1419
1544
1546
1539
1539
1540
1535
1558
1348
1223
1560
1572
1557
1539
1556
1530
749
1547
1553
1565
1464
1548
1293
1134
1544
1564
888
1547
1546
1559
1561
1543
1532
1557
1529
1535
1544
1562
1569
1544
1577
1570
1555
1550
1558
1560
1109
1533
1543
1551
1556
1533
1542
1548
1547
1556
1551
1554
1557
1542
1553
1547
1536
1557
1563
1075
1541
1543
1558
1535
769
1361
1572
1553
1543
1544
1529
1087
1547
1563
1269
1549
1550
1555
1568
1561
1567
1510
1548
1544
1540
1554
1540
1539
1548
939
1549
1557
1538
1537
1556
1553
1554
1568
1556
1557
1528
1551
1563
1557
1553
1542
1560
1559
1545
1550
1556
1556
1535
933
1543
1538
1538
1537
1538
1549
1562
1552
1250
1548
1549
1560
1547
1552
1545
1552
1544
1538
1539
1539
1540
1556
1543
1560
741
1561
1536
1131
1547
1491
1535
1551
1549
1533
1563
1531
1559
1541
1545
1432
1543
1541
1547
1539
1541
1557
1494
1544
1559
1561
1561
1546
850
1333
1343
1538
772
1547
1554
1531
1533
1537
1559
1544
1538
1530
1551
1549
1551
1544
1548
1533
1535
1559
1536
1563
1555
1542
788
1551
1540
1552
1536
1562
1558
1547
1543
763
1548
1544
1550
1574
1528
1544
1541
1559
1564
1540
1562
1562
1566
1533
1539
1538
1558
1535
1551
1566
1541
1541
1546
1543
1539
1539
1553
1481
1316
975
1502
1544
1565
1548
1563
1538
1539
1519
1563
1554
1549
1546
1539
1530
1559
1550
1552
1549
1550
1550
1541
1544
1565
1552
1569
1533
696
1564
779
1525
1551
1543
1550
1540
813
1553
1560
1547
1549
1507
1518
1567
1547
1554
1541
1555
1529
1550
1547
1555
1563
1554
1550
1544
1559
1554
1130
1544
1545
1533
1537
771
1544
1561
1565
1564
1542
1543
877
1560
1539
1566
1560
895
1541
1526
1558
1546
1551
1563
1569
656
1548
866
1545
1550
1556
1552
1524
1559
1563
1560
1550
421
1556
819
1540
1540
1526
1559
1543
1541
1549
1557
1560
1545
1552
1164
1559
1557
1547
1536
1558
1533
1373
1554
1562
1546
1558
1552
1549
1506
1557
1557
1543
1545
1547
1544
1556
1555
1553
1547
1536
1564
1532
1522
1560
1548
1556
1550
1551
1544
1545
1551
1535
1548
1555
1530
1503
1542
1548
1553
1541
962
1535
1540
1542
1560
1559
1562
1562
1553
1537
1529
1560
1556
1543
1541
1551
1552
1542
1529
1552
1542
1539
765
1567
1407
1545
1541
1530
1459
1544
1553
429
1547
1544
1539
1542
1553
1552
1549
1550
1534
1563
1470
1560
1106
1541
1551
1556
1548
1534
1554
1543
1564
1560
1558
1565
1542
1525
1540
1556
1566
1555
1502
1547
1528
1399
1561
1544
1554
1557
1561
1541
1560
825
1537
1543
1543
1533
1538
1567
1547
1535
1550
1547
1562
1562
1535
1557
1566
1559
1545
1541
1553
1517
1545
1537
1533
1560
1549
937
1542
1545
1539
1542
1554
1552
1565
1542
787
1551
989
1543
1541
1558
1554
1536
530
1381
1566
1548
1547
1549
1563
1557
1551
1524
1560
1550
1563
1527
1550
1532
1538
1532
1545
1564
1540
1541
1518
1472
1543
1540
1552
1234
781
1457
1551
1553
780
1540
1536
1557
1563
1540
559
1546
1550
1548
1570
1566
1553
1510
1535
1544
1558
1531
1560
1540
1560
1562
1523
1558
1547
1542
1538
1553
1378
1546
1543
1534
1525
1552
1538
1538
1560
1552
1552
1540
1543
1540
1538
1537
1565
999
1556
1542
1523
1569
1557
1515
1546
1555
1544
1536
976
1534
1553
1554
1522
1544
1551
1538
1539
1545
1553
1564
1554
1561
1538
1560
1550
1549
1565
1527
1483
1547
930
772
1563
1541
382
1562
777
1544
1308
1541
1342
1538
1558
1542
1556
1227
1532
1540
770
1557
1545
1551
1552
1550
1561
1511
1536
1565
1563
1551
1557
1545
795
1527
1561
1547
1558
1516
1538
1540
1565
1561
1562
1074
1562
1558
1516
1548
1546
1543
1558
1556
1547
1562
1533
1048
1539
1556
1543
1537
1568
1550
1551
1566
1557
1545
1556
1545
1545
1542
1557
1551
1541
1550
1555
1553
1503
1563
1551
1550
473
787
1570
1530
1153
1554
1545
1563
1554
1546
1543
1539
1553
1536
1540
1549
1543
1559
1570
1542
1248
1560
1543
1461
1530
1554
1564
1563
1561
1554
1480
1457
1580
879
1534
1546
1544
1525
1089
1561
1561
1541
1551
1554
1570
1562
1547
1353
1548
1566
1546
1552
1559
1554
1549
1547
1541
1553
1536
1555
942
1531
1527
1534
1551
1547
1557
1557
1550
1564
1547
1547
1535
1566
1531
1144
1555
1544
1551
1539
1536
1565
1561
1564
1540
1544
1200
1550
919
1035
1560
1532
1558
1551
1535
1550
1539
1560
1534
746
1565
1021
1331
1545
1537
1561
1563
1541
1542
1530
1568
1552
1532
1534
1472
1537
1462
1562
1562
1557
1546
974
1563
1259
1532
1545
1558
1549
1542
1554
1558
1559
