1528
1525
1533
1536
1513
1531
1123
1524
1536
1538
1413
1535
1531
1538
1534
1539
1535
1534
1535
1524
1541
1273
1537
1140
1536
1540
1541
1538
1523
1544
1537
1534
1531
1535
1536
1534
1523
1541
911
1537
1544
1512
1531
1538
1528
1533
1531
1534
1536
1534
1540
1542
1532
1541
1494
1530
1525
1543
1538
1514
1534
1538
1530
1545
1536
1539
1536
1271
1528
1543
1534
1538
1537
1539
1539
1534
1558
1536
1531
1516
1531
1536
1536
1541
1544
1073
1538
1536
1531
1537
1528
1538
1536
1538
1520
1524
1541
1524
1528
725
1538
1546
1535
1539
859
1533
1542
1524
1146
1518
1478
1540
1540
1536
1540
1531
1494
1522
1518
1538
1525
1541
1542
1541
1521
1532
1008
297
1538
1536
1518
1537
1512
1539
1537
1534
878
1532
1521
1537
1538
1065
1539
1535
1526
1533
1534
1544
1534
1542
1540
1535
1527
1535
1528
1527
1537
1509
890
1532
289
1534
1543
1544
1403
1542
1548
1540
1531
1538
1544
1540
1536
1536
954
1544
1537
1536
1540
1531
1543
1530
1538
1528
1541
1538
1533
1534
1527
1538
1534
1538
1543
1537
1538
1538
1544
1515
1539
1535
1540
1521
1521
1531
1535
955
1531
1542
1540
1533
1541
1538
1537
1537
1544
1535
1533
1532
1170
1531
1538
1514
1527
1535
1536
1525
1550
1545
1535
1536
1527
1533
1537
1515
1537
731
1542
1132
1539
1531
1540
1538
1513
1541
1504
1535
1531
1537
1434
1533
1540
1537
1538
1532
1536
1203
1536
1534
1538
730
1540
1539
1529
1530
1532
1537
1334
1533
915
1545
1521
1523
1538
1538
1536
1532
1531
1544
1526
789
1519
1536
1537
1536
1537
1523
1540
1540
1537
1521
878
1543
1535
1539
1533
1533
562
1521
1536
1533
1516
1538
1099
1531
1543
1275
1534
1535
1534
1535
424
1538
1532
1526
1465
1542
1502
1530
1516
1521
1534
1459
1535
1534
1540
1535
1533
1543
1501
1539
473
1539
1425
1538
1532
1483
1531
1537
699
1530
1528
1526
1358
1530
1530
1534
1537
1534
1544
1539
1536
1538
1538
1520
1539
1503
1533
1515
1532
1536
1543
1536
1523
1537
1539
1525
1532
1533
1532
1532
1533
1523
1530
1534
1538
1564
1536
1541
1542
1525
1533
1540
1541
1518
1536
1527
1533
1513
1538
1539
1537
1531
1531
1536
1542
1518
1532
1533
1533
1533
1532
1541
1535
1541
1527
1533
1526
639
1536
1534
1537
1543
1537
1536
834
1540
1534
1533
1543
1535
1536
1491
1545
1542
1531
1537
1539
1528
1542
856
1541
1537
1530
1534
1521
1501
1534
1539
1528
1535
1531
1532
1525
1536
1543
990
1532
1534
1534
1534
1540
1532
1540
1528
1541
1534
1535
1518
1537
1529
1537
1539
1531
1516
1529
1551
1537
1526
1528
1536
1535
1527
1335
1545
1547
810
1532
1537
1540
1531
628
1533
1533
1544
1529
1546
1531
1533
1549
1536
1529
1533
1525
1522
1532
1535
1518
1531
1480
1519
1542
1539
1528
1540
1536
1541
1540
1536
1523
1545
1545
1535
1528
1539
1538
1531
1545
1517
1525
1534
1527
1532
1503
1533
1530
1532
1535
1040
1535
1541
1531
640
1525
1541
1529
1534
1538
1534
1540
1545
1538
1536
1539
1531
1528
1539
1536
1529
1536
1539
1340
1534
1548
1536
1533
1533
1537
1519
1523
1544
981
1538
1546
1529
1534
1531
1531
1491
1509
1529
1538
1524
1507
1541
1535
1533
1532
1534
1530
1509
1524
1539
1531
1544
1528
1542
1531
1539
1539
1535
1524
1504
1060
1541
1531
1530
1516
1533
1537
1188
1524
1536
1536
1537
1529
1522
1536
1393
1535
1541
1002
1520
1522
1522
950
1533
1533
1536
330
1539
1537
1531
1533
1541
942
1522
1525
1537
1536
1542
1535
1531
1542
1534
1531
1531
1538
1539
1535
1541
1522
1535
1534
1540
1546
1535
1530
1538
1537
305
1534
1444
1524
1463
1532
1528
1537
1537
1531
1537
1541
1519
1536
1531
1539
1537
1535
943
1536
1538
1509
1540
1530
1541
1540
1534
1528
1541
1536
1044
1537
1533
1527
1517
1460
1409
1522
1528
1537
1534
1540
1539
1539
1525
958
1537
1533
1534
1517
1538
1537
1536
1525
1501
1534
1535
1529
1461
1513
1533
1538
467
1011
481
1532
1516
1237
1537
1531
1540
1526
1531
1537
1536
1538
1531
1530
1538
1531
1542
1140
1533
1536
1535
1535
844
1539
1534
1531
1538
1541
1538
810
1518
1539
1538
1526
1529
1533
1533
1057
1523
1528
744
1545
1536
1533
1536
1542
1530
1540
1535
1537
699
1518
1528
1537
1540
1537
1535
1533
1530
1538
1538
1535
1537
1535
1540
1534
1521
1523
1479
1538
1531
1541
1536
1538
1533
1511
1536
1536
1537
1537
1397
1535
1536
1539
1539
307
1541
1533
1533
1534
1526
1539
1533
1531
1538
1544
1514
1540
1534
1376
1530
1531
514
878
1540
1526
1536
790
1534
1534
1522
1527
1538
1541
1529
1539
1539
1410
1195
1068
1534
1535
1540
1538
1275
1535
1535
1534
1525
1532
1476
1510
1537
956
1535
1522
1532
1534
1528
1535
1526
1537
1532
1546
866
1536
1525
1543
1533
1519
1536
1539
1517
1539
1088
1535
1529
1532
1542
1536
1535
1528
1527
1531
947
1535
1526
1531
986
1510
1540
1541
1546
428
733
924
787
1536
1530
1525
1351
1535
1538
1519
1528
1352
1532
1525
1544
1534
1529
537
1531
1532
881
1539
1517
1540
1539
1530
1531
1547
1530
1535
1532
1542
1527
1541
1538
1540
1536
921
1538
1536
1541
833
1529
1535
1536
1536
1536
1533
1540
1543
484
1527
1531
1492
1508
1541
1534
1542
1541
1539
1528
1532
1533
1523
1522
1534
928
1528
1516
1539
1521
1531
1533
1552
862
1533
1516
1519
1538
1521
1536
1539
1537
1528
1546
1525
1501
1532
1534
1532
1536
798
1537
1542
1541
1537
1546
1537
1532
1541
1527
1536
1531
1544
1533
1539
1539
1536
1540
1535
1384
1533
1531
1548
1535
1528
1538
1538
1545
1532
1423
1538
1542
1529
1539
1524
1520
1525
1535
1532
1534
1535
1535
1538
1515
1508
1536
1318
1542
1526
1529
1531
1538
1537
1538
855
1539
1538
1531
1527
1533
1535
1536
531
1543
1533
1526
1531
1541
1538
1532
1535
1528
1542
1525
1533
1551
1041
1535
1541
1539
1537
1321
1534
1539
1541
1538
1536
1537
1529
1542
1529
1282
1539
1538
1547
1528
1522
1535
1532
1540
1540
1536
1007
1551
1534
1535
423
1540
1358
1525
1532
965
944
1534
1531
1520
356
1539
1530
1534
1539
1531
1422
1540
1539
1543
1519
1531
1492
1534
1509
1531
1534
1539
1498
1532
1524
1538
1527
1538
1536
1105
1532
1537
1528
1532
1539
1527
1528
1531
1533
1253
1543
1537
1538
1535
1526
1535
1535
1523
1543
1534
1536
1530
1527
1532
1528
1549
1520
1537
1540
1536
1525
1534
1533
1180
1536
1368
1539
1522
1543
1540
1174
1533
1531
1540
1533
1527
1536
1537
1530
325
1533
1548
1538
1540
1529
1532
1535
1533
1539
787
1536
1533
866
1544
1538
1539
1535
1521
1540
1531
1524
1522
1541
1533
777
1540
1533
1519
1547
1523
1527
1539
1527
666
1378
1545
1515
1530
1536
1542
1523
1535
1544
1535
1541
1538
1537
1539
1530
1534
1519
1536
1539
1256
1534
1526
1430
1540
1534
872
1543
1529
1525
1544
1527
1534
569
1533
638
1503
1538
1541
1536
1508
1533
1534
1536
1542
1540
1481
1531
1522
1539
1540
362
1485
1528
1530
1530
1539
1535
1532
1539
1536
1533
1534
1535
1537
1537
1540
1540
1535
1536
372
1540
1537
1114
1524
1542
1538
1237
1527
1513
1525
1536
1523
1537
1533
1536
1541
1537
1537
1531
1531
1540
1547
1542
1531
1534
1537
1538
1540
1539
1526
1537
1535
1524
1515
1530
1527
1535
1535
1281
1536
1224
1535
1530
1538
1534
1525
1540
1369
1533
961
1537
1522
1541
1525
1533
1516
1531
1541
1521
1527
1538
834
1534
1536
1537
1538
1548
1531
1538
1546
1547
1528
1535
1530
1536
1540
1538
1539
963
1537
1052
1533
1539
1540
1537
1535
1541
1524
1533
1539
1534
1525
1054
1548
1530
1548
1528
1518
1465
1541
1538
990
1442
1530
1535
1165
1542
1536
1533
1533
1529
615
1541
1540
1522
1537
1407
1519
1532
1537
1529
1530
1531
1531
1540
1538
1539
1540
883
1531
1520
1532
1538
1530
1544
1549
1539
780
1537
1531
1533
1534
1537
1201
1534
1527
1537
1532
1515
1538
1022
962
1530
1095
1536
1537
1535
1538
1534
1535
1534
1525
1433
1540
1532
1527
1534
1526
1534
1540
744
1539
1529
1138
945
1538
1541
1544
1539
1538
1282
1541
1542
855
1531
1512
1539
1533
1536
1514
1539
1529
1533
1527
1546
1531
1547
1534
1534
1533
777
1527
1536
1536
1536
1537
1533
1522
1540
1541
1524
1491
1542
1535
1545
1539
1544
1529
1527
1521
1540
1539
1537
1486
1537
1534
1531
1255
1524
1539
876
1539
1537
1552
1543
1526
1528
885
1534
1537
1544
1533
1536
1526
1551
1520
1529
1522
1540
1114
1532
1539
1518
1379
1536
1534
1544
1540
1438
1510
1514
1537
1534
1536
1541
1542
1530
1534
1533
1532
1540
1542
1520
1526
1428
1516
1542
1035
1543
1524
1524
1538
1530
1535
1533
1536
1545
1546
1533
1529
1515
1540
1537
1536
981
1536
1316
1534
1535
1540
1534
1535
1540
1534
1519
1539
1542
1527
1525
717
1536
1540
1535
1540
1541
1465
1539
933
1510
1531
1533
1536
1067
1523
1544
1524
1541
1536
1533
1534
1542
1537
1535
1324
1537
1534
1539
1529
1480
1534
1542
1540
1509
1519
1535
1538
1541
1538
1531
1541
1554
1529
403
1516
1537
1544
1546
1517
1531
1436
1541
1523
1532
1527
1538
1535
1536
1521
1538
1537
1405
1523
1521
1520
1539
1535
1517
1531
1526
1531
1533
1527
1532
1533
1536
1530
1536
1539
1536
614
1537
1540
1534
1520
1537
1527
1528
1540
1530
1537
1536
1527
1532
1507
1533
1543
1532
1547
1541
1548
1541
1522
1081
1531
1535
1524
1340
569
983
1535
1537
1533
1541
1525
1533
1486
1534
1538
1539
1540
1528
1534
1524
1449
1277
1528
1538
724
1372
1539
1538
1544
1541
1525
1534
1024
1535
1516
1524
1519
1522
1540
1535
645
1534
1541
1325
1540
1533
1537
1538
1540
1536
1541
1534
1522
1542
1543
1528
1537
1522
1540
1524
1533
602
1539
1543
1539
1539
1544
1525
471
1532
1538
1542
1548
1374
1296
1523
1130
1527
1529
1537
1529
1534
1054
1539
931
1529
1536
1529
1538
1544
1543
1540
1531
1543
1545
1538
1535
846
1523
1537
1537
1526
992
1519
1536
795
1536
1535
1524
1537
1527
1542
1523
1540
1531
1533
1540
1439
1541
1538
1291
1535
1538
1346
1532
1517
1535
1535
1527
1533
1544
1538
1532
1529
1536
1543
1540
1532
1548
1527
1488
1533
1543
1518
1536
1531
848
1519
1531
1535
1539
1548
1537
1540
1542
1536
874
1541
1537
1543
1532
1541
1530
1525
1537
1530
1534
891
1533
1537
867
1531
1538
1536
1532
1515
1538
1533
1535
1533
1536
1537
1533
1507
1537
1524
1535
1533
1539
1346
1531
1286
1341
1543
1545
1537
1545
1533
1506
1538
919
1541
1536
1533
1526
1536
1529
1536
1528
1523
1533
812
1541
1532
1543
1523
1534
1531
1527
1526
1537
1531
1535
1536
1538
1527
1508
1053
1325
1537
1536
1536
1535
1504
1229
1543
1546
1529
1532
1522
1550
1544
1488
1538
1540
1543
1533
1543
1535
1543
1527
1539
1541
1537
1520
1533
1481
1539
1535
1534
951
1536
1535
1534
1525
1506
1549
1525
1489
1526
858
1501
1330
1534
1543
1539
1546
1539
1535
968
1535
1532
976
1541
1536
1507
1536
1508
1536
1532
1524
1533
1536
1515
1536
1529
1533
1515
1536
1537
1541
1546
1537
1529
1534
1540
1536
1538
1439
1532
1527
1538
1530
1537
1531
1529
1545
1538
1534
1529
1532
1538
886
1535
1530
1527
1310
1549
1439
1525
1542
1189
1532
1531
1525
1517
1537
1534
761
1501
1520
1524
1529
1537
1535
1544
1532
922
1520
1521
962
1541
1534
1540
1546
1530
848
1533
1533
1537
1524
1538
1537
1535
1543
1534
1411
1529
782
1531
1524
1531
1531
1535
1540
1526
1535
1542
1533
1545
1541
1541
1526
474
455
1527
1475
1529
1535
1537
1539
1533
1536
1542
1549
1538
1539
1523
1537
1536
1542
1538
487
1535
1524
1525
1545
1542
1534
1540
1522
1531
1532
1529
1515
1539
1544
1523
1539
1546
1520
1536
1535
1542
1528
1524
1531
1538
1531
1369
1248
1536
1535
1545
1537
1535
1527
1538
1528
1502
1530
1549
1535
1541
1542
1538
1035
1530
1536
1542
333
1539
1537
1198
989
1528
1537
1530
1505
604
1545
1547
1537
1538
1542
1534
1527
1545
1557
1535
1540
1530
1530
1538
1527
1543
1539
1518
1539
1543
1536
1537
1533
1520
1536
1538
1520
1534
1539
1528
1541
1539
1536
1536
1548
1539
1520
1537
1535
1539
1533
1529
1535
1533
1532
1530
1524
1536
1266
1538
1540
1530
1535
1534
1538
1529
1532
1218
1531
1534
1530
1513
1416
1504
1533
1533
1534
1479
1538
1542
1541
1540
1541
1531
826
1532
1540
1535
1531
1534
1524
1533
1533
1542
1538
1521
1549
411
1507
1539
1524
1537
1533
872
1536
1534
1539
1537
1536
1534
1503
1540
1534
1528
1535
948
1525
311
1544
1532
1532
1535
1531
1530
1540
1537
1539
1538
1513
1541
1537
1539
1533
1534
1531
1539
1535
1537
1524
1536
1533
1538
714
1540
1520
1538
1522
1522
1542
1536
1517
1528
1535
1423
1280
1537
1534
1536
1532
1534
1547
1534
1527
1539
1535
1541
1533
1542
1537
1543
1517
1032
1550
1535
1530
1475
1533
1522
1535
1543
1536
1532
1536
1540
1534
1511
895
1535
1523
1535
1537
1532
1537
1525
1540
1529
1539
1532
1533
1541
1530
1545
913
1531
1541
1538
1528
1200
1537
1427
1535
1525
1288
1539
1534
1517
1525
1536
1329
1533
1532
1505
1537
1540
1535
639
1539
1530
1548
1540
1537
1540
1543
1538
1537
1534
1512
1532
1536
1538
1460
1537
1525
1534
1532
1531
1531
1531
1539
1510
1525
1534
1529
1535
1486
1540
1539
1534
1522
1536
1537
1556
1530
1537
1531
1536
1536
1522
1531
1537
1536
1537
1544
1527
1541
1532
1529
1536
1530
663
1541
1537
406
1531
1515
1536
1531
1517
1540
1531
1523
1543
1528
1541
1523
1506
1540
1527
1468
1537
969
1379
1537
1539
1520
1533
1538
1538
1527
1540
1531
1534
1533
1529
1529
1537
1547
1542
1544
1558
1543
1533
1539
1538
1545
1539
1327
311
1536
1535
826
1544
1517
1544
1541
1541
1539
1536
337
1536
1522
1534
1534
1001
962
1536
577
1537
1542
1239
1534
1533
1533
1534
1535
1540
1539
1531
1537
1527
1535
1519
1528
1521
1522
1529
1534
1544
1520
1538
1538
1538
1545
1538
1443
1534
1524
1536
1530
1539
1539
1536
1519
1534
1523
1529
1538
1536
1530
891
1538
1535
1533
1533
1532
1536
1344
1539
1528
1528
1540
1385
1510
1537
1537
1528
1547
1518
1530
1536
1532
1535
1541
1538
1544
1539
1533
1523
1536
1241
1540
1533
1536
1539
1539
1528
878
1530
1535
1530
1536
1543
1531
1530
1529
1541
1535
1471
1515
1537
1540
1532
1540
1532
1539
1535
1540
1529
1534
1534
1531
1522
1530
1547
1549
1540
1539
1532
1520
1536
1524
1523
1540
1057
1541
1498
1544
1542
1525
1534
851
1538
1535
1536
1522
1541
1533
1533
1542
1536
1084
1526
1531
1054
1527
957
1529
1530
1549
1537
1514
1539
1534
1545
1426
1536
1542
1540
1510
1531
1471
1525
1547
1536
1522
1522
1538
1539
1540
1537
1536
1536
1535
1545
1537
1533
1543
1522
1534
1326
1532
1528
1533
1534
1534
1532
1532
1537
1526
1531
1533
1543
444
1539
1447
1514
1533
1541
1533
1528
1522
1539
1534
1532
1531
1535
1535
1531
1536
1528
1478
1536
869
1538
1541
1349
1536
1527
1522
1527
1518
1533
1543
1537
1526
1515
1535
1540
1536
1530
1220
1532
1541
1052
1539
1538
1248
1533
1539
1535
1534
1527
1531
1535
1539
1542
479
1531
1528
877
853
1530
1534
1001
1386
1536
1535
1543
1535
1524
1536
1525
1531
1467
1547
1535
1537
1523
1544
1539
1527
1546
1538
1537
1534
1520
1522
1537
1536
1545
1513
1283
1511
1539
1536
739
1535
1532
1525
1535
1513
1523
1541
1533
1537
1540
1538
781
878
1541
1538
810
1473
1320
1534
1535
1543
1534
1522
1538
1528
1533
1531
1544
1537
1504
1547
1471
1026
1540
1534
1539
1532
1535
1534
1536
1535
1535
1528
1531
1541
1535
1488
1544
1537
1542
1543
1528
1530
1537
1540
1540
1534
1539
1545
1542
1545
1538
1544
1535
1534
1531
1523
1529
1521
1538
1541
892
1533
1002
1541
1538
1533
1532
1543
1526
1540
1537
1535
1538
1530
1541
1540
1541
1535
1534
1534
1527
1536
1532
1526
1545
1539
1533
1536
1536
1530
1529
1546
1522
1538
1527
1539
1541
1383
1518
1541
1145
1538
1536
1533
1504
1408
867
1504
961
1538
1542
1532
1518
1538
1105
1538
1538
1531
1540
946
1535
1536
1533
1537
738
1534
1537
1531
1540
1527
1534
1522
1526
1531
1531
1536
1541
1524
810
1544
1542
1536
1542
1179
1514
1539
1531
1143
1540
1014
1529
1543
1529
1535
1538
971
1531
1541
1529
1530
1527
1523
1542
1511
1532
1534
1536
1537
1023
1539
1532
1533
1294
1540
1541
1536
1540
1530
1538
1527
1533
1538
1536
1538
1540
1531
1537
1510
1537
1527
1540
1514
1532
1541
1553
1521
1524
1537
1545
1533
1545
1534
1519
1531
1537
1528
1546
1538
1538
1539
1535
1533
1535
1539
1518
1536
1432
1534
1534
1534
1373
1522
1533
1535
1477
1526
1536
1540
1542
1535
1524
1527
1538
1527
1516
1538
1530
1534
1314
1531
1547
1517
1539
1536
1535
1536
1537
1533
1533
1538
1537
1534
1365
1545
1516
1537
1540
1543
1532
1532
1538
1054
1523
1530
1539
1377
1540
1542
1536
1538
1536
1536
1534
1523
1492
1538
1538
1529
1518
1535
1535
1534
1522
1523
1522
1536
678
1533
1546
1537
1532
854
1531
1534
1527
1528
1532
1527
1518
1537
1533
1541
1526
1533
1540
921
1442
1532
1516
1539
1542
1533
1520
865
1548
1203
1539
1527
1521
1539
1537
1539
1539
1531
1414
1534
1489
1519
1532
1528
1543
1534
1535
1532
1544
1542
1541
1530
1516
1538
1539
1533
1531
1544
1533
1542
1540
1531
1531
1540
1533
1371
1527
1510
1540
1528
1539
1533
1546
1543
1527
1534
1545
1532
1533
1535
1540
1520
1517
1537
1463
1511
1527
1535
1531
1449
1541
1544
1522
1524
1532
1530
1536
1539
1538
1544
436
1449
887
1536
1533
1537
1518
1539
1537
1534
1533
1540
1540
1531
1535
1535
1530
1535
1494
1539
1533
1522
1524
1535
1537
1539
1518
1532
1540
546
1037
1542
1532
1524
1542
1544
1540
1534
1539
1541
1519
820
1515
1541
1519
1534
1538
1533
1530
1537
1541
1532
1538
1544
1482
1536
1529
1540
1295
1538
1535
1538
1483
1538
1538
1536
1532
1523
1538
1534
1538
1533
1534
1533
1532
1534
1526
1535
1253
1536
1545
1536
1538
1539
1532
1307
1534
1537
1541
1536
1525
1544
1541
1524
1522
1525
1535
861
1536
1542
1525
1537
1534
1532
1532
1540
1547
1107
1541
1529
1523
1540
1537
1540
1508
1536
1539
1537
1526
1506
1538
1522
1523
1533
1531
1531
1469
1540
1527
997
1537
1535
1534
1533
1538
1547
1543
1536
1537
1534
1533
1538
1525
1536
1545
1536
893
1536
1532
1488
1538
1532
1530
1540
1530
1542
1532
1533
1538
1535
1535
1537
1525
1115
1531
1544
540
1538
1538
1536
1534
1539
1538
1537
1542
1308
1535
1524
1538
1534
1538
1530
1525
1532
1538
1533
1542
1545
797
1534
1531
1550
1504
1545
1542
1538
1536
1532
1537
1529
1522
1526
1543
1522
1514
1532
1536
1524
1531
1534
1540
1542
1534
1042
1540
1536
1487
1557
1516
1533
1523
1538
1525
1542
1534
1532
1529
1538
1538
1529
1265
1538
1532
1528
1531
1538
1522
1537
1534
1538
1487
1531
1533
1352
1533
1539
1536
1520
1542
1535
1538
1546
907
1533
1537
1534
1533
1413
1527
1537
1538
1532
1537
1536
1057
1538
1538
1536
1187
1544
1331
1537
1530
1524
1536
1534
1534
1376
1547
1530
1189
1537
1537
1531
1542
1539
1533
1538
1536
1541
1535
1521
1541
1536
1533
810
1539
1535
1538
1527
1520
1540
1530
1544
1528
1530
1551
1527
1536
1525
1536
1542
1534
1533
1542
1517
406
1537
1530
1539
1521
1536
1519
1533
1005
1535
1539
1530
1534
1542
1530
1532
1536
1534
1531
705
1530
526
1532
1535
1539
1522
1538
644
1537
984
1546
1531
1532
1531
1517
1394
1530
1541
1534
1554
1541
1530
1540
1546
474
1542
1543
1536
1531
1526
1529
1541
1536
1532
1543
1532
1545
1541
1532
1537
468
1526
1532
1531
1522
1537
1545
1540
1536
1427
1530
1532
1532
1539
849
1548
1541
1524
1531
1548
1525
1142
1542
1537
1540
1543
1549
1511
1534
1350
1536
1533
1521
1506
1544
1539
1534
1540
1550
1534
1531
1519
1534
789
1537
1530
1533
1537
1525
1531
1537
1534
1540
1529
1134
1545
1534
853
1541
1531
1536
598
1542
1537
1543
1528
1536
1545
1524
1537
1529
1536
1537
1522
1542
1533
1521
1538
1540
1534
1545
1528
1529
1210
1537
1541
1534
1005
1536
1539
1525
1536
1528
1532
1531
992
1534
1538
1540
1534
722
1526
1539
1541
1536
1346
1527
1535
1537
1526
1537
1537
1542
1537
1542
1539
1534
1539
1538
1527
1526
1522
1548
1535
756
1535
1480
1526
1540
1533
1536
1444
1535
1540
1538
1526
1544
1464
1543
805
1540
1546
1527
1539
1540
1523
874
1540
1523
1533
1541
1541
1008
1536
1534
1539
1529
1533
1541
1537
1542
1541
1545
1514
442
993
1534
1542
1536
1541
1543
1526
1534
1524
1248
1006
1539
1533
1536
1517
1531
1520
1533
1529
1514
1542
1538
1524
1539
1535
1539
1470
1537
1521
1528
1521
1515
1537
1534
1537
1536
1536
860
1523
1521
1535
1538
1547
1541
1539
1533
1538
1350
1521
1531
533
1529
1533
1536
1529
1539
1466
1534
1060
1531
1417
1444
1537
1528
1527
1538
1530
1539
1534
1538
1533
1540
1541
1524
1533
1543
1542
1541
1533
1193
1530
1536
1530
941
1533
1534
1537
1509
1538
1033
1539
1521
1538
1533
1535
1506
1522
1543
1532
1543
1533
1532
1536
1521
1538
1523
877
1158
1469
1536
1531
1513
1538
1541
1533
1537
1532
1489
1540
1529
1534
1539
1539
1529
1531
1534
1523
1524
1537
1535
1533
1541
1529
1544
1533
1544
805
1540
1538
1504
1536
1082
1534
1547
1530
1521
1540
1540
1539
1393
1534
1534
1527
1534
1538
1536
1535
1538
782
1535
1526
1522
1544
1547
1529
1542
1537
1531
1025
1542
1543
1517
1533
1534
342
1535
1544
1526
1529
1528
1532
1531
1535
1529
1543
1537
1529
1488
1464
1539
1539
1211
1541
1530
1524
1049
1524
1541
1540
1524
1322
1497
1534
1519
1525
1542
1534
860
1537
1541
1537
1541
1534
1542
1541
1533
1540
1536
1536
1540
1533
1523
1534
1529
1528
1546
1528
1535
1537
1536
1536
1481
1535
1548
1526
1523
1538
1520
1533
1537
1543
1117
1534
1369
1540
1242
1539
1534
1527
1533
1527
1528
1537
483
1541
1543
1539
1533
1518
1511
1537
1520
1532
1535
1533
1536
1530
1538
1526
1543
1536
1533
1540
1521
1530
1538
1537
1525
1533
1532
1538
1539
1530
1531
1539
1536
852
1543
786
1201
1535
1281
1533
1545
932
378
1542
1546
1538
1532
1540
1524
1523
1532
1534
1538
1536
1540
1524
1529
1535
1539
1462
1537
1538
1395
1101
1304
1533
1529
1540
1536
1540
1541
1532
1538
1544
1546
1534
1528
1525
1534
1537
1535
1542
1539
1532
1535
1466
1534
1543
1364
1534
1540
1537
1529
1515
1527
1518
1544
1512
1533
1539
1526
1529
1532
1539
1543
1535
1534
1548
873
1520
1527
1536
1534
1540
1535
1529
1535
1524
1542
1506
1490
1522
1538
1532
1538
1533
1470
821
1526
1534
1515
1531
1538
1539
1535
1528
1554
1536
1001
1538
1531
1538
1533
1539
1529
1534
1535
1540
1535
1538
1538
1534
1541
1534
1539
1534
1531
1537
1459
1529
1533
1544
1533
1533
1529
1524
1536
1539
1431
1536
1546
574
1537
1536
1538
1538
1535
1526
1536
1245
1530
1075
1535
1534
1535
645
1530
1537
1540
1524
1537
1539
1540
1530
1538
1533
1537
1525
1525
1534
933
1545
1524
1520
1529
1535
1540
452
862
1533
1530
1533
1131
1539
1536
1536
1531
1528
1535
1529
1541
1529
1543
1536
1214
1535
1527
1536
1532
1537
1539
1295
853
1537
1527
1539
1532
1531
1541
1518
1030
1537
1538
1523
1548
1538
1542
1531
1527
1534
1029
921
1538
1541
1524
1467
1543
1105
1528
1500
1407
1543
1529
1535
1529
787
1544
1539
1532
1537
1535
1539
1539
1522
1447
1533
610
760
1528
1531
1551
1018
1101
1544
1534
1537
1537
1530
1523
1542
1533
1359
1528
1008
1534
1520
1542
1528
1541
1533
1542
1151
936
1534
1536
1539
1530
505
1537
1528
1519
1537
817
1540
1540
1537
1534
1526
1538
1526
1527
1540
1538
1539
1497
1542
1537
1543
1538
1534
1539
1531
1540
1542
1526
1532
1403
1525
1528
1532
1530
1518
917
1537
1535
1538
1535
1518
1536
1536
1538
1540
1539
1539
1537
1538
1537
1544
1536
1539
1536
1543
1511
1529
1504
1536
1502
1534
1017
1533
1523
1528
1532
1539
1542
1537
1545
1090
1536
1542
1533
1542
1528
1536
1547
1557
1529
1519
1503
1514
454
1525
1536
1526
1532
1543
1533
1537
1532
1535
1534
1541
1534
1506
1530
1543
1534
1371
1510
1097
1523
1346
1539
1530
1528
1538
1532
1538
1534
1066
1531
1539
1529
1536
1528
1539
1538
1533
687
1534
1525
1534
1515
1082
1538
1533
1541
1521
1535
1536
1543
1542
1541
1535
419
1531
1530
1526
1508
1547
1532
1534
1537
1534
1535
1542
1546
1538
1544
1526
1034
1542
1546
1525
1537
1538
1530
1527
1538
1529
1544
1543
1537
1228
1538
1539
1531
873
1532
1535
1315
1544
1281
1534
1529
1526
1536
1538
1530
1540
1535
1541
1547
1540
1538
1536
1534
1538
1527
1538
1535
1545
1534
1517
1528
392
1542
1516
1529
1528
1524
1532
1533
1537
1531
1537
1545
1540
1229
1518
1535
1543
1536
1530
1516
1538
1520
1118
1541
1554
1538
1541
1529
1526
1540
1539
1540
1531
1514
1534
1529
1534
1073
1532
1527
1535
1531
1533
1524
1331
1311
1538
1540
1533
1541
1546
1526
1533
1540
1527
1535
1541
1219
1534
1538
1542
1536
1522
1537
1525
1535
1533
1534
1540
1519
1541
1532
1527
1525
1532
1531
1517
1542
1533
1539
1529
1538
1538
1501
1534
1533
1535
1512
1529
1536
1540
1538
963
1522
1544
1531
1528
1528
1540
1538
1541
1520
1527
1535
1544
1520
934
1536
1543
1533
1536
1534
1531
1534
1541
1281
1534
922
1530
1536
1538
951
1537
1495
1540
1539
1541
1541
1537
1529
1533
1537
1529
1537
1542
1541
1538
1523
1536
1542
1539
1371
1542
1537
867
1533
1542
1547
1535
1537
1521
770
1539
1532
1537
1530
1089
1528
1272
1507
1527
1526
1539
1532
1526
1445
1514
1539
1538
1536
1543
1543
943
1529
1543
1539
1261
1539
1447
1542
1532
1533
1532
1537
1526
1533
1530
1537
1526
1543
1535
1541
1534
1351
1527
1522
1534
1533
1531
1538
1329
1504
1526
1536
1534
1536
1543
1542
1532
1534
1539
1534
1515
1521
1533
1530
1543
1535
1535
1533
1546
1539
1537
342
952
1534
1532
1533
1524
1542
1546
1540
1545
1528
1538
1539
1532
1533
1535
1541
1534
1533
1546
1336
1536
1542
1543
1543
1522
1523
1495
1524
1540
1541
1540
1526
1539
1529
1533
1398
1530
1542
1466
1538
1542
1534
1523
1538
1300
1537
1534
1542
1538
1507
1528
1529
1534
1536
1539
1536
1534
1528
1535
1538
318
1538
1543
1539
1101
1525
1543
1513
1536
1531
1534
1530
871
1531
1536
1533
1517
1532
1531
1541
1532
1521
1522
1525
1536
1543
1534
1537
1526
1535
1541
1536
1537
1540
1536
764
1532
1533
1537
1531
1532
1546
1520
1506
1535
1538
542
1537
1523
1247
1538
1535
1530
1530
1536
1533
1534
1538
1525
1537
1542
1513
1528
1544
372
1530
1120
1536
1543
403
1546
1531
1539
1522
1529
1527
1533
1539
1500
1533
1536
1536
1537
1537
1534
1538
1539
1537
1531
1537
1532
1535
1500
1533
1536
1536
1159
1539
1531
1540
1535
1534
1532
1536
1529
1529
1532
1530
1535
1524
1536
1541
1524
1539
1199
811
1528
728
1541
1546
1521
1540
484
568
997
1538
1172
1535
1536
1539
1505
1539
1540
1531
1531
1534
1523
1531
1543
1534
1537
1527
1540
1545
1535
1543
1539
1538
1539
1536
1492
1535
1536
1541
1486
1523
1535
1535
1523
1533
1536
1536
1547
1526
1515
1537
1537
1541
1545
541
1135
1539
1535
1535
1535
1531
1536
1526
1519
1525
1544
1537
1537
405
1549
1541
1545
1544
1536
1535
1536
1533
1541
1535
1536
1541
1534
1542
1540
1535
1555
1537
1534
1538
1535
1534
1535
1531
1536
1538
848
1535
1538
1533
1507
1536
1545
1544
1504
1522
1536
1526
1410
1538
1536
1540
786
1533
1537
1539
1539
1523
1541
1539
1528
1526
1525
889
1531
1537
1534
1531
1537
1547
1543
1536
1537
1542
1534
1523
1533
1310
1533
876
1540
1536
972
1231
1537
1523
1541
1538
1537
1533
1546
1535
1539
1542
1532
1535
1068
1534
1534
1530
1536
1530
1528
1424
1352
1540
1525
1532
1533
1530
1540
1537
1533
1537
1521
1542
1541
1529
1541
1533
1431
1535
1533
1532
1527
1532
1544
1521
1536
1537
1539
1538
1544
1538
1534
1527
1542
1528
1546
821
1541
1537
1538
1526
1543
1536
1467
825
901
1538
1532
1537
1514
1527
1537
1117
1526
1532
1529
1534
1521
1524
1532
1531
1534
1535
1538
1535
1544
859
1522
1544
1535
699
1532
1541
1549
1539
1544
1534
1528
1529
1533
1536
1541
1536
1535
1537
992
1539
1542
1533
1539
1538
1535
1537
1539
1538
1515
1524
1542
1533
1542
1537
1531
1538
921
1536
1541
1356
1538
1535
1435
1538
1535
1546
990
1538
1540
1538
1537
1537
1537
1292
1518
1542
1535
1524
1136
760
1534
1506
1518
1533
1185
1539
1538
1535
949
1534
1537
1531
1538
1534
1533
1532
1017
1546
1314
1533
1518
913
1527
1541
350
1521
947
1541
1538
1534
1538
1538
1541
1541
1532
1526
1544
1528
1522
1542
1533
950
1532
1531
1513
1533
1531
1531
1544
1542
1528
1541
1537
1534
1533
1533
647
695
1516
969
1544
1533
987
1527
1535
1531
1533
1512
1529
1275
1536
750
1534
1542
1540
1537
1525
1528
1531
1530
1522
1550
1526
1525
1532
1523
1533
1544
1546
1544
1535
1536
1541
1532
1537
1539
1533
881
1522
1536
1540
1071
1523
1524
1528
1524
1543
1537
1539
926
1542
1534
1531
1536
1519
1531
1540
1469
1284
1531
1545
1538
1538
1068
1531
1536
1537
1523
1538
1542
1509
1535
1529
1534
1534
1545
1520
1246
1536
1540
1533
1540
1537
1526
1538
1538
998
1534
1531
1532
1529
1351
1536
1538
1503
1542
1534
1534
1531
1535
1542
1539
1286
1538
1528
1543
1534
1536
1548
1531
1019
1540
1524
1527
1541
1535
1539
1531
1524
1499
1540
1536
1531
1516
781
1533
1506
1534
1531
1511
1538
1538
1530
1539
1524
1538
1543
1534
1514
1536
1532
1493
1535
1539
1542
1538
1535
1422
1532
1541
1533
1536
1536
1522
1533
1535
1521
1538
1536
1534
1538
1530
1530
1541
1537
1425
1536
1535
1531
1537
1528
1532
1534
1522
1540
1519
1545
1010
1532
1520
1541
1534
1543
1525
1536
1512
1527
1520
1163
1540
1538
1534
1536
1524
1535
1538
1542
1541
1533
1534
1542
1547
1204
1535
1541
1542
1539
1538
1508
1544
1521
1163
1501
1535
1530
1288
1541
1528
1497
1522
1111
1537
1533
1542
1536
1526
1536
1536
1536
1530
1541
1529
1504
1536
1524
1533
1545
1532
1551
1539
1534
1539
992
1531
1524
1528
1539
1529
1542
1543
1521
1532
1514
1539
1534
874
1535
1540
1534
1534
1535
874
1526
1533
1529
1410
1532
744
1539
1535
1543
1521
1523
1532
1523
1525
1545
1530
1540
1535
1513
1535
1533
1530
1540
1535
1535
1523
1532
1535
1548
1536
1537
1539
1534
1533
1540
1513
1536
1533
1460
1538
1534
1485
1536
1541
1536
1532
1530
1540
1538
1542
1532
1533
1535
1526
1537
1540
1535
1532
1523
1534
1544
1533
1534
1524
1546
1540
1541
1536
1542
1535
1536
1526
1507
1533
1532
1072
1537
321
1529
1540
1536
1522
1539
1542
1522
1523
1505
1535
1540
1535
1536
1539
807
1534
1547
1538
1529
1536
1515
1534
1540
1524
1535
1520
1537
1535
1538
1540
1527
691
993
1540
1531
1542
1544
1541
1535
1541
1534
1545
1538
1541
1500
1540
1537
1542
1541
1541
1528
1537
1534
1535
912
1538
872
1528
1537
1539
1530
1534
1540
1536
1313
1543
1538
1521
1532
1541
1507
1535
1535
1532
1535
1533
1538
1541
1532
1473
1539
1530
1541
1520
1535
1541
1514
1414
459
1534
1542
1543
1532
1538
1542
1526
1537
1537
1537
787
1485
1527
1527
1533
1495
964
1534
1520
1538
1545
1544
1545
878
1539
1531
426
1532
1511
1537
1538
1528
1529
1540
942
1539
1521
1532
1535
1537
1523
1543
1517
1513
1534
1523
1501
1533
1531
1539
1524
1541
1441
1530
1537
1528
1546
1537
1536
1511
959
1539
1536
1426
1526
1534
1532
1529
1540
1520
1498
1539
1528
1520
1028
1536
1541
1542
1540
1533
1537
1163
1543
1540
1538
1535
1534
1534
1533
863
1534
1535
1531
1526
1533
1516
1533
1540
1539
1528
1525
1534
1533
1536
1534
1538
1538
1536
1528
1533
1538
1542
1516
1532
1550
1537
1542
1543
1532
1535
1535
1544
1530
1539
1543
1536
1540
1543
1539
939
1537
1538
1518
1440
1229
1539
1535
1535
1536
1536
1538
1520
1535
1537
1535
1538
1523
1541
1536
1539
1526
1525
1526
1532
1540
1543
1532
1523
1537
1530
1445
1521
316
1535
1532
1534
1535
1544
1335
1534
1533
1530
1532
1533
1534
1533
1523
1546
1533
1536
1522
1223
1541
1537
388
1525
1526
1536
1538
1529
1534
1536
1533
1041
1545
1542
1540
1542
1483
1543
1516
1539
1538
1504
1542
880
1539
1527
1536
1521
1539
1539
1507
1539
1534
1532
1535
1527
1531
1538
1540
1540
1542
1539
1523
1534
1536
353
1542
1535
1535
1520
1537
1529
1535
1535
1249
1527
1503
1532
1527
1533
1534
1537
1530
1530
1540
1532
1291
1537
1537
1542
1541
1537
1172
1527
1533
1528
1536
1500
1532
1530
1534
1534
1543
1541
1533
1538
1529
1541
1542
1519
1539
1539
1542
1537
954
1544
1544
1535
1537
1534
1538
1532
1032
1536
1534
1526
1533
1525
912
1500
1538
1538
1538
1545
1524
1529
1536
1516
1526
1526
1061
1518
1536
1423
1538
1529
1535
1541
1536
1539
1538
1539
1526
1018
1547
1359
1526
1543
1525
792
1527
1536
1531
1531
1529
1535
1268
1537
1537
902
1539
1532
1376
1531
1506
1530
1528
1534
993
1534
1333
1529
1542
1527
1535
1526
1536
1537
1528
1533
1536
1533
1539
1539
1536
1297
1523
1455
1559
1546
1543
1534
1540
1543
1523
1541
1539
1529
1535
1529
1390
1539
1020
1522
1532
1525
1515
1538
1443
1544
1530
1516
1530
1536
1539
1537
1536
1542
1516
1536
1528
1533
1541
1540
1520
1536
1535
1543
1539
1521
1529
1533
1530
1535
1533
1508
1540
1355
1537
1527
1537
1533
1532
1521
1537
1539
1539
822
624
1534
1529
1514
1532
1533
1543
1536
1532
1529
1535
1538
1543
1529
1514
1535
1532
1530
1539
1521
1530
1544
1535
1539
1529
1396
1538
1520
1534
1506
1532
1516
1518
1538
1543
1534
1534
1536
1534
1542
302
1538
1537
1526
1332
1532
1535
1535
1544
1530
1538
602
1503
1522
1522
1534
1534
1539
1520
1533
1543
1525
1535
1522
1541
1537
1532
1533
1538
1542
774
1555
1535
1528
1534
1510
1539
1540
1520
1537
1539
1532
1510
1513
1540
805
1540
1536
1536
1533
1535
1521
1534
1534
1533
1533
1044
1543
1540
1534
1518
1543
1535
1528
1532
1523
1534
890
1530
1536
1530
1045
1528
1021
1543
1532
1531
1531
1522
1545
989
1484
1171
1539
1532
898
1537
1529
1542
1546
1539
1527
878
1546
1535
1523
1536
1531
1540
1539
1532
1528
1535
1540
1541
1538
1536
1527
1538
1541
1530
1526
1537
1533
1541
1537
1540
1529
1538
1540
1532
1541
1519
891
1538
1471
1536
1540
1537
1534
1533
1532
1533
1538
1521
1515
1532
1528
1544
1544
1538
1524
1536
1538
1536
1532
1534
1533
1542
1535
1536
1515
1533
1044
1533
1549
1539
1504
1542
1502
1531
1540
1532
1531
1546
1524
384
1526
1545
1541
1550
1538
1503
1544
1525
1549
1522
1544
1536
1534
1531
1530
406
1543
1527
1544
1530
1542
1535
1543
1497
1542
1540
1533
1510
1544
1535
1537
324
1533
1531
1541
1536
1542
1535
1288
1543
1546
1543
1533
1532
1530
1527
1284
944
1536
1552
1009
1522
1532
1382
1202
1536
1537
1539
1530
1535
1535
1457
1538
1534
1534
1373
1532
1540
739
1534
1534
1537
1532
1528
1543
1525
1538
1518
1525
1531
1535
1213
1537
1538
1543
1513
1519
1541
1534
1520
1539
1538
1531
1534
1536
1540
1542
1536
1530
1535
1540
1520
1541
1531
1535
1529
1542
1514
1533
1535
823
1533
1435
1542
1541
1536
1535
1538
1518
1511
1539
1517
1530
1474
1538
1542
1535
1532
1518
1537
1549
1535
1521
1540
1541
1533
1522
1529
1532
961
1538
1532
1539
1531
1538
1521
1532
1532
1527
1535
1540
1536
1524
1533
1280
1525
1537
1534
1524
1531
1531
1535
1530
1537
1529
1529
1534
1532
1534
1515
1538
1542
1534
695
1517
1349
1535
1538
1541
1528
1539
1531
914
1537
1156
1531
1535
1531
1552
1511
1531
1535
1530
1534
1532
1527
1534
1533
1532
1535
1517
1536
1496
1534
926
1449
1532
1532
873
1536
1506
1532
1374
1543
1539
1525
1536
1187
1523
1525
1445
1528
1536
1535
1531
1533
1540
1516
1537
1539
1533
1534
1538
1541
1540
1535
1531
1545
1532
1519
1538
1550
1535
1534
1530
1533
1539
1536
1535
1532
1537
1523
1522
1539
1375
1536
1534
1520
1534
1503
1544
862
1537
1542
1544
1532
1532
1537
1540
1524
1549
1539
1538
1541
1536
1528
1539
1104
1519
1530
1537
1528
1535
1531
1535
1523
1530
1539
1539
1308
1534
1531
1516
1510
1523
1532
1545
1100
778
1530
1532
1530
1519
1540
1541
1524
1535
1535
1533
1529
1513
1536
1529
1537
1528
1536
1176
1541
992
1521
1543
1537
1537
876
1532
1539
1536
1532
1537
1533
1535
1541
867
1539
1524
785
1544
893
1530
1536
1517
1545
1534
1538
1530
1082
1535
1529
1105
1533
1535
1523
1538
1537
807
1534
1541
1540
1542
1537
1539
1531
1534
1530
1532
1535
1539
1537
1538
1536
1534
1475
1508
1527
1538
1536
1537
1535
1535
1538
1463
1529
1529
1531
1539
1540
1529
1542
1545
1531
1535
1535
1542
1533
1545
1540
1536
1524
1536
1537
1530
1532
1539
1543
1529
834
1538
951
1537
1527
1469
1537
1537
551
1520
1537
1531
927
1109
1537
1535
1538
1384
1521
1532
1533
1531
1541
1504
1534
1540
1332
1529
1544
1532
1535
1534
1539
1527
819
850
1533
1535
1525
1523
1531
1537
1525
1530
1541
1520
1527
1534
1530
1407
1521
1507
1532
1502
1536
1522
1538
1542
1540
1536
1385
1537
875
1537
1536
1365
1539
1508
1532
1541
1542
1535
1454
1532
1531
1535
1527
1539
868
1168
1531
1529
1533
1545
1535
1540
1547
1533
1521
1536
1511
1521
1522
1537
1536
1543
1541
1531
1535
1540
1544
1535
1536
1542
1535
1535
1536
1518
1520
1527
1527
1539
1547
1541
1521
1535
1032
1535
310
783
1534
1533
1530
1543
1539
1531
1536
1544
1523
1539
1539
1543
1540
1538
1534
1530
1205
1537
1536
1076
1534
1507
1527
1517
1536
1537
1532
1538
1500
1532
1545
1531
1529
1535
1540
1507
1514
1525
1533
1531
1521
942
1536
1537
1544
1536
1535
1526
1541
1536
1539
1539
1537
1529
1544
1534
1525
1536
1531
1540
1530
1529
1534
1540
1524
1504
1530
1534
1536
1519
1529
1545
1530
1536
1532
1542
1515
1531
1516
1543
1537
1536
1530
1536
1497
1531
1537
1532
1541
1542
1449
1471
1537
1097
1537
1407
845
1539
1546
1525
1524
1546
1526
1528
1525
1540
1526
1538
1120
1533
1535
1536
1069
1540
1533
1543
1460
1537
1543
1111
1530
1535
1539
1538
1541
1399
1546
1542
1537
1542
1528
1516
1536
1459
1533
1139
937
1537
1537
1528
1542
1533
1528
1535
1507
1528
1530
1535
1534
505
1528
1542
1505
784
1538
1242
1515
1538
1529
1290
1523
1541
1539
1390
1530
1537
1525
1535
1536
323
1541
1536
623
1535
1535
1521
1533
1535
1141
1535
1532
742
1488
1537
1528
1529
1525
1536
1543
1537
1525
706
1534
1113
1531
1462
1536
1541
1478
1531
951
1112
930
1530
1517
1541
1533
1285
1524
1543
1537
1540
1531
1531
1544
1534
1533
1557
760
932
1543
1451
1522
1532
1531
1537
1539
914
1537
1532
1534
1536
1519
1539
543
859
1536
1532
1535
1520
1532
1528
1537
1540
1519
1537
1536
1524
1542
1520
1536
1530
1529
1533
1538
1536
1533
1532
1541
1543
1536
1538
1053
1538
1540
1537
1542
921
1523
1532
1531
1537
1532
1542
1529
1537
1536
1535
1405
1532
1537
1530
1545
1535
913
1272
1531
1526
1531
1539
1544
1533
1543
869
1529
1524
1531
1533
1523
1498
1196
1542
1533
1527
1533
1533
1534
1528
1534
1523
1195
1525
1533
1536
1505
1535
1535
469
1538
1534
1544
1539
1025
1533
1545
1541
1495
1530
1539
1536
1534
1518
988
1532
1539
1540
1531
1527
1543
1546
1539
1542
1533
1535
1542
1545
1538
1530
1538
1536
1540
1529
1527
1524
1540
1537
1535
1064
1533
1543
1266
1538
1540
1293
1126
1502
1540
1535
1521
1247
1388
1538
1535
738
1536
1538
1534
1528
1539
1531
1526
1541
1506
1539
1537
1536
1534
1535
1538
1533
1516
1542
1529
1532
1538
1543
1537
1539
1539
1541
1538
1527
1537
1536
1539
1540
1531
1531
1533
1524
1539
1531
1540
1530
1544
838
1534
1535
1519
1540
1532
1525
1533
1546
1532
1531
1534
1542
1532
1544
1522
537
1534
1524
1534
1539
1531
1082
1534
1520
1537
1531
1539
1535
1533
1538
1534
1442
1533
1535
1538
1545
1547
1536
1529
1535
1540
1530
1540
1541
1544
1552
1043
1535
1526
1525
1541
1530
1544
1535
1249
1526
1536
1539
1539
1533
1533
1532
1536
1532
1540
899
769
1537
1537
1528
1526
1533
1520
1533
1543
1538
1522
1537
1521
1540
1509
1521
1518
814
1524
1530
1526
1536
1525
1544
1538
932
1539
1540
1540
1530
1538
1537
1542
1535
1521
1535
1538
1534
962
1535
1525
1539
1542
1537
1542
1532
1530
1534
1529
829
1539
1537
1529
1539
1538
1538
1539
1532
1540
1539
795
1530
306
987
1516
1539
1538
1543
1423
1536
1524
1270
779
1530
1530
1156
1534
1521
1534
1540
1325
1537
1529
1534
1534
1533
1541
1498
1536
1542
1533
1532
1537
1541
1541
1520
1536
1535
1535
1535
1539
1528
1545
1535
1534
1520
1540
1533
1536
1536
1535
1528
1538
1549
1528
951
1393
1534
1500
1529
1526
1539
1534
1532
1542
1537
1533
1524
1536
771
1401
1538
1530
1535
1543
1543
1533
866
1073
1537
1507
1544
1509
1544
1534
1540
1538
1530
1544
1535
795
1535
1536
1536
1533
1538
1543
1535
1532
1539
1536
1546
1530
1535
1525
1544
1524
1526
1535
1532
1320
1539
1529
1531
1527
1533
1532
1534
1504
1538
1534
1509
1535
1533
1542
1540
1538
1059
1531
1535
1527
1531
1530
1539
1533
1535
1536
1540
1533
1519
1544
1522
1542
1533
1045
1540
1536
1528
1533
1536
1542
1540
1532
1399
1538
1532
1529
1518
1521
1532
1537
1538
999
1536
1536
1536
1513
1539
1535
1532
1539
1542
1529
1539
1534
1533
1532
1529
1539
1535
1540
1553
1534
692
1539
1530
1531
1535
1540
1520
1542
1539
1546
1532
1534
1529
1537
1536
1527
1533
1534
1538
1534
1538
1536
1529
1542
1529
1523
1534
1541
1534
1522
1536
1528
1542
1534
826
1531
1540
1520
1541
1527
1533
1514
1536
1538
1543
1532
1532
1537
1517
1530
1533
1533
1531
1538
1539
1542
1530
1534
1536
1538
1528
1533
1525
1537
1425
1533
1538
1535
1545
1547
1533
1526
1539
1539
1504
1538
1536
1518
1532
1529
1519
1440
1044
1522
1548
1539
1520
1507
1539
1535
1532
1536
777
1531
1529
1524
1544
1530
1541
876
1438
1541
1535
1534
1531
1519
1539
1536
1540
1532
477
1538
1539
1533
1539
1543
1540
1542
1539
1541
1535
620
1526
1534
1539
1543
1545
1535
1535
1539
1529
1533
1535
1542
1535
1539
1527
1542
1535
1540
575
1532
1534
1543
1537
1532
1260
1525
1537
1535
1546
1527
1527
1524
1534
1540
1521
1053
1536
1541
1536
1526
1538
1538
1023
1538
1536
1547
1550
1533
1536
1538
1532
1463
1526
1537
1524
1540
1540
1540
1530
1533
1530
1533
1528
1540
1535
1533
1528
1532
1513
1545
1528
1538
1533
1536
1538
1531
1541
1535
1524
1533
1521
959
1541
1536
1526
1537
1534
1504
1539
1537
1538
1536
1524
1437
1538
1535
1069
1532
1534
1539
1532
1536
1068
1549
1536
1537
1533
1541
1539
1535
1539
1534
1534
1534
1521
1540
1540
1527
1542
1531
1545
1538
1531
1532
1539
1537
1533
1413
1539
1533
1523
1113
1525
1530
1537
1541
1417
1529
1540
1533
837
1535
1528
1531
1540
1526
1516
1536
1512
1534
1178
1540
1539
1541
1538
1543
1535
1526
1537
1526
1524
1533
1534
1531
1533
1529
1529
1533
1540
1534
1524
1066
1527
1535
1519
1529
1532
1461
1523
1539
1512
1535
778
988
1527
746
1542
1510
1531
1536
1424
1527
1537
1538
1536
1536
656
1530
1536
1159
1538
1538
1534
1539
1539
1519
1531
1534
1526
1536
1522
1531
1543
1532
1540
1537
1532
1018
1545
1508
1534
1526
1529
1537
1531
1532
1538
1513
1511
1541
1532
1529
1531
1502
1527
1537
1540
1532
774
1541
1519
1515
1544
1511
1534
1538
1540
1537
1532
874
1537
1417
1523
1532
1527
1538
1539
1482
1540
1539
1528
826
1541
1533
1528
1522
1540
1538
1539
1539
1539
1533
1537
1534
1533
1542
1535
1504
1529
1526
1533
1544
1538
1510
1539
1537
1539
1524
1529
1539
1534
1535
1527
1522
1534
1528
1540
1543
1542
1517
1543
1534
1533
1535
1534
1528
1541
1525
1533
1535
1538
1538
1537
1533
1538
1529
1541
1519
792
650
1536
1539
1531
1195
1533
1538
1533
1536
1528
1526
1523
1536
1515
1540
1534
1537
1222
1522
1532
1546
1534
1518
1520
1536
1538
1547
1542
1541
1542
1527
1486
1542
1539
1532
1531
535
1538
1531
1528
1535
1294
1532
1523
1508
1142
1507
1140
1520
1536
1532
1536
1535
1531
1524
1539
371
1544
1446
1541
1534
1533
1537
1546
1536
1539
764
1535
1556
1537
1534
1548
1536
1539
1538
1534
1530
1536
1536
1535
1539
1534
1536
1531
1533
1538
1537
1530
1104
492
1529
923
1536
1526
809
1533
1526
1521
1537
1540
1533
1536
1536
1541
1534
1534
1532
1536
1535
1531
1510
1536
1536
1537
1468
1544
1541
1535
1535
1536
1532
1538
1525
1529
1541
1501
1533
1538
1523
1539
1535
1535
1536
1536
1522
1537
1538
1526
1544
1533
1540
1549
1527
1525
1534
1536
652
1528
1543
1536
1308
1539
1435
1539
1536
1543
733
1535
1542
1540
1530
1290
1539
1541
1532
1537
1524
1533
1467
1473
771
1518
1529
1538
1528
1544
1538
1539
1528
953
1537
1537
1539
1527
1536
1535
1536
1527
1534
1537
1536
1516
1519
1521
1516
1530
1518
1530
1538
1534
1532
1524
1535
1534
1516
1527
1544
1534
1532
1241
1539
1549
1535
1533
787
1543
1526
1537
1531
1533
1531
1538
1544
1533
1527
1529
1539
1539
337
1535
1536
1526
1532
1529
1543
1532
1539
736
1539
1529
1539
1148
1542
1522
1543
1536
1521
1536
1538
1537
1546
1534
1536
1536
1533
1537
1541
1534
376
1535
1541
1535
992
1532
1539
1537
1539
1531
1539
1546
1508
1526
1536
1538
1543
1538
1524
1537
1536
1537
1548
1532
1533
1549
1530
1537
1531
1531
1538
1256
833
1531
1539
1533
1535
1559
879
1534
1529
1538
1511
1522
1529
1531
1526
1524
1507
1541
1538
1531
1534
1517
1524
1530
1533
1533
1507
1526
1523
1524
1525
1535
1531
1537
1537
1542
1534
1541
1537
1536
1528
1529
1539
1524
1536
1531
1535
1536
1540
1544
1531
1479
1544
1537
1533
1521
1471
1538
1541
1543
1541
1536
1543
1534
1542
1539
1539
1541
1466
1537
1536
1529
1531
1541
1534
1537
1530
1047
1538
1535
1540
1516
1539
1541
1537
1524
1528
1479
1545
1461
1526
1542
1534
1528
1523
1515
840
1510
1534
1526
1536
1534
1534
1528
1458
1544
1539
1538
1533
1536
1536
1541
1533
1542
1534
1251
1539
836
1540
1533
1526
1535
1546
1527
1530
1528
1536
1544
1529
1535
783
1535
1529
1522
1527
1531
1542
1536
1535
1530
985
1516
633
1538
1531
1510
1533
1534
1540
1545
1539
1533
1540
1532
1539
1531
1533
1539
1533
1535
1525
1524
1547
1537
1539
1529
1541
1421
1536
1537
1536
1530
1524
1539
1534
1535
1533
1541
1528
1543
1533
1518
1519
1537
1541
1535
1540
1535
1528
1533
1522
1347
887
1538
1536
1531
1540
981
1537
1518
576
1515
1506
1015
1538
1536
1537
1379
1535
1536
1538
1535
1534
1537
1524
1541
1541
1525
1520
1067
1540
1212
1539
1536
1504
1530
1533
1488
1530
1537
1535
1537
1531
1537
1540
1535
1536
1537
1541
1520
1536
1532
1523
1549
1533
1529
1536
1532
1542
1532
1536
1530
1545
1496
1528
1542
1541
1535
1541
1533
1535
1536
1519
1532
1536
875
1535
1532
1518
1528
1525
1533
1519
1533
1542
1434
1534
1529
1429
1530
1530
1535
1039
1538
1531
1538
1545
1526
1537
1538
1519
1541
1539
1539
1526
1522
1530
1545
1539
1278
1540
1539
1527
1474
1522
1530
1541
1528
1533
875
1541
1535
1374
1533
1531
1526
1529
1532
1535
1533
1524
1530
1534
1529
890
1537
1538
1539
1514
1537
1528
1534
1532
1534
1537
1520
1536
1541
1534
1533
1532
1522
1540
1535
1539
1539
1362
1537
1527
1538
1534
1537
1547
1542
1534
1540
1541
1537
1526
1541
1526
1526
1316
1538
1533
1529
1532
1528
1541
1529
1538
1539
1524
1535
1517
856
1537
1532
1545
1538
1539
1540
1532
1536
951
1537
1532
1539
1532
1527
1157
1536
1542
1525
1533
1539
1528
1524
1518
1523
1538
1521
1533
1538
1533
1527
1546
1491
1520
1541
1541
1532
1535
1535
1525
1536
1542
1532
1533
1540
1541
1538
1528
1519
1524
1537
1538
1525
1534
1538
1539
1536
1533
1536
1534
1414
1537
1528
1531
1522
1542
1541
1535
1528
1539
1538
1539
1532
1534
1539
1538
1529
1536
1501
1538
1537
1533
709
1524
1544
1520
1535
1535
1536
1536
1541
1527
1531
1541
1525
1530
1543
1542
1314
1539
1517
1544
1528
1537
1540
1537
1517
1519
1533
1534
1534
1533
1513
1537
1544
1542
1521
1538
1538
1534
1538
1529
1539
1530
1534
1529
1535
1537
1539
1544
1538
1538
1536
1538
1537
1536
1524
1152
655
1546
1533
943
1523
1521
1537
1541
1540
1535
1490
1508
1538
1522
1532
1529
1519
1536
1522
1534
1541
1529
1536
1538
629
1533
1530
1535
1531
1532
1528
1540
1536
1221
1533
315
1529
1529
1532
1542
1536
1541
1537
1545
1508
1523
1532
1536
1540
1538
1536
1535
837
1020
1532
1542
1536
1479
850
1538
1536
982
1539
1533
1534
1518
1529
1539
1534
1537
1541
1543
1533
1537
1528
1545
1537
1526
1527
567
1519
1540
1535
1529
1547
1537
1538
1536
1531
1527
1531
1533
1530
1541
1527
1534
1541
1537
1536
1525
1538
1546
1537
1541
1474
1537
628
1534
1419
1540
1536
1505
1543
1516
1532
1528
1533
1537
1532
1532
1533
1526
1521
1530
1513
1539
1538
1534
1533
1534
1517
1538
912
1530
1538
1535
876
577
1529
1531
1536
1531
1534
1535
1543
1542
1540
1544
844
1538
317
1523
1546
686
1535
1540
886
1545
1537
1503
1536
827
863
1543
661
1055
1528
1535
1535
1535
1277
1545
1539
1556
1499
1532
1526
1536
1534
1518
1010
1537
1540
1536
1531
1545
1518
1538
1547
1536
1538
998
1542
1536
1532
1526
1522
1267
1543
1525
1516
1543
1541
833
1539
1538
1530
1524
1537
939
1539
980
1535
1150
1535
1531
1533
1527
1519
1540
1542
1537
1543
1532
1530
1530
1536
1534
829
1531
1534
1505
1530
1529
1520
1531
1519
1529
1539
1539
620
1536
1532
467
1180
1539
1539
1536
1230
1546
906
1535
1538
1537
1542
1538
1528
1543
1538
1540
1522
1530
1535
1517
1535
1532
1539
1530
1541
1536
1381
1529
1535
1500
1533
1541
1540
1536
1529
1538
953
1541
1526
744
1510
1547
1536
1522
1166
1532
1526
1524
1541
1514
1540
1531
1507
1536
1528
958
1536
1536
1524
1536
1532
1548
1530
1534
1535
1452
1519
1534
1528
1532
1540
1524
1538
1545
1537
1512
1536
1537
1533
1542
1519
1533
1537
945
1536
1306
1537
1539
1530
1539
1531
1534
1539
1509
1538
1541
1529
1540
1539
1502
871
1542
1537
1534
1513
1535
1509
1538
1530
1543
1355
1519
563
1030
1532
1540
1517
1521
1542
906
869
458
1538
1527
1538
1532
1532
1546
1526
1541
1537
1542
1539
1537
1531
1547
1541
1535
1533
1534
1540
970
1528
1530
1534
1532
1536
1533
1527
1530
1039
1284
1379
1533
1523
1538
1529
1522
1063
1531
1538
1534
1525
1530
1513
1537
1530
1535
392
1540
1546
1525
1518
1543
1530
1536
1545
1531
1533
1533
1536
1532
1522
1539
1529
1532
1541
1520
1534
1540
1535
1526
1542
920
1539
1535
1536
1527
1488
1513
1559
1517
1494
1529
1537
1515
1520
880
1518
1531
1542
1526
1537
1534
1539
1538
1538
1541
1534
1528
1530
1534
1542
1536
1522
1535
1529
1535
1534
1540
1545
1540
961
1537
492
1533
1536
1525
1525
1130
1526
1525
1540
1531
1538
1536
1533
1534
1529
1360
1532
1555
1526
1534
1516
1494
1540
1532
1464
1534
1514
1537
1536
1509
1542
1539
1538
1535
1541
1539
1527
1543
1526
1140
1531
1538
1535
1531
1529
1539
1541
1523
1148
1538
868
1530
1541
1538
1502
1538
1521
1543
1537
1537
1539
1538
1542
1544
1543
1538
1530
1537
1528
1526
1540
1541
1536
1528
1542
1525
1532
1528
1537
1536
1535
1538
1539
917
1532
1538
1523
1544
1534
1532
403
821
1533
1539
1533
1543
1538
1533
1053
1530
1063
1540
1506
1524
1537
1537
1527
1535
1544
1536
802
1535
1531
840
1500
1539
1546
1543
1530
1536
1541
1539
1538
1546
1516
1518
1533
1512
1115
1528
1523
1543
1537
1532
1515
1535
1544
1532
1518
1539
1537
1540
1532
1535
1545
1538
1527
982
1538
1540
1539
1533
1530
1537
1532
1535
1533
1537
1518
1534
1544
1548
1534
1523
1538
1540
1338
1537
1536
1527
1516
1476
1532
1523
1538
1533
1536
1543
1544
1541
1537
1539
1538
1535
1533
1537
1544
1518
1518
1473
1528
1533
1524
1533
1540
1538
1541
881
1020
1532
1538
1528
1538
1535
1541
1532
1519
1541
1532
1541
1534
1540
1529
1535
1544
1538
1543
1535
1539
1537
1541
1539
