1551
1556
1552
1536
1551
1551
1552
1560
1544
1546
1555
1557
1551
1537
1550
1548
1551
1551
1487
1555
1553
1542
1527
1546
1551
1551
1556
1529
770
1554
1555
1530
1537
1548
1559
1555
1556
1553
817
1556
1556
1554
1536
1490
1546
1560
616
1552
1556
742
1487
1553
1548
1552
1549
1015
1552
1548
1556
1552
1555
1552
1551
1552
1536
1550
1539
1560
1560
769
1547
1547
1545
1551
1556
1555
1555
1551
1552
1561
1547
1547
1554
1548
1540
1538
1552
1559
1551
1554
1551
1539
1550
1555
1123
1556
1541
1543
1108
1551
1555
1550
1555
1555
1552
1550
1550
516
1554
1569
1554
1556
1546
1561
1548
1548
1543
1549
1540
1228
1556
1550
1554
1507
1541
1521
1541
1550
1553
1538
1542
1550
1146
1554
1551
885
1560
1556
1556
1557
1551
1553
1552
1550
1550
1543
1266
1555
1552
1292
1552
996
1535
1559
1543
1552
1547
1557
1556
1549
1554
1551
1538
1553
1558
1553
1539
1546
1502
1553
1533
1528
1551
1554
459
1556
1547
1555
1547
1550
1546
1553
1482
1560
1548
1549
1407
1556
1554
1553
1535
1539
1561
1559
1552
1550
1558
1533
1557
1557
1550
899
1556
1555
1556
1546
1557
1558
1539
1561
1549
1523
1006
1548
1542
1320
1544
1560
1553
1548
1542
1043
1555
1557
1552
1543
1550
1554
1551
1553
1550
1551
1543
1537
1543
1547
1561
1541
1560
1552
1551
1535
1538
1553
1559
1540
1556
1553
1549
1545
1235
1556
1555
1554
1539
1552
1537
1551
1539
1505
1553
1555
1554
1469
1554
1550
1553
1555
1543
1555
1552
1550
1560
949
1550
1556
1469
1548
1547
1552
1555
1550
1564
1555
1056
1540
1553
1544
1553
1552
1527
1553
1559
1349
1552
912
1552
1525
1555
1549
1533
380
1560
1559
1553
1549
1547
1544
1549
1539
737
1552
1547
1561
1555
1555
1547
1556
1539
1543
1552
1552
1093
1555
1539
1541
1548
1544
1542
1543
1553
1547
1548
1550
1546
1549
1545
1550
1546
1547
1541
1333
1540
1555
1555
1558
1548
1553
1550
1556
1553
1541
1556
1551
1564
1555
1555
1556
1544
1547
1551
1536
1557
622
1540
1555
1551
1554
1552
1553
1536
1539
1551
1561
1546
1544
1550
1545
1546
1560
1556
1550
1557
1554
1559
1406
1548
1554
1553
1555
1554
1549
1540
1540
1551
1550
1557
1536
1554
1164
1542
1550
1550
1553
1561
1549
1556
1552
1553
1558
1554
1563
1544
1552
1577
1547
1099
929
1547
1549
1550
1555
1552
1549
1541
1553
1552
1553
1547
1559
1234
1556
1545
964
1516
1548
1544
1539
1552
1533
1544
1552
1535
1549
1556
1556
833
1555
1555
1550
1312
1189
1553
1500
1557
1560
1548
1550
1546
1555
1552
1052
1552
1544
1557
1551
1549
1552
1553
1560
1317
1550
1548
1561
1557
1553
1555
1149
1565
1555
1561
1558
1555
1548
1556
1555
1552
836
1565
1540
1555
1352
1523
1554
1554
1551
1284
1545
1554
1556
1541
662
1226
1551
1557
1529
1559
1552
1544
1554
1032
1529
1556
1553
1547
1547
1545
1557
1556
1551
1551
1538
1551
1526
1549
1546
1477
1536
1556
1550
1554
1261
1555
1546
1561
1551
1550
1542
1552
1556
1544
1550
1557
1538
1564
1522
1552
1549
1550
1550
1559
1552
1552
1532
1555
1547
1536
1550
1521
1554
1558
1569
1549
1101
1548
1547
909
1557
1552
1541
1559
1545
1557
1551
1540
1553
1556
1551
1552
730
1557
1547
1540
1551
852
1542
1539
1551
1551
1511
1537
1550
1553
1547
1558
1558
1551
1531
1538
1551
1551
1548
1533
1162
1550
1552
1547
1541
1557
871
1552
1541
1549
1552
1548
1554
1551
964
1517
1556
1548
1545
1553
1554
1552
1556
1555
1550
1532
1428
1556
1547
1553
1550
1377
1552
438
1307
1548
1561
1557
1548
1548
1551
1542
1554
1555
1551
1549
1555
1536
1549
1370
1558
1555
1546
1542
1556
1559
1544
1437
1558
1535
1554
1530
1562
1550
1553
1548
1551
1548
1551
1558
1546
1548
1554
1555
1552
1553
1557
1553
1552
1549
1549
1553
1560
1520
1546
1558
1552
1556
1549
1551
1547
1546
1553
1553
1549
1555
1555
1548
686
1539
1548
1551
1551
957
1557
1542
1547
1557
1548
1550
1541
1528
1553
1550
1553
1544
1537
1553
1553
1533
1554
1558
1548
1550
1531
1554
1550
963
1556
1551
1546
1535
1556
1535
1553
1552
1549
1348
1547
1523
1552
1542
1539
1560
1566
1497
865
1557
1548
1545
1551
1544
1554
1543
1519
1552
1558
1539
1553
1503
1545
1552
1557
1559
1538
1300
1462
1554
1553
890
1556
1553
784
1553
1547
1549
1559
1551
1555
1045
1546
1555
1546
1405
1550
788
1563
1552
1556
1548
1558
1558
1552
1555
1544
1554
1553
1550
1547
1549
1530
1548
1539
1542
1551
1564
1551
1553
1549
1001
1543
1542
1537
1514
1551
1550
1542
1544
1553
1550
1542
1549
1554
1548
1549
1556
1547
1551
1103
1558
1555
1554
1549
1543
1553
1156
1543
1532
1551
1539
1556
1539
1551
1555
1553
1555
1552
1557
1554
1559
1550
1545
1555
1552
1524
350
1551
1547
1547
968
1549
1558
1553
1563
1549
1559
1554
1229
1549
1554
806
1553
1543
1556
1555
1543
1548
1555
1543
1550
1553
1552
1558
959
1562
1056
1549
1553
1554
1558
1550
1216
1558
1542
1543
1552
1553
1328
1545
740
1545
1551
1562
1554
1561
1550
1536
379
832
1544
1543
1555
1549
1555
1555
1534
1540
722
1537
1540
1552
1549
1557
1559
1551
1541
1550
1570
1514
1538
1560
1442
1556
1525
1551
1077
1555
1552
1552
1556
1377
1557
1549
1558
1545
1544
490
1556
1538
1554
1545
1543
1556
1547
1540
1555
1536
911
1550
1558
1555
1538
1557
1559
1552
1553
1548
1552
1550
1551
1431
1547
1535
1548
1555
1549
1542
809
1542
1544
1540
1549
1544
1547
365
1553
1557
1554
1560
1552
1552
1574
1548
1553
1558
1537
1553
1550
364
966
1557
1434
1547
1553
1549
1556
1557
1548
1556
1551
1554
1555
1554
1547
1552
1558
1550
1553
1541
1552
1548
1531
1551
1536
1547
1559
1552
1553
1554
1458
1547
1546
1547
1553
1555
1555
1549
1536
1557
1545
1547
1549
1558
1553
1551
1552
1557
1557
1554
1555
1545
1548
1558
1541
1554
1550
1558
623
1549
1562
509
1549
1555
1555
1065
1549
1554
1552
912
1565
1560
639
1554
1568
1519
1546
1548
1557
1554
1563
1537
1563
1555
1554
1548
1555
1551
1555
1531
1532
1557
1549
1546
780
1534
1493
1544
1549
1541
1542
685
1553
1551
1547
1553
1224
1537
1557
1537
1552
1554
1537
1557
1556
1546
1429
1541
1546
1443
1537
1557
1058
1555
1556
1553
1551
1542
1553
871
1552
1536
1544
1543
1545
1520
1551
1561
1555
1557
1537
1541
1553
1541
1551
1550
1538
1554
1558
1550
1545
1563
1397
1553
1551
1556
1561
1548
1548
1555
1549
1549
1555
1557
1553
1556
1548
1541
1559
1552
1548
538
1553
1558
1555
1541
1549
1526
1512
1552
1547
1551
1252
1552
1554
1549
1316
1547
1549
813
1555
1544
1554
1551
1547
1548
767
1558
1552
1535
1545
1558
1557
1557
1538
1549
1560
1556
1546
1557
1550
1550
1561
1545
1558
1549
574
1554
1558
1549
1555
1550
1556
1557
1549
1552
1558
1550
1549
1532
1548
1553
1554
1547
1560
1551
1559
1555
1526
1550
1554
1547
1551
1551
1548
1534
1560
525
1554
1550
1553
1557
1543
1550
1536
1546
1545
1527
1556
1549
1554
1334
1559
1552
1551
1557
1551
1552
1561
1546
1554
1080
1545
1542
1386
1473
1559
1559
1541
1542
1553
1549
1553
1536
1551
1541
1533
1547
1556
1553
1556
1557
1555
1556
1552
1516
1553
1540
1549
1548
1342
1557
1551
1548
1409
1556
1560
1534
1407
1556
1548
1549
1556
1538
1548
1555
1545
1533
1552
1549
1553
1552
1557
1559
1545
1554
1548
1545
1416
1559
1557
1531
1560
1548
1546
1550
1548
1533
1524
1550
1555
1556
1556
795
1548
1569
1550
1549
1556
1544
1277
1555
1173
1556
1552
1526
1558
1531
1543
1546
1555
1553
1543
1555
1553
820
1551
998
1539
1560
1559
1540
1533
1555
1543
1551
1554
1551
1558
1560
1518
1556
1537
1522
1536
1560
1556
1535
1564
1540
1546
1549
1550
1558
1349
1557
1550
1556
1555
1551
1541
1554
1550
1540
1553
1561
1550
1554
1547
1555
638
1555
1559
1555
1569
1548
1545
945
1561
1536
1552
1560
1545
1551
1545
1300
1550
1548
1497
1556
1562
1553
1552
1550
1555
448
1555
1029
1553
1554
1550
1542
1551
1551
1555
1544
1544
1558
1541
1550
694
1552
1555
1549
1553
1537
1549
1551
1098
1554
1554
1545
1543
1554
1555
1553
1547
1551
1541
1464
1555
1561
1555
1555
1555
1555
1557
1028
1543
1551
774
1548
1558
1558
1553
1555
1568
1559
1539
1552
1556
1538
1558
1552
1550
1563
1526
1558
1543
1547
1560
1553
1556
1530
1551
1555
1549
1536
1554
1556
1535
1557
1539
1551
1557
1547
1548
1540
1551
1552
1329
1551
1554
1549
1553
1555
1543
1562
1562
1333
807
1550
1552
1555
1501
1558
1564
1552
1551
1544
1552
1556
1559
1556
1555
1548
1565
1545
1552
1549
1535
1554
1556
1552
1534
1546
1555
1548
1547
1553
1555
1554
1548
1548
466
1560
1547
1544
1555
1546
1549
1550
1553
1554
1546
1550
1545
1558
1560
1555
1543
787
1556
1551
1557
1544
1540
1524
1558
1549
1544
1557
1563
1546
1533
1551
1449
1554
1556
1550
1536
1557
1554
1546
1381
1531
1553
1549
1556
1544
1555
1548
1550
1558
1540
1549
1280
1550
1545
1550
1540
1550
1554
1556
1429
1555
1198
1538
1385
1560
1550
1516
1326
1557
1556
1543
1563
1534
1107
1555
1558
1547
1556
1359
1571
1555
1551
774
1557
1538
1557
1553
1554
1554
819
1548
766
1554
1551
1559
1549
1553
1552
1551
1553
1553
1551
1474
1535
1553
1554
1531
1553
1551
1547
1528
1546
1555
1542
1124
1550
1558
961
1543
1559
1537
1553
1552
1550
1553
1553
1550
1539
1554
1553
1544
1560
1551
1558
1554
1135
1316
1552
1234
1553
1108
1564
1546
1552
905
1546
1554
1544
1547
1548
1541
1552
1466
948
1545
1549
1551
1549
1554
1559
1555
1550
1530
1548
1564
1557
1549
1555
1537
1550
1547
1550
1554
1555
1546
1558
1552
1555
1553
1502
1553
1554
1542
1557
1549
1543
1558
1522
1551
1551
1557
1551
1548
1553
1506
891
1554
1523
1552
1552
1542
1554
1553
1551
1557
1563
1552
925
1551
1546
1554
1547
1557
1551
1555
785
1544
1498
1536
1550
1550
1547
1560
1555
1552
1555
1545
526
1549
728
1554
1553
1556
1558
1557
1541
1554
1564
1551
1560
1558
1553
1558
1541
1555
1550
1559
1557
1550
1554
1533
1547
1552
1546
1552
1550
1548
1556
1244
1549
1551
1409
1541
1555
1552
1556
1243
1524
1548
1558
1557
1555
1559
1545
1555
1552
1550
1562
1553
1539
1571
1540
1555
1529
1525
1553
1539
1554
1551
1552
1553
1554
1553
1566
1536
1557
1560
1132
1565
1537
1551
1556
1215
1557
1551
1553
1549
1542
1549
1559
1538
1536
1547
1558
1553
1061
1553
1544
445
1143
1556
1552
1555
1548
1554
1409
1551
1547
1549
1555
1553
1554
1555
1551
1538
1536
1534
1533
1554
1556
1547
1558
1534
1405
1548
1554
1550
1551
1548
1552
1559
1543
1558
1552
1554
1549
1550
1565
1549
1552
1555
1549
1562
1553
1548
1559
1547
1554
1553
1557
938
1558
1556
1558
1561
1551
1550
1544
1558
1560
1552
1557
1564
1538
1552
1563
1551
1552
1522
1554
826
1549
1551
1549
1551
1547
1570
1548
1449
1550
1554
1535
1550
1543
1539
1551
1558
1550
1553
1545
1098
1545
1549
1539
1548
1548
1547
1553
1556
1548
1554
1558
1555
1570
1549
1551
1548
1547
1542
1528
1556
1559
1551
1542
1543
1558
1236
1548
1555
1553
1554
1408
1525
1523
1549
1525
1548
1534
1560
1543
1533
1549
1550
1550
1556
1545
1246
1549
1550
1555
1560
1550
1537
1558
1561
1552
1558
854
1550
1559
1330
1555
1551
1554
1534
1556
1553
1552
1554
1375
1552
1547
1554
1551
1567
1560
1553
1555
1544
1547
1555
1538
1545
1551
1554
1537
1556
1558
1548
1549
1550
1554
1552
1548
1548
1545
1070
1554
1560
1539
1557
1549
1551
1553
1555
1548
1533
1564
1559
1536
1557
1550
1553
1542
925
1551
1548
1545
1545
1555
1430
1553
1552
1552
1545
1546
1552
1540
1550
1558
1555
1551
1559
1551
1548
1533
1548
1555
1549
1053
1561
1549
1550
1549
1560
1549
1554
1547
1539
1549
1560
1551
1530
1547
1547
1550
1550
1558
1558
1549
1552
1525
1538
1546
1559
1552
1557
1549
1555
1553
1564
1561
1554
1565
1552
1548
1554
845
1561
1556
1554
1546
1550
1551
1552
1550
1559
1556
1554
1554
1552
1554
1547
1545
1551
1557
1539
1550
1549
1558
1537
1551
1555
1557
1553
1115
1529
1550
1556
1550
1546
1556
1557
1550
1538
1551
1544
1551
1556
1538
1506
1554
1553
778
1012
1560
1551
1366
1554
1568
1539
1545
1547
1537
1549
1548
1560
1548
1547
1548
1550
1547
1555
1564
1557
1545
1547
1557
1551
1557
1524
1548
1550
1559
1547
1554
1556
1555
1556
1554
1550
1457
1555
1559
1477
1539
1558
1534
1537
1543
1549
1218
1549
1555
1554
1553
1562
936
1553
1551
1537
1536
1551
1545
1556
1539
1551
1535
1546
1553
1536
1556
1545
1548
1537
1548
1534
1464
1543
1553
1550
1358
1534
1555
1556
1552
1557
1557
1275
1540
1536
1553
1549
1550
1547
1559
1560
1545
1535
1544
1553
1531
1555
874
1561
1550
1555
1553
1543
1570
1553
1553
1548
1552
1555
1553
1550
1552
1551
1553
1559
1556
1555
1549
1552
1555
1559
1557
993
1520
1551
1285
939
1540
1550
1535
1548
1549
1553
1555
1553
1543
1554
1557
1553
1549
1548
1552
1551
1550
1552
1542
1539
1560
1545
1552
1553
1549
1550
1559
1545
1554
1419
851
1555
1553
1564
1541
1545
1556
1556
1547
1551
1557
1548
1275
1553
1550
1548
1511
1559
1558
1549
1560
1555
1557
1548
1554
1551
1548
1546
1555
1557
1550
1554
1559
1547
1556
1517
1557
1556
1535
1562
1533
1554
1548
1558
1551
1559
1519
1549
1556
1542
1546
1539
1554
1560
1557
1547
1553
1547
1540
1554
1556
1546
1548
1552
1555
1550
1555
1543
1345
1551
1241
1551
1547
1549
1558
1544
1555
1546
1547
1550
1556
694
1432
1554
1548
952
1555
1548
1548
1557
1542
1552
1551
1553
1550
1542
1556
1546
1529
1543
1552
1554
1553
1553
1545
1554
1559
1556
1549
1552
1547
1546
1549
1535
1547
1553
1547
1557
1554
1551
1554
1546
1557
1552
1186
1557
1546
1550
1550
1539
1554
1560
1553
1557
1541
1518
1547
1553
1544
1559
1555
1557
1547
1556
772
1528
1555
1564
1556
1529
1547
1553
1551
1543
1563
1556
1549
1544
1558
1550
1548
1558
1550
1540
1555
1548
1535
1548
1555
1551
1557
1555
1490
1550
1551
1377
1545
1547
1565
1554
1286
836
1560
1558
1556
1068
1558
1559
1543
1556
1554
1543
1552
1524
1548
1544
1545
1554
1550
1535
1549
1556
1556
1554
1558
1546
1527
1559
1558
1537
1553
1537
1550
1540
1553
1533
1546
1547
1548
1552
922
1549
1549
1560
1550
1545
1554
1555
1523
1559
1556
1553
1559
1549
1553
1532
1538
1524
1555
1566
1457
1550
1550
1541
1434
1556
1401
1549
1553
1555
1038
1554
1554
1553
1555
1553
1529
1554
1530
1538
1233
879
1553
1551
1557
1549
1534
1547
1543
1547
1496
1548
1017
1552
1533
1558
1555
1553
1271
1549
1548
1552
1543
1541
1548
1524
1534
1555
1553
1541
1550
1556
1555
1554
1557
1538
1552
1555
1525
1546
1553
1506
1553
1556
1558
1540
1554
1550
937
1543
1539
1076
1095
1560
705
497
1549
1545
1557
1540
1551
1557
1530
1551
1553
1549
1552
1552
1537
1558
1551
1555
1551
1558
1534
1550
1556
1551
463
1554
1554
1550
1525
1546
1461
1549
1557
1546
1550
1559
1553
1558
609
1542
1551
1546
1556
1544
1554
1558
1547
1551
1554
1538
1559
1556
1555
1546
1556
1551
1549
1540
1561
1552
1538
1535
1557
1552
876
1555
1553
1553
1556
1547
1554
1555
1525
1554
1555
1049
1554
1546
1532
1553
1553
1534
1549
1557
1550
1554
1562
1557
1553
1554
1538
1554
1554
1547
1556
1548
1555
1539
1552
1545
1550
1545
1540
1538
1549
1547
1555
1552
1551
1554
1551
1560
1552
1559
1554
1556
1557
1542
1562
1555
1556
1543
1089
1531
1473
1551
1551
1561
1561
1557
1561
1534
1552
1541
1553
1564
1559
1549
1557
1557
1553
1554
1563
1550
1547
1019
1550
1563
825
1550
1549
1555
1547
1535
1536
1553
1552
1526
1547
1550
1547
1555
1554
1552
1106
556
1555
1412
1543
1561
1553
1547
1558
1554
708
1537
1551
1549
1081
566
1548
1552
1526
1560
1555
948
1554
1443
1538
899
1554
1550
1482
1562
416
1539
723
1557
1560
1541
1553
1550
1565
1555
1551
1094
1548
1556
1558
1551
1539
1550
1548
1553
1201
1551
1550
1548
1537
1536
1564
1551
943
1551
1558
1544
1553
1551
1551
1549
1547
1547
1556
1555
1550
1538
830
1555
1548
1552
1441
1553
1556
1539
1556
1547
1551
1558
1540
1541
1553
1551
1548
1557
1553
1554
1553
1551
1559
1083
1550
1549
1549
1546
1551
1557
1525
998
1551
1552
1555
1546
1555
1551
1538
806
1551
1538
1531
1542
1556
949
823
1555
1558
1556
1263
1550
1550
1546
1554
1544
1557
1562
1557
1537
1548
1550
1553
1553
1505
1549
1545
1547
1556
1551
1551
1360
1550
1551
1553
1553
1005
1554
1523
1559
1545
1541
1555
742
1528
1546
1550
1539
1561
1429
1544
1532
1557
1507
1562
1552
1523
1553
1541
1550
1404
1557
1558
1571
1551
1172
865
1552
1559
1560
714
1545
1556
1471
1524
1520
1558
1548
1550
1554
1548
1552
1553
1540
1555
797
1556
1530
1548
1550
1549
1539
1344
1551
1546
1541
1555
1545
1550
1540
1552
1545
1548
1553
1548
1557
1547
857
1537
1553
1561
1550
1542
1457
1325
1552
1551
1515
1544
1557
1550
1553
737
1558
1560
1551
1552
1516
1552
1551
1557
1536
1556
1272
1549
1536
1244
685
1560
1552
1015
1556
1551
1551
1539
1559
1552
1520
657
1551
925
1556
1549
1559
1555
1555
1565
1544
1546
942
1536
1546
1523
1558
1420
1552
1559
1538
1058
1527
1546
1560
1552
1549
1559
1018
1518
1063
1552
1538
1559
1555
1546
1559
1544
1537
1553
1540
1312
1549
1549
1552
1220
1556
1558
1554
425
1554
1543
1465
1544
1557
1549
1553
1551
1539
1549
1550
1547
803
1550
1549
1556
1555
1551
1550
1552
1551
1474
1305
1546
1554
1543
1545
1551
1564
1557
1553
1565
1528
1551
1548
1551
1552
1545
1437
1544
1553
1554
1559
1558
1555
1558
1550
1552
1535
1055
1552
1535
1560
1542
1555
1518
1559
1555
1538
1552
1548
1148
1539
1554
1552
1551
772
1412
1546
1547
566
1551
1547
1551
1557
1552
1549
1547
1557
1531
1539
1557
1556
1550
1543
1550
1519
1547
1555
1555
1549
1556
1558
1554
1562
1547
1554
1554
863
1549
1551
1543
1546
1551
1549
1550
1555
1545
1545
1556
1554
1560
1149
1098
1547
1553
1551
1465
583
1557
1543
1552
1557
1549
1333
1547
1540
1549
1556
1549
1563
1550
1485
1242
1558
1555
1085
1548
1187
1550
1542
1548
1415
1539
1546
1554
1553
1424
1556
1547
1107
1446
1547
1539
1554
1556
1551
1549
1376
1546
1546
1202
1563
1552
1552
1558
1537
1553
1561
1551
1551
1554
1557
1549
1549
857
1554
1533
1552
1553
1553
1556
1538
1551
1564
1547
1541
1552
1555
957
1546
1550
1447
1561
894
1556
1556
1553
1541
1559
1533
790
1521
1528
1554
1550
1540
1544
869
1547
1527
1558
1541
1551
1551
1548
1554
1538
1558
1561
1539
1541
1548
1548
1548
1553
908
1550
1556
1553
994
1550
1553
1544
1553
1558
1557
1535
1551
1549
1550
1544
1555
1543
1549
1558
1015
1550
1539
1550
1556
1553
1558
1555
1547
723
1545
1548
1549
1550
1550
1554
1557
1557
1551
1543
1556
1562
1550
1550
1555
1556
1555
1535
1515
1569
1548
1551
1559
1562
1558
1546
1559
1559
1330
1550
1553
1367
1104
1551
1551
1556
1550
1552
1558
1553
1557
1555
1548
1549
1554
1555
1550
1547
1549
1553
508
1545
1554
1552
1547
1562
1553
1547
1554
1549
1554
1555
1541
820
1554
1552
1534
971
1561
1203
1541
1532
1558
1548
1555
527
1545
1549
1082
1550
1550
807
1556
1544
1553
1560
1563
1542
1550
1132
994
1555
1549
1548
1556
1546
1552
1058
1552
1536
1552
1554
1559
1550
1544
1548
1553
1551
1549
1547
1541
1553
1312
1553
1544
1532
1548
1553
1550
1520
1558
1554
1551
1535
1555
1457
1547
1543
1553
527
1490
1555
708
1559
1540
1554
1541
1547
1551
1534
1546
1552
1547
1532
1557
1548
1554
1547
1549
1378
1539
1326
1515
1538
1557
1548
1544
1560
1552
1551
860
1558
1561
1527
1547
1554
1554
1555
1549
1556
1556
1556
1557
1555
1548
1552
1551
1544
1545
1558
1560
1557
1547
1554
1560
1284
1562
1552
1540
1551
1554
1546
1559
1556
1560
1551
1545
1549
1546
1552
1553
1556
1546
1531
1553
1545
1554
1548
1551
1560
1555
1554
1549
956
1559
1553
1548
844
1550
1554
1557
1509
1551
1554
1026
1547
1561
1547
1553
1544
1533
1544
1551
1554
1536
1541
1340
1557
1547
1545
1535
1555
1550
1468
1545
1540
1551
1548
1553
1523
1557
1555
1538
1552
1549
1551
1547
1105
1556
1549
1540
1546
1542
1554
1552
1546
405
1534
1550
1548
1547
1556
1085
1556
1490
1401
1549
1555
1558
1552
852
1564
1554
1547
1555
1539
1536
1556
1556
1542
1559
1560
1555
1546
1553
1553
1555
1549
1545
1455
1551
1555
1547
1559
1554
1556
1551
1339
1536
1543
1556
1528
1549
1562
1547
1551
1553
1529
1558
1550
1544
1543
1549
1551
1541
1481
1554
1556
1552
1552
1549
1339
739
1549
1552
1542
1547
1299
1557
1554
1549
1562
1558
1559
1547
1553
1551
1549
1556
1555
1552
1554
1552
1556
1556
1520
1554
1259
1544
1558
1553
1549
1551
1515
1561
1550
1553
1552
1466
1558
1549
1561
1549
1545
1575
1539
1555
1542
1535
1555
1552
1552
1547
1553
1557
1522
1555
1555
1558
1552
1450
1552
1552
1112
1544
1541
1556
1558
1547
1444
1546
1550
1554
1550
1557
1550
1552
1564
1558
1537
1537
1559
950
1551
1556
1551
1545
1549
1548
1480
1548
1551
1560
1522
1552
1087
1557
1543
1556
1200
1548
1549
1122
1559
1385
1564
1551
1551
1551
1554
1551
1527
1554
1555
1554
1546
1552
1553
1552
1558
1543
1562
1556
1544
1552
355
924
1539
1548
1556
1547
1551
1546
1567
857
1550
1550
1551
1556
403
1557
1553
1539
1548
1561
1557
1553
1514
1557
1559
1551
1545
1548
1530
1552
1547
1539
1552
1352
1552
1546
1553
1460
1553
1551
1557
1199
1554
1541
1551
1530
1549
1557
1557
1444
1556
1547
1548
1549
846
1545
1551
1542
1546
1561
1526
1557
1553
1546
1548
1555
1555
1552
1546
1562
1564
1551
1560
1449
1552
1546
1549
1550
1545
1548
1299
1555
1547
1538
1549
1552
1552
1556
1548
1554
1552
980
1390
1551
1539
1552
1548
1551
1542
1534
1552
981
1544
888
1558
1550
1558
1550
1548
1550
1549
1551
1555
1552
1526
1023
1548
1549
1554
1548
1554
1554
1548
1549
1556
1545
1551
1549
1551
1555
1024
1549
1556
1553
1540
1558
1552
1550
1547
1549
1556
1551
1553
1425
1550
1555
1559
904
1541
1560
1547
1543
1549
1530
1536
1554
960
1543
1553
1542
1547
1561
1557
1550
1554
1520
1353
1551
1552
1552
995
1544
1553
1552
1547
1550
1111
1551
1553
1551
1553
1552
1549
1547
1555
1556
1554
1558
1552
1543
1553
1555
1556
1550
1553
1556
1553
1553
1549
1551
1555
1558
1545
1551
1527
1547
1535
1548
1548
1546
1560
1546
1560
1557
1507
1558
1557
1551
1554
1562
990
1556
1356
1545
1557
1553
1562
1553
1552
1551
818
1522
1543
1551
1556
1546
1546
1019
1550
1570
1546
1555
1552
1552
1555
1541
1543
1441
1556
1552
1546
1547
1558
491
1419
1551
1557
1551
1557
1537
1525
1538
1555
1551
1560
1539
1553
1545
1544
1550
1563
1553
1554
1534
1536
339
1550
1544
1538
1548
1553
1549
1547
1537
1556
1549
1543
1553
1546
1555
1551
1558
1550
1548
1552
1558
1503
1533
1544
1554
648
1531
1561
941
1538
1558
1525
1547
1556
1553
1548
1561
1548
1545
1548
1553
1550
1548
1554
1548
1484
1553
1545
1547
1555
1558
1440
1552
1554
1555
1561
1351
1547
1525
1553
1551
1543
1552
1558
1555
1543
1548
1535
1551
1552
1470
1547
1558
1552
1552
1556
1544
1542
1546
1541
1543
1516
1542
1556
1551
1553
1195
1552
1559
1556
1551
1556
1549
1554
1550
1553
1550
1550
1552
1553
1555
1554
1547
1552
1558
1556
1558
1560
1551
1539
1553
1489
1554
1555
1554
1555
1557
1549
1407
1548
1380
1548
1555
1534
1554
1555
1557
1551
1468
1290
1551
1538
1559
1551
1552
879
1553
627
1552
1544
1557
1559
1554
1553
1538
1542
1556
1554
1553
1540
1540
1550
1554
1558
976
1554
1556
1541
1551
1540
1538
1554
1545
1546
1556
1535
1542
1549
1546
1559
1556
1555
1560
1561
1549
1554
1555
1556
1556
1552
1272
1563
1553
1551
1539
1043
1554
1552
1550
1556
1558
975
1557
1555
1522
1545
1228
1539
1554
1553
1550
1562
1547
1555
1559
808
1540
1540
1559
1555
1554
1549
1548
1546
1561
1541
1547
1555
1557
1553
745
1548
1522
1551
1550
1549
1555
1043
1549
1554
1546
1560
1546
1550
1452
1550
1548
1552
1551
1545
1556
1545
1551
1557
1559
1549
1553
1541
1554
1541
1546
1553
1540
1545
1549
1563
1559
1546
1552
1547
535
1556
1540
1554
1244
1551
832
1547
1553
1549
1546
770
1551
990
1554
1552
1547
1553
1553
1547
1552
1557
1557
1558
1343
1555
1552
1550
1563
1553
1540
1550
1550
1552
1554
1547
1553
1534
1561
1540
1559
1543
1565
1547
1549
1552
985
1553
1548
1553
1558
1551
1539
1554
1552
1135
1544
861
1545
1257
1502
1542
1556
1548
1539
1553
1550
1546
1040
1548
1545
1554
1545
1547
1552
1554
1550
1551
1552
1555
1548
1557
1542
1552
1334
1493
1559
1542
979
1528
1540
1550
1553
1556
1553
1548
1527
1551
1548
1552
1540
1553
1553
1541
1542
1060
1553
1557
1551
1552
1554
1561
1554
1554
1552
1545
1553
1552
1553
1553
1546
1551
1546
1538
1552
1551
1564
1554
1553
1550
1547
1547
1552
1550
1545
1553
1552
1523
1541
1555
1538
1554
1539
1556
1524
1553
1335
1548
1550
1339
1546
1426
1552
1563
1558
1553
1548
1549
1547
1547
1552
1537
1552
1119
1548
1558
1546
1545
1538
1546
797
1551
673
920
1552
1556
1545
1547
1536
1545
1552
1549
1562
1549
1551
1555
1540
1556
1550
1557
1548
1541
1552
1551
1550
1540
1549
1558
1559
1552
1553
1560
1559
1552
1546
1539
1523
886
1549
1550
1552
899
1553
1568
1551
1553
1559
1551
1547
1035
1546
1511
1403
1550
967
1553
1550
1548
1553
434
1558
1551
1545
1554
1534
1215
1546
1549
1555
1542
1551
1553
1556
1504
1548
1549
1542
1546
1550
1554
1401
1544
1550
1544
1555
1552
1551
1553
1550
1550
1551
1554
1552
817
1546
1540
1538
1238
1534
1552
1538
1547
1560
1540
1549
1547
1546
1540
1387
1552
1541
1551
1486
1546
1556
1552
1551
1554
1558
1559
1533
1549
1562
1553
1558
1544
1558
968
1540
1556
1552
1250
1548
1555
1562
1550
1551
1547
1432
1554
1551
1552
927
1508
1558
1540
1539
1554
1347
1030
1559
1551
1549
1533
1547
1544
1554
1548
1557
1553
1560
1549
1560
1553
1549
1538
1553
1553
1552
1557
1556
1548
1549
1558
1555
1551
1548
1091
1561
1555
1556
1560
1552
1552
1553
1556
1045
1539
1553
1547
1543
1532
1555
1553
1557
1130
1550
1552
1548
1560
556
1548
1551
1557
1551
1551
1549
1548
1556
1552
1553
1548
1533
1554
1537
1538
1550
1550
1549
1550
1548
1548
1554
1561
1550
1541
1557
1543
1554
1556
1548
1557
1539
1547
1542
1552
1544
1546
1549
1553
1542
1495
1550
1551
1545
1535
1544
1544
1550
454
1553
858
1551
1548
1537
1553
1555
1552
1549
1546
1542
1556
841
1330
1553
1551
1548
1537
1531
1556
1551
1547
1546
1544
1538
1554
1542
1553
1554
1544
1550
1539
1222
1544
1557
1549
1547
1550
1547
1552
1544
1528
1558
735
1319
1559
1552
1566
1546
1556
1559
1557
1553
1548
1562
699
982
1551
1546
1539
1558
1545
1539
1542
828
1554
1547
1558
1552
1359
1550
993
1557
831
1544
817
1554
1551
1552
489
1551
1552
1552
1531
1556
1540
1538
802
1541
1548
1106
1545
1554
1273
1553
1554
1560
1552
1555
1550
1556
1556
1549
1552
1549
1549
1549
1551
1547
1547
942
1554
1556
1549
1549
1541
1560
1553
1549
1544
1554
1543
1542
1549
1541
1551
1546
1555
1552
1555
1547
1545
1551
1551
760
1552
1545
1547
1549
1559
851
1555
1547
678
1554
1555
1575
1537
1554
1555
1536
1554
1542
1556
1530
1554
1154
1525
1554
1557
1552
1548
1558
1550
1547
1138
1547
1555
1552
1538
1554
1553
1554
1550
1513
1543
1557
1542
1553
1554
1545
1558
1557
1564
1548
1557
1453
1550
1548
1562
1542
1548
1553
1557
1549
1564
1553
1547
1545
1548
1529
1551
1552
1553
1546
930
1549
1551
1555
450
1059
1546
1553
1554
1552
1543
1548
1557
1559
1550
1551
1553
1547
1543
1555
1556
1554
1547
1543
1547
919
1554
1550
1554
1551
1544
809
1553
1558
1549
1568
1552
1362
1550
1546
1559
1554
1532
1551
1549
1424
975
1550
1556
1550
1552
1551
1528
1556
1559
1553
1556
1551
1553
1544
1494
1557
1553
1557
1536
1555
1557
1547
1550
1558
1548
1552
1546
1553
1557
1548
1550
1556
1537
1556
1534
1557
1553
1546
1550
1534
1554
983
1551
1549
1543
1534
1546
1536
1554
1554
1553
1553
1536
1549
1550
1559
1547
1541
1539
1552
1554
1554
1554
1495
1545
1550
1556
1552
1548
1559
1550
1558
1544
1059
1551
1548
1560
1552
1535
1540
1557
1548
507
1539
1551
1545
1538
1549
1555
1548
1547
1545
1555
1549
1559
1553
1548
1556
1554
1555
1552
1556
1550
1544
718
1559
1549
1532
1559
1530
1539
1534
1553
1556
1553
1539
1551
1544
1555
1544
1556
1549
1545
1541
1556
1557
1551
1550
1554
1561
1550
1535
1554
1532
1540
1556
1553
1549
1546
1519
1534
1557
1541
1551
1555
1552
1550
1512
1540
424
1537
1553
1540
1556
1554
1555
1548
1553
1553
1557
558
1544
1550
1553
1555
1552
1560
1552
1540
1549
1551
1555
1557
1555
1218
1557
1548
1535
1549
1555
1526
1557
1455
1543
1389
1540
1547
1551
1555
1552
1545
1540
1561
1561
1552
1551
1300
1445
1549
1556
1538
1545
1353
1533
1560
1549
1559
819
1559
1541
1551
1083
1558
1555
1117
1549
1549
391
1553
1559
1557
1561
1549
1525
1541
1554
359
1553
1555
1552
977
1544
1556
1559
1552
1544
1553
1556
1547
1552
1557
1551
1550
1537
1555
1559
1566
1181
1336
1098
1552
1552
1438
1539
1547
1558
1553
1551
1554
1535
1551
437
1550
1550
1551
1550
1559
1561
1551
1558
1553
1548
1557
1306
1559
1547
1551
882
1554
1557
1530
1549
888
1542
1551
1542
1539
1552
1550
1552
1534
1550
1549
1561
1546
1564
1548
1556
1543
1553
1540
1551
1547
1545
1551
1559
1534
903
1558
1546
1548
924
1550
1560
1553
1555
1254
1556
1551
1553
1552
1563
908
1550
1554
396
1553
401
1557
1549
1010
1557
1550
1552
1552
1558
1552
1543
1556
1537
1565
1549
1547
1554
1394
1304
915
906
1554
1556
1546
1556
1556
1549
1552
1545
1555
1183
1544
1564
1552
1557
1262
1555
1552
1548
1529
1551
701
1547
1544
1554
1544
1557
972
943
1539
519
1547
1551
1554
1555
1541
1538
1537
1550
1540
1553
1544
1558
1545
1548
1558
1537
1552
1553
1555
1548
1551
1560
1552
1549
1547
1522
1525
1539
1556
1549
1541
1554
1548
1532
962
1226
1556
1552
1551
1538
1548
1550
1552
1529
1554
1546
1556
1560
1539
1552
1543
1555
1551
1552
1556
1558
1555
1542
1560
1552
1544
1552
1554
1555
1550
1559
1557
1550
1546
1526
1456
1288
1558
1550
1551
1555
1536
1551
1555
1549
1560
1552
1554
1555
1554
1538
1550
1558
1548
1551
1537
1554
1522
1549
1521
1552
1553
1556
647
1547
1515
1550
1553
1562
1558
1548
1558
1553
1550
1557
1561
1554
1559
867
1557
1550
1552
1557
1545
1549
1558
1555
1563
1577
1547
1550
1535
1549
877
1547
1552
1557
1555
1557
1193
1558
1557
1550
1547
1559
1550
1556
1549
1118
1551
1553
1549
1556
1410
1540
1551
1556
1549
1548
1546
1542
1559
1538
1553
1554
1527
1558
1548
1533
1551
1558
1553
1551
1552
1553
1555
1559
1551
1534
1560
1560
1546
1553
1557
1559
1544
1550
1547
1550
1547
1536
1394
1554
1552
1546
1523
1554
1550
1555
1548
1465
1550
1463
1554
1550
1559
571
1555
1547
1543
1553
1544
878
1533
1546
1550
1551
1549
1555
1553
1539
1559
1551
1554
1547
1549
1548
1541
1545
1272
1550
1557
1554
1554
1551
1550
914
343
1555
1556
1050
1557
1555
1536
835
1555
1555
1551
1567
1539
1555
1551
1543
1553
1541
1555
1561
404
1509
1544
1553
1410
1548
1553
1545
1548
1550
1558
1553
1553
1408
937
1548
1021
1553
1554
1550
1560
1547
1515
946
1535
1553
1548
1552
1552
1544
1557
1540
1550
1273
1555
1551
1556
1362
1548
1553
1554
1540
1559
1550
1285
1531
1551
1557
1443
1548
1550
1550
1546
1020
1555
810
1556
1555
1531
1537
484
1553
1550
1552
1558
1532
1546
1554
1556
1535
1547
1519
1555
1547
1550
1558
1553
1548
1550
1551
1540
1554
1559
1554
1537
1549
1554
1548
1543
1554
1561
1565
1551
1550
1081
1546
1539
1536
1544
1551
1552
1536
1556
1534
1554
1482
1546
1554
1537
1547
1557
1559
1540
1127
1544
1547
1544
1547
1550
1533
1547
1530
1546
1550
1551
1537
1554
1552
1551
1553
1554
1555
1546
1300
1555
1554
1539
1559
1551
1546
1553
1078
1543
1547
1543
1553
1559
1548
1540
1561
1559
1550
1548
1556
1551
1549
1550
1444
1562
1558
1536
1555
1552
1548
1547
1554
1559
1552
1538
1556
1556
1544
1552
1555
1556
1474
1548
1547
1548
1540
1554
1550
1549
1548
1545
1543
1544
1551
1553
931
1551
1564
1547
1560
1548
1560
1556
1555
1554
1548
1549
1559
1543
1171
1553
1557
1559
1554
1547
1550
1555
979
1548
1542
1557
1561
1551
1550
1558
1558
1546
1556
1548
1446
1547
1056
1527
1507
1552
1551
1560
1550
951
1549
1544
1548
1555
1556
1557
1541
1552
1553
1557
1548
1520
1551
1543
1549
1542
1269
1541
1559
1558
1553
1543
1547
1551
1555
1549
1553
1521
1551
1553
1536
1551
1230
1555
1548
1557
1556
1549
1513
1560
1550
1208
1564
1553
1548
1419
1556
1555
1555
1551
1414
1563
1537
1558
1561
1554
1552
1553
1552
1553
1556
1554
1558
1550
1554
1548
1548
1558
1552
1569
893
1553
1541
1349
1552
1550
1546
1558
1552
1552
1546
1550
1546
1552
1557
1557
1289
1557
1546
1552
1546
1548
1553
1542
1560
1542
1083
1555
1552
1549
837
1554
1552
516
1551
1554
1521
1548
1558
1558
1550
1555
1556
1550
815
1559
1551
1542
1553
1547
1560
1551
1469
1551
1552
1548
1554
1551
1555
1544
1550
1555
1551
1542
1542
780
1556
1541
1551
1560
1523
1090
1556
1560
976
1552
1555
1550
1552
1560
1550
1552
1203
1551
1559
1555
1547
1557
996
1555
1561
1557
1537
1553
1552
1548
1559
1558
1556
979
1556
1552
1554
1559
1557
1557
1560
1545
1551
1557
1536
1547
1546
1533
1548
1552
1313
1551
1548
1550
1547
1553
1550
1550
1549
1549
1544
404
1553
1544
1342
1542
1556
1535
1532
1553
1551
1561
1542
1547
1537
1554
552
1538
1547
1544
1554
1560
1550
1553
1439
1194
1552
1554
863
1007
1551
1556
1552
1550
1551
1551
1541
1556
1547
1553
1551
1553
1554
918
1554
1557
1552
1555
1549
1554
1434
1548
1545
1549
1554
1481
1552
1551
1552
1555
1551
1529
1556
1549
1543
822
1520
842
1466
1560
1549
1545
1477
1552
1546
1555
1549
1554
1551
1557
1091
1214
1557
1537
1549
1542
1550
1540
1552
862
1558
1560
1547
1545
1547
1548
1548
1547
797
1549
1386
1543
1552
1563
1446
1548
1526
1546
1553
1560
1553
1564
1551
1552
1540
1497
1552
1547
1544
1371
1555
1545
1554
1552
1490
1557
1549
1547
1561
1553
453
675
1555
1557
1551
1043
1550
1548
1558
1552
1552
1031
1553
1551
1553
1447
1552
1555
1554
1535
1540
1554
1547
1551
1551
1159
1547
1540
1412
1555
1555
1555
1550
1528
1552
1486
1551
1552
1550
1553
1558
1550
1578
1549
1558
1555
1385
1379
1553
1545
1514
1553
1546
1552
1551
1550
1550
771
1535
1561
1543
1556
1552
1250
1553
1556
1034
1558
1558
1538
883
1554
1555
1548
1550
1548
1560
1551
1553
419
1546
1552
1554
1536
1551
1559
1555
1551
1553
1530
1553
1547
1395
1552
1551
905
1534
1421
1472
1554
1536
1549
1551
1555
1558
1552
1558
1551
1552
1554
1553
1551
1550
775
1130
1555
1552
1556
1072
1552
1267
1519
1549
1550
991
1546
1548
1561
1539
1557
1549
1556
1554
1553
1554
1559
1556
1546
1552
1548
1549
1553
1544
1549
1555
1569
1069
1558
1549
1554
1506
1551
1556
1322
1556
1549
1490
1552
1568
1556
1554
1549
1534
1551
1537
1553
1548
1551
1551
1558
1551
1480
1550
1557
1542
1552
1550
1549
1541
1544
1547
512
1561
1547
1543
1551
1547
1547
1545
1377
1530
1560
1556
1556
1553
1517
1552
416
1524
1552
1542
1554
1556
1559
1552
1559
1561
1546
1556
1554
1559
1563
1543
1553
1554
1551
1550
1554
1547
1555
1551
1555
1555
1543
1544
1554
1546
1562
1555
1555
1544
1554
1546
1549
1556
1553
1533
1554
1461
1544
1545
1558
1550
1552
1553
1551
1556
1559
1559
1545
1546
1552
1551
1550
1545
1553
1553
1540
1554
1554
1548
1045
1548
1554
1554
1556
1555
1553
1548
1546
1546
1098
1554
1555
1550
1550
1543
1550
1546
1545
1554
1537
1552
1464
1544
962
1551
1533
1573
1557
1554
1550
1529
1564
1540
1549
1552
1559
1561
1555
1563
1555
1558
1550
954
857
1549
1564
1517
1547
1551
1558
1553
1533
1005
454
1552
1558
1558
1554
1564
1554
1555
1556
1556
1368
1022
1556
1555
1552
1558
1561
1546
1552
1541
1545
998
1539
1547
1552
1555
1551
1557
1558
1553
1543
1549
1557
1556
1503
1556
1558
1541
1558
1546
1553
1413
1555
1556
1533
1360
1555
1547
1560
1545
1554
1546
1557
1551
1553
1549
1553
1014
1558
1553
1548
892
1551
1558
1554
1564
1556
1549
1550
1552
1549
1549
1553
1554
1549
1561
1549
1450
1552
1560
1565
1555
1555
1548
1554
1555
1557
1534
1543
1564
1548
1553
1560
1548
1538
1553
1550
1545
1550
1520
1550
1540
1545
922
1554
1531
1546
1557
1550
681
1526
1549
1555
1551
1555
1555
1544
1557
1553
1551
535
1521
1552
1547
1557
1542
1559
1558
1561
1536
1536
1561
1482
1547
1558
1554
1555
1554
1556
1555
1547
1544
1550
1553
1550
1554
1542
1547
1555
1554
1458
1556
1554
1559
1552
1559
1047
1550
1553
1547
1091
1556
712
1549
1548
1555
1526
1561
1550
1558
1535
1549
1554
1534
1546
1558
1547
1540
1556
1556
1565
1556
1551
1553
1545
1559
1554
1550
1545
1551
1554
1556
1546
635
1562
1547
556
1557
1540
1492
1553
1556
1536
1548
1551
1560
1553
1562
1543
1546
1560
1554
1530
1554
1557
697
924
1552
1552
1546
984
1559
1549
971
1555
1553
1545
1554
1558
1559
1529
1546
1548
1555
1550
1550
1551
1547
1550
1555
1544
1552
1561
1552
1553
718
1552
746
1545
1554
1559
1557
1554
1549
1538
1552
1554
1550
1555
1557
1552
1563
1552
1548
1557
1551
1554
1553
1549
1547
1547
1556
1555
1551
1551
1551
1554
1552
1554
1553
1511
1540
1537
1551
1532
1551
1546
1552
1426
1547
1547
1558
1551
1553
486
1549
1556
1552
1528
1536
1541
1558
1556
1553
1561
1549
1544
1553
1537
1556
1547
1542
1556
1549
1553
1553
1556
1364
1560
1538
1554
1149
1552
1543
1543
1398
1553
1540
1555
1549
1547
732
923
898
1562
1546
1430
1554
1557
1548
1551
1548
1560
1490
1553
1549
1552
1556
1554
1035
1551
1009
1557
1554
1535
1558
1557
1553
1545
1545
915
1545
1539
1487
1554
1553
1553
956
1550
1553
1558
1541
1559
1541
1555
1562
1565
1551
1547
1533
1551
1550
1550
1551
1560
1561
1066
1540
689
997
632
1558
1549
1534
1552
1557
1556
1557
1536
1548
1539
1118
1558
1551
1544
1555
1527
1527
1557
1555
516
1551
1565
1003
734
1559
1556
1556
1496
1558
1557
1331
1548
1549
1551
1546
1555
1554
1553
1345
1547
1554
1552
1128
1552
1552
1558
1549
1546
1550
1552
1554
1550
1550
1561
1556
1547
1549
1549
1561
1553
1556
1541
1552
1554
1551
1552
1555
1549
1549
1558
1508
1550
1553
1556
1541
1426
1558
1552
1553
1547
1556
1549
1544
1549
1557
833
1556
1552
1548
1332
1560
1540
1542
1550
1552
1519
1553
1548
1564
1550
1555
1557
1541
1556
1553
1535
1529
1554
1555
1551
1550
1461
1553
1029
1557
782
953
1556
1559
1555
1553
1532
1545
1554
1043
1555
1547
1435
1557
1529
1564
1489
1554
1340
1554
1547
1529
1546
1545
1554
1533
1550
977
1552
1534
1544
1488
1554
1421
1507
1551
1310
1550
1546
1559
1558
1561
1556
1552
1559
1552
1553
1546
1559
1551
1560
1550
1556
1553
1547
1564
1546
1551
1552
1557
1540
1560
1207
1522
1555
1540
1561
1546
1546
1539
1558
1549
1552
1557
1553
1550
1561
1549
1542
1550
1543
1550
1562
1563
1552
1547
395
1548
1551
1550
804
1546
1552
1524
1553
1555
1555
1535
1551
1567
1479
1548
1547
1553
1550
1545
481
1556
667
1063
1565
1545
1555
1545
1550
1559
1545
1506
1557
1556
1549
1269
1038
1545
1561
1545
1544
1554
1551
1552
1558
1566
1553
1560
1537
1556
1546
1522
1535
1560
1546
1549
1543
1561
1434
1542
1054
1548
1558
1538
1550
1553
1556
1547
1548
1557
1552
1553
1540
1560
1559
1549
1557
1549
1552
1557
1558
1553
1561
1528
1552
1555
1539
474
1520
1559
1554
1547
1552
1542
1557
1555
1531
1219
1548
1537
1545
1559
1557
518
1554
1554
1559
1555
1549
1555
1552
1560
1551
891
1548
1547
1547
1554
1553
1552
1545
1552
1549
1551
1542
1563
1557
1542
1551
1471
1550
1552
1557
1123
1557
1553
1548
1562
1552
1551
1552
1551
1552
1554
1544
1545
1546
1556
424
1557
1559
1554
1553
1029
1558
1553
1550
1554
1536
1542
1544
1558
1560
1555
1554
1548
1553
1546
986
1554
1278
1549
1557
1551
1397
1537
1553
1548
1551
1558
1553
1528
1546
1178
1116
1548
1547
1547
1554
1567
1553
1547
1542
1553
1549
1562
1548
1557
1104
1552
1548
1547
1550
1553
1552
1552
1550
1534
1515
1556
1546
1537
1550
917
1550
1550
832
1542
1545
1124
1569
1557
1529
1538
1535
1552
1546
1526
1551
1552
1548
1547
1549
1541
1543
1554
1554
1541
1553
1551
1570
1548
1556
1555
1545
1553
1562
1543
1556
1549
1372
1551
1556
1551
1548
1539
1519
1539
1521
1052
1547
1552
942
1556
1532
1524
1535
1559
1539
1555
1538
1555
682
1558
1554
909
1544
1544
827
1552
1549
1551
1554
1540
1559
1550
1553
1066
1545
1553
1548
1550
1555
1369
1546
701
1556
1556
1540
1535
1537
1555
1549
1544
1550
1543
1551
1553
1540
1327
1557
1552
1552
1552
1552
1547
1551
1542
1173
1553
1548
1534
1542
1351
1550
1560
1553
1204
1552
1557
1531
1546
1484
1554
1559
1327
1553
1537
1550
1553
1558
1545
1547
1552
1479
972
1556
1538
1545
908
1559
1558
457
1484
1561
1534
1549
1551
1556
1555
1548
1559
1547
1541
1557
1528
852
1561
1552
1523
1548
1549
1540
1554
1560
1521
1552
1557
1556
1546
1545
896
1523
1551
1551
1015
1556
1312
1547
1556
1550
1550
1548
1545
1560
889
1540
1556
1524
1561
1565
1557
1559
1555
1553
1556
1545
1556
1546
1553
1553
1542
1549
1556
1560
1537
1148
1537
679
1551
1541
1543
1558
1537
1547
1241
813
1553
1556
1552
1539
1555
1554
1544
1077
1552
1555
1555
1559
1546
1548
1522
1529
1546
1553
1552
1557
1550
1548
1552
1553
1556
1536
1557
1559
1037
1537
1546
1562
1536
1560
1555
1555
1434
1546
1547
1557
1537
1555
1202
1556
1539
1527
1550
1548
1539
1551
1557
1554
1557
1519
1545
1551
1553
1557
1548
1556
1551
1554
1433
1551
1545
1561
1551
1551
1017
1546
1552
1551
1556
1542
1554
1560
1550
1559
1538
1550
1556
1505
1540
1548
1547
1482
1552
1341
1548
1550
1553
709
1550
1553
1546
1553
1550
1552
851
969
570
1544
1545
1553
1555
1549
1560
1539
1552
1550
1532
1555
1552
1553
1545
1548
1537
1548
1558
1546
1554
1552
1562
1551
1540
1551
1548
1553
1556
1550
1556
1551
1555
1557
1544
1528
1558
1551
1542
1555
1547
1555
1536
1549
1552
1528
1561
1539
1539
1557
1048
1035
1553
1546
1552
1552
1552
1543
1548
1476
1549
1121
1544
1559
1540
1524
1065
1554
1561
1549
1558
1540
1557
869
1552
1555
1543
1543
1555
1562
1548
1497
1549
1054
633
1551
1522
1549
1545
1538
1547
1551
1541
1551
1526
1024
1130
1541
1556
1551
1557
1554
1544
1551
1022
1553
1532
1552
1555
886
1554
1557
1554
829
1536
1554
1551
1549
1554
1541
1547
1550
1180
1547
1538
1553
1556
1550
1547
1562
1560
1554
1556
1554
1567
1555
1554
1552
1553
1551
1543
1555
1558
1542
1555
1557
1558
1555
1533
1548
1555
1560
1557
1562
1555
1546
1527
1547
1557
1554
1527
1541
1550
1557
1555
1538
1548
1550
1525
1550
625
772
1556
1568
1547
1519
1554
1551
1556
1552
1535
1552
1543
1552
1379
1550
942
1556
1556
1553
1557
1559
1555
1556
1552
1543
1545
733
1550
1553
1542
1557
1550
1524
1539
1399
1554
1556
1551
1547
1553
1549
1559
1551
1557
1553
1551
1552
1555
1549
1552
1548
1555
1554
1550
1550
1524
1351
1552
1554
1045
1488
1554
1535
1556
1538
1555
1556
1549
1012
1535
1433
1557
1559
1553
800
1536
1552
1549
1556
1550
1546
1557
1555
1557
1548
1556
1547
1154
1562
746
1550
1559
1552
1553
1551
1546
1069
1562
1554
1554
1545
1525
1555
1556
1548
1554
1556
1009
1292
1552
1556
1558
1547
1540
1393
1551
1552
1549
1549
1549
1536
1532
1560
1553
1553
1555
1554
1278
1555
1551
1547
1548
1023
1556
1554
1546
1557
1554
1551
1398
1550
1556
1558
1556
1554
1418
1527
1538
1550
1546
1554
1550
1064
1549
1555
890
1553
1558
1521
1558
1537
1558
1554
1551
1550
1548
1553
1551
906
1551
1548
422
1517
1553
1557
1550
1551
1552
1549
1557
1540
1552
1550
1546
1543
1552
1030
1549
1560
1549
1554
1500
1523
1541
1554
858
1541
1060
1550
1544
1556
1545
1535
1536
1558
1115
1555
1552
1554
1548
1554
1549
1549
1546
1551
1554
1539
1559
1550
1547
1552
1548
1558
1552
1546
1544
1552
1543
1552
1545
1552
1317
1552
1551
1546
1549
1551
1557
1556
1556
1554
1155
1546
1527
1556
1534
1555
1541
1550
1304
1186
1554
1565
384
1557
1550
1560
1549
1557
1560
1538
1555
1443
1548
1553
1554
1106
1547
466
1543
1549
1560
1550
1551
1552
1532
1563
1557
1541
1550
1551
1548
1558
1547
1562
1342
1537
1553
1550
1564
1553
1556
1537
1545
1549
1524
481
1551
1558
1552
1553
1549
1549
1554
1555
1003
1539
1551
1547
1554
1551
1533
1557
1442
1546
1552
1032
1495
1437
1557
1546
1534
1543
1152
1555
1537
1551
1291
1549
1545
1547
1558
1545
607
1550
1402
1547
1561
1541
1537
1498
1096
1545
1551
1557
1367
1555
1560
1547
1558
1549
1553
1266
1556
1275
1552
1549
1538
1561
1544
1546
1551
1551
1557
1557
740
1555
1542
1551
1555
1558
1563
1553
1545
1539
1560
1545
1537
1555
1537
1552
1549
1555
1558
1553
1558
1555
1551
1544
1556
1530
1531
1549
1550
1556
1557
1555
1554
1545
1555
1543
1542
347
982
1554
1566
1551
1107
1524
1532
892
1543
1543
1548
1553
1548
1555
1555
1550
364
1551
1555
1555
1550
1498
1549
1556
1555
1545
1550
1553
1555
1558
1250
1552
1552
1557
1545
1552
1555
1556
1556
1543
1469
1553
1551
1552
1540
1554
1559
1562
842
1547
1547
1552
1548
1545
1549
1547
1549
1552
1542
1552
1549
1553
1547
1555
1551
1551
751
1544
1545
1560
1518
1552
1551
1558
1537
1544
1553
1551
1544
1557
1554
1551
1560
1556
1550
1555
1544
1532
1539
1555
1553
1552
1551
1542
1541
1543
1570
1545
1542
1553
1094
1556
1547
1536
1543
1556
1544
1531
1553
1556
1558
1308
1554
912
1555
1552
1548
1557
1560
840
1562
1101
1542
1555
1551
1540
504
1552
1544
1095
1554
1553
1550
1549
1551
1215
412
1554
1104
1550
1549
1548
1554
1534
1554
1555
1185
1555
1558
852
1553
1550
1553
1548
1550
1539
1536
1538
1558
1483
1549
1554
1557
1555
1548
1553
1555
1549
1541
1552
1549
1552
1554
1547
1554
1539
1551
1549
1525
1536
1559
1556
1550
1554
1535
1558
1523
1552
1553
837
1556
1555
1531
1549
1559
1539
1540
1542
1555
1554
1550
1549
1548
1476
1551
1555
1552
1525
1550
886
1554
1542
1552
1550
1556
1551
1557
1523
1564
1554
1552
1547
1556
1542
1553
1550
1555
1554
1546
1069
1557
1533
1561
1553
1532
1557
1554
1555
1550
1549
1551
1548
1562
1522
1527
1551
1547
1550
420
1553
1539
1546
1557
1537
1549
1555
1552
1539
1545
1548
1555
1555
1551
1555
1546
1562
1557
1560
1174
1551
1546
1553
1559
1552
882
1554
1545
1551
1550
1551
1559
1507
1544
1549
1545
1552
1543
1555
1170
1548
1551
1540
1555
1544
1558
1550
1548
1551
1546
1557
1547
1558
1560
1557
1549
1548
1077
1557
1556
1553
1555
1554
1552
888
1558
1548
1363
1554
1562
1548
588
662
1543
1538
1533
1554
1556
1557
1560
1548
1554
1556
1559
1555
1558
1550
1552
1534
1555
885
1557
1073
1552
1544
1547
1556
1546
1548
1549
1548
1554
1549
1549
1558
1256
1551
1545
1553
1555
1548
1531
1559
1553
1555
1561
1553
1553
1553
1558
1557
1555
1549
1415
1544
1533
1560
1556
1549
1553
1559
1548
1558
1557
1543
1549
1568
1549
1543
1549
1540
1542
1552
1551
1543
1542
1557
1555
959
1548
1482
1542
1497
1552
1539
1544
1549
1320
1549
1551
1554
1555
1530
436
1421
1549
1555
1555
1548
1548
1548
1548
1534
1527
1551
1543
1564
539
1555
1554
1554
1556
1548
1548
1553
1553
1548
1555
1552
1559
1560
1537
1556
1558
1551
540
1550
1552
1536
1463
1094
1550
1551
1554
1545
1548
1550
1549
1540
1556
1554
1554
1559
1556
1555
1542
1532
1557
1528
1550
1555
1164
1562
1545
1525
1538
1533
1553
1549
1560
924
1562
1065
1081
1556
1549
1550
1546
1546
1552
1552
1555
1552
1551
1549
1550
1551
1536
740
1553
1550
1497
1554
1557
1561
1550
1537
1555
1556
1548
1543
1547
1558
1566
1549
1541
1553
1498
1558
1543
1551
1544
1559
1546
1543
1550
1554
1556
1541
1545
1557
1016
1216
1546
1551
1331
1551
1556
1551
1553
1402
1550
1556
1558
1554
1553
1540
1550
1545
1339
1553
1542
1553
1505
1552
1550
1562
1558
1551
1560
1553
1554
1550
1549
1540
1553
1551
1558
1551
1560
1544
1533
1549
1550
1557
1556
1170
1560
1548
1555
1535
1549
1226
1560
1554
1529
1507
1549
1546
1549
1536
1552
1552
1547
1558
1548
1541
1533
1547
1547
1207
1553
1554
1547
1546
1557
1555
1556
1536
1433
1555
1552
1541
1536
1544
1543
1559
1551
1539
1554
501
1553
1554
1557
1553
1552
1541
1546
1559
1554
1547
1551
676
1552
1551
1557
1548
1528
1544
1553
1554
1257
1551
1553
1557
1536
1558
1555
1554
1549
1554
1553
1563
1545
1546
1553
1555
1558
1553
1555
1133
1550
1554
1466
1553
1540
1547
1415
1532
1538
1535
1554
1548
1554
943
1549
1552
1553
1560
1556
1559
1558
1104
1556
1555
1555
1560
1557
1558
1561
1552
1537
1556
1503
1550
1553
1542
369
1559
1551
1552
1432
1563
1560
1547
1550
1546
1552
1557
1545
1081
1538
1542
1552
932
1544
1550
1543
1559
1557
1555
1559
1548
1554
1536
1552
1552
1547
1551
1555
1552
1548
1546
1548
1556
1553
1551
1552
1548
1551
1555
1552
1556
1553
1543
1553
1134
1550
1554
1553
1533
1542
1549
1551
1521
1546
1555
1556
1551
1548
1553
1557
1197
1539
1555
1545
945
1552
1541
1547
1544
1038
1556
1549
1555
1547
1550
1489
1551
1554
1550
1477
1121
1553
1550
1555
1551
1552
1554
1549
1553
1560
1553
1550
1555
1559
1563
1557
837
1553
1552
1556
1550
1554
1552
1553
1547
835
1559
1557
1556
1545
1557
1561
1542
1548
1562
1265
1549
1462
1557
1526
1557
1562
1334
1554
1023
1545
1554
1558
1286
1095
958
1550
1550
1545
1549
1205
1556
1555
1537
1048
1557
1553
1546
1551
1548
1557
1545
1556
1551
1555
1552
1554
1551
1552
1556
1534
1538
1534
797
1554
1554
1558
1555
1555
1542
1541
1535
1550
1539
1541
1553
1551
1554
1552
1556
1559
1552
1054
1558
1546
1555
1555
1547
1557
1547
1549
1552
1533
1547
1542
1552
1553
1541
1548
1540
1557
1561
1557
1516
1553
995
1526
1559
1560
1571
1232
1412
1216
1559
1560
1552
1557
1559
1551
1557
1529
1133
1559
1450
1550
1556
1555
1552
1532
1555
1549
1556
1553
1550
1555
1519
1553
1058
1556
1549
1553
1539
1540
1549
1559
1553
1561
1548
1547
1552
1013
1559
1553
1555
1546
1557
1548
1546
1540
1540
1549
1527
1552
1547
1553
1554
1545
1551
1552
1555
1552
1556
1544
1555
1556
1546
1559
1555
1522
1544
1553
1559
1553
1321
1543
1550
1548
1556
1557
1550
1551
1552
1555
1548
1538
1552
873
1561
1557
1550
1539
1558
1554
1555
1560
1556
1551
955
1550
1559
1550
1556
1558
727
1553
1551
1559
1553
1035
1557
1541
1560
1546
1022
1020
872
1562
1536
1553
1558
1554
1547
1554
1550
1548
1554
1545
1560
1555
1544
1547
1551
1550
1554
723
1558
1553
1560
1553
1445
1549
1554
1552
1549
1554
947
1563
1554
1551
1545
1527
1545
1555
1555
1559
1557
1234
1552
1550
1554
1556
1556
1552
1549
1546
1556
1558
1546
1553
1549
1559
1545
1541
1556
1535
1560
1556
917
1555
1249
1556
1552
715
1557
1550
1547
1556
1544
1551
1556
1541
766
1548
1520
1552
1562
1539
1558
1549
1559
1558
1554
1557
1554
1558
1548
1560
1542
606
1557
1550
1226
1553
1537
1489
1103
1554
1298
1551
1238
642
809
1552
1537
1552
1531
1519
1550
1550
1468
1553
392
1553
1546
1165
1554
1554
1548
502
1560
1558
1551
1552
1551
1552
1552
1555
1550
1554
1556
1547
1540
1555
1559
1543
1555
1550
1496
1555
1551
1559
1519
1551
1556
1557
1557
1536
1545
1544
1554
1553
1537
1536
1548
1453
1557
1553
1540
1327
1512
1551
1548
1553
1543
1555
1553
1166
1535
1536
1267
1547
1546
1549
1540
1529
1558
1550
1544
1548
1553
1552
1557
1551
1562
1544
1551
1553
1553
1546
1549
1547
1554
1554
1550
1547
1548
1548
1557
1557
1556
1554
1550
1039
1562
1559
1557
1432
1539
1552
1551
1550
1550
1550
1455
1552
1131
1554
1548
1553
1271
1557
1547
1553
1555
1550
1531
1558
1189
1306
1544
1552
730
480
1557
1554
1554
1563
1556
971
1557
1558
1555
1554
1567
1550
1550
1549
927
1558
1543
1551
1552
1548
1524
1552
1558
1543
1554
1551
1537
1543
1551
918
1553
1551
1547
1553
1559
1554
1550
1557
1552
1553
1550
1552
1175
1577
1548
1536
1546
1549
1547
1125
1548
1549
1527
1545
1554
838
933
1535
1550
1556
1550
1555
1560
1546
1547
1540
1550
1555
1542
1549
1556
1550
1545
525
1553
1555
1553
1549
1558
388
1556
1552
1058
1550
1556
1556
1551
1546
1556
1553
1555
1542
1561
1556
1553
1547
1548
1550
1534
1543
1565
1539
1536
1548
1556
1549
1559
1548
1557
1550
1552
1550
1547
1547
1551
1558
505
1420
1553
1559
1561
1553
1014
1544
1546
1548
1540
1552
1539
1537
1540
896
1477
1582
1549
1556
1556
1557
1558
1559
1348
1113
1551
1555
1550
1548
1539
1535
1548
1550
1557
1302
1539
1555
1559
1491
1554
1562
1541
1554
1556
1554
1550
1557
460
1550
1552
1543
1549
1550
1559
1555
1559
1543
1360
1555
1559
1545
1551
1549
1544
1525
1543
1539
1547
1558
1555
1552
1565
1556
1556
1554
1463
1557
1549
1545
1555
1555
1555
1521
1552
1515
1558
1555
1272
1556
1545
1077
1553
1556
1556
1544
1541
1534
1554
1528
1546
1547
1555
1558
1553
1548
1557
1548
1551
1547
1563
1521
1552
1549
1559
1549
1537
1549
1542
1208
1552
1538
1548
1524
1554
642
1549
1550
1553
1553
1558
1554
1557
1558
1554
1068
1554
1553
1557
1554
1557
789
1552
1545
1550
1532
1558
1548
1539
1553
1542
1548
1546
1548
1552
1551
1552
1547
1555
1563
1515
1550
1540
1557
1552
1552
847
1560
1537
1552
1554
1541
1543
1549
1560
1556
1555
1556
1536
807
1553
1553
1558
1550
1535
1545
1550
1547
1550
784
1552
1556
1558
1543
1532
1554
1546
1031
1563
1551
1555
1556
1112
1547
1556
1556
1546
1542
1553
1547
1542
1558
1551
1557
1553
1540
1550
1470
1550
1550
1546
1550
1553
1549
1551
1557
1552
1555
1504
1556
1442
1552
1559
1549
1555
1554
1544
1549
1348
1555
1543
1549
1551
1559
1552
1325
1539
1551
1560
1502
1544
1549
1315
1533
1541
1553
1555
1557
1547
1553
1552
1545
1558
1534
876
1536
1552
1548
1389
1549
1547
1552
1552
1564
1556
1551
1534
1553
1554
1554
1549
1315
1544
1555
1541
1555
1556
1547
1482
1540
1553
1563
1555
1548
1556
1552
1557
1526
1540
1548
1550
934
1575
1550
1550
1537
1556
1547
1525
1548
1555
1548
1543
1559
1548
1552
1546
1034
1174
1557
1551
