3052
3025
2562
3053
3035
3052
3078
3030
3059
3043
3065
3067
3043
3003
3061
3039
3077
3046
3060
3036
3034
3080
3077
3060
3058
3047
3045
3045
3055
1286
706
3072
1519
3065
3071
213
3043
3019
3037
3116
209
3032
3070
3050
3115
3063
3043
3084
3063
3077
3037
3027
3071
3081
3074
2046
3096
2945
3037
3054
3056
3052
3062
3064
3050
3041
3077
3027
3024
3043
3108
2986
3087
3045
2104
3074
3091
3019
3048
3049
3044
3072
3038
2330
3059
3035
3069
3059
3040
3065
3056
3056
3056
3050
3059
2859
3047
1120
3071
1717
3062
3034
3032
1840
3047
3073
768
3057
1704
3041
3045
3047
3072
3051
3031
3051
3056
3067
2883
3090
3079
3076
3027
3052
3041
3050
447
3067
470
3027
3074
3035
3009
3032
3050
3069
2024
3053
3023
3066
3063
3055
3073
3049
288
3025
3035
3027
3044
3071
3024
244
3049
3139
3061
3065
3104
3054
1361
3084
3023
3062
3040
3042
3045
3065
3051
3046
3083
506
3046
3039
3066
970
719
3072
3048
3080
3008
3061
3043
3058
3049
3075
3056
3071
3042
2863
3058
414
3068
3052
3061
3027
3148
3029
3073
1352
3051
3075
3040
3060
3041
3047
3073
2854
3047
3038
2565
3031
3059
2994
3007
3024
2981
2234
3042
3059
3008
3018
3084
3004
3067
3023
2209
3041
3065
3037
3015
1752
3052
3012
3056
2650
3031
3053
3064
3045
2960
3067
3080
3048
3069
3085
3049
3055
3052
3041
2604
3021
3039
3041
3047
3023
3051
3071
3076
3047
3089
3043
3057
3051
3069
2358
3040
3056
2987
3082
3069
3043
2992
3049
3029
3072
2984
3028
2989
3048
2801
2969
3040
3080
3001
3067
3033
2998
3057
3036
3033
3028
847
3045
2799
841
3017
3074
3071
3078
3084
222
3073
3038
3036
3021
3050
3057
3072
3056
3059
3054
3041
3063
3049
2992
3089
3039
3143
3048
2675
3042
3055
3049
1666
261
3070
3036
3008
3044
3052
1776
3035
3066
3043
3065
3042
3062
3020
2631
3057
3036
3056
3072
3073
3066
1838
3048
3073
3063
3022
3060
3035
3026
3073
3067
911
3034
2702
3053
3056
3040
3041
3038
3058
3038
3048
3068
3014
2867
3061
3051
3048
3069
3039
2261
3019
2993
3029
3029
3041
3043
3041
3037
3048
3030
2553
2841
2733
3056
3049
2986
3033
3056
3048
3055
2875
3068
3023
3039
3044
573
2952
3059
3059
748
3045
3030
3042
3050
3060
3067
3065
3127
3023
227
3077
3015
3092
3052
3084
3046
2849
1204
811
3068
3002
3095
3077
3026
560
3031
3066
3053
3037
647
3085
3099
3048
3009
2275
3004
3055
3032
3061
3070
3069
2866
830
3049
3013
3045
2917
3043
2994
3023
3021
3011
3047
3056
3052
526
3058
3055
2991
3055
3078
1595
3076
3045
3046
2304
3046
3016
3014
3016
3067
3052
2737
3037
3045
255
3025
3143
3055
1432
3059
3065
3066
2819
1920
3048
3031
3027
3078
2850
3012
3072
572
3028
2467
3071
3053
3050
1330
3033
1862
3084
3076
3047
2888
3069
2582
3073
3045
2865
3060
3059
3046
3082
1395
862
3051
3035
3016
3073
3069
3058
3037
3053
3044
3035
3045
3059
2144
3077
3063
3054
3027
3061
3052
3065
3071
2261
2157
3076
2013
3027
3026
3036
3016
3072
3057
3057
3042
3027
3066
3059
3048
3057
3050
3090
3091
3024
3056
3068
3050
2436
3044
3046
3022
3053
3046
3001
3028
3051
3042
3073
3039
733
3038
3058
2680
3069
3061
3049
3066
1692
2759
3052
1337
2664
3031
3039
3080
3117
3066
3080
483
3061
3017
3025
3060
2619
3089
3023
3024
3056
3083
3014
3038
3073
3054
3061
3046
3049
3058
1378
3042
3039
3044
3038
3065
3058
3032
3061
3058
3052
3018
3054
3071
3085
3055
1711
1732
3038
3081
3044
3030
3066
3047
3044
591
3068
3016
3103
2123
3012
3046
3054
3043
3072
3075
2985
2104
3067
1362
3095
3054
3055
3080
3091
3024
3010
3050
3054
3027
3074
3055
3056
3031
3088
3054
3074
3015
3043
3051
3084
3047
3062
3083
3066
3070
3065
3015
3050
3094
3073
3070
3083
3070
3050
3031
3054
3088
3063
3113
3022
3027
3035
3071
3037
3058
3054
3054
2955
3082
3034
3049
3043
3024
3082
3076
3055
3077
3064
3071
3064
3056
3026
3083
2455
3049
3072
3076
3051
3034
3047
3047
3046
3044
3093
3071
3051
3075
3018
3056
3101
3046
3032
3026
3041
3072
3026
3069
3033
3028
3053
3069
3036
3040
2995
3050
3015
3033
3074
3073
3071
3050
3030
3052
3033
3049
3039
3076
605
3078
3051
3075
2958
2949
2077
3060
3048
2913
3071
3045
3028
3066
3074
3065
3059
3068
3086
1295
3037
3056
3023
3059
1343
3036
264
1992
3027
3071
3047
3043
3057
3032
3061
3048
3042
3015
1206
3071
356
3043
2803
3046
3019
3056
3068
3056
3041
3057
3058
3142
2900
3042
3027
3030
3034
3072
3046
3040
730
300
3030
3066
3045
3090
3050
3071
228
3064
3044
3072
2977
3039
3033
3051
3030
3066
759
3077
3043
3030
3265
931
3086
2036
3067
3053
3058
3085
2541
3051
3058
3074
3070
3045
3013
3048
356
3068
3076
3032
3046
3079
3069
3089
3057
3065
456
3085
3035
3052
3019
2127
3040
3047
3076
3073
3022
3049
3068
3063
2785
2967
3058
3057
3082
3076
2991
3027
3057
403
1755
3068
3042
1560
3031
3075
3029
3060
3027
3046
3036
3083
3051
3019
3063
3069
3043
3068
3108
3036
3080
3063
3049
3078
3035
2910
3073
3102
3054
3027
2996
3064
3057
3063
3037
3037
3056
3081
456
3044
3066
3048
3079
3068
2190
3052
3054
3029
3049
3055
3047
3066
3078
1548
2987
3004
3055
3066
2621
3052
3035
3067
3028
3082
3054
3067
672
3034
3066
3035
3054
3071
2995
3046
3045
3035
3037
3083
2998
2855
3076
2865
3043
3001
3077
3055
3073
3070
3075
3056
3048
3059
3058
3046
3043
1969
3050
3051
3073
3039
2990
3027
3042
2190
3053
3021
920
1025
3027
3023
3051
2160
1065
3005
3040
3032
3070
3018
3053
3054
3003
3045
3069
3028
3040
2969
3069
3072
3071
3093
3055
3050
437
3034
2881
2939
3075
3070
3049
3085
3022
3029
3046
3074
3047
3030
3032
1611
3052
3062
3056
3145
3000
3078
3097
3082
3042
3031
1614
3075
3004
3054
3057
3073
429
3040
3057
3042
2974
3029
3064
3066
3063
3063
3058
3067
2385
3032
239
3038
2994
3028
3008
3039
3032
3046
3046
3054
3043
3069
3079
3038
3024
3081
3049
3080
3061
3041
2620
3066
3078
831
3036
3030
3047
3062
3055
3043
3049
3080
3019
349
3087
3073
3030
3066
3054
3055
3032
3080
3060
3043
3061
3038
919
3033
3044
3074
3067
3044
3091
3038
3018
228
3053
2637
3035
3056
3051
860
3083
3038
2207
2989
3064
3055
3016
1772
3033
3054
3040
2931
3077
3043
3053
3041
3024
2998
3046
3013
3027
3062
3080
3071
3075
3039
3019
3052
3114
3036
2988
3048
3045
1712
3078
3042
3065
3041
3050
3051
3042
3050
3060
3025
3049
668
3017
3047
3058
3058
2886
3075
3021
3068
881
3039
908
3068
3009
2876
3045
3057
2999
3068
3030
3084
3089
3035
3041
3079
3035
3023
3001
3052
3032
3086
3042
3098
3017
3054
3066
3039
3141
3127
3064
3060
254
3072
3007
3020
3044
3083
3070
3070
3053
3064
3055
3065
3070
3053
3052
3031
3038
3058
3030
3062
3080
3083
3066
3054
2980
3061
3043
3040
3032
2917
3080
3040
3048
209
3052
3050
2160
3068
3040
2256
1430
3017
3067
3054
3063
2942
3044
3049
1891
2773
3033
3018
3036
2674
3031
3042
3088
3092
3069
3032
3062
3072
2256
3023
3070
3038
3043
3049
3037
3087
1431
255
3036
3073
3037
3080
3058
3071
3077
3109
3081
3010
3036
3077
3038
3033
3079
3045
3046
3062
3062
3065
3009
2988
2727
3045
2609
3058
3078
3065
3065
3049
3052
3028
3068
2955
3066
3051
2365
3050
3034
3070
3027
3082
3032
3059
3052
3054
3064
998
3078
560
3072
3065
3059
3024
3092
3085
3044
3040
3051
3041
3044
3037
3065
3059
3054
3059
3074
3038
3074
3046
3031
3052
532
3047
3060
3061
3065
3054
3051
3073
3065
3083
3051
3031
3049
3084
3057
3020
3058
3023
3060
3056
3076
1607
3041
3048
3079
3051
3052
3050
601
3032
3074
3086
1807
3080
3059
3066
3045
3055
3045
3052
3080
3104
3049
3071
3096
3060
3016
3043
349
3074
3127
3030
3040
3026
500
3040
3037
3053
3018
3067
3030
2858
3044
3027
3027
3041
3039
3018
3043
3097
3012
2960
3043
3056
3032
3064
3059
3058
3017
3050
3051
2995
3074
3053
3083
3013
2991
3055
3074
3028
2998
3061
3027
3036
1396
3031
3005
3028
3031
3080
3054
3072
3064
3089
3036
281
3039
3009
3043
3073
3056
3021
3060
3067
3030
3023
1881
3051
3049
3035
3071
3075
376
3040
3023
2968
3053
3047
3054
3109
3036
3064
3068
3004
3042
3036
3062
3049
3044
3052
3057
3035
3089
2478
3046
414
3041
3060
3068
3072
3024
3036
3068
3046
3032
3050
2291
3021
3031
3013
3063
3049
3034
3057
3067
3036
3066
3055
3065
3092
3045
3063
3038
1500
3064
3046
2877
3049
3077
3058
3068
3065
3046
3062
3031
3073
3065
3015
3015
3076
3038
3044
3040
3021
2476
3058
3060
3051
469
3002
2795
3057
3078
3045
3062
3085
3079
3062
3030
3080
3092
2994
3070
3000
3053
3067
3039
3057
932
3027
3026
3077
3075
2082
3074
2941
3052
3032
3055
3046
3072
3062
3143
212
3037
3045
3038
2317
3050
3032
3006
3056
2995
3056
3068
3019
3076
2930
3063
3050
3060
3055
3068
2062
3016
1067
3052
3060
3020
3053
3111
1663
3054
3042
3091
3066
699
486
3055
3020
3056
3068
2985
3038
3017
3033
3086
3065
3075
3074
3060
2175
3064
3021
2095
2465
3028
3049
3071
3048
3031
2595
3073
3065
3058
3061
3073
3032
3064
3105
2921
3037
216
3076
3081
3066
3035
3030
3073
2867
3033
3033
3071
808
3072
3058
3035
3039
3022
3044
3048
2998
3113
3038
3032
3054
2997
3031
3056
3033
3046
2222
2950
3017
3086
3037
3078
3058
3053
3056
3061
3025
3039
3027
3038
3057
378
3045
3036
3081
1672
3077
3049
3028
3027
3069
3066
2939
3030
229
3044
3035
3080
3056
3016
3062
3030
3089
3083
3061
1153
668
3061
3076
3068
3031
3041
3049
3058
3063
3066
240
3061
2305
3027
3055
3023
1038
3039
3131
3031
3007
3060
3052
3046
3007
3051
3004
3057
2868
3054
3073
3157
3063
3008
3068
3060
3057
975
3012
3081
3056
3031
3064
3034
3076
3032
3037
3060
2583
219
3110
3005
3041
3065
2429
3080
3029
250
3058
3021
3022
3027
3032
3020
3015
712
3055
3068
3022
3048
3060
3051
3050
3036
3091
3077
3050
3055
3059
2981
3055
3038
3093
3041
3069
3065
3034
3024
3065
3049
3062
3059
3030
1699
2134
3053
3036
3040
3060
3058
3038
3074
2987
3032
2761
698
3038
3040
3020
3046
3070
3054
3032
3068
3026
3052
3027
3001
3051
3065
3041
3029
3051
2987
3084
3026
3057
2182
3036
3016
3041
3057
3006
2630
3042
3045
3020
3081
2745
3092
3049
3027
2973
3060
3046
3046
3016
1414
3057
3093
3054
3133
3060
3010
3010
3035
3045
3064
3055
2989
3048
3071
3035
3000
515
3069
3044
3038
3035
3043
3068
3029
2791
3091
3038
1528
3031
3047
3060
1532
3051
3047
3033
3042
3064
3058
2221
3077
3061
3020
3029
543
3056
3075
3037
3035
2874
3060
3043
3042
3078
3034
570
3073
3043
3049
3058
550
3069
3089
3082
3052
3050
3042
3015
2518
3044
372
254
3043
2900
1811
3043
3059
3073
3029
2076
3050
3042
3059
3042
2845
3069
3032
3039
3044
3042
3033
3083
3015
3061
3061
1832
3011
3054
3038
3074
274
3043
3052
3038
1801
3034
3063
3069
3009
3035
3041
3066
3078
3042
3073
3047
3063
3038
3092
3056
3056
3048
3044
3053
3046
3045
3081
3067
3062
3067
3048
3047
3014
3073
3036
3059
3041
3045
1603
3067
3028
3037
3069
3042
1136
1849
383
3076
2723
3051
3065
3083
3048
2999
1627
3039
3042
3080
3089
2200
3019
3034
3064
2210
3063
1164
2836
3139
3058
2942
3050
3033
3058
3051
3059
3053
1541
3036
2785
3091
3005
788
3012
3063
3062
3007
3048
3047
3044
3090
3061
3072
3059
3067
3033
3067
3046
3020
3024
3015
3060
3049
3013
3064
3032
3048
3044
3010
3040
3017
3061
3078
3044
3074
3058
3046
3064
3062
3038
3071
3100
3055
3030
1591
3072
3024
670
2992
3035
3072
2000
3045
3051
3059
3054
3046
3020
3072
3030
2887
3093
3040
543
3039
3081
613
3009
3087
3026
3076
3060
3067
3049
3066
3059
3068
3027
3045
3028
3075
3033
3064
3022
3052
3007
3026
3030
3013
3108
3057
3065
3046
1271
3037
3039
2348
3064
3017
3051
2837
3042
1429
3074
3064
3027
3034
3077
3094
3020
3048
3064
3068
3047
1113
3018
3052
3009
3040
3083
3051
3062
3041
3157
2969
1020
943
2646
3030
3050
3052
3086
3076
3029
3046
2740
3035
535
2988
246
3054
3040
3038
3073
3015
2594
2943
3094
3028
3043
3055
3060
3067
1220
3045
3063
3021
3042
3060
3020
3107
3057
3053
370
3023
3023
3041
3051
3042
725
3032
3062
3058
1095
2851
3063
3078
3015
3076
2827
3051
3042
3078
1174
3065
3013
3054
3074
3071
3067
3029
3049
3038
3056
3083
3059
1670
3084
3030
2736
3064
3033
3070
272
3066
1923
3054
3030
1052
3068
3066
3063
1792
3017
3034
3049
3052
3047
3076
268
2941
3058
3031
251
3031
3080
233
3053
3060
1759
3058
3061
3040
3004
3098
3078
3028
3092
3004
3022
2940
3043
1195
3016
3064
3034
1491
3046
1997
2934
3032
3064
3014
3090
3076
3032
3040
3072
3039
3061
3042
2931
3038
3074
3061
3065
2965
925
3014
2969
3054
2847
3072
3092
3052
2873
2132
2941
3050
3108
3073
3008
3055
3068
3054
3037
3039
3050
3017
3033
3048
3051
3047
3050
3081
2977
3033
3076
3073
2201
620
3044
3053
3059
1198
3050
3042
3050
3073
228
3077
3074
315
3066
3051
3028
3057
3065
3043
3036
3141
3029
2778
3063
1071
3051
3060
3000
3067
2987
3047
3054
3059
3008
2801
3062
2032
3016
3075
3069
3033
3135
1220
3045
3073
3064
3077
3050
2794
3084
3003
3044
2727
3036
3041
3055
2973
3023
3057
271
3066
3077
3072
3019
3069
3013
3053
3027
3051
277
2881
3016
3043
3035
3015
3066
1062
3077
3040
3043
3011
3071
3068
3038
1781
805
3096
278
1376
3063
3059
3055
2242
3083
2913
3021
3060
3044
3062
3071
3081
3065
3067
3022
3063
3039
3052
3084
3045
3070
3049
1249
3068
3060
3052
3063
3052
3061
3007
3061
1193
3049
3057
3054
3056
3045
2961
3079
1673
3077
3047
3011
3071
3025
3052
3068
2889
3054
3057
3052
3032
2004
697
3089
3050
3063
3048
3050
3062
3069
3086
3072
3045
3045
3059
3054
3055
3009
3052
3050
3066
1091
2562
3079
3044
3078
3057
3062
3058
3056
3055
3029
3073
3061
3077
3069
3046
1951
3031
3034
3069
3021
3017
2443
217
626
3054
2663
3030
3079
1080
3049
3065
1335
3038
3004
2980
3024
3031
654
3057
3016
3020
3085
2983
3032
3046
3043
714
3031
1459
3068
3042
3075
3031
2547
3007
3061
3047
3078
3048
3070
3056
3012
3032
3043
3033
3068
3055
1401
3105
3050
3079
3048
3002
3013
2882
3055
3058
2801
3078
3016
3061
3055
3073
3023
3033
3063
3067
2986
3079
3019
3018
2997
3057
3072
3074
384
3068
3016
2953
3009
3047
3053
3007
3073
2772
2958
255
3043
3050
3038
3045
3052
3095
3023
3037
3028
3065
845
3070
3068
3047
1597
3083
3056
2352
3045
3021
3062
3038
3033
3068
3049
3093
3040
795
3049
3020
2112
3030
3075
2880
3013
3056
3048
3079
2989
1475
3050
3066
3011
2600
2853
3036
566
3074
3080
3066
3140
2163
1985
3057
3067
3063
3041
3048
3054
3039
3055
2870
3079
684
3034
3051
1358
2993
379
3029
3021
3063
3025
2945
1696
3038
3065
3014
3046
3063
3010
3030
3090
3033
3081
3056
3023
3073
3047
3054
3039
3039
3046
1996
3066
3058
3016
3038
3079
3035
2981
3037
3066
3041
304
3005
3059
401
3045
3048
260
3048
3047
3049
3048
1965
3019
3088
3089
3052
249
3065
3075
3017
3088
3043
3043
3059
749
3072
3057
3050
2394
3076
3051
3074
3034
3063
3076
3004
3051
3023
3076
3003
3024
3036
3034
3051
3070
3048
2983
3059
2968
3019
3077
3045
3046
3055
3064
2314
3066
3081
3074
3041
3038
3008
3003
3049
3036
3067
3059
3070
3086
3011
3045
2407
3092
3017
3057
3057
3071
3053
3068
2997
3049
3053
3051
3074
1245
3075
3033
2340
3069
3063
3070
3065
3019
3042
3030
3034
2949
3063
3084
3077
3061
3047
3076
1468
2700
3047
2049
1070
3059
3052
3102
2828
3043
3039
3089
3085
3067
3058
3048
3068
2632
3066
3031
3075
3058
3026
3066
3060
3056
3055
3076
3021
2696
3082
3060
3086
3033
2969
3009
3111
3044
3087
3009
3053
1524
3087
377
3075
3040
3025
3070
3051
3025
3019
3056
3047
2766
3057
3067
819
650
2365
3030
3054
660
1521
3031
3040
3043
3030
3035
3038
3048
2915
3043
2602
3012
3056
3082
3054
3056
543
3045
3047
3045
3026
3052
3070
3021
2794
3021
3054
3023
1866
3014
3093
3079
3045
3024
3091
3073
3019
3050
3061
3070
802
273
3055
2457
3051
3047
3015
1967
3047
3069
3047
2994
3064
3000
3012
3017
3070
3015
3069
3033
2945
3026
3070
3038
3051
3021
3051
3020
3001
3047
3054
3050
3069
3025
3054
3020
3024
3071
3027
3005
3071
1906
3047
3027
243
3008
3055
3052
3055
3070
2304
1532
2629
3069
3035
3053
3034
311
3059
3041
3054
3088
3061
3053
3034
3033
3049
2821
3060
3063
232
3077
3057
3051
2783
3039
2913
3074
3084
1949
1922
3031
3089
3024
3056
3041
1376
3093
2902
3031
3037
3073
3042
3059
3049
3051
3064
3072
3022
3030
3046
3065
3043
3077
3059
3061
3051
3009
814
2673
3079
3021
3078
3019
928
3040
3072
3061
3052
3118
3050
3084
3011
3021
3029
2980
664
3065
3093
3079
3028
240
3027
3021
2998
3022
3015
3021
3029
3081
3043
3117
3059
3058
2890
250
3128
3044
3073
3136
3022
3078
3060
3027
3031
3050
3000
3029
3041
563
3074
3084
3052
3037
3034
3049
2481
3051
2789
3042
3053
1450
3054
3016
3078
3063
3018
247
3016
3077
3081
3077
2927
3058
2999
3043
273
3042
3074
3009
3031
3135
3071
3060
3044
3039
3006
3076
3030
3062
3074
3066
3153
3167
3059
3069
3072
3079
1041
242
3045
3062
3070
2989
3044
2978
3026
3000
3068
3050
3084
3048
3063
3061
3065
3041
1683
3042
3033
3034
3032
3057
3082
3004
1063
3073
3037
456
3025
352
3035
3091
3049
982
3063
3056
3008
3056
3090
3064
3054
3073
3062
3093
2324
2995
3054
349
3047
3066
2174
3060
3034
1976
3075
2727
3045
3064
3064
3069
1351
3079
3033
3071
3062
3056
2721
3075
3067
3046
2147
3035
3066
2213
3061
3038
3022
3076
3070
3083
2862
3086
3104
3094
3109
3083
3022
3076
3066
3060
3082
3037
2862
3081
3119
3066
3072
3065
3080
3064
3034
3064
3030
3050
3081
3035
3021
3062
3059
3045
941
3008
2976
3028
3047
3047
3051
3066
3078
3042
2707
3027
3065
3066
3027
3057
3014
2353
928
3030
3030
3019
2659
3061
3080
3014
402
3038
3052
3058
2994
3008
3050
3025
3047
3031
3056
3029
3045
3061
3058
3043
479
2838
3066
3031
3072
3045
3021
3041
3042
3055
1232
3080
3074
2498
3031
3059
3080
3055
3064
3054
3075
3073
1547
3067
3030
3016
3045
567
1087
3042
3023
3025
3054
3073
3086
3021
3067
3037
3064
3058
3018
3058
3061
3053
3026
3079
3014
3035
3081
230
3091
3044
3064
3011
3048
3038
3067
3039
3049
3039
3052
3050
3016
3043
3034
1851
3069
2959
2613
3062
3098
3010
3068
3060
3061
2882
3070
3077
3032
3055
3078
3017
3046
3000
3068
2951
2874
1336
3038
3063
3052
3059
3009
3099
3076
3084
906
3082
3026
3069
3063
2432
3035
3075
3072
3019
3054
3125
3025
3056
2632
3089
3048
3039
2431
3031
3062
3040
3049
481
3074
3071
3035
3072
3039
3027
2981
588
2924
3074
3028
3069
3013
1379
3077
3021
1121
3078
3065
3001
3071
3079
3065
3063
3083
3048
3052
3082
3067
3063
3038
3028
2463
3019
3030
3027
3013
3019
3072
1827
3030
3058
3019
3056
3096
3029
3067
3016
3068
3025
3057
3027
3081
3058
1227
3051
3083
3027
3051
3065
3075
3042
1531
3071
1214
3066
3065
3061
3017
3057
3068
3051
3054
1074
3034
3025
3055
3083
3062
3076
2921
3088
1618
3001
3059
1064
3076
933
3067
3039
3023
3058
3027
3064
2947
3076
3054
3023
3092
3094
3096
3040
3049
326
2095
3095
3017
2991
1545
3057
3052
3034
3050
2984
3056
3082
3028
550
3052
3058
329
520
576
3077
3067
3070
3058
3065
3079
3069
3067
3071
3069
3093
3052
3056
3030
3062
3033
3027
3053
3079
3058
3040
3055
3070
3030
3039
1254
2629
3048
3018
3025
3045
3080
3032
3075
3031
3026
3042
3077
3070
3066
2973
3031
2391
3075
3006
619
3073
3058
3014
3087
3076
3055
3063
3069
1765
3041
3054
3035
3068
2769
2475
2538
1424
3041
3069
3066
3028
3057
1470
3019
3070
1654
2261
3065
3078
3039
3038
2947
3042
2001
3007
268
3080
3045
3068
3020
3057
3031
3032
3040
3054
3037
3018
3050
3132
2051
1137
3059
3022
3056
3050
3021
3036
3054
3033
2997
3110
3035
3061
3031
2751
3067
2907
3076
3031
2424
3045
3067
3066
3040
3046
3042
3075
3062
3032
3048
2899
3072
1639
3066
3056
3075
3050
3017
3056
3054
3064
3032
3010
3052
3061
2862
3073
1608
479
3034
3018
3084
3074
3069
3045
3057
3061
3030
3022
3068
3079
3052
3080
2898
3044
3021
3054
3065
3020
2973
3018
3073
885
3075
405
3054
3066
3034
3037
3058
2932
3001
3075
3014
792
330
3074
3074
3069
2989
3030
3111
3078
3040
2978
3062
1373
3035
3058
3131
3073
3069
3033
3033
3016
3034
3005
3026
361
1186
3036
3088
3045
3017
3069
1518
3070
3063
3059
2791
3081
3058
3051
1306
3065
3031
3097
3027
3058
3060
3088
3017
3024
3052
2901
3066
3074
3087
3048
3104
3090
3057
3098
3052
3035
3053
3051
3022
3047
3074
3024
3028
3068
2985
3029
548
3038
3068
294
3046
3063
3071
3035
2997
3072
3027
3065
3060
2961
3061
3007
1293
3040
1844
3068
3088
3068
3044
3050
3028
2356
1710
3035
3082
3072
3034
3066
3089
3076
3055
3071
3055
3030
3063
3096
3070
3090
332
892
3049
3051
3076
3074
3099
1603
3049
3023
515
3022
1321
3053
820
2198
3047
3063
3113
3054
3060
3043
3025
3065
3045
3060
3050
3069
3089
3039
3042
3030
3063
3039
3067
1989
3034
2502
3081
3056
3053
3070
3065
3044
3004
3003
3021
3070
3054
3059
2747
3018
3060
3033
3054
3059
3033
3047
3002
3065
2593
3054
1318
3025
3034
3053
3027
3047
3048
3026
3004
3110
1365
3048
3060
3068
3089
3049
3054
3092
1374
3064
3075
479
3034
3039
2978
3030
3065
3069
3032
3057
3044
3047
3030
3051
3016
3044
3036
3046
3068
3051
3049
3012
3048
886
3042
3127
2999
3037
3065
3062
3052
3036
1096
3067
1197
1742
3084
3038
3056
3045
679
3026
3058
3060
3073
3049
2609
3064
3064
3024
3078
3047
231
3070
3036
2811
3082
3070
3077
2954
3068
3034
3110
3047
3033
3028
2839
2440
3091
3059
3072
3117
3048
2995
3049
3079
3039
3077
3069
3080
3056
2517
3050
3069
3037
3020
3053
319
3033
3058
3039
3070
3073
3088
3042
3027
2992
3042
3059
3046
3081
3023
2878
3048
3015
438
3075
3064
3046
3028
2983
3061
3065
3068
3059
3038
3071
3013
3027
3032
3079
3015
3008
3056
3050
3031
3071
3046
3031
3051
3053
2893
3077
3024
3095
3012
2986
3070
3032
3053
3046
3005
3065
3025
3086
3049
3071
3042
3057
2579
3058
3005
3077
3073
3082
3053
3049
2826
3059
3018
3072
3065
3056
3048
754
3067
3021
3032
2600
3059
3030
3048
3058
3063
3065
3069
3037
3060
3057
3066
3039
3013
3079
1675
3091
1004
2203
3071
3078
3043
3071
2218
3067
645
3040
3029
3057
3026
3023
3013
3075
3042
3059
3009
3119
2922
2908
3070
3049
3074
3136
3047
3029
2872
3089
3032
3049
3068
3061
3029
3019
3051
3022
3052
3067
3028
3075
3021
3036
3031
3065
3029
3069
3068
3062
3075
3061
3089
3050
3081
2817
1792
3010
3040
2990
3032
3041
3006
2600
3046
3070
2879
3066
3072
3011
3078
3061
2923
3013
3011
3045
3096
3040
3037
227
3065
3071
3014
3064
1633
3010
3082
3079
3045
3032
3066
3062
3056
3044
3057
3075
1698
3043
3071
3070
3031
3062
3073
3047
3071
3013
3053
3086
2463
3070
3072
3064
3047
2947
3046
2987
3055
2406
1135
3065
3037
3058
3114
2976
2905
3041
1020
2870
2794
3035
3057
3059
3127
3037
3062
3058
3037
3062
3065
3044
3055
3056
3112
857
3062
3043
3031
3064
3058
2274
3050
3067
3080
2728
3038
3062
3050
3061
3058
652
3039
3073
3070
3078
2554
2999
2985
3080
3036
3016
3044
3079
3022
3020
3120
3060
2975
3050
2165
3016
2332
3063
1787
2542
3067
3075
3081
3054
3051
3038
3070
3057
3050
3056
3065
3071
3050
3072
3025
3041
3046
3039
3049
3062
1609
3058
3047
3073
3037
3076
3047
2995
3022
2685
3075
3048
3044
3057
3027
3007
3073
2991
3052
3083
3041
3030
3043
3045
2907
3053
2780
1491
3025
3052
3038
2863
3027
3004
3028
2979
3056
376
3047
3027
3052
3055
3046
447
3059
3037
3035
3053
3083
3032
1306
3002
1030
262
3033
3043
2072
3086
2292
3018
3060
3019
3029
303
3034
3050
890
3054
3057
1231
3093
3061
3060
3042
1815
3043
3077
3057
3049
3051
3047
3013
2364
3058
3055
2838
3019
2576
3046
2979
3052
3057
3049
3037
3038
3078
3068
3065
3047
3034
3051
3052
3052
3131
3042
3051
583
3090
3067
3042
200
3066
3075
3016
3049
2655
3051
3040
3011
2983
3054
3130
2375
3023
1602
3041
3058
3039
3076
3074
2601
3037
3003
2917
3078
3059
542
3098
212
3093
3083
3085
3064
3034
3030
3040
3036
3085
3040
3028
2948
3021
3056
3028
3036
2611
3062
2999
3038
2947
3036
3107
3041
3019
3015
3034
3069
3065
3062
3042
3074
3036
3064
3011
3052
3048
3062
3083
3084
3055
3057
3063
3050
3074
3073
3032
3024
3052
3031
448
3108
3090
3074
2993
3054
3045
1481
3049
3055
3036
3007
3042
3053
3036
3066
3054
3042
3095
3010
3081
3082
2952
3074
3062
3041
3001
3046
3043
1638
3046
3019
2940
2226
3031
2503
3056
3049
3022
1208
3047
3033
3012
3083
3057
3007
3041
3056
3047
3060
3066
3014
2100
3074
3055
3080
3057
3044
3074
3043
3054
3022
502
3054
3019
3047
3056
3017
3064
1304
3078
615
3035
3042
1342
2357
3044
3060
3035
3065
3043
3054
3003
3061
3046
3043
3049
3031
3022
3043
3053
2949
3058
3001
2984
2810
3063
2998
3070
2989
3037
2812
3065
3017
3042
3039
3057
3059
3116
3053
970
3059
1317
3119
3052
347
2962
3031
3009
3037
3049
3034
3054
2476
3047
3044
236
1908
3069
3101
2935
3048
3045
3077
3034
3071
2910
3083
2346
2998
3086
2750
3051
3050
3058
2258
3051
2807
3055
3046
2922
2993
3038
2547
2780
3086
3048
3033
3056
3012
3072
3081
3064
3059
3065
3078
3075
3056
3062
3038
3057
1061
3064
3071
3056
3034
3055
3038
3055
3043
3077
3054
2801
2963
3058
3064
3036
3076
3050
3022
3086
2947
3042
3073
3059
3112
3066
3059
3051
3044
343
1020
3046
3055
3049
3038
2983
3086
3069
1773
3059
3050
3052
3088
3036
3035
3076
3041
3095
3047
3068
3133
697
3029
3033
2474
3080
1909
1780
3043
3044
3068
3019
3054
3002
3065
3022
3054
3043
3048
3089
3054
3035
3034
3075
3061
3041
3010
809
3079
2374
3052
3070
3061
3054
3062
3021
3022
3068
3062
3068
3019
3059
3068
2767
483
3054
3039
3052
3063
3049
3054
3061
3056
382
3073
3093
3063
3048
3019
2806
3011
3060
3069
3091
3029
3052
1362
3073
3044
3041
3037
2646
3062
3000
3060
3014
3071
266
3099
3056
2958
2851
3040
3059
2839
3051
3067
3100
3047
3042
3060
3048
3069
2892
2988
3069
3053
2985
3055
2979
3059
3064
3026
2037
3024
3052
3079
3066
2663
3039
3051
3050
3077
3030
3029
3034
2899
2517
3071
3061
3038
3043
3058
3096
3075
3076
3057
3056
3005
3034
3064
3069
3071
3045
3012
3058
3028
3050
3060
3031
3076
3026
1976
3021
3083
3056
3048
3042
3056
2977
3080
3023
2988
2981
3055
3070
3070
3009
2752
918
3037
3084
2062
3065
2966
3022
3074
3047
2977
3032
3054
3023
3019
3051
3033
3087
2641
3032
3050
2242
3050
3082
3093
3072
795
2919
3040
3067
3046
3040
2966
3084
3040
3056
3062
3040
3048
3052
3037
3067
3047
3049
2892
3064
3051
3064
3066
2919
3051
3051
3054
3060
3040
3070
2989
3044
3052
2968
3039
2996
1392
3077
341
955
3063
3103
3067
3252
3036
3047
3040
3044
3063
3052
3045
2289
3066
1275
752
3038
2776
3048
1605
3056
3062
3042
3074
3065
3001
3060
2918
3065
3065
3085
3039
3083
3073
3032
2491
2969
3014
3048
3040
2322
251
3035
3026
3046
3040
3031
3071
3039
3025
3015
3084
3095
3055
3056
3043
3037
2879
3054
3052
3069
2908
3080
3052
3085
3050
3048
3071
3060
3053
3010
3063
3061
3061
3061
3064
2871
3038
2048
3062
3052
3050
3045
3062
3054
3084
3030
2998
3071
630
3072
3054
3032
321
3069
3042
3059
1717
3076
3029
3074
3050
3042
3016
3071
2897
3050
3023
3080
3079
3082
3081
3053
3071
3028
3043
3027
3065
3035
3025
3050
3080
3039
3027
3051
2991
1834
3074
3063
1737
1211
3010
3061
3076
3055
3018
3066
3053
242
3028
3089
3023
3042
3057
3060
3051
554
1589
3076
3063
3064
3059
1327
289
2363
3069
3057
3030
2970
3056
2998
3079
508
3035
3045
3051
3072
3038
3031
3068
3031
3039
3049
3055
3050
3033
3068
3019
3069
3110
3110
3074
1571
3052
3079
3073
3041
2983
3085
3079
3074
3055
3034
3003
3053
3057
3063
3022
2600
3048
3046
3045
3049
3055
3056
3019
3054
3039
3072
3037
3047
3047
737
3059
3074
3083
3047
2991
3051
3070
3044
3064
1299
3043
3059
3004
3033
3083
3029
3027
3049
2411
3018
3022
3082
2826
3042
3059
907
3059
3042
3036
3047
2983
3060
3064
3087
3081
3051
3068
3073
3055
3051
3032
3063
3039
3024
3063
3028
3069
3008
3053
3062
3071
3040
3002
3053
3133
3085
3025
3041
3040
3058
2413
3016
2998
3033
3046
3026
3073
3054
3025
2459
385
3053
3063
3025
3072
3050
2972
3045
3037
3133
3032
3051
3055
3067
3063
3065
3060
2952
2876
3024
3054
3029
3050
1572
3065
3079
3061
3058
3066
3010
3059
3023
3084
3095
3015
3073
3035
1624
3023
3030
3058
3051
3077
3045
3081
3041
3073
3050
2992
3065
3038
3044
3056
3062
779
3079
3080
3016
684
3079
3043
3015
3088
3048
3060
3039
3050
3042
3020
3047
3058
3068
3026
3073
444
3047
3071
3025
3051
3095
3052
3063
3069
3037
3062
3007
3038
3057
2843
2901
3025
3026
3054
3085
1926
575
3052
3129
3068
3029
3027
3069
3075
3061
2962
3039
3024
3057
3013
3074
3046
3025
3054
1439
3059
3060
2201
3030
1298
3042
3052
3011
3050
3056
1804
3030
2979
3055
2204
1078
3025
3124
3066
2547
3032
3036
3008
3061
2599
2919
288
2901
3035
3067
3035
403
3022
3045
3079
3089
3047
3022
3059
3016
3081
3014
3066
3047
3061
430
3058
3056
3045
3055
3034
2889
3065
3066
3075
3013
3051
3053
3079
3015
3041
3042
3061
3066
3059
3056
3060
3049
2130
3048
3058
2996
3047
3021
3043
3104
2817
3057
3012
3066
2817
3038
3047
3024
3074
3073
1891
3061
3060
925
3048
3051
3026
1156
3007
3045
3062
3060
3003
1159
3097
3076
2994
3040
3036
1935
3014
3044
1003
3057
3070
3041
3039
2053
3030
3027
1064
3017
3070
2657
3052
3030
3039
3030
2990
3063
3043
3071
3035
3045
2900
3037
3049
3032
3057
3068
3079
3070
3022
3061
3036
2953
2839
3013
3052
3000
2618
3042
3049
2829
3024
3048
966
3056
3053
3082
3054
3022
3078
3059
3137
3023
3075
3037
3068
3077
1848
3044
3050
364
3040
3061
3046
3069
3078
3051
3028
3073
3063
1279
3079
3061
3064
3050
3054
3071
3096
3076
3082
2061
3057
3037
843
3041
3045
3037
3054
2993
3056
3020
3082
3052
3029
3059
3035
3038
3069
3034
1362
826
3056
3052
3103
3047
3076
2203
3050
298
2986
3038
3049
3042
2999
3047
3047
3053
3028
3121
3138
3085
3044
3074
3105
3004
3029
2591
1561
3027
3061
2960
3032
3038
3047
2104
3060
3052
3072
3042
1551
3055
3011
677
3037
3094
3019
2334
3070
3043
3062
3063
3028
3043
3063
3057
3070
3064
3029
3067
2882
2995
3070
3056
3027
3071
3079
3049
3084
3044
3069
3026
3035
3041
323
3055
1259
3032
3047
3086
3008
3042
3055
3057
3048
3075
2974
3068
3038
3123
3022
3014
3037
3070
3002
3052
3052
3053
2951
3072
3072
388
3104
2979
3050
3075
3061
3019
2302
3019
3073
3061
3037
3036
3057
3059
3026
3069
3002
3033
3056
250
3029
3057
1517
3037
3076
3082
3052
3052
2851
3064
3059
3065
3039
3008
3057
3046
3042
3025
3004
3048
3062
3082
3069
3068
3053
3053
3059
3047
2472
219
1747
3059
3068
3046
2995
3055
3051
3083
2990
3044
3014
3074
3071
3020
3061
3039
3040
3080
3059
2105
3046
2773
3072
3134
3056
3062
2844
3045
3052
3024
3036
304
938
3042
3024
3065
3076
3060
3049
3060
3083
3022
3059
3017
3100
3073
3040
3050
3046
3042
3035
3051
3052
3060
261
318
3058
3043
3058
3019
3077
3081
3049
3000
2965
2771
3055
3040
3049
3083
3052
1415
3057
3038
3042
3089
2893
3035
2996
3061
3050
3139
3039
3053
3063
3046
3045
3022
3062
3043
3032
3047
2945
2506
3038
3039
1358
3061
3071
2994
3079
3002
3073
3047
3080
3137
3039
3040
3057
3060
2101
935
3034
3030
3043
3135
3059
3062
2859
3033
595
3084
3086
1025
2832
3048
3061
3051
2372
2971
3064
3066
3126
3055
2758
3045
3027
3075
3108
3053
3049
3064
3023
3020
3079
3033
3041
3028
858
3009
3010
3046
3046
3051
3081
3076
3077
3071
3064
3065
2607
3017
3049
3097
3036
2928
3079
3080
3062
3031
3064
3047
3030
3038
3056
3019
2899
3034
3072
631
3080
3069
565
3033
3038
3124
3067
3054
3035
3053
3066
2970
3078
3056
3069
3049
3050
2288
3032
3021
3061
3075
3057
3039
3019
3064
3068
3035
2581
3043
3042
3027
3063
1149
3039
3072
3061
3036
1226
3053
3053
3080
2490
3046
3059
3050
3066
3064
3015
3061
3020
3059
3060
3058
2932
3047
3039
3057
3037
3044
235
3052
3024
3035
3026
3059
3067
2952
3047
1386
3041
2136
3043
3035
3067
3037
3051
3058
3019
3012
3074
3041
3058
3017
2973
3040
3031
973
3051
3050
3067
2909
3045
3096
3116
3051
596
3064
264
3077
3018
3072
3089
3077
3041
3086
2621
3088
3045
3074
3045
3050
3064
3046
3065
3058
3032
3036
426
850
3078
3019
3077
3051
2512
3010
3067
2977
3027
3039
3037
3078
3007
3062
3068
2314
3079
3011
3054
3064
3092
3046
3086
3070
3077
2930
3043
2790
3030
3035
3052
3017
3066
3061
3053
3083
3059
3052
3084
3050
3055
1608
2979
3003
3041
3050
3032
3044
3016
1159
3062
3080
3074
3057
3062
3033
3061
3058
3071
3068
3069
914
3031
2993
3065
2671
791
3027
3052
2929
3049
2603
3062
3068
3061
3059
3052
3042
3045
3080
3079
3038
3067
3044
3098
3049
3053
3048
3031
3080
3054
3035
2974
3034
3081
3054
3049
3087
3030
3085
938
3067
3046
3079
3093
3053
3036
3116
3047
3042
3050
3063
827
3040
2795
2985
3062
2216
3065
2635
3062
1540
3066
3025
3050
2959
3015
3025
3014
761
3052
3058
3042
3074
3059
681
3071
3041
3037
3061
2020
1510
3063
3008
3038
3015
3079
3071
3047
2517
3017
3040
3077
3074
3000
3033
3085
3060
3086
1968
3063
3053
2900
3076
3046
303
3017
3046
3062
3103
3037
3061
3005
3042
3047
3054
3105
3049
3047
3063
3063
3030
3072
3050
3033
3060
3041
3035
3043
2301
353
1971
3045
3055
3034
3032
3031
1458
1521
3054
3048
3093
3064
3026
3048
346
3027
3069
3105
3067
3092
2960
3066
3037
3074
3075
3105
3059
3059
3063
2866
3073
2928
3069
3025
3088
3018
3112
3021
3082
3069
3056
2997
3000
3071
3041
3071
3048
3064
3048
3030
3054
506
3142
3046
3067
3053
3063
3034
3064
3044
2393
2169
2355
3088
3081
3073
3033
3036
3019
3092
3146
2981
2894
2807
3056
3074
3074
2980
1827
3074
3060
567
3078
3102
3086
3065
3070
3049
2165
3048
3045
3071
3084
1400
3021
3050
3030
1828
3038
3016
3051
3048
2913
3025
3062
3047
3037
3057
3123
2902
3078
590
3062
3049
2390
3026
3041
3044
3025
3124
3057
3062
995
3023
3065
3099
3054
3028
3036
3061
3086
3068
3040
3078
3071
3024
3083
3078
3034
3044
3031
1143
3052
3090
3087
3045
3067
3044
3029
3070
3053
3078
3064
3081
3063
3024
3078
2500
3032
3063
3049
3029
3114
2981
3082
3057
3082
3072
3050
3097
3084
2076
3013
3079
394
3041
3086
3083
2203
3136
3053
3075
2364
3074
3054
3030
2915
3050
1801
3086
3042
3035
3066
3097
3062
3068
2987
3099
3079
2787
3031
3065
1230
3054
3128
3076
3059
3056
3001
223
3029
3043
3035
3057
3068
3066
3043
3057
3034
3084
619
3106
3024
3014
3053
3050
3054
3048
3082
3056
3045
3062
3055
3045
3049
3057
3073
3033
468
3086
3028
2966
3032
3043
3071
3015
3084
3029
3067
3043
3036
3116
3071
3093
3091
3064
3058
3045
3030
3017
3067
3086
3069
3045
3079
3049
3082
3009
3078
3067
3062
2899
3025
3044
3064
3067
3038
3029
3032
3080
3036
3002
3077
3080
3054
3113
3033
3059
3042
1372
3070
1806
3058
3036
3018
3035
3033
2830
3060
3033
3061
1297
3047
1117
3064
3062
1222
3054
3083
3059
3045
3052
3056
3048
3061
3061
3021
3060
3039
955
3061
3043
3022
946
3034
2854
3050
3077
3048
3037
3016
3044
3019
3021
3055
3069
3068
3087
244
3032
3026
3054
1344
3039
3038
2982
3063
3008
3021
3064
3056
3039
2747
3064
3065
3045
2572
3000
3098
3044
3082
2976
3076
3041
2993
2076
3043
1777
3072
3079
3074
3072
2960
3083
3076
2612
3056
3036
3035
3059
3059
3045
3033
3042
3037
3065
3062
3069
3037
941
3039
3090
3063
3039
2976
3080
3050
3047
2706
3068
3002
3061
3078
2969
3053
3072
2971
3014
3016
3073
3041
3041
2198
3020
1531
2985
3047
1120
3072
3030
3051
3027
817
3035
3057
3032
3041
3077
1925
3056
3047
2983
2987
3041
2653
3074
3083
3076
3013
3053
3016
471
3084
2958
3040
1190
3056
3048
3042
1329
3063
3074
3049
3083
3039
704
3045
3056
3063
3038
3050
3031
3069
3042
3064
3051
3064
3066
3050
2589
3046
3032
2827
3001
3081
2805
596
3072
2636
3048
3048
254
1424
3052
3054
3040
3060
2467
2991
3063
3057
2995
3068
1014
3065
3066
3010
3069
3053
2996
3047
2117
3035
3059
3055
3037
3050
2995
2978
3005
3067
3055
3032
3075
3051
3062
3063
3072
3022
3065
3033
3074
3041
824
3012
3074
3064
3069
3040
3023
3033
3029
1628
3061
3034
3072
3075
3048
3059
3068
2844
3025
3035
3031
3060
3053
3084
3000
3042
1114
3083
3067
3048
3038
360
3044
2986
3035
3071
3028
3081
3077
3083
3142
3056
2518
3048
1180
3039
3042
3091
3026
2672
3036
2948
3086
3030
3025
2792
3094
3032
3050
3046
3063
3062
3013
3039
3052
3115
3060
3065
3031
3067
2517
3002
2262
3046
3017
3031
2887
3094
3052
2739
3070
2173
3067
3038
3072
2999
3039
3051
3057
3052
3106
3112
1853
3031
2935
3062
2525
1076
3045
3049
3059
3032
3019
3059
3051
3013
1587
3070
3070
3046
3038
3048
3072
3053
1497
2616
3025
3039
3038
3146
3024
1078
3053
2871
3020
3024
3030
3063
3047
271
2999
1547
3103
3080
3034
2995
3063
3051
3020
3027
3070
3052
3079
3006
3053
3008
2791
3075
3139
3047
3014
3079
292
3047
3029
3057
3035
1272
3044
3076
3011
3047
3073
3050
1526
1041
3026
2714
2929
2617
3025
379
3018
3062
3040
773
3022
3050
3111
2435
3074
3037
3044
3016
3063
3031
3039
3040
2810
3036
3033
3052
3075
1080
3051
3057
3076
3007
3072
1400
3090
3053
504
3042
3052
3068
3005
3085
2983
3079
3065
3091
3080
3029
3050
2970
3043
3050
3043
3044
3008
3090
3058
495
3049
3017
3079
3098
3050
3045
3052
2979
3074
3036
3028
211
3055
2992
3065
3050
3053
3107
3043
3019
2525
3046
2846
3008
3050
3055
3074
2876
3091
3061
1045
3026
3013
3025
3024
3041
3090
3033
2776
3040
3038
3057
3042
3038
3072
3069
3052
682
3127
3059
1882
2973
3061
3038
3050
2384
3054
3032
3057
3063
3039
3008
2980
3031
3055
475
3010
3063
3056
3041
3078
3022
3070
3060
3063
770
3071
3034
3064
2919
2984
1633
3044
3057
3059
3048
3046
3062
3060
3050
3088
3036
3049
3070
3070
3139
316
3043
3069
247
3009
1282
3041
3083
3066
3055
3002
3029
2624
3071
3056
3080
3054
2736
3045
3053
3043
3070
2380
3035
3076
3069
441
3025
3084
3057
3034
3024
3007
289
3052
3086
637
2813
3064
3058
3068
3019
3054
3138
3058
3033
2976
3037
3041
3051
3122
3034
3050
2784
3075
3100
3053
3061
1360
3038
3034
3045
3054
3051
3052
3073
3101
3076
3059
3065
3056
3053
3065
2927
3079
254
3088
3054
531
3055
2773
3060
3033
3074
3023
3078
3071
3083
3050
2991
3056
3093
3069
3042
3037
619
3051
3078
3050
3026
3049
3039
3118
3051
3055
3064
3069
2637
1354
3040
3048
3054
3036
3058
3047
3027
3041
3005
3010
3059
3080
3030
1280
3079
3066
3081
3060
3060
3063
3141
3090
3064
3033
3056
3016
3069
3056
3068
3075
3046
3082
2501
2611
3052
3065
3062
3039
2899
637
3022
3018
3034
3062
3057
2939
3045
3038
3080
3066
3029
3057
3041
3052
3013
3074
3036
2915
3016
744
3060
3060
3061
3036
3029
3058
3053
3007
3022
3064
3014
3021
3060
3052
1522
3030
3033
1570
3062
3040
3018
3067
3067
3067
3031
3043
2609
3024
3042
2993
3048
3100
3032
3068
226
3082
3048
3021
3052
3088
3037
3097
3028
3009
3020
3046
3060
3076
3074
3054
3053
3043
3046
3036
3043
3080
3065
3048
3010
3059
3064
3036
3064
3060
3047
1163
3104
3086
2980
2118
3051
3092
3069
3069
3020
3066
3027
3061
3026
3067
318
3044
3129
3033
3086
3052
3050
543
3044
3051
3062
1244
3058
3062
3047
3009
2447
3044
3047
2542
3045
3054
3055
2996
3071
3054
3076
3039
3074
3043
3077
3024
3086
3028
3072
3070
3053
3045
3028
2885
1160
2363
3024
3101
551
3044
3075
3067
3091
3002
3063
2620
3076
3079
3087
3031
3072
3042
3051
3053
372
3033
3060
3053
3057
3051
3026
3052
3064
3043
3055
3050
3055
3060
3063
3054
3108
3025
3045
1204
739
3035
3097
3053
3048
3025
3038
3051
1897
3066
3050
3027
3036
2987
3006
3100
2988
3015
3035
216
3068
3113
3044
2367
601
3073
2900
216
3037
3077
3006
3036
3039
3065
3071
3031
3032
3042
3039
3028
559
3039
3038
3065
2995
3065
3084
3015
3071
3090
3051
2260
3046
3005
3054
3015
3033
3120
3065
3066
3059
3027
3061
2879
2951
3034
3137
3074
3057
3030
3036
3063
3157
3053
3060
3046
3037
3059
3022
3071
2998
3069
3059
3080
3035
3034
1846
3056
3045
3064
2822
2498
3051
2997
3009
1091
1205
1175
3033
3044
3049
3034
3048
3016
3040
3038
3063
3004
3122
3061
3082
1551
3048
1592
3060
3042
2921
3074
3056
3064
1071
3034
3016
3076
3066
3051
3075
3043
3060
2526
3073
3043
3095
3058
3071
3084
2989
3030
3078
1515
3086
3044
3096
3042
3127
1428
3067
3076
3038
3034
3004
2573
3054
3038
3033
1983
3061
3051
3044
2979
3060
3064
3025
271
3013
3018
3050
3058
3029
3010
3078
460
3030
2994
3059
3081
3049
3036
3063
2940
3080
3046
596
3054
3053
3069
3000
3057
1475
3073
3030
3054
3078
3085
3029
3022
3051
3036
3052
2118
3059
3046
3065
3060
3039
3003
3044
3014
3080
401
3062
3042
3023
3045
3047
3035
3069
3030
3074
3021
3056
3065
3057
2998
547
3051
3037
3013
2412
2966
2706
3045
3036
3051
3042
1813
3041
3053
3071
3050
3017
3030
3077
2994
3055
3015
3027
3033
3058
3046
3048
3031
3050
3034
3080
3054
211
2690
3035
2806
3033
3052
3068
3074
3070
767
2810
3038
3066
3123
3039
3040
2157
1684
3039
2995
255
3045
3037
3058
3051
1349
3038
3013
3042
3024
3026
3055
3050
3055
2993
3032
3003
3074
3017
3069
3030
3074
3072
3050
3085
3045
3038
3039
3053
3056
3045
3056
3029
3080
2713
3047
3029
3078
3084
1707
3055
3067
3057
3021
3043
3028
3041
331
3015
3026
2893
3045
3118
3059
3023
3003
3086
2996
3053
3055
340
841
3052
3079
3046
2385
3058
3074
3027
2991
1141
3037
3033
1518
3074
3029
3060
3152
3062
3050
3084
3056
3052
3014
452
3019
1118
3078
2989
3032
3081
3058
2047
3091
3031
3064
3024
3093
3060
3108
3068
603
3053
3052
3069
3069
3051
3038
3018
3044
3033
3024
3059
3139
3054
3022
3041
3057
3042
3017
3055
3028
3073
1158
2984
3141
3038
3032
3033
2518
3064
541
3087
2971
2999
3035
3074
2994
383
3081
3069
3072
3037
2491
3057
2970
3015
3050
3038
3046
3078
3056
3024
3073
3058
3076
3077
3068
3149
2876
3060
3042
3052
3064
3017
3043
3018
3069
3060
3045
3022
3058
3052
214
1536
3062
3030
3057
3043
3033
3038
3075
3046
3065
3144
3055
3031
3053
3121
2709
3015
3053
3047
3062
3087
3067
3069
3071
3027
3052
3070
3055
3040
3067
3054
819
3035
3070
431
3088
3018
3053
2615
2835
227
1668
3033
3081
3018
3035
2491
3042
3012
3053
3073
2154
2810
3061
252
3050
3041
3092
3007
3044
3054
3096
3080
3028
276
3042
3066
2922
3066
3026
1304
3084
1336
3051
3052
3077
3033
2824
3085
3073
2990
3013
2579
3014
3051
3049
3027
3062
3030
3048
3013
3039
2983
268
3074
3097
3039
2182
3037
3061
3046
1419
3031
3049
3057
2602
1345
3024
3010
3029
439
3070
2955
3068
3027
3085
2983
3053
270
3048
3040
2248
2453
3074
3071
3067
3047
3095
3062
3055
3063
783
3080
3037
2988
3052
3050
1695
3063
3061
2824
3044
3021
3054
3055
3033
3035
3015
3047
3029
582
3041
3006
3011
3060
3040
3059
3037
3042
3057
3015
3031
2965
3047
3052
2485
3070
3044
3046
3068
3054
2870
3059
3066
3019
2998
2969
2419
3021
3088
3065
2616
1969
3046
3027
3073
1126
3005
3058
3080
3055
3014
3052
3062
3082
3043
3040
2753
3057
3080
836
356
2943
3147
3097
610
3056
3083
2998
2425
3063
3015
3039
3049
3124
3033
3058
3032
3077
3049
3050
3094
3016
3021
2993
3036
3031
3057
3021
3072
2988
3035
3040
3029
953
3028
3054
3071
3039
3027
3056
3038
3061
3044
3065
3064
2050
3069
3070
3040
3056
3036
3015
3033
3030
3039
3048
3071
3039
3047
3021
3076
3053
3065
3039
3012
3078
3063
3050
3042
2967
3033
3049
3069
2984
923
1968
3067
3039
3042
3066
3041
1952
3051
3042
1287
3045
3053
3036
3021
3074
3034
3046
3042
3064
3032
3032
2071
3038
3058
3089
3034
3065
2975
3050
3020
3061
3091
3072
3029
2051
3074
3084
2136
3033
3051
3057
3079
3058
3049
3056
3049
2264
3073
3030
3048
3017
3057
3040
1401
2709
3049
3064
2995
3078
1027
3005
3082
389
2937
3079
3022
3087
3057
3068
2696
362
3035
3043
3049
3041
3076
3047
2255
3027
3049
3053
3015
1499
3062
3045
3052
3039
2727
3049
3059
3034
3016
3005
3049
3067
3014
3045
329
3089
3056
3053
2394
3067
3091
3047
3067
1342
3087
3048
3051
3023
3051
817
3042
3046
3063
3017
3079
301
3087
2976
3081
1785
3136
3099
3046
3076
2775
3078
3021
3050
243
3073
3051
235
3041
3027
3061
3059
3109
3051
2999
3050
3051
3056
3048
3008
3037
3078
3067
3045
3006
882
3059
3062
3049
1379
3050
3071
3047
3058
280
3077
3048
3029
2190
3072
3040
3025
3071
3027
3027
2983
3078
3060
3047
3025
515
3007
3056
3053
3061
3045
3036
3054
3047
3075
3040
3001
3003
3046
3058
3057
3024
3049
3050
3047
3045
3055
2986
3040
3051
3052
3065
3081
3065
3038
3055
3058
3056
3052
3033
3090
3058
312
3055
3039
3050
3037
2023
3004
3020
3041
3070
3035
3066
3070
3014
1827
3141
3072
2975
3034
585
3061
424
3046
2994
3034
3038
3055
3038
3086
3031
3073
2959
3070
2540
463
3051
2027
1567
3060
3067
3056
2949
2453
3068
3056
3055
3053
3035
3024
3027
3060
3032
3075
3121
3059
3049
3054
3069
3024
3022
3050
3044
3041
598
3046
3041
2475
3006
3053
3102
2684
3040
3031
3074
2831
387
2875
3011
2221
3031
3031
3085
3064
2926
3063
1713
3088
3015
3044
3062
3024
3059
3071
3057
3059
3067
3034
3038
2843
3042
3051
3069
3030
3025
3039
3001
3040
3048
2885
2948
3046
3126
3002
3066
3083
2255
3064
2315
3074
2862
3037
3089
3034
3072
2986
3047
3054
1610
3037
2502
3029
3059
3067
3049
3060
233
3033
3061
3046
3044
3080
3038
2935
3021
2740
3030
894
3070
3077
3056
3056
3082
3083
3083
1773
3050
3054
3054
3039
3134
3011
3064
3054
3089
3067
3065
3063
2999
966
3039
3046
3038
3068
1659
3049
3055
3047
3054
3055
3037
3070
2997
3076
3057
3108
341
1264
3083
3075
3071
3051
3038
3043
3062
3055
3052
3048
3092
3040
3041
3099
3069
3056
3065
3044
3063
3049
3067
3007
3105
2908
2475
3009
3019
2830
3035
3064
3042
3051
1306
2938
3047
2686
3074
3056
3060
3080
3039
2830
1766
3066
3069
3039
3049
2876
3071
3078
3071
1575
3064
3045
3054
3059
3009
3067
3036
3070
3066
3043
3052
3055
3080
3034
3070
3024
2971
3037
3075
3058
3068
3065
3028
3051
3068
3050
3050
3043
3058
3032
3049
3052
3055
3066
3046
3058
3029
3088
3061
3054
3062
3048
3067
3040
3085
3040
3062
3066
3063
3047
3084
2815
3066
3071
3044
3069
3073
3029
2518
3074
3047
3077
3031
3087
3028
301
3009
3046
3041
3052
3054
2830
3052
907
3061
3050
2980
3043
3119
3059
523
3070
3068
3035
3074
3057
3066
1566
3096
3072
3059
3072
3059
216
3068
2916
3061
3030
3092
3044
3019
3059
3026
3045
3060
3049
2707
3028
3061
3091
3050
2976
3072
3034
3087
3026
3035
3096
3063
3047
737
3030
1584
3024
3067
3037
3031
3015
3209
3047
3029
3065
3062
3048
3063
3099
3002
3027
3084
3038
3101
3071
3051
3084
3045
3048
1373
3048
3060
3040
592
3025
3031
3029
3036
2990
3075
2966
1391
3043
3074
3051
3032
3035
2801
3073
3126
3029
3053
3053
3070
2975
3060
3068
3064
3059
3061
3014
3058
3064
2507
3048
3034
3015
3136
3050
3036
3077
2985
3079
3075
3036
3017
1140
3055
3057
3079
3016
3084
3030
3067
3066
3067
3051
3053
3019
3052
3017
3030
3065
2660
3033
3080
3005
3041
3057
3021
3043
3065
3088
3024
3062
2996
3135
3018
3082
3043
2375
3068
3014
2096
2841
3065
3048
1584
3067
3072
3056
3085
2907
3079
3048
2922
3025
3030
3053
3064
3078
2419
3047
3006
3061
3090
3039
3040
1057
3038
3036
3056
3045
3068
3055
3050
3050
3045
3053
3029
2318
1168
3026
538
3067
3057
3041
3042
3048
3008
2969
3031
3058
3066
3035
3079
3055
3013
3023
3063
3024
2914
3094
3028
3051
3026
3055
3015
577
3025
3056
3083
3035
3008
3080
3026
3063
3059
3054
3072
3063
3060
3045
230
3036
1311
3135
3043
3054
3048
3059
3046
523
3058
3055
3049
3117
3123
3040
3032
3019
3027
3030
3039
3071
3087
1666
3080
3023
3050
3041
1855
3052
3042
3058
3034
3094
3060
3051
2620
3041
3075
3003
3039
3052
3077
3051
3058
3066
3044
3005
602
3046
3035
3050
3066
3035
3037
2278
3037
3079
484
3081
3041
3005
3017
3060
3060
1388
3060
3065
2898
3048
3010
2917
3021
3057
3035
3012
3076
3071
3028
3027
3082
3021
3042
3051
3031
3008
2494
3060
871
3074
896
3034
3055
2990
3046
3023
3070
3037
3014
3078
3064
3057
3055
3070
2770
2995
3079
3042
3081
3083
3050
3076
3045
3088
3057
3063
3054
3017
542
3072
3082
3045
3027
3045
3072
3028
3056
3064
3085
2989
3067
2760
2383
3067
3075
3053
2977
3058
3054
3059
3013
3095
3040
3030
3047
3067
3025
3046
3031
2674
3050
3065
3050
3061
3023
3065
1238
3061
3126
3068
3073
3037
3032
3034
3039
3084
3058
3080
3078
3040
3076
3052
3062
3038
3027
3084
3060
3045
2464
3026
3029
3002
3012
3060
3054
3086
2994
3094
3012
3031
3083
3012
3051
2412
3069
3071
3035
3087
3066
3036
3038
3001
274
3059
3047
3032
2586
3058
3066
3047
3038
3046
3023
3069
2777
3055
3045
3039
3099
3060
3004
3088
3051
3063
2946
3047
3082
3048
3065
3081
3057
3052
3066
3055
2971
3035
3034
3059
3042
3073
3024
3053
3053
1136
3047
3060
1548
3068
3056
3045
2896
3009
3054
764
3001
435
3060
3063
1110
3040
3064
3079
3060
3022
3059
3060
3092
3069
782
3089
3080
2937
3064
3063
3062
3093
3092
3065
3011
3079
3081
3021
3052
3029
593
3010
3067
2742
3067
3059
3065
3082
3077
3068
3062
3069
1873
2995
3070
3071
3058
3043
3054
3041
3035
3036
3036
3050
2470
3028
3086
1997
3062
3124
3026
3074
3020
963
3058
3056
3067
3069
3054
3025
3107
3036
3070
3026
3047
3041
3005
3028
2565
3051
3110
2908
1059
3045
3055
3069
3029
3072
3073
3089
3026
3051
3068
3044
3074
3030
2865
3086
3031
3054
3027
3075
3050
3076
3038
3069
3087
3019
3040
3073
3015
3080
3030
3054
3063
3043
3088
3075
3053
2070
3038
3056
3044
2756
3074
3033
2726
3041
3055
3017
3076
3051
3052
3065
3028
2863
3050
3017
3020
2986
3097
3059
2964
2967
3023
1791
2976
3050
3065
3053
3048
3072
3049
3064
3043
3112
3036
3002
3076
3091
347
3060
3033
3052
3009
3076
3027
3049
2130
2973
3075
3087
3048
3043
3064
2308
3065
3039
1585
3041
3041
3066
3139
3059
3054
3010
1389
3060
3065
3104
2999
3099
3068
3063
857
3063
