2995
2974
2981
2321
2988
2905
2994
2995
2991
2963
3054
1183
2960
2982
2991
2472
2997
3004
2997
2954
3053
2966
2958
2949
2950
2998
1961
2991
3001
3007
755
2959
2988
2999
3011
2980
2985
2977
2985
2972
2943
2994
2975
3020
2993
2792
2979
2995
2996
2973
2999
2985
3006
2971
2953
3011
2985
2977
2991
2981
3025
2949
2965
2969
3018
2944
2995
3011
3018
2973
277
3010
2956
2961
2997
2978
2994
3014
2977
2929
2971
220
2954
2965
2992
1318
2978
2962
2970
2997
2959
3009
2983
2980
2980
2946
1553
2963
2996
2965
3011
1878
2966
3000
2927
502
1856
2921
2974
993
2957
2984
397
2977
2039
2961
2999
3003
3007
3054
292
2997
2988
3035
2970
2531
1218
2936
2929
2985
2943
2993
2963
2987
3033
2997
2628
2966
2992
3005
3079
2963
2824
3005
2982
2991
2994
2961
2970
2951
3007
2453
2949
3000
2967
3004
2943
2990
2922
2965
3004
2953
2949
2956
2931
2981
3029
2972
2958
2971
3009
2995
2976
2977
2956
2976
2989
2992
2967
2945
3031
2962
3024
3065
623
3010
3059
2985
3027
2989
2979
2989
3004
2829
2997
2974
1677
3014
2997
2848
2959
2984
2986
2972
3003
2961
3002
2953
2995
2914
3006
2975
2977
2972
2992
3008
2956
2962
2746
2994
2987
2976
2980
3023
2994
2982
2954
2990
3033
3005
2988
2994
2999
2947
2976
2420
3015
2992
2976
2965
2997
2926
2991
2976
1940
2824
2981
3025
2986
2965
2993
2997
1341
2966
2969
3037
2967
2996
2981
3018
2989
2942
2991
2386
3010
3014
2990
2997
2997
2960
2928
2962
3016
2989
3012
3011
3006
3003
2997
2953
2933
2917
2857
3023
2967
2975
2980
2996
629
3011
2998
2971
3000
2924
2956
2868
2985
2996
3041
3038
3000
2982
2989
2972
185
3013
2967
3026
3006
545
2982
3002
1586
2998
2990
2995
3005
2838
202
3000
2974
2997
2963
2993
3007
937
2943
3003
2996
2990
2958
2986
2948
417
2048
2977
3000
2982
2977
3008
3001
2963
3055
2959
2984
3006
3020
2964
2980
2984
2969
3024
3014
3007
2976
2836
2950
2981
2958
1980
3017
2606
2940
2994
2975
3017
2929
2979
2974
3048
2991
2990
612
2971
2963
2992
2957
3017
2972
1964
3009
3006
2996
2980
2985
3034
1571
2987
2969
2979
3007
2994
2993
2987
2983
2763
3000
2986
2161
3003
3010
3007
3000
2974
2984
2961
2561
2972
2543
2976
2967
2969
2973
2944
2534
3006
2974
2975
2992
2989
226
2956
2955
3012
2969
2963
2971
3019
2986
2805
2977
3002
2998
2983
2990
2947
2950
2969
2950
2984
609
2951
3020
3004
3006
1873
2980
2979
3019
2990
507
2985
3006
3007
2996
2869
2952
2966
2708
2973
3004
2987
2995
3005
3008
2985
2973
2999
3016
2982
314
2982
2948
2979
2702
2972
2989
1700
3003
3016
2938
2968
2994
3003
2996
2958
2974
2921
2973
2974
2994
2996
2989
2986
2989
2816
2995
3040
2979
3003
993
2959
2945
3001
3008
2580
693
2967
3032
2992
3003
2953
2996
2961
2971
2943
2990
450
2952
3010
2987
2787
3003
2994
3034
3002
2928
589
2745
2982
2982
2926
476
2993
2990
2999
2503
3005
1953
2985
454
3020
2971
2979
2987
1120
1632
2982
2976
3033
2984
2991
3013
2979
1343
3033
2972
687
2971
2995
3010
3011
2987
2974
2926
3010
2973
3011
3015
3008
2990
2980
2419
2987
3006
2988
2988
2975
3002
2991
2984
2959
2992
2974
2980
2988
272
3018
2998
2948
3078
2967
2986
2712
2931
3015
2998
2979
2993
2972
2916
2995
2939
2767
2977
3006
354
2940
3010
2186
2986
2997
2952
2987
3006
2972
3004
2999
2961
3014
2981
3004
1919
2987
2967
407
3003
2955
2970
2981
2963
2946
1328
2988
2039
2961
2986
3000
337
2951
2954
2936
3000
3005
2818
3048
2972
2983
2922
2966
2958
3007
2112
2967
2993
2994
2983
3001
2984
3040
2979
2974
2992
3020
2978
221
3008
2979
3014
2984
3022
3004
2983
3004
1325
2993
2564
2972
2981
2997
3011
3070
3003
2450
1985
2827
2946
2995
2988
2981
2958
2993
2977
3003
3001
2572
2959
2999
2978
3016
2998
2996
2973
3010
3047
732
3013
3070
2990
2978
2978
2981
2934
2992
2971
3027
2993
3003
566
2929
2968
3012
2960
3013
2966
3032
2992
2993
2986
2971
2969
2968
2942
2996
2986
2973
881
3059
185
2979
1730
3008
2976
3006
2967
2955
2987
2258
3031
2990
2995
2987
3016
3006
2995
2989
2997
2948
2916
3007
2949
2975
2986
2982
3013
2988
2976
2965
3014
653
2860
260
2965
2992
2969
3006
2987
2973
2978
2982
2972
2997
2995
2978
3029
2948
3016
2982
3009
2993
2994
2997
2254
2971
1501
334
2850
683
2960
2942
2994
2987
2979
2961
2981
2978
2970
2996
1377
2831
1191
3011
2965
2991
2990
2964
2985
2826
2750
2978
2946
2951
2967
2965
2979
3000
2994
3021
2974
2954
2967
2512
2979
2993
2962
2968
2994
2971
2980
3006
2986
3031
2992
2981
2992
2981
2968
3001
3033
2989
2968
2968
3002
2991
2978
2995
2985
2958
3012
3001
2988
3017
3041
2992
3007
2930
2999
2946
2951
2994
3014
3025
2989
3006
2993
1891
3007
3026
2969
1991
3030
1639
2997
3007
2972
2966
2989
2985
2983
2996
2023
425
2994
3005
3019
2631
2992
2977
2986
2994
2637
3010
2962
2884
2989
2985
3016
288
456
2926
2985
3012
3018
2958
2973
2135
2959
3013
2959
3002
3002
2988
2988
2952
3008
3005
2986
3015
2935
2311
2995
424
2934
2965
501
849
3018
2996
2804
2973
2993
2993
2605
2980
2966
2830
2998
3046
414
2987
1969
2988
2972
388
3004
2998
2985
2963
2998
3000
2976
2996
2946
2950
3006
2922
2978
2995
2945
2977
2969
3003
2964
2976
2982
2152
2987
2997
3014
3026
2971
3029
2972
2998
3003
3030
2658
2998
2903
2981
3005
3018
2978
2989
2980
2997
2830
2848
3012
2989
2973
2986
3011
2994
2991
2977
2987
2987
3024
2933
3011
3015
2950
2969
2656
2985
2973
2959
2950
2981
2996
2969
280
2974
2992
2966
3031
3007
3030
640
3005
2937
2986
3019
2975
3000
3007
2980
2995
2995
2987
2946
2976
3046
3010
1459
3005
2992
2995
1418
3007
2984
1584
2990
643
2980
2943
3004
2970
2983
2947
3029
2999
2945
2985
2962
2984
2987
2971
902
2972
2996
3002
2994
3020
2975
371
2998
2991
2965
2998
2924
2947
3004
2972
2977
2972
2955
2969
2980
2993
2978
2951
251
2988
3011
3016
2985
431
2939
2976
2994
3016
2959
2957
3011
1775
2877
3004
2852
2954
2958
2971
2993
2968
3000
1135
2976
3013
2129
2986
2986
2972
2987
3003
2995
458
2921
2977
2957
2994
331
2972
2956
2299
3008
2990
3003
2847
2975
2995
2992
2974
3003
2959
2986
2965
2998
2990
2947
2998
314
2983
2924
2963
2962
2953
3003
2980
2995
2982
2971
2995
2998
1243
2984
2975
3046
2972
2971
3027
3023
3012
3023
3008
2990
2968
2991
3026
2969
2977
2959
2746
2915
899
3018
1520
3001
3010
2961
2993
3006
2989
2982
3004
2976
498
2933
2992
3004
2992
2787
2356
2992
1309
2825
3011
3014
657
2975
2939
2994
1973
2960
2997
2981
2965
2503
2967
2977
2958
2299
2992
2989
2950
2945
2990
3009
2989
2169
2996
2988
1184
2973
2000
1806
2997
3005
2973
3010
2908
2969
2850
2999
3000
2978
2990
2985
2978
3021
2983
2973
3009
3018
2974
2584
2974
2964
2936
3002
3015
3015
2946
3009
2995
2950
3022
3003
2913
2993
2963
570
3011
3008
847
2993
3063
2938
2993
3003
2934
3002
3018
2963
1115
3039
3016
3009
2979
2995
2987
2927
2961
3027
3004
2992
2999
2988
3012
2990
2978
2967
2982
2977
3003
2988
2963
2995
2982
3008
2989
2970
2969
2995
3012
2967
2968
2986
2973
3000
2977
844
2980
2986
2983
2993
2961
2979
3018
2972
2137
2048
3022
2998
2975
2993
2955
2975
3007
471
348
2991
3006
2988
3006
2952
2985
2958
2977
1954
313
2993
2983
1287
1898
2963
2969
2946
3000
810
2990
2909
2964
2997
3003
2989
3066
1828
2981
2979
2984
2974
3001
2994
2992
2991
2950
2990
3032
2967
2967
2997
2950
2962
2391
3013
2984
3006
2972
3021
2980
2981
3000
2977
2965
2966
2987
2994
2956
3006
3001
3020
2988
2998
3004
2980
3001
3028
2975
2807
2981
2982
2982
2986
2989
3020
2996
3004
2956
2925
2995
2974
2967
2909
2997
2975
2969
2963
2971
3038
2962
2974
2973
2981
2968
2986
3007
2942
2975
2976
2983
3001
2960
2989
2974
1314
3007
2966
2520
2998
2987
641
2996
2979
2988
3029
2990
1862
2945
3007
2976
1638
2976
2994
3024
3025
2991
2972
2967
2972
2998
3025
3000
3006
3006
3050
2936
2977
2988
2996
3008
3022
2976
3012
2955
2975
2975
2914
2965
2925
2993
2988
2984
2969
3003
2995
2994
3027
3004
2939
2960
2998
2975
2967
2242
2989
2996
2982
2874
2969
2988
3021
2995
3012
3010
2961
1472
855
3019
3025
2989
3007
2975
2997
2635
570
2964
2950
2983
3001
2953
2709
3002
2979
2970
2993
2956
2990
2983
2991
3063
3006
2669
2997
2973
2989
2980
2986
2960
1075
313
2968
2963
2925
2993
2972
2975
3063
2636
2959
2984
2991
2949
3008
2988
3013
2997
2980
2994
2973
2544
2997
2921
2965
2986
2947
1505
2905
3017
218
3025
3011
2959
2977
2953
2986
2976
2981
2994
2996
3059
541
2976
2962
3011
3012
2962
1980
3007
2975
3011
2967
2985
2968
2980
2984
2749
2960
3067
2997
2969
2976
2393
2997
1026
2991
2968
342
2988
2686
2975
1856
2964
3002
2968
2965
2985
381
3083
2970
2999
2988
3005
2980
3016
3035
2983
1586
3040
2982
3021
2944
2992
2965
3023
2985
2977
2143
2981
2979
2963
2971
2961
3003
2982
2905
2917
2963
2968
2997
3028
3006
348
3008
2980
2997
2995
3004
2987
2989
3014
2977
2999
2985
2302
2965
2999
2966
2986
2973
2960
2971
2983
2995
2995
1622
3009
2975
3033
2974
2963
3017
2996
2984
2929
2841
3041
2982
2997
2966
2979
232
2968
2397
2985
3083
2987
2988
2972
610
2978
3018
2766
2980
417
3012
1096
2936
2994
2983
2998
2944
2963
2971
2996
2998
2987
2997
2950
2294
2944
2978
2941
2987
2987
2940
2982
3000
2994
2952
2966
3009
3015
2890
2980
3005
3004
1089
2992
3001
2986
2983
3026
2986
2971
3009
3006
3011
3003
330
2986
225
2972
2982
2957
2954
2943
2964
2975
1884
3003
2987
2985
2986
3011
3009
2999
2983
3036
3012
2931
3055
2982
2983
2956
1143
3013
2985
2976
3026
2988
2999
2825
2993
2994
2985
2996
2988
3008
3002
2972
2934
3003
2929
2978
2986
2149
2985
3006
2982
3011
2982
3020
2973
2977
2992
2995
1616
2989
2994
1887
2636
2998
2960
2996
2980
2994
3006
1841
1143
2439
2978
3018
1152
2975
634
2809
2978
2958
241
3005
2998
2988
3008
253
3031
3024
2993
2998
2976
2607
2950
2966
1271
3006
478
222
1122
2973
2865
2542
2977
2995
2992
3007
2988
3016
2991
3015
2991
3019
2753
2977
3001
3017
3020
2394
2119
278
2994
2987
2994
2999
2960
3003
2741
2641
2950
3025
2174
2973
3015
2984
2971
2982
2939
190
3012
2968
2969
2973
2979
2992
2986
2961
3005
2987
2961
1468
3001
3010
2996
2914
3001
3020
2968
2993
2952
2248
3006
2997
2976
2978
2942
2646
2979
767
2959
3003
2672
2997
2700
2981
2987
2994
2955
1154
351
2980
2971
3002
3017
2218
2965
3023
2994
3005
3007
2994
2975
2989
441
3016
3010
752
2983
2103
2983
2967
3022
2938
2993
2972
721
2998
2995
2984
2835
2958
2987
893
2968
2984
3021
3028
2989
2989
940
1145
2998
2980
2955
3000
3025
2989
2976
2975
2964
2489
241
2995
2994
2984
2962
2941
2999
3005
2989
2941
2988
2994
2985
2990
2967
3002
2998
2991
2989
3030
2993
2947
2996
2313
2946
2989
2975
2974
3028
2987
3015
3013
517
2969
2981
982
2992
2956
3008
2964
2955
2963
2966
435
2987
3004
1297
2973
2905
2939
2993
1464
2995
2994
2942
2961
2998
3010
1232
2277
2986
2852
2992
2982
2991
2997
2989
3016
2972
2844
2975
2974
902
3000
3006
2987
2984
2981
563
2968
2945
3016
2946
1375
2980
951
2999
2949
2968
2989
2942
2981
2985
2997
2986
2996
3004
2943
2988
3018
2956
2968
3005
1383
3016
2987
2985
2130
2962
2990
2937
2979
3012
2985
2978
2971
2970
3007
3007
2987
2990
2982
2940
2095
2958
2972
3011
2987
2951
2974
2975
2978
2987
2757
3019
3005
2988
3001
2997
3003
3020
2983
2966
3010
2041
3019
2999
2980
2984
2956
3003
2989
218
2981
2987
2981
3004
2988
206
2975
2978
3007
1587
423
2848
669
2973
2977
2984
2992
2994
2965
2955
2980
2997
2981
2995
2989
2927
2982
2980
2920
2954
2987
2985
2996
2987
2975
2928
3002
1342
2994
2984
3003
2983
3000
2970
3000
2970
3006
2992
2982
2997
2959
3004
2975
2972
3012
2988
2905
3013
2971
3012
2829
2976
2942
1694
2997
3020
3007
2997
2995
2977
2995
2979
2970
2975
2977
3001
2970
2951
2986
2988
3004
2977
1431
3008
2973
2996
421
2987
1530
2983
2952
1282
2495
2941
2950
2988
2989
2994
2984
2955
2994
3001
2985
2964
2903
2958
2953
758
3003
2977
2997
2948
2992
2930
2994
2967
2826
2663
2972
2977
2978
2987
2985
2998
2977
3028
1790
2976
2120
2987
2982
3040
1769
1356
3010
654
2960
2979
2975
3002
2751
2997
2986
201
2972
2965
2967
2994
3005
2995
2995
2966
3023
2976
3009
2992
2988
2992
2997
2964
2988
2983
2980
3003
2980
2971
2961
2921
2958
3017
1537
2998
2975
2205
3007
2950
2972
2991
3000
2985
3013
3007
2981
1920
3016
2972
2976
2947
2993
3023
2968
2990
2878
3005
3000
2974
3010
2978
3019
3026
2995
2907
2986
2982
2971
2135
2985
3046
2073
2947
2988
2988
2961
433
2984
3003
2991
2994
3001
2956
3000
2985
2856
3006
2214
3009
3013
3010
2994
1817
2976
3013
2967
2977
2942
2977
2997
3013
3016
3014
2979
2999
2949
2965
3004
2979
2987
2981
579
2944
2912
2971
2881
2299
2980
2986
3002
2939
3004
2999
2984
2945
2979
2987
2973
3006
2998
3011
2974
3078
2997
2986
2974
2998
3003
2319
3005
3080
2759
3008
2961
2919
2961
2996
2995
2967
2972
932
2957
2983
2975
2920
3004
2970
2953
656
2990
2987
2973
2970
2983
1843
2955
2989
2992
2899
3008
958
2986
3005
2979
3002
3082
2922
2979
3024
3013
3001
2993
2976
2963
2960
2989
2973
3010
3032
3002
2939
2998
2986
2961
363
2986
2991
2982
2934
3005
3001
2964
2983
2991
3015
2984
2964
2970
2252
2984
3004
2985
2962
2978
2990
2998
3010
2965
3001
3001
2970
2979
2979
2964
2981
3013
3019
2976
2965
2378
2965
2971
2996
3003
2434
2991
3000
2980
2944
598
2284
2978
2963
2992
3002
2971
3024
3014
3030
1082
2991
3004
3020
3004
2990
2362
2983
2991
2899
2969
2977
3013
2987
2973
2961
2927
3009
2994
2977
3001
2992
2985
2994
2991
2981
2979
2870
393
2955
2991
3002
2964
2975
3013
2996
2201
3000
2974
1391
2963
1309
3011
2982
3004
2993
3005
2988
3000
2873
2979
2989
3000
2968
2938
2974
2977
3002
2995
2997
1367
2973
2996
2925
2992
2960
2761
2950
2969
3029
3002
2989
3007
3017
3028
1840
2253
2979
2966
2965
2996
2942
2996
3003
2793
2995
2985
2989
2999
1969
3010
255
2964
2984
3003
2986
2999
2999
2826
3006
2978
3001
2954
2985
2967
2968
2973
2968
2966
2986
2973
3000
3020
3000
2959
476
3015
2729
2948
2978
3006
2721
3013
2975
2979
2985
2901
2967
2977
2972
767
2987
2998
3004
3001
2905
2992
2982
3020
3000
3011
2983
2973
2831
3013
2975
2932
3000
2962
2991
3005
3010
2981
3002
3010
3000
3006
2956
2183
3099
2985
3007
2956
2955
2995
3012
2987
2947
2925
3014
197
2982
2925
3030
2980
2987
2974
3017
3019
2955
3006
2985
2995
2991
2972
2965
2959
2984
2990
2988
2982
2971
2954
2985
2864
3007
3010
3003
2989
3025
803
200
1520
2979
2997
2773
3015
3013
2986
2980
1495
3007
2951
2980
3010
2979
2925
3003
2974
3017
2977
2964
2993
2983
2946
2990
3004
2960
3002
2973
2994
3007
3015
3025
1387
3005
2425
3023
2942
2993
3011
1144
2963
3023
2958
3009
3005
2990
2984
2979
2979
2985
2996
3008
2972
2968
2965
2996
2492
2988
2976
2999
2980
2983
3009
1707
2989
3014
3024
3057
3014
2907
1234
3002
3003
1089
3029
2979
2975
390
2981
2963
2965
2976
2965
2538
2996
2971
2991
2966
2991
3020
2958
2974
2974
2988
2940
3006
2971
2953
2982
3010
2967
3004
2974
2924
2987
3017
2973
3004
2980
2776
2991
1999
2994
2906
2982
2957
2984
3002
2997
3012
2983
3001
2990
2982
2997
2929
2963
2788
2984
2954
1267
2984
2802
3010
3007
2965
2999
3007
2998
3013
2998
2658
2979
2988
2977
3007
2980
1140
2450
2986
636
3055
2958
2323
3014
2931
2028
3003
2990
2983
2953
3005
2989
2349
3007
1526
2982
2942
1253
2993
2987
2995
2966
2990
2952
2988
3031
2972
2961
3015
3007
1955
743
2998
271
2985
3043
2975
3027
2937
2968
3003
3023
3005
3048
2973
2988
2977
2989
1514
250
2977
2968
2979
3012
2997
2968
2941
3020
2964
2982
3025
2990
2891
2957
2994
215
2991
3014
2976
3003
2982
2787
2966
218
2963
3015
257
1179
2988
2974
2974
3002
3003
2974
2993
2996
2803
2986
2992
3002
1823
2494
2974
2991
2993
2993
1063
2974
2972
2991
2987
3007
2905
2684
3001
911
3008
2955
3007
3005
2817
2998
2957
3002
2976
2952
2991
432
2971
2990
2999
2690
2962
2958
2953
2996
2972
2966
3019
2981
2996
3003
2994
2987
1436
2998
2972
2970
2992
2967
2985
1377
3014
3030
2939
3007
3003
3015
2796
2955
2991
2972
2996
2990
345
2981
3015
3022
658
2985
3026
2991
2981
2985
2960
2949
2981
2998
2983
2999
2997
2983
2971
1225
3012
2981
3012
2449
2979
640
2968
2976
2963
2982
2961
1987
2991
2991
3010
2990
3007
2665
3016
2966
3019
2955
2966
2982
2954
2896
2984
3002
2124
218
2997
2929
2998
2998
2976
3008
2983
3055
942
2994
2976
2978
490
2937
2971
2983
1259
2975
1361
2968
3004
3001
2987
3001
2180
2979
2979
423
2970
2688
2961
2991
2992
3012
1331
2977
2977
2965
2919
2995
2983
3009
2984
3001
2975
2997
2986
2972
3003
2868
3005
2981
2986
2992
2358
2992
3008
2982
2979
551
2913
2980
3019
2969
3000
3010
2991
2975
2983
2989
2820
2966
2995
2994
3002
2996
3024
3022
2991
282
2973
2973
911
2997
2976
2956
2990
1967
2936
2967
3026
2997
2994
2862
3054
2985
3002
3014
2966
2991
3016
2969
2965
2987
2988
3020
3008
1919
2883
3006
2983
3020
2022
2970
2988
2046
2986
3005
2956
2998
3000
3017
1459
3010
1540
2958
3084
2984
2966
3005
2961
2995
3025
2996
2881
3000
3004
2988
3001
2965
3003
2987
2963
2967
2984
2975
2990
2623
2963
2990
2996
2995
2968
1701
2990
3025
2978
2990
2963
2979
2998
3000
2990
2966
1060
2963
2968
2943
2934
2981
2986
2992
2841
2987
1311
2968
2985
3000
2978
2997
2996
3004
2996
3024
2993
2981
2999
3010
2991
2999
2995
3003
2964
2981
3003
2977
2976
3024
2988
3009
2978
3041
3012
3006
2997
2989
3014
3000
2999
3019
2964
3005
3011
2984
2949
2982
3013
2200
2973
2975
2966
2986
2993
2995
2996
2992
3018
2983
2656
3008
2971
2999
3006
3001
2997
2962
1718
2964
2975
1320
2979
3004
3007
3000
2967
3013
627
2985
2994
2952
3022
3013
2973
3002
2989
2953
2489
3027
2946
2956
2989
2964
988
2999
2973
2977
2990
1082
3009
2969
2962
2993
2958
2874
2986
2967
2932
2967
2989
3006
2957
2973
2998
2982
2988
2977
2924
2980
2984
2979
2966
2948
499
2975
2976
2992
2971
3004
3007
2924
3001
2999
3005
2990
3000
2982
2969
2957
2980
3002
633
3017
3003
2972
2955
2963
2951
2974
3032
2994
1679
2985
2987
2973
2997
3000
2990
3004
3000
3003
3021
1960
3002
3015
2927
2990
2968
3037
3013
2834
3020
2993
2975
3026
2967
2992
2980
2995
3000
3007
2556
2969
2985
2994
2974
2962
2987
2799
2994
2997
1855
2997
3004
1462
2972
2951
2189
218
2977
2907
2863
3012
3007
2989
3008
2986
2989
2543
2984
2981
3017
2991
2970
3007
3004
2926
2990
2985
1165
2987
2998
2968
2616
2979
2981
3002
3010
2966
2998
2990
2982
2984
2922
2955
3001
3011
1681
2984
2949
2980
2968
3005
3011
2965
2415
2734
2980
3020
2989
3003
2972
2923
2994
3000
2968
2603
2993
3018
2965
2999
2962
2052
2980
186
3013
3009
2945
3002
2991
2978
2993
2978
2996
2988
2980
2991
3009
3017
2789
2929
2927
2957
2575
3026
2995
3001
2995
3048
2984
3033
3062
2998
2107
2820
227
2960
2917
3006
2522
3014
2872
2983
2989
2946
2980
3021
2980
2996
2984
2968
3020
3051
3013
2976
2994
825
2973
2982
2992
2819
3061
2997
3077
1654
2968
2951
3007
2296
3013
3011
3001
2958
2981
2981
2986
2938
3039
2989
2996
2998
3027
2200
3029
3014
2957
3003
2324
3012
2967
2975
2991
2954
2994
2978
2957
3008
2984
1258
3000
2914
3037
3017
2970
3021
2991
2983
2971
3007
3009
2987
2938
2570
2986
2969
1699
2663
2893
3015
2961
2940
2949
1913
1927
3011
634
3005
2905
2856
2954
2991
2773
3001
3009
2988
2973
2997
2995
3057
2983
2975
2991
3013
2954
3005
936
2988
2100
2976
2840
3009
2272
2971
2994
3000
2963
3056
2945
2991
2996
3010
3019
2970
3009
2969
2981
3017
3022
2956
2955
3052
2984
2963
2981
2971
3012
3005
2751
2987
473
1221
2973
3008
2995
614
2972
2977
2948
2955
2980
2936
578
3011
2885
2987
2973
2979
2954
635
2979
2948
3020
2978
3035
2991
3009
2989
807
2958
2998
2955
2959
3012
2393
3013
275
2982
858
2974
2978
2990
2991
2966
2980
3007
2983
1268
2977
2999
2035
3005
3008
3044
3000
2941
3013
2202
2955
2985
2978
3000
2998
3020
2985
2637
2573
3000
2989
2949
3023
3019
2976
3012
2984
333
3018
2994
2987
2954
3006
2974
2837
242
3021
2843
223
3010
1153
2995
2986
2962
2956
2996
2702
2999
2836
2943
2934
2975
2984
3001
2997
3013
2969
2996
2997
2996
2993
3006
2963
2995
2982
2938
2783
3001
1435
2998
2969
209
2975
2979
2999
2995
2993
2922
2960
2957
3024
2944
2992
2976
2990
2985
2977
2988
2971
2962
2947
2980
2980
224
2981
2998
3008
2968
2996
2969
3010
2948
3011
3003
2986
2998
3004
554
2934
2962
3010
2943
3002
2997
3004
3032
2991
2960
2969
548
2980
2980
3007
2983
2980
2994
3025
2977
2956
2997
3000
3014
2995
774
2989
2998
1427
3004
3001
2996
2979
2961
2919
2993
2993
3014
2991
913
3035
2982
3000
2966
1578
2998
3010
3014
2988
2992
2975
2897
2987
2631
668
2952
3002
2967
2889
2980
1771
2980
1649
1759
2982
3014
2994
2963
2994
2980
2313
3026
2961
2987
2476
2985
3008
3026
2960
2996
2989
2989
2964
2946
2984
2961
2970
3013
2996
2979
3029
1875
2999
3031
2560
2979
2966
3005
2983
2980
2972
3001
2978
2288
2978
2062
2953
2983
3010
2949
2933
2381
3003
3001
2991
2946
2964
2968
3024
2956
3002
2289
2981
3001
2028
2986
2988
2953
2978
2968
2989
2942
2366
2956
860
3022
2986
3002
3006
2979
1273
2939
2996
554
455
3000
2999
2987
3008
2947
2988
2976
2961
3009
749
2972
2879
2980
2962
3003
3007
2966
3011
2983
3001
3029
208
2958
2999
2169
2988
3016
3000
2984
2973
2996
2999
2921
2989
3058
2940
2986
2991
2959
2996
2911
3067
3007
2976
2913
2968
3000
2969
2104
2986
2920
2975
3003
2987
2949
3014
2981
2929
2966
2967
2996
3008
2977
3005
2967
3000
2987
2981
2921
3004
3002
2983
3010
982
2998
2982
2830
2999
3004
2989
2998
1857
638
2546
2998
3000
385
2570
2894
2978
2981
399
2974
859
2980
2981
2327
3026
2980
2980
2996
2956
2996
3041
2978
2977
2971
2967
2951
2947
3062
2993
3007
2937
2977
2972
3001
3006
2751
2960
2993
2956
2972
2994
3017
2499
2937
2995
2996
2993
2183
2976
456
3021
1183
2955
2995
3004
2997
2901
2942
1986
2982
3029
2965
1028
2998
2996
2967
2993
2942
2987
2965
2966
2987
2424
3009
2994
565
3016
2988
2927
468
2961
2988
2963
2982
2987
2979
3006
2965
2970
2992
3015
2999
202
2932
2958
2985
2601
3027
2945
3020
2963
3058
2988
2967
2995
2995
2963
2986
2984
1924
3001
2973
2179
2972
2906
2983
2941
2793
3003
3003
3029
2967
3014
2980
3014
2990
3007
2861
2956
2982
3001
2974
554
2975
2545
336
3001
2986
2984
3030
2990
2973
2865
2976
2984
3032
3007
2967
2981
3021
2992
2979
2956
2639
2996
2980
2856
3057
2991
2007
3022
1857
2599
2983
3000
2977
2909
2996
2972
2983
2975
2970
2943
3006
276
2979
2962
2990
2990
2914
2967
2935
2992
2957
2986
3100
2987
941
2990
2846
3003
2991
2992
3005
2990
2999
2968
2971
2986
2979
2987
3017
2985
2989
3036
2957
2985
3007
1125
2995
2988
2975
2968
3035
2944
2694
2984
221
2951
2944
2971
1558
2454
2972
2983
2998
3017
2947
2958
2987
2977
3003
2797
3021
2999
2938
3009
2992
953
3018
2979
3038
2995
3000
2995
2968
2976
515
2977
2940
2973
2968
3006
2995
2997
2990
2117
2977
3008
2981
2958
2995
2999
3010
2743
2958
2967
3009
2995
3004
2970
2918
2997
2984
2980
2999
2990
2991
1501
2988
3013
3015
3023
2937
2987
2976
2979
2977
2976
2991
2937
2976
2980
2979
2997
3011
2998
2935
3002
2995
2957
2977
3001
2350
752
3011
2994
2995
3008
2970
3000
2999
3026
3017
889
2993
3000
2992
3015
2994
2987
2998
2953
252
2964
2991
2976
1122
3016
2942
2981
2992
2993
2848
2506
2977
2984
2981
2921
2960
3010
2997
2982
2967
3007
3019
544
2977
3029
2384
2958
2966
2987
2973
2994
3010
2992
2962
3000
3002
2996
2977
2939
565
2986
3003
2994
2930
2982
3005
2922
2990
2980
3016
2993
2989
3029
3009
2952
3009
2995
2963
3000
953
3011
2979
2991
2980
2097
2954
2108
2927
2993
2684
2693
2986
3063
2926
2990
2969
3031
2996
2940
2969
2966
2995
2881
462
2956
2987
3019
2990
2990
2919
3027
668
2998
2982
2982
2960
2984
2993
2961
2989
2998
2983
2964
3002
2962
285
2976
3004
3058
2985
2994
2963
2989
2990
3028
2983
2969
2951
3024
2930
2964
3015
2982
1933
2948
2989
2982
3036
1424
2992
2999
2987
1137
2980
1005
2970
2965
2982
2955
3004
3001
2964
2990
2966
2178
2780
3035
3002
3003
2987
2986
3004
2932
2980
2928
2952
2950
2995
2973
3004
3009
2979
2996
3017
2985
2943
3018
2928
2550
3017
284
2963
2984
2975
2989
3008
3007
2951
3003
1917
2974
2967
2978
2980
2977
2919
2991
2944
2984
3009
2971
2973
3005
3054
2990
2774
2996
2992
3043
2972
3001
2978
2984
2992
2985
2998
2957
3030
2971
2086
2990
2975
2966
2988
2940
2990
2999
2930
2999
2991
2975
3023
3023
2996
191
3023
2663
2969
2987
2979
3007
3009
3016
2849
2952
3007
3005
2963
2988
3005
2995
2984
2996
3010
2967
225
2972
2998
2989
2950
3007
2969
3020
2973
2995
2990
3004
2897
2990
3013
2988
3008
3013
3113
2953
2400
2974
2982
1892
2986
3001
2972
2953
2985
2958
1334
3010
2642
2983
2982
2979
2969
3005
2974
3010
1420
2997
2989
3000
3004
2964
2835
3009
984
3002
2960
2994
2968
2960
2953
3006
2995
3064
2966
3007
2972
2940
847
2967
2129
2940
2970
2991
3020
2965
1457
2943
2998
2989
2991
2995
2979
2982
3016
3026
2997
2983
2973
2981
2988
3006
2967
2978
224
569
1557
3049
3001
1197
2997
2974
1939
2982
3003
3010
2943
3026
2949
2996
2999
2998
2993
2977
2996
2946
2994
2991
2952
2973
2979
3013
2942
3028
2943
3007
2970
2945
2960
3007
2998
3013
2979
3014
2992
3011
2968
2965
2985
3018
3026
2954
2965
3018
2973
2997
3040
2545
274
2987
2629
2990
2982
2988
2951
2986
2989
2865
2960
2959
3007
3001
3032
3014
3005
2985
3003
2963
2986
2950
2967
2973
2997
2981
3000
2985
2991
2973
2989
3019
3057
3016
2969
3021
2989
2700
2990
2943
3007
3024
3014
3010
2819
2994
2974
2988
2996
2905
188
2976
3012
2960
2975
3006
2602
3035
2992
2305
2980
2997
2974
2966
2976
2565
2984
2902
2955
1177
2987
2992
3015
2992
2806
2949
2628
2340
3012
3195
2988
2976
2958
2985
2963
2115
3019
3011
2955
2984
2985
2942
219
3001
2991
2981
3018
2956
2971
2987
3014
2934
1232
2934
2833
2930
2961
3002
2969
2554
2980
2710
286
2984
2928
2977
2968
3019
2983
3015
2980
3001
2954
2957
3001
3016
769
2983
2954
2883
2981
2966
2990
3015
1589
2976
3022
3025
2972
2967
2976
2976
2975
3003
2974
2995
2988
2955
3000
2981
1921
2970
3005
2487
2999
3017
3007
3001
2561
3010
2967
2959
3019
548
3004
2971
2932
2974
2998
2999
3029
2984
2967
3022
726
1753
1737
2430
1966
2989
2983
3012
3013
2999
2998
2976
2982
2985
2244
2987
3001
2941
3006
2982
2974
3020
2959
3000
2983
3023
2973
2981
2979
2962
2949
2993
774
2983
2952
2975
2977
2961
2954
2965
2010
2999
2907
2980
2981
3003
2995
3016
3020
2957
2951
857
2944
2090
2960
2934
2982
2741
3012
2979
3001
3006
2979
2960
2972
2956
2993
2984
2580
916
426
2989
2947
2965
2988
3011
2989
2945
3004
3001
2990
2974
2986
1690
2977
2975
1987
3000
2984
2982
2955
2977
3012
2979
2976
2972
2989
2995
3014
2963
3007
3020
3004
2865
2961
2947
2994
2972
2943
2975
2990
2981
2988
2996
2986
2944
2976
2962
2998
2983
3017
2939
3002
3023
2887
2989
2935
2990
2986
1011
3001
2967
2961
2992
2443
2999
2994
2979
3016
2998
2870
3008
1837
2981
3202
487
2943
2948
3008
2992
2998
2965
2685
2995
3014
2987
3023
3063
2997
2993
2982
2968
1518
2981
2979
3003
2988
2956
2966
2981
2986
3003
2247
2433
846
3008
1106
3001
2950
2981
2994
3029
2995
3004
3009
2983
2370
2991
2993
3028
3011
3019
3003
3004
192
3032
2917
2958
2979
3001
2974
3011
2983
3001
2995
2992
3024
2933
3008
2980
2978
2994
2995
2981
2988
2975
3013
3002
3021
1739
2927
2879
2988
2930
3021
2443
3007
3007
3013
2991
2965
2992
2993
2953
2934
2374
3000
3005
3003
292
3005
3012
2978
2986
3000
3018
3000
2997
2963
2981
3016
2974
2989
2995
3021
2962
1527
3019
2981
3016
2957
3001
3008
2964
2950
3020
2787
2956
2959
2997
2963
2983
2819
2996
2994
2941
2974
2968
2973
411
3003
3030
2896
2998
2967
3012
3003
2982
2983
2965
2985
3014
2958
2985
2995
2994
828
3000
2999
3008
2985
2978
3014
2975
1846
2998
1521
194
2998
2950
2989
3017
2853
3016
2988
2965
2994
2972
2996
2971
2994
1370
2995
2990
2969
2996
2990
2965
2966
3015
3003
2999
3000
2988
3017
2987
2975
2958
2955
2988
2978
2966
2988
2949
2590
2991
2914
2940
2966
2978
2525
2960
2984
2972
3010
2923
655
3006
3029
3013
2996
3004
2960
2740
2913
2950
2981
2933
2998
674
2996
2971
2976
3009
3008
2959
2992
334
3007
2986
3018
1873
1835
2971
2988
2995
3014
3006
2988
2973
2986
2986
2975
3021
2998
2998
2985
3027
3022
2984
2978
2811
2967
2986
2993
2946
2958
3005
2989
2994
2970
2997
3000
2992
2983
3006
2968
2988
2997
3002
2965
2994
3004
2969
1583
2972
2945
2966
3004
2956
2993
2540
2972
2954
2989
2985
3001
1107
2961
2585
2690
2971
3000
2992
2989
2976
2972
3017
2061
2997
3002
2943
2903
2955
1952
3036
2972
2953
2978
3005
2313
2979
2958
3018
2980
3007
2985
2971
3018
2973
2987
2986
3003
2979
3001
2984
2950
3010
1743
2988
2988
447
2988
766
2709
3000
2996
2954
2433
2831
2965
3004
2981
2965
2998
2974
2986
3021
3001
2961
3012
2991
2920
3004
3014
2300
2975
2958
2988
2983
993
2993
2990
3006
2996
2974
2983
3016
2984
1409
3000
3004
458
1929
2995
1571
2998
2977
2972
2943
2993
2995
2988
2966
2996
2989
2996
2994
2981
2983
2951
2970
2977
3024
2995
2999
2998
3028
3022
2978
2999
2999
3026
2969
2983
3019
2989
3009
2988
2981
2950
2741
3007
2981
2961
825
3002
2981
2967
2988
3004
3005
3010
2993
2454
3083
2992
3023
2936
2972
3002
2953
1834
2992
2998
2926
1074
2988
1562
3018
2963
792
2996
2795
2918
2985
3002
1352
2180
376
2804
3000
2877
2983
2998
2999
2940
583
3021
2970
2974
2991
2989
2993
2975
2935
2978
3009
1406
2964
2992
3020
2976
3003
2965
2992
2995
2964
2989
2973
2940
2994
2990
1699
2970
2976
2336
3021
3054
2996
2968
2679
2963
2990
2998
3006
2987
2987
3029
2976
2942
3016
2957
3003
2997
3004
1990
3004
2987
3010
2987
3021
2990
2927
2956
2980
2973
907
2955
3032
2980
3029
2926
3017
2992
3046
2960
2953
2983
3005
2973
2984
3003
2986
2973
3001
2986
2983
2977
2957
2981
2985
2980
2997
2974
2957
2986
2999
2963
3003
2980
2952
2984
2852
2972
2963
2988
2997
2961
2980
2937
2994
3006
2990
2894
2994
2990
2989
2995
2979
3001
2990
2973
2949
3007
2971
227
2985
2959
2924
2991
3015
2987
2998
3002
2140
2983
2995
2975
2978
2991
2943
2996
3004
2970
3003
2954
2999
2981
2985
2969
2958
1574
2997
2951
2982
2984
2995
2971
2957
2993
2984
1056
2981
3016
3073
2973
2953
2979
2992
2978
2998
2996
2996
3004
2946
2853
2967
2980
2985
1890
2972
1068
778
2795
2988
1099
2899
3000
2958
2860
2953
2996
2940
3021
2934
2982
2984
3006
2947
2981
3003
1332
2981
2936
3000
2995
3015
3002
345
2988
2957
2988
3017
2970
2974
3002
3002
3007
2987
2998
3000
2988
2954
3001
2998
2990
1687
3007
2977
3000
2991
2979
1434
2652
2983
2964
2983
3026
2985
2966
3016
3000
2962
3001
3004
3005
2988
2096
2974
2983
2977
3001
1067
1760
2982
2993
2978
2998
2989
2857
3016
3004
2985
2971
2994
2992
2848
2915
2868
2998
2971
3001
2986
2978
2975
3002
2993
2988
2981
2958
3025
346
2949
2970
2998
2529
3004
2965
2981
3016
2998
2982
3042
3002
3013
2976
2942
2992
3003
2956
2993
2990
3042
2966
2976
3003
2991
2907
2989
2977
2961
2996
2888
2979
2994
2977
2981
2983
2935
237
2949
2957
2083
2982
2989
2948
2984
2974
2977
2984
2960
2846
2990
762
2991
3013
2990
2988
2979
3012
2999
3001
3022
2970
2991
3014
3007
2995
2999
2993
2976
2981
2929
2989
2977
3005
2967
3004
245
2998
2991
2980
3009
2995
2987
1948
2975
3005
2983
255
3016
2921
2983
2993
2962
3020
2981
2976
3004
2997
2995
3018
3000
2977
2994
1612
2977
2973
2965
2979
3010
3013
3078
3011
409
2970
2585
2992
3012
2986
3012
2810
2999
2203
2994
2974
3023
2990
2997
2982
2996
2974
2978
3003
2947
2965
2944
2991
2906
2989
2787
3007
2934
3000
2937
2977
2977
2986
2998
3004
3010
2964
2976
2969
3000
2993
2939
2988
3010
2923
2865
2941
2991
2156
1194
2960
2988
2981
379
2975
3006
2107
2511
2970
2975
3020
2983
2933
2974
2988
2985
2975
3019
2995
2996
2980
3006
3005
2994
1467
2978
3001
2939
2986
2977
3036
2988
2982
2962
2975
3011
2994
2965
2962
2982
3002
2945
2917
2999
2973
2994
3016
720
3034
2996
2948
2989
2984
3005
3002
3000
2971
3001
2989
2982
2737
2972
2997
3000
2971
2965
2959
2995
2997
3011
2973
2994
2988
2992
2982
2734
3019
2977
3004
2950
3032
1673
2992
2990
2999
3022
2972
2941
2983
2995
3013
3022
2983
2972
2986
2999
2954
2990
3027
2990
2983
3004
3002
2978
2994
579
2957
2977
904
2979
3011
2511
2239
3011
2961
2985
2954
2970
2986
3012
2962
2986
3016
3023
2992
2977
2962
2987
2999
2977
2584
2966
2968
3011
2998
2950
3032
2998
2977
669
2934
2998
3022
3005
2959
2975
2960
2813
3012
3000
3007
1861
3018
2971
2978
3014
3012
3002
2924
2980
1350
3019
2992
2975
2894
2996
2956
2997
3021
1905
3004
1766
2932
3010
2915
1385
2975
2986
3012
2988
3017
2961
2985
3024
2936
3003
2993
2947
3007
2978
2984
3008
2977
2288
2901
2968
3018
2974
2951
2972
2113
2968
2988
2986
2905
2977
2942
2992
2998
3043
2990
2998
2634
2985
2681
3016
2991
2972
3000
2980
3001
3002
2970
2439
3028
675
3005
3018
3001
3002
2989
3006
3012
2988
1754
2960
2990
3002
3080
3009
2963
3008
2530
2980
2968
2991
2983
2992
2899
2980
3039
2571
2983
2741
2994
1824
3007
2905
2938
2886
2766
2980
2975
2918
2994
2565
2993
2985
2993
2967
3005
2829
2990
2971
3026
2500
2920
2873
2926
2970
2943
3014
2987
2994
488
2924
2986
2978
2980
2952
2996
352
2959
2980
3002
2992
3013
3000
2974
2983
2971
2982
900
3005
2844
2962
2970
2954
3005
321
2960
3019
2968
3021
2970
2966
2998
3027
3018
2979
2991
2995
2980
3007
2974
2281
2931
2930
3007
949
2985
2502
2992
2987
2956
3001
1103
2998
2968
2990
2080
2975
3004
2952
2995
2993
2892
2983
2976
2966
2999
2984
2941
2992
2996
2242
3026
2509
2961
2944
2994
2961
2978
2979
1069
2999
846
2981
2930
2999
3019
2673
2960
3023
2981
3001
3005
286
2920
2936
1795
2943
2656
2981
2986
2996
2963
2972
3013
3079
1287
2907
2981
2998
2981
2992
3013
2965
2981
2979
2941
3016
2997
241
2999
2977
3014
2976
3016
2965
2947
2980
2940
3003
3005
2972
2137
2960
3014
3015
2979
2994
2993
2897
2986
2935
2924
3018
2940
1196
2946
2973
2989
2975
2908
2990
2992
388
2944
2658
2340
424
2981
2937
2971
3009
2863
2995
2996
3016
2958
2958
3013
3007
2979
2960
2978
2993
3004
2853
2978
1544
2986
3017
3018
2992
2964
2991
2995
2980
2950
2969
2990
2973
2967
3002
2982
2980
3031
2992
2983
1229
2996
2999
2980
2977
3002
2961
2975
2995
2926
2997
2987
716
2943
3007
3004
3006
2978
2970
2998
2973
2949
2994
1773
1143
2993
2956
2985
2986
2971
3007
2998
2965
3007
2995
3011
2975
2982
3003
2941
2987
3022
3005
2985
2983
2977
2966
2999
3019
3007
2977
2904
2972
2984
3005
2954
622
2099
2995
2997
2972
2996
2994
3009
2979
3004
2958
3020
3012
2953
3008
2998
2868
2986
2999
2986
2990
2979
747
2990
2980
3013
2926
3008
2963
2939
2962
3034
3000
2962
3002
2998
2987
3002
2953
2992
3032
2885
2701
2973
2978
2984
3001
2974
1344
2991
2999
2997
2974
2970
2961
2961
2981
2995
2970
2995
2962
2988
2829
2981
3040
2960
2989
2997
2996
3005
3000
3010
2995
2963
2959
2952
2739
2997
2999
3073
2973
2895
2991
2981
195
3033
3008
2958
3002
2966
2948
2986
2846
3006
2939
3021
3001
2966
2950
3010
3015
2969
1243
2982
2995
2976
3005
2993
2962
2952
2971
3001
2971
2737
2994
2998
2990
2943
3001
2969
3000
3017
3002
3002
2178
2998
2977
1092
3007
2970
2969
2993
3007
2962
2998
2978
2998
2993
2987
2986
274
3007
2912
2983
2991
2994
2994
3074
2978
3010
1150
2974
2973
2989
3004
3005
3018
2975
2981
3002
2982
874
2984
2081
2962
2993
2970
2988
3003
2962
2979
2980
3028
2988
2992
3006
2991
3004
2990
3007
2951
3002
3000
1789
3000
3009
2974
2954
2992
2977
3009
2987
2969
3013
3001
2972
2958
2957
2989
3007
3006
2996
2989
2996
3018
706
2950
1009
2951
3001
2989
2952
2983
2965
2975
3010
3005
3024
2971
2985
3015
2998
2982
3003
1017
3006
2782
2987
3000
2962
3004
2945
253
3005
2981
2964
2988
2080
2969
2982
2131
2963
2988
3010
2985
3011
2973
3000
2961
2977
2979
2987
2971
2988
2965
3051
3008
2979
1997
2996
3012
2995
2995
2958
2984
3003
2972
2972
2247
2972
2977
2994
2986
2961
2972
2986
2975
2150
3011
2992
2995
379
2974
891
2997
2995
2995
2989
3008
2999
2964
3005
2965
2971
3018
687
2982
2999
1441
2904
2989
2723
3004
2998
3006
3011
2986
2990
2606
2986
2986
3035
2380
2995
2970
2944
2998
2990
1917
2992
3004
2991
2954
3012
2989
2967
2981
2928
2991
3054
972
2972
2745
2986
2913
2944
3017
2976
2994
2984
2987
2986
1133
2972
3009
2984
2982
2996
2957
2977
3005
2963
2990
3008
252
3013
3030
2990
2958
3002
2973
2998
2990
2982
3008
2979
3017
3011
2985
2983
2994
3008
2975
3013
2989
3019
2948
2970
2972
2982
2982
3014
3005
3026
2977
3004
3012
3018
2983
2905
2964
2994
3004
2991
2977
2993
2972
2975
2973
3009
2438
2958
2973
2988
2980
2983
2997
2992
2969
2989
2998
2644
2817
3022
2983
2975
3000
2983
3044
2992
2991
2967
2971
2990
3019
2990
2988
2991
2988
2994
2986
2981
3007
2970
2952
2994
2991
2998
2993
2956
2955
399
3009
3002
3016
3002
2972
2980
2986
3025
2990
2981
2982
2967
2988
2986
2993
2946
2925
2900
2982
2963
2926
3004
2994
2970
765
2970
2877
2981
2986
3003
2967
2980
3083
3009
2985
3004
3013
3009
2982
3013
2975
2999
2993
3007
2983
2965
3009
2975
2960
2994
3053
3027
427
3004
2981
2977
2963
2980
2926
2980
198
669
2966
2969
2989
2961
2944
474
2984
2995
3019
2911
2967
3005
2998
2991
3014
2971
2992
2166
1012
629
2969
3032
2982
2987
3012
3000
2971
2998
2958
2991
2973
445
2987
1649
3019
2988
2972
3001
1948
2711
2973
2997
2993
2992
2967
3014
2960
3002
3005
2952
2985
427
2988
3008
2649
2972
2998
2823
2965
2995
2949
2986
2465
3000
2978
2997
2981
2928
2990
2950
2028
2975
3036
3008
2964
3034
2995
2960
2996
2960
2985
1458
2954
2997
2649
2940
2676
2963
2873
3003
2983
2980
3001
3005
2993
2990
3001
2964
3015
3005
2846
2988
2936
1268
3000
2972
2983
3002
3012
2026
2306
2996
2990
3000
917
2984
498
3002
2976
2978
3003
3017
2973
2981
2972
3013
3000
2983
3033
3008
2901
2985
2991
2958
187
2968
2951
2032
2978
2985
2999
3040
3025
2981
2974
2939
2996
2966
2984
3002
801
2928
2981
2993
2992
2549
2987
2895
3006
2991
2972
2975
3009
2984
968
2975
2972
2964
2976
1922
2987
2971
2981
2991
3001
2954
3029
2960
2977
2995
2985
2992
2981
2983
2993
2937
2990
2994
2978
2982
2863
2965
2989
3003
3015
2969
2960
2963
2988
2976
2997
2615
2120
653
2971
2991
2991
2995
2996
2988
2984
2839
1037
2971
2553
2977
3010
2984
2970
2970
3009
347
2975
2760
2993
2984
2978
2984
2956
2947
3004
3011
3047
3002
2935
2991
1681
2586
2984
2245
3010
3012
3006
2995
2436
2950
3002
2974
2975
2052
2926
2987
2966
3028
2970
3019
2991
2996
3004
2998
1505
2957
3002
3036
235
3020
2998
2977
2965
2963
2997
3008
2973
2968
3019
2989
517
2982
2951
3007
2987
2987
2967
1612
2966
3000
3022
902
2965
3016
2988
2925
2430
663
2997
3000
2970
1105
3020
3025
2963
1853
2953
2988
3001
2994
2929
2978
3002
2987
2999
3004
2817
2241
1792
3022
2998
3011
2993
2999
2992
3011
3011
2969
2994
2992
2987
2999
2994
3015
2986
1579
2996
2481
2953
2981
2976
2980
2993
2954
2997
2995
2980
2913
2978
2991
2969
2979
2997
2974
2979
2995
2972
2966
2906
2952
2958
2504
2982
3010
2988
2999
2968
2963
2974
2967
2973
3018
2968
2994
3005
3018
2997
2992
2967
436
2993
2991
2970
2983
1741
3012
2979
2922
3019
2965
3009
2991
2991
3032
2219
2986
2998
2993
2974
2994
2943
3022
2926
3005
2985
2969
1724
3000
3020
2768
2951
2394
2961
3012
551
2960
2991
2927
2992
2989
578
2984
2960
2994
2985
2973
2971
2967
2978
2961
2975
3026
2981
2979
3003
2898
3030
2709
1611
2952
2798
3004
2983
2987
2999
2227
2974
2980
3000
2983
2981
3002
2995
2990
2971
3036
3002
256
2938
3022
2946
2992
3002
2953
2985
2947
2968
2954
201
2973
3005
2979
512
2980
3017
477
2997
3004
2353
2953
2987
2999
2983
3065
3021
3002
2982
3016
2966
2971
2965
2992
3043
2735
2990
2980
2988
607
2995
2986
3061
2981
3008
2998
2995
2950
1693
1708
820
2992
2133
1554
3001
3031
2987
3038
2974
2945
2977
3014
1229
2984
2995
3024
2971
2972
2173
3021
2996
2993
2977
1213
2994
3004
2958
2978
2980
3002
2985
3019
2786
2995
2529
2980
2757
2368
2891
3001
2983
2990
2996
2974
2999
2989
2973
3016
2897
1975
2964
3010
1152
3002
2991
2981
2978
2990
2954
2958
2982
2542
3067
2943
3010
2980
3003
2979
2991
2968
3023
2977
2957
2961
3004
2976
2845
2961
3007
2974
3027
2987
2979
2992
2964
2997
2984
2990
3001
2952
2920
3001
2975
2960
2993
2981
1002
2962
3028
2956
3014
2962
3000
2338
2956
2971
2997
2975
2953
2990
2955
3006
2975
3020
2983
2994
2955
3022
2994
2963
2938
2983
2978
2989
2999
635
922
3001
2951
3015
3004
2975
3016
2990
1866
2990
3010
2283
2999
1600
3003
2953
2991
3002
2987
3052
3015
2983
2301
865
2998
2827
2993
2937
2987
2815
2976
2991
3066
2988
3058
2983
2962
3018
2978
3018
3010
2650
3003
2986
3000
3007
2987
2390
2886
3021
428
3006
2971
2951
2580
3016
2991
2990
3000
2990
3002
2998
3017
2989
2973
1767
3009
3018
2982
3006
1004
2989
2996
3020
2944
3000
2976
2973
2996
3013
1346
2982
2972
2828
2915
2982
2954
3006
2881
3006
3000
3017
3005
2387
2995
2995
3215
2917
2998
3005
2969
2874
2993
3027
2988
2981
2987
2991
3023
2980
2998
3012
2981
2956
2969
3012
2996
3000
2967
422
2996
2990
2975
696
2772
3041
3036
3006
2998
3045
3007
2965
2977
3004
2961
1544
2945
3004
3020
2966
3004
2875
3010
2983
2969
3004
2966
2989
3019
2721
2977
2980
2999
2946
3025
3014
1214
3021
3005
2949
1443
2992
2988
3015
2974
3032
2955
2978
2989
880
2979
2979
1429
2970
2964
2990
2981
2952
3000
2968
3006
2993
2968
3001
2982
2967
2944
3025
2982
3018
3014
3018
2988
3000
2999
2992
3003
573
3002
207
2985
1980
2974
3063
3019
2924
2984
2064
2953
2423
3005
2968
2982
2978
3016
2969
2990
2847
2965
2400
2982
2992
2986
2996
2977
2993
3012
2992
3007
2995
2993
2969
2959
2992
3002
2942
3010
3002
3011
2963
3000
3016
2994
1496
2982
3011
3006
2959
2570
3012
2960
3005
2984
2991
2976
1024
2990
2957
3004
2945
2977
3007
2984
3005
3035
3056
2970
2960
2981
2423
2962
2972
3016
1562
3002
2991
2983
2876
3039
2981
3004
2980
2978
2936
3033
3018
2980
2895
2990
2965
2966
2991
2971
2975
2218
2970
2959
2976
2996
2981
2991
2981
3008
2986
2963
2933
3027
2981
2585
2980
2990
2931
2987
3010
2586
2997
2995
2843
3102
218
2940
3000
2977
2957
3005
2947
2996
2990
3003
2998
2997
2951
2960
2986
2956
2948
2976
2965
2974
2964
2977
2977
2956
409
2984
2980
2972
2987
3021
2967
2990
3029
3067
2999
2964
3019
2981
685
2948
2989
2982
2995
2993
2990
2960
2967
2984
2986
2986
2988
2182
2917
2734
3025
3004
2965
2964
2982
2840
2844
2959
2955
2978
3008
634
501
2926
2972
2988
2933
3070
2992
3017
2951
2997
2993
2935
2989
3030
2963
2937
2960
3001
2976
3003
2990
3020
3001
2986
2975
3001
2993
2973
2999
2987
3012
2978
2999
3024
2954
1116
3006
3019
2970
2995
3019
2927
2988
3015
3028
2919
2996
2957
3001
3003
2982
3013
2384
3003
2968
2570
2940
2968
1214
2986
2625
2933
2989
2978
2989
2987
2991
3059
1420
2978
1870
3002
1393
2997
2932
2974
2989
2971
2981
2994
2954
309
2984
3013
2989
269
2946
2986
1712
2979
2962
2993
3011
2968
3018
2971
3021
3025
2990
444
2968
2959
2995
3017
2993
3026
3002
1343
2913
2951
2958
2969
2997
3004
2965
3003
2998
1532
1303
1143
2762
3011
2788
2974
1018
2968
2992
2971
2971
2967
2988
2983
2973
2659
2972
2988
2971
2994
2950
2975
2996
2998
3013
3055
2990
2905
2930
3017
3012
2972
2987
2868
2977
3002
2971
2980
2963
2988
2969
3009
3011
1287
2983
2978
2007
2999
2969
2991
3000
2922
2992
2990
2968
3003
2976
322
2983
3003
2605
2997
2992
2183
2927
2963
2997
2463
2956
3008
3000
2969
1840
2989
3019
2968
2985
2959
3004
2852
2035
2976
3000
2988
2008
2975
2310
3005
2999
748
2970
2896
3003
2975
2971
2961
2987
3015
960
2980
3009
3003
2973
2931
3001
2970
1723
3009
3070
2992
1457
2957
3021
3008
3009
2937
2994
2994
2982
3035
2970
2995
3042
3043
2902
3005
3023
1852
2798
3010
3004
2683
2978
2968
2980
3027
2979
2980
2987
2998
3005
2971
2991
3002
2978
2971
2953
1806
905
2959
2357
3007
2989
2988
2973
2969
2930
3007
531
2974
3048
2978
2978
3014
3012
2941
2964
3010
2959
3004
3013
2979
1509
2998
2992
2979
2981
2956
2989
3023
2960
2999
2977
1301
2995
2995
2970
3036
2992
2065
2948
2213
2751
2986
2983
231
3022
2987
3015
2977
2927
965
