838
1515
1525
1530
1521
688
1515
616
1513
1507
1513
1527
1520
1515
1520
1431
1524
1310
1525
1517
1528
1308
1528
1520
1521
1520
1514
1391
1527
1089
1474
1515
1517
1528
1522
1511
1499
318
1012
1527
1516
1523
1526
1523
1524
1525
328
1514
1494
1524
1464
1522
1517
1333
1534
1522
1516
1525
1519
1523
1538
1508
1530
699
1530
1526
1515
1521
1515
1522
1515
1503
1395
424
1516
1515
1510
1520
1524
1515
1512
1519
1529
1516
1523
1514
1519
1521
1526
1517
1528
1515
1531
1513
1519
1527
1526
1520
1508
1520
1520
1522
1519
1522
1512
1518
1523
1520
1522
1508
1514
1528
1515
1503
1493
1394
1523
1529
1525
1523
1519
1530
749
1149
1524
1523
1532
800
1502
1530
1526
1518
1518
1516
1518
1521
1523
1521
1526
1521
1521
1524
1522
962
1524
1522
1513
1523
1503
1399
1358
1528
1528
1532
1525
1524
1517
1527
1524
1530
1510
1523
1513
1517
1528
1517
1519
1523
1520
1518
1357
1525
1527
1339
1531
1530
1520
1516
1518
1532
1513
1543
1512
1523
1107
1500
1532
909
1509
1518
1520
1531
1513
1521
431
693
1522
1521
1524
1523
1524
1515
1528
1522
1514
577
1521
1520
1518
1518
1516
1518
1520
1529
1531
1517
1524
1507
1513
1524
1526
1525
1518
1523
1060
1524
1507
1525
1511
1525
1518
1520
1518
1522
1523
1528
1511
1489
1523
1507
1523
1502
1524
1528
1520
1510
1506
1043
1519
1513
1520
1529
1507
1523
1511
1525
1520
1528
1503
1532
1523
1524
1522
1520
1523
1521
1524
1530
1533
1466
1512
1424
1534
1520
1511
1524
1502
1520
1525
1503
1517
1521
1516
1519
1522
1525
1528
1527
1535
1517
708
1511
1526
1522
1040
1527
1534
1530
1021
1526
1530
1530
1510
1513
337
1528
1528
1528
1517
1514
1521
1519
1517
1507
1524
1521
1513
307
1524
1493
1523
1521
412
1526
1518
1522
1526
1529
1515
1522
799
1515
1517
1527
1526
1532
1519
1513
1525
1540
1513
1520
1270
1521
1525
1518
1138
1524
1518
1526
1525
1506
1523
1506
1524
1527
1519
1519
1524
1522
580
1529
1515
362
1526
328
1524
1525
1527
1515
1520
1513
1148
1514
1522
809
1517
1519
437
1348
1428
1532
1504
1513
1520
1516
1517
1512
1521
1519
1522
1531
1520
1526
1529
1517
1518
1513
1527
1481
1518
1522
1525
1528
1519
1504
1522
1526
1520
1528
639
1515
1520
1521
1521
1272
1495
1528
1520
1521
1507
1525
1514
1520
1524
1518
1525
1527
1525
630
1455
1517
1521
1525
1525
1524
1525
1514
1523
1529
1532
1513
1523
1524
1161
1529
1525
1504
1515
1284
1509
1489
1506
1527
1526
1521
1437
1515
1515
462
1519
1521
1518
1509
1524
1522
1528
1517
1516
1530
1524
1530
1524
1523
1529
1509
1510
1526
1518
1133
1515
1519
1518
1515
1515
1524
1525
1526
1227
1526
1507
1523
1511
1494
1525
786
1531
1509
1530
1457
1520
1512
1522
1519
1526
1533
1522
1507
1510
1527
1501
1519
901
1518
1524
1502
1525
1516
1518
865
1510
1523
1523
734
1522
1517
1519
1528
1521
1389
785
1526
1521
1521
1521
1510
1516
1163
1525
1527
1521
1517
1525
1522
1120
1528
1530
1513
1523
1518
1512
1525
1516
746
1528
1520
1513
1519
1524
1514
1518
1529
1514
1523
1520
861
1519
1523
1528
1505
1525
1524
1526
1523
1519
1488
1525
1316
1514
504
1507
1510
1522
1519
1513
1497
1519
933
1520
1517
1520
1525
1522
1522
1525
1140
1466
1215
1506
1521
1511
1516
1509
1519
858
1530
447
1510
1504
1522
528
1520
1518
1521
1512
1506
875
1523
1518
1521
1149
1520
1512
1362
1274
841
1521
1518
1523
1522
1526
1503
1506
1518
1508
1520
1505
1510
1517
1515
1507
1528
881
1512
1503
1510
1518
1525
1526
1529
854
1523
724
1516
1527
1531
1505
1522
1516
1528
1517
1521
1520
1521
1518
1524
699
1519
1523
1520
1516
1511
1527
1011
1528
1523
1405
1304
1524
1524
1488
1525
1520
1522
1501
1489
1205
1525
1510
1514
1524
1526
1529
1524
1519
1530
1504
1528
1521
1523
1420
988
1527
1074
1521
1522
1532
1523
1525
1077
1526
1528
1518
1526
1520
1285
1510
1507
1522
1498
1523
725
1512
1508
1504
1498
1524
1504
1514
1519
1523
1518
1517
854
1513
943
1524
869
1525
1514
1489
1528
1526
1524
1518
1526
1511
1529
1509
1527
1506
1525
1525
906
1525
1514
1520
1524
1518
1524
1524
1520
1530
1507
1515
1524
1526
1528
1518
1522
885
663
1345
1523
1516
1524
1513
1524
1514
1524
1520
1315
1530
1520
1518
896
1523
1523
1523
1520
1517
1511
1142
1521
1519
1517
1517
1528
1513
1517
1514
1519
1517
1515
1521
1526
1519
1511
1525
871
1523
1525
1526
1525
1516
1513
1524
1508
1523
1533
1514
1518
1528
1523
1204
1523
1019
1518
1516
1526
1372
1514
1521
1515
1524
1524
1518
1515
1509
1530
1510
1527
1518
1516
1523
1523
1533
1516
1522
1508
1524
1523
1521
1495
1521
1526
1519
834
1518
1526
1526
1529
890
1520
1518
1499
1516
1528
1518
1523
1519
1526
1521
1520
1491
792
1528
1519
1521
1527
918
1514
1520
1523
1526
1521
1525
1519
1520
1525
1520
1511
1524
1522
1524
1529
1514
1517
1521
1520
1120
1521
1504
1122
1520
1527
1519
1524
1520
977
1522
1497
1479
1140
1523
1520
1522
1513
1525
1514
1512
1508
1523
1531
1525
1525
1525
1522
860
1520
1526
1526
1521
786
1510
1520
1511
1491
1524
1524
1519
1497
1519
864
1526
1532
1526
1530
1187
1507
1529
1526
1528
1512
1519
1522
1529
1509
1510
1526
1528
1533
1387
1518
655
1525
1521
1444
1523
1522
1524
1451
1517
1517
1522
1521
1522
1002
1274
1525
1517
1522
1532
1357
1529
1526
1508
1521
1514
1507
1518
1120
1527
1522
1521
839
1524
1523
1520
1525
1523
1506
865
1523
1510
1523
1491
1520
1528
1514
1522
1514
789
1534
1526
1514
1519
1523
1515
1523
1516
1502
867
1524
1526
1523
1522
963
1412
1522
1518
1524
1520
1518
1517
1518
1498
1524
1522
1524
775
1514
1521
1517
1533
1374
1531
1516
1523
1522
1377
1523
1502
1519
1521
1522
1509
763
1519
1524
1520
1522
1511
1514
1529
734
1527
1524
1513
1511
1506
1517
1508
1531
1512
885
1525
1491
1505
1509
860
1514
1515
1527
1532
1518
1524
1506
1525
1241
1522
1527
1509
1522
1519
1525
1468
1524
1522
1515
1527
1526
1450
1500
1525
1527
1519
1535
1424
1522
1517
673
1525
1516
1514
1523
1522
1525
1510
901
1518
1518
1525
1516
1004
1521
1521
858
1517
1527
1518
1517
1514
1523
1525
1523
1522
1361
1526
1516
1503
1516
1519
1523
1468
1512
1524
1525
1515
856
1519
1524
1525
1109
1524
868
1075
1519
1518
1524
1513
1516
529
1522
1522
1507
1518
1525
1520
1529
1524
1519
1516
1521
1382
1521
1489
1516
1526
1527
1510
1528
1514
1527
1522
1504
1503
1523
1520
1526
1515
1485
1529
1519
1520
1510
778
1504
879
1522
1513
1515
1517
1528
1528
1525
1504
1508
1525
970
1510
1520
1515
1520
1519
1150
1520
1522
1525
1451
1529
1518
1520
500
1524
1519
1526
1528
1509
1378
1507
745
1525
1523
1496
1511
548
1379
1524
1528
1516
868
1494
1508
1304
1526
1523
1515
1517
1522
1527
1517
1523
1523
1522
1527
925
1532
1519
1517
1517
1519
1528
1500
1496
1516
1518
1520
1513
1503
1521
1525
329
349
1526
1495
1516
1502
1518
1510
1515
1522
1522
1524
1507
1528
844
1519
1518
1523
1521
1523
1505
1512
1521
1517
1524
1521
1527
1525
1524
1452
1521
926
799
1522
1523
1525
1529
1515
1518
1524
1527
1479
391
1505
1524
1058
1523
989
1523
1519
1522
1082
1520
1523
1403
1521
836
1507
1519
1524
1523
1522
1522
1535
1522
1520
1528
1518
1509
1523
1525
1005
1525
1523
1525
1519
1524
1509
1521
1515
1526
1518
1525
1508
1523
1527
1528
1526
1520
1512
1522
1521
1520
1517
1515
1505
304
1523
973
1522
1523
1514
1521
1510
626
1525
1523
1521
1525
1042
1523
1530
1524
1522
1524
1519
1525
1524
1525
1517
1522
1510
863
1514
1515
1517
1522
1521
1510
1531
1525
1520
1521
1523
1514
1525
1521
1521
1523
1507
1509
1511
1530
1509
1351
1518
1519
815
1523
1531
869
1304
1488
1516
1524
886
1524
1516
895
1517
1522
1516
1520
1515
1052
1504
1506
1530
1526
1493
1519
1522
1518
1514
1512
1517
1523
1515
1515
1522
1515
1020
1520
1511
1522
1518
1515
1526
1508
1518
1523
1514
459
1521
1522
1527
1402
1528
1109
1519
1518
1520
1526
1522
1535
1524
1211
1530
1519
1508
970
1493
1518
1523
1485
799
1518
1523
1521
1519
1304
1518
1514
1532
1445
1523
1509
1506
1194
1513
1530
1507
1513
1529
1523
1518
1522
1507
1514
1522
1528
1295
1456
1514
1528
1524
1520
1523
1518
1237
1527
1527
1519
940
1518
1516
1517
1522
1517
1519
1512
1527
1522
1487
1526
1521
1523
1514
1523
1524
1519
1520
1519
344
1520
1524
1516
1505
1527
724
868
1512
1517
1520
1517
1492
1518
1498
1513
1516
1516
1522
1516
1525
838
1513
1498
1524
1519
1519
1523
1520
1514
1321
1505
1522
1521
1354
1519
1519
1530
1517
1525
1520
1532
1519
1509
931
1524
1518
1527
1513
1522
1501
651
1532
1520
1517
1524
1523
1426
1520
1523
1521
1527
1509
1531
1517
1523
1521
1422
1530
1515
1531
1526
1495
1509
1495
1524
1520
1526
1510
376
1526
442
1532
1519
1519
1516
785
1525
1526
1526
1521
1248
1522
1515
1512
1519
1517
1523
1518
1524
1520
1519
1519
1523
964
1520
1518
1526
1514
1528
1517
1527
1529
1517
1522
1519
1524
1522
591
1524
1517
1103
1524
1424
1526
1526
1511
1523
1524
1521
1519
1526
1526
1519
1518
1305
1518
750
1524
1523
1509
769
1521
1509
1515
1505
1517
1524
1509
870
1521
1514
1525
1534
1494
1520
1130
966
1514
1519
1520
1527
1511
1525
1242
1514
1526
1517
1523
1520
1515
1525
1108
1512
1524
1508
1463
1520
1524
1519
1521
1525
1523
1521
1524
1513
1526
1530
1520
1502
1524
1529
936
1524
1507
1507
1469
1053
566
1524
1333
1526
1518
1529
1250
1506
1523
1525
1519
1532
1526
1522
1509
1510
1521
1508
1044
1527
1521
1526
1510
1521
1521
1525
1516
1522
1516
1522
1525
811
1524
1518
1532
1525
973
1520
1521
1509
1301
1280
1520
1521
1380
1490
1515
1528
1264
1515
1519
1522
1525
1512
1524
1526
1498
1510
1525
1523
1528
1510
1526
1523
1275
1516
1499
1525
1515
1533
1524
1526
1518
1538
1274
1527
1531
1517
1522
1423
1506
1527
1514
1531
801
1516
1519
1522
1479
1514
1527
654
1516
1412
1513
1517
1512
1502
1519
1520
1529
693
1513
1375
1519
1520
856
1521
1503
1519
629
1503
1504
1527
1523
1512
1507
1526
1523
1527
1523
1522
1525
879
1518
809
1441
1529
1532
1518
1530
1522
1503
1531
1515
1516
1507
1245
1502
1518
1524
1512
1511
1518
1526
1524
1509
1517
1517
1527
1300
1511
1523
881
1518
1520
1517
1517
1528
888
1526
1523
1515
1510
1524
1521
1522
877
1528
1521
1521
1525
1523
1510
1519
1521
1537
1528
1526
1517
1530
1514
1511
1529
1508
1521
1520
1517
1517
1489
1528
1522
1523
1521
1515
1522
1526
1507
1520
1520
1532
1516
1505
1529
1070
1520
1523
1522
1530
1522
1524
1498
1487
1529
1522
1510
1490
1522
1521
1523
1512
859
1485
1486
1518
1518
1517
1521
1519
1526
1494
1514
806
1516
1527
1529
1524
1518
1522
1524
1520
1521
1521
1521
1523
1515
1519
1520
1516
849
1520
1503
1001
1423
1522
1529
1380
1523
1532
866
1492
1526
1513
1522
1523
1532
1520
1520
1530
1527
1526
1488
1509
1224
1524
1523
539
1519
1518
1521
1520
1525
1514
1523
911
1519
1529
1523
1522
1521
1527
1529
1518
1519
1339
1347
1527
1511
1520
1522
1512
1527
1515
1531
1527
1517
1525
1497
1524
1527
1504
1507
1515
1522
1516
1530
1507
1521
1523
1519
479
322
1523
1523
1523
1505
417
1530
807
1520
1528
1524
1526
1525
1504
1534
930
1462
1520
1523
1527
1516
1522
1495
1519
1527
1519
1527
1522
1171
1427
1507
1520
1513
1521
1523
1238
1518
1518
1528
1518
808
1517
926
1520
1526
741
1520
1517
1523
1506
1522
1517
1525
1528
1523
1524
1524
1525
1517
1526
1517
1369
1522
1528
1523
1547
1524
1512
1525
1527
1509
1530
1517
1519
1522
864
1521
1525
1454
1516
796
1523
1518
1523
1524
1518
1520
1314
1175
1524
1515
1517
1518
1523
1513
1508
1511
1524
1520
899
1528
1510
1492
1514
1494
1518
1515
1520
1525
1515
1521
1512
1508
1525
1496
1525
1381
1520
1521
1509
1512
1518
1518
1507
1522
1515
1528
1523
1528
1437
1526
1504
1524
1513
1529
1509
1518
1517
1502
1523
1514
1511
1517
1526
1513
1522
1522
1525
1530
1518
1528
1527
1512
1505
1528
1524
1526
1506
1518
1533
1524
1523
1520
1264
1504
680
1521
1516
1509
1509
1515
1521
1515
1306
1514
1503
1520
1242
749
1520
1503
1520
1533
1503
1525
1522
1513
1520
1518
1525
1521
1525
1504
1521
1526
1520
1527
1515
1519
1520
1522
1522
1520
1509
1527
1524
1526
1509
1528
1530
1510
1528
1527
1522
1520
1519
1517
1508
1517
1521
1530
1522
1521
1517
1147
872
1524
1508
1522
1520
1518
1535
1516
1526
1522
1521
1528
386
1520
1520
1524
1521
1514
1518
978
1516
1522
1515
1499
1487
1519
1519
1533
1524
1508
751
1514
773
1506
1528
1510
1519
1517
1431
1532
1521
1521
871
610
1522
1521
960
1522
1524
1527
1521
1512
998
1508
1475
1526
1526
1517
1515
1520
1521
1506
1523
1490
1524
1530
1521
1518
1525
1522
1519
1526
1521
1524
979
1522
1525
1525
1525
696
997
521
1521
1505
1518
863
1525
1522
1517
1518
1526
1528
1524
1522
1524
1520
584
305
1528
1511
1524
1522
1520
1520
1522
1519
1520
1515
1519
1522
1521
1527
1522
1509
1518
1519
1514
1528
1522
1526
1453
1528
1516
815
1515
1523
1522
1520
1505
1525
1520
1530
1530
1514
1528
1517
1526
1532
1529
1497
1528
1525
1527
1524
1528
363
950
1522
1516
1525
1315
1518
1504
1518
1528
1521
1521
1528
1518
1521
1522
1509
1520
1522
1526
1518
1517
1521
1524
1524
1527
822
1521
1522
1516
580
1507
626
1526
1517
1530
1510
1530
1524
1522
1144
1508
1507
1520
1524
1513
1445
1515
1525
1523
1518
862
1498
1521
1518
1524
1519
1527
1530
1512
1121
847
1517
1518
1518
1518
1451
1522
1525
1521
608
1526
1510
1523
1516
1519
1505
1523
1522
1521
1522
1525
1511
1527
1511
1506
1253
1508
1377
1514
1468
1525
1514
1513
1505
1521
1520
1522
1535
1526
1523
1526
1519
1511
1517
952
1518
1522
1525
1518
1516
1509
1509
1523
1522
1522
1523
1529
1517
1520
1503
1513
1518
1519
1518
1524
1520
1528
1516
1511
1530
1516
1519
816
1525
1516
1472
1523
855
1519
1519
1523
1524
1523
1519
1520
1517
1518
1531
1173
1513
1522
1513
409
1523
1523
1520
592
1532
1500
1523
1515
1531
1515
1497
1503
1522
1527
669
1526
1525
1525
1522
1521
1526
1513
1518
1518
1530
1517
1508
972
1521
1486
1512
1517
1517
1525
1513
1535
1527
1361
1519
1521
1520
1524
1522
1516
1522
1060
1514
1519
1528
1526
1521
1518
1521
1528
1519
1441
1522
1506
740
1521
1517
1527
1525
1517
1517
1515
1526
1530
1523
951
1523
1510
1523
1523
1525
1529
1520
1525
1514
1518
1528
1526
1532
1352
1281
1511
1515
1521
1526
1521
1516
1525
1513
1524
1533
1504
1026
1525
1518
1519
1509
858
1521
1516
1526
1524
1529
1520
1522
1521
1526
1524
1526
1515
864
1503
1515
896
1509
1517
1522
975
1514
1518
1521
1523
1109
1346
1521
1518
1534
1517
1533
1528
1526
1512
1506
1066
1527
1533
772
1448
771
1136
1521
1522
1525
1509
1523
1525
1512
1438
1527
1511
1177
1520
1528
1508
1527
1525
1532
1521
1519
1526
1516
1527
1516
1517
1519
1520
1519
1526
1519
1523
1509
1523
1526
1519
1526
1520
974
1512
1469
1524
1522
1516
1521
1516
1528
1531
1520
1513
1341
1291
1245
1513
1527
1508
1526
1528
1531
1521
1516
1519
1023
1466
1519
1520
1523
1524
1521
1521
1527
634
1518
1523
1524
986
1528
1238
1507
1525
1516
1521
1516
1513
1514
1521
1521
983
1528
840
1521
1523
1524
1521
1531
1520
852
1520
1523
1525
1511
1524
1520
1509
1520
1522
1523
1519
1518
1513
1530
1525
1528
1514
1521
864
1526
1522
1521
1496
1512
1535
1521
1516
1513
1522
904
1532
908
1522
1516
1514
1529
1502
1518
1525
1529
1537
1519
1520
1525
1530
1515
1517
1528
1518
1509
1521
1522
326
1519
1109
736
1517
1524
1519
1495
1256
1527
1521
1516
1521
1354
1511
1523
1527
1519
1515
1510
1522
1523
1523
1518
1520
1510
1518
1524
1492
880
1524
1515
1522
1382
1531
1514
1520
1412
1531
1529
1527
1527
1477
1519
1526
1532
1505
1520
1511
441
1514
1513
662
1526
864
1529
980
1521
1513
1523
1522
1525
1527
1523
1526
1531
1516
1518
1512
1521
601
1516
963
1524
1510
1507
1531
1521
1520
1530
1528
1506
1526
1512
511
1520
1523
1518
1503
1529
1522
1511
1528
1515
1518
1524
1525
1522
1524
713
1524
1520
1504
1511
1519
989
1508
1521
1519
1517
1510
1508
1505
1523
1528
1526
1517
1528
1520
1503
1091
1518
1516
1520
1532
1519
1528
1525
1519
1520
1528
1152
1527
1507
1522
1506
1529
1460
1513
1507
1508
1523
1525
1297
1504
1501
1519
1521
1523
1509
1528
1519
1518
1514
1526
1513
1525
1522
1522
551
1519
1526
1522
1516
1520
1526
1505
1516
1523
1523
1518
1525
1518
945
1524
1514
1523
1507
1522
1463
1530
1519
1522
1516
1515
1513
1523
1531
1521
1379
1513
1515
1508
1527
1533
1523
1519
1532
1518
1481
1521
1521
1517
1526
1525
1524
1519
1525
1503
1523
1530
1523
1467
1508
1301
1510
1518
1526
1525
1531
1521
1523
1507
1507
1526
1517
1517
1526
1517
1001
1529
1513
1518
1517
1527
1529
1508
1528
1502
1519
1525
1525
1526
1509
758
1513
1522
1530
1524
1516
1524
1522
1523
1493
910
1520
1509
1517
1524
1518
1530
1515
899
1140
1506
1517
1469
1519
1522
1520
1530
767
1522
781
1509
1522
1527
1482
1519
1511
1518
1533
1520
1036
1524
403
1521
1526
1524
1525
1516
1527
1519
1518
1521
1522
1522
1521
1500
846
1526
1529
1514
1526
1527
1525
1082
1527
1520
1523
715
1526
1515
1524
1508
1522
1530
1531
1528
1521
1528
1524
1520
1519
1511
1512
1519
1520
1531
1254
1526
1530
1519
1524
1520
1511
1524
1505
1514
1503
1516
1518
1520
1524
1511
1513
1528
1504
1525
1520
1529
1509
1511
1523
1518
1527
1516
1506
1519
1524
1523
1531
466
1508
1519
1525
1528
1520
1520
1520
1523
1501
1518
1453
1521
1115
1522
1527
1523
1517
1521
1524
1518
1524
1516
1527
1506
1524
1526
1527
702
1524
1020
1520
1524
1515
1529
1524
1518
1524
1522
1498
1526
1516
1520
374
1522
1527
1525
521
1515
1523
1511
1513
1528
1530
1511
1296
1521
1524
1516
1519
1523
1521
1520
1520
1521
1525
1504
1520
1521
1518
1526
1529
649
1525
1524
1437
1523
1522
617
1523
1518
1516
1516
1519
1527
1519
1525
1432
1516
1520
1522
1523
780
1524
1060
1527
1520
1509
1502
1524
1524
1524
1525
1524
1515
1527
1527
1506
499
1502
1521
1524
1522
1528
1521
1518
1521
960
514
970
1512
1522
1516
1518
1529
1523
1527
1497
1188
1525
1507
1521
1512
1526
1506
1522
1522
1521
1521
1426
1524
1508
1522
1525
1521
994
522
1527
1516
1526
1521
1518
1510
1516
1524
1514
1530
1523
810
1525
1523
1517
1527
1520
1025
1515
954
1525
858
751
1527
935
1510
1529
1509
1518
1521
1521
1522
1522
1540
1518
1522
1518
1527
1521
1522
1522
623
1527
665
1525
1518
1523
1508
1506
1518
1519
1529
1524
1525
1522
1522
1503
1498
1529
1532
1527
1517
1517
1521
1529
1434
1530
1522
606
1517
720
1523
1505
1357
1510
1522
1522
1535
1523
1516
1515
1530
1516
1517
1522
1514
1522
772
1491
1532
426
1507
1285
1501
1530
1521
1504
1522
1511
1511
1483
1500
709
1502
1522
1524
1521
1512
1518
1491
1514
1519
1530
1524
1514
1526
682
1521
1518
1517
1520
1521
1526
1520
1524
1523
1522
867
1514
1527
1507
809
1521
1528
1534
1525
1527
1517
1521
1524
1513
1506
1529
1527
1525
1526
1524
1525
1526
1522
1514
1181
1526
966
1520
1513
1528
1521
1506
1512
1525
1526
1520
1521
1523
1538
1522
1179
1507
1512
1517
1529
1520
1525
1528
1511
1519
1520
1525
1508
1522
398
1525
1128
1511
1526
1529
1529
1511
1526
1517
1518
1529
1516
1524
1511
1522
1523
1505
1509
489
1514
1517
1517
1488
1525
1531
1527
1513
1520
1523
1525
1520
1515
1525
1096
1517
1519
1522
1528
1528
1081
1523
1523
1225
1523
1518
1352
1526
1529
1510
1434
1520
1525
1533
1520
1513
1511
1528
623
1527
1501
1498
1525
1528
1522
1515
1521
1524
1530
1508
1529
1515
1520
1508
1524
1520
1518
1527
1510
1526
1524
993
1520
1522
1524
1521
1528
1518
828
1524
1509
1533
1523
1521
1519
1513
1522
1524
1522
1523
1521
1510
1527
1400
1510
1524
1516
1510
1521
1523
1079
1519
1516
1519
1515
1532
1516
1517
1515
1506
1068
1522
1523
1529
1490
1528
1521
1526
1521
1490
1023
1517
1516
1524
1531
1519
1508
1521
1519
1522
1336
1528
1532
1522
1510
1517
1518
1279
1030
1511
1525
1518
1529
1511
1520
1517
1520
1513
1520
1526
1504
1524
1514
1495
1523
1062
1526
1504
1528
1519
1523
1525
1522
1527
1520
1517
1520
1521
1519
1517
1505
1517
1504
1467
1528
1515
1519
1522
1524
746
1509
1521
1512
1520
1522
1517
1521
1495
1519
1522
1503
1523
839
815
1525
1523
1527
1525
1520
1520
1523
1077
1516
1517
1514
1516
1527
1523
1515
953
1527
1530
1527
1515
1522
1521
1516
1509
1515
1523
1524
1513
1516
1513
1519
1528
1528
856
1531
869
1515
1515
1521
1515
1505
1519
1524
1522
1520
1528
1525
1523
1511
1528
1035
1519
1062
1523
1495
1521
1526
1526
813
1526
1522
1525
1522
1523
1529
1511
503
1516
1524
915
1521
1523
1519
1513
1524
1521
1509
1524
1529
1528
1513
1514
1528
1510
1523
1519
1526
1521
1277
1520
1516
1521
1518
1471
1509
999
1518
306
1118
1519
1523
1514
1522
1520
1524
1497
1518
1510
1515
1509
1521
1514
1516
1512
1527
1519
1510
1526
1525
1513
1522
1522
1532
1524
1524
1506
1524
1441
1524
1514
1522
1517
1519
1526
1507
1047
1522
1398
1346
1519
1530
1514
1520
1524
1519
1517
748
1004
1521
1521
1352
1510
1515
1523
1521
1531
1520
1507
1506
1527
1529
1515
1524
917
1519
1511
1523
1519
1519
1516
1514
1523
1513
1500
869
1520
1524
1523
1523
1530
1522
1516
1526
1505
1079
838
1518
1527
1515
1410
1523
707
1516
1338
1523
1520
1522
1525
1512
1518
1524
1527
1533
1522
1524
1518
1526
1517
1522
1528
1517
1511
1521
714
1373
1531
1523
1154
865
877
1526
1487
687
1519
1518
1494
1520
1526
1518
1518
1526
1519
1514
1516
1530
1524
1523
1526
1516
1519
1517
1526
1517
1521
1524
1523
1525
1505
521
1515
1521
1246
1525
1526
1522
1520
1530
1523
1536
1423
1525
1521
1518
832
1525
1349
1428
1523
1522
1526
1529
1510
1519
1426
1525
1514
423
1523
1527
1523
1522
1507
1525
1527
1528
1524
1524
265
1519
1528
1517
1508
1504
1515
1526
1520
1523
1506
1409
1522
1527
949
1505
1520
1355
1517
1520
1518
1519
1496
1523
903
1525
1522
1524
1523
1520
1524
1520
1516
1521
1529
1507
1521
1496
1522
1526
701
1507
1524
1518
1524
1520
1500
1521
1501
1522
1480
1511
1036
1514
1523
1511
1511
1518
799
465
1526
1524
1447
1532
1522
1387
1518
1530
1525
1520
1523
1520
1522
1516
1528
1518
1517
565
1523
976
1526
1520
1525
1527
1525
1509
1513
1519
1520
1511
1522
1530
1529
1515
915
1506
1520
1524
896
1521
1518
1504
1521
1527
1521
1515
1527
1520
1521
1444
1526
1516
1516
1516
1548
1525
1066
1016
1521
1520
1527
989
1437
1514
1515
1523
1522
1522
1529
1520
1301
1521
1524
1516
1524
1510
1509
1514
1531
1504
1481
1522
870
915
1523
1517
1518
762
1525
1522
1519
1520
1523
1520
1521
871
1523
1527
1505
1534
1527
1531
1520
1522
1522
1529
1523
1521
1524
1510
1530
1501
1497
1522
714
1516
834
1526
1520
1517
763
1519
1523
1521
1524
1524
1524
1524
1524
1423
1526
1518
1523
1518
1504
1530
1524
1522
1132
1517
1029
1525
1513
1504
1516
1516
1502
1342
1524
1514
1127
962
1523
1524
1520
1527
1521
1514
1513
1525
1529
557
1526
1518
1518
1529
1523
1068
1518
1503
1525
1497
1531
1523
1522
324
1501
1305
1526
1525
1524
1524
1520
1528
1519
1514
1525
1519
1525
1518
1525
1526
1516
1514
1444
1513
1527
1529
1527
1517
1470
1524
1507
1526
1529
1504
1512
1536
1423
1118
1534
1521
1528
1511
1523
1524
1523
1519
1411
1524
1521
1536
1515
1519
1521
1527
1525
1520
1463
1518
1514
906
846
1532
983
1519
1525
1525
1449
1519
1206
1509
1515
1517
1525
1520
1515
1518
1523
1525
1519
1292
1523
1509
1517
1489
1528
1518
1528
1526
1515
1531
1523
1517
1518
1520
1524
1507
1514
361
1528
1483
1492
1515
1520
1524
1524
1514
1523
1521
1507
1511
1525
1517
1359
1516
1525
1491
1519
1511
1516
1526
1504
1524
1382
1395
1520
1512
1523
1522
1521
1522
1522
795
1531
1519
1516
1516
1519
1516
1521
1523
1519
1523
1513
1533
1531
1519
1524
1524
1511
1508
1518
1521
1523
1205
1514
1522
1518
1522
1524
1529
1357
1518
1526
1524
1523
1525
1513
1525
1524
1525
1524
1422
1523
1521
775
1507
1528
1525
1523
863
1517
1509
1516
1528
1522
1506
1527
1517
1518
865
1521
805
1520
1518
1520
1517
1511
1525
1519
1526
1523
1517
1525
1524
1523
1523
1527
1525
1306
1522
1522
1518
1526
1516
1528
1506
1530
1521
1514
934
1518
1525
1523
1524
1513
1040
1515
1523
1522
1521
1523
393
1529
1530
1520
921
1527
1523
1508
1528
1519
1521
1503
1527
1151
1502
1515
1522
1527
1521
1511
1522
1526
1525
1521
1523
1520
1527
1516
1516
1519
1525
1518
1514
1529
1518
1518
1509
1521
1520
1516
1533
1526
1516
1524
1515
1526
1524
1532
1530
1522
1528
1517
1516
1528
1520
1514
1511
1522
1531
1525
1516
1528
1521
1500
1180
1516
1523
1520
1527
1502
1525
909
1530
1522
1525
1524
1519
1510
1528
1526
1526
1522
1527
1519
1515
1525
1521
1526
1514
1523
1522
1522
1521
1523
1521
1521
1527
1507
1165
1523
1541
1517
1299
1524
492
1474
1521
1519
1523
1519
1505
943
1533
1527
1528
1516
1522
1518
1524
1293
1521
1520
1528
1512
774
1485
1526
1522
1518
1521
1528
1524
1522
1520
1523
1531
1508
1512
1532
1524
1530
1523
1057
1516
791
1518
1522
1520
1526
1500
1385
1526
1523
1524
1522
1519
1510
806
1528
1352
1530
1513
1522
915
1494
1521
1529
1507
1519
1524
1523
1527
1517
1526
1524
1519
1524
1523
1522
1508
1529
1524
1527
1521
1524
1528
1513
1508
1523
1514
1509
1520
1511
1522
1521
1512
1523
1515
1515
1520
1517
1522
1522
1517
1526
1503
1527
1510
1516
1507
1513
1527
954
1524
931
1440
1507
1524
1502
1521
1511
1525
1524
1521
1509
1524
1526
1516
1501
1521
1527
1524
1523
1522
1524
1518
1512
1527
1521
1515
1520
1511
668
1519
1513
1268
1527
1521
1525
1524
1525
1517
1526
1039
1523
1516
1526
1515
1510
1518
1510
1522
1528
1125
1527
1520
1520
1511
1523
1525
1529
1020
1523
1527
1516
1494
1518
1518
1520
1521
1521
1517
1521
1519
1526
1526
1522
1519
1522
1530
1524
1519
1519
1523
605
1522
1309
1527
1521
1523
1494
1508
1520
959
1508
1522
1518
875
1520
1524
1526
1525
1525
1531
960
1523
395
1522
1525
1522
1499
1519
1522
1517
1526
1524
1490
1518
828
1526
1520
1519
1515
1424
1486
1521
1523
1526
1353
1500
1518
1514
631
1514
1523
1521
1293
1508
1161
1522
1520
1500
1527
1525
1507
1524
1523
1529
1521
891
1527
1513
1503
1510
1520
1519
1517
1034
1528
1519
1526
1525
1516
1522
1522
1497
1520
1519
1526
1508
1507
1317
1519
1517
880
1513
1532
1530
1523
1522
1529
615
1534
1519
1516
1515
1523
1512
1513
1520
1525
1521
1529
1517
1516
1515
1518
932
1517
1528
1522
1532
1526
1513
1517
1509
1510
1516
1320
1520
1525
1520
1513
1520
886
1521
1515
1516
1525
1519
1521
1520
1521
881
1364
1527
1521
867
1526
1522
1527
852
1524
1520
1514
1519
1520
1518
1512
1530
1523
1527
1521
1515
537
1509
1504
1525
1518
1515
1517
1524
1525
1518
1524
1520
1509
1519
1514
1516
1529
1519
1523
1526
429
1526
1528
1524
1523
1532
1025
1527
1523
1514
1528
961
1525
1510
1535
1526
1531
1522
1526
1519
1523
1525
1416
1529
1521
1526
1520
1514
1523
1521
1521
1519
1514
1521
1517
1490
1524
1520
1507
1518
1517
1504
1527
1523
1479
1515
1515
1527
1523
1520
1531
1519
1525
1523
1513
1526
1502
929
1516
1524
1518
1511
1526
1512
1521
1515
1524
1525
1520
1517
1522
1529
1518
1522
1524
1519
1525
1525
840
1501
1518
1519
1525
1528
1505
1506
1518
1524
1517
1526
1510
1520
1519
1533
1423
1522
1521
1521
1516
1482
1508
1527
1529
1526
1523
1535
1523
1527
771
1236
1512
1525
1506
1494
1522
1504
1509
1513
1457
1532
1499
1529
1518
1517
1511
1523
1524
935
1518
807
1497
1506
1513
1520
1522
1522
1503
1517
1515
1505
876
1514
1522
1521
1522
1521
1523
894
1521
1521
1523
1517
1519
1524
1519
1516
1508
1531
1521
1522
1504
1522
1522
1529
1526
1521
1521
1517
1522
1517
1529
1518
1516
1515
1513
1521
1523
724
1520
1519
1510
873
1321
1524
1524
1519
1522
1515
1521
1527
1519
1523
1519
1523
1520
1517
1525
1516
1525
1520
1511
1507
1513
1520
1516
1525
1524
1529
1509
1314
1534
1316
1527
1518
1527
1526
1173
1521
1522
1517
1522
1524
1513
1524
1521
1495
1520
1519
1514
1526
855
1523
1519
1526
1516
1513
861
1523
1196
793
1515
1527
1528
1507
1518
1519
1518
1516
1524
1527
1525
1523
1519
1516
1530
1520
1526
1517
1529
1529
1515
1523
1526
1523
1522
1514
1523
1522
1514
1527
1501
1510
1519
1513
1524
1499
1522
1524
1504
1517
1286
1527
1519
1525
1517
1521
1518
1521
1521
1521
1521
1506
1523
1520
1530
1531
1494
1519
1529
1533
1524
1523
1524
1506
1526
1524
1519
1522
1512
1515
1518
1518
1525
1511
1507
1521
1536
1520
1527
891
1512
1518
1525
1527
1512
1248
1521
1507
1501
1529
1520
1520
1526
1527
1474
1525
1517
1515
1519
1522
1519
1511
1515
1522
1525
1521
1524
1522
1520
1519
1512
1527
1511
1525
1498
1523
1524
1519
1519
1521
1009
1509
1506
1522
1517
1515
739
1522
1522
1522
1523
1522
1522
1516
1492
1521
1521
1524
1519
1523
1507
1517
1527
866
1510
1525
1035
1522
1495
1524
1520
1493
1529
1525
1518
924
1524
1519
1524
1515
1521
1508
1526
1522
1508
1517
1433
1523
1529
1525
1518
1527
1520
1522
1528
1528
1215
1528
1487
1518
1520
1533
1528
1523
1525
1523
715
1526
1487
1526
1523
1518
1511
1081
1512
1524
1522
1529
1529
1341
688
1526
831
1510
1464
1521
850
1522
1536
1521
1521
1525
1519
1514
1528
1526
1522
1511
1523
1504
1512
1528
873
1526
1521
1516
1358
1518
1517
1526
1509
1511
1521
1525
409
1522
1522
1522
1518
1509
1526
1528
1512
1517
1511
1515
1519
1520
1515
1518
1527
1521
1523
1507
1522
799
1536
1531
1518
1526
1524
1517
1515
1298
1524
1532
1442
1527
1520
1528
1513
1519
1487
1522
1529
1528
1522
1524
1530
1514
1529
1520
1512
1523
1516
1523
1496
1521
1509
1520
1528
1526
1525
1524
1521
1520
1506
1523
1520
1521
1518
1105
1515
1522
1510
1002
1527
1521
893
1523
1516
1293
1087
1516
1524
1513
1526
1518
1518
1517
1521
1499
1520
1528
678
1516
1519
1525
880
1357
1508
882
1526
1520
1007
1522
970
1528
1503
1513
1520
1525
1496
1501
1525
1523
1522
1521
1523
1526
1520
1513
1523
1288
1517
1512
1501
1524
1523
801
1521
1527
1513
1088
1514
1523
1524
1525
1518
1509
1520
1528
1525
1518
1516
1527
1526
1522
1515
1524
1525
1482
1526
1514
1529
1510
1520
1531
1509
1521
1510
1141
1519
1524
1529
1520
1508
1514
1348
1509
1521
1523
1505
1527
1522
1522
1519
1519
1522
1524
1505
1486
1520
1524
1525
1524
794
1527
1526
1519
1525
1510
1521
1527
1509
1003
1520
1510
1521
1506
1522
1382
1524
1529
1530
1525
1519
1519
1511
1536
1521
1516
1524
1519
1524
1527
634
1528
1525
1527
1516
1510
1524
1510
1528
605
1522
1517
1528
1525
1519
1520
1520
1524
1523
1519
1521
1498
1512
1495
1524
1522
1525
1527
1529
1518
1526
349
1524
1477
399
1510
1444
1525
1515
1528
1512
1519
1520
1530
1522
1146
1533
1524
1520
1526
1526
1243
1505
1517
1518
972
1530
1529
1522
1525
1524
1522
1516
1520
1529
908
1508
1517
1518
1281
1510
1519
1525
1520
1516
1515
901
1520
1520
646
1518
1528
1525
1521
1516
1517
1518
1522
1525
1516
1518
1521
1515
1038
956
1502
1523
1517
1525
1521
1507
1511
1527
1449
1513
1528
1523
1524
1519
1515
1523
1503
1534
1517
1520
1530
1527
1517
1524
1526
1516
1519
1523
702
1516
1508
1539
1527
821
1510
1518
1521
1524
1535
1524
1523
1518
1525
1517
1520
1530
1516
1516
1528
1524
1522
1518
1521
1524
1515
1522
1517
971
1520
1522
768
1514
1531
1522
508
1522
1525
1518
1511
1523
1520
1515
1525
1526
1517
468
1523
1516
1528
1528
1520
1517
1523
1519
1521
1519
1519
1523
612
1518
1502
1495
1519
1519
1515
1518
1519
1531
1522
1523
1528
1519
1525
1521
1511
1506
1524
878
1506
1522
1492
1523
1519
1525
1519
1523
1508
1283
1526
1481
1522
1503
1350
1518
1519
1527
1522
1522
1510
1532
1520
1523
1523
1476
1524
1510
1512
1252
862
1517
1518
1410
1515
1521
1505
1503
1524
1507
1507
1526
1510
1517
1506
1522
1342
1519
1510
1522
1518
1525
1529
1523
947
1527
1526
1510
1523
1516
1318
1520
1527
1524
1504
1521
1519
1516
1524
1519
918
1514
1525
1523
506
1517
1521
1521
1522
1243
1524
1512
1524
1521
1508
1513
1525
1511
1518
1322
1517
964
1513
1521
1524
1518
1487
1517
1515
1397
1527
1518
1498
1523
1521
1519
1517
1516
1396
1525
1524
1525
1469
1525
1020
1520
1531
1512
1524
1532
1500
1520
1510
1523
1201
1524
1519
1517
1525
1523
1524
1518
1476
1528
1522
1283
1507
1488
1515
1528
1524
1520
1529
1509
1518
1518
983
528
1519
1515
1529
1498
1530
1523
1518
1518
1520
1497
1509
1525
1534
1518
1519
790
1518
1514
1519
1521
1512
1513
1521
1516
1526
1522
1523
1525
1514
1524
1519
1265
1530
1506
1521
1528
1525
1528
1521
1508
1521
1518
1529
1505
1514
1526
1520
1526
1510
1514
1523
1510
1515
706
1528
1026
1525
1439
1491
1530
1520
1507
1511
1508
1521
1541
1529
775
1514
1514
1518
1507
1517
1358
1517
1522
1512
1523
1528
1523
1506
1523
1521
1524
1525
1525
1530
1529
1529
1513
1525
1522
365
1523
1522
1508
1527
1522
1523
1526
1525
1527
1180
615
1420
1520
1523
1520
801
1512
1526
813
1522
1524
1524
1522
481
1517
1525
1520
1521
1524
1111
1482
1524
1525
1521
1523
823
1528
1519
1532
1512
1508
1519
1516
1153
1525
1520
1522
1526
1525
1523
1229
1517
1496
1519
1506
1525
1514
1516
1516
1491
1517
1526
1506
1527
1527
1526
521
1512
1521
1522
846
1518
1444
1519
1518
1472
1531
1521
1520
1520
1525
1525
1543
1523
1520
1528
458
1525
1523
1519
1521
1527
1520
1525
1508
853
1520
1504
1523
1455
1499
670
1509
1519
1523
1522
1526
1140
1449
1422
1530
1516
1516
1530
1516
1517
1528
1520
897
1516
1527
1523
1526
1522
757
1530
1525
1134
1519
1519
539
1526
1406
1438
1521
1514
1524
1527
1093
1510
1520
1479
1525
1524
1507
1523
1523
1515
1510
1503
1520
877
1520
998
1520
1530
1528
1509
1522
1523
1491
1531
1524
1489
1523
1521
1522
1520
1529
1529
1524
1516
1527
1520
1514
1512
1515
1516
1523
1516
1421
1517
1522
1512
1508
1525
1526
1529
1518
1525
1517
1526
1522
1526
1531
1521
1521
1522
1496
1520
1517
1522
1521
1490
1524
877
1519
1527
1509
1522
1525
1527
1520
765
1482
1500
1515
1469
1516
1517
1517
1151
1526
1525
749
1526
1517
1519
1517
1525
1522
1521
1516
735
1511
1527
1218
1525
1525
1523
1505
1522
1519
1280
1524
1523
1517
1525
1517
1518
1527
1519
1521
1520
1517
1498
1519
1531
1359
1518
1521
1525
1519
1420
1518
1521
1523
1516
1517
1518
1516
1525
1510
1526
1507
830
1515
1512
1103
1509
1532
1513
1519
1520
1518
1517
1522
1523
1518
1522
1190
1519
1519
1077
1134
1520
1067
1504
1528
1506
1524
1522
1516
1513
1469
1523
1517
1486
1523
1524
1510
1525
1519
1517
1525
1514
1505
1513
1521
1517
1522
590
1515
1524
1519
1523
1465
1522
1509
1506
1524
1527
836
1520
1523
1525
1524
1525
868
1516
826
722
1527
1527
1528
1529
1510
1515
1524
1518
1516
908
1523
1477
1525
339
1521
1517
1528
980
1522
899
292
1523
1523
1527
1525
1510
1521
1518
1519
1511
1525
1030
1524
1515
1513
1335
1511
1520
1518
1517
1527
1525
1524
1522
1528
1494
1091
1520
1514
815
1516
1506
1530
1520
1527
1511
1514
1526
1524
1522
1530
1525
865
1514
1503
1514
1526
1521
1526
1521
1526
1521
923
1523
1524
1517
1505
1522
1520
1503
366
1516
1520
1516
1520
1521
1511
1522
1518
1521
1524
1524
1522
1126
1513
1505
1525
1512
1522
856
1519
1508
1503
1523
1418
1519
1518
1523
1521
1521
1524
1516
1523
1516
1524
1228
1330
1517
1520
1449
1528
1521
1515
1519
1525
1522
1509
1500
1518
1509
1515
1523
1532
379
1520
838
1522
1501
1525
1209
741
1523
1526
1510
1531
1514
1523
1517
1520
1517
1517
1526
1517
1515
1504
1530
1506
1524
1516
1519
1523
1516
1510
1508
1517
1522
1528
1131
1523
1523
1519
1526
1518
1513
1525
1486
1527
884
1509
708
1529
1522
1506
1533
1438
1514
1522
1518
1497
1527
1525
1446
1522
1509
1519
1524
1523
1527
1521
1517
1528
1524
1533
1522
1526
1523
1520
1527
1516
1527
1206
1525
1519
1411
880
1523
870
1522
559
1514
1520
1231
1513
1517
1500
1518
1520
1521
1503
1523
1514
1516
1214
1508
1521
1511
1521
1525
1518
1518
896
264
1476
784
1526
1526
1512
409
1515
1521
1517
1523
1056
1524
1516
1522
1528
705
1525
1522
1524
1539
1497
1520
1507
1524
1525
1521
1526
1520
1524
1516
1516
1518
1525
1208
1509
1527
1439
1502
1524
1523
1530
1519
854
692
1528
1519
841
1519
1518
344
1522
1418
1523
1526
1519
1506
1516
1522
1494
1522
1507
1517
1525
1526
1389
1515
1526
1067
1518
1519
1510
1526
1498
1517
1520
1511
1518
1517
270
1512
1527
1521
1518
1527
1513
1515
1530
1515
1523
1523
937
1476
826
1520
1075
1528
1512
1531
1520
1515
1523
276
1526
1523
1529
794
1525
1523
1529
1520
1525
1525
1533
1528
1519
1514
1505
1521
1503
1525
1520
1525
1506
1523
1505
1513
1517
1509
1495
1524
1521
1526
1518
1523
1524
1525
1533
1522
1526
1521
1514
1447
1523
1527
1520
1525
1523
1515
1504
1385
1521
1522
1521
1529
1519
1474
668
1523
1525
1531
1519
1503
1511
1514
1509
1525
1527
1527
1514
1521
1520
1520
1528
532
1512
1519
1519
1521
1528
1521
1511
1521
1522
1518
1517
1531
1520
1520
969
1517
1519
1527
1528
1526
1529
1522
795
1527
1519
956
1427
1531
1524
1527
1523
1520
873
1531
1519
1524
1525
1523
1488
1516
1511
1517
1516
1515
1482
1516
1521
1517
1528
1521
1501
1525
1510
1527
1515
1514
1515
1518
1513
1515
1521
1489
1541
1526
1521
1528
1524
1525
1513
1536
1524
1521
1518
1512
1524
1521
1524
1510
1524
1518
1531
1512
1523
1526
1518
1526
1507
1525
1514
1528
1531
1519
1526
1524
1513
1518
1525
1505
1514
1528
1527
1526
1526
1525
1519
1521
1506
1251
907
1523
1523
1515
933
865
1533
1519
1517
1501
1514
1527
1528
1522
1521
1523
624
1520
1522
1529
1517
1528
1280
1527
1448
1511
1508
1247
1521
1514
1527
1521
1524
862
1523
1527
1520
1518
1507
1517
1516
1523
1506
1526
1525
650
1521
1521
1512
1531
1523
1520
1527
1529
1508
1525
1533
1532
1516
1531
1525
1127
1515
1510
1515
1499
1525
1443
1397
1521
1520
1530
1503
1516
1528
1523
1523
1524
1525
1508
1256
1512
1516
1518
1513
1520
1095
1509
1520
1505
1522
1521
1521
1514
1527
1519
1512
1509
1517
1031
1522
1515
1526
1527
1525
1523
1516
1517
1526
1514
1518
1520
1521
1510
1508
1509
1521
1519
1520
1526
910
1522
1256
1524
1523
1517
1524
1511
1522
1514
1515
1530
1515
1527
1446
834
1525
1529
1520
1173
873
1522
395
554
1520
1489
1467
1515
1511
1520
1520
1516
898
1527
1518
1503
740
1524
914
1514
850
532
1524
1526
1521
1513
1526
1503
1524
1526
814
1513
1523
1520
1500
1519
1522
1517
1518
1517
1510
1519
1506
1521
1521
1521
1489
1510
1521
1524
1498
1523
1525
1527
773
1526
1521
1524
1532
1522
1519
1516
1522
1530
1503
1521
1512
1532
912
1409
1519
1508
1520
1518
1527
1507
1521
1512
1518
1525
1514
1514
1522
804
1521
1522
1511
1519
1527
1514
1525
1527
1524
1520
1528
1519
1523
1517
1517
1524
1508
1520
859
1521
1517
1145
1518
1523
1525
1525
1524
1527
1522
1517
1242
1522
1522
1509
1513
1523
1498
1524
1522
1507
1505
1301
1513
1526
1524
1525
1519
1521
1521
1516
1512
1524
1523
1523
331
1519
1497
1508
1522
1508
1531
1523
1519
1518
1525
1511
1521
1521
753
1513
1515
1524
1518
774
1525
1525
1520
1525
1521
1516
1516
1522
1507
1520
1520
1504
1520
1520
1531
895
1522
1525
1505
1514
1522
1525
1511
1523
1523
1525
1503
1517
1527
1523
1521
1533
1522
1027
1522
1435
1493
1516
1525
1514
452
1518
1520
1516
1523
1525
1021
798
1526
1522
1526
1512
1516
1519
1448
1523
1508
1520
602
1510
1509
1521
1519
1516
1514
1523
1515
1511
1523
1464
1524
1527
1458
1519
1524
1521
1502
1516
1474
1530
1516
1518
1524
1524
1507
1522
1514
1526
1500
1507
1517
1506
1520
1213
1514
1525
747
1526
1525
1524
1513
1519
1528
1526
1521
1517
1524
1516
1521
1511
1517
866
1512
1520
1526
1525
1514
1488
1510
1516
1508
1003
1513
1522
1516
1514
1506
1498
1526
574
1524
1525
1510
1073
1520
1523
1526
1529
1516
1512
1520
1523
1523
931
1519
1528
267
1523
1318
1524
1510
1517
1364
1514
1525
761
1533
1510
1522
1521
1525
1525
1516
1506
1524
1382
1517
1521
1019
1519
1507
1516
859
1521
1522
1523
1522
1523
1523
704
1525
1518
1514
1515
1509
1517
1521
1525
1516
1542
1527
1509
1507
1528
1083
933
1523
1518
1510
1399
1141
1520
1530
1515
1522
1519
1524
1520
1524
1523
1511
1503
1523
1519
1513
1523
1520
948
1356
1525
1525
868
1339
1519
1523
1521
1505
1528
1519
1526
1522
1016
1519
1521
1524
1510
1524
1526
682
1513
1528
1484
1521
319
1518
1526
1519
1513
1522
1509
430
1519
1526
884
1520
1511
1517
1501
1501
1053
1520
802
1521
1525
1503
1524
1522
1522
1527
1531
1502
1531
1509
1528
1143
1512
1518
1525
1524
1513
1523
1524
1531
1528
1518
1516
1512
1525
1524
1515
1521
1521
1525
1523
1516
1528
1161
1526
1373
1513
1519
1514
1526
1526
1522
1528
1524
608
1460
737
1518
1518
1495
1521
1524
1523
1476
1189
1523
1511
1522
1519
1525
1522
1526
1524
1514
1525
1523
1529
1523
1525
1516
1510
1525
1264
1521
1523
463
1517
1514
1524
1525
1526
1533
1519
1522
922
1515
1526
1525
1522
1506
323
1523
1519
1522
1517
1516
1491
1519
1529
1521
828
1526
1524
888
1511
1515
1523
1518
1505
1525
1528
1452
1526
1522
996
1519
1516
1528
1506
1523
1507
1525
1529
526
1520
1523
1520
1508
1511
1527
1387
1522
1518
1519
1523
1452
935
1525
1520
1525
1493
1518
1522
1526
1507
994
1529
1522
1508
1521
1516
1517
1514
1520
907
1523
1524
583
1520
1418
1527
1496
1512
1520
1400
1516
1518
1500
1531
1504
1517
1520
1524
1512
1512
867
1531
1518
1521
1447
1201
1523
1532
1505
1341
1214
1514
1520
1526
1520
1516
1508
1527
866
1527
1524
726
1525
1515
1531
1523
1518
1524
1501
1519
1516
1519
1514
1514
1525
1517
1518
1513
1524
1523
1515
1524
1530
1500
1525
1524
1519
1518
1517
1526
1500
1528
1511
1530
1526
1515
1521
1100
1516
1509
1523
1516
1523
1519
1520
1524
1271
1518
1515
1518
1516
1517
1520
1524
1008
1543
1522
1513
1521
1527
985
1518
1532
1516
1427
1522
1526
1523
1530
1518
1521
1520
1518
1520
1524
1526
1522
1495
950
1515
1524
1520
1529
1529
1522
1493
1522
1521
1310
1523
1503
1519
1504
1521
1526
1119
1404
1520
1522
1519
1518
1524
1521
1508
1527
1527
1522
1512
992
1515
1517
1522
1529
460
1523
1526
1510
1513
1522
1524
913
1530
1523
1518
1524
1520
1516
1529
1526
1485
1515
1524
1522
1517
1521
1527
1522
1509
1508
1527
1523
1521
1414
1518
1517
1516
1518
1230
1515
1520
977
1506
1523
1508
1514
1524
1519
1527
1524
1516
1499
1517
1518
1522
1510
1522
1507
1514
1518
1487
1526
1516
1507
1521
889
1527
1513
1524
1527
829
1504
1519
1524
1525
1522
1524
1523
1522
1515
1521
1519
1527
1514
1523
1519
1524
1520
1521
1520
1455
1523
1526
1517
1516
1515
1533
1533
1524
1525
1526
1520
1531
870
1507
1518
1510
1506
1519
1524
1530
1523
1525
1527
1527
1511
1524
1517
1521
1505
1526
1487
900
1518
1518
1520
1520
1523
1522
1521
1521
1512
1523
1514
1521
1526
1525
1471
1516
1519
1502
1517
1524
1532
1396
1501
1530
1532
1525
1523
1507
1522
1471
1504
1515
1516
1527
1522
1518
1526
1525
1510
1519
1315
1526
1516
848
1514
1530
1524
1522
1512
1226
1517
1522
1520
1510
1513
1520
1524
1514
1528
1523
1507
1513
1519
1519
1498
1525
1499
1528
1524
1529
950
1523
1526
1531
755
1527
1531
867
1525
1511
1517
1528
1497
1510
1395
1521
1523
1522
1514
1518
623
1524
1516
1520
1520
1075
1530
1515
1524
1337
1511
621
1516
1525
1523
878
1523
1517
1523
1208
518
1506
1516
1529
1517
1502
1515
1511
1525
1523
1527
1519
1525
804
1521
842
1525
1527
860
1526
1038
839
1519
1527
1520
1534
1526
1515
1528
876
1525
894
1528
1520
1522
1523
1529
1528
1527
1527
1529
1525
1524
1526
1508
1524
1492
1513
1282
834
1528
1522
1514
1520
1525
1518
1525
1520
1512
1521
1514
1530
1028
1520
1541
1519
1520
1516
1528
1532
1522
1103
1523
1523
1519
1492
1521
1045
1480
1518
1514
1520
1522
1522
1524
1523
1525
1470
1525
1527
1504
1524
916
970
1529
1526
1515
1521
1523
1530
1528
1507
1531
1519
1526
1526
1524
1521
1525
926
1521
1485
1520
1524
1508
870
1530
1517
1518
1522
1523
904
1522
1522
1520
1517
1520
1529
1497
1513
1523
1516
261
1521
1520
1517
1525
880
1519
1514
1523
1506
1522
1418
1518
1528
876
1517
1537
1526
1510
1520
1524
1524
1528
1523
1520
1517
1519
1520
1525
1520
1517
1517
1514
1526
1526
1528
1518
1519
1518
1516
1517
1520
1063
1519
1515
1507
1526
1483
1523
1524
1521
1515
1516
1519
1519
872
1522
1517
1522
1522
1516
1529
1525
1530
1526
1525
407
1517
1523
878
977
1522
1514
791
1523
1525
1525
1519
1413
1519
1513
1509
1525
358
1505
1521
1525
1511
1525
1525
1522
1524
1519
1515
911
1523
1517
1518
1526
1519
1521
1528
1510
1512
1519
1528
1524
1524
909
1534
1508
1238
1516
1518
1515
1511
1524
1520
1516
1431
1516
1515
1507
1529
1531
780
1517
855
1520
1078
1525
1525
1523
1412
1508
1510
1523
1524
1521
1516
1527
1526
1524
1520
1521
1520
1524
1512
1517
1525
769
1513
1502
1513
1527
1516
1499
1527
1519
1528
1524
1512
1507
1532
1505
1522
1444
1520
1519
1522
1533
1521
1161
1524
1509
1532
1521
1511
1525
1541
1527
1528
1516
1515
1518
1509
916
1515
889
1507
1513
1436
1524
1529
1518
1514
1526
1518
1527
1506
1521
1510
1524
1524
1525
1525
1509
1522
1516
1488
1024
1143
864
867
1522
1521
1517
1521
1513
1529
1518
1531
1518
1519
1523
1523
1502
1528
1512
1519
1527
1524
681
321
1514
1525
881
1511
1525
1508
1516
1538
1516
1529
1513
1524
1517
1520
1509
1528
1524
1524
1522
1524
1521
1526
1525
688
1528
1522
1506
1516
1508
1526
1522
1525
1531
1524
1523
1522
1522
1522
1520
1510
1522
1521
1498
1142
1522
1532
1512
1520
1516
1517
1528
1534
1514
1523
1510
1522
726
1523
1529
1526
490
1513
1511
1524
1516
873
1524
1519
1045
1507
1518
1522
1061
1519
1498
1513
1513
1522
1524
712
1515
1508
1520
1525
1521
1521
1521
1522
1525
1511
1517
1531
1530
1512
1525
1521
1525
1526
1521
1514
1522
1516
1515
1527
1518
1528
1514
1517
1512
1514
1526
1523
1511
1533
734
1523
1527
1521
902
1530
1526
1525
1525
1525
1527
1528
1532
1527
1523
1523
1513
1516
1503
1523
1526
1529
1514
1520
1523
1523
1531
1518
1522
1525
1521
1520
1530
1521
1524
1516
1519
1519
1433
1521
1523
1522
1531
1021
1526
1520
990
1525
1518
1515
1523
1523
1520
1531
1516
1519
1517
588
1515
1525
1534
1525
1521
1525
1524
1527
786
1497
1525
1229
1519
1522
1533
1526
1515
1491
1525
1488
1527
1507
1509
1520
1523
1517
1512
1522
1513
1517
1510
1528
1047
1528
1534
1503
1520
1518
1527
1511
1519
1523
1514
1522
1522
1509
1513
1517
525
1526
1003
1497
1524
1505
1524
1522
1512
1511
1516
1517
1522
1373
1523
1116
1509
1523
1518
1524
1525
1523
1522
1506
1524
1512
1522
1521
1515
1523
1519
1527
799
1523
1510
1521
1517
1495
1523
1531
1520
1532
1123
959
1358
1532
1517
1524
1506
1077
1532
1520
1524
1529
1509
1264
1508
1006
1520
1519
1521
1503
1520
1511
1526
1511
1515
1505
1343
1514
1451
1524
1533
1519
1480
1522
1507
1522
1525
1523
1525
1523
1526
640
1513
1522
