3081
2910
1931
2983
3013
2802
2922
2995
3017
2873
2962
2938
3007
2732
2967
2994
3020
2852
3002
3067
2944
2881
3073
2971
2984
2882
3038
2878
2874
1723
2906
3023
2960
2951
2888
3039
3056
2946
2883
3011
2866
2968
2953
2965
2893
2928
3003
3069
2986
2939
2951
2964
2964
2955
2939
2986
3078
2949
2440
2941
2997
2934
2942
2557
2867
2915
1885
3017
2966
2936
2900
2911
2671
1309
2907
2962
3005
3092
2864
3027
2973
2984
3105
3049
3027
2949
2855
2937
3077
3049
2945
2876
2771
3044
2966
2993
3024
3037
2894
2962
2792
2908
2927
2940
2871
3068
2944
1254
3011
3039
2895
2929
2926
2895
2927
2900
2959
2933
2935
2868
2979
2793
2973
2995
1733
2960
2843
2867
2991
2973
3040
2938
3029
2937
3015
2963
2987
3060
1483
2895
2940
2949
2884
2950
2941
2972
2834
2878
2913
2936
2923
2918
2901
2906
3031
2745
2886
2819
2906
2957
2961
2409
2906
988
1983
2954
3027
2994
2984
2893
3208
2756
2909
2837
2979
2931
3065
2810
2817
2824
2967
3006
2954
2908
2910
2946
2968
2859
2733
2793
2713
3046
2912
2732
2894
2991
2951
3014
2976
2834
2912
2915
3069
2905
2944
3095
2866
2952
3028
2857
2995
2824
3102
2959
3044
2814
3083
2948
2928
928
2958
2981
2900
3103
1870
2863
2840
2883
2924
2876
2975
3000
2995
2930
997
2921
2886
3016
2950
2874
2894
2900
2924
2955
2867
2886
2921
2947
2996
2749
2971
3051
3084
2885
2965
2940
2919
2875
2768
3216
2858
2970
3032
3025
2889
2926
2944
2947
2954
3053
2954
2940
2909
2818
2667
3142
3002
2983
2919
2885
2953
2892
2945
2761
2983
2790
1467
2919
2822
2736
2974
2793
3205
3012
2955
3014
2988
3021
3022
2833
2967
2643
2972
2974
2970
2881
2952
2912
2959
2449
2923
3039
2925
2487
2762
3002
2337
2996
3005
2899
2996
2888
3019
2924
3007
2945
2947
2937
2769
2877
2839
1406
2939
2961
2939
2914
2850
2915
2904
3012
2981
2973
2948
2896
1769
2897
2917
2787
2893
3056
3025
3028
2976
2884
2964
2870
2952
3017
3048
3124
2631
2813
3006
2906
3089
2921
2226
2842
2940
2927
2937
2937
2696
2855
3241
3124
2992
2837
2920
2826
3056
3049
2920
2879
2799
3009
2888
2881
2863
2925
2960
2670
2769
3096
2872
2963
2992
2993
3041
3079
2878
2949
2718
2886
2975
3055
2200
3029
2900
2831
2957
2855
2912
2815
2890
3043
2923
2907
2877
3044
2909
2998
2965
1667
2894
2918
2915
3065
2846
2641
3023
2858
2965
2793
2924
2962
3075
2955
3139
2903
2981
2938
2677
2955
2961
2942
3036
2978
2931
2948
2775
2982
3087
2916
2901
2963
1568
2976
2512
3018
2910
2951
2911
3030
2824
2902
2994
2902
1074
2696
2939
2872
2831
2796
2977
2835
3076
2928
2964
2958
2702
3070
2808
2781
3026
2931
2910
2985
2955
2942
2898
2126
2854
2982
3048
2845
2940
2793
2829
2927
2796
2953
3006
2942
2789
3084
3103
3002
3107
2946
2802
2816
2988
2937
2765
1891
3027
2934
2884
3009
3010
2945
2846
2990
3073
2979
2922
2979
2870
2849
2953
3070
2877
2897
3012
2917
2040
3022
2792
3047
2922
2898
2987
2920
2904
2826
3032
2711
2832
3059
2905
2989
2857
2595
2973
2891
2939
2954
2797
2948
2948
3007
2834
2974
2862
2946
3168
2949
2973
3113
2047
1065
3109
3062
2885
2948
2956
2978
2935
2814
2918
3031
3009
3014
2978
2941
3045
3021
3012
2936
2959
2965
2625
2878
2996
2310
2917
2949
2876
2051
2840
3008
2924
2760
2422
2920
2986
2909
3034
2898
3021
2979
2942
2846
2892
2979
2869
2873
2952
2929
2794
3068
1358
2940
2667
3046
2917
3001
2875
2929
2895
2967
2914
2899
3054
2942
2936
2935
2899
2916
2983
3057
2869
2866
2881
2980
3028
2923
2923
3070
3024
2892
2982
2968
3030
3050
3049
2967
2946
3038
1866
2992
2988
2941
2889
2733
3023
3004
2965
953
2902
2918
3080
2817
2870
2966
2937
2622
2991
2902
2988
2964
2993
2912
2952
2978
3034
2961
2923
3022
3159
2950
2987
3007
2153
2866
2913
2910
3021
2924
3044
2804
2809
2790
3003
3043
1255
2894
2904
3006
3033
2937
3081
2979
2902
2947
2939
2984
2367
2907
2928
2942
3185
3066
2895
2991
2919
2944
2894
2663
2870
2970
2989
3019
2902
2961
2891
2976
3005
2922
2824
2953
2933
2888
2910
2914
3034
2936
2965
2904
2908
2943
3032
2987
2902
2930
2912
3011
2947
2797
1962
2752
2856
3010
2913
2897
2984
2903
2893
2899
3035
2925
2971
2908
2975
2869
2849
2734
3020
3105
2338
2940
2975
2896
2966
2870
2913
2956
2890
2838
2959
3065
2987
3084
3009
2861
2806
3020
2886
2920
2103
3022
2987
2986
3098
2875
1172
2933
2951
3015
3016
2922
2872
2880
2820
2916
2956
2871
2813
2868
2923
3042
2990
2928
1926
2940
2957
3002
2980
2974
2980
2760
2953
2954
2761
2961
2149
2922
2920
2863
2962
2864
2963
2945
3045
2959
1428
2981
2951
3050
2370
2858
2997
2925
2817
2938
3010
2973
3027
2984
2931
2827
2922
2988
3023
2961
2950
2780
2952
2937
2947
3026
2938
2750
2962
2887
2980
2934
2842
2981
2807
2962
2999
2838
2952
2941
2940
1457
2922
2903
2987
2930
3006
2986
2894
2905
2558
2829
3014
2772
3050
3079
2879
2966
2843
2852
3005
2859
3072
2980
2941
2979
1209
2923
2952
2940
2960
2932
3053
2994
2921
2932
3006
2976
2908
2961
2904
3005
2977
2899
2845
2934
3010
2830
2974
2813
2941
2948
2965
2953
2895
2926
2961
2941
2691
2645
2965
2869
2875
3069
2878
2902
2864
2955
2986
2947
2930
2958
2963
2908
2920
2820
2941
2875
3020
2931
2849
2888
2941
2901
2912
3038
2995
3019
2897
2896
2953
3009
3015
2900
2759
1961
2928
2914
3044
2955
1713
2731
3002
2913
2868
2946
1644
2901
2939
2962
2940
2966
2862
2962
2981
2818
2892
2856
2959
2964
2934
2889
3009
2953
3039
3023
2927
1951
2840
2904
2898
3038
2958
2744
2911
2906
3091
2970
2883
2924
2833
2971
3032
2876
2907
2868
3103
2760
2980
2895
3002
3080
2821
2750
3006
2921
2864
2899
2868
2916
2943
3074
2825
2928
2897
2882
2740
2885
2962
2960
2624
3092
2857
2925
923
2880
2929
2931
2943
2986
3035
2837
2840
2918
2959
3020
2950
2988
2931
2890
2844
2961
2935
2947
2971
2635
3001
2978
3081
2819
2849
2989
2879
2939
2904
2698
2902
2903
2977
2950
2975
2949
2956
1269
2840
2920
2987
2893
2863
3126
2886
2915
3102
2938
2858
3029
2810
3094
2853
2872
2757
2887
2888
2994
2907
2871
3005
2980
2957
2857
2915
3034
2934
3006
2967
2928
2951
3022
3017
2567
1607
2930
2913
3071
3025
2986
2935
2932
3161
2889
2992
2939
2895
1322
3004
3023
1845
2900
2843
2901
2977
2925
2929
2863
2915
2943
2911
2896
3003
2915
1756
2887
2919
2858
2901
2981
3062
2863
2841
2878
2894
2985
2890
2875
2648
2883
2965
2931
2827
2752
2921
3053
2858
2941
2889
2975
2873
3060
2651
2977
2912
3013
2939
3001
2808
2867
3115
2869
3015
2955
2937
2974
2960
2924
2894
2875
2835
3228
3183
2946
3062
2975
2936
2882
2984
2943
3002
2877
2712
3080
2994
3009
2860
2848
1007
2530
2671
2960
2915
2845
2836
2842
2978
3002
2867
1506
2858
2976
2674
3055
2899
2907
3045
2848
3013
2899
3009
3088
2926
2911
2306
2847
1555
2736
2966
2905
3036
3013
3024
2981
1868
2989
2877
2937
2966
2886
2853
2533
2960
2992
2915
3001
2920
2911
3021
3072
3024
2622
3001
2695
2963
2846
2934
2985
2905
3013
2567
2937
2945
1100
2921
2817
2923
2993
2903
2908
3031
2841
2948
2990
2799
2859
2913
2853
3137
1668
2911
3004
2901
2979
2973
3133
3013
1041
2910
2977
3043
3051
2902
2962
2889
2894
1172
2880
2963
2918
2937
2854
2978
1593
3078
2848
2940
2827
2942
2923
2934
2237
2941
2952
2981
2903
2843
2858
2971
1588
3027
2978
3018
2839
2883
1924
2953
2901
2938
2988
2995
2916
2958
2721
2914
2940
2868
2983
2832
2886
2943
2976
2925
2993
2837
2670
2953
2882
2857
2784
2818
2981
2941
2954
2969
2889
2457
2910
2852
2808
2834
2935
2894
2914
2803
2860
2959
2901
2934
2996
2871
2953
3043
2979
2921
2996
1082
3191
2984
2872
2944
2799
2991
2985
3010
2935
2907
2928
3035
2858
2853
2816
2942
3069
3065
2914
3049
2988
1942
2908
3332
2945
2889
1340
2863
3002
2858
2392
2909
3090
2958
2961
2986
2835
2820
2883
3063
2902
2829
2870
3029
3027
2931
2924
2837
2917
2977
2981
2985
2671
2890
2869
2989
2863
2912
1530
2821
3002
1590
2837
2949
2943
2808
2904
3047
3051
2819
2571
2970
3006
2998
1612
2965
3005
2883
2959
2893
2143
2982
1341
2863
2955
2196
2431
2950
2696
2889
2926
3004
2926
2936
2890
3009
2877
2864
2936
1200
2900
2920
3045
2856
3031
2551
2965
2929
2769
2986
2953
3027
2971
3093
2908
2877
2894
2936
3016
2994
2952
2994
2957
2762
3006
2936
2877
2901
3095
2937
2888
3076
2943
2984
3152
2962
3178
3019
3017
3017
2942
3044
2796
2823
2908
2869
3102
2870
2970
2661
2805
2866
3034
2969
2918
2933
2973
2406
3031
3068
2958
2899
3041
2939
2953
2714
2973
2907
2927
1618
2942
2891
2882
3022
3007
2906
2933
2850
2908
2990
1522
2896
2842
2943
2654
2947
2918
1330
2822
2899
2864
3035
3138
2809
3012
2901
3024
2935
3013
2971
3056
1532
3067
3100
2982
2826
2986
3018
3058
2868
2814
3081
2899
2871
2919
3019
2936
2899
2920
2853
2766
2946
2916
2946
2930
2895
2962
2981
2858
2964
1939
2860
2858
2939
3069
2925
3025
2929
2983
2810
3137
3015
2881
2155
2811
3035
2848
2824
2808
2867
963
2952
2882
2887
2876
2989
2491
2917
2953
2939
3073
2890
2846
2956
2810
2897
1439
2935
2725
2871
1272
3063
2906
2906
3014
2528
2895
2874
2963
2857
2887
2904
2964
2960
2943
2852
2885
1519
2860
2499
2919
2831
2965
2942
2912
3014
2953
893
2701
2969
2787
3006
3043
2996
2933
2857
2933
2877
2988
2898
2957
3051
2943
2999
2988
3027
3023
2842
3094
2989
2968
2818
2923
2894
2855
2952
2893
2646
2908
2032
2940
3000
2844
2960
2948
2814
2968
2170
2969
2975
2934
2779
2983
2938
2903
2899
2956
2890
2847
2846
2802
2900
2931
1786
2071
2849
2425
2806
2939
3045
2786
1954
2830
2911
2982
2867
2988
2943
3007
1653
3034
2589
2939
3118
2998
2994
2945
2990
2864
2948
3177
3002
3000
3000
2355
3115
3202
2885
2991
2889
2983
2873
2903
2939
2928
2886
3015
1706
2898
1182
2891
2995
2876
2918
3061
2995
2809
3022
2970
2545
2918
2997
2876
2919
2865
2916
2906
2922
2951
2848
2856
3095
3080
2990
2979
3046
2932
1816
2925
2907
3053
2972
2855
3017
2916
2840
2964
3001
2803
2740
2924
2921
2928
2910
2853
2911
2914
3032
2894
2847
2766
2978
2966
2872
2868
2847
2975
2863
2748
1615
2737
1580
3074
2848
2821
2909
2902
2950
2885
2960
2884
2541
2976
2949
3045
2992
3036
2857
2804
3017
3032
3013
2846
1817
3027
2889
3080
2948
2895
2954
2980
2970
1188
2981
3001
2938
2732
2925
3059
2944
2951
2942
2996
2932
2886
2969
2909
2867
3059
1573
1636
2982
2948
2947
2922
2932
2684
2821
2979
2901
3128
2837
2940
2891
2849
2956
2938
3074
2886
2989
2518
3105
2853
2963
2943
3039
3047
2923
2934
2890
3131
2831
2933
2933
2975
2914
2965
2835
2933
2908
2938
2905
2749
2176
3155
2825
2936
2905
3233
2937
2272
2891
2802
2806
2986
2921
1915
2989
2907
2896
3022
2877
2893
2738
3000
2483
2887
2914
3084
2853
2896
3023
2925
2946
2979
3009
2884
2805
2949
3001
3040
3078
3034
2830
2939
2839
2941
2915
2878
2971
2970
2950
2859
2908
2551
2948
3017
2979
2884
3031
2933
2985
2869
2801
2957
2942
2923
2857
2978
3023
2882
2462
2896
2905
2602
3130
2939
2553
2906
3047
2914
2998
2899
3012
2925
3027
2249
2970
2868
2947
2870
2862
2917
2938
2940
2852
2959
2933
3016
2939
2894
2842
2975
3064
2968
2960
2909
2967
1004
3000
2986
2987
2950
2875
2837
2977
2987
2945
2879
2901
2937
2995
2810
2893
1074
2860
3021
2926
2843
3013
2957
2825
3072
2958
2944
2882
2954
2844
2979
2885
2828
2906
3096
3080
2931
2952
2900
2964
3140
2978
3096
2842
3074
2791
2994
2953
2925
2742
2822
2933
2955
2870
2711
2873
2953
2953
2916
2884
2916
2926
2915
2943
2993
2966
2964
2938
2903
3038
2914
2836
2912
2956
2653
2346
2984
2989
3117
2916
2092
2899
3017
2973
2858
2850
2816
1777
1170
2993
2770
2251
2848
2942
2935
2901
2942
3014
2807
2974
2968
3053
2995
3072
2868
2829
3013
1762
2929
2910
2806
2975
2967
3008
2842
2973
2986
2962
2794
2854
2955
3044
2872
2719
2890
2931
3015
2845
2854
2886
2329
2257
2825
3089
2996
2992
3002
2959
2808
2897
2832
2893
2952
2894
2900
2924
2988
2882
2830
2934
1050
3033
3160
2603
2850
2744
2944
2553
2819
2927
3028
3004
2993
2934
2496
2965
2909
3007
2908
2907
2856
3010
2909
2990
2789
3059
1637
2845
2906
2905
2904
2892
2958
2936
2940
2946
3052
3040
2907
2972
2946
2959
3019
2956
2867
3018
2859
2868
2950
2972
2837
2901
2164
2989
2864
2981
2622
2914
2907
1008
2965
2755
1847
2840
3007
2854
3008
2894
2444
2044
2884
2795
2872
2924
2719
3025
3091
2925
3053
2875
3028
2906
2947
2982
2933
3085
2968
2936
2884
2896
2946
2884
2945
2988
2932
2909
3135
3087
2178
1574
2862
2946
2862
2867
2414
2789
2764
3068
2858
2999
2900
2888
2978
2561
3056
2787
2889
2833
2958
2952
2918
2868
2977
3066
3066
2892
2938
2861
2831
2847
2801
2791
2911
2829
3095
2057
2874
2980
2927
2996
2897
2844
1912
2959
2992
2839
2943
2813
2856
2914
2890
2899
2937
2941
3039
3000
2943
2862
2857
3002
2978
2797
2909
2889
2902
2967
2793
2716
2816
2942
3065
2926
2901
2770
3031
2906
2876
2936
2933
2935
2989
2480
2987
987
2969
2995
2955
2909
2122
2907
2881
2952
2834
3157
3064
3023
2948
2982
2859
2840
3012
2958
2987
3000
2875
2935
2874
3105
2937
2935
2913
3125
3105
2872
2941
2953
2966
2921
3001
3029
2753
2886
2925
2780
2965
2943
3019
2786
2976
1168
2907
2875
2855
2922
2962
2898
2893
2856
1717
2921
2892
2962
2930
2955
2885
2996
2832
2904
2931
3016
2946
2975
2911
3058
2946
2988
2978
2950
2799
1961
2732
2962
2972
2960
2929
3042
2919
2920
2962
2470
3003
2793
2996
2974
2901
2820
2963
2924
1507
2901
2922
2901
2961
2755
3093
1386
2992
2933
2996
2913
3034
2901
2968
2970
2953
2837
1906
2896
2951
3024
2723
2964
2867
2938
2800
2965
2853
2865
2875
2944
3085
2869
3002
2956
2761
2766
2932
2826
3162
3046
2947
1846
3100
2950
3152
2845
2960
2939
2929
2915
2995
2931
2947
2955
2890
2851
2774
2913
2953
2722
1173
2930
2876
2963
2969
3089
2997
2835
2831
2927
2958
2143
2942
2807
2926
3166
2894
2870
2957
2927
3057
894
2688
2955
2947
2862
2850
3021
2924
2912
2940
2991
2977
2930
2984
2869
2830
3069
2962
2853
2896
3088
2874
2874
3017
3006
3096
2798
2928
2885
2953
2872
2803
2766
2876
3181
3023
2912
3084
2928
1414
2873
2986
2986
2947
2964
2884
3018
2877
2878
2887
2793
2761
2927
2913
2905
2935
1575
2632
2812
2942
2926
2959
3081
2966
2885
2992
1983
2993
3088
2854
2862
2978
2848
2846
2980
2903
3028
2912
2922
3090
2835
2935
2947
2968
3004
2797
2934
2899
2901
2997
2918
3143
2896
2942
2942
3010
1984
2954
2976
2865
3014
2946
2837
2274
2922
2804
2926
3072
2979
2841
2788
2970
2954
2720
2155
2932
2905
2939
2564
2897
2951
2857
2831
2972
2962
2925
2985
2944
2865
2900
2980
2939
2918
2991
2844
2919
2890
2962
2847
2892
3145
2732
2964
3048
2833
3090
2868
2844
2853
3060
2899
2969
3116
3048
2634
3030
2925
1172
2959
2905
2602
2953
2966
2821
1783
2974
2972
2975
3040
2860
2921
2873
2964
2719
2878
2843
2988
2944
2839
2990
3017
2931
3012
2901
2905
3025
2922
2905
2879
3046
2989
2974
2975
2633
2936
2879
2910
2848
3078
2886
2970
2973
2891
2918
2865
3003
2833
2895
2814
2907
2902
3041
2927
2854
2902
2884
2818
2915
2941
2463
2881
2840
2917
2898
2832
3084
3014
3075
2871
3128
2942
2871
2847
2806
3040
2842
2823
2854
2845
2868
2979
3009
2779
3032
2922
2904
2899
1175
2995
3108
2840
1932
3014
2875
2782
2909
2907
2742
3006
2857
2958
2885
2972
2786
3029
2875
2847
3016
2813
2920
3005
2898
3102
2973
2967
2872
2985
3101
2947
2988
3010
2940
2930
2844
2961
2887
2911
2370
2976
2814
3000
2926
2906
2945
2881
2887
2939
2970
2575
2929
2987
2912
2806
2862
2967
2956
2873
2875
2875
2740
2997
2944
2758
2875
2665
3098
964
2963
3034
2963
2947
2817
2952
3127
2989
2895
3005
2917
2953
2821
2875
2838
2977
1264
2883
2942
2873
2931
2833
2948
2689
2957
3075
2804
2840
2893
2856
2934
2807
2920
3013
2974
2877
2964
2886
2933
1460
3017
2946
2960
2963
2904
2960
1658
2883
2952
2899
3009
3018
2867
2894
2950
2777
2938
2959
2931
2916
2863
2958
2819
2910
2847
3086
3002
2829
2932
2948
2858
2969
2847
2923
2942
2971
2976
2733
2971
2998
2905
2791
2988
3135
2894
3110
3140
1720
2970
2827
2966
2946
2939
2875
3044
2912
2980
2937
2996
2992
1109
2755
1862
2863
3011
2887
1713
2979
2903
2866
2949
3039
2985
2973
2929
2972
2879
2887
2904
2997
2991
2993
1318
3026
2872
2959
2622
2849
2912
2934
2922
2868
2891
1845
2906
3013
2956
2839
3086
2940
2956
2877
3043
2992
2808
2907
2952
2801
2949
2921
2989
2902
2750
2900
2935
2913
2825
2867
2906
2982
2803
3089
2546
2899
2915
2790
2889
2895
2910
2875
2417
962
2994
2996
2940
3001
3000
3028
2873
2986
2904
3061
2986
3066
2927
3038
3024
2949
2889
2923
951
2927
2828
2854
2901
3007
2938
2955
2942
2892
2885
2956
2955
2851
2929
2999
2966
3016
2894
1368
2985
2907
2863
2965
2855
2896
3061
3013
2961
2898
2764
3042
3084
2889
1694
2822
3013
2962
2976
2865
2983
2831
2864
2860
2977
2900
3032
2951
2956
2923
2857
2954
2492
2877
3016
2887
2965
2870
2892
2922
3017
2879
2904
2948
2860
2951
2970
2855
3060
2980
2850
3000
2901
3010
3109
3006
2873
3071
2939
2941
2897
2969
2967
3084
2918
2977
2852
2937
2827
2964
2904
2848
2932
2969
2813
2885
2862
2976
2886
3009
2924
2858
2891
2902
2937
2902
1233
2885
3017
2973
2938
2867
3053
2962
1961
2926
2845
2989
1396
2788
2971
1809
2985
2903
2990
3064
2943
2951
2799
2878
2924
2843
2899
2921
2869
2858
3020
2776
2754
2949
2995
3038
2845
2945
2924
3003
2819
2822
3040
1694
3050
2856
2990
2924
2883
2909
2797
2850
2971
2804
2870
3090
2901
3009
2875
2919
2891
2949
2901
2970
2946
3073
2780
2847
2885
2916
2947
2898
2847
1938
2860
3065
2935
3033
2900
2875
2973
2908
2671
2889
2811
3063
2871
3080
2914
2942
2879
2684
1024
2890
2880
2961
3029
3067
2891
2948
2484
3017
2909
2995
3106
2874
2958
3057
2880
2999
2518
2868
2859
3004
3004
2937
2863
2418
2741
2847
2941
1924
2929
2971
2658
2658
2854
2898
2950
3042
3091
2690
2809
2942
953
2988
2807
2836
2947
2899
2884
2908
2120
3034
3020
2936
2863
2984
2998
2804
2850
2832
2818
2875
2838
2994
3032
3078
2933
2798
2827
2886
2869
3039
2897
2974
2991
2877
2924
2959
2975
2924
2789
2995
2704
2868
2795
1895
2891
2957
3025
2919
3019
2891
2767
2959
3148
2906
2932
2924
2915
3091
2945
3007
2983
2261
2922
2912
2734
2867
2816
2909
2925
2963
2833
2908
3013
2734
2801
2920
1584
2860
2917
2961
2639
2886
2921
2983
3026
2894
2970
2964
2981
2954
1722
2868
1640
2908
890
2984
3004
2863
2965
2915
3008
2958
2854
3025
3041
2928
3012
2929
2706
2691
3050
2785
2905
2852
2883
2999
2886
2960
2948
2928
2907
2900
2909
2885
2927
2416
2949
2953
3014
2921
2913
2889
947
2892
3018
2926
2646
2916
2870
3015
2983
2967
2915
2933
2893
2884
2919
2978
2795
2884
2935
2812
2881
2866
2206
2951
2968
3008
2877
2969
2926
2920
2916
2964
2939
3022
2981
2365
2916
2868
3060
2864
2945
2904
3033
2991
2927
2953
2943
1877
2934
3062
2958
2988
3053
3150
2868
3032
2950
2933
1197
2930
2969
2915
2956
2785
3039
2863
2929
2891
2960
2996
2804
2843
2965
2970
3003
2968
2929
2957
2778
3033
2984
2827
3006
2635
2829
1042
2882
2943
2972
2753
2814
3112
3018
3037
2955
2916
2948
2810
2907
3043
2909
3075
2854
2882
2901
2916
2812
2984
2962
2907
3029
2833
3095
2895
2938
2861
3017
2880
2773
2525
3027
2938
2881
3022
2843
2897
2842
2286
2604
2854
2995
2956
2838
2930
3063
2838
3051
3020
2852
2894
2906
2988
2873
2952
2896
1143
2931
2907
2972
2913
2985
2758
2903
2891
2762
3014
2794
3040
2842
3050
2954
2988
2876
3010
2954
3024
2943
2969
2937
2977
2858
3052
2933
2977
2807
1907
2977
2644
2249
2957
3043
2846
3131
1519
2875
2964
2884
2907
2953
1083
2954
2882
2967
2947
2928
2858
2858
3077
2997
2899
2833
2925
2938
2939
2900
2888
2934
2898
2520
2993
1618
2862
2988
2893
2796
2901
1486
2916
2919
2989
2900
2974
2096
3066
2789
2687
2985
2965
2914
2881
3117
2946
2914
2914
2943
3080
2961
2857
2893
2968
2825
2824
2954
3039
2907
2886
2833
2976
3069
2927
2841
2992
3002
2774
3017
2930
2885
2821
3140
2970
2952
2910
1561
2930
3137
3040
3043
2973
3062
3001
3036
2993
2935
2907
2901
3045
3019
2982
2956
2898
2949
2983
3073
2870
2960
2906
1791
2725
2997
2936
3089
3042
2935
2888
2915
2856
2996
3016
3020
2863
2916
2963
2805
3070
1671
1633
2957
2939
2958
2976
2948
2969
2991
2964
3016
2965
2782
2942
2779
2825
2911
2901
2913
2827
2938
2985
2862
2846
2973
2977
2433
3052
3017
2892
2705
3001
2943
2893
3014
2940
2829
2978
3067
2821
2950
2921
3011
2922
2980
2983
2999
2923
2868
2940
2946
2849
2814
2909
2854
2847
2951
2927
2830
2962
2982
2847
2880
1135
2854
2934
2117
2898
2965
3119
2925
3001
2934
3041
2882
3049
2889
2633
2947
2984
2953
2871
2866
2838
2830
2857
2958
2981
2932
1296
1998
3034
2951
2856
3023
2861
2931
2937
2944
2839
2881
1473
2889
2953
2955
2965
3037
2943
2866
3009
2715
2783
2838
3123
2765
2960
2941
2871
3031
2955
2938
2888
2920
2931
2863
3006
3066
2989
2961
3020
2795
2898
2997
2975
2943
2905
2840
2993
2917
2916
2695
2836
2707
3045
2934
1794
2990
1863
3071
2942
2792
2930
2886
2985
2993
2951
2935
2889
2968
2934
2890
3090
2986
3045
3072
2916
2978
2893
1822
2847
2939
3132
2820
2962
2925
3011
2787
2951
2948
2983
1520
2891
2851
2669
3090
2891
2951
3141
2825
2906
2881
2873
2911
2869
2913
3015
2921
2906
2994
2958
2966
2954
2938
2895
2839
2930
2807
2908
2964
2932
2080
2897
2961
2902
2840
2986
2944
2882
3003
2960
2981
1329
2960
2888
2839
2940
2892
2873
2886
2827
2825
2977
2942
2852
3006
3028
2849
2947
2892
2921
2794
2841
2941
2878
2868
2909
2941
2895
2926
2508
2958
2945
2929
2888
2791
2921
2917
2890
2983
2972
2803
2882
3010
1091
3065
2989
2929
2861
2985
2955
2918
3033
3103
2918
2905
2969
2983
2905
2953
1101
2888
974
2563
2926
3090
3070
2894
2947
3001
3015
3042
3026
2922
2962
2967
2919
2930
2934
2894
2957
3008
2932
2911
2895
2934
2949
2925
2798
2919
3045
2932
3050
2926
3051
2798
2814
2496
3035
2928
2916
2740
2957
2942
2960
2969
2864
2991
2842
2163
3100
2985
2849
2907
2904
2920
1801
3017
2961
2139
2813
2933
2964
3067
3002
2945
2922
2867
2881
3047
2934
2893
3004
2783
2952
2920
3065
2863
2924
3038
2944
2958
2880
2810
3013
2868
2961
2857
2945
2910
3032
3004
2943
2954
3105
2881
2885
2035
2907
3012
2947
2950
2945
2891
2883
2994
3046
3029
2799
3116
3045
2949
1940
2961
2949
2953
2859
2937
2721
2990
2947
2920
2980
1567
2306
2361
2872
2834
2923
2918
2961
2878
2887
3159
2925
2853
2977
2908
2889
2983
3045
2995
2921
2940
2869
2969
2947
2960
2909
2944
2978
2892
2806
2924
3022
2805
2840
2906
3022
2900
2906
2916
2898
2792
2800
2968
2905
2927
2876
3009
2866
3043
3068
2970
2882
2873
2972
2805
2949
2978
2957
2936
2948
2898
2922
2949
2532
2951
2902
3067
3025
2964
2871
2989
2980
2967
2354
2996
3023
2908
2961
2936
2844
2896
2904
2983
3001
2891
2531
3003
3119
2989
2978
2997
925
2861
2904
2835
2899
2906
2901
2806
2914
2668
3046
2787
2855
3034
2806
2920
2909
2955
2874
2951
2921
2967
2953
2934
2999
2935
3007
2883
2938
2809
2902
2809
2958
2914
2861
2949
2954
2982
2650
2942
3141
2999
2921
3310
3016
2871
3000
1654
2434
2847
2994
2685
2922
2962
2797
2949
2997
2979
2910
3043
2910
2896
2837
2991
2815
2948
2903
2942
1821
948
2862
2793
3228
2949
2919
2971
3044
2948
2903
3045
2903
1969
2887
3010
2937
2984
2869
2929
2963
3215
2937
2957
2969
2797
2764
2856
2922
2979
2985
2894
2736
3069
2327
2923
2781
2888
2825
2994
2769
2836
2920
2974
2967
3016
2921
2958
2955
2944
3000
2837
3032
3044
2951
3015
2631
3020
2077
2853
2832
3001
2941
2992
2867
2871
2897
2968
2877
2953
2966
2978
2932
1497
2861
3018
2829
2938
2890
2850
3044
2914
2880
2778
2959
2904
2841
3046
2978
2298
2916
2929
2933
2357
2509
2971
2891
2150
2954
2781
2750
3016
1643
3017
2956
2768
2786
2921
2963
2920
2913
3070
3028
2952
2938
2921
2900
2935
2905
2909
2809
1558
1431
2939
2946
2896
2959
2946
2969
2843
2966
2976
2927
879
2981
2990
3146
2984
2921
2972
2970
2876
2943
3000
2930
2814
3036
2858
2992
2973
2941
2957
2876
2930
2982
3005
2961
2832
3037
2830
1048
2850
2897
2922
1798
2738
2930
2966
2828
3158
3064
2916
3080
3051
2897
2520
2834
3136
2059
2936
2898
3071
2907
2938
2911
2885
2958
2917
2850
2938
2983
3054
3047
2943
2940
2967
2922
2980
2832
2945
2951
2904
2997
2942
2930
2906
2837
2767
2857
2845
2921
2915
2975
2882
3046
2935
2785
2928
2923
2837
2939
2939
2714
2752
2912
2895
2496
2982
2940
2951
2915
2930
2848
2889
2154
2879
2927
2942
2976
2967
3028
3053
2817
2950
2934
2890
3003
2911
1929
2977
3028
2930
2929
2912
2949
2941
2936
2561
2990
3029
2962
2966
2978
3043
2835
2892
3165
3088
2921
2929
3025
2851
2987
2743
3001
3073
2796
2922
3005
2784
2946
2956
2789
2906
2848
2922
2894
1482
2908
3024
2890
2874
2981
3005
2875
2939
2949
2996
3059
1226
2951
3139
2907
2914
2893
2941
2859
2901
3063
1198
2964
3000
2889
3010
2991
2898
2890
2856
2819
2868
3094
2969
2932
2949
3019
2910
2758
2937
2811
2974
2428
2930
2964
2930
2932
2902
2625
2904
2906
2945
2857
2912
2928
2926
3019
3006
2905
2933
3069
2961
2911
882
2951
2855
2893
2866
2796
3063
2809
2994
2926
2888
2872
2719
2860
2845
2947
2991
2987
2810
2994
3076
2968
2997
1664
1001
2883
2759
2922
2852
2902
1006
2862
2795
2963
2794
2936
2998
2997
3041
2969
2958
2917
3008
2871
3055
2961
2781
2893
3123
2969
2913
1813
3017
2973
2772
2936
2288
3068
2941
2991
2912
3026
3018
2935
2942
3017
3013
3205
3018
2956
3026
2867
2920
1638
2988
3003
2895
2956
3086
2885
2961
2962
2867
2907
2964
2871
2717
2931
2973
3144
2939
2892
3039
2800
2374
2753
3017
3006
2936
2941
2816
2923
2881
2900
2896
2940
2991
2966
2975
2955
2885
2921
2985
3036
2872
2922
2849
2932
2832
2875
2858
2878
2757
2991
3078
2851
2892
2975
2962
2951
2965
2915
2929
2884
2960
2939
2888
2969
2840
2944
2968
2961
2924
3008
2902
2896
2945
2773
2824
2836
2911
3040
2909
2949
2868
2917
2921
3122
2951
2852
3006
2845
2920
2938
2893
2878
2903
3019
2928
2917
2925
2917
2979
2973
2881
3034
2931
2972
1845
2824
2940
1041
2980
2903
3005
2856
2931
2860
2350
1433
2955
2870
2337
2908
2981
2909
2880
893
2920
3016
2900
2975
2939
3139
2946
3003
3008
3023
2932
2963
2982
2887
2960
2942
2897
3057
2983
2954
2931
3039
2989
2880
2917
2200
2927
2884
2882
2951
3106
2843
2936
2881
3013
2960
2229
2845
2913
2925
2925
2944
2928
2981
3018
2851
2944
3073
2971
2924
3024
2943
2738
1722
2896
3081
2930
2579
2892
3004
2916
2935
2914
2971
2970
2829
3054
3079
2879
2938
2125
2920
2964
2870
2776
2903
2921
2884
2904
2805
3028
2918
2968
2970
2982
2959
3008
3050
2983
1584
2921
3008
2919
2886
2845
2946
2984
2947
2929
2876
2812
2914
2897
2884
2994
2895
3001
3004
2969
2906
2843
2893
2836
3012
2992
2943
2095
2925
2933
2832
2950
3063
3032
2991
2764
2725
3100
2954
2796
2815
3006
2975
2814
2784
1968
2876
2877
2824
2936
2874
2872
2958
3012
2907
2801
3021
2922
2978
2987
2845
2988
2908
2881
2990
2914
2906
2966
3038
2731
2931
2852
2888
2888
2823
2880
2950
2946
2884
2931
2794
3020
3091
2977
2980
2919
2936
2956
3027
1509
1438
2922
2929
2947
2912
2806
2933
3031
1107
2927
2973
3027
2981
2932
2722
2885
2938
2948
2923
2912
3031
2964
2842
2850
2960
3014
2915
2989
2877
2953
3005
2868
2924
2300
2859
2882
2987
2880
2849
2987
2999
2943
3007
3049
2779
2819
2963
2954
2871
2965
2837
2898
2973
2912
2992
2986
2959
2956
2881
2892
2987
2894
2883
2832
2883
2895
2937
2303
2936
2958
2843
2918
2939
2884
2994
2934
2915
3025
2895
2808
2828
2909
2925
3061
1904
2802
2944
2859
2936
2875
2899
3061
2847
2920
2830
2984
2866
3009
940
3022
2980
2746
2935
3004
2834
2733
2792
3033
2895
2847
2886
2926
2924
2867
2980
2925
2859
2952
3015
2924
2580
2077
2870
2637
2886
2952
3015
2967
2839
2993
2899
2893
2955
3061
2908
2973
2154
2717
2791
2897
2943
2932
2886
2924
2943
2905
2993
2983
2956
2962
2949
3058
2907
2929
2881
2840
2949
2872
2840
2817
3007
2931
2953
2820
2984
2458
3036
2876
2942
2889
2993
2914
2888
3008
3001
2780
3039
2341
3048
2853
2848
2285
1021
3005
2912
2997
2941
2952
2979
2958
2895
2898
2976
2972
2874
2818
2867
2900
2902
2853
2790
2999
2850
2767
2916
3031
2889
2836
2156
2864
2904
3030
2458
2756
2820
3025
2832
2949
2956
2873
2984
2948
2665
2912
2903
2990
2896
2998
2746
2948
2985
2970
2917
3007
2928
2855
2923
2981
2948
2991
3059
2891
2906
2858
2964
2838
2983
2742
3014
2903
3101
1902
2896
2941
2886
2797
2918
2905
2923
2926
2975
2899
2980
2978
2865
3075
2769
2934
2889
2798
2920
2904
1268
3017
2681
2932
2919
2925
2957
3040
2895
2833
2985
2876
2881
2929
1651
2958
2999
2856
3014
2948
2986
2896
2887
2996
2979
2848
2603
2984
3103
2892
3042
2782
3027
2895
2878
2824
2924
2942
3049
1424
2928
2938
2965
2875
2997
2919
2300
2987
2877
2865
2975
2785
2960
2594
2830
2897
2977
2906
2977
3068
3042
3011
2586
3047
3087
2151
2978
2943
2904
2993
2834
2875
2898
2925
2907
2772
3008
3011
2743
2632
2866
2963
2822
2864
2817
3049
2761
2831
2086
3029
2907
2941
3004
2987
2949
2899
3014
2818
3089
2978
2899
2991
2910
2925
2962
2907
3060
2912
2964
2907
2865
2892
2954
3006
2954
2936
2987
2938
2967
2191
2936
2890
2894
2989
2897
2955
2927
2971
2918
2874
2957
2911
3034
2855
2937
2963
2808
2116
2990
2880
2895
2883
2948
3026
2845
2932
2923
2401
1115
2910
2924
2904
2848
2928
2918
2740
2802
2847
2895
2976
2976
2784
2870
2889
2404
2946
3025
2862
2949
2963
2954
2918
2830
2892
2930
2939
2946
2799
3038
2879
2919
3055
2967
2812
2880
2872
2843
2997
2918
2914
2959
2958
2916
3001
2994
2819
2415
2747
2935
2635
2952
2974
2923
2807
2859
2860
3021
3039
2945
1862
2983
2960
2871
2993
2868
2907
2949
3030
1676
2928
2861
3014
2363
2976
3003
2941
2933
2965
2529
2872
3088
1830
3153
2869
2635
2855
2919
2861
3001
2966
1849
2867
2853
3023
2269
2981
2946
3066
3063
2993
3021
3071
2761
2872
2967
2940
2943
3242
2997
3129
2836
2978
2800
2831
2921
2950
2965
2917
2455
2817
3013
2842
3018
3021
2871
2854
2893
2982
3063
2880
1708
2900
3006
1081
2885
2709
3063
2922
2847
2941
2954
3079
2938
2995
2980
2952
2721
2877
2988
1319
2958
2773
3021
1477
2957
2921
2026
2914
2945
2944
2911
2874
2901
2938
2935
2979
2895
3022
2874
2173
3142
2733
1153
2904
2995
2933
2911
2945
3020
3056
2944
2840
2947
2159
3029
1452
2839
2924
2880
2788
2880
2920
3026
2877
2963
2961
2009
2995
2878
3042
2940
2931
2877
2915
2970
3054
2450
2958
3124
2876
2933
2727
1030
2920
2029
3064
2607
2997
1642
3038
2248
2908
2962
3008
2959
3005
2771
3061
2990
2968
2403
2932
3008
2940
2948
2946
3027
2800
2930
2972
3170
2848
3134
2889
2977
2823
2976
2903
2798
3017
2823
2043
2885
2956
2897
3017
2922
2897
2812
2907
2954
2992
2910
1358
2982
3085
2891
3023
2958
2981
2985
1795
2827
2950
2986
2934
2813
2809
2946
2946
3229
2875
2971
2816
2488
2936
2879
2905
3022
2904
2932
2766
2910
3041
2921
1616
2996
3000
2916
2824
2935
2942
2873
3050
2942
2788
2853
2927
1155
2990
2919
2861
2958
2959
2963
2940
2934
2952
2958
2886
2881
2932
1098
2888
2825
3046
2789
3016
3006
2972
3001
2853
2930
2989
2431
2901
2874
1081
3010
2303
2929
2974
2930
2832
2847
2953
2951
2794
2924
2955
2852
2849
1270
3031
2890
3037
2894
2875
2928
2873
2923
2683
2863
2864
2910
2829
2567
2891
2995
3162
3091
2898
2935
2886
2889
3031
2773
2635
3094
2886
2883
2895
2494
2895
2926
2898
2945
2943
2906
2939
1222
2876
2865
2779
3021
2882
2927
3050
3009
2975
2973
2037
2941
2888
2986
2949
2982
2964
2983
2779
2910
3055
2857
2943
2937
2891
2930
2876
2864
2986
2944
1341
2923
3003
2931
2947
3034
2911
2968
1891
2927
2933
2922
2855
2835
2957
2871
2905
2892
3104
2959
2885
2827
2876
2866
2936
2983
2225
2893
2943
2965
2876
2714
2972
2889
3042
2866
2936
2907
2956
2916
2941
2995
2923
2982
2777
2993
2906
2972
2927
2940
2983
2972
2999
2927
2938
3002
2931
2951
2900
2892
2856
2727
2902
2977
1138
3041
2941
2854
2863
2859
3059
2883
2870
2833
2939
2807
2992
2922
2953
3051
2968
2810
2838
2956
2967
2880
2955
2972
2301
2894
2971
2461
2894
3018
2897
2961
2914
3180
2891
3011
2897
3090
2775
2985
2984
2146
2918
2884
2948
2874
2853
3009
3060
3047
2997
2926
2852
2922
2852
2915
3050
2833
2898
2914
1464
2907
2817
2922
3085
2951
2809
2957
2948
2863
2832
2951
2970
2903
2872
2919
2915
2985
2967
3040
2830
2953
965
3039
2967
2972
3005
2910
2775
2870
2933
2905
2984
2842
2888
2997
2061
2834
2917
2936
2973
2767
2973
3162
3053
2120
2903
2924
2980
2934
2953
2904
2409
2814
2896
2552
2925
2943
2868
2901
2988
2932
2899
2957
2908
2885
2850
2973
2828
2928
2941
2930
2973
2921
1887
2955
2886
2949
2974
2921
2936
2855
2874
2967
2840
2960
2844
3155
2868
2940
2986
2912
2948
2935
2874
2928
2842
2911
2993
2901
2949
2859
2643
2973
2775
2941
2989
2966
2862
3013
2791
2888
1565
3015
2900
2933
2956
2928
2842
2874
2932
2969
2850
2812
2847
2862
2895
2652
2951
2936
3028
3051
2880
2986
3099
3020
2917
2956
2917
2970
3128
2944
2922
2873
2967
2919
2968
3089
3127
2951
2904
2795
2902
2923
2922
2851
2865
2975
3067
2900
2457
1324
2862
3013
2883
2693
2899
2972
2913
2921
1359
2914
3075
2787
2869
2896
2938
2906
2900
2909
2890
2945
2943
2968
2983
2857
2164
3008
2923
2891
3011
2917
3082
2782
2869
2929
2907
2821
2875
3009
3122
3056
2984
3000
2908
2770
2900
2916
2906
3011
3005
2870
2903
2964
3062
3005
2958
3048
2891
2938
2888
2825
3169
2930
2899
3037
2880
3038
2952
2929
3019
2886
2967
2935
3002
2954
2897
3030
2439
3058
3008
2938
2527
2972
2930
2904
2853
2912
2903
2907
3023
3113
2862
1322
2866
2912
3057
2927
2844
2916
2906
2892
2897
2990
2973
2718
2807
3039
2860
3115
2868
2786
3047
2873
2875
2946
3182
2954
3010
2937
2925
2973
2960
1519
2946
2731
2933
2965
2897
1150
2923
3015
2808
2994
2958
2947
2951
2897
2958
2968
2922
2907
2980
2889
2876
2921
2884
2947
2887
2751
2975
2877
2974
2960
2959
2878
1962
2967
2950
2948
3017
2907
3095
2852
2901
2902
2928
2897
2833
2901
2965
2991
2926
2925
2969
1600
2912
2714
2884
2948
2904
1788
2914
2909
2817
1429
2874
2737
1730
2775
2562
2836
2966
2869
2894
1163
3102
3090
3053
2975
2920
1075
2864
2947
2856
2891
2996
2924
2830
2937
2961
3048
2802
2878
2969
2993
2836
2904
2913
2928
2982
2876
2873
1642
3022
3122
2951
2871
2896
3016
2944
2978
2919
2924
2822
2899
2860
2804
2895
2993
3096
2348
2939
2907
2787
3007
2976
2850
2912
1575
2569
2742
2851
2218
2904
2968
2877
2871
2898
3005
3066
2833
2920
2583
2955
2889
2903
2950
2962
2813
2825
2921
2986
2951
2903
3014
2984
2828
2945
2918
2917
2855
3203
2830
3050
2953
2840
2804
3018
2924
2908
2940
2855
3122
1625
2119
2882
3026
2978
2863
2867
2559
2952
3000
2832
3000
2909
2868
3278
3034
2971
3120
2931
2887
2997
3090
3027
2892
2937
2957
3143
2959
3017
2914
2841
2980
2422
2872
2968
2965
2880
2976
2951
3061
2914
2867
1095
2787
2953
2797
2985
2864
2986
3060
1391
2904
2934
3008
2959
2966
2905
3103
3026
2806
2832
2992
2930
2917
2786
2988
2962
2897
3001
3032
901
2740
2986
3030
2904
2756
3091
2810
3013
2891
3047
2908
2914
2959
3197
2825
2881
3024
2954
2885
3016
2882
2988
2922
2409
2945
2922
2911
2972
2902
2907
2423
2997
1428
2954
2934
2961
2992
2908
2966
3005
2897
2852
2988
2099
2991
2923
3179
2893
2897
3115
2899
2309
2925
3076
2910
2821
2865
2812
2933
2963
2967
2976
1661
2854
2815
2038
2835
2997
2136
2909
2925
2958
3004
2979
2880
2962
2931
2989
2962
3009
2957
2885
2854
2885
1588
2931
2979
2811
2936
2961
2910
2960
2924
2956
2801
3009
2966
2932
2763
2851
2849
2988
2984
2921
2948
3159
2925
2913
2938
3047
2961
2901
2959
2983
2871
2942
2978
3016
2922
2027
2991
2959
2895
2899
2861
2943
2973
2997
2720
2890
2905
2085
3033
2822
2797
3106
2622
2935
2188
2989
2926
2996
2923
2955
2267
2889
2806
3017
2987
1749
3096
2760
3039
2991
2920
911
2933
3034
3109
3022
2911
2939
2933
2948
2916
2930
2936
2911
2926
2956
2932
2959
2916
2886
2833
2897
2858
2971
2990
2845
2875
2976
3005
2975
1762
2924
2825
2380
2921
2802
3004
2319
2967
2943
2995
2908
2915
2951
2867
2783
2991
3157
2930
2873
2965
3047
2853
2873
2688
2900
3027
2821
2947
2947
3142
2475
2920
2147
2946
2926
2947
2690
2893
3004
2943
2913
2865
2977
2991
1331
3003
2872
2873
2875
2983
2894
3071
2628
3074
2883
3000
3066
2610
3056
3095
3155
2474
2865
3000
2833
3014
2927
2854
2929
2876
2897
3086
2937
3034
2961
2875
2898
2953
2939
2932
2960
2894
3050
2981
2854
2868
2920
2973
2928
2874
1329
2916
2831
2878
2935
2951
3003
3015
2887
3015
2886
2939
904
3086
2921
1546
2932
2979
2850
2713
2983
2884
2950
2979
2931
2949
2920
2914
2900
2905
2758
2855
2946
2905
3068
2822
2934
2944
3046
3181
2875
2974
2970
2882
2938
2867
2921
2821
2978
2919
1566
2818
2894
2949
3084
2963
2765
2947
2130
2823
3009
2278
3001
2386
3033
2901
2997
2981
2979
3081
2847
3037
2819
3076
2947
2988
2914
2903
2580
2892
2860
2971
2901
2931
3137
2912
3043
2851
2935
2951
2838
2942
2650
2923
2889
1347
2925
2885
2923
1381
2945
2898
2806
2849
2931
2803
2923
2940
2962
2916
2971
2038
2921
2780
2978
2559
2889
2925
3104
2919
2830
2941
2991
2978
2964
2888
2906
3049
2977
2777
3012
2859
1618
1879
1602
2972
2816
2990
950
2783
2919
2923
2970
2856
2787
2772
2828
2892
2894
2980
1000
2874
3043
2984
2942
2975
3025
2937
2899
2698
2919
2988
2992
2934
2870
2842
2762
1528
3131
2841
2964
2921
2916
2918
2931
3060
2888
2958
2910
2914
3006
2854
2761
2931
2851
2420
2932
2937
2847
2844
2933
2847
2976
2856
2930
2899
2824
2824
2979
2932
3083
2950
2919
2928
2804
2945
3019
3010
1385
2886
3005
3029
2814
1056
3006
2968
2957
2847
3060
2812
2951
2962
3044
2887
1803
2898
2820
2833
2931
2853
2871
2976
2893
3051
2966
3004
2911
2876
2828
2950
2917
2962
2797
3051
2810
1989
2936
2952
2801
2917
2952
3018
3025
3025
2865
2949
962
2918
2702
2970
3045
3022
2915
2628
2932
2912
2956
2914
3075
2818
2944
2935
2957
2947
2823
2921
2512
2175
2852
2938
2911
2907
2744
3062
3048
2407
2960
2889
2958
2846
2954
2879
2983
3033
3047
2252
1660
2874
2952
1464
3024
2919
2890
2838
2725
2853
3024
2939
2880
2822
2983
2812
2896
2918
2863
2873
2905
2914
2876
2893
3003
2723
2946
2477
2893
2868
2849
2957
3079
2981
2937
2942
2853
3023
2971
2883
2907
2878
3009
2918
2921
2973
3021
2874
2954
3062
1891
2843
2932
3011
2928
2886
2999
3005
2943
2841
3010
2987
2978
2935
2834
2949
2861
2863
2809
3042
2169
2862
3173
3038
2939
3005
3046
2973
2856
3052
2982
3026
3110
2679
2698
2967
3110
3017
3013
2897
2585
3018
2944
2865
2980
2934
2919
2977
2985
2928
2883
3007
2963
1963
2875
2768
1800
2941
3008
2986
3074
3018
2705
2940
2909
2994
2841
2876
3016
2970
2950
2982
2885
2969
2926
2923
2903
3006
3034
3147
2665
3045
2886
2974
2793
2831
2863
3040
3024
2835
3067
2935
3031
3044
2924
2822
2786
2933
2974
3107
957
2843
2943
3045
2956
2955
2951
2920
2943
2904
2440
2873
2872
2780
2948
2838
3046
2987
2905
2959
2916
2949
2922
1128
2776
2913
2893
2921
2818
2917
3011
2934
2747
2881
2973
3079
2923
2893
2937
2948
2928
2891
2968
3004
2810
3015
2917
2940
3017
2818
2841
3070
2947
2286
2788
2975
2966
3079
2963
2834
3023
2944
3037
2820
2967
2956
2969
2910
2942
2995
1496
2896
2956
1525
1665
2241
3072
2962
2952
2979
3064
2914
3009
2985
2945
3026
2796
3049
2969
2985
2941
2790
2995
2992
3023
2950
3003
3013
3053
2894
2966
2961
3094
2837
3003
2922
2811
2920
2823
2934
2945
2912
2863
2925
3007
3042
2913
2941
2871
2886
2982
2847
2882
1741
3074
2773
2932
2900
2930
2909
2900
3034
2890
2983
2934
2962
2819
2862
3076
2967
2789
2821
2956
2744
2897
3024
2981
2889
3099
2947
2922
882
3102
2922
2858
2990
2898
3038
2949
2918
2813
2783
2986
2998
1574
2865
1741
2905
2945
2890
2957
1508
2811
2967
2848
2913
2962
3084
2770
1558
2891
2816
2963
2833
3036
2980
2964
2958
2880
2886
3075
2990
3093
2869
2916
2864
2946
2918
2785
2934
3033
2954
3032
2908
2524
2658
3069
2946
2794
2944
2838
2903
2979
3085
1468
2976
2917
2892
2862
2853
2999
2915
2896
2864
3016
2947
2920
2765
1469
2966
2985
2942
2815
2984
2965
3001
2860
2935
2775
2829
2927
2989
2831
2890
2898
2859
2943
2943
2886
2882
2799
2956
3128
3023
2935
3018
2205
2941
2969
3079
2956
2997
2899
2691
2985
2931
2991
2904
2945
2963
3044
2872
2925
2850
2757
2829
3109
2942
2980
3111
2758
2970
2971
2986
2968
2905
2958
2922
3074
3076
3001
2313
2969
2968
2865
2883
2907
3001
2895
2878
2926
3048
1690
2956
2977
2919
2840
2762
3029
2756
2817
2969
2795
2908
2778
2951
2777
3020
2861
3091
2945
2998
2986
2891
3068
2991
2751
3012
3009
2880
2898
3071
2994
2927
2932
2946
2950
2885
2947
2769
2892
978
2956
2876
2938
2525
2968
2978
2802
2900
2680
2976
2672
2994
3007
2838
2946
2957
2841
2583
3021
2891
2950
3015
2806
2959
3027
2862
2907
2850
3028
3010
2975
3051
3059
2965
2961
3128
2886
1364
3016
3000
2991
2887
3176
2686
2918
2941
2948
2958
2872
2960
3034
3166
3017
2753
2988
2982
3047
2902
2978
990
3025
2834
2933
2629
3031
2945
2930
2994
3031
2840
2953
3029
2850
3017
3068
2935
3108
2960
2878
2943
3059
2970
2912
3005
2943
3109
2904
2945
2933
2922
2990
2929
2916
2892
2939
2569
2927
2922
2805
2983
2874
2941
2891
2871
3113
2976
3290
2913
2901
2721
2923
3052
2968
3027
2637
2838
2832
2993
2853
2984
2887
2956
2991
2939
2873
3030
2983
3060
2768
2858
2974
1282
3122
2837
2939
2893
2861
2429
2859
2972
2972
1819
2927
2991
2976
3029
2908
2858
2917
2993
2884
2917
2819
2950
2923
2949
2870
2953
2973
2898
2980
2959
2891
2942
2691
2748
2965
2988
1914
2918
3086
2887
2979
2968
2945
2960
2968
2903
2925
2859
2964
2927
2981
2995
3026
2895
2949
2558
2878
2975
2872
3036
2900
2862
2947
2996
2648
2352
2924
1812
2970
3045
3011
2784
2843
2856
2896
3066
2959
3021
2947
2936
2952
2928
2826
2873
2926
2947
2906
2875
2861
2839
2934
2908
3079
3064
2992
2983
3080
2910
3016
2943
2859
2958
2973
2611
2916
2956
2802
2824
2903
2689
2904
2987
2963
2933
2941
2857
2840
2945
1243
2717
2969
2876
1257
2975
2868
2914
3013
2875
2855
2933
3012
3008
2916
2878
2926
2789
2898
1573
3026
2949
3099
2981
2887
2888
2885
2863
2919
2973
2966
2944
3097
2826
2935
3051
3050
1710
2960
2924
3009
2930
2956
2963
2850
2926
2922
3033
2891
1826
2976
2946
2146
2923
2936
2815
1525
2947
2868
2200
1711
2950
2847
2951
2992
2934
2950
2905
3011
2992
2949
2850
2745
2977
2965
1564
2901
2963
2954
2944
2990
2916
2952
2829
2895
2908
2937
2996
2829
2826
2903
2866
2942
2882
2892
2874
2931
2985
2900
2899
2991
2900
2145
2960
1201
3031
2880
2983
2868
2939
2933
2881
2829
2889
2928
2987
2962
1203
2653
2948
2406
2965
2935
2897
2930
2894
2998
2989
2924
3013
2895
2870
2951
981
2845
2909
2872
952
2956
2971
2906
2932
3012
2283
3003
2908
2751
2863
2875
2913
2868
2856
2983
2921
2101
3082
3005
2973
2988
2986
2979
2922
2961
3001
2854
2914
2885
2643
2946
2942
3003
2817
3053
1566
2986
2891
2890
2921
2799
3033
2813
2870
2928
2820
2891
2800
2808
2912
2935
2881
2924
3123
2957
2930
2798
2315
3008
2888
2845
2883
2853
3014
2929
2850
2839
2983
2902
2910
3131
2870
2977
2956
2875
2965
2962
2908
3016
2841
2834
2924
2043
2887
3030
2978
2980
3008
2891
2874
3015
2873
2960
2863
3003
2884
3013
2975
2923
2970
2878
2877
2940
2863
2990
2836
2940
2799
3011
2920
2637
2917
2939
2877
2262
2934
3001
3074
2829
2807
2947
2929
2968
2741
2856
2854
2863
3021
2983
2836
2928
2978
2952
2922
2946
2677
3035
2546
3109
2893
3035
3013
2860
2886
2968
3021
2658
2915
3036
2888
2810
2918
2877
2092
2973
3024
2950
2938
2908
2859
2930
2903
2899
2520
2917
1814
2934
2822
3017
2934
2877
2990
2931
1787
2913
2986
2442
3030
2870
2949
2963
3005
2960
2969
2948
2913
2869
2768
2990
2946
2678
2972
2838
3077
1403
2902
944
3024
1643
2991
2971
1194
2932
2906
2834
2775
2852
2900
2774
3108
2970
2792
3073
2757
2937
2014
2883
2393
2847
3035
2747
2960
2893
2946
2888
2472
2928
2946
2953
3097
2896
2502
2776
2925
3085
2922
2948
2919
2771
3047
2924
2856
2895
2924
2950
2924
2919
2968
2822
2932
2892
2786
2868
2544
2977
3020
2989
2817
1617
3001
2842
2878
3057
3052
2981
2867
2836
3066
2923
2639
3188
2423
2945
2898
2958
2971
2896
2838
2833
3057
2945
2813
2882
2916
2999
2894
3103
2810
2970
2862
2979
2953
3018
2844
927
2863
2988
3126
1477
2913
1745
3035
2971
2909
2907
1975
2891
2763
2976
2858
2933
2888
2936
2910
1365
2964
2808
2898
2782
2970
3008
2813
2922
2925
2750
3182
2905
2025
3070
2987
2949
2915
2926
2958
2926
2954
2934
3008
2966
3170
2861
2948
2954
2877
2973
2932
2983
2738
2752
3049
2849
1149
2930
3067
2985
2944
2977
3031
2744
3025
2839
2600
2994
2869
2882
2975
2952
2997
2912
2958
2922
2868
1596
2844
3058
2877
2853
2963
2689
3007
2908
2973
2916
2906
2939
2867
2081
2935
2931
2903
2929
2959
2916
2960
2490
2892
3060
2814
2891
2691
2785
2927
2831
2971
2939
2976
2961
3004
3023
3138
2873
3030
2993
2936
2937
2146
2811
3001
2854
2930
2864
2255
2953
3140
2900
2950
2859
2932
2993
2980
2966
2839
2968
2854
2934
2934
2886
2984
2882
2783
2820
2962
2783
2958
3058
2976
2882
1397
2909
3180
2924
2876
2989
3141
1759
3018
2406
2966
2778
2964
2931
2918
2968
2928
2936
3007
2696
2866
2974
2919
2939
2909
2757
1537
2938
2942
3036
2788
2907
2599
2871
3123
2916
2973
2906
2777
2951
2731
2926
3011
2963
2778
2881
2924
2760
3028
2986
2964
2924
1379
3030
2904
3035
2953
2850
2994
2851
3016
2983
2933
2972
2908
2914
2979
3038
2911
2932
2906
3018
3006
2968
2965
2865
2943
2980
2909
2779
2958
3154
2940
3064
2824
3033
2790
2980
3200
2963
1209
2868
2945
2856
2893
2906
2948
2870
2552
2899
2842
1517
2861
3142
2982
2956
2928
2281
2900
2824
2796
3060
2925
2961
2816
2957
2990
2917
2799
3024
2810
3076
2861
2944
2804
2532
2899
2884
2936
3031
2930
1172
2795
2926
2010
2822
2942
2827
2915
2893
2960
1860
2906
2880
3016
2942
2604
2965
3026
2903
3036
2815
2981
2858
2956
2972
2848
3038
2911
2971
3014
2856
2884
2883
2924
2741
2859
2869
2773
2841
2981
2126
2947
2975
2914
2881
2884
2954
2843
2919
2752
2901
3068
3006
1144
2931
3062
2957
3039
1877
2891
2908
3012
2937
2948
2900
2040
2936
2879
2841
3040
2955
2934
2976
2890
2976
2761
2903
2974
3032
2960
2913
3124
2832
2964
2942
2897
2983
2808
2860
3014
2889
2839
2761
2958
2975
2911
2818
2868
2892
2837
2877
2779
3073
2967
2840
2980
2913
2914
3009
2872
2969
2939
1411
3006
2902
2959
2301
2923
2778
2940
2957
2910
3147
2847
2967
2806
2968
3115
2901
2876
2932
2970
2938
3041
2689
2957
2908
3144
2904
2939
3038
2814
3013
2824
2773
2715
2937
2889
2890
3018
2862
2912
2942
2925
2898
3032
2776
2884
3011
2775
2567
2977
2822
2991
2765
2958
2948
2896
2722
1193
2947
2927
2906
2871
1599
2891
2925
2911
2956
2988
2943
2989
2983
2990
2943
2828
2933
3024
2909
2854
2912
3038
2919
2865
2925
2900
2902
2873
2537
2896
2855
2887
2912
2929
2952
2994
3033
2977
2967
2796
3026
2934
2948
2970
2910
2775
2869
2965
2906
2879
3105
2990
2931
2777
1847
2874
2868
2891
2824
3120
2883
2906
2774
2928
2939
2914
917
3026
2684
2957
2943
2674
2894
2892
3020
2986
2937
2869
2896
2946
2793
2779
2237
3016
2958
2865
1355
3159
2732
2970
2963
2989
2873
2869
2988
3024
2954
2856
2911
2867
2950
1590
2963
2889
2948
2949
2908
1818
3056
2847
3016
3083
2951
2881
2981
2999
2896
2884
2940
2949
2976
2178
1320
2865
2878
2917
3002
2970
3034
891
3010
3000
2935
2841
1869
2892
2839
1206
2812
2877
2973
3085
2963
2880
2885
3025
2910
2983
2808
2980
2905
3011
2854
2851
2987
2966
3030
2964
2933
2947
2953
2921
3051
2948
2856
3036
2883
3020
3015
2908
2928
2981
2932
3039
2822
3035
2873
2893
2958
2887
2774
2921
2957
2944
3039
2874
2952
2953
2971
2768
3033
2987
2901
2461
3023
2892
2872
1602
2910
2877
2858
2900
2766
1010
3045
1560
3068
2880
3039
2837
2839
2917
2961
2934
2781
2870
1534
2919
2951
2897
2912
2978
2989
2911
2929
3023
2968
2678
1419
2936
2861
2943
3024
2922
2948
2998
2963
2959
1616
3073
3013
2938
3016
3005
2936
2700
2977
2859
2823
2980
2945
2392
2989
2853
2880
3054
2859
1179
2873
1865
2955
2930
2910
2739
2670
3069
2895
2797
2917
2354
2910
2952
3025
2959
2914
3060
1972
2986
2802
2809
2954
2908
2927
2911
3016
2973
2964
2937
2910
2959
2770
2563
2802
2967
2830
2976
2962
2982
3007
2834
2850
2837
3158
1197
2925
3127
2922
2936
2254
2878
2948
3037
2987
1000
2982
2884
2911
2925
2900
2942
1225
2990
2881
2221
2952
2993
2975
3156
2887
2817
2950
2791
2902
2965
2935
2957
2768
3072
2967
2961
1171
2838
2980
1580
3031
2813
2851
2507
2971
2836
2912
3088
2920
2907
2955
3200
2828
2934
2990
2867
1582
2923
2938
2182
2727
2940
2826
2814
948
2966
2953
2879
2936
1739
2872
2952
2932
1020
2940
2798
3036
2917
2838
2902
2721
2969
2990
2839
2851
2893
2894
2926
2704
2947
2991
1827
2897
2976
3134
2785
1984
2886
2955
1076
2732
2938
2929
1364
2831
2944
2859
2813
2910
2890
2992
2956
3010
2919
2919
3078
2954
2950
2883
2893
3003
2805
2926
2887
2962
2911
2947
2824
2814
2921
2945
1541
2945
2902
2828
2972
2914
2833
2967
2722
3026
2878
3098
2848
2991
2881
2952
2899
2997
2949
2981
3101
2939
2969
2934
2819
2885
2926
2876
2871
2949
3060
3001
2935
2994
2983
2249
2883
2999
2961
2935
2888
2917
893
2819
2664
2911
2907
3012
2939
1856
3030
3090
2976
2933
2963
2008
2904
2922
3060
2777
2943
2893
2901
2908
3158
2898
2901
2833
2983
2932
2968
2982
2833
3061
2906
2861
2844
2873
2980
2343
3032
2776
3026
2795
2734
2892
3039
2862
2952
2838
2877
2817
2738
3052
2990
2967
2942
2988
2980
2843
1727
2940
2979
1589
3049
2910
2896
3044
2973
2920
2925
2878
2796
2925
3028
2907
947
2912
2905
2906
2932
2907
2451
2896
2971
2953
3072
2963
2916
3082
2880
2965
3053
3047
2819
2914
2943
2908
2888
3038
3037
2917
2938
2870
2947
2914
2737
2929
2852
2965
2972
2923
2948
2522
2941
2949
2875
2806
2929
2951
2915
2980
2771
3005
2926
2940
2925
2939
2955
2928
2701
2964
1010
2903
2988
2848
2531
3010
2854
2818
2978
2897
2966
3065
2880
2965
3001
2956
2872
2972
2817
3026
2905
2836
2843
2950
2633
2866
2967
2937
3034
2953
3024
2952
2928
2951
2908
3011
3000
2916
2907
2894
2602
2882
2929
2931
2613
1897
2826
2948
2819
2847
2950
2939
3011
2934
2920
2878
2861
1320
2939
2924
2912
2956
2946
2936
2885
3001
2914
2895
2832
3023
3006
2952
2897
3007
2944
3022
2941
3026
2911
2936
2855
3018
3094
2783
2961
2996
2922
2915
2978
2915
2680
2888
2970
3149
2660
2914
2980
3009
2849
2988
2936
2936
1467
3101
2172
3088
2958
2981
2940
2926
2870
2886
3038
2979
2927
2930
2925
2939
2928
3138
3153
2865
2893
2778
2862
2898
2897
1097
3023
3077
2964
2937
3150
2876
2918
2920
3019
3009
2815
2926
2889
2952
2911
2848
3010
2976
2906
2913
2952
2871
2903
2976
2882
2884
2886
2955
2870
2854
2955
2792
2785
2971
2831
2933
2969
2989
2933
2960
2963
2881
3036
2884
2901
1313
2961
2942
2925
2988
3028
2894
2915
3048
2407
2949
2886
2684
2953
2938
3026
2934
2728
2944
2973
3080
2908
2880
2792
2829
2862
2884
2834
2865
2918
2955
2975
2925
3037
2861
3003
3060
2817
2902
2826
2770
2070
3034
2777
2941
3068
2959
2993
2858
2878
3027
3011
2956
2943
2999
2974
2748
3010
2949
2910
3052
2959
2864
3037
1513
2848
3061
2919
2866
2916
2857
2173
2780
2921
2755
2903
2117
2895
2933
1660
2942
2931
2921
2953
3023
1866
2286
3072
2913
2964
2798
3113
2933
2918
1487
2871
2898
2628
2858
2939
2933
2923
2954
2925
2839
2946
1919
2952
2922
2888
3007
2862
3036
3015
2879
2890
2906
2900
3069
3161
2850
2949
2602
3007
2976
3047
2938
2893
2869
2910
2345
2951
2924
2929
2972
2959
2787
2894
2980
2929
2452
2760
2898
2955
2982
3019
2961
2926
3126
2955
2979
3098
2927
2947
2943
2918
2890
2892
2842
2929
1819
2328
2906
2916
2965
2971
2812
2904
2890
2943
3062
2968
3083
2898
2963
2937
1092
2799
1227
2974
2940
3045
2913
2943
3108
2887
2877
2841
2517
2921
2891
2953
2960
1853
3009
2781
2942
3000
2919
1697
2745
2876
2773
2896
2943
3135
2866
2911
2907
2874
2959
1564
2917
3010
3067
3004
3102
2970
2904
3066
2851
2902
3030
2901
3018
2926
2958
3103
2915
3029
2913
1125
2813
2784
2884
2800
2919
2839
2852
2942
2926
2949
2820
2893
2977
2922
2859
2859
2930
2939
3012
2940
2964
2873
2833
2839
3073
3063
2837
2885
2932
2946
2779
2975
2988
2842
2979
2737
3100
2827
2902
2859
2972
2910
2886
2939
2792
2917
2910
2937
2872
3074
2942
2916
2983
2907
1595
3056
2849
3030
2924
2969
1417
2905
2943
2893
2959
2976
2917
2970
2963
2996
2794
2880
2996
2981
3061
2843
1851
2995
2866
2932
2966
2879
2950
2996
3004
2764
2897
2954
2972
2973
2883
2739
2968
2955
2904
2788
2882
3017
2907
2998
2903
3042
2906
3020
2972
3070
2901
2989
2873
2884
2860
2930
2858
2953
2897
2988
3013
2944
2875
2961
2947
2977
2903
2923
2845
3093
3098
2879
2727
2100
2948
2992
2979
2898
2994
2899
2944
2986
2715
2015
2907
3057
2773
2784
2997
2986
2816
2920
2945
2876
2815
2984
2893
2872
2931
2904
2905
2924
2936
2904
2828
2972
2783
2939
2787
2916
2982
2877
2873
1423
2905
2093
2917
2966
2933
2973
2963
2959
2782
2849
2925
2816
2810
2887
2185
2899
3105
2890
2838
2855
2274
2935
2705
2899
2851
2868
2869
2997
2913
3143
2845
2815
3024
2439
2944
2192
2874
3025
1121
2916
2880
2913
2960
2889
2827
2959
2848
2847
2929
2973
3043
2911
2981
2963
2975
2914
3006
2841
2894
2860
2921
2923
2861
2817
2946
2722
2929
2949
2822
2991
2776
3000
2967
2946
2965
2933
2864
2878
2841
3083
2964
3009
2986
2901
2960
2906
2953
3001
2980
2886
2977
2863
2970
2830
2919
2976
2899
2955
2927
3004
2947
2955
3035
2910
2995
2915
2907
1279
2770
2867
3013
2966
2897
2707
2949
2916
2906
3056
1104
2989
2928
2975
2951
2977
3071
2736
3040
3015
2931
2953
1463
2894
3005
2915
2952
2994
2925
2848
2198
2829
3080
2901
2916
2910
2844
2848
2931
2906
2850
2933
2810
3002
2867
2945
2875
2989
2878
2872
2925
2912
2928
2963
2873
2990
2999
2832
2937
3012
2937
2825
2947
2955
3046
2788
2823
2681
2917
2991
2902
2994
3014
2967
2980
2995
2797
2684
2904
3150
2886
2873
2930
2775
2912
2851
1869
2825
2848
2949
2952
3041
2893
2965
2953
2605
2880
1380
2928
2991
2929
2893
3047
2942
2952
3023
2906
2945
2888
2888
3099
2931
2974
2949
3002
2988
2885
2984
2980
1206
2959
2934
2889
1616
2939
2889
2869
2993
2854
2916
2807
2934
2715
2637
2891
2796
2983
2792
2946
2934
2964
2955
2965
2942
2895
2928
2846
2943
2997
2982
3020
2907
2959
2952
2874
3037
2957
3042
2861
2979
2841
2989
2876
2924
2717
3013
1730
2882
2908
2821
2940
2918
1468
2907
2938
2945
3047
2869
3004
2964
2863
2922
2888
3101
2867
2856
3022
2910
2953
2836
3220
3065
2868
2961
2945
2838
2948
2885
1712
2916
2965
2929
2914
2912
2906
2934
2889
3021
2950
2912
2906
2832
2768
2928
2785
2859
2953
1212
2382
2947
2982
2975
2896
2836
2909
2881
3082
3053
2979
2665
2919
2886
3006
2923
2871
2910
2980
2962
2792
2955
2915
2929
2940
2802
2986
2742
2893
2905
2961
2904
2878
2839
3172
1617
3117
2870
2871
2930
2880
2865
2821
3013
3008
2827
2948
2868
2934
2941
2989
2927
2895
2887
2931
1129
2986
2705
2875
3162
2932
3065
2953
3001
1471
2830
2977
929
2823
2838
2880
2937
1969
2884
2972
2932
2869
3161
2912
2383
2951
2982
2914
2978
2988
2919
3000
2961
2967
2770
2882
2923
2936
2291
2932
2974
2669
2844
2942
2974
2844
2960
1273
2983
2931
2893
2815
2920
2685
3004
2801
2633
2959
2967
2775
2899
2754
2925
2871
3029
2834
2941
2964
2551
2710
2917
2929
2861
3104
3023
2790
2952
2982
2979
2942
2984
3015
2590
2983
3207
2968
2910
3086
2900
2969
2983
2518
1092
894
2948
2999
1740
3101
2864
2947
2933
2847
3026
2861
3059
3100
2863
2953
2926
1708
2943
2882
2919
2885
2935
2941
3015
2989
2843
2922
1997
2998
3015
2980
2964
2914
3125
3052
2881
2920
2884
2938
2889
2879
2848
2975
2976
2986
3024
2791
2911
2763
2969
2810
2727
2863
2997
2913
2906
2891
2896
2849
3099
2952
2871
2652
2939
2970
2931
2991
2850
3043
2925
2902
1817
3031
2999
2663
3013
2920
2989
2957
2082
2765
3144
2853
2813
3004
2963
2874
3235
1467
2989
2921
3001
2939
2956
2278
2852
2972
2941
2924
3003
2863
3015
2871
2968
3066
3099
2875
3069
2885
2851
2901
1146
2954
2768
2934
978
2979
2999
3010
2946
2920
2928
2962
2835
2926
2930
3022
2872
3022
2973
2840
2930
3044
3028
1070
2704
2956
2923
2965
2968
2715
2953
2945
2783
2847
2872
2951
2973
2773
2920
2877
2952
2859
3114
2358
2930
3201
2810
2885
2823
2876
2944
2947
2901
2845
2766
2973
2854
2504
2899
2924
2956
2979
2956
3015
2784
3178
2890
1094
2930
2939
2880
2875
2986
2843
2031
2915
3008
3149
2917
3144
2873
2824
2039
2809
2918
2979
2841
2885
2898
2928
3045
2817
2993
2788
2816
2801
2940
3037
2767
2852
1210
2997
2963
3007
2950
3106
2843
3007
2931
3009
2974
2773
2786
2807
3020
3020
2913
3027
2935
2930
942
2962
2915
2861
2904
2852
3102
2913
2911
2818
2793
2953
2900
2745
3050
3095
2948
2866
3039
2952
2947
2935
2995
2932
2950
3059
2866
2873
1163
2906
2924
2971
2868
2972
3006
2857
1835
2917
2864
2914
2989
2875
2654
2990
2926
2821
2996
2942
2898
2910
2898
2999
2983
3042
2987
2986
2822
2907
2896
2938
2988
2807
2813
2843
2814
2945
2945
2932
2955
2889
3126
3056
2861
2957
2900
2915
2970
1441
2878
2922
2915
2829
2875
3024
2898
1906
2912
3084
2916
2959
2960
3015
2934
2663
2870
2781
2957
2882
2784
2917
2979
2866
1827
2917
2949
3007
2987
2957
2981
2928
2939
2955
2024
2932
2898
2934
3057
2868
2832
2857
3094
2988
2426
2948
2946
2863
2952
3004
2800
2979
2928
2623
3004
2886
2958
2878
2917
2932
3069
2798
2959
2949
2845
2901
2891
3013
3034
2952
2632
2944
2870
2792
2933
3035
2912
2935
2908
2942
2685
2871
2936
3036
2923
2841
2949
3102
3020
2883
2839
2929
2876
2987
2895
2881
2934
2988
2862
2992
3070
2858
2763
2889
1111
2853
3023
2830
3008
2979
2906
2889
1837
3016
3061
2954
2964
2992
2964
2952
3003
2786
2814
2388
2870
2994
3065
2916
2833
2858
3020
1517
2966
2696
2141
2928
3025
1461
2851
2818
2915
2999
2879
2937
2851
2846
2907
2991
2977
1739
2846
2988
2921
3110
3068
2944
2929
3055
2969
2923
2724
2550
3006
3089
2817
2604
2927
2861
2806
3037
2994
2977
2900
2785
2820
2946
3079
2944
2973
1557
2931
2896
2951
2903
2950
2959
2761
3081
3075
2951
2967
2892
2947
2730
2852
2615
2877
2904
2839
2998
2878
2924
2777
2741
1376
1177
2860
2897
2993
3014
2885
2931
2895
2990
3008
2850
2968
2922
2993
2342
2882
2955
2952
3000
2475
2915
2973
2786
3012
3056
3024
2900
2887
2885
2024
2860
2858
2867
2868
3053
2818
2881
3001
2949
2926
3035
2939
1380
2925
2869
2802
2890
2913
2904
2926
2936
2881
2992
2914
2806
2926
2908
2899
2906
2617
2926
2984
2970
2763
3037
3135
2702
2908
2719
2728
3002
2751
2899
2956
2823
2964
3097
2815
2855
2931
2991
2985
2208
2887
1981
3015
2848
2935
2942
2955
3100
2922
2954
2967
2978
2961
3023
2092
2627
2937
2868
2851
1046
2992
3002
2974
2759
2892
2942
2971
2989
2943
2928
2949
2966
2913
2946
1220
2932
2947
2945
2931
3025
3126
2957
2869
2956
2934
3104
2922
2908
2745
2954
2917
2897
2487
2382
3006
2835
2841
2873
2971
2853
2925
2861
2972
3003
2989
3027
2901
2821
2924
2941
2797
2874
2962
2913
2981
2904
2859
2842
2846
2931
2909
2752
2882
2880
2835
2876
2890
2749
2983
960
2309
2871
2986
3006
2887
2942
3048
2942
3078
3046
2937
3032
2975
2928
3003
2903
3030
2928
3000
2864
2982
2901
2936
2816
924
2965
2951
3033
2933
2877
2888
2883
2886
3019
2913
2664
2912
2783
3014
3023
2865
2880
2861
2953
2892
2862
2981
3004
2927
2737
2962
2988
2873
3002
2958
2867
2782
2947
2933
2894
2957
2950
2966
2815
2824
2920
2748
2826
3017
2933
2859
2887
2934
2969
2609
2953
2962
2991
2843
2905
2998
2974
2973
2966
2994
2722
3097
2887
2602
2976
2858
2731
2861
2782
2925
2870
3012
3017
2912
2971
2866
2896
2786
2947
2922
2761
2896
2952
2282
3044
1149
2736
2900
2899
2917
2977
2860
2928
2817
3092
2926
2853
2891
2875
2969
2897
2882
3101
2809
2885
2948
2936
2643
3023
2972
2878
2821
2730
2927
3018
2949
2919
2820
1067
2896
2858
3044
2831
2820
2905
2971
2912
2884
3135
2926
3010
2461
2935
2896
2832
3039
2966
2184
2962
3000
2917
2912
3107
2528
2881
2940
1612
2923
3093
2866
2841
2868
2931
2859
1326
2876
2910
2976
3096
2585
2857
2927
2914
2837
2944
2924
2964
2909
2826
2891
2879
2850
2910
2998
2878
2896
2907
2986
2881
2940
2888
3018
2943
2977
2281
2757
2856
2978
2865
1419
2974
2963
2925
2950
2978
2904
2913
2808
2856
2803
3001
2884
2908
2988
2900
2945
2963
1099
2795
2950
2865
2883
3055
2935
2885
1096
2085
2972
1312
2925
2928
2937
2859
2857
2780
2820
2935
2847
2942
3010
2939
2925
2939
2693
2896
2857
2933
3016
2920
2410
2841
2894
3008
2895
2968
2894
2950
2821
2887
2838
2846
2842
2911
2957
2978
3011
3037
2959
2942
2888
2859
2909
2943
2919
2955
3022
2977
2916
2376
1929
2918
3060
2896
2787
2888
3076
3065
3020
2940
2821
2965
3063
2844
2896
2941
2983
2873
2888
2945
2964
2925
2919
2907
2878
2966
2881
2848
2912
2879
2858
2933
2927
2903
2810
2985
2842
2944
2897
2943
2981
2963
1364
2928
3011
2777
2995
2954
2994
2299
2924
2979
2670
2796
2965
2933
2931
2899
2909
2820
2940
2908
2924
2883
2966
2939
2978
2480
2106
2909
2912
2878
2904
2878
2870
2989
3138
2974
3031
2862
2985
2603
3002
2816
2937
2855
2939
3260
2903
2940
2921
3075
2937
2829
3090
2946
1920
2882
2921
2954
2847
2400
2964
3071
2956
2834
2974
2851
3021
2875
2895
2840
2048
2750
2830
3075
2871
2930
2983
2943
2935
2950
3018
1774
2950
2893
2894
2765
2971
2905
2913
3049
2927
2918
2899
2848
2975
2993
2905
2829
2885
2999
2852
2848
3086
2947
2964
2879
3054
2585
2971
2541
2793
2829
2939
2921
3011
2951
2932
2886
2838
2647
2983
2948
2960
2803
2905
2970
2846
2890
2882
2908
2017
2782
2901
2969
2989
3030
2832
1247
3020
2889
3057
2959
3021
3002
2920
2971
2833
2360
3080
2903
2872
2919
2713
3007
2982
2849
2911
2858
2963
2884
3073
2910
3011
2975
2881
3070
2916
2890
2961
2946
2412
2926
2930
2902
2946
2807
2904
3134
2854
2886
2051
2890
3041
3036
2944
2886
3108
2975
2994
2874
2984
2893
2854
2982
2928
2985
2914
2826
3019
2834
2929
2876
1899
2867
2897
3021
2872
2943
2951
2898
2775
2807
2898
2998
1415
2982
2942
2792
2918
3053
2950
2876
2896
3018
2901
1546
2908
2878
2876
2873
2950
2933
2922
2960
2963
2863
2897
3127
2981
2935
2919
2985
2882
2909
3028
3006
2915
2858
3044
2969
2816
2918
3012
2954
2885
2918
2862
2921
1397
2439
2999
2577
2927
2996
2830
2970
2931
2960
2785
2981
2902
2954
2887
2860
2926
2968
3052
2876
2865
2935
2891
2877
2829
2952
2955
2959
2810
3080
2967
2075
2863
2813
2895
2214
2980
2888
2951
2866
2910
2835
2753
2917
2893
2921
2902
3026
2938
3084
2806
2966
2776
2910
2877
2959
3034
3099
2954
2003
2855
2932
3016
2977
3042
1322
2933
2874
2752
2919
2805
2996
2943
2908
2962
2970
2917
2897
3015
2971
3013
2808
2886
2895
2921
2931
2885
2869
3089
2943
2880
2905
2943
1901
2986
2763
2974
2891
2930
3071
2933
2731
2959
2882
3009
3034
1231
3038
3000
2948
2980
2989
2816
3074
2894
2866
2843
2929
2911
2878
2910
2973
2840
3054
2891
2605
2939
2831
3079
2889
2950
2881
2861
3117
2953
2969
2913
2958
2962
2971
2875
2988
2938
3005
2965
2846
2959
2606
2926
2887
2873
3112
2781
2741
3181
2991
1333
2888
2840
3053
2857
2943
2923
2863
2936
2919
2288
3177
2964
2853
2894
2873
2685
2534
2941
2911
2938
3055
2896
3048
2931
2905
2932
2493
2921
2330
3032
2885
889
3033
2933
2906
2905
3086
3022
2857
2832
2917
2992
2964
2900
2954
2880
2870
2978
2961
3037
3000
2897
1177
2849
2974
2685
1492
2914
2674
2863
2946
2034
1457
2987
2967
1040
2822
3087
2928
2952
3160
2899
2974
2917
2951
2866
2923
2975
2968
3032
3085
3002
2889
2832
2909
2968
2965
2921
2926
2990
2862
3099
2975
2780
3080
2986
3091
3134
2816
2676
2849
2897
2917
2969
2768
1484
2763
2916
2937
2830
2283
2990
2975
2960
1970
2979
2767
2914
2902
2829
2880
2847
2801
2749
3035
2927
2934
2985
2872
2914
3018
2949
2942
2882
2577
2870
2660
2917
2905
3000
2896
3038
2909
2999
2976
2449
2982
2837
2933
2926
3005
3152
2889
3072
2947
2968
2893
3096
2791
2937
2927
2816
2878
2980
2965
2815
2998
2919
3058
3131
2811
3029
2961
3033
2734
2754
3057
2984
2907
2807
2932
2856
2936
2827
2893
2884
1862
2944
2796
3040
2955
2918
2882
2926
2971
3015
2968
3004
2906
2869
2932
2814
2899
2852
3105
2273
2897
2873
1234
3049
2948
2900
2894
3035
2948
2898
2931
2889
2951
2878
3084
2934
2985
2991
3008
2755
2974
3061
2822
2919
2875
2924
2995
3013
2854
3022
2923
2935
2924
2872
1984
2987
2903
3122
2927
2979
2415
2855
2978
2901
2511
2927
3073
2828
2810
2891
2894
2886
3014
2905
2888
2839
2857
2930
2917
3047
2994
2925
2883
2907
2818
977
2975
2759
2932
2839
2845
2951
2922
2923
2954
2967
2923
2876
2871
2895
2463
3021
2773
3057
3069
2968
2859
2999
2957
2894
2869
2877
1740
2991
2886
2855
3006
3160
2843
2927
1455
2836
2984
2578
2941
2877
2901
2875
3049
2834
2880
2939
1580
2897
2923
2915
2901
2974
876
2967
2813
2669
2972
2919
2863
2961
3016
2857
2956
2958
2876
2863
898
2949
2929
2953
2890
2955
2937
2931
2980
3040
2746
2968
2937
2893
2952
3082
2885
3039
3012
957
3033
2881
2888
2919
2879
2967
2932
3179
3034
2974
2929
2865
2993
2926
2869
2944
2927
2915
2900
2842
2951
3012
2934
2703
2952
3107
2009
3047
2966
2819
2881
2894
2148
2952
2800
2881
2866
2953
2794
2966
2916
2811
2853
1465
2950
2874
2909
2922
2674
2661
3151
2912
3015
2924
3077
2954
2784
2955
1001
2945
2937
2996
3044
2935
2882
2941
2864
3115
2894
2876
2878
3080
2964
2876
3023
2803
3031
2787
2784
2958
2908
2870
2978
2784
2860
2988
2911
2973
2859
2973
3054
2847
2823
2894
2940
2878
3012
2911
2951
2760
3061
2956
2942
2943
2981
2982
2725
2831
2802
2876
2922
2838
2903
2890
2926
3000
2969
2938
2962
2988
2939
2951
2859
3029
3015
2842
2912
3063
2933
2803
3012
2873
2037
2922
2875
2961
2951
2931
2930
2788
2936
3098
2978
2992
2823
2898
2951
2954
2946
2642
2928
2719
2801
2943
2714
2901
2924
2924
2839
2886
978
2801
2898
2796
2849
2908
3049
2843
2780
2864
2976
2953
2916
2942
3011
2852
2890
2872
3038
2925
2975
2928
3119
3002
2933
2956
2770
2949
2476
2866
3012
1477
2926
2829
2954
2893
2764
3033
2676
2769
2899
2739
3038
2941
2768
2775
3031
2722
2945
2946
2906
2899
2976
2885
2907
2957
2885
2974
2916
2960
2901
2976
3061
2944
3048
2969
2927
2939
2844
2953
2854
2943
3110
2273
2110
2912
2940
2985
2889
2885
2942
2832
2933
3136
2990
1400
2960
2888
2905
2883
2693
3008
2790
3005
2944
3000
2915
2276
2994
3081
2840
2877
3090
2862
2963
2865
3017
2950
2889
2982
3077
2912
3022
2967
2869
2931
2968
2943
3001
2803
2906
3069
2844
2836
2932
2963
2992
2924
2546
2339
2846
2897
2856
2982
2907
2820
2927
3087
2867
2600
2959
3020
3046
2896
2584
2869
3058
2974
2934
3014
2917
2901
2931
2922
2936
2981
3027
2861
2917
2937
2965
2850
2955
1428
2976
2975
2901
2886
2939
2819
2096
2717
2964
2961
3011
2977
2963
1804
2970
2905
2926
2875
2990
2683
3034
2928
2927
2957
1072
2983
2946
1950
2949
2385
2923
3053
2857
2880
3064
2679
2917
3175
2931
2883
3044
2688
2899
2919
2948
2967
2927
2902
2915
2862
2858
2966
3087
2694
2546
3036
1378
2947
2920
2921
2995
2896
2955
2844
2957
909
2922
2860
3043
2976
2856
2919
2968
2935
3001
2928
2883
2893
