1536
1528
1546
1467
1495
515
1513
1546
911
1485
1544
1531
1516
1081
1535
1547
1536
1509
1538
1167
1539
1461
1545
1534
1494
1540
1529
1524
1520
1517
1520
1483
1547
1529
1143
1532
1529
1540
1547
1547
1542
1486
1532
1492
1534
1536
1506
1511
1485
1538
1480
1522
1531
1543
1539
1542
1486
1537
1529
1530
1493
1439
1461
1535
1520
1491
1491
1528
1503
1535
1540
1538
1530
863
1532
1540
1525
1538
1503
1543
1515
1533
1544
1493
1202
1521
1542
1463
1459
1498
1525
1533
1508
1533
1477
1532
1534
723
1541
1479
363
410
1478
1489
1526
1484
1543
1524
1535
1503
1498
1545
1533
1533
1546
1552
1539
1541
1120
1214
1551
1534
1552
1544
1439
1472
1524
1514
1533
1318
1462
1526
1515
1536
465
1507
1511
1546
1519
1528
1547
1540
1482
1538
1540
1314
1532
1026
621
1531
1496
1490
1528
1523
1543
1479
1539
1535
1481
1548
1520
1477
1534
1545
1481
1527
1517
1488
1196
1533
1483
1529
1536
1552
1482
1537
1545
1524
1540
1483
1532
1519
1507
1522
1550
432
1542
1522
1494
1520
1527
1489
1529
1539
1494
1480
1546
1531
1528
1537
1547
1487
1541
940
1549
1540
1505
1543
1532
1494
1541
1524
1531
502
1539
570
1486
1541
1534
1546
1481
1547
1530
1546
1052
1541
1541
1481
497
1541
1485
884
1538
1546
1536
1536
1538
1539
1491
1541
1458
1179
1419
1543
1541
1507
1544
1539
930
1516
906
1536
1539
1483
1501
820
1527
1515
1527
1485
1499
454
1536
1537
868
1461
1544
1486
1542
1543
1532
1542
1489
1530
1537
1538
1534
1541
1533
1524
1541
1532
1523
1531
1536
1530
1536
1511
1535
1464
1530
1514
1510
1521
1528
1537
1534
1529
888
1509
1543
1539
1538
862
1541
1538
1475
1535
1531
1486
1023
1543
1516
1269
1535
1534
1468
1535
1529
1491
1351
1271
1539
1425
1525
1528
1511
1499
1547
1530
1144
1533
1525
1531
1251
1532
1542
1532
1167
1482
1537
1514
1358
1500
1536
1532
1477
1542
1542
1509
910
1487
1475
1541
1508
1538
1534
1544
1534
1535
1536
1492
1473
1535
1539
1539
1493
1473
1527
1540
1519
1491
1507
1534
1476
1542
1474
757
1487
1534
766
1543
1507
1475
1537
1534
1520
1522
1537
356
1536
1546
1477
1045
1510
1534
1457
1463
1542
1333
1422
1527
1509
1540
376
1517
1536
1538
1535
1547
1534
1531
1538
737
1542
1480
1465
1547
1498
1511
1485
1538
1539
1529
541
1464
1541
1549
1524
1462
1533
1317
1479
1529
1543
1544
1544
1544
1543
821
761
1484
911
1540
1535
389
1483
1556
1473
1523
1537
1512
1543
1545
1528
1528
1280
1473
1535
1538
1514
1479
1523
1531
1492
1548
1532
1531
1524
1473
1486
1526
1489
1500
1538
1546
1520
1543
958
1545
1526
1541
1541
1537
1520
1524
916
1544
1547
1478
1523
1542
1142
1535
1539
895
826
1533
1539
613
1543
1539
1473
1505
1473
1019
988
1543
1458
1482
1534
1551
1506
1539
1533
1052
1549
1468
1525
1539
1526
1495
1510
1535
1541
1539
1536
1533
1538
1545
1518
1522
901
1544
1476
509
1515
1528
1553
1478
1516
1494
1542
1546
1527
1467
1518
1535
1545
1542
1531
1540
1541
1549
1524
1538
1543
1541
1560
1479
1540
1518
1548
1523
1496
1526
1524
1513
1515
1539
1489
1292
1485
1536
1528
1541
1523
1475
1545
1541
1497
1485
1471
1546
1529
1544
1487
1540
1455
1529
1497
1540
1097
1533
1523
1121
1528
1536
1539
1503
1533
1532
1522
1216
1535
1529
1487
1494
1526
1199
673
1534
1537
1541
1462
1472
1529
1542
1550
1535
1526
1537
1483
1542
1128
1545
1409
1479
1529
1539
1533
1449
1440
1527
1534
1526
1520
1517
918
1539
1536
1535
1526
1542
1530
1492
1534
1471
1520
957
1515
1542
1499
1483
1481
1532
1533
1549
1545
1541
1483
1539
1508
1533
1510
1544
1553
1525
1535
1491
1544
1514
1489
1530
910
1520
1536
1537
1542
1484
1540
1490
1011
1482
1478
1544
1539
1489
1200
1483
1492
1526
1501
1531
1528
1550
1522
1526
1514
1536
1522
1505
1538
1526
1541
1400
958
1546
1516
1540
1472
1545
1545
1495
1527
1544
1531
1547
1550
1483
930
1538
1523
1524
1502
1539
1469
803
1488
1531
1511
1471
1371
1543
579
1468
1480
1546
1484
1542
1467
1538
1525
1526
1524
1499
1553
1525
1329
1535
1537
1027
1540
1529
1542
1508
1534
1475
770
1537
1526
1509
1535
1519
1544
1479
1529
1523
1479
1548
1536
903
1527
1540
1513
1532
1485
797
1538
1542
1140
885
1537
1540
1472
1538
1532
1538
1534
1534
1529
1541
1523
1532
1538
1527
1471
1473
1540
1533
1534
1537
1495
1536
1512
1541
1264
1535
1534
500
1510
1530
1538
1521
1530
1531
1493
1511
1516
1539
1526
1484
1508
1540
1535
1524
1532
1516
1520
1518
1487
1521
1350
1526
1456
1526
1486
1545
1323
1533
1484
1522
307
1516
1527
1534
1536
1498
1533
1439
1550
1530
1544
1384
1509
1493
1543
1497
1464
1541
348
1526
877
1480
1528
1510
1547
1515
795
1550
1526
1540
1539
1548
1531
1536
1548
1536
1491
1532
1544
1520
1530
1498
1525
1519
1538
1539
1537
1538
1543
1549
1537
1538
1539
1475
1427
1535
1541
1523
471
1521
1533
1000
1527
1540
1526
1536
1531
1516
1523
1535
1483
1479
1451
1532
1542
1525
1497
1536
1529
1531
413
1533
1539
1521
1547
1493
1461
1006
1537
1511
1474
1541
1479
1536
1448
1536
1519
1544
1534
1316
1542
1517
1547
808
1490
1536
1530
1548
1545
1483
1540
1538
1528
1547
1477
1548
1534
1521
1537
673
1539
1509
1550
1492
1538
1523
1525
1522
1526
1523
1468
1535
1532
857
1542
1528
1080
1471
1537
1545
1537
1533
1526
1525
1558
643
1528
1540
1488
1499
1544
1446
1541
1549
1538
1540
1518
1544
1539
1524
1496
1550
1478
1531
1525
1521
1499
1546
1540
1519
1529
1519
1537
1507
1487
1546
1484
1533
1546
1534
1473
1541
1543
1472
920
1532
1536
1542
1533
1533
1542
1302
1495
1501
1538
1519
781
1508
1536
1539
1516
1539
1174
1535
1537
1537
1500
1537
1540
1527
1203
1468
1524
1490
1495
1524
1528
1538
1518
1528
1522
1544
1539
1543
1475
1516
1528
1537
1468
1511
1440
1543
1542
1043
1492
1538
1517
1537
1543
1532
1511
503
1529
1536
1535
1535
1518
1551
1485
1481
1473
1515
1537
1526
1498
1478
1511
1515
1542
834
1479
1532
1454
980
1521
1497
1524
1335
1503
1528
1519
1532
1478
1521
1524
1537
1523
1472
1158
1480
1471
978
1519
1525
1512
1528
1545
1531
1523
1527
1535
1481
919
1317
1536
974
1514
1553
1540
1536
1519
1496
1495
1495
1541
1543
1482
1531
1533
1540
1549
1509
1536
1182
1536
1540
1549
1502
1541
1512
1473
1539
1532
1541
1542
1474
1539
1537
1527
1527
1466
1478
1537
1501
1542
1039
1541
1522
1546
1529
1528
1546
1482
1490
1543
1528
1549
1535
1480
816
1477
1458
1540
1552
1546
1556
1554
1527
789
1497
1545
1540
890
1549
1472
1497
317
1540
1539
1551
1531
1509
1545
1541
1544
1493
1500
1516
1460
1541
1537
1537
1536
1544
1534
1530
1529
698
1493
1509
965
1533
1507
1518
1486
1531
1475
1531
535
1491
1505
763
1533
1498
1510
1481
1545
1540
1533
1524
1540
1507
1067
1540
1543
1526
1481
1511
1551
1475
1527
1489
1530
1537
1133
1528
1547
1546
1485
1490
1536
1531
1542
1526
1549
1534
1529
1480
1537
1539
1434
1542
1549
1482
295
1484
1547
795
1530
1521
1551
1488
1540
1511
1533
1479
1533
1522
1529
1457
1493
1534
1544
1534
1464
1540
1526
1457
1543
799
1501
1479
1482
1014
1541
1559
1527
1542
1474
1540
1475
1545
1542
1539
1478
1541
1540
1532
1546
1496
1534
1302
1536
1549
1545
1509
1536
1538
1152
1532
1512
1554
1527
1472
1486
1487
1540
1547
1482
1495
1534
1539
1518
1522
1522
1541
1537
1540
1534
1546
1524
1536
1534
1489
1488
1516
1522
1534
1536
1519
337
1528
1502
1530
1518
1534
1320
1542
915
869
1529
1517
1537
1513
1478
1533
1540
1539
1318
1526
1468
1521
1504
1497
1480
1525
1526
1489
1529
1541
1534
1471
804
826
1550
1545
1527
1540
1537
1535
1476
1519
1477
1538
1538
1516
1541
1537
1530
1508
1552
1464
1546
1522
1531
1521
1517
935
1529
1534
1484
773
1484
1541
1541
1537
1535
1510
1533
1526
1534
1535
1235
1529
1454
1498
1473
1468
1440
1536
1471
867
1534
1524
1476
1515
1484
472
1528
1190
1520
1526
1537
1315
1524
1471
1546
1469
1537
1385
1540
1477
1534
658
819
1490
1523
1540
1539
1174
774
1479
1045
1536
1504
1410
1533
1541
1536
1021
1543
1515
1542
1524
1533
1538
1505
1535
1432
1541
1545
1526
1482
1517
1508
1494
1510
1484
1516
1538
1401
1532
1514
1518
1460
1517
1468
1318
1510
1525
1537
1528
1525
1529
1522
1509
1539
1500
800
1513
1535
1498
1530
1492
1535
764
1537
1489
1523
1533
630
1536
1544
1511
1481
1494
1482
878
1475
1501
1523
1490
1535
759
1538
1547
1524
1379
1545
1359
1481
1157
1527
1472
1537
1551
1506
1482
1503
1192
1518
1523
1542
1513
1542
1543
1547
1513
1146
1539
1528
1493
1532
1088
1139
1543
1534
1553
1499
1487
1542
1025
1541
1519
1529
1485
1542
1439
1544
1539
1527
1532
1468
1511
1513
1537
1152
1549
1474
1528
1101
1474
1545
1522
997
1545
1524
1473
1547
1493
1537
1314
1478
1539
1530
1547
1541
1546
1536
1517
1532
1540
1539
1536
1482
1537
1474
1525
1534
1525
1533
1535
1539
1540
1527
1521
1539
1511
1535
1478
1475
1538
1536
1058
1531
1478
1489
1489
1535
1504
1523
1536
1533
1537
1525
1542
1482
1537
1482
1510
1536
1519
1494
1512
1526
1534
1522
1531
1517
1529
1482
1528
1539
1546
1534
1240
1519
1479
705
1542
1532
1537
1547
496
1477
1536
1535
915
1525
1485
1527
1469
1521
1499
1531
1522
1544
902
1524
1544
1541
1532
1527
1540
1538
1521
1541
1479
1537
1539
1536
1493
1467
1499
1527
1532
1541
1543
1473
1548
1528
1516
1291
1528
1512
1524
1535
1538
1538
1535
1535
1517
1477
1521
1529
1531
1505
1533
1539
1515
1534
1544
1532
1531
1533
1492
1475
1475
911
821
1541
1534
1514
1535
1517
1530
1537
1506
1534
1553
1515
1540
1488
1547
1525
1523
1542
1480
1438
1511
1536
1350
1538
1546
1519
1492
994
1537
1367
1538
1493
1538
1523
1544
1539
1532
1520
1538
1539
1514
1540
1515
1493
1517
1537
1541
1545
1550
1542
1454
1486
1529
1557
1534
1543
1538
1493
1481
1509
1539
1530
1497
1515
1471
1547
1451
1538
1535
1523
1542
1530
1528
1540
1486
881
1146
1495
1525
1533
1543
1544
1492
787
1538
1552
1539
1470
1530
1538
1528
1528
1514
1522
1547
1478
1542
1507
1544
1506
1539
1550
1494
1548
1538
1486
1537
953
1528
1539
1530
1328
1544
1010
1480
1528
1540
1545
1542
1131
1544
1553
1262
1540
1491
1505
1510
899
1522
1528
1527
1465
1522
1560
1479
1480
1544
1462
1541
1535
1526
1135
1545
1539
898
801
1543
1521
1491
1532
1518
1541
1537
1056
806
1538
1525
1539
1502
1524
1487
1519
1540
1523
1475
1468
1475
1401
1534
1536
1473
1487
1523
1506
1532
1433
1532
1536
1535
1518
1529
1521
1509
1484
1535
1540
328
1532
1473
949
1478
1528
1544
1512
1499
848
1517
1498
1535
1539
1540
1538
1479
1392
1540
1525
1440
1496
1540
1536
1534
1530
1520
1549
1540
1543
1531
1540
789
1528
1540
1533
1534
1533
1262
1493
1533
1467
1534
1489
1532
1545
1512
1504
1486
1501
1475
1488
1525
1541
1533
1519
1476
1482
1531
1539
1527
1530
1537
1493
1543
1538
914
1536
1521
338
1535
1548
1529
1527
1534
1520
1480
1530
1527
1529
1349
1541
1546
1502
1525
533
1531
1534
1524
1543
1543
1552
1542
1531
1536
1476
1535
1545
1542
1533
1495
1542
956
1522
1519
1548
1541
1542
1498
1535
845
1536
1512
1320
739
1536
1534
1474
1543
1499
1536
1540
1535
1538
1545
1545
1536
1534
1528
1536
1275
1555
1487
891
1529
1528
1526
1540
1215
1547
1530
1531
875
1521
1543
1478
1538
516
1518
1475
755
1541
1538
1531
1538
1542
1464
418
1536
1533
1468
1480
1535
1544
1066
1452
1551
1543
1329
1489
1541
1535
1540
1487
1542
1492
1517
1494
1537
1546
1532
1550
1478
1546
1204
1387
1520
1504
1537
1466
1471
1134
1548
1515
1445
1531
1547
1533
1512
1539
1537
1548
1480
1489
1484
1534
1534
1492
1525
1529
1486
1453
1542
1532
1538
1528
1548
914
1534
1468
1387
1532
1544
1460
1417
1520
1529
1515
1537
1527
953
1539
1471
1336
1534
1479
1537
1469
1509
1537
1499
916
1542
1477
1510
1461
1280
1539
1515
1539
1335
1489
1510
1474
302
1541
1501
1529
1549
1542
1540
1540
1540
1528
1534
1541
1485
1542
1486
1482
1436
1478
1541
481
1518
1521
1489
1546
1476
1479
1533
1087
1534
1519
1478
1549
1125
1533
1126
754
1491
1545
1544
1543
1495
1545
1522
1499
1536
1024
1499
1465
789
1541
1537
1525
1489
1531
1553
1543
1452
1529
1500
1543
1473
1519
871
1524
1548
1540
1500
1545
1535
1539
1531
1553
1546
1540
1472
1528
1462
1535
1543
1521
1543
1536
1529
1541
1429
912
1532
1547
736
1541
1538
1546
1521
1482
1538
1501
1489
1511
1535
1529
1262
1524
1515
1536
1472
1091
538
839
1532
1536
1526
1516
1336
1481
1532
1533
1540
1514
1547
1544
1534
1529
911
1489
1476
1534
1539
765
1148
1484
1533
1532
1504
1504
1516
1538
1431
1517
1485
1504
1531
1492
1444
924
1509
1539
1473
1518
1543
1517
1538
1492
1552
1522
1490
1552
1551
1555
1547
1545
1531
1537
1551
1528
1538
1505
1542
1535
699
1539
1472
1464
1485
1512
1529
1376
1506
1324
1463
1481
1540
1536
1533
1534
1540
1543
1458
1478
1475
1535
1523
1522
1528
1524
1512
1020
1525
1535
1539
1392
1531
1492
1485
1487
1512
1513
1537
843
1539
1529
1543
1540
1534
1479
1476
1540
1541
1472
1522
1538
1539
1424
1536
1539
1476
1539
1536
1539
1469
1535
771
1165
1530
1500
1532
1515
1535
1532
1526
1544
1537
1525
1526
1531
1544
1528
1545
1533
1537
1538
1529
1458
1487
779
1533
1525
1540
1480
1544
1537
1480
1496
1546
1533
1522
1543
1536
915
1473
1535
1485
1538
1544
1475
1544
1512
1531
1544
826
1546
1544
1541
1481
1538
1538
1533
1487
1169
1545
1168
1545
1537
1540
1532
752
1478
1534
1530
1539
1477
1537
1460
1549
1538
1540
1526
1536
1541
1535
952
1487
1534
1521
1534
1539
1520
1473
1521
1490
1518
1530
1540
1368
1540
1536
1541
1547
1476
1513
1532
1491
1536
1533
1530
1539
1543
1538
1516
1539
1540
1534
1538
1486
1545
1472
1543
1540
1518
1476
528
1542
1550
1490
1523
1548
1539
1532
1469
1478
1540
1468
1534
1543
1538
545
1543
1533
1538
1510
1538
1065
1351
1540
1524
1543
1534
1521
1544
1501
1551
1490
1528
1543
1526
1070
1514
1526
1535
1538
1530
1259
1535
1461
1488
1536
1533
1521
1538
1537
1534
1544
1538
1538
1527
1527
1535
1481
1526
1535
1518
1525
1537
1542
1487
1538
1482
1456
1542
1042
1486
1539
1532
1536
1522
1496
1546
1548
1505
1515
1482
1516
1541
1476
1539
1483
1535
1191
1357
1536
1541
1547
1468
1533
1213
1521
1529
1538
1511
1544
1112
1520
1539
1538
1537
1527
1541
1477
1543
980
1532
1505
1489
1490
1542
1558
919
1548
1543
1499
1491
1545
1525
1495
1465
869
1548
1418
1538
1530
1524
1485
1544
1542
1532
1540
1505
1500
1544
1542
1534
1484
1148
1535
1479
1540
1495
767
1532
1532
1548
1543
1553
1495
1511
1177
1496
1534
1542
1479
1537
1488
1548
1512
859
1509
1522
1540
895
1544
1519
1532
1535
1539
1539
1545
1495
1541
911
1538
1530
1361
1540
1537
1530
1485
1069
1470
1535
1541
1532
965
1530
1538
1518
1525
1495
1485
1294
1527
1548
1556
1532
1521
1481
1544
1528
1543
1538
1475
1462
1539
1497
507
1542
1488
1477
1543
1488
932
1536
1496
1521
1544
1547
1521
1544
1452
1463
1542
1541
1534
1516
1533
1532
1533
1513
1538
1197
1530
1541
1536
1532
1502
1541
1531
1500
1524
1349
1535
1528
1533
1543
1493
1495
1532
1540
1287
835
1437
1502
1542
1522
1532
1291
1457
864
1473
1543
1539
1529
1541
1532
1552
1543
1543
1536
1531
1491
1485
1515
1466
1531
1377
1311
1531
1530
1537
563
1529
1449
1526
1464
1534
1535
1536
1524
1537
1492
1532
1546
1527
1269
751
1539
1532
1506
1510
1541
1541
1493
1540
1469
1046
1484
1513
1432
1547
1535
1540
1500
1530
1485
1529
1533
1539
1539
961
1533
1534
1544
1538
1494
1549
1472
1536
1489
1530
1470
1477
1540
1515
1530
1540
1526
1474
1540
1534
1521
1540
797
1542
1543
1113
1529
1534
1540
1530
1537
1522
1522
1530
1543
1487
1532
301
1476
1537
940
1534
1546
1537
1546
1539
1542
1541
1524
1535
1515
1539
1531
1533
1504
1534
1164
1495
1545
1541
1491
1341
1487
1535
1535
1537
539
1541
990
1516
1493
1534
1488
1534
1547
1548
1484
1203
1533
1542
1490
1533
1491
1542
1192
1549
1540
1539
1529
1539
1490
1528
1476
1531
1485
1534
1536
1542
1496
1553
1472
1530
1527
1538
896
1498
1546
1546
1537
1539
1176
1531
1539
1530
407
1537
1502
1539
1525
1537
1471
1000
1505
1544
1134
1461
1529
1482
1488
1528
1537
1542
1525
1538
1532
1544
821
1532
1543
1435
1542
1469
1477
1548
1524
1542
1538
1532
1435
1535
1537
1519
1527
1529
1492
1544
1476
1540
1540
1538
1512
1555
1224
1542
1513
1553
1532
1530
1527
1522
1545
1429
1542
1478
1523
1543
1092
1339
1439
1531
701
1109
1535
1545
1486
1513
1479
1550
1485
1528
1526
1464
1541
1494
1540
1523
1481
1528
1461
1519
1513
1477
1527
1522
1517
1535
1527
1527
1546
1478
1388
1541
1548
1542
1537
1507
1537
1540
1450
1544
1530
1520
1480
1531
1485
1542
1099
1544
1004
1534
1535
1542
1481
1470
1530
1544
1538
1536
1542
1542
1492
1546
1545
1529
1544
1129
1537
1530
1557
1526
1543
1546
1539
1518
1529
1410
1241
1481
1462
1527
1500
1536
1091
1471
1518
420
1538
1496
1307
349
1542
1494
1509
1541
1546
1546
1542
1531
1528
1478
1533
1536
1534
1552
1497
1524
1483
1529
1513
1537
1540
1510
1501
1534
1539
851
1536
1537
1477
1043
994
1531
1529
1523
1477
1522
1483
1518
1475
1518
1470
1483
1534
1532
1550
524
957
1534
1537
1493
1246
1491
1538
989
1288
1519
1543
1530
1490
1530
1550
1538
1543
1509
1549
1543
1548
1516
1523
1458
1530
1533
290
1509
1523
1519
1532
1528
1540
1484
1521
1527
1532
1539
1534
1541
1538
1458
1484
1540
1497
1543
1541
1488
1544
1530
1478
1554
1478
1518
1526
1465
1538
1526
1541
1532
1538
1537
1339
1527
1540
1545
1521
1509
1482
1471
1527
1525
1528
1485
1542
1529
1536
1524
621
1471
1529
1518
1476
891
1506
1538
722
1536
1537
1476
1478
1477
1533
1479
1499
1471
1513
1544
1529
1508
1534
1473
1470
1526
1534
1542
1531
1523
1474
1542
864
1544
1545
1529
1505
1532
1536
1468
1484
1510
1458
1537
1514
1535
1533
1542
1464
1542
1527
1510
1468
1544
1501
1536
1546
1547
1519
1531
1488
1544
1541
1537
1473
1537
1534
1542
1286
1543
1544
1526
1526
1523
1512
1521
1510
1527
1536
1524
1539
1549
1484
1539
1544
1523
1523
1546
1533
1490
1538
1516
1542
1542
1543
1545
1523
1531
1520
1474
1544
1482
1518
1240
1544
1543
1534
1484
1540
1458
1545
1543
1523
947
1383
1517
1531
1553
1516
1513
1556
1510
1485
1519
1523
1544
1480
1541
1477
1545
1503
1534
1478
1529
1542
1535
1531
1560
1515
1536
1544
1495
1518
1537
1542
1521
1489
1513
1523
1528
1541
1540
1537
1514
1538
1531
1541
1533
1535
982
1472
1538
1534
1465
1541
1489
1485
903
1109
1533
1517
1490
1531
1483
1482
1539
1291
1541
1490
1538
1534
1520
1536
1536
1444
1540
1542
934
1522
1535
1492
925
1535
932
1537
1356
1474
1546
1508
1524
1507
1479
1502
1540
1511
859
1512
1475
1537
1537
1552
915
1469
1376
1512
1557
947
1473
1544
1532
1243
1524
1540
1465
1536
1507
1527
1513
1221
1523
1480
1540
1534
434
758
1538
1524
1536
1540
1514
1545
1480
1520
1527
1532
1465
1547
1497
1539
1456
1483
1544
1530
1542
1526
1552
1521
1530
1531
1510
1493
1532
1541
1479
1543
1519
1543
1538
1515
1535
1521
1491
1280
1526
1490
1543
1499
1539
1481
1541
1498
767
1523
1532
1460
1533
1530
1537
1537
1543
1545
1541
1532
1535
1534
1473
1524
1481
1534
1475
1521
1510
1036
1530
1536
1538
1508
1487
1523
1535
1486
1520
1530
1532
1531
1160
1537
1486
1531
1528
1513
1537
1481
1546
1535
1318
1530
1483
1478
1533
734
1527
471
1505
1530
1546
1540
1506
1549
1538
1544
1512
1532
1533
1525
1471
1517
1482
1115
929
1527
1541
1534
1539
1037
1536
1530
1456
1482
1536
1526
1531
1548
1536
1540
1538
1534
1462
1232
1526
1047
1539
1540
1544
1527
1542
1529
1505
1495
286
1530
1541
1535
1485
1503
1543
1538
1532
1410
1522
891
1547
1439
1542
1391
1541
1534
1332
1526
1534
1509
1524
1481
1532
1539
471
1462
1542
1535
1543
1522
1525
1532
1534
1533
1539
1546
1503
1535
1536
1537
1482
1544
1520
1539
1538
553
1531
1540
1480
1536
1507
1504
1519
1519
1539
1534
1541
1535
1478
1509
1481
1536
1536
1538
1542
1540
1513
1534
1535
1480
1544
587
1525
1484
1521
1490
1508
1538
1540
1520
1549
1485
1474
1527
1539
1535
1502
1542
915
1492
1546
1143
750
1551
1527
861
1496
1556
1518
1522
1473
1539
1295
1536
1527
1484
1534
1488
1539
1530
1540
1548
1493
1531
1541
1524
1547
1528
1535
1510
1524
1545
1507
1539
1543
1542
1539
1502
1523
1539
1478
1504
1543
1506
1489
1522
1547
1529
1494
1532
1485
1528
1505
1547
912
1481
1536
1536
629
1541
1531
1542
1544
1532
1536
1528
1527
1532
1484
1515
967
1523
779
1478
1531
1537
1469
973
1540
1522
1526
704
390
1355
1551
1527
1546
1529
1532
1487
1542
1551
1480
1541
1530
1508
1541
1531
1497
1519
843
638
1529
1544
1522
1540
1418
1527
1532
1531
1487
1483
1476
1541
1543
1532
1541
1531
1533
1480
1517
1514
1543
1542
1518
764
1525
1482
1533
1528
1536
1537
1472
1507
1478
306
776
1503
1500
1523
1534
1522
1514
1536
1529
1480
1473
1505
1539
1521
1106
1538
1479
1548
1523
1443
1538
1542
1473
1531
1536
1519
1533
1538
1532
1539
1526
1539
809
1462
1540
1537
1534
1519
1529
1314
1545
1542
1540
1543
1530
1474
1538
1518
1514
1516
1463
1544
1510
761
1495
1529
1520
840
1544
1545
1322
1545
1482
1539
1036
1549
1147
1543
1544
1537
1545
1508
1536
1537
1537
1537
1528
1548
704
1520
1488
1547
1526
1476
1538
1533
1518
1529
1506
1479
1533
1538
1551
712
1537
1545
1479
1537
1541
1528
1537
1548
1526
1542
1525
1539
1509
1507
1524
1368
1529
1536
1543
1537
1506
1484
1536
1536
1482
1534
1533
1533
1512
1174
1517
1535
1542
994
1537
1518
1508
1531
1527
1481
1331
1005
1529
898
1510
1528
1482
1528
1483
1484
1486
1121
1518
1543
1517
1464
1538
1530
1142
1486
1543
1527
866
1464
1515
1534
1512
1553
1542
1538
1513
1515
1474
1525
1538
1505
1478
1495
1523
1273
1478
1544
1447
1501
1488
1490
1532
1455
1505
1540
1539
1475
1544
1475
1539
1552
1489
1539
1541
1506
1514
1541
1538
1538
1528
1544
1482
1119
1524
1534
1544
1484
1477
1554
1549
1549
1530
1516
1532
1545
1534
1543
1534
1541
1483
1523
1542
1552
1535
635
765
1533
1530
1537
1511
1548
1480
1492
1524
1542
1481
1545
1117
1487
1539
1499
1285
1490
1544
1545
1505
1518
1521
1514
1014
1534
1532
1554
1507
1536
1526
1454
355
1040
1543
1541
1531
1519
1500
1536
1427
1493
1482
1545
1478
1522
1542
1548
1539
1487
1515
1489
1495
1527
1539
986
1383
1540
1533
1541
1504
1481
1476
1526
1512
1541
1516
1525
1550
1547
1550
1529
1530
1514
1494
1542
1503
1525
1517
486
1540
1474
1477
1543
1524
1531
1542
1540
1513
1538
1535
1513
1532
1541
1482
1523
1533
1530
1042
1540
1480
1468
1535
1438
1538
1467
1544
1509
1060
1493
1504
1511
1471
1516
1537
1538
1523
1538
1535
1020
1528
1485
1525
1539
1226
1526
1485
1536
1475
1533
1538
1524
1531
1358
1481
1545
1490
1522
1546
1547
1482
1516
1479
1477
1025
1538
1542
1347
1501
1485
1539
1541
1526
1538
1522
1489
1541
1538
1467
1540
1536
1494
1545
1351
1541
1536
1537
1539
995
1526
773
1471
1538
1541
1031
1539
1524
1529
1479
1477
1485
1535
1480
1548
1525
1549
1541
1525
1535
1543
1494
1537
1502
1526
1471
795
1528
1487
1544
1543
1471
1540
1533
1541
1532
974
1520
1525
1540
1533
1540
1540
1538
1497
1541
1460
1501
1522
1540
1492
1482
1486
1536
1526
1529
1543
1542
1513
1510
1537
805
1537
1479
1515
938
1534
1535
1548
1489
1545
921
1530
1541
1486
1529
1522
1507
1503
1539
911
1487
1507
1500
1533
813
1558
1537
1467
1552
1538
1476
1522
1546
1493
1539
1503
1537
1542
1540
1548
1542
1489
1528
1492
1544
951
1542
1549
1538
1476
1543
1521
1484
1471
1542
1174
1506
1530
1528
1514
1537
1539
1535
1541
1539
1535
1524
1533
1540
1534
1538
1539
1531
1536
1519
1531
1550
1545
1538
1468
1446
1480
787
1532
1527
1525
1492
1545
1535
1538
1136
1511
1546
1537
1545
1475
1472
1552
1529
1540
1536
1532
927
778
1541
1466
1543
1545
1539
1549
1474
1540
1545
1545
1542
1546
1542
1546
1136
1532
1537
1494
1547
1539
1510
1537
1530
1538
1488
1500
1538
924
1486
1538
1237
1479
1528
1098
1540
1537
1518
1543
1523
1533
1487
1546
1522
1598
1501
1479
1468
1508
1525
1538
1526
1542
1539
1515
1536
1489
1527
1541
1521
1359
1479
1521
1485
1531
1477
1544
1505
1470
1543
814
1534
1538
1540
1526
1473
1535
1541
1514
1533
1534
1521
1476
1536
1477
717
1534
1484
1487
1538
1540
1516
1484
1498
1533
1517
1464
1516
1501
1476
1526
1527
896
1471
1511
1151
1538
1528
1536
1543
1096
1546
1536
1445
1480
1536
756
1491
1465
1540
1474
1523
1535
1531
1485
1490
1508
1530
1538
1472
1475
1473
1491
1534
1552
1485
1537
1551
880
1537
1547
459
1500
1499
1539
1542
1483
1391
1529
1554
1477
1486
1529
1550
1540
1535
1476
938
1547
965
1498
913
1521
1542
1540
1532
1490
856
1542
1532
1509
1474
1488
1536
1485
1546
1528
1484
1492
1544
1521
1539
334
1535
1510
1542
1546
1532
1541
1444
1531
1536
1533
1543
967
1530
1542
449
1529
1543
1539
1542
1543
1337
1534
1504
1511
1546
1525
1540
1526
1524
401
1505
1447
1484
1550
1489
1525
919
1504
1522
1366
1534
1519
1540
1522
1495
1533
1063
1530
1548
1525
1540
1530
1548
1536
1478
1509
1548
1539
1544
1510
1538
1544
1547
1545
1540
1541
1562
1418
1541
431
1494
1523
1474
988
849
1548
1545
1521
1539
1516
1551
1474
1539
1541
1483
1484
1476
1541
1544
1515
1554
1533
1503
1528
1526
1524
1494
1503
1098
1538
1539
1539
1531
1543
1542
1539
911
1547
1539
1521
1551
1530
1529
1533
1533
1532
1528
1532
1530
1526
1475
1541
1544
1462
1540
1486
1534
1541
1535
1424
1554
1538
1505
1525
1485
1500
1525
1228
844
1477
1478
1533
1534
1487
1122
1509
1542
1493
834
1472
1543
1542
1544
1535
1535
1532
1543
1550
1541
1490
1510
1537
279
1537
1504
1540
1511
1547
1531
1538
1523
1526
1538
1484
1534
1544
1547
1538
1478
1535
1544
1520
1528
1150
1134
1538
1541
1541
1523
1494
1488
1531
1499
1458
1474
860
1521
1539
1536
1536
1534
1104
1533
1531
1543
1495
1544
1537
1532
1519
1543
1532
1508
1538
1539
1472
1522
1510
1545
1532
1533
1533
1480
1536
1514
1472
722
1535
1523
1544
1545
1542
1487
1508
1525
1477
1480
1486
1499
1387
1396
887
1494
1509
1525
1408
1541
1498
1486
1507
1530
1478
1472
1528
1497
1516
390
1478
1533
1472
1543
1519
1474
1533
1463
1536
1478
1532
1538
1069
1298
1535
1527
1538
1536
1541
1533
1478
1530
1471
1533
1541
1200
1540
1508
1547
1476
1545
1536
1531
1516
1526
1523
1535
1547
1527
1541
1472
975
1533
1535
1543
1265
1547
1528
1537
1541
1510
1539
767
1505
1525
1545
1546
1446
1523
1536
1541
1489
1460
1465
1468
554
1534
1512
1526
1536
1483
1156
1533
1468
1484
1165
1530
1499
1545
1543
1535
1537
1485
1523
1479
1496
1541
1544
1537
996
1030
1507
1491
1242
1487
1531
1481
1445
1532
1544
1536
343
1500
1528
1546
1533
1537
1524
421
1520
1507
1544
1541
1526
1542
1472
1536
1536
1533
1526
1516
1479
1511
1477
1536
1528
1549
1536
1451
1537
1531
1538
1092
1543
1545
1530
1530
1517
1468
1532
1533
1538
1523
1486
1483
1355
1528
1518
1482
1539
1544
1477
1539
1536
1518
1537
1541
1535
1516
1543
1538
1482
1514
1551
1530
1537
1537
1418
1518
1546
1534
1538
1546
1535
1537
1493
1533
1484
1008
1537
1505
1490
1537
1537
971
1472
1540
1480
1536
1530
1535
1537
1555
1289
1495
1541
1546
1523
1528
1527
983
1539
1540
1531
753
1563
1539
1544
1533
1521
1495
974
1547
1187
1495
1530
1549
1528
1535
1537
1535
1489
829
1546
1543
1538
1543
1533
1479
1536
1532
1532
1525
1538
1243
1517
1539
1537
1498
1536
1493
1540
1540
1477
1527
1536
1477
1044
722
1544
1499
1531
1526
765
1473
1533
1447
1488
1538
1510
1544
1535
1249
1523
1485
1045
1523
1544
1531
1523
1432
1528
1514
1462
1540
1532
1542
1488
1492
1541
1398
1549
1482
712
1536
1486
1499
1536
1480
1472
1513
1530
1512
1520
1554
1486
1541
1525
1537
1512
1543
1519
1481
1486
1517
1512
1534
1471
1479
1532
1518
1420
1541
1545
1553
1481
1414
1230
1478
1473
1547
1520
1496
1539
1538
1539
1542
1521
1486
1477
1539
1515
1539
1530
1531
1537
1531
1529
1540
748
1539
1531
1496
1534
1507
1472
1487
1529
1467
1537
1470
1285
1543
653
1531
1480
1496
1538
1496
1531
1527
1503
1516
1529
1471
1543
1539
1542
1535
1542
1482
1159
1541
1542
1474
1550
1118
1542
1538
1519
1536
1535
1531
531
1480
1540
1526
1550
1527
1471
1530
1516
1537
1470
1542
1493
1483
1482
1531
1531
1493
1509
1521
1508
1542
1534
1529
1535
1541
1534
695
1538
1497
791
1537
1350
1483
1545
1398
1523
1474
1539
1534
1532
1471
1516
1539
1548
1488
1495
1539
1465
1539
1534
1538
1539
1525
1522
1545
1523
1533
1522
1448
1474
1453
1014
1551
1091
1540
1546
1538
1490
1538
1543
1542
1531
1551
1537
1489
1538
1523
1464
1540
1547
1538
1541
1508
1537
1547
1501
1542
1528
655
1456
332
1524
1541
1545
1529
1492
1525
1541
1550
1539
1492
1516
952
1538
1538
1539
840
1539
1544
1527
1541
1499
1478
1535
1532
1547
1528
1525
1532
1545
1518
1535
1542
1490
1545
1485
1543
1535
846
1506
1532
1531
1545
1536
1492
1519
762
1491
1312
1537
1536
1487
1539
1547
1520
1558
1542
1545
1544
1539
1499
1513
1538
1071
1492
1536
1164
1539
1485
1550
1479
1545
1536
1536
1532
784
1538
1535
1533
1539
848
1546
1536
1496
1540
1475
1540
1544
1532
1494
1527
1517
1541
1540
1548
1541
1539
946
836
1543
1534
1526
1541
1531
1543
1528
1478
935
1534
1527
1536
1547
1530
1527
1540
1540
1543
1546
1531
1533
1506
1472
1543
1512
1484
1510
1535
1528
1472
1540
1540
1485
1523
1535
1535
1528
1525
1468
1534
1547
1487
1528
1498
1511
1542
1532
1537
1542
664
1536
1540
1532
1526
1542
1536
1515
1527
1070
1526
1537
1539
1077
1475
1486
1525
1540
1506
1546
1539
1540
1541
1530
1465
1344
1540
1533
1532
1537
1530
1534
1543
1487
1525
1530
1535
1534
1537
1530
1531
1538
1540
1534
1471
1476
1544
1539
1536
1522
1535
1543
1538
1541
1524
1540
1539
1467
1540
473
1551
1540
1546
1549
1520
1486
1541
1541
1490
1506
1538
1541
1499
1549
1548
1466
1515
1457
1483
1546
1541
1545
1538
1534
1522
1476
1462
1541
1190
1535
1482
1538
1136
1513
1550
1530
1520
1466
1542
1500
1520
1530
1561
1542
1533
1512
1492
1527
1495
1050
1537
1530
1533
1521
1535
1540
1536
1512
1525
1534
1232
1467
1516
1496
1531
1396
1541
1348
1541
1541
1546
1555
1541
1538
1537
1534
1508
1499
1539
1480
1533
1480
1533
1510
1541
1531
1388
937
1464
1539
1522
1535
1541
1525
1526
1530
1538
1523
1492
1524
1533
810
1521
1473
683
1029
1492
1527
1333
1509
1534
1495
906
1550
1537
1537
1527
963
1532
1538
1541
1513
1542
340
1485
1537
1498
1530
1540
1484
1544
1477
1535
1272
1539
592
1527
1492
1525
928
1463
1547
1543
1545
1519
1544
1544
1552
1482
1543
1015
1543
1275
1529
1478
1525
1540
1538
1548
1544
1489
1537
1429
1533
1202
941
1535
1524
1468
1539
1535
1540
1541
1535
1475
1527
1531
1524
1541
1535
1478
1503
1526
1524
1535
1475
1431
1534
1553
1523
1078
1493
948
1522
1490
1539
1547
1471
1543
1531
1528
1474
1536
1545
1542
1545
1458
1539
1520
1498
1478
1534
1456
1539
1546
1536
1491
835
1543
1538
1548
1466
1534
1537
1549
1519
1539
1510
1535
1516
1031
1539
1546
1540
1535
1520
519
1530
381
1470
1523
769
1525
1514
1508
1544
1481
1542
1542
1537
1532
1461
1532
1502
1538
1543
1529
1535
1546
1280
1536
1489
1535
1526
1523
1533
1463
1542
969
1477
1491
1512
1538
1479
1487
1505
1494
1548
1537
908
1526
1546
1541
1536
1470
1531
1534
1556
1534
1541
1542
1535
1520
1518
1487
1532
1541
1547
1548
1544
1526
1049
1540
1457
1544
1473
1520
1540
1471
1536
1519
1530
1541
1542
1478
1544
1542
1543
1534
1553
1236
1522
1506
1509
1495
1475
961
1483
1541
1467
1465
1463
614
1523
1538
1548
851
1544
1547
1544
1538
1540
1529
1521
1543
1525
970
1527
1522
1552
1490
1481
1520
670
1517
1477
1495
1545
1494
1538
1489
1549
1542
1529
1538
1534
1533
1537
1537
1504
1535
1537
1519
1481
1529
1535
1538
1538
1538
941
1535
1542
1528
1423
1487
1411
1281
1530
1548
1520
1533
1528
1493
1517
1512
1539
1524
1544
301
1537
1478
1539
1500
1535
1538
1535
1525
1505
1526
1539
1541
1535
1326
1527
1534
1208
1542
1483
1533
1546
1525
787
1536
818
1484
1538
1526
1546
1532
1541
1519
1540
1488
1530
1549
1488
1474
1515
1517
750
1376
1533
1473
1529
1540
1529
1508
1543
1503
1529
1538
1534
1426
1481
1541
1481
1524
1538
1522
1536
1484
1543
1510
1543
1287
1516
1554
1478
1554
1538
1533
1542
1526
1522
1476
1541
1537
1484
1532
1547
1498
1538
1489
1545
1550
1550
1516
1545
1541
1540
1542
1483
1485
1492
1508
1494
1534
1510
1530
1545
1546
698
1532
1547
1538
1481
1534
1542
1545
1525
1536
1523
1495
1526
1425
1041
1537
1544
1526
1527
1500
1467
1516
1530
1542
931
1092
1503
1002
1541
1021
1509
1546
1500
1478
1464
1485
884
1534
1525
1465
1486
1494
1543
1541
1500
1542
1485
1533
1542
1525
853
1527
907
1508
1534
1539
1534
1545
1492
1494
1073
1543
1543
1527
1492
1472
1549
1543
1537
1500
1493
1524
1547
1474
1489
1527
445
1556
1544
1536
1473
1541
1524
1502
787
1524
1473
1543
1550
492
1535
1527
1545
1537
1499
1536
1494
626
1522
1525
1530
1549
1488
1085
1515
1475
1338
1493
1536
1479
1526
1519
1538
806
1478
1542
1538
1535
940
1499
942
968
1498
1536
1549
1535
1547
1523
1532
1540
1485
1528
1477
830
1525
1535
1480
1429
1539
1542
1458
1544
1524
1541
1538
1489
1537
1548
1534
1530
1542
1516
1535
1524
1441
1495
1541
1524
1239
1545
1509
1535
1524
889
1503
1530
1470
1523
1545
1521
1545
1514
1545
1520
1503
1554
1479
1527
961
1475
1518
1506
1479
1553
1524
1538
1531
1537
1072
1506
1538
1509
1540
1532
1148
1520
1543
1533
1537
1543
1498
1543
1540
1532
1534
1503
1544
1498
1525
1520
1513
1464
1519
1530
1546
1532
1523
739
1076
1540
1466
1538
1539
1482
1538
1541
1477
1547
1501
1369
1542
1509
1540
1165
1498
1489
1309
1480
1551
1529
1528
1531
1509
1543
811
1477
1530
1527
1524
1535
1533
1539
1546
1529
830
1482
1529
1489
1536
1533
1499
1501
1529
1543
1505
910
1541
350
1536
1542
1543
1546
1546
1497
1542
1531
1538
1533
1518
834
1531
1532
1546
1494
845
1542
1475
1148
1542
1526
1476
1541
1513
1535
1059
1492
1531
1536
1508
1455
1535
1489
1549
1540
1530
1537
1537
1161
1537
1484
1529
924
1524
1539
1529
1520
1493
1389
1487
1539
1497
1540
1535
1548
770
1543
1477
1529
1544
1539
1537
1542
1495
1545
1543
1545
1509
1539
1539
1474
1535
1532
1542
1535
1545
1540
1185
846
1536
876
1537
792
1543
1540
1546
1522
1522
1546
1543
1534
1535
1528
1539
1514
683
1527
1542
1468
1535
1531
1485
825
1471
1531
1546
1529
1222
1539
1060
1547
990
1470
1301
1541
1543
1513
1158
1426
1526
1540
1543
1540
1492
1478
1504
1513
1540
1468
1501
1298
1483
1464
891
1540
1028
1487
1543
1528
1507
1513
1539
1543
1530
1502
1540
1480
1538
1536
1548
448
1535
1500
1541
1539
1545
1509
1503
1535
1508
1188
1519
1539
1526
1520
1261
1484
1537
1469
1530
1502
1536
1541
1481
1145
1468
1538
1535
1474
1532
1485
1536
1531
1528
628
1517
1497
1533
1511
1542
1521
1083
1516
1475
1404
1523
1530
638
423
1511
1547
1539
1528
1380
1519
1543
1498
1531
1532
1535
1539
495
1543
1546
1535
1484
1530
1541
1542
1521
1455
1504
1538
1479
1524
1481
1494
1470
1539
1541
1326
1487
1542
760
1537
1549
1513
1479
1529
1544
1526
1545
1503
1542
1543
1523
1545
1544
1530
1512
1482
428
1531
1547
1543
1535
1542
1480
1529
1469
1537
1539
997
1546
1545
1475
1501
1494
1540
1533
1554
1527
1534
1548
1542
1540
1479
1531
795
1549
1544
1478
1490
1538
1480
1547
1532
1485
1516
1502
1436
1548
1540
1081
1542
1517
1405
1527
1495
1483
1521
1277
1041
1010
1474
1521
1543
1097
1531
1513
1488
1532
1525
1485
1536
1537
1475
1540
1480
1533
1529
1528
1543
1494
1475
1527
1545
1525
1538
1535
1487
1525
1530
1537
1546
1492
1528
1541
1520
1532
1470
1462
1535
1469
1532
991
1528
1526
1550
1042
1531
1540
758
1491
1310
1544
1533
1539
1541
1218
911
1490
1237
1537
1541
1540
1476
1491
1538
1535
876
1230
1547
1538
1504
1544
1530
1472
1539
1490
1544
1543
909
1541
1500
1528
1536
1544
1474
1477
1529
1523
1541
1520
1537
1534
1489
1512
885
1535
1535
1515
1079
1520
1469
1531
844
1546
1511
1515
1527
859
1531
1490
1533
1504
1527
1475
1528
1542
1531
1546
1489
1485
1294
1526
1492
1481
1537
1488
1512
290
1530
1506
1519
1536
1265
1546
1536
923
1118
1516
1530
1531
1513
1526
1186
1542
1202
1521
1540
1544
1499
1514
1532
1528
1542
1529
927
1546
1499
1499
1526
1516
1520
1539
1551
1173
1474
1546
1516
1492
1518
1541
1513
1413
1531
1522
1531
1542
1526
1537
1528
1546
1533
1540
1535
1525
1469
1532
1524
1523
1474
1486
1477
1538
1536
1528
1537
1533
1053
1545
1540
1537
1541
1457
1542
1542
1536
1529
1484
906
1469
1521
1520
1538
1537
1529
1528
1542
1479
1125
1536
1464
1542
1474
1529
1524
1524
1546
1530
1002
1536
1546
1546
1534
1492
1467
1544
1541
872
1496
1543
1533
1481
1544
1544
1491
1541
1542
1532
861
1460
1450
1544
1541
1535
1473
1549
1533
1542
1539
1428
1518
1545
1477
1532
1539
1533
1544
1475
1517
1478
1521
1547
1536
1536
1488
1541
917
1483
1535
1512
672
1466
1531
1539
1509
1540
1529
1534
1529
1544
1541
1483
1480
1543
1537
1510
1497
1544
1275
1554
1484
1487
1215
1541
1531
1506
1494
1495
1531
1538
1523
1515
1064
1475
1544
1533
1498
1541
1527
1486
1542
1544
1536
758
1517
1544
1534
1540
1541
1454
1483
1476
1528
1520
1537
1497
1490
1523
1540
1509
1524
1540
1548
1534
1473
1525
1533
1473
1485
1533
1473
1532
901
1536
1533
1523
1541
1536
1541
1472
1539
1462
1534
1537
1540
1527
1530
1546
784
1155
1539
1537
1548
963
1481
1520
1530
1528
1530
1481
1527
1551
1298
1498
1543
1535
1328
1553
1486
1509
1550
1519
1542
1539
1525
1523
1482
1469
1545
1516
1533
1479
1530
1534
1468
938
1531
1483
1550
1550
1523
900
924
725
1540
1529
1466
1546
1541
1546
1523
1488
1524
1491
1537
1509
1536
1525
1532
1526
1537
1547
1505
1533
1541
1258
1536
1537
1547
1515
1536
1532
1527
1530
1528
1483
1517
1515
1479
1533
1512
1539
1546
1202
1482
1470
1536
1527
1469
926
1536
1542
1520
1543
1538
1520
686
1530
1538
1509
1139
1476
766
1548
1488
1532
1482
1532
1548
1475
1538
886
1525
1532
1517
1481
1465
1522
445
1527
1546
1481
1536
1188
1532
1510
1528
1543
1540
1543
1535
1540
1510
1533
1527
1441
1538
1526
1537
1157
1019
1465
1512
1544
1477
1534
1549
1473
1468
1495
1544
1492
1558
787
1489
1483
1504
1539
929
1534
1524
1544
1474
1546
1534
1493
1542
1483
1539
1533
1537
1181
1479
1541
1497
897
1544
1538
1534
1484
1519
1537
1540
762
1474
1522
1517
1470
987
1522
1538
1376
1486
1332
1536
1526
1519
1541
795
1505
1540
1533
1535
1483
1526
1479
1497
1491
1535
1510
1534
1469
941
726
1480
1545
776
914
1561
1514
1471
1257
1493
1539
1523
1262
1537
1533
1473
1523
1539
1475
1543
1532
1544
1536
1547
1362
1484
1535
1485
1537
1474
1548
1546
1546
1538
1490
1534
916
1545
1471
1528
1522
1540
1540
1528
1132
870
648
1539
1551
461
1374
1546
1491
1522
1548
1504
1531
1521
1487
1510
1531
1532
1330
1546
1535
1473
492
1527
1527
1486
1527
1527
1530
1522
1527
1480
1527
1532
1548
1533
1543
1413
1473
1536
1506
1536
1515
1540
914
1539
1544
1540
1533
1505
1228
962
1493
878
1469
1540
1486
617
1544
1555
1542
1525
1479
1545
1484
1534
1539
1522
1539
1522
909
1537
1539
1521
1542
1527
1538
1537
1473
917
1534
1534
987
1536
1533
1171
1542
1519
1509
1541
1475
1472
1533
1525
1537
1542
1526
1475
1530
1537
1504
1522
356
1530
1532
1536
1524
1534
1460
1479
1535
1531
1514
1533
1530
1501
1522
1525
1535
1536
1535
1086
1479
658
1478
1535
1533
1396
1475
1534
963
1476
1459
1471
1524
1538
1528
1512
1508
1536
1528
1523
1483
1533
1513
1349
1539
1528
971
1542
1488
1426
1489
1537
1483
1550
1536
1530
1519
1541
1521
1525
1538
1547
1547
1098
1513
1531
1538
1472
1476
1123
1537
1528
1366
1482
1530
1525
1489
1543
1535
1539
1516
1524
1529
1532
1471
1516
1536
1474
1531
1051
1543
1509
1531
1399
1538
1487
1508
1528
1539
1522
1535
961
1477
1457
1507
1533
1542
1466
1521
1473
1536
1531
1538
1543
1526
1546
1534
1511
1495
1508
1517
1040
1487
1479
1539
1533
1480
1539
1483
1495
1541
1539
1267
1540
1468
1462
1514
1515
1497
1541
1490
756
1535
1529
1124
1515
1549
1571
1551
1493
1515
1486
1538
1540
1540
972
1543
1487
1536
1538
1357
1068
1519
1527
1504
1144
1527
1545
1342
1539
1497
1555
1536
1502
1286
1541
1528
1525
1541
1542
1525
1269
1535
1542
1542
1546
1546
1535
1549
1540
1525
1540
1534
1536
1536
1497
1481
1518
1472
1532
1546
1540
1515
1541
1532
1554
1547
1538
1547
1545
1126
1528
1543
1551
1544
1532
1535
1519
1522
1525
1543
1508
1537
1535
1542
673
1476
1529
1488
832
1548
1558
1542
1243
1540
1538
1548
1498
1541
1548
1513
1535
775
1537
1334
1468
1541
1545
645
1548
1539
1524
1529
1526
1530
1538
1486
1539
1530
793
1542
1535
1544
1465
1465
1526
1545
1545
1542
1480
1543
1542
1538
1514
1542
1523
1552
1486
1526
1544
1123
1542
1286
1538
1492
1446
1555
1467
1495
1505
1534
1519
1514
1540
1522
686
1542
1530
1527
1039
1537
801
1539
1547
1513
1523
1536
1541
1522
1553
1545
1542
1473
1519
1504
1293
1538
1540
1551
1541
1541
1544
1541
1462
1488
1534
1537
1502
1501
1484
1546
1541
1466
935
1473
1532
1541
889
1482
1539
1539
1485
1480
1498
1540
1462
1483
1530
1479
1544
1536
1539
1526
1515
991
1485
1493
1483
1476
1548
971
1421
1482
1549
1509
1537
1533
986
1537
1533
1549
1477
1540
1528
1543
1533
1496
1479
1062
1528
1548
1522
1548
1490
1510
1471
1533
1507
1478
1542
1538
1507
1535
1536
1537
1546
977
1488
1541
1536
1542
1548
1476
1534
1536
952
1499
1377
1398
1539
1533
1540
1489
1533
1155
1539
1473
1536
1508
885
1513
1513
1536
925
1544
1540
961
1502
1540
1531
1536
1536
1540
1141
1531
1537
1538
1527
1526
1536
1501
1542
852
1523
1525
1537
1533
1476
1479
1541
1540
1528
1512
1469
1485
1524
1477
642
1483
1551
1300
1502
1527
1527
1533
1480
1532
1539
1531
1539
1524
1539
1531
1490
1530
1489
1530
1163
1537
1543
1531
1098
1542
1486
1538
761
1525
1524
1546
1471
1490
1524
1539
1539
1199
1484
1542
1483
1490
1527
1541
1496
1538
1547
1521
1468
1542
1537
1552
1542
1534
1503
1541
1473
1531
1549
1534
1416
1301
1516
1539
1487
342
1528
1487
1492
1552
1546
1552
1548
1488
1540
1487
1523
1521
1538
1554
1495
1545
1514
1462
1474
1537
1544
1515
1541
468
911
764
1049
1557
1496
1547
1540
1529
1541
1535
1522
1540
1535
1545
898
1519
1545
1549
1477
1534
1540
1528
1529
1477
1535
1540
1519
1523
1249
1537
1535
410
1534
1541
1548
1537
1537
1545
1535
1530
1518
1527
1536
1431
1543
1531
1514
1539
1480
1518
1541
1530
1528
1506
1465
1491
902
1473
1507
1408
1483
1537
1469
1537
1543
1154
1460
1528
1540
1466
1547
1505
1524
1483
1493
1015
1530
902
1546
1533
1496
1545
1534
1541
1521
1487
1531
766
1525
1518
1523
1510
1517
1540
1532
1544
1543
1531
1527
1524
1538
796
1488
1541
1478
1056
1542
1558
1540
1535
1467
1544
1528
1538
1519
1521
1518
1535
1532
1535
1521
1538
1159
1113
1457
1467
1538
1539
1531
781
1538
1524
1543
1494
1523
1540
1526
1528
1522
1538
1541
1545
1480
1470
1493
1483
1526
1546
1374
1548
1516
1542
1526
1531
979
1485
1529
1533
1541
1477
1482
1527
1538
1503
806
1540
1539
1450
1537
1540
1527
1479
1540
1475
1494
1528
1519
1536
1494
1511
1525
1529
1461
1471
695
1533
1540
1518
1533
1525
1498
1512
1543
1533
1105
1520
1496
1532
1538
1523
1549
1533
1100
1541
1010
1534
1024
1482
1536
1482
1539
1561
1546
1539
1496
1527
1533
1517
1540
1495
1537
1528
1491
1539
1526
1521
1541
743
1545
1537
1487
1539
1540
1525
1534
1530
1476
540
1503
830
967
1543
1537
1521
1471
1498
1530
1122
1486
1538
1536
1506
1539
1524
686
1535
1539
1549
1524
1531
1543
1514
1526
1507
1521
1543
1541
1539
1479
1530
1541
1487
1538
1529
1528
1537
1470
1543
1536
1496
1536
1501
1542
1545
1486
1540
1497
1485
1518
1521
1106
1517
1544
1539
1471
1119
1542
1518
1532
1190
1480
1542
1534
1527
1537
1532
1539
1533
1511
1486
1467
1539
1533
1542
1533
1528
1536
1534
1529
1511
1535
1545
1539
1537
1538
1526
1539
1502
1481
1538
1061
1503
885
1536
1539
1531
336
1481
1476
1545
1542
1487
1310
1541
1522
293
1542
1331
1474
1539
1509
1470
1546
1529
1551
1527
1539
1541
724
1532
1517
1540
1489
1537
1540
1515
1528
1479
1481
1521
1460
525
1547
988
1528
1526
1475
1493
1539
1525
1129
1525
1533
1512
1485
1518
983
1532
1531
1504
964
1168
1455
1479
1361
1511
1532
1542
1525
1486
1543
1515
1543
1516
1546
919
1540
1484
1308
1493
1483
1458
1543
1487
1436
1528
1513
1532
1534
1534
1476
1537
1403
1469
1477
1532
905
1539
1470
1531
1531
1541
1476
1536
1535
1475
1533
761
800
1538
1528
1529
1535
1535
1535
1534
1478
803
1526
1513
1461
1533
1465
792
1545
1538
1518
1538
1533
1479
1538
1537
1532
1531
1503
757
1534
1489
1546
1523
1494
1538
1538
1120
1538
1538
1475
1073
1534
1533
1534
1477
761
1534
860
1531
1537
1524
1525
1469
1515
1540
1526
1533
1533
1500
1523
1482
1540
1491
1544
1528
1543
1484
1544
1500
1481
1534
1489
1536
1529
1498
1545
1477
1531
1490
1543
1536
1537
1548
1548
1524
1518
1539
1543
1533
1540
1536
1545
1542
1540
1523
1516
1546
1535
1507
1527
1535
971
1474
1526
1479
1485
1468
1509
1475
1539
1489
1545
1528
1539
1523
1517
1541
1542
1538
927
1529
1521
1524
1531
1539
891
1463
1535
1515
1529
1537
1531
1457
811
1530
1522
1544
1511
1533
1534
1542
1168
1530
1498
1535
1521
1540
1531
1525
1521
1505
1399
1024
1540
1525
1525
1518
1532
1527
1531
1477
1532
1487
1544
1497
1517
1466
1506
1474
1524
709
1548
1532
1542
1486
1121
1536
1534
1547
1535
815
1527
1534
1534
1537
1543
1531
1505
1528
912
1521
1533
1414
1547
766
1539
1498
1515
1533
1461
1533
1539
1493
1378
1539
1535
1441
1501
1520
1504
1546
1508
1489
1522
1545
1521
1458
1529
1533
1539
1553
1534
1479
1531
1519
1537
1532
1546
1480
1134
886
767
1502
1540
1530
1539
1485
1544
1472
1537
1523
1495
1540
1538
1532
1531
1518
1541
1466
1525
1486
1545
1533
1538
1507
1475
1536
1540
1475
1546
1540
1481
1540
1535
1535
1540
1540
1488
1545
1517
1541
1539
1537
1517
1542
1538
1482
1539
1506
1530
1354
1535
1524
1537
1515
381
1528
1499
1533
1536
290
804
1518
1478
1543
1512
1522
1529
1478
1543
1540
1540
1221
438
1474
1506
1530
1535
1395
1528
1537
1541
1537
1541
1540
1527
1525
1486
1462
1530
1314
1548
1512
1469
1526
1539
1538
1512
1520
1523
1523
1542
1515
1528
1471
1525
1532
828
1532
1527
1513
1541
1527
901
1510
1531
1532
1534
1532
1539
1537
1286
1529
1534
1364
1534
1545
1506
1491
1523
1549
1545
1547
1045
1186
1524
1529
1333
1546
1545
1486
1541
1368
1508
1538
1536
1479
1476
1518
1561
1551
1542
1439
1525
1547
1378
1064
1547
1542
1489
1565
1526
1552
1521
1433
889
1475
1512
1544
1548
1529
1493
1540
1539
1549
1482
873
1551
1529
1476
1539
798
1481
1486
1520
1541
1465
1507
1044
1544
1021
1485
1539
1492
1489
1528
1487
1514
1526
1523
1535
1530
1530
1536
1500
1534
1337
1478
1478
1540
1528
1525
1537
1524
1523
1533
1537
1529
1522
1524
1534
1492
1533
1539
1516
1474
1474
1101
1532
1474
1534
1541
1519
721
1470
1481
1489
950
1531
1551
1544
1421
1106
1487
1483
1503
1529
1528
1539
1536
1538
1537
1527
1520
1510
1513
1541
1519
1543
1535
1455
1527
1535
1510
1517
1493
1507
1488
1533
1532
1527
1547
1533
845
1235
1479
1527
1540
1372
1539
1508
1539
1478
1539
1476
1507
796
1535
1532
1487
1494
1536
1539
1548
1493
1533
1545
1507
1476
1474
1490
988
1535
1520
1522
1545
1539
1542
1546
1539
1543
1537
1522
1474
1538
1501
1527
1540
1541
1543
1470
1532
1531
1472
1501
1543
1540
1535
1509
1538
906
1535
1539
1543
1543
1457
1546
1499
1538
1544
1542
1478
1509
1503
1498
1524
1540
1485
1476
1532
1529
1537
1546
1108
1477
1513
1551
1534
908
1563
1481
1516
1478
1548
1463
830
1543
1531
1539
1540
1514
1122
1534
775
1533
1535
1521
1534
1466
1474
1522
1538
1535
1538
1526
1543
1522
1540
1155
1043
1473
1541
1131
1518
1538
1538
1477
1500
1536
1461
1478
1525
1540
1528
1543
1523
1478
1537
1527
1542
1518
1471
1479
1484
1478
1522
1542
1537
1543
1544
1523
1538
1537
1537
1170
1514
1531
1472
1542
1523
648
1007
1484
1534
1516
1532
1542
1537
1538
1545
1527
1535
909
1479
1549
1543
1543
1528
1522
1529
1493
1476
1534
1534
1527
946
1521
1549
1109
846
1476
1538
1535
1512
1543
1539
779
1532
1542
1477
1542
1532
1498
1529
1080
1317
1534
1510
1515
1522
1516
1532
1477
1509
1538
1539
1543
1518
1535
1537
1531
1510
1521
1550
1542
359
1552
1545
1480
908
491
1547
1490
1326
1136
1509
1543
1535
887
917
1495
1482
1549
1520
1504
1486
1539
1488
1545
1545
1515
1477
1485
1526
1552
1535
1527
1533
1524
1533
1483
1543
1537
1508
868
1421
1533
625
1527
1505
1492
1523
1537
1543
1500
1546
1487
1540
1486
1536
1537
1534
1532
1545
1510
1094
1510
1535
1501
1542
1532
1125
1497
933
1526
1520
1460
1529
1516
1536
1524
1468
1511
1537
1524
1544
1534
1533
1537
1531
1444
1519
1530
1469
1530
1471
1490
1543
1540
1487
1485
1537
1487
1523
1528
1527
1539
1553
1541
1101
1516
1511
1538
1492
1543
1223
1505
1543
1540
1466
1541
1536
1470
1527
1528
1538
1544
1540
1542
1548
1521
1525
1539
1536
1492
1535
1541
1544
1492
1536
1533
1522
1486
1538
1343
1526
1490
1550
1472
1530
1467
1542
1541
1559
1532
1528
1538
1542
1536
1540
1523
1484
1233
1529
1541
1549
1544
1533
1531
1515
1526
1528
1532
1526
1539
1531
739
1513
1537
1249
1490
1540
1527
1545
1544
1505
1485
1491
1456
1459
1539
859
1517
1494
1515
1540
1550
1487
1531
1535
1528
1536
1530
1538
1538
1479
1481
1538
1524
1545
1492
1528
1531
1538
1467
1541
1541
915
1520
1490
1491
1531
1534
1542
1516
1138
1532
1524
1480
820
1466
1536
1328
930
1530
1537
1481
1491
1475
1540
1545
1540
800
1539
819
1532
1530
1477
1199
1488
1507
1529
1540
1534
1541
1544
1281
1536
1529
1477
1477
1534
1543
1536
1541
777
1545
1526
1546
1539
1471
1536
1473
1529
1492
1536
1540
1513
1536
1531
727
1505
1547
1542
1459
1471
1519
830
1523
1545
922
1379
1515
1474
1550
1536
1543
1533
1510
1528
753
1533
1540
1536
1544
1533
1191
1554
1538
1543
1469
1563
1543
1490
1482
1020
1487
1481
1540
1550
1543
1524
878
1541
1545
1550
1483
1524
1538
1532
1535
1524
1550
1542
1543
1517
1534
1516
1530
1537
1542
1535
1528
340
1538
1470
1510
1532
1540
1540
1521
1523
1530
1547
1544
1528
1541
1543
1530
1543
1543
1181
1512
1535
1194
1480
1531
1537
801
1489
1534
1526
658
1537
1489
1547
1531
1546
1544
1537
1536
1536
872
1504
1519
1483
1303
1468
1564
1524
1492
1535
1543
1458
1470
1473
1537
1492
1529
1546
1547
1530
1536
1278
1534
1531
1545
1535
1527
1473
1543
1530
1537
1544
1168
1542
1501
1513
1527
1551
1536
1522
1489
1531
1542
1540
1521
1540
1538
1486
1519
1535
1539
1482
1540
1510
906
1520
1535
1048
1516
1542
1547
1542
1518
1535
1541
1529
1033
1542
1529
1478
1515
1541
1525
1517
1541
1545
1540
1548
1532
1535
1538
1516
1473
1544
1521
1530
1482
1473
1543
1534
1533
1535
1536
1541
1519
1479
1533
1488
1535
1536
1353
1464
1528
1537
1522
1461
1310
1512
770
1492
1536
1513
1516
1450
1536
1547
1177
1488
1483
915
1538
1533
1549
1519
1538
1543
1544
1530
1541
1486
1524
1423
875
1501
1539
1543
1526
1542
1530
1483
1537
1537
280
1532
1535
777
1493
1548
1529
1487
1530
1535
1530
1525
1539
1503
1527
1504
1542
1545
1472
1514
1531
1534
1526
1537
1542
1475
1480
1536
1534
1483
1539
1535
1531
1528
1533
1541
1513
1494
1538
1538
1467
1484
1528
1465
1539
1526
1531
1529
1474
1521
1545
1481
1443
1529
1503
1532
1521
1538
1528
1539
531
1474
1524
1522
1537
1524
1513
1512
1538
890
1542
1544
1546
1529
1538
1537
1540
1533
1485
1545
1536
1338
1531
1481
1542
1539
1536
1539
1496
1542
1531
1531
1540
1542
1517
1541
1545
1512
1540
1540
1470
1534
1538
1284
1518
1539
1537
1471
1470
1528
1518
1537
1530
1531
1534
1483
1517
1523
1491
1542
1542
1536
1532
849
1528
1503
1165
1505
1475
1558
782
1531
1488
1558
1176
1556
1486
1544
1546
1535
1551
1529
1453
1494
1546
1541
1550
1525
1487
1110
1503
684
1540
1486
1492
1531
1535
1540
1547
1536
1162
1511
511
1491
1544
1527
1528
1538
1498
1513
1534
1540
813
1363
1543
870
1544
1529
1494
1536
912
559
1471
1090
1539
1536
1543
1517
1540
1540
1534
1525
1529
1531
1539
1534
1533
1534
1531
1508
954
1528
1538
918
1534
1518
1520
1541
