3014
2986
3035
1584
653
2984
2991
2970
2985
3015
3007
3026
2975
370
2974
2966
2960
2985
2981
3008
2989
2989
2989
2985
2981
515
2974
3003
3006
3004
2997
2945
3005
3020
3017
2987
3011
3005
3002
2969
2939
2996
3016
2027
3016
251
1813
3006
815
3029
2981
2990
2973
3003
3000
3017
2179
3012
2984
2988
3008
2999
2975
2972
2983
2995
2592
2983
2993
3006
3002
3031
2966
2986
2987
3043
2988
3037
2978
2999
2872
3005
2999
2923
1234
2996
3012
2976
2991
2979
3027
2991
2961
2996
2986
2606
2999
3013
2854
3001
2756
2994
2998
2984
2995
2982
2994
2999
2965
1551
229
2972
2982
3007
3008
3004
2963
3019
2973
3010
3005
2971
3035
2998
3004
3017
2990
3002
1245
2961
2774
3040
2991
2993
2965
3011
2962
3073
1017
2932
2991
3002
2934
2758
2951
3005
2974
3005
3004
1780
2981
3000
2988
2990
2986
2972
2979
3019
2998
3001
2981
2967
2997
3008
2991
3008
2972
2963
2980
2959
2994
1240
1770
3019
1943
3006
3024
2992
2981
3006
3023
2987
2986
2972
2937
3010
2962
3035
2991
3024
486
2978
2991
3002
3009
2959
3035
2962
3075
2993
3009
2973
2968
784
2974
2954
3004
3006
2997
2992
2978
3000
3019
3010
2966
2956
2613
3003
2959
2914
981
2988
2951
2971
2991
2983
2982
2997
2593
2997
3015
2988
2967
2995
3003
427
3023
3006
3000
3030
3022
3026
2975
2989
3017
2975
2997
2981
3041
2783
2998
2980
2981
2908
2835
2971
3006
2849
2967
2994
2995
3028
3024
2996
2975
3015
2966
3005
3014
3052
3005
3015
2374
2963
2964
2988
2958
3021
2996
2990
2986
3009
2989
3020
2991
3009
3018
2959
2987
2956
2975
2997
2990
2998
3012
2956
2980
2994
2943
2859
2953
3019
2975
2999
2937
3004
2977
2963
3004
2971
1099
2984
2975
2981
3005
2710
3037
2972
3003
2993
2999
2959
2984
3005
2999
3028
2874
2967
2966
2995
2985
507
2986
3007
2965
3003
3027
2967
2976
845
2993
2974
2984
2261
2984
1492
768
3012
3002
2963
2999
2956
3012
3008
3002
2954
3001
2994
211
2973
2949
2995
3012
2949
2996
3023
3019
2987
2971
2967
3001
2943
2999
3010
3012
3001
2997
2993
2109
3016
3023
448
2942
3002
3007
2998
2879
3022
2970
2931
3022
3002
3003
2047
2962
2975
804
2991
2970
3019
3005
2974
2992
2983
2977
3009
2983
697
3000
3027
2992
3025
340
2978
2785
1204
2975
2997
3036
3008
2992
2989
3025
3018
1191
2992
3010
3001
3005
2967
2975
2995
2905
2969
3022
2964
2989
2971
3011
3002
3001
3019
2942
2970
2966
2963
3001
2967
2807
3017
3021
2995
2999
2976
2619
2991
3021
2979
2963
2998
3019
3004
3004
2852
509
2895
3003
2798
3007
2999
3014
2980
2984
2993
3014
2973
2981
2988
2999
2992
2992
2980
3007
2997
3025
3037
3009
3011
3020
3013
3003
2946
2996
225
2983
3000
2950
2946
3019
2973
2362
3014
2997
2974
3006
3001
2857
3001
2775
2972
2993
2994
3012
2978
2529
3007
2903
2988
2999
3035
2983
3028
2994
2987
3010
2988
3008
3012
2997
3008
2972
2981
2985
2998
2781
3008
2978
3010
2234
2986
2643
3011
2983
3013
2973
672
3007
2994
2914
3010
2952
3020
3003
2981
3031
3021
2983
2960
2411
2525
2901
2998
3009
2521
2952
3010
2036
2980
2972
2980
2943
2980
3038
2992
2949
2922
2998
3009
2984
238
288
2970
2997
3007
3007
2782
3024
3009
3066
2985
2961
2962
3003
3019
3024
3070
2914
3013
2983
3073
1953
2983
3013
3011
2993
2783
3005
3008
3011
3018
3026
2997
2880
2965
2587
2999
3019
3008
2994
3011
3028
2986
2054
2986
2995
2995
183
3010
2920
2973
2984
2987
2994
2990
2967
2999
386
2980
3005
3012
3008
2938
3002
2995
3009
3016
2982
2953
2963
2983
3039
3008
2889
435
2984
1615
725
830
3026
2966
1212
3003
2981
3012
2996
2980
3013
810
3021
2976
3019
2986
3014
3005
2991
2979
3009
2976
291
2992
2993
3007
2952
3011
2975
3002
2994
2995
3003
552
544
3002
3014
3045
2976
2997
2967
3018
3015
2987
3010
2959
2959
2889
2969
2967
3014
2975
3011
3012
218
1423
3001
2993
2985
2995
2955
2979
3022
2997
2981
2978
1936
2998
3004
3025
2082
2978
3004
3015
2993
2991
2976
3019
2978
2918
854
3039
2966
912
2990
2830
2990
268
3049
2990
3002
3002
3041
3024
2962
2967
3015
2987
2998
3012
2711
2989
3011
3002
2965
2999
3019
3012
3037
2994
2992
3011
2991
3003
2978
3007
2958
2969
2990
2631
2964
2965
2986
3014
2963
2948
2970
2990
2978
3007
3001
2997
2969
3018
2999
2993
2122
3027
2991
3020
2981
2995
3004
2924
1397
3000
2986
2999
3006
3010
3006
3010
2997
1715
3012
3007
2999
3002
3014
283
2992
2973
3001
3078
2989
2981
2298
2987
2993
2963
3008
496
2990
3019
2954
2833
2947
2996
2977
2977
2994
2987
2958
3013
2999
3004
2984
3019
3004
2988
2961
2983
2962
2976
2988
3011
3022
2985
2989
2997
2992
2994
3000
2987
2992
2991
3050
2989
3007
2975
1288
364
2983
2980
3027
2974
2987
2983
2979
3030
2993
2996
2711
2998
3017
2948
2973
2999
2970
3000
2977
2982
3005
2988
3012
3008
3008
3010
2927
3013
3013
2989
3000
3008
3013
1250
2986
2987
2993
906
2971
3010
2992
3027
2987
2981
2971
366
3005
2988
3017
2977
3017
1788
2944
2971
2991
2967
2990
3015
3011
3007
2979
2966
3001
2992
2996
3031
3001
2956
2956
2343
544
3001
3007
3005
3005
3003
2998
3032
3008
3001
2994
2990
3010
3029
3006
3004
3007
2994
2986
2601
3006
3000
2981
2953
2897
2949
3023
3004
1132
3022
2989
3013
2957
2997
2950
2993
2970
752
2991
2989
3011
2988
264
3010
2998
2955
336
2984
3003
3066
2342
2985
2920
3006
289
2971
2993
3007
2759
3006
2994
2960
3048
2992
3010
2996
3018
2993
2993
2984
3013
3003
2984
3000
3005
2977
2989
2972
409
2959
2968
2988
2995
2990
3027
3006
2978
2970
2958
2971
3015
2994
2977
2985
2995
3000
3003
2996
2939
3035
3002
2989
2984
3027
3018
2992
2991
2997
2896
204
3000
3000
2984
3076
3014
2984
2958
3019
2964
3004
2994
2979
2981
3010
3015
2994
2997
2979
2978
2958
2960
1213
3019
1334
2983
3007
2790
3012
2817
2990
2173
2958
2984
2995
2939
2986
2873
2983
2967
3000
3000
3020
2975
3004
2998
2978
2986
3021
2976
2986
2998
2998
2978
2972
2997
2996
2969
2944
2966
2979
3029
2991
2944
2996
2998
2964
2986
2992
2992
2721
2963
3006
2993
2981
2984
251
2213
3010
1032
2984
2985
3005
2994
3012
2980
2989
2994
3014
2702
3006
503
2964
2988
1424
2970
3003
3000
2965
3001
2979
3001
2993
2972
3012
2987
2660
2922
3019
2998
2978
2238
623
1827
2998
2980
2990
2984
2999
2901
2438
2985
2958
3001
3017
2995
2997
2983
3012
2977
2756
3006
3015
2923
3001
2914
2607
2989
2997
2973
2983
2540
2997
2974
3016
1804
3009
3007
3011
2425
3012
3018
3022
2947
2941
2992
3008
2994
3008
3000
2956
3002
2536
1615
2962
2994
2970
2617
3005
1490
3003
3011
2975
3002
2966
2979
3016
2979
2967
3012
3011
2989
2982
801
2997
2991
3014
2999
3002
2981
3024
3007
2986
2896
2987
3000
3018
2968
2972
3006
2984
3009
3008
2665
3012
2990
3014
3005
2995
3022
1476
3011
2983
2974
2737
3073
2982
3032
3032
2993
2989
2916
2982
3035
2907
2969
2973
1172
2990
2964
2983
2968
2960
2995
3016
3021
2986
3017
2982
2437
2985
2987
3007
3034
3002
2996
2981
3003
2975
3022
3005
2996
3000
2993
2999
2987
3021
2995
2723
3009
2984
2985
3030
2986
2978
2970
2991
868
2994
2952
2917
2974
1685
2997
3009
2978
2972
3014
3018
3056
3049
2969
3037
2982
2987
2990
3018
3018
2701
2956
1346
2965
3002
2999
2993
3025
2993
2973
2998
2986
3004
3013
2964
240
2989
2986
3017
2812
2974
2985
2995
2986
2992
3008
2991
2988
2996
2182
2998
2995
3011
2989
3062
2974
2997
2952
2969
2999
2336
2990
1101
2983
2955
3030
2972
2982
2979
2988
1344
3010
3016
404
2519
3009
2972
2988
2976
2989
2984
2994
3003
2979
2995
2963
2994
3014
2973
2986
2995
3002
2957
3010
3025
2992
2979
2993
3024
2997
2981
2984
3007
2949
1970
3008
2975
296
2987
2994
2987
2902
3025
3000
3038
3006
3002
2979
2989
3011
2987
2996
2993
3003
2964
2965
3009
3021
2783
3005
2902
2970
2946
2976
3000
3039
2974
2984
2984
2971
2998
2986
2988
2993
2982
3019
3025
1229
2669
2979
3001
2972
2996
3001
3003
937
2993
3001
2783
3007
2842
2979
2996
3000
3087
2951
2996
3022
3001
2983
2884
2896
3000
3001
3001
2448
2975
2995
2992
2666
2988
2977
2987
3011
3027
3005
3003
2975
2935
2604
2978
3037
2988
2977
2995
2978
2973
2983
2987
3013
3011
3002
2988
3003
3002
3008
2770
2992
3019
3014
2994
2986
2976
3026
2999
2928
2973
2968
3014
3002
2997
2999
1645
348
2988
464
2760
2898
2549
292
3009
1961
3008
3016
2980
3003
2986
3004
2983
2971
1346
2981
3005
2994
3029
2998
2975
3006
2993
3010
2957
3015
1074
2988
2991
2350
3000
3007
3008
2966
2983
2998
3027
2977
2975
2970
3028
2984
3013
2992
3023
3043
3004
3001
1540
3024
2150
3008
2926
2960
3007
635
3013
2972
2975
3006
2980
2978
3008
2401
3000
2944
2994
3009
3019
3029
3004
2999
3011
3006
3021
2975
3002
2979
3023
3012
2991
2983
3011
3011
2003
2991
2977
3029
3042
2939
3006
3009
3016
2993
2908
2980
3010
2996
2957
2641
1920
3005
2638
2995
2965
3057
2965
2424
3011
2994
2984
3043
2991
2376
3003
213
2968
3010
3002
3001
2984
3009
3022
3002
2989
2979
2961
2938
3023
2987
2991
3009
2978
2990
2996
296
2988
2993
2967
2982
2418
3033
2999
2971
2984
3025
2997
2995
3005
1553
2982
2911
3012
2993
3004
3002
3018
3071
2936
2991
2982
1727
3006
2448
2949
2975
2994
2615
2987
3019
2980
2449
2999
3009
2961
2972
1008
282
2958
2979
3007
2983
3008
3077
2965
370
2956
2963
2996
3010
2994
2993
2999
3022
3017
3009
2991
1912
2984
2994
2969
2941
3011
2940
2371
2998
3014
3011
2445
3006
3025
1273
2979
3031
2957
2995
3002
2983
2942
1735
224
2995
2978
2609
2992
2006
3020
3008
3011
2983
3010
3004
2993
2959
2995
3040
2532
3007
598
2994
3000
2973
2970
3000
3000
388
3015
2990
3006
3016
2965
1972
3010
1330
3017
2978
2444
3014
2969
2975
3004
2951
3004
2993
3004
3000
3048
3000
3004
3010
2981
2999
2990
2996
3008
2778
669
3004
2977
2965
2982
3023
3032
2985
3000
2975
2972
2997
3005
2956
2973
2996
3014
2998
2984
3011
2939
2992
2701
2921
2998
2999
1710
3041
2962
3018
3008
2998
2989
2950
2999
2940
733
2965
2975
529
2982
3001
2973
3012
3017
2980
2965
3004
3013
2966
3001
3010
3014
2995
3001
3006
3013
3003
2954
3008
2991
2993
2042
3014
3040
2978
2952
2999
2998
3014
2306
3041
2983
2992
2994
1575
2992
533
2933
3017
2993
2972
3012
3033
2973
3014
3032
294
3009
2993
3000
2998
3038
3006
2971
1624
2957
3033
1471
3010
3016
2996
2992
2981
2980
3018
2847
3009
2999
1655
2993
1294
2999
2983
2999
2998
2982
3005
2995
2980
3004
3003
3001
2997
2784
3013
3007
3002
2961
1812
3006
3012
3015
2944
2983
3005
2997
2991
3001
2989
3031
2996
2946
3013
2922
2989
736
3003
2979
2966
667
3038
2982
2985
3020
1740
3025
3008
1231
2952
2519
3027
2961
3025
3005
2994
2946
3005
2179
2981
2070
3009
3020
2961
3001
2999
2834
3026
2999
2985
2994
2988
3003
2986
3011
2944
2953
174
3027
3013
2983
2999
3042
2992
2990
2994
3091
2990
2977
2993
2032
3011
3009
467
2997
3025
1755
2089
605
3007
2997
2967
3006
2993
2358
3006
3009
2978
3013
3010
2989
2970
3013
3005
3005
1489
3005
3000
2978
2986
2987
2947
2975
2998
2995
2341
2984
3024
3002
3004
3082
2983
3028
2980
2996
2156
2989
2995
3001
2993
2979
2990
2997
2955
2994
2974
2999
1227
3010
2437
2967
2981
3033
3046
2974
2993
3000
2965
2905
3006
2972
3017
2999
3001
2957
2979
1366
2935
2987
3016
2961
3007
3024
3000
2990
2970
2987
3008
3009
3016
3003
2979
3014
2993
2944
3001
3007
1003
2995
2976
3061
2934
2987
2996
3007
2978
2987
1065
2981
3000
2161
2955
3003
3005
3005
3010
2710
3008
2996
2956
2982
3021
2985
3011
2980
2984
3021
3039
2917
3000
3015
2976
348
2998
2132
3025
2967
2999
2994
2987
2988
2999
2982
1908
2895
2996
2748
2985
3010
3021
1657
2971
2996
3005
3013
2987
2941
2996
2989
2999
2949
1445
2979
2980
3008
3001
2998
2976
3004
2984
1807
3015
3009
1383
2951
3005
2985
2623
2969
2988
3015
3016
3013
2970
2990
3090
3041
2984
2995
3004
2982
2984
2977
2990
2470
2766
2959
2996
3010
2985
3016
2998
3030
2982
1653
3010
2978
2040
3025
2999
2968
2970
1379
3099
3026
2992
3005
1610
2996
2995
2976
2966
3029
3004
2960
3011
3009
2987
2978
2997
3009
3024
3023
3008
2813
2992
3005
2375
2971
2675
3020
2986
2975
3084
2962
2997
2994
3002
3009
1782
769
243
3018
3081
2813
2980
2983
3004
3010
2975
2922
3002
3001
2945
2952
2973
3002
3003
2969
2902
3001
2995
2973
2984
3002
2989
526
3011
3022
2989
1441
2968
3015
3000
2994
3003
385
2953
3008
2974
1069
2978
2390
3011
3021
2991
742
2991
3020
3012
967
2992
2938
3022
2985
2982
2991
3004
2986
3008
3013
3002
3013
2990
2961
2989
3021
2969
2997
2972
3012
3003
2965
2980
3009
2871
2851
2968
2949
3001
3010
2984
2997
2967
1712
2988
2961
3026
2995
3001
2997
3003
3003
2985
2994
3015
2972
3001
2974
3043
2984
2995
3019
3019
3003
2995
2987
2988
2971
2952
3016
2980
2976
3006
416
2957
2995
2970
2977
3010
3002
2992
1492
2986
500
3003
2995
2983
2992
2994
3010
2746
3019
3012
2981
2999
3021
2198
3011
2969
2916
3014
3020
2948
2116
2996
2945
2974
3012
2986
3002
2999
3003
2971
3011
2998
2989
2997
2995
3006
2965
2979
2986
2962
2996
763
2993
2987
3027
2992
2987
3007
3011
2976
3047
3001
3031
3004
3003
2966
2994
2973
2989
2404
3030
2993
3016
2991
3077
2973
2992
3027
2998
2551
2992
2993
2973
3006
2995
3018
2986
3010
2998
2989
1685
3013
2977
863
3011
3003
2960
3025
2958
3003
2448
2958
3000
2975
2931
2809
3005
2976
2991
3016
2851
3028
3012
2217
2998
2973
1061
2996
3002
2994
2986
3022
2986
3029
2965
2993
3029
2995
3002
2990
2992
278
2908
3027
3010
3004
3005
2991
3031
3019
3004
3028
3008
2996
2967
2998
3001
1611
2979
2964
3013
2988
1242
2995
2978
3024
2999
2990
3012
3002
3003
2969
2595
2987
1624
2973
3011
3006
2993
2971
3008
1131
2978
2997
3006
3024
3005
2986
2977
2978
790
3012
2996
2956
2999
2994
2996
2982
193
2971
2975
3008
623
2989
3018
3017
2986
3014
2993
3003
2968
2994
634
2987
1423
2951
1750
2978
3020
2966
2988
3014
2084
3016
3015
2986
2602
2995
3033
2977
2546
2994
2994
527
3004
2994
3037
3070
3033
2982
2958
2357
2985
2978
2954
2972
3013
2972
2981
2995
3019
2999
2963
2169
2991
3001
2998
2960
2963
3007
2986
2937
3020
3001
3015
2956
3019
2742
3038
3019
2088
2984
2897
3021
2985
3001
2997
3016
3000
2939
3002
3022
2996
2786
2989
2994
3000
2907
2118
2987
591
3010
3004
2990
2836
1249
3045
3037
2995
2974
2982
3002
2989
3009
2991
2965
2950
3005
250
3002
2997
3015
1894
1973
2980
2968
2970
2999
2994
3040
3010
2805
2994
2972
3005
3021
2979
2972
1464
2990
2996
3005
2996
417
2955
2999
2988
2439
2967
2979
2996
2877
2992
2997
3002
2973
3023
2993
2986
1854
2945
2996
2974
2981
3023
2981
739
3029
3008
3013
3009
3018
3025
2976
2986
2989
2965
2960
2989
3004
2989
191
3007
3011
3001
2959
3029
3060
350
2966
3004
3019
2973
2995
2978
2937
2999
3002
2984
3008
2989
2973
2985
2962
2967
2994
2993
3005
3016
235
2998
3027
2996
3027
2982
1740
2996
3011
2998
3016
1091
2997
3016
2986
3007
2991
2995
2991
3012
3012
3047
3018
2991
3010
2999
2988
3003
2989
2978
2466
2993
2801
3004
3017
2966
2995
2976
3013
1332
2299
3009
293
2935
3018
2997
2964
2994
2958
3004
2990
3007
2994
2040
2994
3033
2991
2988
2998
2972
2989
2954
2960
3036
2980
3019
3006
2997
2971
2996
2978
2999
2997
3020
2857
3005
2974
2975
2993
3022
2980
2634
2991
2997
3000
3004
2992
2985
2935
2987
2989
2998
3019
3004
2791
2987
2686
2996
2994
2972
2985
3003
2980
2967
2922
2481
2956
3004
1414
2744
3019
3021
2995
3005
2793
2977
3030
2991
2982
2980
2940
3015
3014
3024
3013
2962
2991
2994
3018
3014
2968
2978
3012
3017
2991
2976
2977
3002
3004
2989
2990
3008
2967
2970
2968
1704
2934
3001
3003
2994
3008
1595
2998
3015
2976
2988
2984
3005
3006
3004
2970
3022
2995
2980
2959
3002
3008
2818
2964
3016
2959
2997
2959
3003
3017
2992
2996
2983
3005
2992
3018
2965
2933
3018
3058
2989
3011
2567
3016
2988
2985
2863
2989
3021
2985
2985
2967
3013
3028
2973
2971
2963
3016
2980
3002
3014
3015
2637
2979
1851
2972
3001
2972
3011
2985
2984
2992
2963
3002
2992
492
2838
3006
2967
2992
3012
3007
2799
766
2969
2947
3034
3025
2984
2976
2956
2989
3035
2971
3004
3014
2991
2975
3000
2996
3037
3021
3006
2999
1956
2977
3014
2956
3006
3013
2994
2983
3010
2974
3028
2988
2997
3022
3007
3010
3013
2974
3006
2994
2993
3011
3032
3010
2984
3027
2933
3002
2987
2994
3004
2988
2980
3006
2879
2979
3004
1820
3002
2979
2961
3029
690
3012
2997
3006
3032
2963
3003
2979
2979
3117
3011
2982
2993
2977
1726
3023
2929
3008
3008
2966
2981
2886
3074
2989
2979
2996
3004
2980
3009
2938
183
379
3003
1334
3009
2748
2945
3003
2988
3021
3026
304
2493
2961
2999
3020
3022
2971
2972
2980
2902
2986
2992
3003
3003
2978
3025
3009
2983
2962
2989
3024
3010
2984
2996
2976
2954
3010
2953
3024
2991
2985
3033
2995
3007
2974
596
2784
2984
2991
2994
1060
2967
2993
3011
2977
3016
3026
3028
3025
2959
3034
3011
2934
3021
3001
2977
3008
467
2977
2646
1571
2215
3003
2952
2989
2979
2998
3012
2978
2899
2958
2414
963
2995
2996
2884
2997
1767
3000
3009
3045
2994
1263
2992
2990
2973
2991
2993
2951
2954
3012
3014
3003
863
3010
3008
3021
2975
2959
2937
3008
2986
2998
2988
2985
3000
2990
3013
2999
2127
3002
1565
3007
2979
3037
3007
2584
2976
2997
2978
2993
3001
3003
3014
3021
2941
2987
2993
2999
2979
3004
1818
2952
2979
2984
3011
3008
3002
1556
2980
3009
2994
3039
2861
3001
2967
2997
2990
3004
3015
3000
2995
3009
2997
3010
3000
3006
3006
2942
2443
3000
2998
2996
1076
2978
2994
3009
2982
2295
3072
2965
2995
3012
2974
1997
3008
3021
2953
2973
3014
728
2996
3009
3014
2984
2989
3030
3015
2967
2985
2982
2997
3000
3012
3023
2988
2966
2976
2996
2985
2986
914
2766
2979
2967
3011
3015
2985
361
2964
3000
3006
2976
2971
3011
3008
2981
2119
1766
2967
2995
3013
3008
2309
3013
2984
3007
3083
3000
2916
3003
2982
2996
1686
2989
2552
3004
2849
3017
2899
3012
2994
2987
3003
3010
3005
3029
2993
2990
3008
2972
2926
2942
3020
3037
2992
3001
2764
2948
3007
2990
2979
3001
2997
2999
2976
3001
2839
2993
2986
2999
2971
2969
809
2739
2958
2985
3003
3007
1232
2985
1436
225
3022
2978
2710
2980
3017
2989
301
3006
2985
2989
930
2823
1771
3039
3014
2990
3003
2988
3008
3007
2995
2980
505
3027
3002
2956
2997
3003
2997
2998
3009
2984
2977
3016
3004
3012
2993
2997
2993
3011
2982
3018
2020
2999
2993
3007
3022
2991
2998
3009
2879
3020
3000
2996
2762
2998
3010
3010
2793
2977
3015
3018
2985
3010
3015
2964
2996
3010
3009
2987
1281
3020
2986
3006
2996
3001
3000
3052
3034
3004
3021
2939
2982
3028
3003
3037
2948
3008
2961
3000
3004
2292
260
2977
2989
2918
2996
3003
2987
1804
3018
3025
2870
1472
3014
2999
3072
2989
2898
3019
2988
2995
2996
3003
2193
3008
2988
2993
2963
2991
2955
1586
3021
2984
2982
2685
2989
2879
2996
3008
2970
2986
2986
2987
2989
3020
2953
396
3019
2987
852
2952
2997
3005
2968
3004
3000
2992
830
2944
3000
2997
3013
2973
275
2996
2832
2994
2992
2658
2979
2974
2973
2858
2999
2931
3001
2971
2937
3014
2989
2961
3015
1695
2967
2953
2979
2991
2959
2857
2998
2972
3015
2993
2987
3015
2992
3020
2999
2980
2958
2796
2977
3007
2987
2962
2738
2278
3008
3013
3015
2990
2939
3032
2977
2947
2987
2986
3001
3009
2999
3015
3002
3024
2990
2996
2988
2974
469
2996
2909
609
2991
2996
3009
604
3002
2992
3005
2998
2942
3021
3013
2983
3000
2967
322
1281
2603
2996
2970
2967
3000
545
2925
2992
2988
3006
2981
3010
2965
2981
2739
3009
3012
3002
3010
2989
2989
3009
3008
3013
2826
2997
2995
297
3001
2976
3006
2988
2982
3040
2847
3008
2999
2967
2437
3009
3023
2995
3008
2969
2995
640
2997
2991
2961
2994
3005
2962
2444
2997
2542
2974
3012
3005
2951
3024
2978
3008
2793
2972
3024
2985
2988
3006
2974
2863
2821
2999
2977
2984
1221
3010
3015
1053
2986
3008
2994
2984
2991
3003
349
2834
2990
2992
2986
2998
3014
2985
3007
2974
2992
3007
2998
2957
2743
3021
2993
2988
829
3012
2994
2980
1569
3005
3012
1975
3003
2996
2984
3001
278
3009
3023
2998
2975
3027
3019
2975
2989
3039
2721
2987
2991
2967
3017
2935
3005
3007
3023
2968
2984
2971
3006
2967
2986
3010
2978
3010
2975
2911
816
2985
3001
2993
3002
2994
3005
1347
3011
2948
3005
3001
2967
3006
3070
2988
2980
2985
3013
3010
3001
2996
3011
3028
2957
2999
3007
3012
2988
2315
2983
3049
2991
3016
2990
2986
2997
2990
3012
2955
2790
2991
3014
3001
2983
2992
2955
3002
2969
3016
3073
2987
3013
2960
2982
2925
2999
2050
2668
968
2988
3026
2995
3028
3003
3005
3064
3019
3000
2954
2973
3014
2995
2962
2962
2985
2981
2908
3028
2986
2141
2996
2988
3012
2215
2988
3000
3026
3013
2980
3022
2962
2989
2974
2977
3015
2997
2995
2935
3002
3045
2986
3013
3020
2989
2974
2959
2978
2996
2978
3015
3027
2937
3006
2997
2987
3002
3002
3011
2999
3010
2993
2650
2977
2974
2959
3015
2995
2988
2942
2998
2951
2997
727
2971
3016
2996
2992
3003
3021
2976
2993
3025
3026
3030
2992
3040
2987
2992
2967
2908
290
2976
2990
2989
397
2864
2959
2974
3015
2970
2984
2989
2989
3011
2202
3008
2623
3004
3013
3032
2927
2981
2978
191
2965
255
2959
2984
3010
2969
2978
2769
2957
3009
2955
2990
2474
3032
3008
3001
2996
2977
2612
2998
3013
2982
2984
1533
3029
805
2991
2946
3018
3000
2746
2943
3013
2999
291
2999
2980
3006
3065
169
3025
2999
3040
2823
2998
2996
2990
3000
2528
3004
2985
2960
3004
2436
1804
2983
1857
3008
3022
3010
2995
336
2995
3001
2997
3048
2997
2956
778
2955
2700
2985
2955
2980
3027
2975
2995
2989
3020
2997
2985
3005
2986
2009
2975
2950
3026
2977
2999
2849
3024
2968
2982
2967
497
2982
3015
2991
2985
2987
2987
3004
3010
3004
3017
2996
3013
2969
2925
2952
2964
2348
2355
2879
3014
3005
3000
3017
3004
2989
2995
2946
2999
307
2994
2996
2992
3004
2978
2996
3021
3014
2995
2988
2975
3015
2991
2999
3005
3008
2980
2977
2911
2978
2976
3003
2994
2993
3017
2970
3012
2984
2742
3003
2977
2531
3009
3001
3069
2982
3002
2987
2963
3010
2967
3030
266
3006
2762
3009
3026
2991
3004
3008
3004
2985
2980
2999
3014
2995
3042
2985
3005
2954
2987
3001
3028
3009
3001
3004
2933
2980
3002
2991
2990
2978
2979
2921
3057
2989
2998
3004
2984
3019
3002
2960
2997
3037
2969
3015
3008
3006
2993
3008
2983
2432
3000
3025
3004
2947
3010
3001
2991
3015
2995
2989
3052
2987
3020
2938
2777
3003
2984
3064
2960
2987
2946
3008
2995
3022
2964
2983
2991
2972
3009
3016
3038
3001
3006
3019
2999
1145
2969
3013
1521
2986
3007
2969
3002
3036
3023
2946
3029
2996
1882
2980
2980
314
2977
658
2764
2979
201
3022
2969
2987
2993
3005
2967
2976
3008
2999
3021
2317
587
2956
2986
2957
2981
3008
3013
2893
2979
3023
3014
2960
2974
3000
2989
2999
3019
3023
3017
3018
2801
3022
2971
3029
2686
2985
3006
2993
2966
3003
2967
2991
3007
2947
2159
2954
2996
2986
1182
3003
2991
2984
2961
2999
3009
3019
2989
2962
3015
2998
3022
2993
2728
2998
2699
1529
2952
3000
2989
2974
2997
2094
2987
3012
3002
3014
2975
2958
2998
3005
2982
1284
3028
3036
2987
2997
2993
2999
2962
3011
2945
1694
3004
3000
2984
2999
2988
3011
2986
2991
2901
3005
3011
2962
2988
2978
3012
3017
2994
2273
2991
2784
2992
2965
3030
2996
2999
2981
3002
2986
3001
3002
2990
3000
1008
2998
2115
2998
2966
2982
3006
2993
2974
2089
2994
3004
3024
2059
3018
3071
2809
2992
3007
2989
3000
2962
2977
3014
3001
2984
3000
3016
2900
3011
3013
2968
2490
2139
1368
2995
2253
3023
2979
3025
2885
3017
2606
2983
3002
2960
2985
2987
946
2992
2995
2985
2401
2974
272
2973
2994
3006
2992
2989
3001
2996
2959
3004
3009
2972
2999
2764
2990
2981
2975
2991
2972
3030
2983
2994
3016
2999
3018
2990
2971
3005
2990
2984
2965
3024
3017
3008
2997
2993
3002
2953
2972
1359
3013
3015
2959
2961
2824
2969
2989
2978
3008
2980
2973
2920
3022
2991
3002
2875
3001
2939
2991
2968
3026
3000
2993
3033
2995
2994
3001
2967
3010
2996
3021
2991
430
3011
2997
552
3014
3019
3021
2965
3039
3012
2983
2913
2994
2744
3016
2959
2997
2959
2985
3007
3022
2977
2993
3011
2962
2952
2990
2995
2983
911
2850
3009
2999
3009
2638
3001
2972
2995
3033
2989
2978
2948
3003
2999
3006
3007
2993
2965
2978
2989
1532
2993
1852
2163
3010
2169
2976
2981
3030
3003
2122
2994
3014
2979
3002
2850
2999
2997
3019
2982
2988
3003
3005
2976
3005
3001
3009
2981
3003
3005
3028
3024
2973
2979
3007
3003
2987
2950
3030
2964
3003
2998
2993
2983
2933
2994
3021
2991
2958
2968
2977
673
3013
2985
3027
3004
1800
237
2986
2958
2989
3019
3013
2996
2999
2999
2988
3009
3015
1242
2931
3001
2978
2997
2972
3007
2975
2998
3001
3030
2993
3015
2987
2927
2802
1718
3011
2978
2980
909
3028
1337
3018
2986
2989
3015
3040
3010
2996
804
1771
3009
3036
3029
2981
3018
2990
3077
2984
3008
2998
2989
2942
2988
2993
2979
2989
473
3005
3009
2062
3011
2998
2975
2975
3004
2996
3014
2990
2979
2999
2698
2985
3019
3007
3012
3025
2998
3021
3032
2970
3010
3001
2992
3016
3034
3031
2984
2987
3008
2985
3003
3007
3001
2964
2957
3001
3018
3021
2981
3023
2662
2954
2954
2899
2764
2991
2980
3008
3008
2325
3003
2960
2959
2983
3014
3018
1725
2981
3053
3005
3000
1273
2991
2988
2945
2993
3007
3016
2997
639
3008
2898
2944
2996
686
3027
2983
2997
3018
2997
2968
2210
2982
411
2969
3003
3013
2979
2962
3019
3000
405
2828
2978
3010
3000
2987
3001
601
2997
2985
2964
2970
3016
202
2997
2995
1727
2998
3008
2736
2984
2986
3044
2870
2981
3003
2569
3001
3004
3009
1650
2958
2996
2990
3035
2894
3015
2984
2619
2988
1022
3008
3022
2952
3021
2946
2922
2978
2986
3057
3009
2995
2996
3014
2996
2928
2977
2947
2790
2976
3015
3012
3024
2997
1753
3014
3016
2970
2399
2991
2819
3010
3018
1358
706
3002
2942
2998
2983
2998
3022
2989
2998
2996
2976
2990
3025
2987
3002
3009
3019
3018
3001
2935
2955
198
3002
3013
750
2984
2831
2988
2941
3013
2990
1726
3012
1441
2425
3033
2961
2977
562
2998
2994
2997
2624
3047
3015
3002
3007
3004
1714
2973
3018
2962
3004
2980
3019
2993
3015
2985
2975
1614
3013
2943
3002
3006
2431
3000
3004
2989
3009
2996
2996
3027
1031
3071
2944
2934
3001
2970
2992
3021
2882
2978
3023
2975
1802
2975
2975
2934
2218
2862
2995
2973
2958
2752
2950
3018
2992
3011
3022
2599
3012
3001
2968
2999
2961
2972
2986
1278
2655
2980
2998
2983
2998
2978
2996
2989
2541
3001
3024
3002
3011
3007
3003
1049
2999
2997
2967
733
3004
2993
3009
3002
3006
2989
3012
1947
3001
3000
827
2998
2970
2974
3021
2961
2983
3007
2892
2999
3003
3017
2989
3003
3027
2985
3008
3017
3007
3005
3045
2989
2991
3002
2971
2994
2979
2965
2972
2957
2999
2998
2965
2964
3007
3001
3000
2996
2690
2992
2994
2723
3009
3024
2971
3016
3000
834
3012
3003
3000
3000
3003
3013
3004
3005
2974
3026
2976
3002
2968
2980
3008
3010
2976
2996
2989
2782
2963
2954
2962
2922
2972
2993
2988
2965
2999
3034
2995
2985
2983
3014
2990
3007
2981
2960
3002
1858
2973
2993
3017
3057
2998
2963
214
515
2973
2871
3024
2992
657
2980
2990
3002
3010
3001
2976
2974
2970
2985
2984
2993
2966
3017
2994
2998
3019
2975
447
3013
3019
2995
2991
2990
2919
2987
2960
3009
2940
3012
2998
2974
2975
2922
3016
3060
2954
2989
3022
2979
2994
3010
3021
2999
2982
2990
3002
2985
3000
2972
2985
3026
3008
1164
2248
2939
2995
3006
3017
2984
2989
3009
2975
2984
2993
2793
1306
664
2978
2996
2982
2998
2994
2997
1154
2971
2998
2996
2977
3003
3005
2984
2956
3023
1146
2985
2980
3017
3015
3004
3025
2741
2993
2982
2986
1272
3004
2990
2973
2992
261
2976
2980
2973
2939
2991
2861
2991
3024
2996
2987
3011
2717
3032
3003
2952
2964
873
2985
2941
3007
3031
3008
2981
3008
2973
2994
2655
2993
2994
2236
3001
3023
2990
2952
2984
2992
2991
2968
3017
3022
3008
3021
2980
2989
3007
1923
3024
3043
2976
3013
3000
2796
3012
3071
3080
3011
2992
651
3015
2940
2991
2963
3057
2999
2990
3005
2893
3007
2991
2775
3000
2979
3013
2992
2965
3030
232
2998
3023
3013
2975
2986
2952
2957
2961
2994
3009
2964
3007
3005
3032
3004
3012
783
2987
2990
3016
3012
2993
3008
2984
2972
2551
2997
3025
2966
3000
2991
3004
2190
2951
613
3020
3010
2981
3014
2992
3018
3025
2981
2981
2975
2979
2991
3012
3012
3002
3057
3008
3004
2975
921
2997
3003
3020
2978
2993
1995
1554
2993
2997
2972
2985
3020
2996
3001
3006
3045
2942
2996
2968
2981
3012
813
3003
2961
3026
2989
2937
2981
989
2828
2993
3012
2981
2994
2966
2982
2996
3006
3003
3008
2998
3055
2968
2983
2969
2743
1700
3012
3000
3069
3022
237
2984
2951
3011
2992
2999
3013
3015
2986
3016
2985
2986
2992
2996
2917
3010
2560
3088
2982
2996
2997
3001
3014
2981
3015
2981
2989
3018
3004
3002
2977
3005
2985
3018
2995
1298
2975
2737
2996
2536
2994
3011
2983
2991
2992
2987
2529
3008
2029
405
3014
3011
2984
3003
3009
2999
2983
3007
2981
3010
2677
2969
2998
805
365
2946
3020
2989
3009
3009
2970
653
3011
2990
3011
2995
3031
2976
2999
2981
2987
2985
2727
2992
3013
3002
3010
2999
2973
2969
2524
2993
2999
2980
3001
2970
3011
2998
3008
761
2941
1743
2994
2972
2985
3004
2951
2997
2992
3032
3025
2988
2979
2995
3006
2996
3000
3031
2954
2954
3016
2976
3008
3005
2959
2986
1847
3020
2958
3009
2976
2963
2290
2973
2992
3027
3025
2996
2977
3011
3032
2862
2939
3001
2999
3051
3001
3010
2943
3023
2978
3001
2969
2985
3009
2951
2981
3038
2958
381
2902
3005
2993
2996
2955
2980
1901
2997
837
2987
3002
2977
2987
3007
3012
3001
821
2990
2978
2997
2973
2966
3015
2983
1189
3002
315
2983
3014
2990
2912
2987
2993
2987
2994
3056
2997
2917
3024
3014
3002
2995
2991
2994
2976
3001
1220
2984
2997
2948
2967
2995
3020
2990
2920
3010
2992
2995
3000
2967
2931
2990
2969
2742
3015
2964
2993
3000
2993
3013
2987
3005
3010
2994
2977
2975
2970
2991
3020
2988
2994
3011
3002
3003
2981
3007
3014
2983
2978
3013
3009
2987
3015
3020
2984
2946
3014
3030
2982
3003
2990
2988
3001
3005
2992
2981
3012
2958
2962
3020
2954
2951
2999
2976
2972
3009
2985
2996
3023
3007
3000
2994
2891
2896
3009
3044
2981
2949
3007
2863
3003
2975
2970
2992
279
3020
3005
2977
2983
2990
3014
2986
3010
2999
3005
2995
3035
3003
2999
2974
2991
3014
2994
2987
3019
2954
475
3004
2975
2977
2923
3004
2999
2960
2992
2985
2983
3000
3003
2944
2951
3004
3010
3017
2997
2830
2938
2724
2945
289
3003
3007
2977
3029
3004
3018
2979
3014
2995
3005
3015
2880
3028
3015
2988
3008
2999
3006
3013
2981
2972
2989
3000
3005
2950
3003
1844
2970
3026
3005
2977
833
2982
3019
2923
2987
2945
3026
2992
3013
3000
3004
2977
3008
2986
2965
2983
3005
3006
2999
3017
3091
3000
3001
3001
898
3020
2975
2982
2983
2704
2993
2914
2991
3008
2995
2994
3013
2991
2998
2995
2749
2989
3002
3047
2923
2978
3037
2980
3004
2986
2946
2902
2947
2985
2972
3007
3012
2366
3000
3004
2989
3007
2955
3014
3008
2610
3004
3008
2976
2995
2994
543
3000
3009
3011
2992
2960
2969
2996
2982
2988
2988
3040
2999
2962
3001
2990
3000
3020
2973
2917
2991
2935
2990
2997
2983
3033
2994
2968
3010
2992
668
3038
2995
3012
3009
2975
2976
2998
1352
2998
2988
2985
2985
2988
2990
2967
651
3001
430
2983
3006
2997
2964
3024
2968
2934
2994
2981
3013
2971
2997
598
2945
2965
1712
3005
2407
2975
2713
2980
1793
2971
1741
2904
2898
2995
3005
2979
2986
3004
2997
2973
3003
3000
3007
3017
2975
3020
2969
3007
2944
2992
3010
2995
2987
1752
2997
2992
2991
2999
3013
2958
2979
3024
3007
3023
2993
3008
2980
3007
3005
3014
2975
3022
2997
3022
2997
2979
2952
2978
744
3011
2939
2989
2964
472
3000
2960
2993
2962
3012
2962
3013
2980
2978
3019
2988
2786
2968
3005
2977
3007
2965
2988
3003
3012
766
2985
3009
2985
2924
3003
2946
3005
3016
2978
2964
3000
2993
2977
3012
2981
2959
3026
3001
3008
3005
3002
2986
3043
2983
2992
3012
2985
2993
3007
3011
3002
3014
2988
3007
2937
2972
1464
2991
3019
2974
3019
3005
3041
3023
2989
2977
2963
3009
2984
2868
3006
3006
3007
2978
184
485
2968
3016
3000
2977
2983
2560
2995
2963
2146
3001
3015
2986
3006
2977
3004
3009
2999
438
2984
2975
2985
3009
2997
3013
3002
3067
2773
3008
3065
2995
2998
2969
3015
2055
2982
2004
2987
3011
2984
2978
2989
2353
2980
2999
2997
3021
804
2992
2987
2967
2569
3015
2970
3002
3009
3022
2962
2111
3008
2980
3001
497
667
3007
3004
2978
3012
2976
2998
2988
2974
3006
2700
3017
3002
3021
2994
3019
2997
2983
3005
2048
3022
2883
3000
3002
3007
2986
2964
2998
3022
3000
3018
2998
2994
3006
2995
772
2197
2994
2998
2984
2990
918
2577
3014
2695
2974
2953
3006
3014
2985
2981
2970
2979
3006
2947
3023
2922
2986
2492
2968
2991
2999
2995
3029
2942
3021
2989
736
2980
3000
2989
2994
301
2991
2995
2985
3000
3000
2769
3003
3009
3011
3013
2996
2999
3003
2994
3015
2991
2846
620
3004
2980
2966
2978
2701
573
2993
2988
2985
3003
1774
3021
3036
3013
3001
2947
2990
1925
2998
3020
2980
486
3000
3013
1453
2905
2984
3007
3006
3001
2984
1462
2965
2964
3000
1501
2935
2996
2980
2979
2970
2982
2974
3002
3035
3046
2966
2988
2976
2953
3003
1419
2965
3008
3006
3011
3088
3003
2995
2991
2987
3000
2989
2996
3091
2990
1320
2956
2999
2974
3032
3012
2969
3001
2973
2983
2991
3021
3006
2993
3007
2947
3007
3014
2982
2977
3014
2097
2929
2959
2976
2997
2995
2965
3011
2967
3003
3012
2858
2936
3025
2850
3033
2926
2987
3023
3014
2978
2976
2975
2937
3010
3017
3006
2998
3025
2994
3005
2914
3020
2994
3007
3006
3034
2977
2966
212
3000
2331
3070
2986
2987
2980
3025
1545
3000
3014
3004
3002
3001
2994
2984
3016
3005
2983
2924
1896
2995
3009
2982
2996
3023
3007
3002
2979
2979
2977
2977
3006
3054
946
3027
3026
3020
2984
2993
2985
2987
2973
291
2996
2970
2969
2991
2975
2984
3009
2464
2969
2999
2983
3031
2145
3019
2977
2995
2931
2557
2998
2992
2889
2957
3022
2972
3006
651
2996
3022
3023
2057
2419
2950
3049
2994
1169
2997
2963
2951
2112
3021
3005
2982
3001
2983
3035
2999
3002
2606
2997
3012
2981
3004
3008
3009
428
2733
2955
2948
3000
3012
3015
2973
2998
3019
3010
2926
2353
2976
2965
2971
2994
3010
2998
2948
2983
2997
3015
1782
2966
2958
3001
2987
2986
2980
2323
2976
2964
2987
2989
3013
2975
3000
2936
1250
2991
3003
301
3015
2919
3009
3001
2970
3040
2990
2955
2960
2993
2979
2986
3005
2999
2982
3009
2995
3004
2159
2986
3002
347
197
2957
2962
3009
2236
3009
2985
2995
3003
2988
2997
337
3021
2986
3000
2958
2985
3011
2641
3001
3022
2928
2981
2989
2964
2965
2966
2284
3019
3021
2984
222
3000
3005
3028
2987
3018
1313
3042
2997
3009
3093
3013
3001
2998
2991
2998
2989
3007
2983
2481
479
3011
3010
3015
1581
2983
2981
2983
2993
3007
2888
2874
3012
3012
2993
2995
2981
2977
3046
3012
2993
2999
2948
2108
2990
2984
703
2538
2993
2997
2990
3009
3012
2993
3011
2957
2971
2983
3031
2986
2969
2955
2990
3004
2996
2918
3004
2993
2931
2972
2956
3043
3011
2958
2992
3000
2990
3030
2997
3011
2977
3092
2997
3002
2760
3024
627
2954
3011
3012
2974
2998
2996
3007
904
474
3009
2998
2033
2969
2996
3015
2997
2998
2085
2984
3037
2633
3046
2998
2999
3008
2984
3023
3025
945
2958
2103
1203
2971
2924
3006
3006
2547
2995
2956
3024
2962
3009
2991
2978
3014
3017
3000
3024
2953
2995
2987
2977
2967
3007
2981
204
3006
2978
2978
2987
2999
3000
2996
3062
2750
3006
3001
2632
2923
2997
2855
2994
3016
2989
3001
2999
2996
2984
2991
2972
3006
2967
3012
2973
3019
1439
2965
2983
3009
1965
2976
2995
2997
1403
3003
2209
210
2993
2999
2998
3005
2988
2962
467
3011
3003
3000
2991
2976
327
3010
2234
3001
2969
3029
1126
2984
2977
1966
3036
955
2994
2965
3007
2983
2932
2980
2936
2994
3014
2979
2991
2750
2992
2992
3001
3056
3028
3014
3001
2986
2986
3010
3001
3002
3026
2984
2990
2989
3018
3000
3019
3018
2048
1803
3038
2979
2981
2974
3000
3013
2997
2956
2956
2999
3003
2998
2981
3004
2983
3016
1107
2993
3011
2996
2997
2997
2998
3011
3016
2994
2955
2996
2975
2994
2995
333
3008
2997
2991
3017
3013
2999
3007
2961
2994
2958
2978
2007
2950
275
690
3011
2997
2973
2975
2975
2994
2999
2923
2991
2958
3017
3014
2993
281
2993
2999
3011
3062
3031
3013
2991
3018
2992
1948
2982
3006
2986
2993
2996
2968
3019
3022
2813
2995
2991
2973
3019
3017
3008
2275
2978
2992
2999
2958
577
2982
3021
3000
3005
3007
3021
2957
3009
2994
3011
3008
3021
633
2995
2999
2960
2972
2995
3010
3014
2997
2938
2870
2963
3002
3006
2980
2984
2999
2056
3014
3018
2992
2991
3002
2963
2988
3005
3010
2995
2990
2991
2814
3022
2960
2992
3014
2996
2999
2976
3006
3005
2989
3015
1573
3003
3029
1286
2938
3010
2994
2983
2986
2938
675
2968
2923
3010
1801
3010
2993
1829
3035
3023
435
2983
2964
3010
2995
3067
2984
3024
2953
2996
3010
2961
3013
1114
3016
3022
2990
426
3015
2993
2998
2987
2991
3002
2989
3019
3011
2980
2995
2544
2971
2994
2977
2974
2987
2988
2713
3012
2990
2971
2983
2984
1605
3020
2932
2987
3010
3019
324
2987
2786
2985
3028
2994
894
2936
2992
3000
3023
3022
3015
3025
2946
2990
3000
2995
2853
3008
3082
510
2136
3003
2992
3048
3010
3007
3000
2980
3033
3032
2968
3013
2840
2991
2970
2993
3012
1090
2070
2974
2982
3021
2998
2960
2981
2993
3006
1966
227
2993
847
3023
2962
3024
3026
2988
2960
2990
3007
2225
2995
3007
2994
3018
2981
2990
2996
3017
1882
2981
3008
2589
