2979
2961
2958
2976
3005
2963
2985
2959
2948
2939
2975
2979
2479
2991
2955
2974
3003
3000
3012
2983
2952
2994
2996
2953
2989
2925
2414
2958
2940
2986
2997
2987
2941
2975
2951
2968
2992
2932
2939
2822
2922
2975
2993
3006
2979
962
2979
2603
1089
2964
2146
2956
2975
2990
2962
2969
2987
3019
2984
724
2992
2978
2974
2973
1953
2984
2959
2970
2982
3033
2937
2994
2957
3018
2981
2942
2972
2960
2953
2981
2334
2977
2942
2949
2896
2904
2960
2980
2986
2958
2980
2975
3001
2979
2968
2960
3009
2961
2987
2972
2983
2981
2877
2980
2990
2938
2994
3061
1322
591
2984
2998
2946
2963
2648
2982
2948
2971
2961
2831
2994
2982
2962
3032
2975
2965
2993
2979
2974
2991
2972
2972
2985
2977
2978
2974
2890
2982
1591
2966
2925
2992
2985
2960
1821
2997
2957
2965
2781
2986
2982
2974
2751
2953
2966
2989
2961
2978
2969
2963
2936
1308
2990
2992
3003
2986
2874
2951
2977
2976
2531
2984
2977
2579
2973
1624
2986
943
2939
2970
2974
1979
2982
3006
2984
2946
2990
2987
3007
2995
2802
2900
2956
2947
2949
2434
2968
2967
2950
2977
3007
2979
2999
2936
2989
2990
1282
2970
2974
2990
2965
2845
3008
2950
2958
2963
2985
295
2954
2996
2963
760
2971
2982
2974
2987
2966
2868
2988
2991
2983
2963
2981
2215
2747
2940
2963
2992
3007
2954
2723
2985
2980
2978
3022
2837
2977
2995
2969
2961
2991
2982
1430
2978
2903
2966
1653
3066
2979
2989
2961
2944
2680
3065
2964
2970
248
2984
2947
3040
2946
2986
2980
2981
2980
3000
2968
2954
2982
2968
2949
2983
2971
2964
2989
2994
2964
2999
3003
2971
2969
1574
2961
2966
2987
2989
2958
2989
2941
2935
2959
2970
2962
2997
2612
2946
2962
2931
502
3029
2976
2969
2974
2962
2986
2942
2997
2988
2971
2963
3009
3001
2551
2960
2951
2967
2986
2962
3003
2964
2965
3000
2971
2984
2935
2971
2993
3005
2907
679
2952
2963
2973
2965
2918
2993
2030
2998
2977
2968
2988
2971
2982
2993
2978
2979
2943
2964
2972
2994
2979
2977
2997
2986
3056
3005
2961
2939
2927
2943
2963
2958
2993
2966
2951
2978
2946
2960
2934
2978
2980
801
2987
2968
2799
3003
2949
2958
2951
2984
2846
2973
2977
3035
2957
2943
2209
2640
2979
2968
2986
2998
2982
2736
2984
2994
2950
2970
2834
2986
2968
2972
2943
2977
209
2956
2978
2660
2974
2919
3005
2986
2991
2986
2994
2955
2996
2978
2931
2970
2967
2990
2984
2947
2997
2952
2967
2980
2984
2392
2968
2975
2982
147
2992
3000
2979
3001
2996
2975
2982
2941
2979
2993
2988
2980
2974
2993
501
2965
3000
2963
2984
2938
2989
2995
2979
2060
2989
2952
2979
2994
2984
2954
2967
2984
3008
2975
2979
2996
2977
2982
2970
2972
3011
2963
2981
2965
2986
2981
2989
2763
2969
2978
2987
3004
2944
2987
2989
2963
2963
2984
3004
2961
2953
2967
2958
2979
2990
2965
2953
2953
2460
153
2950
2986
2972
2958
3001
2923
2928
2972
2972
2984
857
3008
2989
2961
2977
2995
2237
2957
2934
2963
2998
2973
2972
2975
2967
2982
3004
2990
2982
2965
2958
2950
2964
2948
871
2977
2968
2999
2916
2973
2977
2967
2987
2975
2973
2304
2989
2932
2976
2983
2638
2968
2944
2956
2974
2974
2965
2942
2968
3002
2982
2671
2963
2600
2952
2978
3019
2940
2825
2989
2976
2979
2960
3030
2875
2966
2815
2975
2933
2992
3004
2952
2983
2936
2961
2988
1238
2968
281
2964
2900
2943
2852
2978
2963
2951
2968
2975
2884
2941
2945
2972
2985
3002
2968
2986
295
2968
2970
2933
2953
2964
217
2777
2992
2975
2969
2969
3016
2976
1443
2982
2765
2973
2980
2974
2954
2991
2977
2960
2994
2967
2626
3019
2994
2968
2526
2969
504
2986
2991
2986
2971
726
2994
2933
331
2985
2963
3053
3036
2884
2964
2814
1582
2951
2974
2977
952
2942
2996
2971
2999
2991
2989
2977
2093
2978
2915
2969
2970
2976
2959
2986
3001
3003
2979
1566
2997
2969
3010
3034
2949
2971
2989
2931
2967
2987
2609
2986
2988
3010
2973
2988
2971
2953
2974
2988
2851
2991
2973
1478
2976
2976
2956
2965
2964
2967
2959
2166
2957
2967
2998
2959
2978
2700
2961
2956
2981
2987
2962
2978
2969
2949
2975
2971
2988
2957
3007
2993
2975
2963
2985
2974
2987
2948
2992
2978
2969
2355
2937
2058
2936
2953
2976
2970
2838
2967
2985
2981
2976
2947
2950
2022
2948
440
2988
2947
2972
2939
2973
3089
2967
2981
2971
2956
2980
2990
2999
2960
2953
2972
2985
2984
2988
2995
3016
2978
2962
2975
2995
2966
2938
2957
3054
2959
2977
2106
2943
2962
2967
2981
2992
2978
2976
3009
2159
2981
2975
2999
2970
1985
2989
2980
996
2983
2985
2889
2977
2980
2909
2957
2976
2970
1467
2952
2989
2971
2986
2993
2988
2862
2957
2983
2969
2964
2963
2983
2976
3014
2897
2944
2964
2968
2958
2974
2951
2977
2400
2977
191
2949
2988
2993
2959
2995
3008
2952
2948
2909
2952
2968
2934
2993
2967
354
2987
2993
2945
2738
2947
2974
1484
2977
2973
2958
2992
2937
2972
2978
2920
2987
3006
2921
2964
2996
2984
2976
2743
2949
2997
2971
2980
2980
2994
3004
2969
2979
2962
2978
1166
1139
2967
2983
2977
2968
2868
2963
2982
3003
2976
2998
2989
2814
2937
2971
2968
2928
1503
2955
2940
2943
2963
2992
2973
2971
3053
2943
2959
2971
2971
2008
2947
3016
2847
3001
2926
2918
2992
2916
1271
3032
2981
2940
2999
2977
2901
2919
2940
2982
2952
2993
2962
2997
2974
2982
2985
2786
3004
2475
2967
581
1510
2998
2946
2988
3040
2993
2966
3003
2804
2956
2986
2863
2957
2934
2999
2967
2976
2937
2919
2957
2976
3007
2392
3005
2945
2951
2954
2988
2967
2205
2990
2985
2991
2986
2966
2959
3000
3005
3002
2958
2922
2944
2974
2978
2956
2927
2973
2989
2983
2951
3000
3001
2974
2973
2983
2126
2959
441
2985
1567
2962
2913
2963
2961
2989
2943
2977
2606
2994
2993
2950
2305
1701
2975
2995
2962
2974
2974
2994
2665
2986
2981
2989
2969
2989
1985
137
2975
1589
2986
2951
2981
2981
2964
2970
2974
2953
3002
2980
2957
2978
2994
2953
2938
2919
2994
1356
2985
2978
2943
3024
2997
2981
2960
2948
2939
2989
2964
2962
3064
2987
3000
2985
2966
2958
2980
2956
2984
2951
2961
2961
2749
2946
1789
2899
2972
2982
2945
2954
2963
2974
2957
2958
2963
2940
2996
2999
2918
2970
2974
2982
2958
2978
2997
3004
2961
2987
2980
2736
2998
2980
3017
2970
1354
3013
2996
140
2975
2984
2995
2996
2989
2985
2979
1678
2982
1568
2995
2991
2966
2978
2955
690
2991
2982
3015
3001
2979
2963
2147
2968
2977
2941
2143
2985
2980
2901
2955
2931
2988
2949
3010
2997
1347
2954
2970
2944
2989
2931
2941
2998
2963
2987
2977
2973
2961
2968
2962
2979
2937
2945
2992
2997
2974
2976
742
2970
2966
3003
2931
2953
2970
2961
343
2985
194
3006
2984
2961
222
2671
2977
2962
2994
1110
2992
2982
2980
2387
2972
2997
2873
2990
2987
2994
3016
1562
2965
2950
2648
2992
2956
2984
2965
3008
2958
2026
2963
2958
2970
3002
2982
2988
2982
2961
2937
2975
3000
3005
2982
2935
2969
2963
2497
2970
2992
3007
2973
2991
2992
2964
2993
2981
3020
2950
2577
3000
2971
2963
3001
2981
2987
320
3003
3001
1753
2976
2978
2983
2988
3001
2170
2979
2978
401
692
3001
2980
2980
1309
2977
2978
2955
2966
2983
2965
1066
2988
2974
2972
2150
2952
2960
2988
488
2985
2953
2953
3000
1628
2979
759
2989
581
2988
2962
1285
2867
2959
2929
1432
2947
1159
2992
2972
2945
2963
2964
2969
2980
3005
2790
2988
2964
2979
2755
2985
2976
2934
2981
2969
2968
3003
1783
2944
3003
3012
2971
2926
2987
2978
2983
3013
1369
2950
2966
2989
3005
2996
2978
226
2988
2953
2960
2949
2926
2983
2975
2982
2954
2829
2969
2967
2937
2995
504
2971
2964
2977
2928
2970
2972
2971
2944
2944
2980
2974
2773
2968
2970
2955
2965
2969
2956
2232
2980
2977
2989
2995
2987
2982
2979
2987
2952
2962
2938
2938
2964
2998
2990
2994
2959
2996
2275
2962
2891
2357
2981
2816
2862
2987
1780
2995
2978
2959
3023
2989
2976
2978
2932
2976
2956
2987
1532
365
575
2981
2985
2967
2960
2973
2953
2933
2972
2979
2983
2993
2942
2975
2966
2992
2964
2973
2991
2988
2997
727
2926
1766
3006
2999
2998
2950
2040
2991
2968
2990
2975
3011
2950
1045
2960
2996
2980
2945
2977
2996
2983
2967
2955
2999
2955
2970
2987
2943
3007
401
2951
2018
2966
3008
2972
2947
2966
2966
2380
2263
2991
2966
2991
2986
2976
2972
2995
2996
3002
2988
2949
2971
2984
2941
331
2999
2988
3007
2980
2991
2961
2990
2971
3010
2532
2959
2941
2987
2997
2971
2967
2914
2601
2988
3019
2850
2994
2961
3002
2943
2991
2976
2955
3018
2985
2973
2952
2981
2663
2956
2975
2991
2917
2892
2973
2982
2998
2980
2997
1669
2998
2986
2984
2976
2989
2163
2989
2980
2961
2948
2888
2974
2982
1970
2985
2980
2972
2966
3008
2967
2974
2981
3004
2959
2979
2976
2965
3001
2897
2990
2980
2942
414
2957
2961
2981
2964
2967
2983
2947
260
2974
2945
2513
2962
2975
2767
3010
303
2883
2990
2954
2982
2962
2978
2759
2986
2909
2954
2962
2906
2972
2988
2958
2917
2969
2948
2958
2972
2979
1605
2936
2987
2976
3004
2937
2982
151
2970
2397
2993
2957
2998
2968
2587
2970
2852
2466
2946
2911
2962
2977
2976
2969
914
2984
2996
2958
2979
2987
1541
2959
2926
2989
2973
3039
2962
2891
2961
550
2978
2961
2955
2223
2984
2963
2939
2967
2974
3000
2978
2991
3001
2988
2984
3001
2995
2957
2955
2960
2938
2986
2968
3031
2975
2981
2987
2969
2990
2989
2956
2958
2964
2916
2956
2958
2994
2981
482
2972
2986
3000
2982
2984
2958
2859
2981
366
2946
3018
2961
1428
2983
3018
2976
2821
3007
2949
2953
2968
1792
2956
2979
2972
872
2973
2958
2972
3004
2984
2959
290
947
292
2968
2935
2961
2991
2994
491
2970
722
2948
3006
797
2952
2999
2941
2947
3005
2978
2957
2743
2977
3005
2966
2966
2977
2985
2986
2370
2978
2999
2962
2963
2988
2963
2979
2940
2979
2948
2969
2972
2941
2757
2972
2976
3006
2943
2966
2985
2995
663
2989
2970
2974
2958
621
1284
2975
2964
3016
2991
2972
3002
2974
2982
2958
832
2972
2982
2957
1521
2834
3002
3013
2947
399
2995
2962
776
2990
2620
2963
2976
2929
2985
2963
2268
2996
2970
2938
2989
2995
2994
2966
2970
2989
2393
2970
2982
2699
2923
3001
2911
2971
3038
2970
2998
1001
400
2920
2760
2957
3000
1916
2940
2997
2984
2957
2979
421
2951
1632
1708
2987
2377
2983
2972
2973
2961
2975
2951
2969
2253
2997
2955
2992
2975
1145
2961
2987
2965
2949
293
2996
2955
2960
2296
2985
2974
1931
1172
2883
2937
2969
2911
2948
2967
2935
2989
2970
2973
3000
988
2967
2979
2978
2960
2933
2940
2821
2998
2966
2985
2983
2974
2994
3006
2903
2961
2979
2976
3000
2973
2979
2963
2996
2984
2983
2985
142
3034
3021
2245
2989
2919
2983
390
2984
2978
2978
2970
2986
2980
2994
2972
2981
2932
2899
2967
2975
1157
2981
3000
3000
2971
3039
2985
2959
2984
1319
2964
2307
2949
2968
2994
2973
2953
2951
2972
1182
3061
2963
2914
2967
2967
2978
2990
2981
2990
2970
2957
2990
2970
2993
2992
2985
3012
2974
3001
2949
2962
2961
2980
3017
2978
2984
2985
2971
373
2997
2987
2959
3000
2990
2768
2942
3007
2786
2946
3019
3002
2965
2940
2960
498
2987
2929
2967
2978
3010
2935
2993
2998
2945
208
2617
2949
2973
2997
2973
2948
2985
2989
2984
2994
2927
2969
1106
2955
2993
2965
2917
2985
2973
2964
2971
2997
2967
2995
2992
2985
2998
2993
2964
2981
2973
2973
2998
2972
3035
2960
2957
2996
2997
2951
2966
2950
2932
2978
2977
2961
2872
2978
2174
2937
2961
2238
2942
2966
2914
2960
2977
2990
2978
3008
2941
1691
2986
2908
3024
2961
2972
2956
692
864
2814
2986
2721
2995
3002
2975
2988
2988
2971
2935
2993
1747
2869
2985
2961
3007
2992
2979
2944
2985
2730
2763
2979
2957
2981
2995
2987
2197
2988
2975
2969
2982
2960
2982
3004
2958
2977
359
2967
2963
2985
2989
3051
2987
2972
2973
2995
473
2980
2977
2947
2977
2988
2963
2978
2949
2975
2959
2959
3016
593
1665
2989
2944
3006
2986
2959
2975
2496
3001
2969
3042
2963
2996
2996
1390
2973
2976
2970
2957
2979
3004
2952
2963
2954
2978
2977
2984
2984
2985
2975
2936
2966
3005
2972
3001
2976
2964
3022
2995
2982
2954
2975
2968
2990
1634
2977
2992
2688
2998
2960
3003
2983
507
2941
2986
2993
479
2986
2988
2992
2970
2339
2940
2963
2921
2984
2973
2948
354
3025
2558
2970
2968
2968
2979
3051
2952
2975
2993
2985
3012
3005
2944
2492
2985
2972
2990
2953
2998
622
2991
2934
2966
2996
2984
3013
2990
2989
3003
2996
1909
2997
3020
2970
3002
2945
2999
2983
2951
2992
2912
731
2962
2853
2928
2971
923
2985
2984
680
2988
2995
2976
2963
2969
2993
2938
3000
2555
2952
2977
2980
2997
2975
3007
2966
2980
2944
2995
1714
2952
2984
2949
2964
1209
2979
3005
2965
2958
2969
190
3001
2972
2941
3021
2960
2984
2977
2976
2982
2970
2971
1540
3071
3005
2085
2921
2982
2966
2949
2969
2959
2942
2968
2971
2975
2976
2996
2966
2983
2984
2968
2986
2980
2986
2998
2975
2819
2995
1750
2977
2980
3049
3001
2969
2958
2963
2994
2982
2929
2982
2967
2996
2966
2989
3040
2983
2959
3000
2969
869
2985
2996
2969
1512
2990
2953
2924
2851
2981
2970
2960
2970
2995
2949
3009
2959
2948
2939
2988
2963
2992
3006
2974
3008
2994
733
2977
362
2974
2992
2986
2984
2997
2994
2991
2970
2973
3008
1134
2175
2673
2986
3000
2987
2965
3001
3012
2982
2962
2992
2978
2968
2984
2966
2958
2966
2981
2981
2980
2930
2957
2979
2982
2953
3002
3011
2978
2988
2992
2977
2995
2972
2970
2961
2959
2869
2987
2939
2988
2974
2978
2969
1840
3016
2992
2968
2999
576
488
2971
2994
2976
2989
2982
2966
2940
2993
2983
2973
3005
2997
2983
2987
2952
2970
2992
2946
2935
2985
2969
2369
2976
2979
3001
3000
2981
2954
2963
2971
2977
2949
2969
2989
2973
3008
2941
2994
2151
2995
2972
2964
2938
2972
2988
2984
2959
2972
2973
1178
2964
2987
2970
2959
2956
2974
2979
2968
942
2966
2963
2900
3006
2933
3003
2948
2799
2962
2959
2944
2963
2988
2982
2950
2992
2968
2957
2988
3014
1423
2979
2936
3001
3003
2674
2958
2953
2994
3049
2992
2958
2969
2968
2951
3006
2997
2972
2998
2995
2987
2974
2974
3018
2937
2977
2964
2684
2989
3005
2421
2949
2969
2988
2970
2978
2948
2962
2823
2972
2942
2976
2965
2935
3002
2929
2966
2970
2986
2974
2978
2984
781
2989
2945
2941
3013
635
2980
2978
2971
2964
2990
2986
2973
2306
1312
2973
2970
2993
2990
2942
1469
2941
2992
2173
2968
2992
2983
2962
1913
2975
3007
2965
2950
2989
2964
2981
2982
2979
2957
3005
2963
2982
2966
2955
2948
3025
2983
2977
2996
2470
377
2993
3014
2819
239
2961
2981
3000
3009
2963
2919
2966
2989
2996
2983
1065
2964
2983
2947
2977
2983
2962
2949
2990
2978
2988
2962
2980
2983
2996
2973
2991
2969
2954
2999
1857
2983
2951
2955
2965
2982
2950
2993
2956
2973
2963
2979
2982
2952
1984
2959
2616
2925
2954
2950
2994
1117
2979
2980
2962
2962
2980
2979
2974
2894
2943
285
2985
3000
2935
2993
2958
2988
2783
2981
301
2973
2519
2997
2974
2966
2920
2988
2969
2955
2960
2970
2955
2956
2974
2812
2925
2999
2978
2974
2980
2957
2988
3009
2998
2969
2960
2980
2989
2972
2965
2999
2768
1833
2943
2977
3016
2948
2967
2970
2974
2986
3006
2946
2944
2942
2304
2974
2951
2996
2988
2978
2960
2972
2977
2952
2965
2980
2982
2963
2934
2925
311
2975
2983
3019
2986
3025
2979
2294
2970
2994
2987
2959
2992
2982
2963
2972
2233
2976
2968
1420
2994
2969
2969
2942
3016
2977
2964
1172
1944
2981
2988
2972
2987
2956
2977
2988
693
2983
2955
2722
2286
2996
2998
2979
250
2983
2995
2936
2995
2977
2993
2977
2950
811
2976
2980
2962
2955
2956
226
2978
2988
3009
1181
2973
2988
2953
815
2979
2975
2985
2957
2991
2988
2964
2974
2973
2988
3057
2943
2972
2377
2995
2958
1553
2981
2978
2953
2970
2926
2985
2978
2966
2978
2961
2981
2248
2855
2985
2949
2949
2993
2927
2998
2950
2982
2976
2981
2961
2978
2972
2962
2993
2954
2934
2952
2969
2951
2988
2934
2210
3000
3005
3048
2976
2888
3001
2960
2971
2940
2980
2984
2954
2951
2978
1346
2950
2973
2993
2982
2979
2997
2982
2982
2885
2879
2997
2997
2973
2994
2997
2955
2999
2715
2184
2969
2980
2981
2959
2968
2966
2962
2993
2982
3004
2986
2985
2985
2970
2723
2942
2953
2955
3002
2998
2965
2984
2977
2938
2979
2514
3000
309
2999
2974
2790
2976
1895
2970
2988
2958
2931
2998
2971
2124
2907
141
2953
2942
3001
2970
2983
2976
2973
2965
1525
2981
2969
2964
2960
2974
2956
2991
2978
2976
2979
2999
2890
2957
1125
2997
2974
2944
2998
2968
1825
3005
2968
2951
2962
2972
2980
3012
2995
2976
2978
2949
2968
2968
2860
2960
166
2976
2986
2976
2926
2981
612
2997
2947
2986
2972
2973
2968
2649
2960
3003
2981
2989
2972
2983
2967
3013
2989
2992
2959
330
2979
2995
2966
2970
1536
2880
2891
2980
1488
2980
2978
2956
2957
2973
2984
2953
2961
2996
2848
2960
2941
3013
2980
2965
2975
2996
2979
2993
2996
2933
2987
2976
2989
2946
2969
2975
1640
2888
2978
2982
2916
2964
2951
2947
2933
1952
2971
2969
321
1612
2970
2992
2982
2945
2956
2985
2983
2930
2990
250
2986
2969
2975
3016
2995
2965
2994
3009
2994
2971
2973
2950
2972
1496
2968
3001
2950
2978
2978
2983
3009
2973
2985
3023
2855
2963
2920
2974
2944
2984
2973
2916
2951
2782
2976
3016
2994
2988
2955
2945
2976
2996
2976
2978
2973
2939
2973
3046
2963
213
2251
2961
559
2930
2973
2963
2979
2961
2951
2721
2951
2933
2978
2323
2958
3041
2986
2974
2978
2627
133
2971
2914
3007
2965
2990
2965
2954
2950
258
338
2985
2981
2974
2997
2974
2969
2976
2965
2994
2969
2957
2966
2968
3017
3019
2957
2927
2975
2997
2978
2948
2972
2932
3003
2975
2957
1708
3001
2972
2985
1052
2977
2987
2949
2998
2958
2977
2935
2965
2929
2915
2938
155
2137
2975
2982
2980
2960
2995
814
3000
2938
2970
2970
2980
3004
2996
2953
2941
2978
2998
2950
2987
2938
2964
3013
2986
2939
2993
2980
2963
2932
2963
3056
2607
2971
1105
3001
2973
2951
2986
3032
2980
2990
2917
2962
2928
2990
2963
2986
2934
2984
2974
2966
3000
2988
2983
2942
2969
3004
2187
2999
1327
2969
2996
2992
2953
2928
409
2979
2993
2950
2947
2988
2980
2976
3007
2948
3039
2959
2969
2976
2709
3054
2975
463
1539
2941
2949
2992
3017
2940
2992
2961
2954
2998
2619
2986
2899
1456
2997
2947
2964
2966
2966
2966
2964
2979
3000
2649
2942
2969
2967
2817
2954
2985
2974
2991
2996
2953
2484
2948
2978
3042
2954
2964
2321
174
2970
1398
2996
2981
2964
2957
2940
2977
2986
3004
2994
2993
2557
3010
3002
2964
2636
3044
2988
272
2938
2643
691
2934
2955
2985
2852
2972
2985
2986
2890
2985
3003
2976
2987
2972
2980
2924
3005
2940
2977
517
2739
2931
2887
2928
1150
2994
3003
1645
2957
2959
2978
2982
2993
3015
2942
3016
2991
2944
2844
2966
2010
2963
2971
3037
2995
2958
2973
2962
2981
2987
2895
2977
2937
2908
2959
1331
2903
2980
3005
331
2691
2982
2949
3003
2973
2992
3000
2809
2981
2892
1072
2955
2948
2979
2950
2981
2960
2961
2974
2988
2950
2955
2966
601
2967
2964
2949
2984
2949
2987
2942
2973
2977
2951
3004
2984
2982
2974
2993
2953
2989
3059
574
2974
2991
2967
2948
2987
841
2997
3002
2912
2992
1110
2980
2961
2919
2937
3007
2973
3017
2966
2981
2995
3008
2981
2960
2922
2978
2965
2919
2973
3002
3057
2942
2956
2960
2992
1569
2909
2928
2910
2979
2950
2973
2992
2962
2950
2989
2919
2979
2985
2959
2988
2964
2979
2989
780
1160
2960
3003
2981
2914
2952
2961
3013
2997
2990
2977
2968
2995
1203
2978
2990
2970
2980
2967
3003
2997
2972
2944
3018
2978
2610
2968
2979
2910
2987
2972
3002
2971
2978
2969
2977
2989
2943
2953
2936
2976
2968
2980
2999
2973
2490
2949
2918
2051
2977
3002
2982
2969
2989
2990
2999
2985
2954
2979
2970
1447
3005
2990
2971
2981
2340
2991
2972
2965
2994
2986
2982
703
3003
2934
3033
2955
2999
2942
2989
2885
2918
2973
2982
2967
2410
366
2970
3005
2991
2970
2985
2972
2945
3004
2998
2921
2993
1571
2939
2966
2930
2446
2285
3002
2956
2974
2995
2288
2963
2996
2958
3001
2992
2960
2967
2945
2954
3009
2903
2979
2967
2946
2985
2961
2976
2991
2985
2937
2973
2978
1504
2990
2991
2996
1577
2967
2957
2957
3000
2959
2967
2994
2974
2957
2960
2970
540
1579
2765
1417
2252
2984
2951
1110
2968
2952
2979
2974
2958
2963
3008
2962
2646
2991
2936
2992
2973
2958
2985
673
2971
3008
2965
2969
2997
2933
2975
3003
3000
2962
1923
2958
2951
2930
1027
2999
571
2970
1888
2974
2979
2991
2991
1395
2975
2933
2991
2967
2964
2995
2967
2988
2850
2982
2995
2957
2980
2962
2974
535
2959
3064
2986
2982
2943
2967
2944
2926
2988
2983
2984
2989
2943
2961
2947
2959
2975
2972
2994
1294
2506
3007
2994
2008
2983
2972
2998
2931
2989
3023
2978
2955
2926
2968
2976
2976
2972
2973
2988
3054
2975
2977
2992
2966
2634
2972
2960
273
3016
2949
2962
2951
2239
2932
2983
2988
2964
2366
2996
3017
2981
2970
1183
2966
2987
2952
2982
191
2969
2990
2973
2987
2987
2976
2981
1803
2967
1026
2997
2978
2958
2981
2974
2960
2971
2967
3024
3009
3007
2974
2974
2956
2981
2990
2992
2968
2969
2958
2982
2993
2987
2939
2959
2970
337
2974
2965
2940
2999
2969
3025
2962
2969
2262
2988
2930
2038
2968
852
2927
2961
2975
2984
2979
2964
2970
2952
3002
2928
2950
2960
3009
2983
2981
2956
2992
2989
2969
2990
3005
2932
1694
2947
3003
2994
3019
2997
2943
2954
3003
2606
2302
2975
3004
2969
2952
2933
471
2973
689
2965
2974
2955
2960
2892
2963
2990
2255
2520
2970
2973
2973
2976
2959
2968
2927
2984
1325
479
2959
3001
418
2960
2991
2990
2954
2985
2961
2923
2998
2967
2950
2972
2942
2965
2941
630
1146
2973
2985
2995
2937
3047
2960
2936
2957
2967
3001
2983
3055
2974
2979
2963
2902
2991
2578
2988
2966
2990
2960
2751
3000
2976
2961
2934
2997
2955
2806
2085
2980
2964
2994
2962
2956
2999
2952
2977
375
2954
3005
2975
2964
902
2955
2970
2985
2262
2986
2976
2967
2971
2967
2948
2969
2977
2956
2953
2971
2930
2948
2962
2998
2977
2953
2992
2962
2979
2991
2985
2958
2984
2983
2955
2980
2982
2633
2959
2972
2953
2975
2981
2956
2984
2979
3012
3000
2967
2106
2967
3002
3043
2938
2976
2943
3005
2983
2978
3003
2922
2977
2975
2958
3013
1547
2958
2998
2945
2971
2954
3007
1489
2956
2990
2974
2965
2935
2896
2964
576
2956
3048
2964
2977
2975
2978
2981
2987
2979
2964
2995
2995
2984
2954
2979
3006
2967
2966
2999
2995
2947
2965
2978
3002
2992
2979
2952
2975
3003
2988
2981
2977
1475
2969
2921
2980
2925
2995
2791
2934
767
3003
2962
3004
3009
785
2983
253
2957
2929
2983
2999
2953
2955
2987
3023
2976
2939
3100
2975
2935
2970
2992
2964
2935
2984
2989
2993
2976
2982
693
2976
2972
2971
2976
2987
2967
2984
2987
2971
2981
2973
2972
2985
2975
2974
2986
2971
2955
2986
3011
2970
2987
2974
2977
2982
2950
2978
215
2982
2982
2939
3002
2943
2483
2985
3009
2977
2976
2987
2105
2987
643
2955
2978
2959
688
2800
188
2995
2972
2984
3002
2968
2964
2957
3002
998
2972
2975
2120
2994
2971
2989
2986
2993
2951
2977
1163
2942
3001
3026
2972
2928
2996
2992
3026
1008
2983
2924
2962
2973
2639
615
2942
2965
2558
2976
2983
2973
2954
3000
2976
2402
2975
3009
2988
282
3009
2965
2982
2932
2972
3006
3004
2960
2964
2950
2986
2939
2975
2977
2981
2979
2947
2928
2995
2969
2951
2980
3004
2957
2961
2965
2661
2988
2979
1986
2970
2971
2970
409
2997
2924
2977
2967
2995
2971
2976
2970
2944
2982
2981
2976
2970
2967
2962
1345
2953
3045
2949
2103
2975
2943
2985
2960
2950
2950
2996
2976
2775
2977
184
1706
2987
2716
2990
2989
2925
2979
2981
2961
2426
2764
2977
2974
2988
2111
2976
375
2961
2970
2982
2957
2971
2958
2969
2956
2669
2975
1021
2152
2963
2985
302
2966
3058
2985
2945
2977
2979
2974
3000
238
2963
200
2973
2984
2953
2205
2989
3018
2961
2967
2969
2956
2941
2974
2968
3002
133
2962
2967
2973
2985
2968
2818
2984
2986
2961
2979
2966
2995
2939
2128
2950
2901
2989
2978
2533
2980
2992
2990
3006
518
2968
2978
2964
2933
2984
2977
2961
2957
2972
2671
134
3010
2952
2981
3000
2988
1092
2907
2992
2981
2974
2971
3007
2973
2978
2945
2947
2971
2984
2983
2963
2936
2996
2987
2976
327
2936
3050
2933
2998
2961
2977
2973
2999
2949
2985
2990
2954
2906
2930
2990
2482
2928
3004
2958
2994
2972
2973
2993
2976
2894
2966
2638
2993
2986
2930
2938
2942
2919
2947
2990
2982
2976
3014
3012
2989
295
2988
2973
452
3072
2954
2955
2463
2977
2983
2964
2999
2969
2981
2944
2980
2972
2692
2999
2992
2972
2973
2988
2973
2992
2967
2956
2842
2984
2952
3039
2980
2732
2939
2978
2965
2929
2964
2989
2971
2983
2956
2975
2965
2973
2966
2974
3000
2994
3000
2980
1763
3001
1367
2817
2960
2962
2981
2969
2993
2993
2982
2979
2990
1204
2242
2947
2948
211
2960
2731
2992
2997
2943
2995
2975
2970
3005
2975
3005
2999
2978
2979
2956
565
2962
2974
190
2958
2991
2962
2972
2977
2989
2981
2998
2971
2981
2937
2954
3002
2951
2976
2954
2992
2983
142
2939
2987
2978
2624
3004
2970
2970
2930
2963
2968
2981
771
2928
2958
2996
1726
2997
2986
314
2989
3000
2969
2958
2917
2984
2782
2953
2967
2991
2940
3006
2081
783
2983
2926
199
2948
2962
2980
2948
2944
2989
2979
2976
2997
2969
2872
2997
2981
2988
2991
2947
2992
2972
2910
2979
2988
3010
2984
2917
2974
1202
2973
3003
2986
2968
2999
2978
2979
2960
2961
2967
3001
323
2986
3048
3001
2974
157
3065
2985
2994
2930
299
2953
2962
2969
2983
2981
2958
3012
3051
2620
2914
2947
2965
3007
2965
271
2962
310
2971
572
2963
2956
2976
2976
2974
3001
2982
2991
2969
3008
2964
3020
2950
2898
2980
3050
2982
2950
2965
2985
3033
2986
2985
2968
2962
2945
199
728
2965
3007
660
2931
2752
2981
2978
2998
2958
2989
292
2824
2994
3002
2971
2942
1363
2891
3046
2947
2972
2973
2864
2956
2984
2980
2992
2991
2982
2962
2987
2972
2983
2978
2974
2995
2982
2824
1227
3005
2957
2999
2980
2987
2905
2980
3002
2609
2979
2992
2962
2974
2988
2985
2958
903
2978
2974
2962
2684
2968
2942
2971
3009
2994
2975
2984
2984
2970
2966
2946
2913
2979
3002
2970
2032
2994
3003
2977
2920
2924
2916
2906
2987
2990
2962
2973
670
2983
2971
2455
2488
2972
2981
2967
2932
2954
2973
2969
1664
2985
221
2965
1152
2958
3066
2969
2874
2994
2991
2923
2972
2942
3002
2935
577
2003
2957
2982
294
2982
2981
2986
2973
3008
2953
2958
2392
2966
2961
2977
1846
2983
2987
2981
2962
2948
2994
2991
2985
2988
2976
2970
2959
697
701
2956
2971
2135
3018
2968
2977
2961
2992
2976
2986
2978
3061
2167
2768
2957
2998
2969
2960
2987
2971
2975
2984
2964
2551
2986
2955
2985
2910
2967
2968
3004
3002
2971
2756
2999
2989
3002
2970
2965
2986
3002
2914
2996
2972
2978
2995
2673
2976
2979
2889
2986
2992
2632
2975
2975
2958
1565
3015
3014
2963
2984
2800
3001
2376
1425
2974
2966
2954
2983
614
2944
2985
2954
2968
2961
3011
2991
2974
2985
2972
2947
2980
2924
242
2981
3005
2081
2981
2971
1826
2993
2916
2981
2987
2970
2979
2978
1905
2970
2949
2917
2960
2871
3008
2994
2995
2988
2900
2956
2994
2974
2931
2982
2993
2994
2976
2970
2967
2948
3001
2952
2969
3002
2957
2973
3009
2946
2958
2992
2569
2952
2972
366
2961
2950
1910
2997
2950
2938
2963
2958
2984
2978
2953
2992
2981
2972
2953
3016
2986
2941
2963
2968
2946
2945
2994
2903
2978
261
2971
165
2981
590
3003
2972
2955
2992
2915
2825
2961
1205
2912
2958
2989
2920
2941
2991
3020
2985
2996
2973
2265
2983
2095
2975
2988
2983
3005
2982
3003
2957
2993
2987
2985
2951
2571
2994
2407
2980
2164
2963
2706
2903
2915
2989
2992
2966
2984
2965
3057
2711
2959
2960
2968
2945
2983
2993
2944
1939
2957
2987
2965
2970
3004
3002
2979
2969
2966
2989
2992
2995
2969
2205
2918
2966
2975
2988
2974
289
2989
2981
2993
2997
2989
2897
3025
2983
2978
2977
2991
2952
2985
2984
142
2978
1180
2946
2966
2992
2975
2973
2987
2991
2971
2981
2988
2983
533
3005
1329
2984
1494
2971
2991
2994
2938
2923
2984
2937
3004
2939
2933
2985
2964
2974
2966
2694
2936
2991
2947
3014
2988
2992
2959
2885
2971
2735
2959
3010
2998
2961
2974
2982
2985
2963
2964
2963
2965
2993
2987
2936
2961
2985
3000
3004
2974
2990
2966
2802
1169
2970
2991
2983
2962
2990
2957
2998
2988
2900
392
2992
922
2972
2950
3002
2922
3040
2967
2972
2966
2972
2969
2481
2931
2969
2948
2999
2936
2995
2981
2970
2922
2959
1095
2949
2988
2976
2984
181
2969
2966
2967
2949
2999
2938
2996
2972
2985
2971
2976
2997
337
2959
2937
2968
2998
2992
1551
2951
2972
2983
2950
2992
2999
2992
2507
360
2925
2982
2964
2975
2865
2962
2968
2971
2945
2150
2951
2958
2960
2331
2997
2962
2971
3009
2991
2976
2961
2949
2986
2965
2941
3002
2966
2942
2962
2955
2972
2968
2966
2972
2971
2971
3010
2964
2968
3005
2981
2987
2986
2953
178
2974
2990
3000
2972
2973
2974
3046
2968
3006
3004
2934
2917
2962
2917
214
2987
2966
2971
2948
2977
2993
2922
2978
2976
2952
2970
501
2922
1028
2973
353
2989
2922
2978
2981
2972
2967
2961
2942
2974
1717
3026
2972
2969
2974
2968
2993
2639
1593
2950
2986
2990
2984
2984
2961
2984
2954
2976
2986
1914
2986
3017
2979
2953
221
2973
2992
3009
2991
2556
2960
2952
2960
2963
2959
2184
997
2992
2990
1790
2936
2991
2973
2251
537
1742
2978
2968
2984
2989
2942
2971
2930
2923
2921
2997
3012
2992
2944
2984
2976
2975
2977
2985
2694
2956
2990
2911
2965
2921
2952
2974
2648
3006
2954
3002
2964
2898
2502
2994
3018
2999
2984
2293
2979
2973
2983
2947
2966
2977
3001
2978
1744
2990
2965
2980
3001
2977
2988
2992
2993
2992
2924
2734
2987
2987
2938
2976
3018
3017
2992
2952
2960
614
2975
2973
2960
2982
2990
2977
172
2951
2992
2998
2967
2971
2978
2964
258
2988
2977
2987
2973
2938
2903
2996
3035
2951
2966
2984
2991
2995
3008
2024
2967
2989
1840
2959
3003
2974
2974
2976
2958
2971
2986
2996
2964
277
2979
2961
649
2978
2970
2982
2992
2968
2969
2985
2990
2967
2924
2978
2962
2997
2961
2999
2940
2973
2990
2989
2277
2958
2249
2975
2977
2992
3018
2959
2966
839
2962
179
2973
3004
2959
2961
2962
2953
2931
2996
2909
2946
2690
2979
2994
3006
324
3003
2988
2975
2981
2959
2964
2982
3017
2980
2979
2972
2916
2975
2115
2923
2966
2974
2948
2996
2951
2922
1882
2984
2980
2964
2975
2978
2966
2979
2974
2992
2957
2979
2989
533
2976
2975
2958
2983
2980
2994
2966
2949
2958
2958
2996
2973
2989
3040
2972
2969
2966
2940
2356
2978
2984
2969
2985
2987
2927
2971
1870
2993
2978
2955
2215
2981
2980
2987
2947
2976
2795
2965
3006
2946
2985
2991
2975
2913
2920
2951
3008
2970
2981
2984
2900
1778
2864
3035
2670
2966
2994
2938
503
3028
2979
2983
2978
2985
2995
2960
2962
2988
2947
2944
2971
2975
2947
2970
2993
2948
2988
2985
2733
2988
2971
2922
2992
2980
2984
2957
3001
2906
2955
3017
2963
2972
2943
2977
2943
2992
2942
2976
2953
2957
2964
2984
2984
2958
2985
2963
2952
2933
2942
262
2971
2994
397
2021
866
2517
3002
2992
2977
2975
2944
2034
2931
2990
2979
2999
2986
2957
3014
2995
2940
3023
2972
2986
2967
2932
3004
152
3003
2928
2974
2793
2995
988
2980
2948
2966
2986
3006
2986
584
2985
2970
2970
2967
2995
411
2933
2928
2970
2958
2979
2012
2990
2992
2939
2967
2976
3009
3002
2971
2970
2989
1137
2951
2978
3001
2991
2962
2967
2946
2969
2959
2978
2936
2977
2982
2969
1863
2967
2966
2953
2988
2974
3004
2988
2991
2993
2991
2972
2982
2984
3010
2985
3029
2990
2982
2972
2809
2972
2985
2972
2996
3000
2981
2989
1982
2959
2554
2959
3000
2941
1020
256
2940
164
3002
2979
2976
2989
859
2954
3013
3000
2975
2979
2989
2989
3009
2993
2944
2952
1715
2990
2996
2994
2976
2578
2965
2964
2948
2969
2962
2993
2996
2723
2957
2970
2986
3014
1644
1471
2997
2991
2965
2959
2995
2992
2976
2994
2978
1907
2975
2992
2987
2999
2970
2951
1460
2962
2964
2995
2994
2958
2984
2983
2935
2033
2974
2981
2975
2953
3038
3007
2872
2970
2512
2966
2955
2980
2954
2956
2973
2976
2960
2934
2964
2978
2886
2917
2981
2984
2939
2990
2945
2954
1816
1928
2950
2988
2976
2978
2920
2971
2984
2926
1444
2958
2989
2967
2978
2774
2952
2963
2980
2979
2941
2981
2980
2908
2977
2996
2995
3004
2973
2952
2954
2954
2993
2964
2956
2938
2830
2968
2955
2652
2956
2977
2977
2943
2993
2960
2941
2984
2961
3009
2982
2972
2986
3008
2973
2976
2938
2986
2986
2963
2397
2978
2976
2967
2981
2965
3056
2786
2942
2947
2975
2985
2971
2977
2967
2993
2848
2995
2978
2969
2866
2981
2980
2995
2925
2966
216
2970
2637
3045
2528
2991
2945
2987
2908
2948
2959
2988
2988
2991
2974
2967
2995
2982
2983
2996
2950
3000
2894
3008
2966
2990
2957
2975
2955
2963
2996
2949
2985
2950
2979
2969
2961
2976
2968
379
2883
3002
2963
2957
2961
2840
2967
2979
2930
2975
2938
2973
2969
1635
2950
2997
506
2544
1222
2976
2948
2926
2950
3004
2984
2953
2973
2900
2989
2932
2969
2904
2948
2973
2998
2988
2963
2942
2980
2960
2975
2947
2959
2979
2976
2981
310
2947
2953
2976
2841
2979
2976
2979
2943
2972
3034
2977
2939
2972
2981
2954
2972
2983
2919
2680
2995
2986
2985
2985
2970
2286
2994
2786
2950
3003
2987
2973
2985
2989
2967
2963
2920
2966
2997
2964
2144
2981
3009
2253
2942
2927
2965
265
2985
2974
2983
2932
2978
2987
2948
2982
3000
2480
2989
2985
2984
2947
2989
2966
2978
2984
2944
2965
2852
2983
2959
2936
1150
2958
2987
2972
2914
227
2985
1068
2964
2963
2996
2964
2963
1147
2997
2986
1030
3054
2986
2951
2914
2943
2930
2716
2979
2970
2946
2964
2980
2934
2980
2972
2988
2976
157
738
2993
2953
2969
2929
2973
1107
2969
2778
2962
2979
2971
2986
2958
2955
2941
3014
2996
2965
2978
2432
2973
2998
2991
2955
2979
3004
2964
2989
2988
2940
2982
2982
2962
2957
2988
3012
2958
2957
2972
1456
2959
3006
2994
2995
2418
2971
3004
3009
2967
2970
2973
2992
2957
3007
2964
1151
2761
2986
392
2946
3002
2977
2984
2943
2978
2955
2985
2920
2977
2983
2954
2935
2968
2728
2982
2212
2965
2882
2691
2972
2965
2928
2982
2980
2952
2981
2976
2989
2998
2975
2983
2969
2989
2971
2939
2971
3074
2996
2937
2982
2984
2995
2995
2959
2979
2552
3004
2990
2939
356
2890
2956
3001
2984
2963
2996
2977
2964
3006
3001
2981
2977
2968
2963
2959
2598
2982
2455
2987
2984
2998
2976
751
2984
2369
2983
2760
2282
2997
169
2994
2979
3052
2685
2965
2956
2973
876
2925
2984
2991
2989
2966
2969
2985
2980
2981
2996
2987
2973
2974
2929
2846
2949
2945
768
2965
2967
2992
2955
2996
2988
2967
2945
2973
2982
2063
2978
2967
3004
3002
2976
2975
3001
2957
2977
2998
2937
2984
2959
2984
1494
2972
2985
2119
3000
3004
2970
1920
2992
2978
2952
2678
2985
2954
2953
2980
2930
2968
2976
2971
2983
2962
2991
2155
3005
2941
2960
1227
2952
2986
2975
2950
2973
1421
2925
2994
3063
2931
3011
2993
2959
2990
2222
3002
218
3017
2997
2994
1775
2803
2966
3036
2973
2979
2958
2980
2948
2975
2965
2405
2997
2975
522
1444
2984
2973
2978
2974
2975
2976
1369
2968
2935
2989
2980
2982
2990
2981
2984
2978
2951
2994
2980
2964
3002
2991
2867
2945
3057
2970
2980
2948
2941
1495
2951
3002
2631
2977
2968
142
2992
2914
2982
2969
2944
3017
2965
1600
2960
2938
2967
2947
2963
2958
2952
2993
2974
2960
2990
2980
2982
2937
2964
2982
2983
3009
2994
2944
2950
2980
2926
2380
2334
2976
2967
2977
2969
2952
2962
2979
2970
2932
2480
2959
2991
2984
2661
3028
2972
2989
2960
2997
2974
1906
2989
2939
2966
588
2955
2961
2996
2974
2968
2769
2960
2979
2991
2990
2960
2890
2960
2980
2981
2973
2979
2968
2988
2989
2984
2907
434
2961
2974
3059
2973
2984
2990
3001
2927
2940
2978
2979
2962
2939
2987
3007
2962
2976
2992
2996
2992
2968
2951
2939
2987
2949
3002
2972
2962
2987
2964
2977
2953
2972
2999
1743
2823
2990
2966
2970
2982
2950
2982
2976
2743
2984
2972
2977
2965
2977
2982
2972
2990
2986
3001
3002
2986
2984
323
3015
2976
2981
2995
2947
2923
2992
2943
2973
2947
2977
3011
2964
2440
3020
2942
2955
2990
2989
2958
2982
2980
250
2969
2979
2949
2972
2963
2986
2992
2599
1164
2955
2997
2977
2679
2982
2990
2981
2945
2980
3013
771
597
2993
2949
2992
2977
440
2948
2976
2839
2977
2624
2968
2942
2964
2959
2966
3026
711
2953
2972
3012
2981
2970
2987
2519
2997
2741
2984
2998
2970
2938
2945
2986
2932
3022
3015
159
2971
2960
2601
2970
2952
2903
2947
2973
186
2983
2961
2988
2453
2977
3023
2930
2968
2952
2988
2717
2986
2976
2988
3000
2991
2996
2945
2989
3035
2976
2405
2951
2992
2976
2980
2975
2969
2962
2950
2929
2980
2965
2953
2985
3029
2985
2973
2437
3001
2991
550
2984
2230
2981
2980
3006
2952
870
2992
2961
2930
2974
2989
1666
3005
2966
2967
2988
2984
2699
3023
2984
2989
3021
2982
2983
2971
2974
2952
770
934
2966
2969
2952
2230
399
2997
2975
2974
3017
2976
2967
2989
2979
2971
2979
2976
2968
2964
2980
999
2962
2982
2809
2940
2990
2942
3029
515
3012
2969
2949
2968
2983
2977
2947
3041
3012
2163
2968
2942
178
2971
2979
2989
2973
2979
2907
2969
2962
2014
2969
2968
2978
2983
2960
2981
2426
3000
3004
2942
3006
873
2970
2715
2950
3007
2951
3005
2983
2994
2985
2995
3002
2994
2976
2972
305
2983
2027
509
1937
2976
2980
788
1702
2973
2959
2989
1876
2951
3009
2562
2949
2966
1139
3014
2963
2961
3005
2976
2591
1089
2937
2978
2982
2973
2982
3009
2988
2951
2983
130
2987
2960
2981
2960
2302
2978
2963
2982
2983
2930
2942
2996
2950
2957
2951
2969
3031
2887
2964
2973
1430
2968
2983
2975
2968
2996
1511
2977
2974
2979
2965
2993
2999
2996
2928
3012
2978
2953
2457
2916
2975
1530
642
2975
2979
2988
1782
2953
2989
928
2980
2984
2917
3009
2998
1144
2703
2994
1147
2998
2906
2963
2972
2995
2987
2995
2679
2964
2980
2957
3006
2991
2990
3006
2976
3000
2958
833
3000
2973
2962
2939
2956
2991
2976
2989
2995
2946
3011
2957
2063
2623
2978
2986
2973
2951
2992
492
2949
2957
2976
1754
2928
3020
2984
2969
2972
2958
3005
2974
2987
1950
2986
2941
2985
1322
3012
2986
2979
2348
2978
3073
2888
373
2982
2973
2946
2984
2966
2946
2969
2985
2969
2953
2994
2521
3015
2998
2966
2979
2964
906
2968
2955
2981
2977
2985
2984
911
2970
2969
2984
615
2951
2960
2977
2980
2998
2996
2822
2996
2929
2933
2964
1270
2974
2987
2973
2872
2963
2928
2930
2985
2978
2985
2975
2989
2956
2957
2945
2968
1594
2948
2980
2977
2999
2955
2599
3005
2962
2988
3000
3004
2982
2989
2945
2988
2973
1785
778
3003
2963
2937
2606
2944
2959
2960
2984
2927
3043
2966
2989
2980
2981
3016
2896
2983
2993
2381
2316
2941
2983
2990
3025
2981
2096
710
2971
2990
2993
2969
3009
2974
2964
2443
2960
3009
2965
1747
2951
2938
2735
1332
2990
2972
2976
319
1669
2968
2990
2976
2989
2969
3028
2973
2981
2945
2987
2958
2963
2973
3001
2988
2933
653
1889
2975
2894
2973
2659
2975
2988
2983
2961
2966
2973
2991
2987
2977
2950
2988
1939
2980
2977
2969
2984
2964
2985
3002
2934
2989
2951
2981
2791
2929
2967
2960
2978
2985
2911
3000
2558
2980
2994
2945
2980
2984
2932
2966
2958
2979
2962
2984
1836
2968
2979
359
3008
3002
2947
203
2967
1706
2956
2978
2991
2970
2980
2950
2620
2996
139
2984
2970
1983
3007
2978
3006
2951
2972
2984
2968
2945
2984
2965
2997
2989
2961
2960
2965
2960
2923
2968
2957
3001
2949
2992
2992
2965
2933
2989
2998
2986
2978
2980
2987
2970
2960
1796
2979
2990
2976
2960
814
2982
2980
2930
3001
2551
2991
1050
2083
2961
2979
2985
2985
2946
2981
2955
2900
2916
2976
2995
2952
3021
2949
2981
2947
2969
2964
2986
2986
