1564
1569
1559
1556
1560
1566
1559
1564
1561
1555
1578
1556
1566
1552
1567
1566
1559
1556
1560
1565
1211
1583
1560
1556
1557
1549
1562
1290
1565
1558
1571
1557
1547
1568
1559
1557
1561
1148
1553
1555
1557
1558
1562
1154
1554
1563
1556
1567
1567
1563
1559
472
1558
1554
1551
1141
1286
1548
1563
1560
1557
1180
1566
1556
1560
1500
1561
1562
1558
1557
1543
1562
1554
1557
1577
1559
1547
1561
1566
1548
1564
474
1563
1539
1557
1558
1569
1554
1568
1563
1559
1559
1558
1572
1563
1565
1561
1118
1559
1554
1565
1552
1559
1557
1557
1561
1569
1561
1551
1554
1561
1050
1554
1563
1561
1564
1548
1559
1568
993
1555
1559
1399
1546
937
1396
999
1563
1489
1536
1564
1487
1546
1553
1560
1566
1542
1560
1556
1564
1567
1558
1569
1565
1567
1562
1558
1548
1566
1560
1558
1559
1557
1563
1565
1566
1566
1558
1554
1564
1564
1532
1559
1561
1543
1437
1555
1569
1563
440
1546
1561
1542
1559
1552
1562
1565
1555
1560
1559
1585
1559
1541
1539
1559
1558
1554
1108
1560
1559
1564
1563
1335
1558
1550
1554
1562
1556
1101
1559
1557
1569
1562
1560
1554
938
1560
1560
1559
1560
1540
1565
1557
1551
1561
1571
1562
1554
1561
1557
1561
1457
1560
1524
1557
1560
1558
1541
1561
1555
1568
1569
1564
1564
1552
1560
1564
1558
1562
1567
1562
1571
1553
1526
1560
1563
1561
1560
1545
1564
1546
1559
1559
1560
1561
1559
1557
1572
1564
1528
1563
1560
1564
1542
1560
1560
1544
1555
1563
1524
1562
1558
1573
1541
1566
1551
1546
1562
1282
1565
1547
1548
1490
1561
1537
1566
1559
1564
1565
1551
1564
1564
1563
1546
1564
1567
1558
1544
1560
1352
1559
1551
1554
1084
1558
897
1574
1561
1562
1556
1566
984
1551
1562
1549
1562
1488
1562
1534
1563
1554
1561
1562
1543
1550
1561
1558
1555
1561
1559
1567
1573
1563
1555
1568
1546
1559
1562
1558
1546
1555
1562
1556
1286
1556
1564
1569
1560
1559
1548
1561
1560
1563
1567
1563
1571
1565
1561
1532
1561
1553
1567
1554
1553
1560
1558
1565
1561
1543
1567
1242
1558
1566
1564
1555
1535
1100
1431
1551
1563
1561
1106
1558
1557
1539
1563
1558
1377
1574
1562
1563
1548
1146
1479
1565
1559
1550
1562
1564
1560
1547
1545
1563
1566
1552
1565
1555
1570
1558
1567
1551
1566
1559
1560
1556
1565
1563
1529
1557
1571
1560
1548
1565
1564
1563
1565
1564
1563
1562
1545
1570
1557
1558
1555
1561
1568
1564
1548
1556
1545
1560
1546
1562
1264
1565
1564
1556
1566
1561
1569
1550
1561
1564
1224
1412
1563
1560
1564
1563
1561
1564
1566
1575
1560
1562
1560
1566
1561
1565
1566
1546
1554
1561
1558
1557
1550
1560
1560
1564
1563
1562
1558
1566
1571
1558
1562
1563
1563
1562
1563
1557
1556
1560
1562
1560
1563
1575
1558
1556
1557
1564
1553
1563
1557
1550
1549
1573
1561
1564
1556
1564
1560
1561
1204
1553
1561
1563
1512
1564
1563
1549
1517
1561
1569
1567
1545
1201
1563
1560
1252
1559
1561
1563
1505
1563
1563
1559
1570
1564
1320
1559
1559
1555
1345
1566
1554
1556
1561
1567
1559
1553
1547
1461
1533
1563
1562
1553
1555
1561
1552
1566
1530
1563
1528
1562
1564
1050
1562
1557
1556
1530
1564
1567
1564
1554
1550
1566
1570
1559
1553
1558
1566
1561
1562
1563
474
1553
1514
1562
1573
1565
1560
526
1546
1566
1557
1056
1551
1566
1550
1542
1561
1550
1554
1568
1560
1565
1566
1560
1566
1558
1565
1572
1563
1562
1552
1562
1557
1557
1558
1554
1553
1558
1554
1560
1562
1557
1561
1539
1548
1556
842
1557
1563
1544
1564
1552
1561
1560
1506
1560
1562
1560
1526
1553
1557
1554
1555
1562
1568
1566
1544
1553
1559
1533
1562
1554
1566
1561
1567
1543
1301
1565
1556
1578
1559
1570
1561
1564
1561
1559
1561
1571
1557
1562
1555
1564
1558
1563
1566
1560
1564
1552
1562
1554
1547
1559
1555
1558
918
1559
1554
1569
1393
1565
1559
1562
1550
1552
1545
1561
1566
1580
1573
1568
1551
1559
1562
1565
1557
1560
1566
1553
1562
1545
1560
1547
1558
1543
1320
1560
1466
615
1560
1562
1557
1564
1566
1535
1552
1533
1541
1549
1115
1558
1543
1558
1562
1556
1567
855
1563
1558
1531
1037
1558
1561
1562
1553
1566
1557
1559
1560
1563
1564
1546
1555
1147
1554
1568
1540
1558
1561
1033
1567
1556
1565
1533
1558
1575
1562
1562
1548
1557
1558
1561
1558
1562
1552
1563
1561
1562
685
1553
1564
1565
1559
1565
496
876
1553
1562
1534
1555
1557
1564
1381
1555
1565
1570
1551
1561
1558
1564
1559
1564
400
1560
1559
599
1542
1568
1560
1560
1565
1562
1547
1559
1569
1558
1561
1218
1556
1564
1570
1571
1561
1567
1541
1556
1562
1561
1549
1571
1543
1559
1558
1561
1533
1566
1583
807
1390
1566
1560
1531
1567
1562
1555
1567
1463
1557
1561
1558
1462
1543
1561
1558
1568
1391
1562
1552
1565
1550
1555
1570
1555
1564
1559
1558
1557
1546
1560
1566
1567
1559
1560
1564
1545
1567
1556
1562
1562
1554
1561
1550
1550
1561
1565
1564
1564
1565
1556
1558
1552
1562
1560
1117
1216
1553
1561
1549
1554
1565
1564
1560
732
1564
1559
1559
852
1567
1558
1561
1577
1553
948
1559
1527
1559
1568
1537
1527
1563
1565
1555
1559
1560
1544
1558
1561
1559
1559
1558
1559
935
1557
1561
1559
1551
1555
1563
1562
1564
1553
1560
1566
1547
1556
1563
1559
1561
1566
1550
1561
1332
1561
1582
1556
1557
1498
1562
1564
1544
1562
1570
1560
574
1563
1579
1553
1565
1553
1556
1564
1558
1568
1562
1549
1562
1545
1536
1540
1561
1563
1560
1562
1218
1551
1567
1547
1565
1559
1567
1570
1558
629
1558
1560
1550
1560
1561
1565
1571
1555
1564
1548
1564
1566
1549
1557
1557
1561
1415
1565
1558
1556
1252
1557
1559
1560
1552
1562
1546
1547
1537
1558
1566
1561
1556
1559
1553
535
1569
1557
1557
1560
1561
1562
1558
1548
1556
1567
1560
1564
1544
1557
1556
1563
1558
1560
1563
1035
1558
1559
1217
1561
1561
1569
1268
1558
1566
1100
1558
1560
1560
1558
1557
1566
1550
1568
1558
1560
1566
1552
914
1565
1547
1545
1559
1561
1558
1562
1526
1561
1559
1569
1558
1560
1557
1565
1559
1562
1573
1561
1555
1563
1557
1558
1558
1555
1555
1558
1554
1530
1557
1567
1570
1557
1553
1557
1136
1560
1560
1566
1379
1550
1553
1559
1568
1563
1565
1548
1567
613
1542
1552
1530
1561
1545
1225
1564
1560
1568
1559
1563
1558
1557
1563
1240
1560
1568
1552
1561
1563
1559
1278
1558
1564
1561
1555
1563
1548
655
1559
1566
1562
1058
1227
1547
1543
1563
1570
1105
1568
1568
1550
1571
1527
1554
1562
1563
1546
1558
1545
1561
1555
1555
1562
1559
1559
1542
1568
1560
1557
1557
1537
1565
1560
1556
1562
1550
1559
1570
1561
1560
1559
1539
1559
1559
1563
1292
1536
1564
1558
1562
1563
1567
1558
1568
1553
1557
1539
1565
1563
1560
1548
1553
1560
1544
1557
993
1566
1553
1560
1468
1550
1550
1544
323
1518
1570
1563
635
1567
1560
1555
1558
1559
1193
1572
1553
1564
1555
1562
1558
1559
1573
1557
1545
1566
1541
1546
1555
1561
1566
1553
1553
1543
1560
1563
1562
1146
1555
1562
1555
1553
1556
1561
1569
1558
1238
1554
1561
1561
1556
1553
1565
1555
1558
1514
1556
1556
1546
1565
1564
1558
1563
1561
1584
1557
1553
1564
1552
1565
1557
1568
1562
1555
1561
1561
1555
1557
1566
1567
1548
1559
1564
1562
1558
1548
1563
1545
1557
1527
1556
1563
1551
1565
1552
1562
1572
1557
1560
1552
1553
1552
1556
1564
1548
1565
1553
1563
1557
1561
1523
1544
1549
1551
1553
1564
1564
1561
1558
1562
1559
1558
1563
1564
1551
1566
1551
1563
1563
998
1569
1561
1561
1568
1551
1558
1558
1560
1171
1557
1552
1554
1559
1551
1544
1567
1543
1565
1567
1561
1560
1559
1563
1560
1549
1557
1562
726
1563
1559
1544
1572
1563
1561
1554
1548
1570
1553
1558
1562
1561
1568
1564
1557
1560
1560
1163
1562
1553
1553
1562
1554
1561
1543
1565
1555
1564
1568
1557
1564
1545
1561
1566
1560
1559
1166
1210
1555
1553
1514
1533
1560
1552
1559
1557
1564
1575
1559
644
1562
1558
1552
1566
1560
1558
1561
1559
1559
1552
1564
1557
1560
1561
447
1560
1546
1565
1553
1568
1555
1565
1560
1562
1563
1544
1560
834
1563
1567
1548
396
1556
1567
1544
1235
1560
1548
1560
1558
1558
1556
1566
1565
1542
1570
1565
1108
1558
1545
1568
1562
1565
1560
1561
1560
1564
1554
1567
1565
1564
1559
1561
1569
1564
1563
1564
1563
1548
1557
1471
1570
1560
1555
1565
1557
1450
1558
1557
757
724
1559
1560
1560
1249
752
1555
1564
1561
1553
1555
1571
1568
1562
1553
1212
1561
1562
1566
1577
1553
1564
1547
1562
1564
1557
1559
1575
1302
1292
1574
1565
1557
1558
1561
1561
1561
1550
1563
1567
1552
1553
1560
1559
1108
1564
1552
1564
1561
1510
1560
1485
1555
1208
1559
1558
1559
1552
1563
1563
1566
1555
1561
1561
1557
1302
1276
1557
1563
1387
1557
1564
1558
1567
1558
1528
1560
1566
1554
1562
1568
1551
1568
1556
1559
1555
1550
1561
1558
1557
1559
1558
1564
1566
1563
1568
1560
1566
1562
1554
1562
1542
1570
1563
1563
1564
1564
1556
1564
1566
1553
1560
1541
1558
1555
1193
1566
1559
1557
1532
1548
1570
1568
1557
1557
1561
1564
856
1560
1560
1049
1566
1552
1539
1562
1536
1568
1555
1560
1560
1560
1555
1562
1562
1544
1562
1569
1564
1556
1554
1326
1552
1550
1561
1563
1124
1549
1560
1562
1441
1555
1555
1552
1554
1563
1567
1568
1564
1550
1554
1565
1549
1567
1559
1563
1558
1566
1554
1566
1560
994
1267
1561
1006
1567
1563
1556
1545
1557
499
1548
1563
1551
1560
1568
1562
1556
1563
1548
1563
1561
1561
1560
1558
1521
1557
1555
1554
1562
1558
1556
1069
1556
1561
1569
1559
1547
1436
1541
1560
1569
1561
1554
1559
1556
1550
1553
1561
1552
1564
1393
1555
1568
1548
1535
1565
1563
1550
1566
1546
1561
1561
1549
1561
1560
1559
1559
1559
1561
1541
974
1568
1565
1565
1568
1566
1565
1533
1556
1553
1569
1550
1557
1568
1555
1567
1563
1546
1558
1563
1562
1557
1565
1567
1561
1560
1555
1550
1287
1566
1205
1555
1561
1562
1557
1558
1561
343
1566
1557
1565
1557
1548
1535
1485
1560
1565
1239
1563
1553
1563
1558
1554
1560
1296
1551
1566
1559
1492
1565
1567
1550
1562
1538
1546
1563
1548
1562
1553
1517
1537
1560
1221
1544
1533
1536
1565
1561
1556
1569
1520
1527
1559
1559
1546
1548
1565
1556
1560
1570
1566
1527
1499
1559
1550
1557
1566
1560
1561
1558
1562
1549
1561
1558
1551
1510
1566
801
1561
1560
1112
1569
1343
1560
1541
1565
1562
1562
1559
1535
1552
1560
1538
1551
1564
1540
1566
1563
1558
882
1563
1565
1555
1555
1279
1557
1560
1560
1560
1557
1561
1565
1555
1565
1560
1541
1536
1552
1567
1558
1562
1564
1487
1546
1566
1552
1566
1565
1560
1551
1553
1564
1112
1533
1564
1560
1561
1562
1562
1558
1549
1546
1560
1558
1560
1549
1551
1564
1563
1522
1559
1555
1563
1568
1553
1560
1545
1564
1576
1561
1565
1564
1560
1557
1563
1563
1553
1550
1552
1543
1547
1214
1550
1547
1560
1560
1559
1567
1567
711
1555
1553
1561
1560
1546
1541
1562
1555
1553
1551
1565
1565
1559
330
923
1561
1551
1556
1562
1560
1423
1566
1561
1548
1564
1569
1563
1543
1549
1565
1571
1556
1529
1547
1559
1562
1546
1561
1564
1560
1566
1572
1560
1563
1565
1567
1525
1560
1560
1566
1551
1553
1547
1566
1555
1555
1557
1562
1570
1552
1560
1096
1561
1553
1563
1566
1565
1565
1561
1542
1571
1560
1539
1562
1328
1560
1221
1559
1560
1563
1561
1566
1562
1559
1543
1559
1563
1559
1556
1560
1559
1547
1563
1559
1555
1559
1545
1519
1558
1556
1553
1542
1568
1559
1568
1560
1558
1544
1558
1553
692
1551
1561
1553
1559
1397
1553
1550
1563
1564
1558
1561
1542
1563
1564
1553
1556
1544
1556
1560
1175
1569
1565
1557
1552
1563
1543
1526
1564
1561
1414
1561
1561
1561
1563
1531
1562
1564
792
1564
1558
1560
1562
1554
1559
1539
1558
1543
1564
1554
1566
1562
757
1520
1563
1554
1558
1562
1188
1567
1556
1565
1122
1546
1550
1565
1546
1556
1254
1568
1538
1558
1554
1564
1558
1553
1510
735
1559
1558
1564
1553
1543
1006
1550
1559
1559
1564
1564
1155
840
1569
1563
1565
1558
1535
1564
1553
1558
1562
1563
1548
1570
1553
1563
1559
1548
1481
1291
1493
1561
1560
1556
1562
1561
1559
1553
1563
1533
1545
1547
359
1560
1561
1566
1560
1570
1558
1566
1548
1560
1463
1560
1546
1569
1505
1566
1566
1561
1552
1563
376
1567
1554
919
1559
1551
1556
1560
1558
1565
1082
1521
1558
1552
1562
1027
1552
1557
1548
1562
1557
1467
1543
1562
1562
1126
1512
1559
1563
1558
1565
1562
1560
1565
1561
1566
1562
1559
1563
1554
1558
1550
1565
1559
1569
1559
1563
1549
1365
1558
1562
1557
1535
1570
1584
1566
1561
523
1565
1559
1560
1560
1225
1560
1066
1566
1559
1568
1550
1565
1553
1562
1485
1511
1561
1564
1568
1565
1564
1563
1547
1558
1529
1345
1560
1563
1567
1559
1562
636
1567
1562
1567
649
1556
1508
1277
1135
1551
1566
1535
1559
1561
1556
1552
1546
1554
1276
1532
1554
827
1561
1559
1544
1556
1549
1550
1566
1566
1560
1567
1552
1557
1571
1560
1562
1367
1024
1567
1560
1563
1562
1445
1560
1566
1566
1561
1549
1565
1559
1561
1545
1552
1567
1558
1563
566
1546
1544
1561
1560
1571
1559
1559
1576
1567
1412
1566
1518
1553
1566
1565
1554
1563
1545
1558
1546
1570
1562
1534
1563
1569
1563
1548
1563
1546
1103
1532
1560
1562
1562
1562
1556
1567
1560
1556
1568
1322
1559
1577
1553
1563
1557
1419
1554
1547
1563
1552
1565
1564
1565
1566
1563
1521
1557
1559
1510
1564
1558
1553
1565
1561
1548
1567
1562
1554
1565
1556
1561
1531
1560
1562
1563
1558
1555
1554
1561
1542
1178
1565
1088
1557
1440
1563
1558
1562
1560
1568
1563
1556
1565
1567
1559
1559
1563
1559
1529
1561
1579
1560
1256
1566
1564
1562
1566
1563
1560
1564
1554
1534
1548
1556
1555
1561
1559
1566
1568
1552
1052
1555
1133
1560
1562
1571
1452
1574
1568
1567
1550
1555
1561
1556
1562
1552
1062
1558
1562
1560
1137
1502
1251
1374
1558
1562
1566
1379
1544
1557
1541
1559
1562
1559
1565
1555
1560
1565
1559
1544
1543
1557
1562
1562
1559
1569
1573
1537
1552
1559
1559
1167
828
1556
1560
1539
1555
1555
1544
1571
1563
1560
1554
1559
1558
1552
1543
903
1550
435
1560
1552
1553
1560
1566
1551
1566
1399
1560
1560
1558
1542
1555
1201
1567
1560
1562
1559
978
1557
1562
1551
1558
1566
1559
1557
1555
1562
1557
1562
1571
1559
1565
1558
1560
1547
1555
1570
1563
1564
1461
1556
1547
1561
1553
498
1067
1542
1559
1556
1550
1041
1567
1549
1418
1553
1556
1562
1548
1561
1560
1565
1554
1561
1554
1564
1547
1549
1564
1549
1558
1564
1562
1558
1554
1561
1563
1558
1564
1042
1552
1537
1567
1555
1554
1561
1564
1551
1505
1561
1554
1552
1567
1553
1175
1570
1554
1566
1557
1049
1564
1561
1558
1559
1559
1557
1556
1561
704
1557
1565
1564
1546
1143
1566
1571
1562
1575
1561
1558
1554
1564
1479
1547
1576
1568
1563
1561
1569
1103
1562
1561
1565
1555
1570
1555
1563
1564
1560
1558
1576
1569
1550
1559
1564
499
1556
1549
1578
1568
1562
1555
1555
1566
487
1560
1568
1562
1552
567
1555
1559
1559
1570
1115
1296
1559
1554
1554
1558
1064
1450
1564
1392
1553
664
1558
1562
1553
1562
1541
1557
1571
1565
1554
1557
1560
1567
979
1559
1562
1559
1562
1341
1565
1566
1561
1563
1562
1563
1567
1559
1566
1579
1528
1556
1560
1560
1563
1559
1560
1552
1558
1404
1559
1568
1566
1563
1548
1562
1546
1564
1564
1556
1570
1560
1548
1559
1558
1568
1558
1562
1563
1048
1545
1555
1556
1562
1555
1563
1545
1560
1559
1562
1561
1564
1560
1565
948
1556
1557
1562
395
1561
1559
1561
1556
1560
1564
1556
1556
1555
1568
1542
1571
1383
1551
1562
1561
1559
1563
1217
1529
1567
1563
1563
1563
1559
1543
1557
1556
1558
1559
1117
1557
1564
1564
1559
1549
1533
1562
1558
1561
1240
1559
1545
1551
1561
1560
1560
1515
1548
1562
1558
1557
1552
1562
1565
1563
1566
1563
1565
1562
1559
1550
1226
1564
1558
1556
1558
1549
1555
1560
1562
1530
979
1558
1563
1560
1557
1557
1552
1554
1531
1573
1562
1555
1558
1564
1564
1557
1558
1559
1564
1557
1561
1566
1551
1564
1557
1562
1554
1564
1538
1563
1566
1561
1549
1551
1560
1553
1567
1562
1544
1559
1544
1556
1562
1559
1559
1559
1549
1564
1589
1564
1558
1557
1560
1558
1532
1562
1557
1560
1567
1562
1559
1565
1561
1559
1563
1561
1561
1556
1562
1556
1569
1559
1557
1564
1547
1372
1559
1557
1573
1579
1551
1560
971
1545
1544
1559
1560
1554
1569
1553
1563
1562
1558
1564
1553
1125
1570
1561
1565
1552
1558
1564
1541
1557
1556
1558
1549
1564
1041
1530
1564
1560
1553
1483
1556
1560
1579
1556
1561
1548
1559
1559
1569
1551
1542
1559
359
1559
1564
1556
1555
1528
1564
1552
1554
1537
1554
1566
1564
1558
1565
1558
1562
1563
1560
1259
1547
1566
1562
1574
1561
1553
1557
1564
1557
1557
1566
1545
1557
1568
1555
1553
1559
1556
1561
1561
1253
1557
1564
1561
1487
1558
1567
1565
1551
1568
1565
1563
1558
1549
1571
1557
1563
1532
1563
1555
1562
1492
1567
1552
1562
1543
1563
1546
1561
1560
1549
1534
1561
582
1554
1568
1561
1562
1569
1556
1548
1563
1555
1559
1547
1564
1560
1564
1548
1557
1524
1550
1558
1553
1560
1559
1558
1555
1260
1563
1560
395
1548
1568
1558
1564
1562
1564
1564
1555
1570
1561
1560
1558
1485
1563
1552
1564
1560
1567
1558
1540
1563
1554
1551
1563
1563
1564
1568
1548
1556
1560
1562
1568
1555
1563
1548
1283
1493
1549
1517
1560
1562
1568
1566
1565
1570
1562
1554
1561
1560
1565
1557
1563
1561
1556
1557
1558
1564
1560
1560
1556
1562
1544
1565
1556
1559
1556
1568
1563
1565
1559
1562
1563
1548
1560
1554
1545
1562
1559
1559
1556
1558
1552
1562
1569
1559
1561
1558
1564
1566
1566
1551
1558
1566
1560
1560
1322
1557
1563
1565
1561
1559
1561
1570
1561
1560
1097
1560
1562
1559
1551
1563
1426
1530
1475
1556
1561
1564
1555
1562
1560
1562
1564
1429
1560
1525
1566
1558
1562
1563
1566
1565
1565
1560
1563
1561
1558
1556
896
898
1563
1558
1563
1553
1568
1562
963
1544
1207
1559
1560
733
1562
1566
1563
1560
1565
1571
1562
1559
1559
1564
1568
1536
1546
1562
1559
1558
1547
1565
1563
1565
1555
1562
1550
1565
1555
1530
1557
1564
1560
1576
1519
1577
1565
1557
1566
1552
1561
1567
1561
1561
1560
1543
1560
1559
1547
1558
1548
1561
1521
1568
1564
1561
1554
1562
1565
1554
1564
1562
1565
1545
1547
1561
1562
1520
1557
1561
1545
1566
1557
1558
1558
1557
1349
1566
1547
1558
1562
1551
1550
1560
1269
1560
1564
1560
1560
1544
1569
1563
1200
1565
1544
1568
1559
1536
1565
1021
1571
1562
1547
1559
1409
1559
1565
1554
1559
1563
1556
1561
1556
1542
1563
1555
1540
1554
1569
1565
1565
1562
1562
1549
1542
1562
1016
1555
1550
1555
1565
1083
1569
1560
1550
1560
1560
1558
1573
1562
1562
1540
1550
1552
1554
1562
1560
1556
1568
1555
1560
1569
1564
1499
1562
1560
1552
1252
1563
1548
1557
1564
1562
1545
1555
1533
1510
1554
1558
917
1563
1546
1558
1563
1555
1559
1553
1567
1558
1544
997
1164
1558
1549
1563
1287
1562
1559
1560
1556
1564
1567
1553
923
1550
1554
1557
1549
1563
1563
527
1558
1568
1542
1554
1325
1559
1561
1561
1562
1555
1552
1158
1557
1556
1567
1564
1558
1554
1561
1564
1558
1560
1565
1555
1560
1561
1541
1556
1558
1553
1565
1559
1405
1562
1561
1555
1558
1563
1471
798
1560
1530
1044
1561
1355
1546
1567
625
1556
1561
1572
1561
1559
1565
1566
1557
1568
1554
1545
1558
1564
1549
1557
1563
1548
1558
1558
1561
1555
1463
1185
1546
1562
1556
1560
1562
1565
1560
1561
1559
1557
1554
1563
1026
1554
1565
1564
1559
1567
1561
1534
978
1561
1565
804
1556
1565
1569
1555
1035
1563
1560
1549
1558
1151
1539
1565
1513
1526
1558
1563
1249
1561
1559
1561
1567
1553
1561
1562
1554
1550
325
1561
1561
1563
1559
1557
1556
1547
1556
1560
1545
1563
1553
1544
1572
1555
1554
1563
1517
1559
1556
1559
1566
1555
1560
1574
1564
1572
1559
1572
1558
1558
1066
1556
1558
1513
1555
1508
1358
1567
1563
1563
1562
1558
1563
917
1381
1553
1561
1564
1545
714
1556
1569
1566
1564
1551
1565
1568
1561
1560
1555
1565
1558
1542
1554
1564
1565
1561
1562
1527
1556
1561
1568
1562
1580
1563
1572
1555
1521
1552
1569
1448
1551
1561
1545
532
1563
1560
1547
1562
1562
1558
1564
1558
1561
1565
772
1564
1554
1561
1552
1551
1558
1566
1564
1556
1552
1524
1437
1510
1560
1555
1436
1561
1555
1559
1564
1564
1563
1551
1563
1557
1567
1562
1550
1551
1566
1549
383
1278
1563
1572
1566
1560
1168
1542
1559
1555
911
1545
1558
1562
1563
1557
1553
1558
1557
1562
619
1561
1509
1558
1568
1560
1130
1563
1547
1565
1561
1563
1566
1555
1543
1181
1555
1556
1548
1557
1557
1561
1563
1565
1560
1557
1559
1563
1572
1558
1557
1505
1547
1544
1567
1562
1309
1560
1565
1561
1564
1563
1565
1557
1578
1550
1563
1545
1545
1559
1559
1544
1549
1554
1555
1561
1542
1561
1518
1556
1565
1556
1558
1335
1548
1562
1562
1129
1544
1230
1561
1552
1564
1568
1309
1559
1573
996
1556
1554
1554
1554
1173
1565
1565
1569
1566
1520
1496
1557
1562
1570
1560
1564
1546
1546
1555
1529
1559
1565
1567
1569
1563
1552
1566
1556
1560
1563
1123
1554
1558
1564
1554
1568
1575
1568
1560
1559
1563
1532
1562
1558
1565
1562
1563
1562
1561
1568
1560
1560
1558
1037
1545
1546
1559
1562
1436
803
1563
1565
1093
1574
1561
1563
1567
1562
1558
1481
1555
1564
1558
1548
1009
1569
1560
1430
1559
1551
1556
1559
1562
1563
1551
1569
1559
1562
1564
1553
1546
1489
1548
1555
1556
1569
1556
1562
1561
1437
1562
1530
1563
1253
1564
1564
1569
1571
1561
1560
1565
1557
1560
1561
1499
1555
1566
1544
382
1560
1560
1562
1564
569
1555
1564
627
1562
1336
1045
1472
1560
1562
1555
1562
1561
1565
1567
1547
1567
1556
1565
1560
1547
1551
1561
1555
1558
534
1561
1557
1557
1559
1566
1550
1570
1564
1559
1551
1559
1563
1556
1562
1540
1569
1524
1563
1564
1557
673
1525
1565
648
1562
1223
1558
883
1568
1518
1560
1565
1561
1555
1560
1565
1566
1572
1559
1563
1553
1568
1555
1546
436
1558
1562
1278
1564
1555
1564
1558
918
1568
1553
1563
1564
1534
1561
1562
1556
1565
1555
438
986
1557
1562
1492
1560
1559
812
1560
1524
1385
1562
1559
1542
1566
1556
1564
1548
1563
1554
1567
1561
1340
1561
1543
819
1569
1283
1556
1556
1562
738
1554
1564
1505
1557
1554
1563
1033
1562
744
1557
1561
1551
582
1494
1546
1561
1563
1552
1562
1557
1557
1558
1560
1558
1547
1556
1567
1546
1559
1557
1551
1402
871
1559
1470
1540
1558
1548
1557
1552
1563
1565
1551
1546
1565
1556
1559
1558
1564
1564
1564
1565
1548
1556
1202
1554
1552
1513
1561
1562
1561
1565
1565
1565
1557
531
1555
1561
1560
1552
1549
1563
1559
1567
1563
1547
1560
1560
1548
1533
1552
1367
1556
844
1564
1546
1554
1560
1564
1563
1566
1560
1565
1552
1547
1566
1557
1561
1561
1561
1551
1537
1548
1554
307
1562
1559
1565
1548
1543
1561
1557
1562
1565
1568
1554
1349
1555
1551
1558
1562
1559
1559
1555
1556
1558
1560
1551
1559
1561
1198
666
1562
1557
1543
1557
1560
1562
1192
1564
1550
1563
1492
1550
1554
956
1556
1559
1560
1557
1560
1557
1404
1556
1569
1554
614
1565
1250
1555
1562
1563
1563
1567
1554
1554
1563
1575
1557
867
1564
1556
1559
1560
1558
1563
1569
1547
1570
1546
1472
1547
1562
1556
1565
1241
1551
1557
528
1556
1564
742
1563
1564
1537
1564
1553
1569
1554
1554
1532
1556
1087
1559
1565
1103
1560
1563
1558
1560
1547
1542
1559
1557
1560
1556
1566
1549
1561
1567
1558
613
1552
1568
1564
1563
1542
1562
1247
1552
942
1477
1558
1560
1566
1229
1551
1561
1563
1558
1360
1234
1556
1571
1561
1113
1562
1545
1558
1568
1562
1571
1476
1563
1555
1555
1556
1544
1570
1539
1560
1564
1570
1560
1567
1556
1552
1568
1556
1565
1563
1568
1560
1535
1546
1554
1558
1557
1563
1526
1293
1568
1563
1548
1565
1558
1546
1551
1565
1554
1255
1558
1546
1563
1544
1557
1565
1558
1571
1557
1556
1555
1560
1520
1563
1565
1561
1568
1563
1565
1560
1563
1568
1564
1560
1548
1555
1554
1565
1562
1555
1263
1561
1560
1552
1554
1569
1471
1560
1559
1545
1560
1565
1536
1548
1554
1560
1557
1557
1563
1562
1562
1569
1565
1565
1544
1564
1565
1562
1561
1565
1552
1555
1568
1559
1552
1547
1498
1558
1560
1561
1557
1563
1556
1551
1565
1559
1557
1554
1553
1554
1556
1558
1566
1543
1569
1393
1562
1558
1554
1561
1558
796
1562
1558
1328
1558
1561
1562
1576
1543
1558
1566
1553
1560
1561
1559
1558
1569
1561
1571
1563
1560
1556
1560
1559
1571
1548
1544
1564
1555
1558
1545
1561
1552
1557
1557
1549
1560
1563
1543
1563
1561
1565
1557
1531
1555
1561
1564
1562
1560
1557
1566
1562
1564
1559
1558
1558
1555
1563
1548
1560
1567
1556
1564
1566
1569
1563
1386
1563
1566
1559
1541
1561
1562
1563
1558
1555
1570
1565
1561
1559
1558
1559
1556
1567
1564
1548
1565
1565
1526
1573
1547
1546
1558
1553
1560
1223
1561
1563
1561
997
1315
1540
1565
1477
1565
1565
1565
1564
1549
1558
1558
1568
1564
1544
1562
1557
1564
1557
1558
1560
1561
1556
1562
1565
1561
1560
1551
1503
1566
1557
1558
1552
1559
1559
1551
1554
1560
1562
1553
1558
1118
1564
1041
1558
1571
1563
1559
1562
1525
889
1558
649
1562
1547
1561
1563
1561
1560
1527
1559
1564
1570
1345
1554
1553
1540
1549
1535
1556
1555
1558
1481
1556
1565
1559
1559
1565
1554
1559
1556
1368
1558
1574
1554
1564
1559
1565
989
1563
1556
1565
1560
1549
1547
1553
1579
1567
1557
1565
1548
1556
1559
1562
1561
1564
1310
1569
1561
1554
1571
1529
1557
496
1569
1148
1553
1320
1561
739
1559
1562
1564
1551
1561
1099
1543
1552
1565
1554
1563
1555
1559
1555
1559
1564
1558
1557
1559
1565
1562
1556
1558
1548
1545
1563
420
1563
1558
1551
1554
1557
1565
1559
1557
1549
1564
1547
1567
1571
1564
1559
1206
1569
1571
1563
1554
1566
1548
1047
1553
1562
1561
1568
1517
1572
1558
1543
1564
1560
1526
1544
1242
1545
1564
1557
1563
1552
1559
1371
1556
1563
1556
1562
1552
1558
1563
1561
1563
1553
1561
1559
1565
1563
1554
1564
1568
1564
1561
1334
1550
1556
1557
1561
1560
1554
1556
1559
1551
1531
1557
1561
1562
1562
1556
1567
1562
1551
1548
1564
1564
1550
1560
1554
1560
1540
1553
1554
1563
1562
1268
1562
1557
1560
1561
1547
1558
1559
1560
1561
1557
1565
1562
1549
1083
1548
1554
1530
629
1558
1562
1557
1562
1560
1550
1567
1553
1563
1547
1564
1557
1560
1560
989
1561
1559
1561
1561
1552
1561
1559
1547
1563
1563
1565
1554
1524
1221
1571
1555
1558
1563
1561
1558
1551
1559
1219
1571
1563
1147
1548
1563
1562
1563
1538
1515
1558
1566
1553
1522
1559
1045
1541
1570
1455
1532
1538
1560
1560
1565
1554
1569
1547
1565
1557
1559
1553
1558
1028
1564
1565
1552
1564
1562
1263
1562
1564
1551
1552
1567
1554
1556
1553
1545
1564
1562
1561
1562
1558
1566
1563
1066
1552
1560
1561
1410
1285
1562
1559
1556
1570
1557
1572
1546
1568
1546
1558
1567
1554
1572
1571
1561
1556
1549
1533
1544
1566
1561
1551
1558
1562
1567
1554
1554
1553
1561
1569
1569
1542
1560
1570
1560
1555
1564
1122
1554
1560
1562
1509
1563
1565
1557
405
1559
1562
1559
1563
1569
1557
1558
1564
1559
1546
1563
1569
1555
1544
1566
1556
534
1560
1563
1563
1541
1556
1560
1302
1563
1557
1560
1555
1563
1561
1566
1555
1562
1563
1558
1559
1542
1563
1561
1553
1554
1562
1564
1546
1552
1542
1556
1559
1546
1561
1509
557
1558
1449
1563
1540
968
1546
1563
1560
1560
1559
1544
1528
1201
1552
1561
1064
1562
1557
1550
1564
1555
1558
1566
1545
1553
1554
1567
1559
1563
1582
1558
1565
1563
1563
1556
1561
1530
1029
1550
1564
1565
1559
1345
1532
1559
1477
1560
1564
1558
1549
1560
1561
1561
1563
1557
1551
1561
1454
1558
1568
1546
1563
1569
1411
1561
1560
1562
1567
1475
1558
1557
1557
1551
1551
1567
1558
1562
1570
1557
1561
1558
1553
1559
1543
1541
1559
1558
1544
1550
1535
1560
1441
1547
1559
1567
1334
1565
1408
1562
1564
1562
1573
1556
1562
1369
1568
1565
1560
1561
1559
1558
1569
1562
1562
1564
1558
1556
1547
1546
1537
1559
1568
1559
1552
1562
1549
1563
1563
1559
1561
1563
1550
1559
1523
1561
1573
757
1567
1563
1551
1162
1561
1556
1565
1565
1556
1561
1558
1562
1564
1100
1549
1559
1569
1522
1548
1531
1430
1555
1554
1551
1562
1546
1563
1547
1556
1561
1564
1547
1557
1554
1561
1531
1559
1570
1561
1550
1554
1568
1562
1558
1549
1571
1557
1564
1560
1560
1553
1515
1476
1561
1562
1568
1559
1562
1562
1536
1556
1573
753
1548
1553
1531
732
1550
1569
1558
1562
1552
1560
1558
1527
1179
1564
1560
1556
1554
1570
461
1561
1563
1563
1568
1566
1560
1556
1562
1546
1562
1547
1556
1535
1563
798
1553
1562
1561
1561
1560
1555
1540
1554
1555
1559
1563
1555
840
1559
1408
1560
1564
1569
1558
1145
1557
1560
1565
1556
1088
1454
1562
1560
1470
1564
1569
1562
1564
1569
570
580
1558
970
1553
1559
1562
1560
1556
1564
1555
1563
1562
1560
632
1552
1560
1560
1551
1562
1181
1556
1142
1561
1539
1555
1564
1555
1548
1565
1561
1561
1565
1559
1560
1555
1549
1559
1508
1559
1523
1558
1562
1545
1550
1562
1550
1565
1566
1545
1548
1562
1550
1558
1569
1565
1526
1561
1560
854
1556
1553
1552
1566
1556
1562
1528
1216
1558
1562
1136
1559
1561
1566
1561
1224
1555
1438
1340
1558
1564
1563
1560
1555
1556
804
1557
1567
1544
1536
1573
1562
1558
1373
1561
1522
1556
1560
1563
1098
1556
1570
1562
1562
648
1563
1560
1543
1564
1552
1560
1544
1556
1554
1559
518
1557
1562
1565
1564
1552
1543
1147
1562
1567
1551
1562
1557
1560
1566
1550
1556
1563
1558
1563
1564
1533
1573
1557
1556
1562
1572
1559
1564
1557
1558
1564
1546
1561
1566
1549
1570
1561
1565
1559
1566
1554
1528
610
1514
1561
1563
1556
1570
1571
1124
968
1567
1550
1555
1563
1569
1188
1244
1563
1560
1560
1559
1560
1561
1562
1559
1547
1567
1547
358
1162
1553
1529
1557
1553
1565
1563
1564
1561
1554
1351
1560
1529
1562
1564
1556
1560
1135
1532
972
1554
1549
1562
1559
1565
1560
1236
1550
1553
1565
1572
1568
1569
1558
346
1545
1557
1556
1544
1553
1568
1565
1563
1560
1547
396
1561
1561
1564
1557
1555
1558
1563
1556
1462
1558
1563
1559
1518
1557
1563
1554
1568
1559
1562
1561
1492
1563
1526
1555
1572
1565
1560
1560
1555
1564
1561
1562
1564
1560
1530
1563
1562
1544
1565
1565
1557
1390
1553
1548
1555
1558
1563
1555
1557
1560
1561
1565
1563
1563
1563
1559
1551
1293
1572
1564
1546
1555
1550
1562
1559
1557
1562
1558
1560
1545
1564
1197
1569
1561
1563
1568
1561
1566
1544
1553
1558
1539
1548
1564
1559
1557
1570
1548
1559
1546
1537
1549
1557
1560
1567
1556
1558
808
1578
1563
1563
1558
1560
1545
1567
1532
1562
1558
1569
1551
1558
1564
1535
1564
1566
1549
1565
1545
1561
1551
1554
1560
1558
1561
1560
1565
1562
1557
1546
1564
1465
1153
600
1550
1561
1564
1565
1368
1565
1558
1554
1552
1549
1568
1559
1564
1561
1571
1323
1561
1561
1554
1545
1549
1557
1562
1546
1558
1561
1552
1559
1565
1566
1555
1546
1557
500
1542
1561
1563
1559
1553
1560
906
1562
1557
1541
1572
1555
1565
577
1559
1560
1557
1548
1469
1544
1577
1565
1546
1555
1564
1558
1564
1559
1544
853
1553
1567
1305
1564
1558
1562
1554
1563
1555
1549
1564
1559
1560
1565
1189
1565
1564
1548
1564
1564
1560
1555
1047
844
1559
1549
1546
1549
1558
1555
1562
1420
1565
1572
1563
1564
1562
1547
1562
1559
1558
1563
1563
1555
1549
1558
1551
1566
1557
1566
1560
1552
1567
1555
1196
1558
1569
1562
682
1543
1558
1557
1532
1447
1203
1542
1558
1567
1562
1562
1562
1576
1556
1563
1564
1549
1558
1544
1570
1562
1561
1552
1561
1560
1568
1554
1556
1558
1450
1568
1537
1559
1563
1563
1562
1559
1559
1551
1562
1564
1552
1555
1560
1563
1560
1558
1563
1559
1577
1563
1564
1555
1554
1540
1529
1543
1567
802
1555
1558
1557
1564
1086
1556
1557
1564
1547
1560
1554
1560
1568
1557
1558
1562
1568
1541
1499
1558
1560
1564
1568
1568
1560
1567
1558
1007
1559
1568
1570
1566
1566
1562
1474
1561
1073
1559
1550
1541
1559
1567
1570
1564
1567
1562
1573
1549
1563
1560
1559
1560
1580
1552
1560
1565
1564
1562
1559
1557
705
1560
1556
1558
1562
1567
1551
1556
1567
1563
1545
1566
1560
1560
1513
743
1561
1545
1551
1556
1567
1561
1565
1546
1553
1561
1568
1481
565
1551
1563
1560
1575
1560
1566
1562
1563
1546
1561
1564
1411
1561
1570
1521
1359
1556
1563
1567
1559
1561
509
1557
1573
1554
1567
1562
1549
1565
1560
1561
1570
1563
1560
1547
1560
1565
1562
1562
1559
1560
1543
1561
1362
1560
1562
1560
1546
1555
1559
1568
1054
1548
1557
1540
1556
677
1567
1516
1573
1543
1563
1565
1564
1564
1582
948
1553
1556
1568
1567
1562
913
1555
1555
1565
1574
1573
1560
1557
1559
1577
1567
1565
1567
1553
1553
1558
913
1549
1557
1562
1560
786
1570
1561
1560
1559
1561
1557
1543
1562
1555
1556
1555
1559
339
1551
481
1560
1530
1533
1552
1556
1554
1568
1544
1563
1553
1551
1554
1556
1551
1566
1555
1560
1560
1540
1560
1567
1550
1291
1554
1557
1547
1051
1549
1562
1565
1557
1556
1557
1245
1545
1560
1568
1550
1172
1559
1556
1564
1546
1548
1535
1558
1571
1516
1550
1577
1549
1564
1561
1562
1556
1559
1554
1551
1552
1549
1553
1558
1563
1544
1546
1552
1537
1557
1555
1560
1556
405
1560
1563
1564
1560
1391
1559
1565
1557
1557
1561
1542
1425
1561
1566
1558
1565
1465
1561
1232
1553
1567
1549
1562
1563
1567
1567
807
1389
1541
1564
1562
1562
1551
1549
1563
1559
1561
1566
1542
1565
1563
1567
1555
1561
1564
1022
1562
1560
1561
1558
1553
801
1558
1558
1561
1560
1559
1559
1563
1558
1567
1535
1563
1557
1545
1561
1555
1562
1561
1557
1570
1563
1562
1553
1561
1567
1544
1559
1557
1568
1559
1564
1552
1566
1558
1557
1561
969
1563
1571
1559
1549
1005
1565
1570
1563
1540
1562
1566
1560
1550
1566
1106
1562
1541
1559
1565
833
1560
774
1559
1548
1560
339
1571
1552
1563
1555
1561
1553
1574
1550
1560
1554
1564
1553
1564
1548
1559
1565
1552
1557
1558
1543
1565
1566
1559
1556
1559
1556
1565
1550
1543
1567
1557
1562
1555
1562
1524
812
1564
1339
1564
1550
1060
1553
1544
1559
1545
1564
1561
1561
1557
1564
336
1564
1564
1559
317
1571
1560
1577
1563
1556
1562
1531
1563
1441
1561
1561
1183
1561
1548
1561
1552
1559
1549
1559
1556
1555
1565
1555
1558
1560
1560
1556
1551
1567
1561
1554
1549
1526
1562
1566
753
1542
1568
1556
515
1546
1540
1567
1566
1565
1563
1329
1562
1561
1559
1553
1551
1549
1562
1558
1561
1551
1534
1562
1562
1562
1555
1560
1556
1564
1558
1561
1562
1552
1560
1558
1485
1570
1566
1542
1557
1545
1555
1564
1566
1496
1549
1560
1558
1294
1564
1353
1561
695
1563
1548
1562
1559
1558
1558
1535
1564
1566
1552
1559
1553
1558
1539
805
1556
1563
1559
1556
1562
1562
1054
1542
1560
767
1571
1559
1563
1568
1565
1563
1562
1568
1559
1546
1561
1342
1552
1401
1547
1308
1564
1564
1056
1553
1539
1566
1562
1561
1561
1564
1568
1561
1564
1579
1565
1560
1567
1555
1539
1561
1556
1139
1566
1555
1572
1560
1546
1213
1568
1563
1560
1555
1552
1562
1502
1395
1557
1565
1560
1555
1211
1556
1563
1344
1558
1568
1546
1559
1560
1557
1543
1561
1572
1559
1569
1562
1165
1556
1545
1567
1557
1567
790
1555
1571
1544
1568
969
1547
1560
1549
1548
1565
1556
1533
1544
1536
1564
1566
1562
1547
1559
1558
1554
1569
1557
1037
1567
1564
1561
1552
1551
1558
1567
1554
1560
1558
1569
1552
1558
1558
1568
1558
1556
1559
1564
1559
1566
1562
1562
1202
1568
1550
1554
1552
1567
1533
1563
1561
1565
1556
1560
1565
1558
1561
1128
1557
1557
1563
1555
1549
1527
1558
1562
1558
1554
1516
1548
1560
1552
1561
1555
1328
1552
1528
1561
1559
1554
1557
1543
1557
1561
1562
1555
1563
1550
1559
1563
1561
1555
1565
1554
1554
1560
1560
923
1559
441
1547
1555
1566
1550
1541
1553
1494
1560
1559
1557
939
1557
1563
1564
1561
1562
1562
1561
1562
1564
1560
1553
1572
1299
1577
1558
997
969
1556
1557
1563
1496
1543
1555
1555
1555
1556
963
1566
1531
1558
1562
1572
1542
1560
1554
1571
1561
1556
1553
1559
1564
1559
1552
1544
1564
1560
1560
1298
1558
1557
1559
543
1561
1563
1553
1556
1563
1567
1568
1542
1553
1554
1555
1543
1547
1560
1551
1571
1566
1524
1559
1556
1561
1560
1555
1564
1021
1556
1538
1572
1556
1570
1568
1552
1555
1553
1498
1320
1559
1560
1569
1561
1559
1560
1568
1545
1547
1568
1559
1561
1561
1566
1555
1555
1563
1565
1547
1560
1567
1556
1554
1564
1559
1548
1559
1562
1563
1094
1520
1522
1561
1570
1559
1564
1563
1555
1555
1547
1548
1568
1569
1561
938
1533
1553
1478
1553
1565
1557
1564
1155
1559
1566
1560
1091
1571
1562
1565
1563
1568
1455
1561
1560
1434
1565
1548
1566
1559
1560
1558
1557
1555
1565
1555
1550
1552
1563
1565
1566
1550
1560
1565
1564
1571
1562
1568
1564
1547
1565
1564
1561
1541
990
641
1538
1551
1558
1511
1567
1562
1565
1551
1553
1559
1563
1553
1559
1562
1537
1559
1566
1548
1564
1560
1561
1559
1552
1572
1562
1560
1561
1552
1561
1551
1562
1565
1564
1184
1574
1563
1558
1564
1560
1541
1552
1559
1523
1557
1558
1461
1561
1560
1561
1566
1558
1558
1554
1566
1572
1560
1555
1562
1265
1573
1552
1563
1552
1539
1563
1561
1558
1570
1559
1561
1492
1564
1553
1550
1553
1548
1564
1549
1560
1557
1495
1544
1556
1560
1573
1567
1557
1542
1547
1529
1556
1558
1558
1557
1448
1550
1557
1565
1523
1563
1564
1502
1550
1566
1568
1562
1562
1562
1555
1555
1553
1019
1544
1553
1567
1543
1555
1565
1532
1520
1539
1563
1552
1565
1530
1557
1562
1539
1303
1564
1550
1567
1570
1563
1566
1569
1137
1557
1555
1559
1564
1556
1566
1560
1488
1566
1147
1560
1557
1559
1565
1566
1562
1559
1555
1555
1563
1558
1556
1527
1573
1564
1571
1556
1573
1561
1553
1560
1106
1561
1554
1544
1560
1544
1558
1562
1562
1559
1559
1030
1554
1564
1561
1565
1562
1536
1558
1553
1564
1560
1552
1563
1556
1549
1551
1553
1563
1556
1179
1146
1556
962
1563
1544
1559
1560
1555
1553
1559
1562
1568
1186
1557
1568
1558
1564
1560
1558
1031
1560
1556
1561
1566
1562
1552
1567
1544
1564
1266
1564
1562
1562
1562
1546
1550
1560
1558
1548
1562
1562
1562
1564
1566
1568
1565
1559
1565
1561
1563
1531
1427
1570
1555
1561
1556
1560
1553
1571
1559
1572
1563
1555
1563
1560
1557
1552
826
1562
1558
1344
1566
1564
1560
1562
1568
1567
1557
1566
1351
1554
1556
1552
1566
1564
1566
1564
1562
1562
1552
388
1557
1537
1560
1568
1546
1565
1416
1555
1561
1560
1544
618
1477
1581
1536
1551
1550
1568
1566
1561
1570
1559
1549
1549
1563
1530
1562
1568
1224
1559
1566
1560
1560
1560
1539
1557
1531
1553
1557
1533
1554
1568
1566
1558
1558
1563
1554
1556
1566
1576
1548
1565
1531
1551
1555
1567
1565
1560
1573
1559
1561
1562
1564
1556
1549
1567
796
1563
1563
1564
1568
1351
1554
1566
1563
1559
1549
1566
1536
1560
1556
1564
1549
1533
1563
1519
1564
1557
1568
1558
1535
1547
1518
1543
1566
1559
1556
1563
1570
1557
1147
1543
1539
1563
1535
1556
1214
1557
1555
1536
1561
1553
1220
1564
1555
1565
1557
1554
1550
1556
1565
1572
1287
1560
1563
1561
1563
1546
1559
1562
1564
1565
1560
1565
1534
1563
1558
1564
1552
1555
1567
1551
1572
1553
1121
1568
1178
1563
1556
1553
1546
1560
712
1567
1564
1560
1531
1555
1562
1559
1543
1567
1579
1551
1547
1553
1562
1533
874
1555
1035
1565
1557
1559
1480
1550
1547
1331
1557
1247
1192
1568
1560
1560
1565
1561
1092
790
1563
984
1570
1477
1241
1548
1527
1566
1563
1528
1557
1555
1550
1565
1544
1548
1532
1562
1559
1567
1571
1567
1198
1569
1565
1556
1564
1562
1541
1565
1561
1558
1569
1554
1550
1570
1561
1197
1548
1558
1562
1563
1564
1561
1566
1569
1558
1556
1561
1560
1545
1555
1553
1574
1567
1558
1238
1561
1485
1563
1560
1559
736
1554
1567
1555
1568
1566
1564
1556
1561
1550
1533
1559
1540
1135
1560
1570
1517
1556
1566
1560
1564
1554
1547
1555
1567
1561
1545
1562
1546
1563
1564
1548
1563
1540
1544
1544
1574
1562
1543
1561
1563
1563
1567
1564
1539
1559
1548
1511
1560
1570
1563
1570
1493
1550
1022
1549
1566
1557
882
1557
1561
1563
1558
1550
1566
1564
1535
1469
1556
1564
1547
1559
1561
1567
1559
1567
1558
1563
1565
1559
1552
1556
1560
1557
1561
1560
1538
1557
1557
1566
1563
1561
1555
1569
1548
1561
1468
1553
984
1560
1559
1557
1564
1562
1553
1563
1561
1563
891
1548
1526
1574
1563
1557
1561
1566
1538
1562
1546
1560
1551
1551
1556
1560
1561
1550
1568
1564
1566
928
1560
1566
1561
1560
1560
1563
1549
1562
1575
1562
1559
1564
1556
1561
1560
1561
1561
1570
1559
1550
1553
1563
1561
1569
1554
1343
1576
1547
1558
1266
1559
1128
1549
1562
1562
1573
1550
1567
1562
1554
1493
1555
1557
1559
1562
1541
1571
1558
1560
1566
1566
1560
1567
1542
1563
1231
1559
1557
1561
1558
1554
1581
1557
1557
1556
1557
1551
1554
1533
1553
1559
1548
1561
1566
1560
1567
1400
1563
1556
1559
1530
1555
1556
1567
1558
1560
1569
1557
1568
1564
1509
1556
512
1553
1580
1565
1565
1571
1557
1561
1550
1555
1556
1553
1558
1521
1566
1555
1555
1548
1569
1559
1563
1540
1140
1139
1556
1570
1551
1551
1552
1565
1566
1560
1564
1565
1561
1052
1536
849
1560
1555
1549
1554
1562
1556
1556
1559
1564
1565
1463
1540
1273
1561
1562
1557
1546
1561
1562
1554
1554
1561
1557
1565
1561
1577
1569
1549
1563
1564
1454
1561
1557
1555
1353
1557
1561
1542
1562
1562
1561
1563
1564
653
795
1574
1559
1560
1526
1560
1544
1564
1555
1578
1567
1531
1556
1563
1347
1565
1557
1568
1556
1565
1549
1560
1548
718
1574
1569
1557
1550
1553
1561
1575
1563
1551
1556
1545
1561
1560
1558
1232
1024
1551
1547
1569
1551
1548
1439
1555
1559
1553
1567
1566
1560
1549
1558
1555
1546
1565
1561
1569
1517
1260
1562
1560
1556
1564
893
1556
1554
1553
1564
1562
1568
1557
1544
1541
1561
1553
1565
712
1555
1103
1561
1570
1561
1557
1564
1556
1547
1498
1561
689
326
1124
1560
1564
1558
1554
1557
1562
1562
1551
745
1552
1560
1563
1561
1561
1561
1568
1246
1560
1561
1555
1565
1556
1556
1555
1563
1568
1534
1561
1553
845
1562
1562
1562
1556
1554
1564
1564
1562
1548
1561
1561
1567
1572
1569
1555
1557
1566
1567
1563
1560
1490
1557
1569
1551
987
1562
1559
1565
1562
1551
1567
1526
1565
1556
1559
1554
1553
1561
1563
1567
1557
1560
1568
1550
1564
1555
1565
1544
1558
1562
1572
1559
1544
1555
1562
1559
1565
1559
1562
1561
1566
1563
1566
1443
1562
1568
1567
1562
1560
1538
1564
1071
1542
1561
1560
1560
1562
1557
1560
1548
1560
1296
1557
1556
1558
1564
1521
1563
1543
1558
1570
1564
1564
1559
1561
1569
781
1560
1541
1559
1484
1556
1168
1565
1247
1565
1574
1560
1566
1556
1571
1084
1563
1563
1565
1563
1548
1562
1559
1558
1557
1552
1559
1565
1559
1550
1547
1563
1529
1561
1566
1553
1559
1558
1555
1563
1562
1563
1561
1567
1557
1555
1557
1566
1568
1562
1571
1541
1545
1559
1563
1576
1556
1563
1560
1545
1557
1559
1553
1561
1539
1533
1562
1563
1551
1555
1557
1567
1564
1557
1543
1555
1566
1558
1560
1568
1558
1568
588
1558
1559
1561
1550
1549
1559
1562
1557
1548
1551
1562
1540
1559
1559
1153
1564
1569
1549
1559
1566
1565
895
1569
1558
1564
1562
1558
1557
1559
1549
1559
1558
1560
1557
1555
1561
1564
1554
1554
1548
1561
1551
1559
1560
1545
1561
1558
1556
1565
515
1327
1566
1561
1557
1563
1563
1566
1558
1570
1556
1559
1553
1559
1562
1569
1536
1558
1544
1559
1557
1563
1555
1559
1506
1565
1557
1559
1545
1568
1555
1557
1544
1554
324
1565
1544
1554
1563
1549
1555
1557
1535
1563
1564
1563
1551
1554
1457
1549
1564
1566
1561
1563
1539
1570
1547
720
1564
1560
833
1561
1550
1558
1564
1563
1560
1555
1570
1564
1536
1561
1562
1568
1556
1566
1552
1547
1535
1541
1568
1561
1563
1564
1558
1558
1567
1568
1557
1457
1562
1550
1554
1551
1557
1554
1567
1561
1056
1560
1558
515
1289
1519
1557
1563
1507
1549
1556
1545
1558
1565
1567
1559
1569
1550
1559
1559
1555
1561
1563
1559
1558
1563
1528
1566
1543
1558
1561
1268
1563
1555
1569
1557
1568
1566
1559
1558
1551
1559
1562
1549
1567
1558
1553
1566
1552
1322
1555
1551
1259
1571
1553
1190
1550
1564
1549
325
1547
1562
1565
1556
1548
1549
1548
1558
1561
1562
1524
1561
1563
1564
1557
1561
1559
1550
1557
1422
1573
1556
1561
1567
1553
1546
1555
1564
1554
1563
1559
1564
1559
1562
1557
1557
1542
1555
1564
1563
1553
1542
1536
1553
1564
1547
1547
1561
1555
1559
1558
1559
1556
1491
1561
1566
1535
1563
1380
1564
965
1566
1556
1560
1557
1557
1565
1566
1554
1567
1564
1560
1561
1569
1402
1527
1559
1560
1560
1545
1092
1562
1564
1581
1562
1563
1088
1230
1559
1200
1556
1551
1566
1563
1556
1548
1554
1564
1570
1557
1518
1556
1531
1563
1572
1550
1447
1561
1565
1146
1567
1564
1564
1555
1557
1545
1564
1561
1553
1562
1547
1554
1567
1537
1555
1559
1559
1552
1559
1565
1559
1561
1545
1561
1173
1560
1555
1567
1561
1564
1044
1566
1572
1231
1560
1564
1352
1565
1558
1557
1545
1557
1555
1553
1575
1563
1564
1560
1558
1540
1550
1559
1563
1560
1562
1550
1004
1544
1555
1567
1555
1566
1561
1566
1573
1569
1559
1565
1558
1559
1551
1524
1549
1566
1556
1547
1556
1559
1558
1568
1556
1556
1562
1559
1553
1563
1561
1560
1555
1563
1560
1568
901
1563
1565
1563
1565
1564
1553
1561
1426
1552
1566
1564
1561
1556
1561
1563
1547
1577
1551
1562
1560
1559
1566
1562
1563
1448
1564
1565
1562
1567
1552
1558
1579
1565
1554
1547
1160
1569
1549
1332
1562
1133
1558
1562
1555
1559
1561
1568
1564
1064
1575
1561
1551
1558
1549
1178
1563
1562
1549
1565
1568
1563
1541
1055
1561
1563
1561
1517
1555
1563
1561
1562
1553
1546
1559
1549
1537
1560
1108
1554
1551
1561
1294
1563
1554
376
1539
1390
1564
1558
1568
1563
1561
1562
1541
1564
1554
1559
1560
1482
1547
1537
1557
1554
1554
1556
1561
1548
1561
572
1550
1559
1558
1560
1558
1549
1560
1559
1564
1561
1561
1547
1544
1561
1388
1558
1559
1546
1554
1566
1568
1563
1563
1563
1565
1560
1561
1546
1545
1555
1561
1558
1559
1553
1558
1546
1547
1558
1564
975
1563
705
1530
1566
1561
1544
1557
1558
1415
1556
1567
1561
1550
1559
1468
1562
1562
1563
1557
1528
1565
1560
1554
1566
1334
1557
1571
1553
1557
1095
1565
1560
1551
1549
1567
1568
1556
1549
1557
1547
1561
1557
1556
1554
1557
1563
1556
1562
1559
1557
1543
1570
1561
1560
1553
1557
611
1559
1538
1552
1560
1548
1162
1383
1548
1559
1556
1555
1557
1557
1511
1561
1179
1572
1190
1541
1556
1560
1562
1556
1562
1556
1431
1229
1560
1562
1563
1566
1559
1557
1557
1306
1563
1567
1560
1561
1549
1554
1564
1559
1556
1557
1561
1555
1567
1571
1558
1555
1526
1530
1569
1554
1568
1559
1563
1568
1556
1564
1518
1544
1565
627
1560
1528
1556
1569
1563
1218
1566
1547
1557
1560
1555
1577
1545
1558
1565
1562
1549
1558
1563
1562
1561
1199
1565
1544
1556
1555
1178
1572
1555
1555
1566
1197
1561
1564
1551
1567
1560
1561
1568
1563
1558
1560
1559
422
1565
1285
1562
1566
1560
1570
1556
1543
1565
1554
1533
1571
1561
1560
872
1564
931
1559
1530
1550
905
1564
1566
832
1560
1559
1564
1567
1559
1562
1564
1561
1572
1539
1559
1560
1563
1559
1556
1565
1559
1539
1560
1561
1085
1566
1563
1563
1186
1559
1563
1554
1560
1556
1554
1549
1548
1535
1567
1562
1558
1459
1579
1557
1559
1561
1562
1563
1559
798
1550
1569
1558
1559
1554
1514
1335
1561
1555
1110
1546
1559
1563
1558
1548
1536
1563
1559
1563
1558
1559
1562
742
1563
1557
1570
1552
1539
1559
1550
1561
1558
1557
1555
1095
1562
1558
1560
1555
1562
1560
1557
1540
343
1534
1566
1556
1555
1542
1563
1560
1560
1557
1559
1560
1328
1558
1547
1578
1567
1525
1546
1563
1560
1561
1501
1556
1560
1562
1262
1548
1557
1570
1550
1556
1563
381
1144
1538
1558
1120
1558
1564
1562
1568
1562
1551
1550
1556
1557
1553
1558
1546
1566
1557
1560
1562
1543
1559
1548
1562
1558
1517
1557
1567
1563
1552
1563
1562
1159
1562
1258
1560
1563
1560
1560
1562
1553
1513
1553
1339
1566
1558
1520
1567
1534
1565
1562
1563
1560
1494
1166
1550
1537
1559
1562
1563
1565
1556
1552
1561
1555
1560
1562
1562
1558
1555
1565
1563
1556
1555
1561
1559
1567
1561
1563
1566
1570
1524
1547
1564
1551
1563
1561
1560
1558
1561
1566
1559
1566
1562
1559
1565
1476
1554
1559
1563
1560
1567
1563
1493
1558
1565
1556
1560
1545
1554
1565
1563
1555
1553
1542
1055
1565
1556
868
1537
1561
1560
1553
1567
1562
1558
1562
1542
1559
1566
1547
1559
1545
1563
1566
1560
1547
1563
1561
1561
1062
1556
1555
1544
1558
1556
1563
1557
949
1566
1553
1560
1253
1558
1563
1561
1569
1556
1558
1556
1551
1563
1547
1565
1560
1549
1540
1554
1549
1551
1514
1565
1561
1556
1558
1541
1554
1550
1552
1556
1554
1556
1558
1555
1557
1570
1551
1553
1559
1541
1565
1565
1564
1567
1552
1559
1556
1550
1560
1566
1563
1564
1564
1563
1565
1555
1560
1553
1567
1553
1557
1569
1308
1558
1561
1573
1554
975
1571
1027
1553
1559
1553
