3059
2979
3009
3014
3062
3023
3014
3051
1936
2991
3014
3000
3026
3010
2989
2999
2943
1765
3023
3023
3048
2973
3005
3022
3022
3022
3017
3013
3013
3005
3009
1009
3007
3025
2410
2596
3022
3034
3000
2985
3034
3000
2965
3002
2430
3025
3022
3027
1292
2970
3012
3005
3004
3027
2993
3018
2045
2987
2850
484
3002
3012
3018
3036
3015
3014
2964
2859
3011
2976
3007
2854
2998
3029
372
2999
3084
3017
2984
3032
3017
3030
2994
2984
3012
3024
3093
2951
3017
1294
812
2985
3020
3021
3025
3010
3026
2968
3033
2997
3057
2991
3011
3018
493
2986
416
3040
3041
3029
2984
620
3005
3011
3042
2977
1280
3051
3015
3033
2999
3006
3061
3016
3038
2981
3010
2974
3021
3029
3012
3045
3013
3030
3000
3006
3028
3036
3029
3018
3051
2987
3024
3003
3027
3013
3001
3005
3013
3029
3026
2986
3024
3016
3080
3005
3016
3023
3008
3018
3008
3030
3015
2998
3030
1134
3023
3049
3012
2999
2986
1515
2995
3013
3018
2999
3022
3047
3024
589
3094
3047
2824
3004
2997
3006
2998
3018
2996
3026
3006
2980
3027
3010
3016
3010
3040
263
3024
1231
3005
3033
3011
3048
2976
2945
2996
537
3012
1268
3040
3031
3028
3022
3007
2553
1950
3021
3030
3009
3034
2970
3038
3023
2991
3024
2981
3024
3024
3053
3003
3007
3028
2979
3018
3023
2935
3009
3026
3077
3016
3011
3014
3018
3013
3042
3008
2953
2997
2930
3037
3006
3009
2955
2932
2902
2914
3009
3014
3019
3017
3033
3020
3009
3009
921
3038
704
3026
3012
3002
3026
3039
3010
3011
3012
3029
3042
3002
3030
2993
402
1255
3032
3001
3047
3001
3008
3001
2996
3033
2986
1460
3018
3034
3003
3084
1893
2810
3018
3021
2996
3028
2958
3035
3013
3011
3028
2995
3027
2956
2963
3013
3009
3049
3019
3022
2991
2990
3050
3021
2926
3044
3031
3017
3008
3018
2444
2987
2954
3041
3019
3038
2239
1385
3009
3005
3028
3117
2933
2021
3046
488
3029
1786
2983
3007
3014
3020
1203
3036
3004
2829
2926
3012
3034
3044
3017
3020
3038
2980
3020
3023
3023
2991
3005
2997
3024
3030
2961
2988
2992
2936
3016
2964
3008
506
3033
2980
3011
3065
3042
3023
2999
2787
3028
2960
2996
3029
3019
3043
1865
3035
2869
3019
2286
3000
3004
2194
2969
2991
3007
2643
2978
2565
3030
3019
3026
2533
3041
2993
2983
3036
3009
3026
2937
3003
3004
3026
2977
2975
2991
3058
2409
2197
2986
2997
3018
3037
3022
3011
3026
2986
3029
2676
3016
3044
2990
2939
3017
3024
3070
3031
3023
1678
257
2998
2699
3018
1881
3021
3004
2969
3029
3007
2949
3013
3016
2969
3023
2982
2995
292
3030
3014
3010
2946
3012
3025
3003
2952
3016
2977
3099
3024
3015
2983
1965
3021
3009
564
2976
3019
3011
3117
3013
3008
3060
2983
3027
2961
3026
484
3013
3039
3000
2996
3011
2572
3016
507
3021
2920
3006
3022
1580
3031
3012
2990
3013
3024
2981
3016
3020
2984
2445
2860
1964
3004
3031
3046
3026
2998
2970
3025
3027
2988
2982
3024
3011
3011
3041
865
3073
2995
3007
3030
3020
3045
3017
3012
3032
2996
3018
2919
3045
3024
2988
3008
2966
3011
2959
2970
3108
2992
3023
3003
3031
3018
2991
3021
3017
3020
3004
2979
3009
3031
3017
3036
3025
3054
3018
3013
3016
3022
3034
256
2982
3031
2995
3018
3015
2981
3013
1060
728
2764
160
3026
2993
3046
3012
2979
3028
3044
2375
3013
3002
3028
2992
2994
2962
3001
2430
3043
3027
3006
3011
3041
3007
3022
178
3051
3073
2987
3035
3020
2995
3015
3010
3049
3010
3054
3003
3025
3049
3023
3054
3022
2972
2752
3038
3018
3032
3009
1760
3010
2980
3015
2920
3009
3043
3023
2860
2972
3019
3013
2990
3026
2986
537
3028
3021
3038
3020
2955
2977
3015
2948
3026
3050
2989
2954
3033
3035
3031
2948
3009
3035
3009
3032
3028
1734
313
3006
3001
3013
3060
802
2991
2977
3015
3008
919
3043
2985
3042
3026
3011
2920
2951
3023
2015
2986
3010
2321
3038
2380
2941
2947
3003
2961
3003
2984
2961
2966
3052
3025
2979
3017
3003
3005
3024
3051
3055
2863
3045
3027
3022
3029
3056
3027
2872
3014
2991
3018
3010
270
2999
3070
3007
1049
3021
689
3040
3019
2995
3019
2998
3041
3017
3038
3012
3030
3018
3013
3005
2946
3022
2922
3009
2994
2976
2993
3018
3005
3010
3026
3023
2962
2946
2992
3033
3017
3044
3055
2971
3021
3026
3027
3010
3030
3008
2890
3106
3000
3017
3009
2983
3003
3006
3007
3030
2991
3017
3030
2911
3023
2982
3029
3008
3026
3001
3008
2007
3048
2955
3043
3003
2972
921
3009
3022
3001
1310
3004
3020
3012
2986
1060
878
2761
3017
3031
2905
3006
3025
3037
3019
2929
1558
3020
3010
3012
3022
3027
2999
2988
2995
3013
2999
3009
3023
2980
2916
2986
3017
3006
3022
2978
2959
3018
3038
1522
2995
3008
2995
3020
3037
2989
2992
3017
3004
2989
2999
3033
2990
3032
2989
2995
3001
2994
3019
3044
2995
3027
3022
3032
3031
3017
2923
3008
3003
2987
3043
3008
3010
3020
3014
3034
2522
3024
3039
2623
2995
3028
2999
2469
3037
3008
3052
2005
1468
3026
3018
3010
2991
3018
3030
2998
3021
3029
3007
691
3010
3017
3026
3030
3010
2999
3032
2983
1293
3029
2999
2975
960
2996
3004
3049
2759
3006
3013
3001
2990
3015
3017
3005
3033
2976
2978
2989
2992
2950
3001
2976
3008
3062
3028
3048
3037
3033
2983
2979
3011
2984
2991
1363
3010
2966
3027
2985
3005
1750
3020
3003
3025
3019
3005
3035
3006
2977
2949
3063
3010
3014
2167
3014
796
2999
3006
3024
3043
3009
2999
3020
2969
3013
2990
2975
1513
260
3038
2967
3033
3020
3007
2993
2041
1920
2966
342
3005
2998
2987
3033
3023
3001
2994
2338
2572
3021
2980
3023
3028
3004
3021
3000
198
2978
2972
3055
441
3011
3047
3014
3025
2934
3024
3023
3028
2996
3027
690
2997
3017
3045
2994
3019
3060
3007
3024
543
3004
3019
2998
3034
3042
3015
3033
2995
2995
3018
3048
2961
2599
3005
2985
2675
3040
2951
3049
3036
3002
3034
3009
2998
1540
3030
3033
1459
1015
2977
1661
3005
3013
3008
3006
3003
3013
3015
2992
1707
3092
3028
3007
3111
909
3013
3045
3006
3015
467
3016
3000
2995
3035
2962
3022
3027
3029
3019
2923
3039
3006
3033
1710
3022
2990
2990
3029
3007
3023
3001
3028
3000
3006
3047
2997
3038
2979
3001
3019
898
3000
3032
2861
3008
2987
3033
3023
2985
3017
3088
3008
2625
3033
3012
3022
220
2954
2842
3002
2968
3030
2991
2987
2955
2947
3034
3028
2993
3037
3001
3010
2955
2993
2362
2992
2967
3025
3030
1462
3020
2997
2442
3041
2998
3001
2833
3050
3065
3000
3047
3020
2990
3005
2984
2999
3064
3011
2985
3001
3026
2996
3004
3027
2521
2977
3029
3007
3025
3033
3022
3022
3032
2999
3019
2375
896
1194
3011
3027
3015
3003
1289
3005
2996
3016
2599
2986
3015
3007
3016
3025
3018
2785
3014
3043
3006
3033
3027
2996
3018
2982
2989
3015
3036
3024
2977
3028
3007
2971
2998
2984
3026
3027
2985
3035
2622
3029
2975
3018
1432
3004
3004
3020
2995
2990
248
3043
3014
2995
3022
3034
3046
3017
3004
3033
3052
3003
3006
3024
3009
3014
3002
3002
224
3028
2120
3017
2996
3046
3041
2992
3013
3048
3013
2616
3007
2755
3011
3043
894
2971
3020
2977
2974
2506
3023
3032
2978
3014
3039
173
3003
2033
3009
2931
2540
2979
3043
2998
3023
428
3083
3102
2999
2995
3030
3014
2988
3018
2085
2978
1639
3006
3038
3039
3019
3013
3022
3013
3011
3025
3010
3001
2991
3031
3016
3025
3033
3046
3047
3026
3008
3035
3038
3029
3025
3014
3027
3031
3046
3014
3007
3050
2966
3035
2777
3004
3036
3027
3040
3012
3007
3007
3027
3019
2928
2970
2957
2787
3018
3015
3012
3007
2999
2977
3015
3034
3013
2280
2628
3099
3056
3022
2986
3017
2983
3010
2984
3030
3035
3003
3005
3008
3034
3029
3033
3012
2996
2976
3082
3018
3002
2997
3013
3023
2985
2245
2970
2996
3010
495
292
3013
3020
3043
3014
2973
2253
2974
3041
1124
1246
3004
3000
3017
239
3014
3012
3024
3011
3013
1091
3024
3033
3003
2874
2988
2988
3020
3030
3005
3028
1522
3017
3035
2992
2968
3025
3029
3007
3007
2981
3040
3007
2735
3028
3046
3018
3010
3028
2710
413
3004
3005
3053
3007
3068
2390
1682
758
2983
3045
3022
3027
2989
2987
3043
2673
3010
3012
3008
1244
2998
3025
3109
311
2995
2918
3006
2907
2995
3035
2962
3008
2993
3023
2111
3047
3018
3015
3006
2402
1347
2997
3013
3036
3009
2994
2946
3016
3022
2829
2990
3013
714
2984
3024
3028
3024
2998
2783
2990
2997
2176
2971
2992
2237
2972
1497
2938
3020
3011
3034
3013
3009
3039
479
3008
3004
2892
3023
3016
3012
3015
2972
3048
2983
3018
2955
903
3024
3022
3022
3004
2978
3036
3009
3005
2865
2032
2967
2981
3033
3020
3020
3037
3013
2927
2971
2969
2995
3036
2999
3013
3015
2936
3028
3051
2962
3032
3038
3022
3025
3097
3008
2932
3017
2999
3024
3021
2376
1828
3047
2151
2788
2912
3009
2983
3007
3014
2982
2955
3011
2987
2994
3038
2976
510
2995
3020
3006
3021
3018
3107
2711
3014
3011
3039
3016
3018
3042
2982
3001
3002
3011
3013
3001
2991
3004
3023
3051
3005
912
3008
2993
3031
2992
633
3020
301
3026
3049
2953
3018
3006
3032
1982
3010
2671
3032
3030
2415
3021
3066
3001
3015
2976
3019
3022
2252
3086
3021
3012
3023
3028
3037
3027
3041
3023
2205
3027
2948
2904
2980
3018
3036
2965
3011
3005
2971
3003
3015
3035
3072
3007
3016
3042
3019
2958
3027
2314
3005
3007
3014
2986
2992
3044
1664
3037
668
2906
3008
3005
3008
3041
3015
3009
2991
3030
2329
3049
2996
2993
3012
3012
3008
3024
2988
2649
3012
3010
3029
2984
2925
2411
2987
3016
3000
3014
2963
3006
2989
3012
680
3032
3019
2987
2994
3029
3001
3028
3040
3028
3009
3027
3018
2991
2304
2689
2994
2998
3001
3039
3033
3014
3047
3020
3006
3102
3017
3008
2224
3032
2994
2999
1568
3013
3048
2954
2964
3024
3014
3004
2970
3046
3065
2986
2997
2992
3017
3014
3035
3002
2503
2978
3010
3030
2598
3007
3022
3030
2981
3092
3001
3023
3030
3021
2981
2993
3018
3009
3017
3041
2991
3033
3024
3015
1940
3034
3010
3004
3015
2994
2912
3010
2969
3003
3029
3052
3006
3013
1602
2768
3028
290
2238
3017
1496
3007
3026
2993
3018
3031
3031
3025
3036
3001
2997
3005
3032
3026
3028
2853
3006
2991
3023
2993
3020
3055
3022
3022
3022
3026
3028
3013
3016
2991
3008
3020
659
3046
3011
3021
3043
3038
2978
2595
3014
2950
2977
3007
3029
3020
3031
2980
3006
3022
2995
3028
3027
3032
3002
3046
1038
3041
3014
3018
1095
3035
3010
2900
3025
3036
3002
3017
3008
2985
3017
3061
3015
3049
3034
2994
2991
3047
2237
3029
2748
3009
3037
3028
2999
3012
3018
2994
3044
1395
1006
3025
3020
3008
3002
3044
2993
2987
3020
3026
3103
2959
2998
2675
2993
3022
3029
3014
2999
3018
940
2996
3018
2997
3020
3011
429
3005
3021
3026
2991
170
2976
3014
2943
2594
3007
2993
3022
3029
3003
3076
3020
3028
3029
3003
2956
3035
3029
1217
3046
3045
3045
2710
2594
3026
3004
3045
2985
3013
827
3028
700
3016
2550
3008
3021
2997
3021
1040
3047
2971
3065
3014
3032
3021
2998
3024
3013
1506
3027
2939
2976
3028
3031
3037
1003
3026
3015
3040
3100
3036
3005
3018
1577
3026
3012
2952
2641
1919
3017
3012
344
3028
3007
207
3007
2851
3008
3003
3018
3014
3005
3009
2994
3033
2506
3024
3020
3018
2591
3016
2987
3038
3003
3060
3023
3010
3053
2966
2999
2999
953
3034
2991
3028
674
3015
3035
3004
3004
3023
3003
3033
3034
3015
2998
2956
3004
3036
2964
2992
2987
3038
3049
1332
3003
2819
3023
3040
3003
3015
2969
3002
2924
3006
3008
3047
1091
2556
3011
3025
231
3011
3023
3024
3018
3017
2999
3018
3011
2986
2994
2993
3004
3000
2943
3033
3027
3019
3021
3011
2746
3031
3023
3022
3026
3001
3002
3023
3040
2943
2992
2999
3020
3049
3004
3005
3019
2990
3013
3005
2970
826
253
2595
3001
3036
3031
3033
2997
1783
3038
2954
3007
2574
3043
2969
240
3005
3008
3050
3020
1826
3025
2964
3032
3034
1612
2838
2975
3014
2988
3018
3036
3022
3002
3021
3012
3037
3004
3011
3046
2850
3035
3025
3006
3020
3042
2972
2985
1024
2802
2920
3012
3027
3010
3030
2997
3020
3015
3017
2986
2995
2513
2937
2990
3039
3018
3024
334
3019
3030
1798
2987
3016
2953
3011
2996
280
3023
3037
3018
3026
3024
2980
3030
3011
3045
2977
1843
3023
3021
3025
3021
2582
2999
3027
3032
3032
3019
3007
3031
3024
2998
3036
2770
3042
2917
3032
3000
2995
3011
2981
3006
3000
3014
3023
268
3072
2996
3020
3039
266
2992
3025
2964
3031
2969
3008
3019
3032
3037
3015
3028
3018
3055
3034
3005
3016
2971
3004
3023
3022
2999
3032
3027
3018
3004
3003
3015
3044
3000
3020
2941
2822
3037
2994
3028
3146
2994
3019
2994
3029
3033
3001
3030
3017
3074
2646
2995
3020
2980
3023
3004
2998
2128
3003
3027
3025
958
3000
3016
3015
3017
729
3025
3012
2998
2984
2962
819
1610
3047
3020
317
3031
1848
2964
3033
2933
3009
3022
3008
3002
3033
2997
3069
3055
3040
3022
2961
2979
3031
3014
3116
3001
975
2979
3014
3010
3031
3029
3021
3034
3024
3015
2961
1975
3035
3023
3010
3026
2973
484
2986
2850
3004
2965
3005
2981
3005
2981
3039
3012
3066
3043
2993
2973
2967
3027
3033
2940
2963
2990
2713
3008
3025
3032
3006
3024
3014
2974
2992
3022
2936
3014
3049
3028
3007
3012
3026
3028
3084
896
3052
2968
3003
3027
3057
1076
3040
3015
2986
3039
3023
2280
2962
3012
2935
3038
2972
3028
2995
3001
2991
3019
3021
677
3007
3007
3015
2237
3016
3042
2988
3027
3037
180
3036
366
2983
2974
2999
2828
3021
2994
3045
2930
3004
2899
3024
2955
2945
2997
3009
3023
3022
2981
3034
1802
1994
2985
3003
3051
2399
3011
3000
3007
3019
2989
3051
2691
3006
2578
3022
1005
3016
3031
3029
3020
2974
3018
2945
3088
3032
154
2050
2974
1283
3044
939
3031
3028
3012
2738
2989
3027
2930
3039
3040
3061
3023
3017
3055
2998
3007
3015
2982
3016
3015
1750
3022
3013
2996
3111
3049
2979
3016
3026
3000
3020
3010
2967
3025
3024
2986
2985
3006
3007
3039
3032
3007
2851
3045
3029
3001
3047
3026
3023
3031
3014
3037
2931
3002
3000
2999
2901
2974
2993
2975
3021
2967
3004
2968
2965
3034
3007
2992
3000
2988
3016
3008
2989
3010
3042
2995
3018
3004
3003
2973
3011
3023
3022
3033
2726
3037
3010
3034
3028
2984
301
667
3000
3024
3008
3010
3012
3026
2978
3003
3008
3020
1515
3010
2956
3046
3006
3025
3011
3029
2995
3022
3043
3024
3019
358
3001
218
3004
3004
3015
3009
3027
3002
3016
3036
3030
3022
3045
2968
2990
3062
3025
2937
3023
2996
1446
3022
3000
3025
3014
2989
3017
3024
201
3013
3007
2991
3037
2973
1976
3000
3022
3034
3004
2946
3023
3038
2329
3017
3001
3011
2995
2989
2997
3025
2934
2803
3001
3014
2043
3024
3032
2948
3025
2996
369
3009
3032
3037
3017
3025
3027
3033
3045
3035
2443
3013
3038
3035
2925
3012
3035
2991
3018
2994
3000
3013
3005
1339
2913
1017
3012
163
3002
3017
3002
3033
2996
3017
2994
2990
2990
3026
1859
172
3021
3063
3010
3021
3033
2972
3063
3006
2954
2988
3016
2305
1871
3034
3026
2999
2958
3049
2850
3029
298
2875
3007
3042
1751
3013
3028
3015
2999
3011
3024
3018
2879
3004
3035
3029
3033
3034
3026
2582
3027
3015
3008
2995
3049
2993
3009
3005
3019
3046
3029
2994
2141
3020
3030
3013
2994
1019
2962
3009
278
3027
3023
3022
3028
3013
3039
3018
3024
436
3008
2985
2983
3021
2971
3056
2976
3022
2999
3015
1067
3014
3016
2997
2997
3019
3006
1617
3022
2949
1424
3010
3019
3003
2998
3030
2707
3019
3018
3002
3044
3010
3036
425
3003
393
3006
3101
1299
3024
2974
3029
3003
2996
3033
2968
3026
2992
2974
3034
3004
1803
3032
3021
3030
3012
3018
2943
3014
3006
3047
3053
3016
3030
3018
3013
3019
3032
2930
2975
3028
3004
3025
3027
2929
3018
2987
3031
3022
3010
3019
3015
3001
2988
3024
3016
3017
3006
3015
2960
3087
2990
3004
3011
3026
3038
2997
3013
1572
3024
2999
2983
383
3011
2979
3014
3034
2970
3039
3012
3034
3052
3069
3023
3006
3012
3020
2994
3011
3006
3040
3011
2977
3023
3018
3007
3030
614
3011
3048
2949
2999
3033
3009
3016
3018
207
3003
3010
3020
3007
3003
3013
3019
229
3051
2993
3004
3036
3024
3032
301
3000
2998
2997
3105
3022
3016
668
3027
2975
2958
3000
3001
2976
3000
433
2934
3028
3032
3027
3005
2742
3007
1710
2992
3016
972
2969
3062
2988
2998
3005
2999
3013
3023
3022
3044
2990
2964
3022
3016
3047
3013
3023
3023
3013
3004
2953
3014
3034
1005
3021
2925
3018
3017
3011
2993
3021
3018
3045
3023
3019
2997
2976
2991
3028
3023
283
3025
3019
3018
3029
3019
3014
3026
3040
2959
3030
3016
1722
3010
3024
3027
3025
3007
3000
2988
3027
2992
3037
3036
3030
415
1006
3011
3009
3017
3000
822
246
3012
3026
2997
3030
3029
3026
3027
3012
3028
2217
3011
3031
667
2933
2968
3008
3030
3004
2982
3034
2933
3020
3018
2035
3015
2605
2982
3015
243
2457
3008
3048
3011
3023
3040
2984
3007
2998
3027
2992
3029
3072
2980
2975
2982
3007
2991
2344
3020
732
2614
3044
2289
3010
2336
3010
3030
3009
3019
3031
649
3033
3026
2930
3051
2054
3034
2981
3009
3045
3017
3013
3020
3010
3031
3011
2997
2996
3018
3005
3019
3016
2970
3023
3034
3054
3023
3024
3011
3007
3022
385
3020
2953
3034
3058
3015
2996
3031
2975
2980
3004
3002
3004
3046
2993
3047
1255
3031
3035
3034
331
2955
3038
3029
3025
3012
2971
3012
3008
3012
3017
2985
3013
310
3067
575
3013
2198
2543
2990
3060
3001
3016
3004
3008
3014
675
3036
2990
1399
2913
3032
3003
2686
3040
3024
3033
3040
1006
282
2988
3007
1473
420
3034
3007
3034
1273
3031
3007
3024
3043
2647
3035
3016
3019
2989
565
3005
1455
3026
3023
3009
730
1797
2993
3003
3015
2954
2992
3020
3031
3022
2990
3002
3013
1795
3031
3033
3035
3018
3029
3019
3002
3006
3000
2997
3023
3029
3035
3052
1763
3038
2993
2984
3018
3023
782
3044
288
2978
3016
3020
2797
3013
3036
3006
3026
3054
3013
3009
3013
3004
3041
3022
3004
3032
3023
3038
3032
2635
592
3031
3011
3052
3024
3020
3007
3083
3024
3027
3006
3025
2601
2987
3019
3014
2528
1206
866
3021
3024
3004
2781
3016
3044
3016
2982
3014
2987
3027
726
1160
3026
3056
2723
3019
2956
3010
3010
2989
3023
3009
3008
3014
3030
2992
2984
3029
589
2987
3035
3016
3037
3036
3000
3085
3036
2986
2317
2991
3019
3026
3013
2999
3040
2992
2999
3026
2994
3023
3001
2940
2964
3015
2998
1074
2989
3005
3091
3011
3019
715
3045
3026
3002
3034
3011
3008
3032
2999
3032
2982
3014
3048
3030
3008
2948
404
2751
3030
3023
2990
3023
3026
1422
3040
3008
3010
3028
3025
3026
3014
3024
2993
3039
3009
3000
3040
1161
1024
2971
3055
3044
3026
2964
3008
3026
3012
3003
3101
3036
3024
3018
2976
2967
3025
3030
3002
3042
3001
2768
1169
693
3020
2998
3001
3035
3020
3014
3030
3046
2989
2984
2121
3004
3028
3017
3015
3051
3018
3046
1030
2988
3007
3034
2438
3040
1967
3031
3022
3044
3013
1991
3008
3020
3022
3030
3046
3005
3028
3007
2990
3023
3035
2983
3024
2967
3062
3021
180
3038
3008
3006
2999
3015
3011
2978
3037
3028
3036
2996
2994
3008
2995
3017
2993
3032
3053
3030
3003
2227
3014
3005
204
2974
3018
3024
3030
2052
2977
2999
2734
2794
3002
3026
1345
2185
3045
2998
3005
2997
3043
1274
2909
3077
3032
3018
3004
3017
3034
3019
3001
2990
3044
3009
3029
3047
2978
544
2742
2997
3013
544
2994
2890
597
2972
3027
2856
3014
3017
3026
2980
3022
3012
3024
3043
2905
3016
978
3023
3028
3016
2911
2691
3046
3013
1917
773
3061
2983
3007
3037
2999
3016
3011
2992
3007
3036
3007
2626
3043
443
2936
3100
2697
2943
3016
2943
3014
3014
3015
3041
3038
3030
3036
2902
2999
3005
3017
342
2127
3034
3046
3048
3009
3042
2999
3044
3035
3022
2995
3022
3043
2331
3021
2045
3001
2633
2793
3011
3013
3018
3018
2980
3043
3032
2996
3011
3046
3008
3008
3093
2792
3012
3001
3032
2328
2981
1490
3020
3053
3042
510
3001
3041
3007
3025
2936
221
207
2997
2985
3017
2978
3014
3041
3034
3000
3022
2992
3003
3017
2977
180
3004
3045
3023
2999
3004
2969
2991
3055
2979
3009
2320
2960
3000
3049
2966
3025
3028
430
3076
3022
1747
3034
3032
3002
2991
2994
3021
2981
2995
3018
3070
3011
3025
3040
2817
3023
2973
3001
3021
3022
3026
3091
3026
2988
3006
3007
3018
2371
2997
2979
3025
3037
2975
3038
2301
3016
287
3021
2974
3015
3000
194
1846
3007
920
2975
2975
3033
2247
616
2994
2977
2990
2984
2987
3099
3102
3007
2932
3034
3014
3019
3006
1451
3028
2999
2991
3045
1432
2987
3004
3003
2998
3022
3006
3006
3014
3004
2969
2124
3017
2995
3011
581
2968
3021
3046
2981
2971
3012
2989
3017
733
2747
3039
3043
2998
3016
3004
3016
3012
2936
3008
3020
3004
3013
3002
3026
3024
3026
3005
2993
3041
3027
2749
2986
3035
3027
2974
3011
3012
2441
3022
2985
3025
3037
984
3023
3068
2997
2992
2990
2958
3027
3045
1043
2994
3064
1990
3040
2995
3038
2528
3028
3002
3009
3003
2808
3014
3016
3011
3034
2993
2996
3019
2973
3018
2891
3018
3024
1605
2986
2988
3012
3005
3025
3026
857
3001
3028
327
2927
3016
3021
3025
2816
3038
3040
3092
3014
286
3017
3029
3018
2939
2996
2026
2989
2447
3041
2929
3019
3009
3010
2999
3045
2999
3017
3004
3022
2987
3012
3106
979
2960
3026
3025
2994
2998
3008
3020
3003
2291
3013
3011
3016
2975
3031
2986
3033
2967
227
3037
3035
1819
2990
2906
2902
2618
2203
3015
2995
2966
635
3026
3029
3014
3005
3010
3002
2998
2986
2246
3011
3041
3041
408
393
3015
3032
3009
2999
3014
2991
3038
3013
3041
3003
3006
3006
3035
3036
2547
3046
3007
2993
2930
3086
3035
3000
2999
3025
3048
2971
3035
1702
2968
3000
3004
2981
2964
3017
2965
3008
3026
3003
2786
3019
3029
3002
2997
3006
3017
3052
2161
3037
1776
759
2916
3035
3027
3018
3025
3030
2981
3006
2989
3038
3001
2836
3015
3004
1640
3023
3014
2935
3027
2569
2973
3019
3040
3060
3019
3007
3045
3020
3032
3019
3026
3000
3009
3034
3042
2915
3023
2989
3026
2968
2975
3016
3028
3025
2992
3042
3032
3015
2992
3003
3038
1004
3003
2968
2960
3015
3046
3003
2995
3029
3049
3029
3013
2992
3023
3043
3047
731
3028
2991
922
3030
2415
3022
2993
380
3058
3001
3039
2956
2981
3050
3005
3012
201
2985
3006
3038
2902
3024
2989
3022
3007
2993
3002
2992
1051
3059
3030
3065
2970
3007
2987
3066
3043
3037
295
3020
3048
3034
2978
2970
3017
3046
2991
3023
2997
3002
3032
2954
3004
3014
2893
3001
3015
1133
3027
2988
2987
2896
3035
3021
3013
3031
2934
2354
2891
3020
2444
3005
3044
2993
3015
3025
1177
2261
3011
3027
3024
3014
2995
3015
3045
3015
2974
1772
2982
3023
3028
3036
2998
3018
3028
3038
864
3004
3001
2985
3033
3059
3031
2401
3015
3009
3005
3024
2997
2727
3001
2984
3009
3031
2971
3110
3024
443
3030
3016
3022
2990
3039
1590
3015
3005
3004
3012
2973
3027
2978
3006
3020
2975
3012
3026
2344
3003
3024
3024
3017
3017
3006
2998
1236
3017
2998
2976
3018
3001
2931
2994
3062
3016
2988
3032
2980
2997
3039
2956
3053
2966
3030
2999
2900
2107
3076
3023
2995
2984
3042
3034
3005
3035
1134
3027
1169
3019
2987
3039
3005
3021
3048
2798
2585
3020
3003
2957
2644
2960
3035
2844
2278
2354
3018
3052
2976
2987
3035
3038
3005
2994
3034
3065
3021
3012
3022
3011
1860
3038
3017
2897
3033
2970
2992
2088
3007
3017
2942
3082
3016
2685
3029
2876
3046
2959
2989
2996
3001
3028
3041
3001
3017
2995
3025
3017
3031
1159
3011
3010
2975
2990
2958
2624
2131
3001
3001
2946
3046
2995
3013
2999
3035
207
3050
3019
3002
2914
2943
389
3017
3020
3034
2998
2996
3103
2682
2944
3001
3019
2987
2265
3034
3018
3017
3006
3064
586
2975
3021
3020
3022
2957
3010
2986
3027
2993
2986
3012
2984
3030
3052
3045
3045
3000
3021
2999
2995
3041
3030
3006
3003
3007
3031
961
3014
3006
3025
3009
2887
3004
3015
3012
3027
3014
2984
3010
3015
3035
3015
2991
3037
3017
2576
2852
3018
2529
3011
2999
2987
2770
3035
2963
2816
494
1719
2959
3022
2996
2985
3042
3015
3013
2983
3011
3019
3003
3022
3008
2651
2999
3015
3015
3000
3039
2994
3010
3017
3032
3011
951
3027
2947
3012
3032
3021
2509
2998
3001
3026
3031
3020
2993
2996
2987
3004
3008
3022
3014
2975
3008
2993
3029
3012
2998
3040
2997
3009
2952
2947
3015
3026
2228
3014
3013
3020
3014
3017
3011
2990
3021
3006
3006
2134
1086
3018
3033
2936
3038
2967
3035
3039
3004
3016
1261
265
2991
3028
2965
3029
247
2997
3034
3015
3067
3017
2993
2996
3006
2977
3056
3007
3000
2908
682
314
2226
3026
3026
2997
1607
3031
3008
3027
3013
2987
3033
2942
2961
2993
3019
3114
3103
2984
2998
3025
3030
3009
3013
3029
3014
2900
3009
3042
2803
3066
3006
3008
3040
3017
361
3023
3011
2949
3050
2963
2906
3000
2997
3034
3034
3005
3015
3007
3021
3010
3026
3022
3016
2996
3032
2984
2929
3005
3001
3012
3000
3020
2999
3027
2986
2625
3014
3040
3026
3001
3016
2090
3034
2998
2974
3036
3040
2978
2075
3033
3014
3025
246
2968
2982
3041
2987
3022
3000
3051
3006
1642
3015
3012
2997
3015
2973
3027
2999
3013
2968
2673
3004
3013
383
3027
3057
3009
3024
3020
3036
3014
3001
2999
3029
247
3020
3021
3030
3043
3004
3034
3008
3014
2971
2987
3013
3023
3019
2996
3000
2870
2354
3048
3010
2997
2982
3023
2993
3028
3020
2954
3021
3018
3039
968
2978
2959
3034
3028
3018
2965
2807
2994
3028
930
3000
2986
2993
3028
3017
2982
2962
3092
2963
2976
3003
3002
3029
3020
3018
3017
278
2982
2980
3046
3009
3023
3013
3000
3011
2976
1135
3015
3034
2996
3035
3002
2990
3032
1931
3010
3023
3016
3016
3033
1226
3001
3023
3048
3010
3011
3030
3033
1594
2627
3019
3019
2989
3014
3032
3048
3031
2983
3062
3013
3041
3017
3011
276
3035
2974
3021
3039
3026
3099
3042
2990
3038
249
3012
3041
3015
2062
2990
3019
3008
3035
3009
3007
3052
3028
3005
3020
3029
3046
2984
3006
2107
3001
2918
3031
3026
3013
2683
3035
2945
3015
2977
2989
343
3064
2994
1803
3023
2999
3055
2986
2988
3005
3028
3086
1588
3002
3033
3010
3035
2964
3021
3007
2996
3004
3007
3025
3008
3025
930
3053
3036
3030
3010
3014
3021
3018
3037
3017
2956
2057
3016
2994
3024
3001
3005
3031
3010
2997
3052
1987
2970
3005
3039
150
3051
3001
3023
2263
3042
3031
2273
3017
2971
447
350
3002
3033
3015
3016
3051
3002
3050
2496
3017
726
3024
3020
3014
3048
2997
3019
3014
3016
2880
1989
1743
3004
2427
3013
3000
3007
2975
3007
3026
991
3036
3007
2977
2998
1970
3007
3020
2988
2139
3033
3033
3035
2843
3017
3002
2926
3023
3078
3006
3014
3019
2989
3014
3026
2307
857
2961
3023
255
3059
2983
1884
3035
3028
3041
3080
3024
3029
2959
2991
2965
3015
2954
3038
2977
2808
3003
3038
476
3031
2408
475
2967
3002
2855
3084
3082
2993
2867
3019
3002
3022
3060
3030
3016
3005
3015
3043
3003
3033
3040
3026
536
3029
3001
3017
2961
3050
1240
2998
3014
3022
2318
3007
2989
2978
3007
3017
1244
1545
3017
3019
1002
3015
3010
2958
1080
3021
3042
3060
2974
2946
3033
3013
2952
3042
3002
3018
3021
2961
1593
2988
3019
2919
3002
3006
2992
3000
3040
3053
2989
3027
2475
2998
2184
3008
3064
2997
3017
2993
1525
3025
3042
3063
3030
3044
3017
3004
3003
3022
2990
327
2986
3008
3008
2719
3016
3018
3034
3019
2949
3044
3000
3046
3007
3018
3021
3009
3014
3030
2981
3008
3003
2998
2998
3014
3013
2991
3037
1263
3061
2986
2992
3023
3024
2458
3030
2425
3045
3048
2989
3017
3026
3008
3006
2969
3004
3015
1764
2962
2926
3022
2999
3073
3026
1366
2880
2885
3002
2983
3006
2967
2963
3024
3023
3003
2998
3032
2677
2997
3023
2986
3031
3009
3001
2954
3021
3024
2999
564
2969
3038
3021
906
3054
2986
3013
3039
3022
3053
3051
3024
2615
3027
3061
3027
2318
3052
3037
3005
3001
3021
2978
2954
2994
3018
3042
3016
2996
3002
3028
3035
3024
3070
3024
3011
2908
3001
178
1543
2978
2998
3000
3018
3021
3006
3006
3012
2996
3012
2991
2926
3014
2994
3008
3023
3027
3030
3038
2980
3042
3022
3011
1837
3008
3029
2969
3043
3018
2989
2969
3041
2987
2994
2612
1374
2996
3024
2809
2992
503
2970
2998
3009
3003
3032
2966
3052
2988
2978
3046
3047
2994
3072
3007
3049
3025
1006
3030
3013
2998
3040
2955
3004
3045
3014
3029
3009
3003
2998
3015
3038
3027
3021
1412
2983
3018
3014
2597
3012
3020
3016
2190
3022
3022
2997
634
3012
2965
3003
2942
262
2906
2992
3021
3018
2992
3031
2995
3025
3067
2957
3010
3034
3021
3040
3031
2977
3012
3004
2894
3012
3036
2999
3010
1396
1803
3031
2909
3010
2972
3023
3000
3019
956
2789
3039
3029
2980
2594
2774
2995
2962
3030
3041
2988
2999
2960
2991
883
3043
3021
3018
3020
2966
3046
3015
2966
3043
3030
2919
3014
3038
3021
3026
2976
3033
2927
904
3026
2980
3045
3050
2961
3029
3012
3016
2994
2990
2998
2975
3032
3021
2470
2981
3005
2568
2972
2939
3019
3009
3027
3038
2991
3026
3011
3005
3013
3016
3031
2944
3000
1572
3024
3082
2885
3023
3010
2941
2835
3044
3003
264
3033
3031
3036
3016
3020
2728
3029
764
3083
963
2992
2971
2038
2980
3017
3031
3016
235
3021
3036
3039
2438
2993
603
3003
1976
2990
3020
3002
288
3031
3023
3015
3014
2973
3025
3008
2403
2970
3028
2919
2991
2992
3004
2555
3036
2976
2996
3016
3016
3020
3044
2119
3039
3006
3013
3008
3103
2984
1149
3018
3009
3052
3025
3046
3013
2945
2998
3017
3025
3031
3008
538
3004
2800
3024
3002
2160
2024
2982
3004
2960
3040
3037
2874
2984
3060
2992
3004
2999
3007
3024
2963
3007
3002
303
3001
3013
3059
3014
3047
3001
3031
550
3029
2030
3001
2993
3018
3033
3027
2753
3002
3024
3024
3009
3020
2988
3008
2981
3002
3008
3040
3022
3026
3005
3006
2979
2975
2990
3018
3019
2969
3046
3002
3008
2999
2984
3052
2985
3024
812
3030
2980
2574
1803
2973
3042
1127
2995
3029
2717
3015
3004
3009
3028
3043
3021
3025
3021
3010
2749
3029
3007
3008
2243
3043
3023
2987
3029
2820
2725
3023
3029
3024
3019
3036
3029
3021
3036
1397
3053
3016
3005
3019
3054
2957
2714
3018
3011
3021
3020
2994
3027
2976
2252
3043
3037
2992
3033
3000
3016
3018
2986
3013
2916
3023
3025
3017
3043
2961
3027
3103
3002
3022
3008
3006
3038
3004
3032
3031
3033
3035
2507
2346
3038
3010
3040
2944
2655
3036
2956
3036
2748
2988
2683
3028
2998
3046
3011
3028
3002
3012
3060
3044
3022
375
2991
3020
3018
3025
3047
3002
2985
3025
2983
2993
3024
3007
2967
2909
2794
2987
3005
3011
3033
3034
3028
3079
3010
3011
3028
3027
2971
3021
3046
343
3007
3007
3001
3039
3024
2979
1091
3025
3008
3020
3039
3028
3049
3028
2987
3006
2685
3013
3036
3016
2994
3011
3008
940
3004
3008
3029
3025
1603
3026
251
3018
2996
3017
3010
3013
3027
2996
2739
3030
3040
2960
3027
1464
3030
3023
3003
2003
3033
3020
2936
3019
3027
2974
2999
3006
3019
3024
3003
3062
3015
3059
2991
2994
2999
965
2993
2988
554
3092
3008
3031
3018
3043
3049
2998
3040
3039
3005
2973
3019
3016
2854
3035
3010
3048
3009
2983
3000
3042
968
3035
2980
2987
3034
3025
2953
3056
2982
2990
3006
2997
3037
3000
2717
3027
3006
2953
2978
2928
3038
3013
3003
2976
3031
643
2999
2998
2058
3003
3024
1045
3009
2978
3095
3043
3022
3026
2979
3030
3025
2929
2994
3018
3024
3020
3023
3011
3024
3012
3035
3001
2954
2993
3033
2923
3007
3030
3004
3021
3024
2954
3029
3021
273
2999
3014
2980
2941
2983
2996
3050
3016
3005
3030
2986
2995
3002
2428
2928
2997
3028
2833
3008
2912
1361
2996
3007
3004
3021
2554
3027
2953
3000
2981
3103
3017
2996
2960
3019
3027
3022
2992
3016
3001
3011
3015
3047
3000
2502
3016
3019
2986
3020
452
3035
3015
2992
3047
3015
2998
2998
3004
2989
3027
3001
3021
3013
3025
3031
3012
3090
2999
3013
3016
3035
3020
3021
3025
3023
572
3014
3015
2266
3050
3025
3022
3031
3021
3028
3032
3024
2979
3013
3096
3005
3029
3022
3008
2993
2988
460
2994
3002
3032
3030
2992
2997
3026
3013
2727
2992
3123
1446
3012
2995
3022
3015
3029
3024
3033
3031
3003
3016
3014
3014
3038
2809
2995
3005
2275
3035
3005
3005
3015
3010
3008
3004
3061
3009
651
3010
3018
3031
3033
2994
2823
3038
3017
3008
2980
3020
2990
1952
3010
2990
3036
3042
3027
2986
3029
3009
2990
2988
3009
3003
3021
2984
3036
2996
3029
2909
3039
3012
3022
1425
2993
2959
3029
1575
3025
2988
2993
2981
3031
3024
3025
3029
3013
3012
3001
3012
2584
3011
3030
866
3035
2856
3016
3032
3021
2993
3031
3035
3000
3013
3011
3033
2976
3040
3021
2717
3003
3018
3040
3013
2712
2997
2944
2977
3038
2993
3017
2998
3059
3024
3019
3001
2988
3047
3011
3008
3033
3042
2986
2966
3000
3021
3027
3008
3009
2988
2966
3003
3016
3025
3000
3019
3020
2993
2972
3014
3002
3018
2608
2967
3041
2984
3068
2579
3049
3053
3015
2885
3009
1915
3027
3011
3024
3011
3024
3019
480
535
3051
3044
3008
3003
3014
3038
3032
2997
3009
3033
3015
3043
2208
2965
2931
3001
3006
3000
2183
2545
2999
3030
2964
3033
3032
3008
3026
3046
3000
2994
3027
3050
3012
3017
2996
3003
2983
3011
3025
3023
3029
3010
2627
3030
3016
684
2986
3024
3028
3025
3025
3032
3037
3066
3023
3038
3018
3025
3005
3021
3003
3041
3021
3018
2999
3000
3038
3045
3039
3016
868
3023
3033
2993
2899
2987
2222
2968
3029
3003
3035
3011
3030
3038
3010
2791
3034
3017
3025
2851
3026
3046
3024
2997
3008
3027
3040
3017
3005
2661
2997
2163
2693
3009
3012
2999
2997
3008
3034
3069
1575
3017
2852
2982
3011
3009
2944
2978
2993
3010
2768
3025
2992
2974
2977
3031
3038
2984
3006
3017
2964
3013
3018
3032
3026
3033
3080
1287
3029
2979
3015
3012
3016
3038
3036
3008
2941
3006
1744
3017
1109
2999
2996
3011
2986
2989
3014
3008
3056
3006
2996
3052
3009
3026
2949
2983
178
996
3007
2998
2977
3092
3032
3000
3047
3016
3031
2975
3037
3013
3022
3009
3000
3033
3016
2969
3007
2016
3005
3020
3017
3029
3021
2998
3021
3021
3025
3032
3040
3032
2967
618
452
3008
3018
2471
2991
3002
3006
3008
3012
3058
3016
3041
3023
2997
2996
3031
3006
1439
2988
3023
2992
2974
3021
3015
3039
2814
3000
3034
2989
3011
3030
3015
406
3008
3007
3010
3017
2998
336
3025
3009
3080
3014
3013
3020
3011
226
3099
3035
2996
3040
2611
3000
3029
3019
3000
2718
284
3036
3013
2809
276
3005
3046
3035
2991
3032
3015
2991
3033
3023
3020
3024
2986
3005
2979
648
3012
3005
562
3018
628
2972
3010
3008
3018
2998
3017
1123
3027
3033
3054
3031
3022
1390
2813
3008
3016
3002
3025
3017
3011
3006
3023
2587
3033
3020
3040
3028
3106
2967
885
3011
2941
3015
2978
3038
3020
3019
2997
2980
3082
3016
3012
3013
2778
2991
1712
2995
3014
3020
3011
3037
2977
3054
3027
2995
3054
3034
3016
3000
3037
3055
2999
3022
3009
3015
2957
3025
2983
3023
2997
2990
1446
2997
2870
937
3052
550
2999
3034
2997
3025
3036
3006
3003
3015
3000
3006
3057
3021
2981
2979
3044
2404
1019
3031
2100
3002
3022
3010
1281
2467
3012
2997
3021
3026
2997
2997
2913
3035
953
3006
2982
2988
3007
3028
1090
2566
2982
3010
2988
3014
2995
3015
2814
3033
2990
3031
2995
2983
3019
3029
2976
3031
3010
2997
409
3036
3015
3028
3012
2969
2890
2986
1242
3024
3016
3009
3019
476
3017
3008
2987
3009
3023
2998
3006
3042
2969
3004
2989
3024
3009
2840
964
3015
2985
3020
2966
3006
2994
3025
3042
1796
2965
2803
3018
3022
3035
3005
3017
2972
3006
1166
3041
1551
2945
3031
3001
2942
3032
3009
3006
3007
3023
2926
3041
3002
3027
2180
3003
3016
3021
2994
3016
3061
3017
3009
3005
3018
2997
3025
3015
3015
3033
3022
3026
3029
3011
682
3037
1811
3035
3039
3004
3030
3041
2946
2962
3018
2980
3013
3030
2991
3028
2964
2980
915
3014
3006
3019
3050
3016
3008
2982
3031
3024
2999
3008
926
2993
3015
3019
3022
3009
2996
3003
3025
3053
3022
3014
3009
3008
3003
3030
202
3012
3017
3007
1374
3023
3009
3042
3009
3024
2993
333
2438
3021
3019
3015
2939
2973
2623
2153
3021
3057
2255
3024
3026
2126
3010
3023
351
3029
3030
3023
3016
2979
2999
3019
3004
2551
1738
2984
3055
2993
3020
3007
3031
3021
3011
3037
3034
2989
1838
3013
3050
2997
3035
3011
3019
3001
2978
3015
2975
3015
3031
2914
3018
3021
2981
3009
3011
2992
2996
2871
3033
1110
3004
2995
2999
3020
2349
3029
2993
3039
3024
3038
2508
3045
3034
3021
3001
3024
3013
3021
2232
2473
2992
3035
3025
3013
747
1930
2967
3007
3011
3038
3009
3027
2861
3019
2986
3015
3007
2994
3001
3020
343
2993
3017
3007
3010
2973
3027
3028
3022
2547
3008
2857
3019
544
2987
3020
3027
2998
3026
3035
3019
3032
3063
2776
3039
3000
3015
2090
3018
3033
3010
3002
3024
2846
3070
2472
2881
3038
3020
2966
2929
3028
3031
3033
3002
2976
2150
3051
3027
2691
3019
3011
3036
3009
3024
3023
3024
3020
2990
2980
3008
2961
2992
3028
