3026
3004
3035
3031
2997
3011
2968
3033
3010
3029
3036
3006
3023
2981
3056
3003
3008
2983
3000
2969
2969
1428
3026
2963
3023
3026
2969
3020
3020
3019
3008
3003
3030
3015
3012
3027
3027
2963
3033
3033
825
3043
3049
3013
3011
2964
2991
3009
3009
3017
2661
3017
3030
3015
1675
2963
3028
3007
3019
3011
3021
3014
2994
2059
3002
3100
2980
996
2983
3006
2987
3008
2978
3002
3013
3009
3024
3021
3001
3011
2993
3018
3010
3028
3008
3010
3012
3031
2991
2986
3018
3036
3029
2346
3014
3026
2991
2994
3041
3033
2996
3004
3035
2997
1660
2672
2980
2069
2891
3003
3016
3001
2966
2950
2986
3039
2929
3048
2995
2994
3031
3004
3009
2986
3030
2944
3036
2985
2995
3027
3010
2975
3039
3025
3024
3003
3017
2995
3003
2820
2968
3019
3004
3002
3020
3005
3004
2969
3017
3000
2987
3027
189
3007
3040
2998
3017
2942
3029
3014
3027
3022
2998
3032
3007
3024
3033
3002
3027
3030
2913
2996
3019
3013
2451
2932
2825
3009
2994
3015
218
3015
2912
3039
3009
945
2984
3009
2982
1246
3012
3014
3007
3015
3008
2475
2991
2993
3018
3020
3034
3008
3000
3040
1749
3020
2986
2963
222
2556
3031
3007
3018
822
3055
3038
3022
253
3013
2994
3030
2810
2999
3016
3019
3000
1606
3044
1843
3017
3027
2995
3000
2985
3006
3028
3030
2981
3010
3011
2977
2970
3010
3040
3025
3030
3024
3025
2989
2989
2975
3002
3020
2996
2978
3021
2945
3020
3008
2995
2882
3005
3033
2722
3007
3007
3015
3003
3025
3010
3034
3013
2994
2549
2999
2985
2999
2997
3027
2982
2594
3011
2973
2990
2958
3009
3019
3009
2983
3019
2999
3005
2986
3025
2999
2994
3032
3007
3008
3011
390
1760
1288
3000
2673
3002
3015
3006
3013
3003
3001
3006
3002
3027
3025
2990
3026
2978
3028
3025
3012
2966
3010
3027
2987
2952
3038
2993
3007
2990
1216
3003
2985
3011
3001
847
2971
253
3019
2994
3035
2841
3012
2970
3004
2994
3029
3076
2224
3012
3004
1387
3040
2952
2992
3042
758
3011
3011
3017
3030
3034
3006
3023
3025
3009
3006
237
3034
3035
3007
2997
2985
2997
1869
3017
2997
3010
2996
1236
2999
3022
3041
3042
3020
3012
3009
2985
2967
3018
2972
3019
2861
2996
3017
1212
3003
2364
3003
3011
2979
3027
2977
481
3035
3004
2997
3009
3032
2834
2994
3026
3005
3006
2993
573
3017
3027
2954
3007
3020
3004
2985
2967
3008
3011
2004
2993
3009
3004
3012
2996
2994
272
3032
3036
3010
2868
2964
2190
1656
2472
3012
2960
3034
2997
2997
3028
3025
2951
3015
3034
3030
3002
3043
3005
3027
3000
1656
2952
2841
2997
3010
3012
3021
3015
2914
3018
2974
3026
2939
3008
3016
3006
3038
3012
3016
2986
3005
2995
3026
3021
2986
2281
2999
3039
2979
2976
2977
2971
3040
2957
2518
2999
3000
171
454
3035
3009
3018
3014
3022
3007
2995
3053
3018
3007
3002
3001
3013
2788
3042
2997
2996
3031
2997
3016
3013
3020
2481
3022
3072
2520
3004
2993
951
2943
3026
3016
3051
3027
3038
3030
3018
3024
3001
3012
2983
3026
2602
2966
2998
3040
3016
3028
3033
2974
3034
3042
3029
3035
3018
3006
2990
2996
3010
2741
3006
3003
3040
3029
2983
2988
3011
2981
3000
3015
2984
2963
3013
1036
3022
3038
2989
2981
3004
2985
3022
3054
3034
3004
2402
2934
3003
3004
3011
3030
2973
1799
3017
2995
2990
2999
3029
2978
2993
3002
3009
2086
3024
3000
3034
3067
3039
3015
3041
2981
2987
2963
3040
2982
386
3041
2694
3003
2994
3044
2995
2234
3025
3023
2982
421
2965
2998
3000
287
2998
2969
3005
2098
3044
3002
3016
3005
3025
3003
292
3035
3011
2962
3011
3000
3008
2973
3007
3025
2960
2995
3010
3052
3025
3033
2858
3012
2709
2939
3023
2979
2994
3034
3012
2986
3016
3020
3003
1197
2989
2996
3019
3024
773
3003
2884
288
3037
3007
3014
3022
3024
3037
2984
3005
3005
865
2987
3010
2974
3041
2979
2995
2996
2991
2971
2809
3023
2940
2150
3004
3014
3009
3027
3044
3021
3008
3069
2992
2986
3028
2997
3010
193
3034
2996
2982
3088
3008
2997
1904
2275
3020
2841
2958
3026
3017
1627
2923
3016
1753
3010
3029
3016
2989
3036
3015
3020
3061
2905
3027
3002
2983
3002
3012
3001
3010
2923
3019
3018
3015
2684
1820
2991
3014
3013
3018
2997
3000
3034
3000
3004
1644
2954
1798
1961
3026
2981
3024
3015
3028
3025
3012
3027
3021
2997
2982
3034
3005
3007
2914
2981
3022
2652
3046
3050
3035
2999
3004
3023
3033
2099
2967
3010
3053
3008
3025
3003
3029
3029
3002
3070
3034
2992
3000
3022
2995
2997
3032
3000
2992
2971
3021
3028
3011
2999
3051
3009
3012
1538
2999
211
3028
2945
3035
3012
3016
2998
2965
3011
3029
3010
217
3019
3009
2987
1211
1047
3027
2997
440
3042
3010
1957
2974
3015
2985
3009
3024
3095
2991
3011
2985
3038
2995
2998
2999
2837
155
2993
2892
3001
3019
3019
3026
3003
3030
2939
2968
3000
2995
2979
3024
3023
2854
3010
3006
3011
2984
3021
3045
3004
3004
3008
3024
3025
2973
3006
3002
3008
2651
3005
1105
3015
3034
3026
3015
2837
2971
2998
2195
3019
3007
1826
2279
2778
3071
3008
3020
3042
3041
3021
3038
3012
2993
3000
3022
1664
1640
3044
3027
3039
3030
3006
3001
2972
2982
3015
2980
3096
2976
2958
2997
3006
2999
3000
3028
2997
2997
2991
3009
3001
3023
2986
2972
757
3016
2964
2996
3002
3019
3004
3019
2970
3005
3027
3118
3017
3050
1730
3008
3022
3030
3029
3005
3018
3014
2992
2996
2643
3017
3027
3009
2595
3028
2988
2962
3021
1368
3059
3004
2999
2984
3021
2995
3032
2971
3014
2854
2913
3031
2716
3025
1066
2968
2889
2988
3017
3007
3004
2979
2664
3018
2972
3010
3036
2985
2945
293
2875
3001
3028
3088
2836
2842
3025
3010
3010
3016
3017
3027
2994
3025
2989
3015
3021
3026
3017
3020
2990
3012
283
2997
2930
3029
3008
2902
3004
2995
3026
3024
3013
3019
3005
3017
3000
2997
2977
2975
2968
2980
3009
401
3012
2977
2996
3037
3038
3004
2996
3010
2998
2122
3032
3043
2965
2940
2391
2989
2816
3006
3036
3018
3005
3041
3013
3011
3027
3014
3013
3013
2975
2986
3007
3003
3000
335
3004
3001
3024
3035
3040
3007
2982
3027
3013
3000
2998
2997
3025
2985
3027
3004
2954
2984
3008
3033
3019
2996
3023
3001
3012
3044
2979
3026
3016
1411
3024
2990
3027
3028
2795
2997
3001
2997
3018
3002
3033
3014
850
3041
2980
3031
2974
2989
2351
3028
2865
3005
646
2936
3016
2998
2397
3019
3008
3017
2255
3014
176
3005
3023
2990
3021
3013
3020
3024
1004
2983
3002
2998
2991
2991
3004
3007
2998
3005
3024
2975
3039
3004
3023
2450
3011
2990
3025
3003
2670
2997
3021
2998
2996
3024
3025
2965
2914
3012
2951
3025
2990
3012
3011
3020
2993
3009
2998
3024
3002
3010
2961
3010
3002
3010
2997
3018
3022
2994
3037
2954
2957
2979
2962
3015
2014
3099
1827
2988
2697
3017
3010
2511
3002
3010
3068
2951
3017
3015
2986
2985
2924
3058
2994
3040
3011
2983
3009
2971
3017
2981
2349
3043
3009
3028
2960
3027
3033
2992
2998
3025
3024
3007
2989
2975
3011
3014
3030
3015
3016
2989
2920
3034
3021
3018
3008
1565
2994
3000
2997
3017
2949
3043
2992
2960
3001
2975
3008
3001
3002
3023
3058
3007
2669
3033
3029
3027
2743
2975
3017
3032
814
2979
3009
3008
2996
2945
2977
3025
1951
3017
3069
2980
3019
2988
3003
376
3014
3035
3015
3011
2984
3050
3024
3025
2993
1141
2998
2980
195
3033
3007
2978
3025
2990
3016
3004
3033
2992
3024
2988
3025
3014
208
3019
2974
3010
2241
2987
3019
3038
3016
2836
3020
3001
2866
3030
3016
3026
646
3019
3012
2997
2990
3031
2991
160
2542
3035
3014
3018
2996
3038
3012
3045
3013
3008
3006
2486
3020
3032
2984
2734
2999
2972
2993
3002
3027
3075
3017
195
2981
2999
3020
3076
2999
2583
3018
3019
2991
2990
3005
3011
1326
2546
2996
3041
3024
2993
3068
3008
3013
2973
3016
3046
3006
603
3030
1369
3017
3026
2986
590
3043
2997
3016
3010
3014
2985
1507
3041
3011
3027
3026
2438
3020
2987
2975
3016
2579
3103
3025
2972
2989
2981
2987
3007
3028
2986
3023
2981
3007
2999
3030
3009
2610
3050
3030
2884
2997
2985
2999
3012
2865
3008
3010
3013
3045
3024
3007
3005
3017
2966
3010
3066
3030
3031
3037
2992
3003
3015
3018
3053
1945
3009
2999
2981
2999
3036
3020
1655
3006
3050
2998
2996
3012
3019
3023
2214
2979
2820
3002
3057
1049
2996
3031
654
3004
2974
2992
2995
2934
2914
1480
2969
2980
3029
2999
3082
2992
3014
2968
2986
2960
2979
1574
3009
2951
3023
2625
3005
2953
3007
2984
2997
3011
3004
3001
2998
3038
3020
368
3003
595
3042
3012
2966
3027
3033
3029
3027
203
2969
3000
3013
3000
2995
2546
2039
2998
3022
3014
2994
3013
2994
3009
3014
3017
3022
3014
3017
3000
2418
3007
3033
2985
2967
3044
3027
2996
3028
2983
3012
3052
2988
3019
2988
2960
2490
2995
3028
3006
3002
2993
1072
2820
2999
2081
3026
1335
2503
2066
3043
309
2996
284
2983
3032
2988
3017
2948
3028
3017
3002
3032
3040
3011
2983
2996
2986
2995
3010
2389
3046
2999
3030
3032
606
2994
2988
3036
3038
3029
3016
2854
3014
3003
2992
3015
3004
2989
3073
3024
3016
3029
3004
2995
3013
2868
2971
3010
3018
462
3028
2991
1363
3008
3022
1462
3008
3021
2482
2995
2987
3018
3006
3010
3030
3016
835
3003
3022
3015
3006
3032
2990
3019
3015
3033
2526
3004
3030
2976
3010
2989
3023
3032
3030
3011
2981
2995
3010
3002
3016
3008
3011
3011
3003
2973
613
718
2998
845
3036
3028
2073
1049
3047
3026
3001
3012
3007
3009
3038
3005
1962
3021
3018
2989
3028
3023
226
1699
3000
918
3103
2985
2975
2464
3012
2994
2986
2256
2998
1387
1491
2996
3022
750
3006
2913
3000
2847
2972
3025
3020
2972
1361
3036
3029
3038
3014
3039
3036
2991
2982
789
3038
2952
3012
3020
2988
3003
3030
2982
3036
2968
2984
2957
3030
2994
3031
3015
2940
3019
2928
1355
2974
2989
3022
2998
3026
3029
2993
3011
2999
3023
3019
2952
2964
3034
3003
3032
3013
3009
3013
2948
3002
3024
3055
3070
3000
403
3032
165
2995
451
200
3014
3031
2991
3003
3017
3028
382
2981
2977
2995
2995
3042
2981
3020
3017
2949
2083
2996
3025
3028
2988
2974
3035
3250
175
2967
2847
3062
533
3011
3012
3015
3013
1681
3011
2980
3036
3025
3017
3019
3013
338
3016
3046
2990
2977
3037
3029
3030
3015
3037
3001
988
3004
3005
3017
3028
3040
3007
3002
2979
3014
2881
3000
3011
2948
2981
3015
3018
3030
3025
3013
2017
3025
3010
2998
3043
3019
3004
3026
2994
3016
167
3024
1196
3037
2994
2952
3034
3012
2997
1955
2965
2990
3014
3025
2996
3020
3013
2994
2978
607
3026
2962
2962
3038
2993
3012
3014
3018
3020
3028
2991
3003
646
2709
3015
3006
2994
3020
3009
2993
3014
3015
3083
3013
3006
2971
3047
2997
2882
3018
3004
3014
3101
2984
3009
2991
3002
3015
3028
2998
2997
2999
3025
214
3000
3039
3010
508
2998
3016
3002
2960
2982
569
2996
3031
3019
3021
3019
3002
3000
2999
3035
3014
3080
3027
2954
2979
3046
3017
2977
2973
192
3004
3031
3032
3009
3004
237
2964
3023
3012
3019
2803
3024
3019
3039
2989
3030
3011
3007
2966
2938
1637
3039
3025
3016
3022
2989
3031
3020
3017
2888
2976
3030
3014
2993
2983
3001
3023
3012
3009
3024
3001
2981
3017
3016
3015
3027
3015
2999
2941
3001
3016
3017
3018
2986
3001
2969
1852
2994
2940
2804
2940
3035
3014
2994
2995
2993
3020
3007
3010
3015
2961
2976
2997
3029
3037
3027
342
3018
3010
2899
3004
3020
3010
3004
3001
3016
3046
3030
3003
2988
3014
3017
3025
3020
2910
3039
3023
2974
2992
3003
3037
3020
2963
3024
3033
2999
2990
2988
3003
3000
3008
2948
3065
3011
3059
3033
3012
3038
3004
1200
2974
3019
220
3025
3035
3008
3005
2990
2746
2912
3030
2997
3000
2991
3013
3073
3007
2997
3010
3004
2425
2989
3043
3019
3014
2984
3031
3026
2971
3031
3033
3039
2993
2969
3025
3017
2952
2998
3018
3008
2972
3013
3004
3042
3039
3002
3032
2998
3010
3009
3040
3001
3011
3025
2972
3034
3005
2999
3063
3006
1072
3025
3011
2751
3051
3028
3031
3036
3010
3031
3011
746
3021
3044
3028
3022
1448
3007
2985
2942
3026
3007
3024
2338
3022
2992
3016
3013
3025
2983
3007
3014
2990
3002
2987
3008
3007
3018
2998
3000
3024
2996
3016
3015
2998
3005
1168
3020
3008
2982
2984
3006
171
3004
2758
3024
3019
3018
3021
3053
3014
3029
3017
3001
3006
3007
2976
3050
3012
2077
3041
2995
3006
3008
3007
2992
240
2995
260
3004
3024
3020
3077
2948
2991
2977
3005
3025
613
3006
3032
2998
3012
3042
3005
2962
3025
2982
3006
1815
1330
3028
2987
3006
2546
3014
3041
2997
3002
3011
3024
2769
3023
3012
2936
3020
3033
2992
2933
2683
3025
2831
3045
3007
2997
2673
3024
3026
207
3003
3046
2710
3024
2991
3004
3011
2922
3036
2996
3014
3023
230
180
2974
3018
2990
3001
3025
3025
3048
3027
3007
3005
3027
3019
2995
3022
3073
3008
2999
3011
3024
2978
2988
536
3018
3006
3000
2996
3006
620
2976
3001
2572
3004
3023
1720
2228
3026
788
1480
2987
3036
2955
2997
3029
3027
3028
3020
3006
3002
3015
2960
3003
2969
2982
3006
3022
646
1289
1241
3023
2974
2937
3003
3023
2950
3011
3027
3002
2998
3009
3027
3023
3025
3016
3017
3025
3010
3002
3040
3032
3027
2922
3022
3007
3000
3042
3002
3028
2987
3043
3015
2995
3021
3066
3109
861
2953
3023
3041
3083
3020
3003
2995
2980
3039
3019
2966
3028
2234
2996
2985
780
3000
2296
2841
3012
2996
3020
2964
2985
3011
3013
3034
2989
2990
363
3020
3017
2994
3011
2941
3003
2988
2996
2469
3001
3003
3011
3013
2930
2980
2989
2471
3034
3034
2992
3045
3009
3004
3040
3004
3017
2811
3013
3007
2498
182
3000
2968
2970
1686
3027
2200
3018
2996
3013
3002
2999
3054
3035
3017
2995
2990
3030
3063
3005
220
2994
3010
3045
3032
3033
3036
2967
3015
1531
3027
2975
3003
2975
3051
3035
3003
3000
3000
3002
3014
3016
2997
2973
3028
3036
3029
2423
3008
2991
3011
3027
3009
3009
3000
3018
3000
2982
3022
3018
3019
3009
2996
3028
3006
3027
3012
2995
3008
3018
2402
3012
3024
3025
2980
3001
2872
3019
3035
786
2965
2995
2926
3035
3014
3001
3014
3027
2974
3008
3042
2828
1698
3010
2534
2985
2985
3035
3043
3068
3033
3011
3026
3029
2987
3022
3010
3006
2934
2272
3014
3009
3022
3007
3005
3006
3019
3030
3000
2999
3022
3012
3002
3032
3003
3025
2999
3016
2995
3019
3018
3023
3022
3002
3002
205
3026
3019
1424
2995
3020
3019
2988
2975
2938
2981
2748
2476
2996
2997
3007
3007
3008
2993
3011
2720
3018
3029
2948
2998
3032
3022
3019
3005
3021
3010
3019
3045
3003
2968
3034
2864
3004
2999
3008
1620
2988
3034
2998
1485
3016
3035
3010
3004
2984
3010
2994
3002
3026
3027
3008
3012
3023
2990
1334
3037
2937
3044
3024
3013
3015
2988
3025
3024
2982
2973
3008
680
3025
3025
3029
2785
1842
2996
3030
3033
2894
3011
3007
3007
3025
2999
3012
3049
3033
2994
3009
3035
822
3033
3025
2951
2983
3007
2303
2994
2995
3004
2993
3013
3012
2988
3002
2993
3005
3007
2990
2983
3003
3036
3016
3012
3007
1951
3009
3011
2998
2610
3019
3012
3033
2991
2999
3011
3032
3020
3017
3036
3029
2963
3017
1540
3032
3019
3005
2986
1658
3004
3032
3041
3007
3006
3047
3010
1659
2983
2992
3005
2986
3036
3039
3014
2978
3008
1866
3003
3026
3009
2952
3019
2990
3019
3005
3040
754
3019
1482
3023
2998
3010
3002
3022
1992
3019
3012
3022
3005
3075
3014
3031
3059
3006
3004
2974
3033
3034
270
3008
3021
2966
3032
2988
3032
3014
2803
2366
3028
2973
3030
163
2969
2950
3023
1095
3034
3033
3004
3030
2980
2989
2966
3039
3026
3018
3009
2658
468
3009
3027
2211
2875
2999
3026
2645
3011
3010
3030
2986
2990
3021
1840
2969
3018
3062
3017
3022
2960
3015
3006
3008
2995
3001
3034
2988
2937
3019
3010
3004
2996
1425
3004
3018
3017
939
3020
2990
3015
3003
2939
3011
3037
2962
2986
2982
2993
3013
2963
3003
2999
3029
2989
1327
3053
3048
3007
490
3008
3007
3016
3025
3022
3014
2194
3019
2979
2979
3002
3002
3024
3011
1986
1650
3015
3021
2998
3016
1471
2438
3010
1973
264
3015
2990
2875
2990
3028
3017
3018
3016
2970
2984
3035
3027
3044
3004
3023
2824
3003
3017
2980
3089
3014
1172
3033
2785
3018
2996
2991
2730
1630
3044
2987
3031
2982
2977
3044
3020
2984
3031
3021
2178
2802
3020
3018
2961
1582
2983
1140
3033
3020
244
3000
3019
3023
3013
3036
544
3017
3002
3019
1238
3016
2068
3031
3042
3018
3004
2995
2623
3028
2940
3008
2955
3013
2979
3027
3015
3017
3014
3006
3038
3017
1558
3007
2981
3028
3023
3012
3008
3032
2997
3018
3030
3009
2999
3017
1773
3034
3018
3053
3027
3051
2958
3046
3020
3011
2997
3014
1443
3019
3033
3035
2183
3007
3009
3013
3027
3030
3003
2979
3001
3014
3011
3006
2958
1601
3088
3031
3000
3021
3005
3005
3003
2997
3008
3006
173
3019
3006
2937
2978
3022
2006
3010
1980
3001
1352
3011
3008
2799
1024
3021
2986
3008
3039
3076
2962
2865
3038
2986
2869
2940
3000
3010
434
3007
2993
3073
2993
3006
3007
2997
2995
2966
3011
3012
2933
1314
2996
3014
3012
3028
2966
3020
869
2944
2984
3002
3035
3035
3024
339
3046
3010
2992
3011
3040
3018
3028
3008
3007
3021
3017
3024
3020
3044
2993
2983
3077
2999
3005
2939
2050
3007
2388
3004
3004
2976
3008
3021
3008
2998
3020
2985
550
2997
3014
3023
1357
3005
2718
3006
3022
3016
3016
2933
3017
3000
3021
3025
2983
3000
3014
2990
3020
3023
3024
2989
3023
3030
3005
3030
3028
3015
3003
2998
3035
3004
3021
1946
2998
266
2272
3002
3000
3018
2987
3010
3019
3028
3001
2969
3010
3000
3016
3016
3004
3045
3001
3025
258
2996
3017
2973
3068
3020
1526
3021
3013
3020
3031
3013
2996
3018
3010
2999
3021
3033
3003
3049
3024
2995
2953
2975
3004
465
2989
2964
2993
3031
3007
3013
3014
3025
3037
2854
3025
3015
3048
2933
654
3025
3034
2971
3018
3025
282
2978
2982
2999
2962
1705
416
3006
3013
2997
2996
3027
3038
2987
3032
3006
2951
3018
178
3010
2984
787
2530
3011
3014
3025
3004
2802
3007
2785
2970
3000
2956
2997
2961
3006
650
3010
2983
1552
3053
3013
2802
3039
3009
2983
3037
3006
3044
2951
2977
2977
2995
3007
3034
2984
3022
3032
3041
2981
3008
2984
668
2685
3005
3031
3006
3020
2967
2998
3025
1847
3001
2992
2848
3005
3012
2974
3001
3020
1143
3012
2913
2934
2994
3022
3039
3040
2953
3019
3035
3017
3039
3035
2998
2992
2984
224
1798
3028
2789
3027
3012
1197
2994
2711
2958
3086
3001
3033
3005
3018
3013
2994
3026
3030
3014
3003
2996
3053
2993
3044
3006
2997
3011
3024
2978
2984
2989
3022
3026
3013
3006
3014
3000
3008
3015
3028
1670
2867
3006
3000
2997
2968
3027
3036
3022
2974
1995
3038
3026
412
2964
3033
2948
3017
3036
3003
3014
3038
2987
3035
3029
2394
2965
3039
3021
525
3001
3069
3020
2954
3024
3010
2885
3013
3023
3002
3014
3005
3011
2993
3014
3017
2966
3003
3039
3007
1048
3023
2975
3020
3020
1741
614
3035
3015
2992
2315
3001
3016
3034
3032
1624
3017
3013
3021
2988
2981
243
3054
3036
2289
2991
3035
2996
3027
3012
2994
3034
3010
3015
3023
2992
3019
3027
967
2985
2993
3026
2987
2997
2360
2958
3002
3015
2989
2405
3057
3007
317
3032
2963
2993
3021
3027
3012
2994
3028
2191
1529
3002
3002
2990
2987
3024
3027
3008
537
2981
2986
3011
1965
3023
3001
1437
2989
3028
3005
3024
3001
2991
1113
3016
3013
610
3015
1929
2371
2971
3054
3015
2999
2978
256
3012
1487
3026
2972
2998
3037
3028
2979
2983
3010
3022
3046
3017
2558
2954
2804
3013
3048
3008
721
2674
3022
2979
2021
2779
3000
3019
2984
3020
1948
655
3021
3005
3017
3028
3022
2994
2998
2987
2988
3008
3009
3025
3032
2965
3031
2572
3029
3014
2054
3021
2978
2264
3012
3047
284
737
1153
419
290
3035
2998
1412
3024
2989
3013
3019
3050
2989
2912
561
3021
3021
2374
3037
3036
3043
284
3026
3051
2963
3093
2987
172
2985
2995
3004
284
3011
3014
3005
2965
2975
3057
3010
3011
3016
2985
2900
1017
2988
2922
2988
3027
3010
3013
3035
3022
3006
3025
3026
3049
3006
3042
2990
3002
3009
2986
317
3013
3029
3013
3001
3040
2268
2994
3046
1241
3012
3023
3009
3011
2993
3010
3013
271
2994
2972
3022
3002
3034
3024
2998
3004
2983
2986
3032
3079
3018
3014
2996
3037
1523
3015
3009
3038
2961
3080
3014
2919
2242
2134
3035
3029
3005
2999
3033
490
3018
2985
3026
3015
3002
2988
2954
3035
3015
2326
3008
3024
3017
3022
3037
3022
3005
3002
3012
3004
3009
3002
3012
3010
3009
3018
248
3003
3081
2930
3003
2981
2989
3025
164
3006
3008
3040
3041
2998
2970
2939
3003
3074
2970
2997
3012
3004
3033
3010
3017
2969
747
3009
3002
3017
2990
3000
3028
3023
2998
2835
478
3033
3000
2991
2987
2969
2965
3038
3014
3020
3107
1823
3035
2984
3018
3005
3004
3005
2990
3021
3004
3029
2967
1538
2986
3028
3004
2945
3012
3018
3037
3016
2486
3029
2883
2979
2179
3029
3103
3035
3019
3014
2993
3037
2976
3059
3005
3018
920
3014
3005
2985
3020
3006
3015
376
2975
2985
3016
2994
3015
3002
3003
2973
3008
1177
324
2997
3014
3004
2969
3013
3086
3009
3024
3008
2981
2977
3009
3007
3040
2985
2302
3039
2993
3008
3012
2996
3027
3012
3002
2704
348
1516
2972
762
3047
2989
2979
3002
3015
2992
3032
3006
927
2968
2274
3038
225
2985
3032
3031
1815
3045
2989
2990
2924
2907
3002
3024
2955
3082
3019
3009
3005
3031
2995
3001
2944
3034
3042
3023
3009
3019
3024
2985
3032
3008
2946
2989
3020
2975
3017
2048
3026
2984
2978
3000
3009
2977
3014
3003
1185
3025
3018
2999
3021
2985
3039
3009
412
825
3001
327
3041
3016
2825
2984
3036
2989
2984
3030
3017
529
3007
1413
2325
3007
3021
3014
2949
3019
3009
3020
2583
3000
3015
3032
3005
3007
2923
3018
2869
2944
3011
2976
2301
3019
3023
3011
2970
2991
3010
2988
3011
3012
2501
2989
2961
1041
3034
3001
3018
3039
3034
3029
3027
3008
3054
3019
3015
3017
2994
3003
2953
3045
1494
3015
3103
3008
3017
3026
2878
2974
3037
2887
3016
2993
3038
3031
1483
2977
1101
3010
3000
3015
3078
3027
3013
3026
3008
1446
2394
2976
1540
2975
3003
3023
2983
3015
3017
3004
2363
3022
3018
3028
3022
2954
3011
2995
3003
3011
3008
2998
3026
3024
958
2978
2985
3046
3006
3032
3029
2988
3050
2990
829
2977
2955
3001
3052
2988
3005
2939
3014
3002
3022
3005
3011
1729
3084
3035
3014
3025
3034
195
3019
3041
3016
2637
3004
3010
3024
3021
3010
3003
3014
2994
3004
2977
3050
200
3036
2999
2990
3021
3027
2986
2992
3008
2992
1565
3032
3025
2963
3013
3000
3018
3044
3030
2997
1972
3021
3013
3022
2990
3019
3015
2950
2957
3022
3007
3038
3015
3017
3003
3032
2969
2963
2990
2997
724
2944
2996
3017
1219
3015
3029
3035
3017
3011
3018
3014
2980
2994
3008
2994
2940
2973
3003
3037
3016
2982
2436
2945
2860
3100
2982
2978
3015
3010
3027
3011
3037
3009
3032
3040
2996
3029
3007
2981
3020
3071
3099
1128
3018
3014
2992
2992
2074
3017
1125
3003
3056
3020
3010
3020
1778
3017
3012
3028
3033
3074
3007
2973
2996
2984
3003
1633
3023
3028
3035
2994
3003
3022
2775
3020
3012
2347
3021
3022
3012
3003
3016
3018
3004
3000
1263
2999
3025
3017
2791
2675
3022
193
2999
2994
3008
2957
3035
2986
166
3031
2971
674
3035
2980
3013
3021
2980
3030
2990
3026
3003
3030
3005
2996
2972
3032
3027
2984
3007
3004
3016
3028
3016
3025
2976
3035
3009
1317
3015
3009
3029
3047
2785
3019
2987
2269
3001
2933
2970
2314
3015
3020
3031
2967
2915
2969
3019
3010
2977
3030
3024
1353
2995
3039
3021
2990
3014
3039
3022
2796
3016
2998
2970
3002
3024
3022
3269
3011
3037
3055
3021
3019
3021
3029
1096
3044
3008
3001
3033
3018
565
3009
3031
3018
2986
2992
3005
2402
3023
2047
3013
3012
2963
2878
2995
3012
2995
2991
1308
3010
3051
2998
2953
3007
3011
3053
3027
3011
3039
2992
2998
3032
2827
3064
2779
3026
2993
3000
3002
3006
3010
3001
3007
3006
3025
3020
3006
3020
2714
3029
3001
3031
3027
3051
3026
2959
3020
3032
2994
3000
3015
3012
2797
200
3007
3010
3009
3008
3005
3007
2996
2908
2669
1723
3005
2968
1664
3018
3021
2874
3008
2994
3010
3024
3014
3021
3024
3001
3016
3018
233
3006
1296
3006
917
3017
3032
3004
2695
161
2741
3079
2997
476
3021
3001
2994
2981
3016
3007
3043
2995
2972
3014
3012
3025
3009
3012
3033
3013
2745
3024
3000
2999
2991
3010
2969
3010
3016
3021
2996
2994
3034
3012
3019
2951
3002
3012
3024
3028
2988
3013
2925
2961
3026
1958
3013
2976
2981
3042
3002
2836
183
2081
3006
1859
2948
2725
1271
2952
2991
3018
3023
2139
2996
3026
3031
3000
3006
818
2556
3018
3033
3038
3009
3012
3024
3045
3024
3020
2986
1167
3037
3007
3015
3084
3017
2561
3006
3001
3041
3018
3044
3035
3005
2868
3000
2883
2993
3034
199
3011
3008
3015
3006
1982
2995
2981
2544
3035
3000
3012
3007
3016
3013
3035
3033
3002
3025
3026
2977
3009
3023
2970
3018
3002
3005
3020
2245
3037
3018
2989
3022
3014
1796
3009
3005
3028
2966
3023
3015
2989
2996
3025
2877
2857
3017
3033
3034
3025
3009
3051
2996
2996
2998
3014
2982
2975
1786
3027
3015
3018
3023
3002
1573
3029
3013
3022
2937
3013
2993
3036
2995
3049
2997
2877
3016
3013
3024
3005
2972
3030
3035
3017
3006
2994
3024
3003
3050
204
505
3011
2980
3026
3005
2995
3060
286
3030
2999
3018
3000
3012
3009
3032
3003
3026
3014
3012
2970
3030
3023
2996
3031
2997
3010
3042
3012
3044
3047
3024
3008
3028
3033
3000
3008
3014
2993
3001
2995
3014
3011
2985
2971
3034
2944
2982
2973
3024
2992
2994
3010
3002
3009
3011
3008
3021
3017
2996
2997
3001
3009
3026
2910
3025
3037
188
3018
3007
2998
3042
3019
3013
3046
3023
2992
2978
3035
3010
2920
3015
3020
3033
3031
2963
3013
3022
2995
3009
2970
2991
3012
2905
3041
2983
1837
254
3007
3003
3040
2863
184
2992
3028
2996
2953
3013
3010
3024
3016
3036
2979
3023
3015
3008
3019
986
3009
3017
2986
2987
3003
3009
3026
3008
2947
3024
2998
3028
3028
3000
3032
3010
3019
290
649
3035
3031
3007
2995
3010
3013
3012
3039
3032
3006
3038
3011
3005
3014
2414
3006
3025
3001
2999
1144
2906
2998
3019
2919
2992
2994
1056
3017
3000
3013
2942
2992
3011
3025
3025
2955
2225
2960
3000
2995
2989
3013
3001
2990
2150
1799
2872
3027
3009
2998
3002
2495
2998
3015
3053
2994
2859
3025
2842
3043
3036
3019
3039
3005
3014
2982
2957
2443
2996
1369
3025
1296
3008
3008
3047
3037
3038
2176
3020
3002
3038
3049
3002
2016
3033
3000
3058
2857
2914
2915
2980
2983
2992
2897
3024
3015
2741
3020
3009
2943
3013
2996
3011
3022
3010
2987
1153
3024
3013
2913
3004
3007
3005
3026
410
2943
3019
3030
3083
2971
3004
3024
2986
2881
3020
1452
3000
3039
3002
3007
3022
3006
3022
3015
2836
3009
2974
3031
3014
3004
2984
3003
3031
3053
3009
2988
2980
2977
1950
3056
3064
2976
3019
2954
3005
2987
3044
3024
3004
2994
3025
3019
149
3019
3031
3018
3034
3003
3025
3030
2998
3008
2944
3038
3009
3034
3027
3015
3020
3012
2905
3052
2964
2999
3009
3036
3011
2987
2947
3023
3023
3004
2822
295
3024
2997
3019
3007
3003
2990
2378
3037
3034
2670
3019
3003
3025
2329
3075
2960
3036
3015
3096
2966
3006
3044
3021
3054
3003
2999
3025
3015
2971
3015
3035
3079
987
3019
3057
2985
2980
3011
3005
1885
1758
2983
3003
2989
3024
3009
3032
3014
3021
3024
2939
2990
2188
2986
3005
3024
3029
2998
3012
3020
3003
2756
3047
2996
3007
3012
3007
3054
3011
3033
3021
3018
3034
2994
3002
3058
3008
2993
3005
2972
2996
3009
3019
3024
2982
3021
3005
3042
3008
2998
3014
3015
2991
3021
3000
1077
3022
3055
3022
2984
3013
3079
3005
3012
3029
3005
3033
2998
2980
2980
230
535
3023
3010
1051
2985
2961
2989
2729
2417
3001
3021
3029
3013
3058
2999
2993
3006
3026
3013
2991
185
2988
3017
2993
2852
3017
3007
3038
2965
3040
2995
3010
2989
3001
3013
2986
3024
3018
3016
1029
3009
1361
3003
3012
3000
3022
3012
3026
2230
3017
3008
2990
3017
3022
2976
3025
3028
2873
3021
2981
3025
3040
2964
3023
3007
3007
2861
3008
3000
2976
2995
3011
2989
2113
2358
3021
2974
1075
3036
3028
2982
2725
3017
3013
3028
3013
3002
3006
3009
3018
2830
3096
2999
3008
2998
3005
3042
2995
3015
3006
3013
3002
3017
2992
3013
2251
2969
2994
2997
3029
2039
3017
3030
3010
3032
275
2986
2988
3021
3001
3001
3008
2973
2996
2992
2998
2204
1644
3017
3001
3037
3022
2994
3039
3017
2991
3030
3025
3005
3028
3005
3018
3009
3017
3010
3022
3044
3051
2980
2996
3022
3022
3017
3019
3002
2979
3019
3023
3007
3039
3007
3030
2997
3049
3009
3047
3036
3022
3031
3002
3007
3005
3029
3000
3029
3002
3052
3006
3034
3021
3029
3028
2994
3001
3019
3013
3008
3023
3042
2993
2992
3007
3046
3044
3030
3008
1345
3004
3040
2997
3003
1097
2989
2992
3029
3008
3015
3037
3014
3084
3017
3036
3001
3023
3002
3012
2998
3023
3003
3040
3005
2978
3048
3032
3017
3027
3027
3008
3025
1179
3021
2999
3014
2999
2949
2991
545
3022
2986
786
3015
2992
2953
2976
3024
2969
2985
3038
3038
3051
3010
3021
3028
3030
2936
3012
2945
2997
3032
3039
