2988
2997
2778
2981
2996
3016
2276
3001
3045
2961
3012
3019
2854
2985
2960
2992
2998
2984
2968
2989
2990
2983
2997
2976
2999
2990
3000
2994
2948
2970
3011
3019
3003
2990
2965
2993
2975
2889
1639
3018
3008
3017
2191
3000
2918
3007
2983
797
1371
2814
3018
2944
2975
2973
2982
2227
218
3035
3020
3004
3011
203
2981
2991
3019
2981
467
3003
2957
2999
2953
3002
2999
2989
2982
2993
2978
2205
2994
2963
2965
2971
2990
3005
2996
2968
3010
2049
2981
2970
2991
409
2973
3070
2988
3036
2956
3006
2976
2963
3010
2992
2972
2992
3003
2986
2985
2747
3009
3003
200
3001
3000
3033
3010
2496
3003
2960
2969
3000
2989
2994
2975
1537
2973
2973
2938
1871
3014
3008
3003
2997
2973
2958
3005
2963
2991
3004
2994
2991
3001
2970
2157
2971
3018
2984
2996
3002
2972
2992
2753
2979
2992
2897
3008
2957
2603
3000
2968
2976
3011
3012
2624
2971
3020
3009
3014
3000
636
2995
2662
3018
2992
2996
2998
2670
2987
2429
2636
2970
3000
2965
3005
3004
3020
2010
2981
2959
2966
2708
2936
3068
3016
2978
2998
2986
2334
2997
3065
2867
3005
2990
3065
2994
2984
3006
1086
2981
2975
2993
2950
2980
2969
3016
1032
2779
605
2931
2978
3003
2976
2730
2976
2988
2999
2962
3002
3007
2997
3007
3012
3007
137
3005
2958
2982
3015
2926
2989
2965
2971
1243
1815
2975
2992
2949
2978
2956
3014
2906
2982
1975
3030
2990
2991
2180
3032
2606
2943
2995
3009
1911
2975
3000
2973
3009
1224
3024
2996
1155
2978
2998
2988
637
3005
2959
3089
2979
2986
2984
922
2984
2992
3002
3010
2797
2983
2963
2985
2978
3005
3010
2998
2975
3006
731
3007
2996
2944
3014
1270
3008
2974
2928
2980
2969
3016
2967
2987
1022
2995
3003
2639
3028
3046
3010
1238
3008
2955
2985
1481
3000
2989
3005
3006
2983
3054
2993
2995
2995
3019
3012
772
2930
2980
2981
2986
3002
2763
372
553
3057
3007
2977
2973
3001
3037
3000
3002
2995
2983
2992
3009
1303
2974
2998
2969
2968
3014
2958
3015
3001
2985
376
3010
3016
2980
2991
2980
2913
3005
2988
2988
2979
2981
3024
3028
2945
2996
2999
2999
2994
2948
3009
2986
2976
2995
3012
259
3016
3020
3009
3037
3038
2986
3005
2997
2992
2244
2952
2969
2994
2994
2993
2988
1315
2999
2977
3000
2923
3008
120
2974
3009
2993
2976
3024
2998
293
3022
3012
3010
3011
2999
3009
3012
2975
1539
2987
2991
2960
3012
2985
2999
1167
2979
3003
2976
2997
3029
2988
3004
3019
3000
2967
2960
3017
2944
2987
2994
2985
2998
2061
3003
2471
2951
2995
3018
2976
2977
2586
2024
2772
2953
2968
152
2991
2963
2968
3012
2958
3004
2985
2487
2992
2949
2965
3004
2999
3003
2973
2995
3019
3013
2975
2989
3033
3005
3022
3023
2949
3019
618
2991
2994
3018
3013
295
3020
2907
2936
2977
3003
2997
3003
3002
3003
271
3019
3003
2983
562
3014
3009
2993
2986
2959
2998
3019
2982
2993
2995
2973
3002
2987
2996
2995
2980
3008
3024
2978
240
1021
1281
2990
197
2994
3012
3011
2985
3022
3002
2973
3007
3000
3001
2989
2985
2979
3019
1118
2981
3017
3020
3002
3041
2992
2985
2993
2981
2297
2993
2998
2999
2757
2517
2999
2948
3004
3018
3000
3017
2994
2966
2977
2988
2923
2982
2835
3076
3021
2980
3004
3008
2987
3027
3014
3009
2999
3012
2983
3036
2993
3005
3009
2986
3018
2990
2958
3004
2998
3011
3000
3000
2996
2994
3003
1456
2987
2991
2742
3026
687
3026
2931
2966
3011
1479
2600
2986
2753
2985
2997
826
2526
3011
2941
2967
2950
3014
3022
3033
2966
2997
2994
2972
2995
2969
3001
3022
2855
2978
2999
2987
3001
2955
2987
2866
637
2960
2990
3014
2989
3007
2970
2981
2966
3011
3009
2002
2984
3034
3013
2986
2984
3012
437
2986
2970
3000
3010
2993
3009
3002
2989
2963
3031
2131
2989
2981
3003
2949
2969
2986
2982
2994
2087
3011
362
3023
2998
2997
2973
3012
3013
2606
3018
408
2994
3091
2996
151
3038
3002
1829
2998
3003
2987
2982
2990
3014
3006
2993
2988
2993
3008
3016
2997
2967
3013
3015
2998
797
2957
3001
3021
3011
3039
2995
3009
2913
3006
2992
525
3004
3018
3031
3032
2949
3015
3012
3004
3007
150
3011
2985
1334
3027
3005
3013
3011
2989
3007
2987
871
2999
2986
2997
2983
3002
2998
2976
2998
3018
3012
2965
2971
2337
2989
3004
3017
3006
2264
2966
2769
2997
1803
2978
433
3003
2986
2966
2971
3004
3007
3006
2988
3006
2995
3071
1379
2346
3008
3033
2961
2986
2989
2956
2958
2997
2998
3007
2984
2964
2994
2969
3019
2979
2997
2987
3006
2939
2975
3017
255
2987
2986
3001
3009
3002
2997
2996
295
2986
2963
2987
2963
2996
2989
1524
2928
2989
3002
2977
2984
3017
3007
2988
3000
2984
928
2971
3010
3032
3078
3013
3027
3001
2984
378
3001
3017
2964
3003
1467
2973
3007
2983
2987
1736
3004
3008
3000
300
2938
2995
3015
2971
3006
2988
3010
3003
2975
2972
3015
2980
3018
3009
2972
2954
3012
2994
2970
2962
3003
725
2997
2985
3002
3005
3022
2979
2970
2986
3017
3007
3012
2997
2997
3007
2982
2960
2999
847
3021
2996
2998
2977
2977
262
3023
3010
2976
2983
2915
3013
3036
2979
2242
3019
3020
2994
2928
3018
1290
3014
2045
3002
3007
2999
3023
3086
2979
2991
2995
2988
2996
2961
2974
3051
2984
2989
2984
2946
1721
307
2990
3022
2954
3017
3000
2982
3009
2992
3017
2975
3005
3018
2349
3012
3020
3011
3023
2974
2978
805
2975
2970
148
2974
3038
3059
3008
3017
2972
3001
3004
3001
1640
3040
3004
1788
2992
2706
2938
2415
2984
2982
3021
3052
2967
2926
3030
2954
2973
2981
3017
2998
2208
2939
2998
2994
2943
3000
2965
3004
3004
2982
2953
2996
2980
2962
3015
3003
3031
2989
2710
2998
2982
3018
2962
3001
3013
2995
2034
2981
2992
145
2980
2820
3014
3002
3001
1221
2954
2960
2107
577
3004
2979
2993
2980
2610
2976
2962
712
2978
3000
2950
2973
2155
2975
2986
2962
2992
2938
3008
3003
2963
2989
2958
3015
3013
2957
3015
143
3005
2949
3015
2997
3007
3004
2982
2965
2317
2976
3003
3012
2987
2964
2978
2980
2971
2984
3002
308
3000
2916
3002
2992
2997
3025
1692
2994
2291
2977
2979
2999
2990
3012
2984
3010
3020
2954
3004
3036
2969
3007
139
2980
2970
2994
2995
2980
2971
2992
3010
3003
2991
2974
2952
3036
2956
3000
711
2079
2967
3007
2999
3014
3026
2978
3026
3030
2994
3043
2976
3005
3021
2997
2987
2996
975
2996
2980
2987
2953
2993
2955
2997
2964
3008
2949
2999
2942
358
3012
2994
2980
325
3011
3034
2980
3001
2965
547
2992
2993
2984
3000
2990
2986
2999
3002
2973
2969
3013
3023
3003
2992
2992
2973
2999
2992
2990
676
2988
2979
2861
3013
2985
2997
3010
2994
2895
2960
3000
840
3006
2988
2985
2996
3025
2966
2975
2990
3003
2991
3018
3003
2959
2993
2997
2973
2961
2989
1559
2994
2980
2993
3003
2458
2986
2988
1282
2997
488
2991
2987
2937
2973
2978
3006
2332
2996
3025
2994
2972
2993
2968
2976
2986
2975
2993
3022
2991
2975
2946
2983
2940
2991
3029
2944
2980
3029
2975
3013
2995
2969
2967
493
2975
968
2872
3029
2952
3012
3009
2984
2993
2987
2977
3017
3014
3005
2953
2942
2992
2967
2975
2990
2980
3037
3020
2998
2987
2956
3000
2959
3022
2494
2983
2997
3001
2963
2987
3060
3022
2903
2267
2989
2480
3020
2975
3022
132
3024
2936
2949
2998
3002
2964
3004
2997
3017
2980
3005
2480
2990
3015
2980
1673
2985
3009
2989
2031
3013
1003
2999
2989
2990
2993
2997
2922
3012
2848
3018
3000
2958
1420
2949
1190
2979
2998
2997
2960
3001
3005
209
2987
2931
2926
2993
2978
2959
3003
3005
3003
2979
3011
2960
2996
2949
2910
2992
3014
3042
2999
2992
3029
3010
2800
3007
2984
2931
3012
2989
2995
3005
2993
2984
2966
2978
2981
3026
3003
3011
1543
2962
2997
3004
3026
2995
3013
3004
2976
1224
2974
2986
2954
2965
2975
2990
2980
3003
3016
2873
2992
2994
2989
524
2990
3002
2985
2890
963
2994
2988
460
2951
3032
3006
2956
3039
2966
3012
2940
2986
3014
3014
3001
2986
3009
2991
2987
2955
2979
3000
2993
2992
2998
2985
3013
2974
3010
2988
1745
2962
3017
2967
2988
3006
170
2447
2915
3006
2984
3016
2977
2980
2971
3014
2757
2990
2986
3015
2897
2996
2944
1848
2995
2993
3074
3006
2986
2987
2964
2459
2986
2994
2975
3008
3022
2990
2993
2974
1426
2999
1163
3039
2989
3005
2993
2203
1756
2581
2396
3000
2975
2997
2977
1989
2982
3004
2971
2981
2997
2997
460
3011
3006
3009
2999
2996
2939
3093
2984
3015
2994
2999
2989
3005
1014
3003
1035
2984
3024
3009
2990
3012
2963
3014
3018
2987
931
2978
522
2847
2502
2983
2938
3035
494
2970
3003
3016
3032
3006
2998
2978
3071
2972
3014
2974
2995
3004
992
2976
2979
3018
3005
2953
2974
2975
2501
3007
2984
3027
2961
2992
118
3002
3025
3007
2980
3025
2699
2990
2934
3012
2952
2551
2958
3015
1885
2630
345
754
3011
3006
2936
2967
3001
645
2948
2786
2989
3013
1856
2999
3013
3005
3003
2971
2963
3006
2999
2981
2984
2931
2992
2872
2984
2987
3033
3004
2985
3002
2714
2986
2993
2988
3008
2960
3016
2673
3043
2974
2963
1992
3016
2996
2995
2969
2988
3027
3038
2998
2951
2994
3002
3015
2988
2974
2965
2774
2966
3015
2999
1226
2977
3008
367
3009
2957
2210
2164
3036
2990
2991
3023
3009
2941
2984
2945
2981
3022
3014
3000
2976
3017
2993
2443
3003
2969
2934
3021
3012
2991
2983
2986
2998
3014
3006
2996
1465
3021
3000
2984
2964
2986
2975
298
550
2995
1589
2987
2991
2978
2990
2995
3021
2759
3006
3004
2994
3000
1484
2977
2984
2997
3068
1468
2997
2981
2933
2935
3006
3016
3006
3002
2999
2989
2992
2947
2994
2975
2922
3001
2962
3013
3005
1961
3011
2995
3021
2985
2996
3012
2973
2983
2952
2995
3006
3015
2029
3007
2996
3002
2530
2966
3024
3016
3019
793
3019
3028
2974
3026
2973
3004
2989
2999
2982
3021
3006
3003
1563
2940
2974
3083
2993
1675
2998
2983
683
3019
2980
2997
2958
2996
3054
2942
2172
2986
3014
3006
2991
2984
3017
2951
2987
2978
3013
3003
2749
3003
3004
3010
2997
3016
3025
2979
3005
2600
2995
774
2722
2979
1820
3065
3016
3016
2962
2991
2981
2998
2975
3014
2994
2955
2998
2993
2998
2933
3026
1455
2974
1459
3005
2910
2994
2991
3016
2972
3034
2972
2986
2999
1359
1035
3011
3002
2987
3012
2991
3020
2954
2991
2941
3010
3005
2985
3007
2991
2995
3004
2969
3029
2983
3022
3011
2992
2979
2989
3012
2995
3010
2981
2999
3009
2979
2313
3025
2972
3008
2963
3032
2994
3011
2997
607
2992
3032
3024
3016
2316
2977
3011
2976
2982
3009
3002
2945
2998
2951
2889
2634
3003
3010
3035
2956
2996
2957
3002
2995
2997
2981
2950
2074
3019
3029
2992
3004
3004
2949
3022
2993
3009
3023
2987
2981
2989
2988
2960
1800
2950
2988
2984
290
3015
2983
2699
2980
3002
151
2971
3027
3006
2998
2984
2990
3019
2934
2967
3023
2928
2967
2995
3013
2944
2978
2989
3012
2948
2960
3018
2990
2945
2994
2993
2949
3008
2956
3007
3017
3001
2994
2495
2940
2412
2988
2993
3003
2769
2988
3009
3010
2978
2995
2970
2975
2991
2144
2994
3017
2008
3018
2964
2934
2987
2987
3002
2982
2990
2965
2982
2992
3016
2977
2936
3018
2968
2987
3007
907
2686
3006
3017
2980
2986
2972
2984
2950
2718
2978
2999
2971
3019
2996
3015
3007
3002
2985
2995
3007
3002
2995
2983
2985
2990
2728
2614
2999
462
2984
3003
2609
859
2981
2965
2610
2978
2993
2948
2988
2971
2968
3007
2968
289
3006
2974
2990
2961
2982
3008
2983
3077
3003
2970
2971
2993
2982
1187
3022
3035
2991
2992
3002
2988
2993
3009
2992
2992
3016
3004
3006
2969
2996
3019
2981
3029
2995
2997
3014
3000
2988
3012
2575
3030
2998
1382
2977
1052
3020
3000
2996
3014
2978
924
2967
2990
3026
2945
2404
3017
2984
461
3030
2992
2962
2993
2760
2988
2980
2987
919
3011
2998
2990
2997
2993
3086
3001
3023
2943
2671
2993
3010
2960
3017
2987
2992
2965
2984
2997
3017
3019
2948
2952
2700
2758
2993
3010
2985
2926
2991
2981
2977
3019
2814
2998
2993
2873
2974
2993
2973
3010
2985
2990
3001
2984
2999
3007
2968
3010
3001
126
2984
3002
2994
2983
2938
2965
3028
2977
2977
2988
2994
3042
2996
3001
2989
2998
3000
2991
2994
3050
3008
612
2997
3015
2996
2992
2982
2983
2985
2986
2990
2984
2980
3008
2991
2979
2961
2800
2987
2946
2967
2996
3006
2092
2977
3010
2970
2591
2966
3010
3009
2975
2979
2988
2998
2999
2996
2985
3015
222
137
3009
2969
3016
2993
2993
2968
3002
3095
2988
2980
3007
3002
2983
2995
2916
2951
2997
2932
3005
2980
3015
2995
2983
3004
3047
3043
3001
286
2985
3008
2954
2980
2990
3010
2994
2986
3003
1484
2988
2997
3001
2974
2977
3027
2997
3015
3012
2723
2929
2932
2006
2995
2996
2985
2997
2994
2988
1195
2949
3078
3007
2996
3005
2983
3007
2991
2983
2962
2664
1313
3014
2989
3017
2977
3001
2956
3003
3023
2984
2989
221
2994
2992
2967
2986
1033
3032
3009
3000
3000
2851
2987
3030
3004
3005
3019
3008
3023
2980
3009
2983
2990
2990
3020
3012
3034
2951
2988
2950
2972
3003
2591
2968
3043
2988
2987
2982
2994
2971
2985
2992
2957
2985
2991
2979
3025
3002
3015
2987
2975
2629
2982
2992
2990
2969
2949
2992
3011
3012
2990
2999
3002
3028
2989
2995
2944
2992
2992
884
3027
3046
2987
3039
1473
2955
2988
2986
2975
2993
2991
2993
3015
154
3008
3016
2999
2995
3008
2937
2829
2951
3003
619
2829
2997
3007
2987
3023
2995
2996
3000
3009
2998
2975
2995
2993
3015
3023
2761
2956
2984
3005
2932
2983
3021
2883
2961
2978
3016
2941
3022
2978
3002
3002
2993
2988
2973
3014
3018
1532
225
2999
3010
3024
2589
2873
2996
3007
3009
2963
2967
3000
2968
2996
2994
2980
3004
2996
2993
2997
3010
2954
2986
3003
3024
2997
3007
2938
2996
2992
2968
2999
2958
3024
2996
2977
2938
3011
146
3003
3054
2959
510
2959
3023
2983
2154
2998
2980
2947
2998
3019
2948
2975
1343
2997
2945
3012
2893
3010
2978
2983
2612
2980
2968
2999
2980
2989
2994
2944
3006
3015
3007
3003
3021
2975
2971
3014
1019
2932
2969
3017
2983
2255
1976
3001
3084
2993
3015
2995
3005
2991
2947
3016
2993
2972
3008
3007
3026
2918
3012
3000
3001
2985
3000
2989
3000
2765
2995
2896
2999
3008
3007
2893
545
3014
2996
3089
2960
3019
3040
3007
3011
2960
2943
136
2998
2993
1497
3010
2184
2997
2987
2991
2984
2984
2989
2984
2970
2949
2999
2969
3013
3012
2983
3011
2984
1048
2985
2988
3001
1804
3003
3014
3010
2983
2994
2911
3023
2791
2969
2999
3015
2982
2982
2911
3030
2967
2959
2966
2978
2989
2989
162
2958
2434
2975
2977
2996
2954
2978
2986
3023
2997
3006
2984
3000
2959
2990
3023
2965
2992
2995
3005
2955
2940
2998
2990
2989
3011
2957
2984
3002
2687
2998
3013
530
3034
2967
2988
1855
3005
2966
2983
2984
2989
974
3018
2999
2992
2955
2987
2981
2987
2989
3010
2922
119
2999
2981
2991
2969
2966
2991
2947
2915
2884
2982
3003
2997
2958
3012
2970
2971
2922
2987
2982
2838
2992
1315
3024
3003
3003
1109
2996
3040
3013
3029
2989
2146
2893
3003
2998
3003
2999
3010
3007
2995
2981
3010
2988
3001
2982
2998
3033
2965
2974
2959
2999
2971
2989
2997
3006
2985
3001
3024
2982
3010
2983
3011
288
2986
3032
2984
3034
3015
2992
2991
2990
2990
2972
3011
3020
3011
3032
3018
2998
2978
3003
2989
2995
2162
2960
3006
2980
2980
3010
2376
3024
2968
2994
2958
3012
3019
2990
2972
2985
3004
3013
3000
2996
2998
2950
2762
2928
439
2963
2976
2971
2995
2948
3081
2998
137
2859
2520
3001
1179
2942
2989
3019
2943
3011
2856
3008
2467
2969
3018
2986
3026
2358
2983
2957
2999
3001
3034
2995
3011
3011
2973
2976
1650
3042
3021
3021
2972
2996
2688
2988
3013
3000
3025
3023
3008
3025
213
2978
2996
2949
2951
2984
3001
2987
2968
3000
2988
2377
2984
3005
3017
2978
3008
2964
3005
3007
2970
2973
3011
3001
2975
2946
2973
2976
2982
2935
2982
3015
2945
2996
2971
2965
2984
3013
2976
2998
3006
3008
1544
2991
2960
733
2994
2961
2990
2991
3014
2998
3087
2999
2995
3051
2985
2777
2967
180
1813
2566
2970
2989
2977
275
2952
2985
2262
2982
2975
3036
3002
3004
2980
3015
2957
2990
2992
2949
228
3009
2999
2964
2994
2995
1358
3006
2810
2999
2769
3003
1442
2956
2995
2988
3017
624
2536
690
3005
3007
3010
2976
3015
3010
2983
1372
3007
2975
2967
3013
2991
2966
2979
3005
3009
2976
2994
1453
3012
3009
1759
483
333
3016
2632
2958
2980
3003
2980
2994
2981
2886
2970
2990
3010
2981
3010
2986
2956
3024
2986
331
2988
2919
3010
2961
3002
2992
2986
2974
2972
3002
3010
438
2983
3010
2988
2998
3006
2975
1493
3013
2972
3024
2174
1101
2972
2999
3003
2989
3029
2951
2996
3004
3001
3050
2987
2976
3030
2984
2989
2973
3015
3035
3030
3008
3002
1776
260
3018
2976
2991
1086
886
3017
2987
3014
3005
2972
2920
3035
2980
2992
3003
3017
2968
2974
2964
3007
2997
2989
3003
1581
2970
2998
2996
2133
2988
3010
2982
2922
3004
3007
2711
2990
2996
2986
2997
2955
2964
2949
3026
3016
3015
2987
3004
3023
2974
3017
2958
3014
2998
1420
2992
2968
3006
3008
3018
2970
2843
2978
2968
3018
3016
2988
1639
2987
2981
3015
2942
2960
2975
2945
2961
2978
2988
2976
3081
3016
3000
3007
2979
2968
2967
3001
2937
3009
3015
3002
2982
3017
2929
3005
3021
2995
3024
2796
303
3006
3004
1447
3017
2979
2960
2960
2993
3007
2999
3009
3013
3009
3001
2999
3006
2934
2987
2991
2945
3009
2976
2973
3015
2999
3047
2943
198
2993
2974
3022
3009
2973
2969
3025
3004
2018
1229
3002
2976
3018
3000
1351
2999
3017
2992
2980
2947
2985
3009
2992
2868
1093
3056
2976
2979
2995
2949
2992
3003
2981
2861
2985
2991
2971
2655
2999
3000
2928
3018
2986
2985
2994
2974
2925
2353
3012
3009
3030
3005
3004
3009
2976
2993
2993
2988
3031
2997
2974
3010
2963
3009
2984
2982
3000
2896
227
3000
3012
3004
3001
3021
3009
2981
3021
2612
3078
2962
2962
129
3004
2973
3019
3019
2991
1394
2972
3018
3005
3018
2980
3019
3001
2983
2977
3006
2958
2984
2986
3001
2185
2985
3014
2919
2990
2983
2993
3005
2994
2957
3008
3014
2459
2989
1901
2967
3014
2988
2992
2979
2975
3018
2562
3012
2999
2982
3002
2974
3012
2975
3063
2941
2975
2990
2978
2992
2972
2975
326
1162
2989
2975
216
2611
3009
3084
3019
3000
795
1729
1761
2974
3000
3027
2997
2994
2998
3032
2995
1630
3083
2972
2983
2981
3028
556
2999
2989
3033
3003
2974
3002
3078
3003
2997
3012
2993
747
2997
2973
3046
3009
3021
2111
464
2005
2990
3003
3005
3001
123
3021
3007
2997
2937
2976
107
3082
2983
3002
2996
2994
2989
3007
596
2985
2782
2990
2976
2982
3024
2982
231
2981
3000
2963
3012
2986
3002
1881
3000
2994
2999
3008
2984
2994
3003
2997
3014
2992
3003
2983
3021
2987
3025
2955
2990
3009
2975
3008
2989
2944
2985
2928
2984
2976
2999
2987
2693
3007
104
2763
3033
2234
3013
2268
2998
3039
2943
2985
3070
2968
2989
2981
2997
403
2995
1841
2965
269
2962
2980
2980
2950
2977
2991
3001
2990
2971
3015
2975
2944
2997
2981
2937
2999
2165
2966
1571
3005
3003
2989
3019
2939
2966
2967
1207
1338
664
254
3001
2976
3035
2989
2984
2989
2992
3003
3011
2977
2976
3007
802
2938
3044
3001
2998
2986
3004
2961
2980
1857
2986
3001
3009
2992
3017
3006
2987
3021
1871
1998
2992
3010
3003
2997
3029
2940
3006
2982
1113
2977
3011
2965
2984
2741
2999
3001
205
3029
2449
3011
879
3004
2963
3000
3013
3017
2941
2982
2998
2959
2985
2991
2989
2981
3007
3011
1482
3019
2960
2994
3022
2999
2968
2969
2949
2950
3002
2970
3027
3006
2979
2999
2998
2966
2980
3005
3000
3006
2041
3009
3008
3029
3002
2982
2949
2857
2961
2975
2626
2847
2986
2995
3021
2982
2933
3006
2977
3028
1302
3007
1251
2976
2993
3004
3005
3014
3028
2980
3010
3009
2985
1112
3018
2963
2988
3053
3004
2990
2809
3005
2976
1633
2977
2978
3000
2988
2999
2989
3006
3008
2989
3013
3000
2994
2986
2985
3009
2963
2964
2980
3031
2995
2988
2995
2972
2972
2972
2971
2986
2992
1926
3003
3005
1006
3001
3001
2989
976
2960
2963
2969
2727
3033
2986
2994
3001
2968
3012
2997
2994
3003
1028
2981
2999
3104
2993
2985
2966
2950
2955
3013
2984
3008
3013
3009
2983
2937
2879
2974
3009
2974
3003
2964
2987
2970
2993
3003
2960
3002
3013
2999
3008
3017
1696
2978
3028
2947
3003
2993
3022
2999
2992
342
573
2964
3012
3007
3002
3000
2961
3017
3010
2958
2988
3021
1402
2962
2965
2957
2973
3011
2157
2981
3008
2999
3000
2972
2964
3002
2921
3000
3009
2971
2984
2971
2996
2997
1646
2999
2970
2998
3000
2984
3009
2994
214
2996
2975
2997
3006
2982
2992
2988
2987
2995
3012
2950
3047
2996
334
2982
2802
144
986
2982
3009
2996
3020
2992
2973
3006
2987
2997
2992
149
2986
2992
2993
2988
2955
3003
3000
2962
2980
2962
3015
2978
2999
2980
3014
2935
3002
3006
3018
3008
2998
3015
2991
2942
2985
2987
3047
3004
2950
3018
2943
2982
2999
2988
3012
2996
846
2964
3009
2941
2988
2965
2999
2992
2994
2998
3000
1951
2998
2975
2992
3034
3029
2998
2980
3024
3017
3003
2992
612
3077
2962
2997
2988
3066
2990
3045
2960
3021
3020
3021
2959
1430
3046
3070
2965
3014
3007
2981
2973
3016
3008
2906
3001
2995
2965
3005
2996
3027
2970
2969
920
2977
3034
2709
2125
3007
2991
3005
2997
2981
3009
3024
2675
2981
2936
3032
700
3029
3005
2974
2993
3056
3012
2992
2952
2999
2995
3056
3003
3015
2962
2999
2978
626
2991
2991
2911
2999
2967
1389
2976
3012
2990
2976
3009
2049
2991
2985
2989
2994
2990
2980
2993
3008
2979
2972
2946
2992
2996
3000
3016
2816
2930
2606
2997
2988
2928
2999
445
3000
2971
3031
444
3004
2976
3018
3017
2968
3012
2990
2989
2964
258
1243
3007
2259
2996
2978
2982
1988
3011
3004
2999
2981
2997
3007
2213
2995
2913
2992
2988
3018
2946
2674
2972
3003
336
2962
3019
3026
2987
3014
3010
3005
2997
3012
2981
2997
3001
3004
3005
2944
3029
2996
3000
2500
2999
1764
2979
3012
2974
2967
3012
3018
319
2983
2981
2956
2993
3004
3008
3012
3009
3001
2995
3005
2983
503
3000
3009
3080
3007
468
3004
2982
3010
3088
2992
3018
3007
2897
2960
2947
2968
2976
2980
2995
2949
3011
3000
3008
2912
3004
2982
2996
2993
2964
2997
3005
733
3014
2986
2977
352
2996
2965
2981
1981
2949
2990
3002
3012
3000
2984
2998
3043
3007
2989
1629
3021
3016
2985
3009
3007
703
2983
2973
2978
3003
3021
2986
3003
3009
2996
1182
2965
2988
2993
2984
2962
3036
2998
2972
2997
2944
597
2926
3009
2997
2995
3032
2983
622
3009
3005
2973
3009
3011
2985
2942
2988
3013
2983
2983
2823
2993
2969
2991
2990
3009
3009
3000
2963
3012
2990
2826
2974
3063
2986
2315
3002
2981
3007
422
3004
3002
2995
2989
2979
2986
2990
105
2980
2925
3015
2978
2995
2991
3011
1912
2961
2984
2992
2967
3018
3014
2982
2963
3055
2992
2986
2990
3019
3011
3051
3014
3003
3011
3000
2968
3015
3004
3023
2985
3007
1323
761
3003
2979
3042
1941
2980
2983
2983
3010
2954
2984
2062
2995
3004
3012
2994
3002
3021
2999
2954
2954
2994
3003
2981
3002
2670
3007
3006
2963
2973
2983
3008
3020
2961
2983
2962
3001
2989
2994
3000
974
1987
3001
130
2986
2073
2938
3017
3000
2981
2989
1949
3010
3008
2962
2958
791
3003
3004
2881
3007
2978
3010
2978
1438
2959
1482
2789
2998
3016
2994
2988
1091
3018
2983
2987
2987
2894
2979
2971
2998
2942
3007
2987
2966
2979
2996
2172
3005
2979
2996
2991
2981
3012
981
2992
3009
3015
334
2990
2998
2631
2993
2995
2991
3004
3001
2940
2013
2997
3013
2994
2983
3010
3002
2986
3005
3010
3017
2974
3020
2975
2998
2994
3020
2991
2999
2991
2987
2996
2988
2974
2979
2967
3010
2972
3014
2997
2965
2993
2978
1806
2960
2817
437
127
3000
2970
2982
2987
2987
3017
2943
2541
3013
2989
2956
2996
3016
3014
2994
2978
1882
2962
3004
2965
2991
2997
2986
2999
3021
2965
3002
2990
3007
2984
2926
3057
3017
2999
3014
2998
3009
3006
2354
3000
2878
3001
2995
2982
3013
2963
3000
2993
2998
3018
3015
2991
2114
3013
2982
2950
3014
1506
949
2985
3003
3013
3046
2962
2964
2979
2986
887
2997
3005
3010
2991
2999
2995
2994
3012
2995
3009
2996
3018
1539
2899
3009
3017
3000
2980
2971
2977
2978
2962
3003
3044
2998
2993
3021
2994
3085
3026
2971
2995
2830
2996
3010
3010
2999
2917
2991
3005
3003
2893
2997
3057
2950
3010
1215
2995
2497
2998
2986
826
2987
2969
3023
2987
3010
2981
2987
2995
3026
3019
2997
2994
2923
99
2902
3013
3024
3007
1239
2319
3008
2965
2983
2988
2839
3018
3016
2980
2968
2987
2010
2999
2525
2971
3023
3014
2992
3000
2992
2989
2968
3014
3018
930
3014
2960
2963
2981
2992
2547
3083
2799
2998
2970
2981
3022
2981
2984
2992
470
2997
2936
3020
2073
3012
167
3001
2986
2997
3021
2510
3005
3006
3004
2996
2496
2946
2996
3001
786
2943
3002
3004
2995
3015
2978
2527
2966
2995
3003
2980
2955
3012
3005
2992
2962
2981
432
2971
2999
2994
2994
2980
3069
3006
3015
2984
3017
350
2987
2990
2959
2766
2557
3009
2987
2856
2960
2999
3003
2996
3002
484
2990
140
2977
2993
2996
2988
2972
2575
3001
3017
3006
165
625
2974
752
3020
3002
3000
3041
3009
2949
2996
3019
2970
3006
3069
2999
2511
2948
2570
2943
1030
857
2969
2986
3006
2995
3061
2988
3008
2979
2983
3005
3025
2994
3023
3018
2883
481
3019
3034
3019
2985
2989
2996
3009
2964
3003
3011
2987
2978
862
271
3032
3009
2988
2969
2966
2982
3013
2969
3010
2995
3022
2967
2999
2989
2987
2925
799
3001
2994
336
598
2987
2969
3007
2973
3036
3019
3002
303
2989
1880
2996
3016
3058
3002
554
2963
2537
2972
3014
3018
2602
2976
2995
3032
2999
2953
2991
142
2080
2965
3013
3003
3004
2952
2998
2998
2989
3009
2975
3013
2980
2982
970
2995
2920
2988
3011
719
3009
3016
3021
2995
2926
3015
550
3003
3016
3024
3003
2980
2989
2950
2993
824
2642
3019
3002
272
2980
2999
2952
2996
2122
3013
3005
3011
3020
2976
2988
2994
3015
744
754
2995
2980
3003
435
2971
2978
2972
2986
2993
2340
2936
3020
2983
3002
1663
2989
2999
2960
3003
3015
3000
2448
2993
3004
2976
3011
2793
2981
2999
2987
396
3013
3024
3001
2971
2981
3014
2989
2961
3022
2998
2842
3012
3027
2495
3033
2983
2989
3001
2986
3027
2975
3010
2728
2282
2995
2992
1346
2630
2993
3010
3008
2997
2999
2790
2956
3008
3000
3011
1333
3002
2995
3043
2983
3019
2993
3016
3007
2964
3019
3014
3000
2980
132
2972
2953
3004
2975
3008
2876
3001
2990
2987
1725
3017
2977
2984
2982
3004
2991
3001
2972
2930
3014
2975
3010
2916
2998
2987
218
2996
3013
3000
2992
3004
2828
2979
2969
3016
2984
2980
1797
3013
2984
2996
3029
3003
3027
2975
2968
3014
2968
2980
3024
2987
2998
2988
3008
3067
2550
3004
2989
2999
2986
2983
3027
2966
2996
2981
2981
2970
2968
2959
3009
2982
965
2993
2985
3025
3023
1104
1747
2959
2966
2966
3023
2951
3027
2985
2983
2995
2994
2990
2995
2849
3002
2844
2986
2383
2966
2999
2990
3010
2981
2992
3008
3012
3017
2978
3022
3012
2984
161
1742
2999
3008
2994
2957
2990
2993
1640
2419
2979
2994
3010
2996
2998
2955
2976
2997
3005
2961
3031
2988
2944
3025
2991
3001
2990
2986
3019
2086
2984
2964
2964
3010
3009
1507
3001
3007
3012
3007
1022
964
2998
2500
3008
1818
2999
3025
3007
2954
2962
2957
2974
3004
3010
2997
3004
2989
2991
2986
3008
2994
2974
3004
3001
3011
2980
1875
3017
2972
2975
2987
2972
2978
2979
2967
2948
2973
2986
2976
3003
3025
2999
2970
3001
3018
3018
3025
3008
2988
2975
2993
2976
2998
2997
3004
2969
2994
2993
2985
3029
3006
2983
3012
2998
2957
3017
3002
2666
1575
3001
2994
3005
3068
2970
2992
3010
3013
3017
2996
3047
798
1018
2997
2961
2991
2963
652
3002
1374
461
1418
2989
338
797
2988
3017
3003
2991
3029
2995
3002
1432
3026
2936
3021
2966
2932
2960
3022
2983
2993
2995
2983
2989
2987
3031
2997
2990
3013
2994
2994
3006
2983
3031
2986
3019
2977
2991
2989
2980
2989
2957
3013
2999
2965
2785
2938
3015
3014
2580
2953
2987
2950
2417
3034
3037
2989
2996
2999
2987
2688
2935
2986
3012
2992
2979
3005
2971
3019
2997
2997
3031
2320
2937
3014
2507
2986
3043
3010
2981
3002
3004
2975
2998
2958
2991
3067
2977
3011
2956
2999
3068
3022
3000
2978
2998
2959
2986
2985
1126
136
3031
3012
2606
2958
2986
2986
3029
2958
2921
3015
2994
2974
3010
3007
2973
3005
3004
2992
3014
2984
2989
2993
3019
3032
2989
2988
2974
3010
3006
2980
3004
2646
3003
3043
3030
3028
2880
3020
2997
3007
2988
701
483
2908
1299
3011
2992
3018
2985
2980
2956
3004
2999
251
543
2995
2951
3014
3014
2987
2984
3008
3000
2998
2997
2972
1603
2979
3014
2953
2998
2960
2955
2994
3016
2957
3066
2979
2990
2983
3037
2980
243
2958
2982
3002
2997
2976
2983
2990
2984
3018
2969
3014
1574
2990
3006
2940
3004
3025
3008
2978
3030
3012
3003
2977
2945
3074
3021
3006
2991
3011
1152
845
711
2976
2969
2984
2928
3002
3072
2964
2981
3009
3008
2950
935
3001
2972
3003
3029
2994
1083
3025
2986
2994
2982
3009
2977
3017
2981
2996
2999
2971
3019
3003
2999
2984
2983
2999
3023
2978
2997
2940
3008
3023
3018
2979
3001
2809
3034
2987
3000
3009
2975
244
3011
2956
2991
2978
2928
2951
2992
2999
2959
2979
2958
3006
3016
2941
2978
2760
801
2993
3020
2951
3003
2994
2995
2958
2969
3000
2960
2974
2807
2984
3013
3008
2965
3008
2962
2524
3001
2988
2972
3019
2985
2989
3007
3009
2999
2555
2998
2996
3000
2984
3044
2990
2997
2987
2982
2942
3007
2993
2993
2988
3000
2956
2946
3003
3010
2995
2983
422
3000
2994
3009
2997
2997
3013
2562
3014
2955
1525
2986
98
3011
2999
2998
2989
2980
2996
2984
3007
2993
2982
2963
2994
3028
3026
2994
2994
2962
2900
3025
2986
2973
3020
2998
3037
3007
2969
3000
3010
3006
2998
2981
3009
2671
2269
2984
2974
254
2991
3007
3006
3015
2976
576
2993
802
3012
2999
2996
2978
2956
2948
3000
2937
2995
3001
2987
2994
2974
2988
2984
2976
2969
2925
3011
2446
3010
2986
135
3000
2984
435
2961
2987
348
2987
3020
3010
2994
2976
2963
3010
2974
3005
2983
2953
3004
2918
3016
3012
3005
3068
2979
2863
3020
2992
1780
3025
3002
2985
3010
2987
3004
2998
2991
3022
2977
2970
3000
3001
3016
2983
2988
2522
2986
3005
3002
2976
2995
2976
3012
2983
2980
3014
3006
3022
2986
2991
2975
2968
2948
2960
2982
2976
2954
3069
2984
3043
1983
3013
2979
2872
2992
3011
3028
1396
3025
2985
2997
3009
2985
2968
2969
2973
2991
2986
3012
3026
2902
2962
3020
2984
3026
2953
2992
3002
3020
2742
3006
3023
3030
2999
2955
2972
2983
2591
3024
3021
2960
2971
3030
3011
2959
2737
2970
2965
1556
2983
2916
2969
2999
1045
3018
2990
3023
2996
581
3018
2978
2977
2955
2991
2985
2978
2968
3002
2960
625
2976
3007
3028
2996
2994
2983
3016
3003
2854
3007
903
2957
2988
2993
2979
2996
2986
2999
2927
2998
254
3028
2981
227
3029
1470
1036
3018
2971
2985
2980
2969
2801
3015
3001
3007
2995
444
2899
2987
2957
2981
2990
2997
1230
3012
2979
3000
2962
2966
3001
2980
1446
2956
2970
2943
3015
3010
2976
2997
2011
2991
2993
2980
1255
2995
2988
655
2982
3002
2997
1656
3009
2999
3001
2987
3015
2993
1337
925
2986
2990
2984
1803
3002
2976
2949
3009
3025
3012
2983
3002
2967
3008
2994
1359
2990
2996
2887
2994
3006
2974
2982
2986
2976
3007
2988
1943
3005
3006
2994
2982
1000
3012
2987
3008
2990
2976
2999
2981
2990
2980
3011
3012
2976
2995
2956
3012
2947
3009
2936
2966
2931
3000
1874
2939
3078
2985
3005
632
3011
3004
283
2962
2999
1865
2961
622
2998
2989
2983
2986
2972
3026
2943
3066
1636
2992
2987
2994
3000
3017
2362
3020
3001
2992
3025
2991
2994
2994
2740
3026
2975
896
2994
3003
3024
855
3010
3013
3021
2882
3004
2990
2927
3002
2990
3003
3012
2996
2587
119
2975
2987
3017
2990
2985
3004
1146
3017
2977
2998
2809
963
3016
2999
2955
3012
2980
3002
722
2976
698
2910
3006
3007
2989
2981
2993
2980
2992
2992
2763
2955
2975
1182
3010
2965
3004
3026
2988
1755
552
324
2956
2995
2996
3006
2969
2983
2979
3009
3003
3007
2991
3000
2972
2969
2988
3030
2975
2934
2987
2980
3034
2953
3014
2316
2985
2996
2988
2928
2960
3003
3004
3003
3019
2989
3003
2992
478
3015
1511
3029
2957
3048
2982
2994
3009
2994
2962
3013
3002
2969
2987
3023
2982
2991
3043
2309
2981
2974
2960
3018
2990
2990
2954
1114
2981
2992
2989
2988
2176
2951
3003
2974
2991
2996
2973
2986
3006
3002
2992
1190
2955
3011
3010
3019
3018
2987
1252
2997
3008
3003
3011
3005
2982
2662
2965
3031
3031
3012
2976
3005
2985
2996
2943
3019
3010
2978
2973
3033
3030
2984
3048
1443
2974
3010
2986
2071
2990
2984
2990
3022
2981
2992
2999
2994
2988
1486
2938
2996
3011
2994
760
2958
2978
3003
2979
2980
2984
525
2962
2994
2989
2929
2988
2980
3032
3016
2276
3000
863
2918
3013
2999
2990
3001
3004
3048
2911
2990
3002
2992
3010
3020
2953
3006
3010
2979
3018
3070
2989
2939
1108
2903
2953
2991
3019
3000
2994
2995
2988
3002
1802
2984
2981
2965
565
3000
2989
2997
3008
2977
2950
2997
2970
2998
2977
3014
3002
3013
3012
3003
2989
3076
2992
2984
3027
3002
1153
2979
2993
2955
2987
2226
2980
3005
2964
2990
2983
2527
350
2989
2995
2980
2996
2993
3020
3014
2944
2950
2997
2982
3008
2975
2998
2831
3025
2999
3013
2987
3019
215
3023
3018
2974
2990
1950
2952
2988
2981
840
3023
2997
3020
2979
2952
2995
3000
2731
109
2962
2987
2985
2999
3005
2943
2991
2975
2995
3011
2955
2961
3049
2995
2974
405
2598
3011
2004
3001
2975
3000
2615
2952
3032
2991
2992
3007
3006
3013
3006
3014
3017
3012
3001
3010
2990
293
3018
2997
2954
3002
3014
3003
3007
3004
2996
3006
2990
2979
1396
2974
1703
2992
2999
2968
3010
2954
2133
2953
2974
2949
2858
2992
2959
2919
3021
2988
2971
2990
3006
3046
2999
3007
2993
2396
3000
2967
3044
2262
2154
2993
2963
2988
2998
3022
3037
2991
1214
2814
2992
3004
972
215
3017
2963
2999
3075
2990
2971
3010
2986
2983
2867
3004
2987
2959
2996
2498
2991
2993
3073
3010
2983
3010
106
2451
2963
2995
2990
2999
2991
2894
2988
2861
2989
3003
3008
3013
3004
2953
3005
2993
3013
2994
2997
2999
2969
2995
2979
2983
3011
2998
3000
2986
3013
3002
3033
2966
2905
2978
3019
2990
2950
3002
3035
3001
3010
2917
2966
2984
3083
3020
2959
3002
2978
3011
1657
2981
2956
2997
3012
3016
2973
2103
2981
3004
3027
3035
2980
2986
2992
2995
2984
2682
3005
808
2993
3018
3006
3028
3034
3008
3067
2982
2937
2997
2997
2988
2990
3030
3017
3027
3012
2997
3011
2973
2938
2999
2985
2972
3010
3000
2988
2975
655
2958
2984
3010
1033
372
3005
3033
2997
3010
2993
2987
1909
2712
2945
3012
3026
3003
2994
2992
2993
3017
2957
3001
2911
2990
1183
2986
1971
3007
3006
2980
2977
3000
2998
2075
2959
2964
2974
2491
3008
2987
2894
3016
2981
3028
2975
2975
2998
2986
544
2928
2980
1422
3035
2993
976
3013
3008
3028
3016
3024
2997
3005
2984
2970
2993
3003
2948
2922
2978
2963
2969
3007
2978
2984
2949
2976
3031
2975
566
2945
2973
866
3010
3029
2996
2963
2983
3007
3019
3011
2992
3080
2993
163
3005
2983
3003
2918
2952
3010
3017
3012
2957
3008
2982
2322
2999
2993
2943
2989
2996
2996
2917
1656
2777
3003
2943
2994
2970
3004
2992
2988
2969
3024
2992
2965
2989
1661
2933
2993
2972
2999
3009
2989
3007
2997
2983
2995
2984
384
3010
3007
2983
553
389
2964
3001
1071
3021
2976
3005
2943
2943
3009
2930
3001
2997
1197
2547
3024
3007
3021
1635
3034
2983
2961
2997
2979
2987
3006
2976
2988
3009
2918
2976
2956
2985
3028
3001
3027
3013
3025
2994
3006
3006
3017
3001
2976
3023
3001
2435
2982
2998
3002
3014
3022
2996
3009
3004
3018
1462
3019
3010
3001
2998
3013
3006
3002
2989
3000
2989
2984
2980
2992
2967
2979
3002
2981
3004
2986
3008
2988
2987
470
2994
2993
2987
2964
2482
2986
2973
2310
2989
2927
2915
2998
2959
2984
2967
2973
1283
1840
3009
3014
3004
3020
2992
3004
906
2945
2982
2977
3002
2966
2999
2951
3017
2081
3012
669
3015
3027
2941
2992
2976
2987
2955
3006
2899
2972
3006
2997
2955
2967
2973
2993
2979
3005
2999
2988
2969
2980
2992
3005
2991
3003
2996
2975
2994
3002
3007
2908
3012
2993
3002
2997
2981
2864
3015
2995
2963
3000
2979
3000
879
1427
2995
2967
2874
2979
3004
3004
2993
2978
2858
2994
2982
2977
3011
3003
2978
3012
3009
384
202
1089
2987
2992
2443
1270
3027
3002
3014
3031
3003
2991
2929
978
3047
3003
2989
1817
3011
2981
2953
3029
3040
2987
2995
2969
2961
3001
2995
3017
2994
3058
3015
3003
2988
2947
695
2984
2991
2998
2983
2984
3013
3001
3002
3031
3010
2965
2400
2987
2994
2987
3025
2995
3016
2991
3015
2974
744
3031
2998
2940
3011
2983
2982
2987
2316
3009
3013
624
2997
2992
2966
2976
2993
2995
249
2998
2972
2969
2989
3016
2998
2985
2992
2980
3006
1874
3033
2979
2894
3010
2996
3001
2944
2873
3012
3000
2994
2864
3012
2983
2966
2994
3051
2936
2591
2994
2971
2991
2967
2061
3008
3001
2995
3010
3000
2965
2973
2976
3006
3031
2997
2904
2990
2986
3015
3016
2987
2973
3028
2928
2973
2991
2969
2968
3025
3006
2986
2992
2966
3004
2979
2970
3018
3002
2989
2985
351
2972
3004
3004
3000
1751
2988
2994
2988
3036
1218
2964
3008
2986
2977
2982
2994
2970
2967
2996
2989
2995
2066
2930
2973
2025
3012
2972
3009
3009
3008
2996
2988
2944
2980
2963
3026
2996
2996
2995
2989
2999
230
3018
3001
2980
2969
3031
2975
2983
3002
2985
2962
2971
2954
2993
2999
2996
2998
3012
3006
2334
2955
3002
2797
2982
2985
2967
2985
2995
2930
3009
2984
3009
2944
3029
3019
2995
2977
3004
2993
3008
2992
2361
3003
3006
3000
2995
3004
2987
715
2985
2996
3022
2996
3004
2981
3077
3009
3005
2995
2981
2989
3002
2966
2999
3010
3005
3001
2970
2973
2984
2979
2978
3005
3010
3004
3017
2843
2829
2964
2997
3018
2976
2983
2997
3025
3016
2973
2503
2998
3022
2982
2973
2972
2975
2996
3014
3014
2995
2995
188
2995
2997
3019
2974
1605
2980
2985
2996
3016
3010
2946
3007
2979
2990
2007
3002
3021
2989
3041
3036
2977
3018
2352
2140
3004
2700
312
3010
3002
3029
3025
3042
2991
2982
3059
3005
3021
2991
3008
3009
3024
2982
3033
3024
3017
2713
2977
3008
3008
2617
2928
2800
3001
362
3020
3025
3019
2980
2974
2953
2968
1585
3014
2988
2978
3003
2995
2969
2973
3006
3003
2990
3013
2997
2995
2846
3015
2990
3006
2183
3006
2993
2997
2997
3002
2989
2998
1963
3004
2990
3008
2990
2999
2988
3013
2996
3001
3014
2995
2976
392
3013
3000
119
3017
2976
3005
2967
2993
514
727
2981
2970
2991
2994
778
2998
3005
2888
3013
2970
2812
2985
2987
3010
2942
3008
2980
3010
2992
3011
3041
2422
2607
3004
3006
2994
2942
2961
3033
2975
448
657
2951
2319
3006
2926
2985
3018
2983
2966
2999
2985
2977
2724
3011
2980
2988
2984
2979
3029
2995
2974
2913
2991
3050
2992
198
121
3004
2986
2973
2988
3004
3031
2982
1835
1553
1764
2996
2977
2984
2986
2985
3007
2997
3018
3010
2981
2961
2989
2977
2972
3081
3060
293
3024
2515
2971
2966
2991
2985
2158
2997
3004
2966
3015
902
2983
2961
2899
2990
3001
1468
3001
2979
720
2938
3012
2997
2997
2999
2981
2973
792
2968
3012
2996
3006
2992
2989
2982
3002
2977
2989
3013
3010
2956
2984
3019
2974
2976
2976
2996
2994
3021
2982
3014
3000
2895
3004
3006
2232
2977
1191
2938
2981
2976
3004
3003
3001
2947
3028
3022
2976
1863
3004
3001
3029
2833
2987
2996
2969
2988
3006
2987
2348
2965
3021
2991
2963
3051
2797
2995
3002
3069
1686
2980
3002
3016
2987
3003
3004
3012
2766
2981
2736
2968
2908
2989
3032
2964
3039
3009
2757
2005
3009
2992
2998
3017
2368
2993
3003
2942
2980
2977
2986
497
150
2980
3012
2984
2994
2910
2977
2961
2998
2978
3020
3080
3014
2992
2989
1126
3006
2998
2991
2997
3071
2289
3008
3002
2999
3005
3029
2983
2995
3031
3017
3022
2996
3017
3019
2977
2961
2919
2987
2997
3022
3012
2974
3000
3085
3004
202
159
762
2953
2995
3008
3005
3005
2958
2996
3017
3006
3003
3072
2957
3005
2976
2942
3007
2987
2990
2949
2994
3009
3000
3006
2998
2948
3007
3001
2980
2967
2871
2140
2576
2976
971
1905
3004
2962
2901
2994
2991
2986
2981
3024
2968
3021
3017
3013
2962
2982
2964
3026
2971
3005
2980
2989
177
2798
2993
2984
3030
940
2987
3018
3037
2999
2009
3000
2984
3027
2988
3033
2969
3036
2956
3045
3005
2979
318
2923
2986
2971
2984
2978
1897
2983
3000
1415
1108
2981
3001
2992
2955
3013
3005
2982
2989
2972
2966
2968
2993
3008
2991
2991
2719
2986
2996
3003
3041
2046
2940
2991
3035
2938
2975
2999
3005
2997
2997
3012
2978
