3001
3029
3008
3041
3072
3034
2944
3031
3048
520
3029
3056
1115
3039
3001
3015
3030
3034
3015
3041
3043
945
2991
3046
3046
3022
3045
3030
3031
3030
1574
3054
3059
1516
3017
3035
2858
2995
3014
3017
3038
3037
3052
3088
2972
2973
3063
3045
3041
2878
3017
3008
3066
3040
3017
2983
3049
3031
1961
3030
238
3040
3043
2717
3066
3056
1922
3014
3028
3026
3042
3020
3041
3055
844
3006
2560
3026
3026
3029
3055
3036
3021
3046
3002
3012
2982
871
3021
3075
2965
3041
2681
2989
3019
1366
3028
3013
3029
3038
3049
2975
1539
1520
3014
3008
3135
3016
3057
1257
3072
3086
3026
3004
3049
3036
3004
3021
3057
3038
3047
2959
3032
3052
1376
3030
3052
3006
3009
2369
2897
3041
3014
3019
3005
3011
3031
3104
3057
3054
3037
3050
2523
3089
3043
3028
2950
3006
3049
3109
3014
3042
3014
2604
2991
3014
2598
2232
2738
1538
2987
3044
3009
3015
496
2982
2905
3030
3007
1056
3038
3046
3090
3052
3052
3030
3041
3036
3022
3053
3011
3043
3019
2299
2989
3030
2962
3046
3020
3020
3038
3046
2975
3018
3047
2467
3052
3035
3013
3045
3055
2961
3055
2992
2540
3058
2999
2096
3005
2371
3035
3054
3052
3057
3047
3032
3023
3038
3062
750
3030
3004
3068
2846
3040
3034
3012
3060
3028
837
3039
230
3023
3049
3056
2996
3039
3036
3054
3042
2813
3058
2744
3019
3032
3021
3050
3003
3027
2515
3009
3039
3043
3033
852
3044
2968
163
3022
3046
3060
1309
3033
2890
3058
3048
3016
3031
3056
3058
3030
3057
2344
3040
3009
3055
3030
3037
3021
3063
2977
3059
3049
3034
3027
3053
3048
3024
3039
3041
3007
3013
3035
3038
3038
3054
3082
3016
3028
3118
3024
3071
3020
3069
3009
3017
2975
2997
3016
2961
3026
805
3035
3052
3001
3038
3039
3031
3005
3025
3008
3030
3064
2984
3016
3044
3008
263
3026
3031
3012
2991
3017
3011
3044
3031
3028
3031
960
3051
3041
3025
1348
3043
3031
3044
2815
3009
3009
2391
2990
3044
3034
3016
2980
3070
3051
3045
3010
3012
3038
3020
1119
3093
3000
2985
296
3053
3001
3015
3056
1669
3032
1415
3002
2920
2630
3064
3044
3027
3023
3028
3055
3041
2861
2951
2678
3011
3048
3011
205
3042
144
832
3029
3025
1231
3028
3064
3060
2165
3038
3020
3046
2993
2853
3035
3029
3010
3045
2887
3055
3010
3050
3029
3029
3026
3022
838
3000
3025
3029
3073
1847
3017
3044
3023
3045
3035
3032
3015
3047
3015
3056
3007
3023
3044
2970
3033
2970
2730
3060
3018
3000
230
3086
3046
3040
3009
2991
3008
3031
3046
3028
3027
3040
3070
3020
3050
3072
3036
2982
3060
2786
3074
3026
3032
3021
3042
2761
2866
418
3032
3050
2276
3070
2969
3052
3049
3042
1997
3026
3023
3011
3036
2991
3001
3003
3032
3039
3056
3049
3033
3031
3049
2999
3055
3050
3037
3046
3026
2946
3050
3052
281
3033
3053
3003
3009
3043
128
2991
3025
3051
1201
3025
3050
3026
3033
1848
2139
3025
383
3021
3041
2999
2461
3041
3030
3054
3036
3026
3051
1874
3051
3032
3046
3058
3067
3049
3013
3019
228
3026
3051
3057
3027
3042
3028
3040
3015
3030
1505
3028
1195
2983
3011
3007
1523
3020
3050
3040
3044
538
3002
3039
3019
3020
3028
3040
1677
2065
2255
3039
2994
3036
3006
3018
3052
3035
3049
241
3026
3036
3040
2709
2403
924
3056
3039
3023
3090
3040
3057
3023
275
2965
3004
3047
1438
459
3095
3038
3054
797
3038
913
3048
3063
3012
3036
3045
3068
3046
3015
3038
2984
102
2992
239
3015
3038
646
3057
3019
3001
3030
2967
3000
3025
3002
3055
3016
3032
3011
3041
3030
3023
3041
1346
3013
3048
2998
3026
3067
3033
3026
2989
432
2894
3045
3035
2994
3012
3057
3011
1389
2952
2970
286
2980
3025
2635
1850
3049
3048
2975
3044
3047
3055
3024
3042
3053
2998
3035
171
268
3045
3044
2957
2976
3025
3097
3045
3044
3000
2988
3040
3033
3036
3036
3032
3003
2990
3054
3043
3047
2636
2994
3034
3055
2368
3022
3049
3022
3019
3034
1365
3058
2869
3057
3020
3006
3042
3041
3037
401
3074
2456
2503
2991
3044
3034
1750
3034
959
3077
3049
3051
3020
2216
3032
3009
1717
3130
3055
2983
1319
3026
3032
3031
3037
3055
3019
3050
3014
3075
3034
3021
2984
3011
3035
3006
3047
3024
3060
3013
2609
2974
3049
3003
3018
2998
3017
3033
3031
3022
3043
3055
3025
3030
3032
3030
3043
2997
2906
3048
3005
3045
3029
2991
3042
3083
3023
3000
3037
2996
3038
3006
3025
3047
3070
2917
3023
2996
3057
3057
3041
3029
3044
3052
3045
2993
3005
3023
3041
104
3040
3011
3090
803
3001
430
3010
3030
3024
3030
3041
2973
3041
3013
3027
3053
3044
2946
3014
3075
3051
3034
3018
2980
3028
3044
3038
3020
3028
3048
3033
2996
3052
3048
3041
3060
182
3065
3080
3051
3031
2298
3017
1752
3013
3041
2936
2923
3046
3041
3021
3036
3058
3038
3042
3016
3026
3043
3033
3055
3019
3024
3082
3035
3001
3023
3059
3030
3053
3063
3002
3004
1867
3045
3034
2982
3020
3027
3030
2816
3015
3030
3045
3028
3026
3004
3056
3012
3007
3038
2371
2810
3027
2981
3037
3077
2905
3078
3028
3052
3026
3025
3033
3061
2315
3024
3003
2997
3044
3036
2022
3054
3005
3055
3049
3039
3024
3262
3028
3073
3031
3006
2326
3043
2987
3060
3010
3034
3056
3001
3026
3028
3006
3070
3011
3030
2963
3038
2599
774
3046
3001
3061
3026
3023
3026
2960
3049
2896
3011
3052
3048
2004
295
3034
3020
3038
3032
3067
3037
3042
3056
3007
3044
3076
3066
2975
3031
3066
1336
3068
3005
3008
2861
3064
3023
3033
3011
3045
3031
3072
3057
3019
3031
3001
2851
897
3008
2966
3030
3009
214
3053
3053
3054
2935
3080
3032
3031
3021
3036
3035
3025
3052
3023
847
2999
3012
3072
3060
3049
2990
2987
3058
3000
3031
3053
3004
457
3035
3035
3017
3067
3043
3070
3044
3026
2997
3004
3018
3057
2975
3032
3032
3027
3010
2945
3035
3050
3011
3056
2957
3036
2992
3047
3042
1578
3014
3053
3008
3009
2989
3024
3008
3036
3031
858
3053
3087
2969
2990
3112
2988
3050
3008
3076
3052
3047
895
3026
3021
3040
3037
3047
3049
3073
3020
2967
3021
3034
3044
2876
3029
2666
3009
3048
1486
3029
3010
3050
3046
3053
2982
3036
3047
3071
3031
3042
3032
3051
3025
2911
3071
3021
3034
3013
3034
3044
3028
3050
3025
2999
2980
744
3023
731
2458
3007
3030
3040
3037
3023
3065
3035
3056
1148
2999
2931
3038
3033
3013
464
3025
3041
2238
3009
3043
2953
3068
3051
3030
2967
2996
2986
3030
2998
3073
3026
3019
2755
3036
3016
3042
3039
3096
3008
3063
3030
3057
3044
3036
3055
1011
3016
3010
3038
3057
2859
3035
3006
472
3048
3019
3004
2218
3023
3041
2951
3007
3028
2937
3004
155
3088
3036
2716
3035
3037
3016
3069
712
2762
3117
3039
2983
3002
3043
3005
3058
1273
2999
2989
3040
3020
3033
318
3050
3007
3027
3068
3034
1360
3002
3031
3022
3050
3028
3056
949
2980
3016
3021
3043
2990
3003
3069
3054
184
3053
3058
3041
3085
3017
3104
3064
3056
3051
3033
3100
2998
3069
3029
3042
2975
3015
3005
3014
3048
2993
3028
3023
3039
3062
3027
3110
3068
2991
3053
3041
2324
3014
3057
547
247
2629
2998
3018
2985
3031
2920
3069
3062
2995
3018
3027
3029
3010
3008
3050
3029
3092
3020
3065
3028
2996
3027
1455
3030
3062
3074
2969
3038
3062
2995
2656
3021
3040
3037
3073
2927
916
3036
3010
3008
3065
812
3053
3032
130
3073
1167
3018
3026
3049
3033
1596
670
3056
3017
3060
845
434
3032
2998
3048
3037
3017
2786
3036
3024
3069
3039
3068
3040
3036
3049
3023
2984
3047
3044
3024
3026
3075
3029
3004
3028
2081
3078
3115
3070
3091
311
3038
3011
3026
3032
3003
3050
3064
2763
627
3073
3056
3062
725
3030
2957
3027
3008
3015
2989
3031
3040
3013
3014
3040
3068
3054
2977
3042
2968
3023
3058
3067
2996
3034
2978
3007
1682
3057
2990
2976
3022
3053
3083
3023
2727
3053
3009
3004
3048
3004
1768
3061
3049
3057
3059
3007
3020
3001
3011
3057
3112
3027
1456
3033
3024
3036
2822
1494
3021
1578
2951
1342
2534
3010
3037
3018
3049
3034
3021
3049
3045
3005
2251
3036
3026
3013
2569
3071
3068
3056
207
3008
3025
3046
3010
3019
3038
3046
3033
3040
3027
3046
3008
3013
3046
3047
3017
3040
479
3003
3015
3033
3040
3034
3023
3018
3036
2612
3034
3020
3055
3029
3027
3032
3012
3025
2988
1688
3033
3016
2994
3048
3046
2997
144
3050
3023
307
3096
3033
3059
3024
3053
3019
3037
3050
3048
3053
3006
3022
3011
2995
2984
3007
3040
3050
3009
3049
3041
3064
3020
3043
2679
3039
3031
3004
3025
3024
3035
2811
3058
3024
3004
3071
3054
3052
3023
3063
3047
3027
2974
591
2914
3028
3057
2314
3040
3019
3062
3038
3056
3063
3017
3021
3031
191
3021
3006
3066
2990
3024
2882
3000
3000
3037
3066
1023
3024
2891
3010
2610
3019
3056
3041
3052
3019
3027
3030
3011
3025
2999
2998
3046
3019
3041
3028
2945
3069
2894
3027
3012
2578
3078
3067
3027
3019
3047
3040
1569
3043
3019
3049
3062
1155
3000
3058
3060
3023
3034
3031
3018
3010
2997
2986
3033
3032
3006
2997
2105
3032
937
3025
3058
3036
2609
3038
2867
3020
2826
3017
3047
3031
3060
1710
3031
3086
3104
2989
2981
2997
3055
3014
3003
3045
864
2957
3034
3035
1109
3032
3021
2946
2331
3043
937
3030
2891
3066
2982
3027
3024
3057
3003
3025
3042
3046
3069
3012
3031
3053
3084
981
3033
2073
2978
3043
3032
3047
3035
3119
3051
3026
3047
3014
3009
3053
3020
3023
3028
2987
221
2727
3064
3113
1640
3028
3031
3045
1991
3041
3024
3052
3006
3020
3017
3042
3016
179
3001
3049
3038
3014
2983
3023
2954
3063
3026
3057
3046
3015
2226
3104
3020
2997
3058
2994
3052
3026
2701
3056
3048
823
3031
3017
994
1443
3010
3037
2994
3062
2992
3061
3039
2998
3066
2973
3142
144
1858
2427
258
3027
3032
3036
1073
3000
3066
1361
3017
3037
3024
3045
3049
3046
3037
3061
3015
3016
3020
2039
3044
3015
3038
3022
3068
3113
3025
263
2855
3026
3053
3032
334
3011
3113
3048
3043
3114
3031
3076
3069
2896
3033
3041
3004
3044
3019
3041
3044
3059
3035
333
2998
3033
3036
3049
2850
3038
2821
3027
2807
720
3017
2359
3033
3038
3068
3068
3053
3034
3005
3055
776
3034
558
3060
3033
3047
2994
3059
3005
2990
3010
3033
3026
3028
3026
3044
3024
3077
3076
1818
3010
3061
3019
2367
3040
3025
3030
3044
3069
3052
3037
3040
2984
2976
3054
3013
3037
3038
3058
3037
3038
3014
2951
3015
3032
3018
3009
2985
2995
3060
3032
2401
3034
1824
3024
3060
885
2999
3035
2716
3056
2965
3024
3025
2992
3024
3049
441
3028
3047
3042
3027
3036
3030
2962
1651
3032
3031
3005
3011
3031
3009
3006
2955
2970
3053
3023
3025
3041
3038
686
3028
3048
3042
3027
3028
2974
3043
3026
3033
2994
3010
3068
3033
1484
3016
3046
3091
172
3018
3024
3053
2961
3047
368
3000
881
3033
3019
3015
2663
3065
3051
3033
3023
851
3046
3031
3021
3050
3043
3047
3046
3045
3035
3045
3047
3047
3021
3008
2999
2962
3062
3028
3054
3016
3006
577
2997
3017
2833
187
3078
3032
985
3024
3041
2995
3039
2840
3004
3066
3040
3011
3021
3032
2998
3034
3060
202
3038
3030
3061
3081
3049
1230
3003
2987
3035
2806
2944
3010
1218
3008
3072
108
3025
1937
3028
2986
2978
3036
3046
3029
3039
3038
3050
3027
3039
3044
244
3070
3065
3057
3050
2819
3051
3053
2948
3034
1109
1227
2648
3071
3053
3050
382
3048
3032
3032
3004
3022
2933
3060
883
1874
3036
3027
3048
3031
3004
698
3044
3015
3035
2985
3003
3031
3048
3088
3048
3058
3057
1448
314
3058
213
3022
3024
2991
3066
2846
3024
1760
3065
2949
3030
3075
3251
2903
3027
3051
2964
2986
2947
3053
1038
3057
3014
3030
3018
3049
3069
3067
3043
2689
3051
3017
3058
3008
3027
3013
3018
3025
3033
3030
3000
2416
3021
1040
2933
3020
2943
3060
3010
3033
227
3013
3060
2768
2938
3011
2499
2970
3053
3012
3047
3050
3017
3067
3069
3040
3008
3019
3052
3040
2999
867
3053
3045
3047
2734
2988
628
3019
3035
3046
3023
3035
3019
3028
3007
1829
2623
2986
2997
739
3050
3033
3024
3024
3014
2877
3037
3070
1665
3005
3058
2947
3028
2996
3040
3054
3056
3049
3048
3027
2997
3009
1974
2995
3031
2164
3002
3046
3029
3019
2150
458
3025
3059
3038
3012
2783
3031
3034
3033
364
3065
3046
3025
3064
2537
2996
3036
3033
3068
3035
3018
2943
3040
3052
3042
2461
3011
3050
2794
3053
142
1880
3020
3051
3037
3037
3033
3046
3034
3035
3038
3030
3017
3044
3027
3042
3028
3049
3036
3030
2313
3028
3032
3004
3004
505
2987
3016
3029
3041
2009
3075
3031
1134
3015
3002
3001
3058
3023
3007
1907
3039
3070
3009
3012
2991
3053
2996
3059
3048
3043
3022
2939
1222
3048
3018
3022
3032
3024
3030
3019
1168
3058
3046
3020
3002
3022
3014
3046
3040
1205
3015
3039
3038
2397
2692
135
3049
2865
3035
3029
3061
2955
3058
2902
3034
3039
3020
3046
3019
3056
3010
3024
2927
3026
3058
3013
3027
3016
3125
3008
3039
3126
3067
846
1569
3027
3010
2966
959
2978
3010
3018
3036
3046
3057
126
2171
108
3038
3078
2976
3043
3063
2998
3026
3010
3050
3054
3035
3075
3034
361
3043
147
2225
121
3058
2999
3039
3004
3042
3036
2981
3027
3065
2987
2954
2831
2755
2992
3022
2995
3053
2992
3022
3047
1312
3031
3026
2963
2997
3046
252
3041
1051
3023
2895
2989
3062
3029
3063
3039
3007
1189
2311
3026
3010
3013
3046
3043
3042
1857
3049
1159
3032
3011
3012
3003
2008
2975
3034
3041
3024
3010
3054
3016
3018
3056
3025
2980
3011
3048
1266
3073
1689
3027
3027
849
2777
3001
3012
3027
2974
3033
3066
2789
3039
3018
2990
3031
1532
3012
3021
3036
3113
3027
3029
3013
3019
3035
3001
3000
3006
1924
2979
3029
1385
3046
3023
2978
3037
2168
1805
3024
3069
3011
3052
3045
3010
1087
3029
2383
3030
3045
3000
3046
3029
3033
3058
3043
2997
3037
3077
3004
320
3046
3052
3054
3051
3034
3027
3014
3027
2078
3026
2970
3046
3055
3052
3018
3045
3040
3008
3062
3055
2945
2994
3038
3059
3043
3041
3037
3053
3019
435
3038
3030
3051
2959
3068
1252
3023
3007
2987
2533
3035
3024
2990
3012
3062
2976
1640
3086
3016
346
3025
2976
3005
3078
3038
3027
3015
2950
3022
3017
1264
3006
2982
3022
3049
3033
1624
3032
3023
3028
2960
3045
3017
3031
3048
3046
3048
3047
3072
3018
3079
3036
287
3024
2033
3014
2770
3073
2992
3093
3028
3027
3043
3005
3042
2979
3032
3049
2961
3059
3059
3033
3025
3055
2998
2968
3057
3037
3064
3044
2989
3038
3029
3047
3042
3049
2216
3059
2925
3065
715
3047
3049
3001
3062
3009
3052
932
3043
2858
3037
2875
2985
3073
3025
3017
2266
384
2860
354
1108
3049
3067
3009
3027
215
3037
3060
3039
3049
3067
2361
3047
1738
2710
3022
3039
2981
265
3053
3048
3031
3054
3013
1083
3028
3031
3100
3052
3063
3039
3036
3034
3066
3010
3013
2915
3035
2151
3040
3072
3032
3019
3049
3023
3040
3027
3034
3029
3024
2986
3012
3037
3039
3056
2822
3022
3014
1077
3037
2883
3027
3014
1087
3027
3027
3054
3022
2962
2957
3050
2335
1735
714
3036
3026
3048
3039
3014
3056
3025
3038
3043
3050
111
3032
3019
3049
743
2976
3124
2961
3020
3037
3022
2858
3019
3025
3048
3053
3041
3039
3042
3024
521
3048
3022
1269
3048
2759
3067
3004
3061
3045
3004
3045
3017
624
3042
3054
3029
3084
1048
2496
3076
3033
3038
3028
3009
3052
3047
3012
3044
3042
3033
3000
3012
3022
751
3039
3007
3038
3007
3065
3078
2997
3045
3024
2606
3048
3036
404
1976
3037
3036
2974
2994
3056
3028
1729
2542
3023
3028
3011
3027
3027
3041
2703
3035
2988
3020
3009
3031
3002
3034
3055
3026
3056
3069
3069
2970
3267
3014
3019
3034
3007
3036
3025
374
3021
3010
3044
3033
3017
3031
3035
3000
3010
3042
3018
3037
315
3032
3052
3062
3011
3029
3046
1570
3054
3027
3019
3047
3078
3027
3028
3031
3046
341
3039
3102
2986
3063
3044
3091
3048
3035
3051
2420
1541
3050
3047
3061
3022
3041
3081
3052
3042
1057
162
2917
3042
3043
3106
3031
506
3044
342
3058
3014
2985
3052
3050
3043
2535
3028
3026
3067
3039
3016
3051
2683
3000
3063
3016
290
3051
3077
2977
2989
189
3022
3004
3012
3001
3064
957
3024
2307
2990
1786
3051
3027
3032
3030
3076
3078
3063
3041
2988
3047
3042
3014
3011
3039
3067
3234
3029
3011
3116
3051
3021
3015
3062
2993
3014
3016
3064
3064
3040
3126
3018
3005
3027
3025
3035
3074
235
3027
2846
3048
3026
3022
3056
3021
3113
3035
3041
3024
3022
3055
3001
1525
3039
3021
3039
3053
3040
3045
3061
3016
3037
3030
3042
2991
3054
3015
2919
3033
3025
3050
3040
3073
3039
3019
3027
3054
2988
3066
3044
168
3051
2999
3018
3092
3032
3038
3056
3004
3035
3002
3038
3044
2887
3041
2991
2270
388
3040
3040
3019
3032
3014
2128
3041
3093
3053
3015
3063
2983
3029
3076
3023
998
3044
3032
3031
2989
3054
3067
293
3043
3047
3011
2998
3029
2820
3036
3125
3054
3057
3045
3030
3078
3079
2867
1019
3013
263
3026
3016
3044
3008
3032
3021
3048
3032
3015
3030
3033
3049
2474
2975
3027
3041
3025
3044
3032
618
3052
3050
324
2841
3060
3045
3051
1602
1976
3080
3026
3040
1517
3019
2979
2808
3079
3024
2831
3042
3050
3102
3007
3047
2974
109
3060
3039
2999
3048
3014
3017
3024
3051
2987
3062
986
3010
2994
3010
3046
3017
3022
3017
2852
3053
3053
2776
3044
3011
3042
3035
2996
3037
3053
3033
3023
1291
3020
2464
3002
3048
1355
3048
3059
3039
3052
2280
3004
2999
2938
3009
3050
1848
1906
3040
2747
2991
3047
3032
3057
3050
2933
3027
3042
3044
781
3016
3022
3002
2577
3010
2152
922
3042
3018
3025
3026
1100
3049
2928
3038
3058
3037
1728
3012
3030
3033
3044
2981
3035
3014
3033
3015
3029
3080
2897
3040
3103
3064
3047
3109
238
3020
3053
3006
3027
3073
3056
2981
2548
3052
3047
3060
2989
3036
3042
2965
3014
3039
351
3128
3047
3031
2660
3014
3036
3047
3029
3040
3062
3051
3047
3045
3007
3064
3066
2922
3013
3021
3051
3050
3034
3040
3023
176
3017
1837
2997
573
3030
3043
3052
1541
3019
3042
3045
3043
3027
3031
3022
2454
1989
3026
3036
3105
3027
2978
3020
3081
3052
3136
3036
3010
3025
3031
2982
3013
3086
3027
181
3019
3017
3022
3071
3046
3025
2979
3067
3007
2827
2993
3045
2988
3042
3023
2978
3006
3011
2979
3032
3050
3027
2994
1262
3009
3028
3001
2958
3063
2989
3039
3009
3046
2460
2377
2956
3016
3002
3062
3002
3024
3012
3064
3012
3056
3048
2938
3028
3021
3041
3007
1733
3042
3049
3013
1948
3043
2150
3049
3038
3048
3051
3069
3047
3077
600
3020
3042
3113
3040
3057
3008
3044
2996
3019
464
2463
3064
3073
3034
3057
3044
3029
2967
2942
808
3060
3097
3017
3036
3069
2980
3044
2493
3031
3066
1682
1694
3064
3048
3014
3012
3051
3009
3022
3002
3038
3073
3082
3056
2935
2903
3045
2969
3028
1679
1264
3072
3037
2999
3032
3055
3033
3026
3034
1840
3037
3041
3057
3021
3049
1565
3039
2886
3037
2033
2943
3014
3053
2951
3054
2711
3018
2988
1408
3027
3066
2137
2856
3012
3036
3057
3014
3040
3037
3028
3005
3058
3020
3026
3034
3028
3017
3006
3018
3049
3041
3023
3056
3032
3045
1311
3031
3026
3036
2509
3034
2498
3072
3015
3030
3016
3029
3019
3032
3049
3032
140
2720
3010
3068
3064
2962
3021
3030
3049
3011
452
3006
3043
3055
3044
3034
3050
3027
3016
3030
2993
3034
3025
3024
2933
3020
3028
3095
3034
3054
3051
508
3068
3032
3057
3048
399
2854
3040
3041
3079
3034
3044
3021
3053
3115
2970
3037
3031
3026
3040
3039
3028
604
3032
2769
3015
3029
3045
1388
3010
3067
3010
2889
3019
3037
2998
3024
2649
2778
3044
3033
517
3016
3043
3077
3012
3033
1934
3034
3049
3050
3013
1975
3021
3044
3052
2944
3057
3033
3066
3003
3265
3055
3019
3012
3054
253
3055
628
3042
3053
3052
3059
3001
3054
2993
3022
3003
3081
3062
3019
1426
3061
3046
3001
3056
2968
3026
3032
3035
3036
3063
2599
3049
3009
3020
3025
3035
3025
2143
1507
3021
3045
2398
3033
3061
3048
3028
3071
3039
3024
2991
3057
1655
3045
2970
3022
3017
1080
3044
3047
3061
546
3024
2898
2043
3011
2274
3056
1133
2990
3060
3023
3055
3016
3034
3003
1409
3034
3057
3006
2966
3014
3020
3084
3039
3063
3049
3078
3028
2995
2512
2733
1846
3076
3038
3117
3079
3060
3011
3049
2972
1743
3011
3048
3027
2968
3046
3051
3003
3051
3061
3023
704
3023
2999
3055
3037
3015
3069
3025
2931
3074
3043
2937
3041
3033
114
3050
3015
3015
3045
2639
3065
3054
3032
3022
2991
3030
3017
2621
3036
3042
2968
3013
2896
3005
3035
2942
1764
3002
3009
3023
2584
3041
2991
3035
3017
715
3052
3025
1369
2874
3099
3023
3054
3041
3043
3061
3020
3026
3046
2979
3058
3038
3059
3053
3031
3007
2986
3021
3029
3039
3053
3056
3113
1717
3040
3033
932
3021
3023
3035
3029
3012
3021
3018
3042
1931
3013
3001
1100
2959
3070
623
3020
3034
3064
2986
3034
1170
3035
3035
3047
3012
2991
3058
2299
3041
488
1772
2996
3016
3023
3014
3034
2981
3047
3029
3038
3016
3074
3014
3016
3058
109
3028
1671
3011
2605
3058
2989
3031
2919
3037
3049
3063
3031
3010
3040
3033
3029
3020
3073
3029
3041
3004
3040
3037
1077
3032
3070
3041
3044
3024
3005
3074
3021
3053
3043
3052
3051
3000
1985
3024
3041
3097
3047
3069
2421
3063
2804
2747
3101
3025
2495
3025
985
3018
3037
3062
2978
3024
3051
3029
2998
3065
3057
3056
204
3054
3066
3047
3070
2773
3066
3036
3053
3052
3012
3025
2994
3085
1089
3020
2989
3025
3064
3056
3118
2993
3048
3045
3057
3046
3055
3010
3042
3040
3034
3051
3009
3033
3025
3051
3037
3046
3009
3028
3056
3027
3024
3043
3047
3000
3046
1228
1869
2535
3093
3053
2999
3002
3014
3052
3061
3025
3030
3070
308
3064
3055
3034
2497
1977
3036
3077
3033
3033
3016
3039
3032
3023
2991
3053
3045
3060
3020
2992
3052
3009
3034
2782
3036
3005
3023
3004
2954
3043
157
3041
2698
3056
107
3061
3014
3045
3059
3029
3056
3037
3021
3047
3017
3041
2964
3027
628
3048
3062
3063
3030
2880
3035
3115
3074
126
3030
2980
3061
3019
3076
3053
3016
3112
2360
3044
3067
3007
3056
2957
2993
3006
3019
3005
3021
3024
3043
3055
259
2015
3062
838
3053
877
2404
3009
3070
3067
3037
3055
1646
2255
3008
3009
3045
3014
860
3048
3023
3049
3021
3037
2996
3019
2987
190
2989
3056
3048
3058
3001
3045
3022
3058
3067
3036
3060
3046
3056
2989
3043
3019
3034
3077
3016
3050
550
3001
515
3085
3045
2990
3031
3063
3030
2995
3048
3040
3024
3027
3030
2989
2884
1259
3073
3056
2976
3062
3045
3047
3045
3043
3012
3036
3035
2328
3048
3039
2827
1384
3058
3014
3032
3014
3048
3104
3044
3103
3027
2863
3059
1404
3024
3035
3008
3046
3032
3025
3029
203
3001
3005
3049
1324
3009
3055
3024
3065
3058
3011
224
3063
3005
3048
1543
3028
3248
3027
1509
587
3035
3032
3056
3011
3042
3039
3044
3065
3023
3026
3046
3050
3038
3020
3038
3034
1957
2926
3049
3051
3012
3045
3035
3031
3045
3056
3025
3012
3048
3025
3015
3042
1341
3054
3041
3043
266
3028
2608
3045
2172
3052
3060
3016
3014
3077
2982
3069
2968
2843
3027
2995
2210
3028
3037
3013
3022
815
3030
3040
341
2409
3034
3061
3073
3019
1355
3023
3042
3029
3068
3031
3017
3001
2955
2997
3023
127
908
2985
3009
1284
3034
3014
543
3055
853
3048
2319
3031
3062
3041
3015
3069
3080
1033
3070
3031
3109
1436
3029
3018
3026
3051
3020
3045
3038
3055
443
2991
3039
3021
2794
3041
3059
3074
3085
2869
127
3014
3000
2986
3045
3006
3042
3048
1395
3058
3045
3009
3038
3041
3032
3013
2934
3036
3025
3014
3005
3049
3033
3035
2752
3039
2690
3063
3053
2687
3030
2822
3046
3033
3052
994
3032
3034
2995
3072
3056
3025
3012
3105
3019
1769
3034
2027
3059
3005
3031
751
3019
3008
3070
2987
2163
3009
3021
3049
3055
3024
1249
3052
2978
3038
1563
3064
2957
3022
2897
3062
3031
726
3035
3014
487
3047
3014
3010
2992
3035
3016
3033
3046
3053
3046
3013
3061
2478
3058
2874
3064
3045
3040
3120
3026
3041
3051
3032
3027
2995
3037
3054
3055
3038
3065
3034
2973
1441
3029
3035
3004
3056
3064
3039
2889
3029
3033
141
3059
3025
3067
3026
3056
3079
3007
3036
3069
3049
3040
3014
3070
3039
3062
3036
2974
162
2992
2994
3059
487
131
2984
3011
3069
3032
3047
3019
3053
3072
2999
3035
3042
3059
3039
3029
3055
3048
3054
3045
2994
3009
3051
3030
3049
3030
2065
3077
3058
3042
3024
2994
3030
3012
3051
3035
3051
339
994
2610
3001
3026
3051
3058
3049
3052
3042
3030
660
3033
3047
3039
3053
3034
2979
169
3065
3039
3055
3061
3040
1403
3059
2818
1832
3017
3036
3126
3013
3078
3041
3067
3059
3018
3069
3028
3047
3045
944
3032
3002
2923
638
3003
3050
3032
3021
2508
3044
3060
3055
2574
1617
3011
3025
3120
3013
3046
3019
3023
1741
3004
3003
3070
3006
3045
3043
3028
3053
3109
3026
2921
3011
3022
3019
3074
2867
3041
3055
3014
3024
3037
269
3037
3021
3005
3055
3039
3041
3043
3046
3022
3052
3040
3034
3065
2034
3039
2730
2715
3037
3052
3051
2988
3026
3030
3006
3033
2994
199
3017
3048
3063
3029
3056
3070
3045
3074
3063
2987
2985
3061
3021
3013
3104
2999
3047
755
1667
3074
3055
3040
2960
839
3039
3070
3061
3022
3041
2992
2996
313
3028
3042
2985
3025
3017
3046
3039
3046
3047
3036
2998
2770
2008
3028
2076
3042
3049
3046
3117
3010
3047
2960
3023
3049
1466
3083
3027
3055
3045
3052
3042
2325
3010
3096
3020
3063
3056
3060
3045
2733
3039
437
3046
3041
3013
3041
3016
3041
3043
3041
3008
3010
3043
2100
3046
3008
3022
3044
2368
3016
3048
2986
2761
3045
121
3047
1284
3032
2999
2751
3020
2999
3030
3036
3019
3022
3036
3038
3006
3048
3041
3042
2301
3038
3019
701
1105
3045
3015
3009
3014
3113
3025
2602
3061
3046
3043
3039
2181
3033
3078
2901
3016
2575
3016
3028
3036
3053
3029
3029
725
3059
2996
3044
3052
3043
216
3034
1298
3035
3010
3137
3018
3032
3032
3020
3044
1395
3058
3043
697
2998
3038
3036
3039
2956
2655
3016
3049
197
3014
2942
3025
3029
3034
3033
3063
2272
3086
3024
3009
3062
3035
3052
3009
1074
3020
3018
3064
3009
3027
2936
3023
3022
3039
2952
2557
2779
3025
2997
3022
3067
3048
3026
3021
3016
601
3036
3005
3048
3031
3048
3013
3032
3059
2898
3031
3007
3018
3055
3066
3021
3006
3025
3022
3008
792
3018
3014
1833
3022
2984
3039
2991
2861
3012
3035
3020
2387
3042
3034
271
2171
3011
2998
3038
3034
3028
3045
1757
137
3028
908
3023
3042
3028
3029
3041
3044
402
3023
3053
3038
2997
838
2403
180
2944
3032
3039
3051
3042
3021
3048
3054
2987
3030
3042
3062
3004
3042
2985
3049
2079
3101
3035
2576
3067
634
3072
3030
3022
3067
3029
3025
3052
3005
3044
3038
3043
3009
3016
3045
3032
3063
285
3006
3022
3028
1272
3069
3048
3007
3029
3028
3030
3083
2858
3031
3029
3036
3030
3024
3038
3026
3011
2987
2065
3081
3063
473
1498
3059
3126
3017
2907
2995
3030
3012
3023
3045
3103
3036
3028
3057
3028
3044
2650
3031
3048
3073
3031
3008
3055
3049
3023
3041
3038
3046
3093
3039
3041
2989
3019
427
3045
3049
3069
3024
3037
3055
2997
2714
3016
3042
3044
2827
3025
3037
2822
3076
3000
3054
3049
3021
3041
259
3041
3037
289
1555
3007
3092
948
3029
3017
3043
3039
2996
3075
3055
3074
2941
3026
3039
3021
2939
2971
3057
3053
3069
3043
3012
3016
3043
3002
3055
3011
3021
3045
3059
3013
3030
3041
3009
3059
3063
3030
2998
2993
2998
3068
3002
3028
3020
3006
3059
2973
2992
2999
2770
3010
2835
3029
2989
3046
3033
3035
2992
2873
2995
3047
3051
2803
2992
3022
3049
3041
3038
105
3049
1887
2562
2869
3026
2983
2871
3073
3011
3089
3028
3061
2990
3026
3058
3020
3042
3003
285
1528
1762
3050
3042
3065
2929
333
218
3031
3091
3065
3036
3041
188
3051
3017
3027
3015
499
3029
3026
2999
3017
3052
3021
3075
3062
3025
3042
2999
2998
3004
3007
3057
3057
2990
2981
3118
3043
3040
3070
3053
3025
3042
3005
3016
2725
3040
2619
3037
1712
3039
3052
3049
3006
3041
3039
1489
3077
3040
3000
3018
2981
3036
3049
2997
3004
3049
3027
3005
2897
2964
2047
2993
3022
2985
3031
3056
3060
3036
3021
3031
3035
3058
3015
2948
3053
3038
3071
3045
3009
3012
3045
3029
3019
3062
1679
3041
2987
3005
2891
3005
3085
3072
235
3032
570
2670
3029
3043
3045
3013
3004
3047
3051
3093
3059
2794
2951
3053
3059
3042
3040
3045
3037
2494
3029
2991
3047
3031
1480
3026
3047
3109
1444
3046
3062
3053
3010
3024
3019
123
3067
3046
3022
3012
3011
3024
3013
3041
3119
3063
3050
3012
3003
458
3042
2999
3031
3038
3059
3035
3030
3037
3028
2399
3025
3008
3040
3034
3045
3090
2999
632
3022
578
3040
3001
988
3008
2972
3048
3033
3017
2995
3078
2898
3060
3015
3023
3034
3030
3041
3045
3050
3015
3060
2504
2985
3053
3037
2991
3043
1488
3049
3061
3050
3046
3028
3051
3127
2980
3013
3059
3043
3051
840
3018
3024
3032
3055
3027
3023
3042
789
1787
3055
2955
3018
3068
3030
3041
3049
1979
3063
2892
3063
3037
3044
737
3016
3073
3042
3010
3024
3028
136
3035
3028
3057
2672
182
1093
2991
3028
3052
3058
3025
3033
2922
3047
3064
2976
3053
3113
3022
3033
3029
3055
3060
3061
3018
2999
3031
2568
3016
3012
226
2972
3037
2987
3024
3046
3037
3032
3052
3033
3001
3015
3033
3039
3025
3033
3038
3053
1802
3052
3057
3010
3047
3041
2844
2079
2979
3032
626
132
3035
3002
3072
289
3037
3040
3016
3018
3026
2718
1212
1218
3014
3037
3058
3047
3051
1705
3036
3039
3012
3053
3024
3034
2975
3053
3057
1125
3009
2057
3059
1005
3022
3033
2021
3007
3039
3058
3039
3046
3022
3030
3060
3036
3051
2959
2848
129
3041
3030
3042
2154
3036
3021
3002
3031
3061
3043
3038
2418
3031
3025
3111
3031
3048
2970
3063
110
3046
3045
2996
3054
493
3071
3021
3045
243
2078
3012
3022
3071
3007
3017
3066
3017
3024
944
2911
3038
3022
3011
1220
3041
3037
3044
3035
3052
3045
3058
3028
3045
3017
3019
3032
3041
2988
3028
3052
3015
3043
3083
2976
3048
2993
3022
1025
3027
3025
2988
2892
3015
3036
3000
3029
3044
3029
3056
3025
3051
3005
3019
3025
2982
3056
2989
3037
3065
3080
862
3047
3118
3050
3059
3041
1827
3034
3024
3037
3048
3017
3035
3032
3056
3060
3063
3027
3027
3019
3038
3060
3030
3033
1108
3025
3072
3013
3020
2985
3039
3050
3057
3002
3042
2944
982
3036
2875
1272
3034
3067
2980
1518
3018
2965
3010
498
3034
3025
3014
3033
1802
3071
2408
3015
3023
3062
3063
3049
3047
3047
2986
3017
3022
2713
3008
3055
1123
3057
3060
3044
3050
3036
3039
3042
3014
3014
3024
3035
3019
3004
3027
3009
3043
3033
3039
3047
3023
3027
2907
1421
3032
2963
3006
3017
583
3048
3045
3031
3021
3024
3029
3037
3009
3021
3051
3061
3045
3020
3063
2829
3058
3028
3034
3051
1586
3015
3040
3040
3031
3044
3118
3015
3041
2979
3017
3023
3042
3005
2960
3005
3019
3018
172
2332
3031
3012
854
3026
3026
3047
2862
1357
2873
3030
2972
3051
3044
3029
2986
2983
3011
3005
2098
282
3040
3062
3024
243
3066
3013
339
3038
2130
3044
2989
2640
3046
3012
3008
1983
3023
3043
3054
3031
3002
3019
3045
2987
3055
3060
3038
2975
3063
3030
3042
3038
1371
3040
3037
3085
2748
3050
3048
3082
3047
3027
3023
3044
3025
3138
3029
3014
2956
3016
2183
3025
2958
3039
2986
3017
3016
3020
3041
3096
3051
3044
3099
3080
3050
3041
2980
2960
3059
3040
3002
140
551
3049
3037
2880
3025
3023
3040
3057
3133
3026
3028
224
2884
3036
3036
3040
3013
977
3067
3039
3061
3043
3045
3041
3053
3020
3017
3060
3033
3027
3045
2042
2963
3029
3062
3075
3028
3020
3028
3029
3038
3044
3068
3005
3030
3047
3025
2902
2933
3055
2147
3022
2683
2945
3023
176
3028
3024
3036
3059
3034
3053
3066
3024
3048
2999
3048
2992
2990
3062
3050
3072
3022
2391
3039
3061
3065
3022
2974
2492
2423
3050
3025
3028
3079
3036
3046
3017
3050
2513
725
3005
3045
802
3049
3026
3030
3042
3015
3016
3019
3026
2469
3052
3077
3014
522
3023
3048
2890
3054
3053
3054
3040
3003
3051
3025
3029
2990
3008
3062
3005
1834
3044
3011
2987
3057
3028
2876
596
382
3023
3030
3080
3055
3056
3036
3040
3047
3031
3068
3045
2933
1696
2797
3038
3018
3029
3058
3010
973
904
3038
2938
3022
3017
3059
3003
3006
2975
3043
3005
3002
2109
2998
3055
3050
2991
3015
3048
3028
3021
3054
3011
2517
3017
3046
3001
3041
3051
3002
562
3056
3050
3050
3014
3013
3057
3042
3040
3014
3036
153
3047
3017
3042
1137
3058
3046
956
3046
3022
3021
3044
2676
3027
163
3031
3029
3048
3265
3046
3025
3015
3029
2938
3032
3012
114
3033
1873
3041
2978
3047
3018
3037
3044
3046
3049
2990
3045
3049
3026
3064
3035
3039
3061
3043
2291
3010
3044
3041
3035
2950
3044
3058
3045
1063
3018
3105
3005
2942
3059
3017
3035
517
2945
3019
2613
3087
3052
2917
2422
2949
3036
3039
2119
3037
3049
3070
3045
3027
994
3027
3041
2923
3059
3060
2270
3034
2806
3047
3000
3033
3037
914
2952
3041
3021
3008
3031
2984
3047
3016
136
3015
3041
2318
3047
3118
3029
2988
3055
3026
3008
1354
3040
3049
2241
3027
3062
3041
3033
1028
3031
3037
3014
1562
3034
3052
3048
2968
3026
3014
3022
3048
3140
2961
3068
3036
2921
2976
3007
2289
3036
1009
3024
3041
2192
3019
3063
3018
2720
1509
3037
3051
3052
2956
3044
3006
3014
3008
2958
2995
3041
3058
3041
3022
3011
3051
2991
3039
3063
2985
3051
3040
2731
3032
3014
550
3040
3044
3023
3060
3073
3049
2974
3041
2907
3015
3049
3050
2978
3039
3037
2666
3064
3014
3038
3033
2567
3042
3041
3053
3056
3055
3041
3019
2975
3021
3065
2998
3092
3048
3014
3041
3052
3014
3030
2576
3056
2993
3036
3045
3024
3053
2897
3021
3021
3044
3007
3017
3060
2993
3032
505
3015
143
3063
3048
3006
3060
2973
2964
3026
3003
3029
3111
724
3062
872
716
3046
3003
3044
3042
3065
3075
2998
3050
577
3021
3031
3017
3058
2980
2974
3092
3049
3002
3026
1276
2970
3039
3045
3046
3049
2714
3024
925
3022
3023
1311
3037
2343
3029
2983
3056
2996
1264
3058
2997
3026
3053
3072
107
3033
3020
3038
3250
3004
3010
3040
3046
3011
719
481
2091
3059
2585
2996
3069
3051
3027
3048
3041
3001
3045
2908
2998
3029
3049
3035
2993
2967
3066
3007
2893
1915
1784
3032
3081
3052
2980
3076
3058
3053
3033
3054
3011
3054
3036
2995
3026
3051
932
3041
3031
3013
3056
2998
3021
3040
3031
3044
3050
3063
3026
2946
3018
3027
3063
2998
3003
872
3006
3052
2027
3020
3037
1598
3036
3052
3046
3030
2989
3024
3052
3034
3042
3036
3079
3003
3037
3001
3009
2874
3023
2998
3027
3011
2929
2967
3041
3034
3039
3027
581
3045
3065
3036
932
3012
2991
3004
2559
374
2993
3027
3108
3009
2985
537
3056
3037
3052
3033
3037
3030
3063
2965
3047
3061
2939
3016
3052
3019
3048
3091
3054
2998
3022
2995
3038
3059
3049
3053
3045
3068
3053
3044
3040
3036
2936
3075
3052
3039
3054
3060
2978
3024
3053
3041
3043
3042
3051
3026
3048
3048
3044
3089
3026
3026
3019
3064
3011
2991
3055
3054
3054
2981
3011
3029
3033
190
3042
2959
3054
3024
3040
3051
3027
2994
1837
3050
3055
3035
3007
3043
3048
2411
3016
3030
3052
620
2500
3042
3031
2046
3043
3027
3048
3057
246
2997
3054
3039
3108
3012
3018
3053
3039
3020
2952
3044
3032
3020
3008
3022
3052
3002
3030
3038
3048
3036
3118
903
3040
2968
3032
1384
2989
3011
362
3077
3057
2992
3050
3018
3005
3009
522
3056
3052
3023
3024
3046
3057
3020
3130
3117
3046
3066
3006
3022
3035
3035
3036
2743
3053
3038
2998
3025
2990
3028
3000
3001
3048
3008
3050
3040
261
3027
3011
3040
3043
3048
3043
3034
3034
850
3049
3017
3047
3000
3003
3067
3064
3059
3067
3027
3017
3017
1531
3081
3050
3029
2436
3049
3000
2966
2570
3042
3039
3037
3012
3010
3037
1147
3025
2922
3002
3060
3040
3017
2968
3035
3039
3036
2985
3035
3039
3019
3044
3033
3031
3062
3023
3044
3056
2982
1074
2586
3024
3071
2977
2964
3017
3051
3048
2092
3040
3010
3028
3075
3049
2976
3043
3061
3030
3039
3029
3032
3055
3021
2982
3026
3031
3018
2499
3050
3050
419
2994
3053
3044
3043
3026
3032
3038
3061
3007
2997
3029
3029
3029
3034
3019
2976
3044
3025
3047
3032
3062
3005
3048
925
3047
3065
3112
1124
3026
3016
3067
3073
3036
3040
1307
3011
2942
3019
2689
2644
3039
3030
3047
3031
3099
3021
3077
3087
3027
3049
3105
2930
3058
3043
3049
3054
3022
3012
3030
3051
3051
3062
3045
2996
3051
3051
3031
3019
3040
3030
2950
3039
2996
3061
3010
3063
1920
3003
3030
2990
3044
1361
3066
3041
3062
3027
3019
3037
3037
427
3029
3058
3010
3028
3093
409
3066
3004
3045
3040
2905
2929
3034
3031
3023
3036
3015
3027
3047
3027
3026
3086
3023
3040
3030
3012
3055
3016
3008
3063
3020
1275
3053
2962
312
2984
3058
3013
3029
3028
3069
3010
3037
2976
2995
3025
3023
3029
913
3047
3043
3002
2993
3062
2988
2793
2996
3027
2911
797
3016
1456
3052
3018
3056
3008
3021
3008
3005
3043
3032
1550
3015
3032
3011
3002
3041
3025
2985
627
3059
3022
3030
3059
3042
3071
3031
3043
2984
3024
3011
316
1482
3054
2987
3040
3081
3012
3091
2998
3019
3053
3022
3007
3007
3070
3057
2995
3065
3003
3054
3023
3040
241
3025
2845
3026
3054
2982
2822
3022
3029
3015
1797
3037
3067
3030
3013
3020
3043
2008
3023
3013
3010
2294
3002
2856
2739
612
2969
882
3037
3031
3015
3052
3047
3017
3027
303
3022
2984
3048
3008
3033
3017
3030
2006
2938
1673
3103
2933
3011
2986
2942
3034
3251
3004
2944
2951
3001
3007
3039
3006
3013
3042
2538
2984
3029
3071
3050
3053
3049
2898
3027
3058
1829
3024
3031
3073
3054
2998
3025
3026
3047
3048
3061
3039
3015
3020
3024
3054
3030
3052
3027
3043
3011
3047
3044
3009
3016
3032
3041
3022
3016
3048
343
3054
3050
3071
3040
3026
3049
3052
3034
3004
3047
3017
3000
108
3043
3122
3026
196
3030
2580
3016
3041
3063
3032
3029
565
3037
2999
3024
2966
3017
3034
3031
3048
3044
3000
3048
3016
3037
177
1789
3065
3065
3042
3009
3053
3039
3025
3090
3038
3071
3076
2982
3052
3030
3038
3025
3029
3009
382
868
2948
3026
3063
3022
3060
441
3024
3029
2552
3029
2994
3019
3085
3055
3026
3023
3069
3029
3063
2429
225
3026
3029
3050
3026
3017
3047
2923
2996
3050
3033
3033
3031
3113
3033
3005
3061
3048
3001
3032
3058
3017
3043
3004
3049
3025
3109
3025
3067
3038
280
3046
180
3038
3021
2982
3024
3012
3039
1749
3027
3024
3029
3050
367
3078
3031
3053
3015
3043
3047
3042
3001
3030
3046
3033
133
3090
3063
301
3042
3098
3045
3011
3040
3031
2189
3062
3001
3002
3042
3062
3009
3020
3052
3047
3040
3052
3038
3026
3059
3040
3040
3017
3053
3030
3041
3065
3034
3026
3042
3018
3006
3030
3011
1797
3020
3025
3055
3025
3038
2978
3035
3057
2979
3052
3018
3034
3030
3043
3018
3026
3052
603
2991
3066
1953
3043
3051
3025
3017
3021
3018
3030
2998
144
3031
3020
3066
3061
3040
2997
3036
143
3047
2997
3048
2998
224
3052
479
3033
3027
1198
2997
3017
3019
3067
3034
3013
1533
3052
3027
3036
3025
3043
3065
3040
3044
3046
3056
3046
3055
598
3044
2024
3024
3004
3036
3042
3020
3015
2806
3031
744
3082
3046
3046
3016
3005
3020
3037
3124
3074
3004
3009
3000
3052
3068
3035
125
3039
3026
3019
3039
3022
833
3022
3056
3035
3047
3041
918
3060
3030
3039
3027
3059
3047
3037
3050
2082
3058
3037
3027
3022
3022
3001
3021
3056
3012
3041
3058
637
2078
3078
3010
3047
3046
3014
3006
3023
3060
3050
3012
3039
3025
3026
3048
3025
420
3061
3026
3014
3025
3024
3038
3020
3042
3029
3012
3015
3036
3068
3022
3005
3012
3034
456
3033
2949
3040
2682
3053
3035
3085
3072
2996
3013
3023
3014
3029
3049
3047
3062
3030
3040
1882
2373
2999
3063
3046
3057
3018
3049
3052
3029
3062
3015
3024
3012
3029
3028
3039
3046
2945
2686
3020
730
2489
143
3036
3032
3048
2988
3018
3037
3078
3019
3047
3056
3002
3004
3028
3029
3034
3043
3011
3048
3026
3069
3019
3042
3048
3021
3001
2941
3039
3040
3012
2350
3024
3024
2983
3045
3014
294
3021
3048
3022
3021
3016
1951
1032
2464
3033
3069
3043
3065
3035
3035
3043
3032
3036
3029
2985
591
3043
3030
191
1263
3025
3051
2709
3036
3015
2863
3028
2590
2817
2977
3052
3043
3055
3005
3044
3033
3023
3047
3054
3045
3046
2005
1785
2985
3084
2994
3002
2971
3053
3024
3013
3040
3004
1502
3020
3050
3011
3057
582
3056
3064
3002
3065
3137
3035
2874
3029
3032
3005
3034
2974
3019
2985
3003
265
2997
3045
3082
3042
3022
3043
3011
3008
3044
1556
3049
3031
3017
3067
3029
3056
3048
3064
3059
3008
3003
3050
3015
3007
818
3067
3026
3050
2617
3053
3045
2613
2982
3052
2964
3022
3050
3024
3039
3022
3040
3032
3061
3042
3072
2784
1616
3018
3035
3110
3024
3055
2028
3010
3041
3044
2703
3050
2598
3007
3046
3022
3034
3048
3071
3064
3001
2572
3088
379
3047
3051
1602
3033
3025
3035
1208
3042
2824
3063
3054
3018
3033
3010
3077
3066
3037
2989
3017
3035
3036
3025
3029
3036
3027
3044
328
3042
3033
3061
3032
2880
3049
2939
3037
3039
3046
3032
3054
2968
3050
3076
3033
3057
1399
3041
3035
3008
3032
3064
3040
3054
3002
3046
3036
3049
3022
3054
3008
2992
3036
3018
2677
3008
3044
3034
3003
3052
3051
3055
3060
3028
1406
3006
1169
3000
3011
3051
3013
3010
891
3056
2971
116
3018
3032
3038
3044
3036
3056
3062
2998
3020
3016
3044
3028
3021
3030
3040
3043
3004
3053
3048
2187
3027
3047
3060
3055
2996
3055
2993
3007
3041
391
3036
3123
3028
3045
3018
3075
3030
3056
3030
1422
309
3010
3007
3098
3041
3053
1976
3065
3019
3054
2982
3054
3013
3036
2993
3047
3050
3021
3013
3027
3012
2999
3033
3040
2993
2482
2996
2997
3000
3049
3017
3044
3024
3057
3032
2078
3046
3009
3057
3046
3004
3055
3110
3025
3015
3059
2976
3022
3039
3042
3042
3009
2202
3046
3053
3011
3058
3046
3052
3002
3004
3041
3076
3008
3070
285
3059
2977
3035
3029
3054
3062
2931
3028
1846
3059
3103
3027
3062
3018
2683
3071
3047
3043
3014
3043
3048
3117
2912
3038
3043
3028
3037
3033
2882
2996
3028
3052
2311
893
3036
3041
3050
3009
2989
3000
3043
3051
3046
3050
3053
2980
3051
3029
1510
3036
2962
3044
2037
3024
2321
3039
2957
3059
3008
3052
3018
3044
3041
3049
3013
3004
3039
3014
3038
2981
3046
3032
3027
3035
3032
3007
3040
2994
3065
2995
3024
2214
2620
3037
1428
3068
3012
3040
3023
3024
3042
3056
3011
3022
2997
3028
2893
3002
2973
3047
2870
3034
235
3024
3044
3031
3006
3025
3004
3052
3033
3046
3033
1539
3001
196
3036
1809
3066
1740
3029
3071
3007
3040
3036
3013
3046
3026
3050
3021
2922
2923
3023
3016
3074
3092
3017
3011
3045
2996
3044
3037
3009
3058
1640
3037
3020
1535
3046
3003
3028
3044
2999
2956
3065
3038
3050
3033
2001
3010
3052
326
3035
3085
3041
3031
2825
3063
3067
3020
3037
3046
1677
178
133
2989
3039
3066
2991
3052
3047
3045
3030
3035
3051
2531
3001
3056
3028
3018
3049
3022
2990
241
3012
3021
3035
3036
3048
3055
3020
3032
3015
3034
3038
3012
587
3024
3000
3023
3024
3067
3055
3007
3027
3032
140
3033
3019
596
151
3002
3031
3031
3062
3024
3003
3046
3013
1770
3041
3054
3044
3022
3045
3019
3056
3052
2994
3065
3064
3037
3025
3037
3047
3050
3042
2269
2724
3016
3060
3014
3013
3050
3096
650
2891
3033
3026
3052
3022
245
188
3009
2919
3048
3043
3022
2988
3043
3035
3036
3130
3060
3039
147
2991
3043
3052
3105
3012
3049
3034
3037
3051
3033
3055
2988
2993
3017
3073
3005
3014
3025
1256
3012
219
2999
3039
2948
3064
3053
2438
3036
3038
3031
3056
2999
3083
2979
3004
3023
3048
3016
3053
3026
3026
2983
3095
3023
3071
3069
3010
3060
3063
2883
3040
3013
3040
3039
3049
2998
3028
2991
3080
3003
3017
3041
3039
3029
3026
2978
3072
3031
3042
1089
3035
3008
3031
407
3053
3007
3063
3015
3033
3047
3014
3070
1128
2958
500
3036
3011
3052
2995
3040
2995
3073
3057
2990
3029
3023
3027
1018
3019
3013
3011
3002
3026
3007
2857
3056
3038
987
3015
3011
2976
2023
3022
3046
858
1340
3078
2984
3039
3022
3009
3023
3023
3073
3010
2029
3027
2996
3059
3043
319
2376
3036
3041
3000
454
2627
3054
3042
1150
3032
3042
3013
3134
3037
3030
3048
3018
2891
3060
3046
3007
340
3047
3023
3061
2991
2703
3004
3039
3026
2999
3037
3036
2996
2987
3047
3021
3040
3029
3039
3051
3043
3045
3006
830
2992
3049
3064
3055
614
2941
2993
3047
3069
3044
3033
3024
2947
3055
3037
2990
3022
3052
3050
2796
3010
1457
3043
3033
3024
3058
3050
3036
330
3055
3082
3046
2990
3053
3023
3025
2937
2867
3064
3026
3001
3015
3048
3045
3045
3023
3064
3025
3061
3002
3025
3047
3021
3022
2998
3122
3041
3050
3041
3066
3044
2998
3037
3028
3043
3049
3051
3028
3036
3057
2948
3021
368
3023
3055
3112
3043
3048
3030
1879
3052
3019
3018
3015
1103
3035
3021
3041
2874
2927
3022
2980
2978
3008
3079
3003
3075
2993
3059
975
3058
2999
3030
3039
3036
3045
3009
2943
3023
3065
3011
3051
1038
3059
3041
3008
2946
1041
3036
2994
3036
3056
3017
3001
3029
3070
3056
2464
3040
3073
3049
3055
3071
3053
3059
3033
621
2999
2939
3050
3052
3056
3028
3071
3028
111
3046
3034
569
1044
3015
1471
3011
3017
3031
3061
3032
3092
3028
3074
3055
3067
3029
3062
3062
2549
3034
3037
1727
3060
3061
2994
3014
3034
3023
2503
3028
3056
3032
3042
406
3032
3044
3047
3059
3046
3049
3037
3032
3043
1343
3056
3000
3016
2934
3064
3031
3012
3068
3002
3023
1397
3048
3061
238
3022
3034
3058
3046
242
3034
3065
3062
147
3046
3041
1782
3029
3074
3033
3034
3028
764
2977
3022
3052
3018
3007
3041
3042
3014
3049
3043
2989
3079
3076
2996
3048
3065
3022
3029
3031
344
3018
3049
3045
3066
3038
2204
3048
3109
3006
3013
3024
1310
3051
3001
3035
3015
2989
2972
3045
3002
3055
2070
3056
3040
3045
3047
3005
1897
2950
3051
3047
3054
3037
3061
3048
3018
3014
1024
3045
3002
3053
3030
2980
3012
3047
2995
3015
3036
3072
3038
3030
3036
2697
3056
1787
3037
3049
3033
3024
3032
3030
3045
3016
2869
3045
3048
3021
3031
3011
3026
3030
2911
3037
3036
3038
3060
571
3015
3013
3019
3067
3035
3006
3083
3071
3043
3051
3043
3032
2983
122
343
3057
3023
3057
3041
2944
3024
3036
3036
2992
3011
3068
2985
3021
3029
232
2991
3030
3063
3073
3035
3064
2975
3078
3066
3016
3057
3002
3004
3038
2912
3026
3064
3040
3078
3072
2739
3033
3023
3006
3062
3062
2946
3021
3021
1000
3038
2898
2979
3048
2979
3072
3037
2978
3023
3062
3028
3025
3035
3053
3052
3023
3038
3018
3015
3037
3046
3032
3044
3008
3035
3042
3040
3041
3011
284
3048
3031
3023
3025
3090
3062
3032
610
3013
3058
3028
2462
2765
3012
3046
2565
3002
3060
3056
3072
3057
3022
3051
3018
3024
2978
3045
3036
3036
511
2568
3026
2451
3025
3023
3037
1230
2983
3053
3034
2830
3034
3048
3013
3036
3029
3031
3036
3014
3057
3032
3046
3000
406
3048
3037
3029
3028
3001
3048
3008
3038
3058
3049
1499
3038
3051
3041
3036
3036
2942
3021
3061
3060
575
2886
3030
3028
2258
3036
3040
3023
3062
2968
3026
2947
3008
2496
3028
119
3002
2825
3066
2976
3013
3055
2985
3012
3074
2973
2991
3016
3029
3043
1036
3036
3046
3060
3080
2943
3047
990
3050
2988
1217
545
3026
3056
3026
192
3021
3029
3028
3037
1809
2916
3111
3018
1926
3056
3066
3020
3065
3044
3038
3053
3005
2857
3039
3075
2993
3023
3020
2189
3045
2634
3045
3046
392
3051
3015
843
3030
3103
3028
3048
2931
3035
3030
3010
3085
2992
3049
3024
3036
3037
2299
722
2970
3047
231
3020
3044
3061
1520
3081
2928
1396
3009
3038
3068
3044
3055
3022
2994
3068
634
3020
3022
3001
1975
1662
3024
3036
3025
3019
3055
3041
3031
3042
3038
3026
3035
706
3053
3013
1892
3083
3032
3045
3022
3041
1176
3036
2999
172
3008
3028
3053
3029
3048
3015
3006
3026
2996
3023
3041
3039
3062
3028
3042
3008
3035
3029
3041
3072
1781
3003
3048
3047
3021
3047
3016
2575
3008
3071
3038
3050
3025
3060
3042
3064
1375
3018
1251
3063
3034
3010
3014
3044
3057
3029
3064
3042
3085
3000
3023
3030
2995
3000
3037
3011
2458
3042
3005
3046
3045
3057
3037
3015
2669
3034
3037
3046
140
1662
3020
3035
3032
3011
3046
2942
3001
3023
264
3012
3052
3028
3043
3049
3007
3046
1629
3055
3019
3112
3035
3019
3022
3008
2220
3030
2975
3033
3071
3017
3046
3083
3028
3057
3045
3075
2120
3048
3055
3049
3063
3052
3035
3031
3038
3008
2995
3063
2994
3029
3006
3023
2829
3038
2858
3070
3097
3055
3065
3040
3007
3107
3016
3044
2945
1792
3046
3050
3055
3021
3066
3011
2998
3066
3029
3022
3061
3047
3040
3013
3031
2628
3086
256
3019
2996
3053
3022
3045
3054
3027
3046
3024
2860
3070
3003
3010
2949
381
3012
3034
3033
3050
3024
3032
3035
3042
3042
2986
3028
3027
3048
2987
3099
1404
1822
3023
3046
3025
3012
1592
3068
3053
3038
2978
3052
3015
3011
3019
3016
734
3014
3056
3020
3015
2918
3017
3048
3054
3054
3024
3039
2030
3027
3004
3062
3033
3042
3032
3059
3045
3059
3063
2988
3043
3041
3069
2936
298
3088
2794
3016
856
3016
3054
665
3067
2996
3022
354
3035
3003
3051
3042
3046
3028
3031
3003
3045
3028
3040
123
3059
3041
3002
3035
3029
3013
3032
3052
3040
1512
3050
3004
3038
3028
3015
3046
3046
3055
2941
2897
1987
2995
2321
3039
3058
2998
3033
3021
3043
3027
3055
3032
3027
2999
1591
2972
3031
3036
3035
3066
3048
3044
3050
3001
2881
3059
3085
3042
3027
1186
2991
3049
3027
3004
3037
3028
3087
1776
3041
3044
621
3059
3060
3013
1018
3038
3047
3034
3020
2843
2944
3049
3044
3003
2991
2992
3007
3041
3010
3009
527
3014
3028
3049
2999
3048
2010
2964
3027
3014
3048
2988
3042
3034
2999
3011
3018
3058
3079
3007
3011
3039
3025
3018
3037
3049
3037
3032
2998
2996
3050
162
3048
3046
3024
3061
3015
3037
3043
350
3021
3027
3031
3039
3031
3011
3038
3003
3027
259
3036
3016
3010
3073
3055
3023
3009
3029
1295
3040
3073
131
3030
3002
3055
3021
2858
3042
3047
3035
3041
3033
3033
2956
2946
3059
3043
3056
3069
3020
2994
3009
3035
3003
775
3038
2454
2957
3037
3062
3118
3043
3023
3037
3027
3036
3035
3006
3068
