733
2980
2965
2990
3009
2989
3000
2978
3004
391
2991
2987
2979
2922
2981
3050
2974
2065
1945
1545
2985
2973
2345
2972
2978
2952
808
2991
1214
193
3004
2992
2972
2995
2970
2893
2978
2936
2983
1868
2985
2916
2991
3004
2998
2982
2991
3067
2968
2966
2985
2978
2978
2970
2982
2998
2979
2997
2960
2990
3017
2969
2960
2916
3008
2977
2997
2987
3004
3010
3008
2933
2065
2994
3014
2977
2414
2987
3020
2999
2404
2991
3009
2987
2797
2984
2984
2950
3057
3009
2948
2939
2982
761
2973
3006
3006
3012
3027
2982
2975
3008
2998
2995
2979
2907
2976
2986
407
2964
3003
2970
2959
2955
3010
2992
2951
3005
2994
130
2986
2985
3073
2980
3005
3007
2974
2987
2977
3035
2987
2949
2996
2968
3012
2736
3012
2658
2972
3012
3009
2995
2843
1085
2984
2991
2955
3014
2978
3012
3007
2997
2966
3028
2976
3019
2985
2966
2976
2979
3010
2992
2993
3002
3015
2573
2978
2848
2971
3013
2928
2999
3010
2982
3010
2966
2952
2996
2981
2783
2999
3002
2999
2965
2962
2852
2986
3009
2981
2998
2956
400
2982
2986
3025
2944
2987
2968
2973
3000
3018
2980
3003
2979
2969
2995
1878
2963
3006
468
2982
3017
3029
2994
2954
2642
2871
2977
2994
2970
2995
2984
3007
2958
3005
2575
2992
2999
2999
2983
2982
2978
3008
2981
3004
2981
2990
3001
3002
2999
313
2967
2994
543
3018
2999
2980
2992
2987
2965
3001
2986
3012
1210
2663
2977
1465
577
2975
2948
2962
3011
2970
3007
2953
2986
2984
3011
2978
2969
2996
2976
2985
2946
3006
3030
3005
2620
2902
2966
2971
3009
2963
2977
2950
621
2905
3007
3007
3078
2929
2998
3027
3012
2996
338
2968
884
3007
2987
948
3011
2962
3013
3012
2993
2981
3041
176
491
2962
3003
2964
2999
3015
1133
3013
2978
2990
2970
2965
3007
2994
2963
2956
356
2983
2977
3006
2968
750
2985
2805
2989
2988
2976
3000
2978
2996
2963
2984
2986
2979
3020
2973
2842
2995
2969
2948
3034
3015
2989
2970
3002
2963
1571
2984
2992
2967
2766
197
2975
2993
3002
2990
3003
2972
2981
2980
2963
2981
2943
610
2989
2990
2986
1087
3001
2117
2993
3005
2795
2987
3002
2986
2996
2991
2962
3000
173
545
2997
2993
2979
2961
3011
3010
2959
1893
2994
3011
2983
2996
2770
2962
2956
3006
2958
2992
3000
3006
3007
2985
3022
432
2971
2964
2938
3003
2990
3019
2861
3007
2982
2982
2971
2917
2986
1051
2987
3015
3020
3001
2992
2952
2989
1181
3018
2963
2970
2989
2979
2985
2976
2980
2970
3002
2968
2984
2993
2999
2989
2945
2937
3002
3006
2982
2975
2987
2994
279
201
1946
708
3019
2963
2939
2969
3013
2985
2949
2987
3014
2990
3004
2978
2965
2986
2973
2978
2970
2981
3016
2965
2995
3016
2997
2697
2968
2976
2980
2984
2990
2990
3080
2998
2983
2995
3045
2998
2965
2991
1124
2997
712
2948
2981
3021
2980
2996
2999
2991
3000
2972
2989
2986
2992
2976
2988
2907
2989
612
3009
2972
3014
2965
2985
2998
2956
2954
3004
2965
3027
2950
2997
2964
2972
2964
2736
2978
3024
3003
3000
340
2985
2963
2967
2958
2979
3006
3009
2983
2996
2994
2926
3002
2982
3004
2190
2944
3001
2957
2973
3040
3006
2957
2932
165
594
2972
2977
2998
970
2971
2965
2990
2949
2980
2988
2993
2961
2971
2979
517
2952
2968
2983
2975
2916
2962
2988
2998
1516
2993
2968
3023
2913
3009
2998
3001
3011
2996
2975
3002
2941
2985
2971
3025
3024
2971
2962
2986
2997
2985
3007
2976
2976
2976
2993
3009
2989
3013
2992
3028
2977
2991
1497
2981
2996
2997
2995
2999
2928
2971
2988
3023
3000
2969
2994
3011
2974
2962
2971
3007
3006
1868
2994
2954
2995
2931
2926
3003
299
2971
2983
2998
2983
3072
2991
3029
2998
2927
2983
3007
2983
2799
2965
3021
2962
3008
2993
2977
2979
2996
2953
2834
3001
2994
1834
2998
2962
2980
907
2976
2971
3010
2952
2953
2686
3018
2974
2959
2967
3006
2932
2974
2988
3036
2741
2986
2993
2979
3010
3053
2993
3009
2991
2987
2978
2979
3009
2998
3015
2993
2980
2707
2847
2986
2966
2980
2983
3007
2979
2998
3005
2986
2983
2960
2974
2618
2988
2996
3019
2983
2805
3010
2950
291
3009
3002
3054
2998
3003
2929
2980
3001
3004
590
2983
2981
3007
2952
2612
3022
2991
3002
2981
2962
3001
2967
2998
2988
2956
2992
3011
2967
2941
2999
549
2998
2991
2968
2966
2976
2967
2986
1739
3010
2961
2954
1894
3007
2988
2853
2986
1163
2988
2994
2978
2980
355
2982
3012
2971
1939
3008
359
2980
3000
2993
990
3006
187
2983
2989
2990
3004
2973
2947
2973
2963
2985
3006
2996
2925
2991
2982
2110
2854
2975
3010
2988
3038
2963
2710
3018
2994
2976
2994
2994
3012
2990
2987
2985
2978
2958
228
2962
2967
3002
2963
2952
3037
2989
3022
3008
2953
2958
3000
2964
2911
2990
3003
2990
2992
2967
2954
2997
2988
3002
2969
2942
2987
2987
2954
2111
3000
3015
3019
1428
2960
2981
2975
2580
3017
2991
3018
2729
2976
2980
2991
2987
2982
3002
2919
1444
2993
2957
198
3010
3019
2996
1263
2992
2962
3004
2994
2966
2999
2997
3013
2972
2989
2975
3071
2984
2790
2986
3014
2991
2990
2112
1019
2990
229
339
2898
2987
2955
2984
3000
2973
3001
2976
2948
886
2989
3023
3019
2995
3005
2992
2906
2984
2993
3014
3004
3000
2992
2993
2990
2819
3002
2970
2986
3023
2983
2951
3023
2852
3029
2921
2980
2960
2972
3029
2994
2965
130
2976
2710
3064
2980
948
1910
3011
2984
2955
3007
2978
2993
2950
3010
2986
2983
3007
2978
3020
846
3004
2995
2926
2988
2973
2973
3012
2997
2993
3027
536
2475
2995
2974
1854
3000
2998
2265
2982
2936
2991
3001
3070
1174
2948
2977
3007
2986
3009
2963
2777
2778
3007
2950
3013
3005
2999
2990
483
2979
2964
2959
3011
2994
2958
3020
2974
2010
3087
2967
3002
453
3013
2987
2958
2971
3081
2524
3001
2994
2992
3036
2999
2698
3014
2990
2992
2975
2989
2910
801
2977
3030
2968
2958
2972
2993
2995
2981
3065
3019
2995
3044
3017
3015
2986
2954
2999
2995
2979
2955
2974
2833
2994
2916
2997
3025
2986
2958
2988
2978
2981
2949
2975
3016
2973
2939
2977
2949
3008
2997
2974
2992
239
2952
2974
1995
3011
2919
3008
2987
302
3007
2955
2991
3025
2776
2985
2946
3003
2154
2916
3011
2986
2993
3025
2957
2004
2989
2969
2991
2951
1297
3022
2980
3016
2976
1729
1871
3003
2986
2979
2968
2991
2974
2997
2957
2999
3002
2991
2802
2994
3014
3010
1131
2963
2766
3005
2971
2966
2999
2998
2959
3006
3001
2969
2957
3005
2989
2962
1416
2888
2997
898
2964
2970
2940
2993
2965
3007
2957
3051
2956
2988
2991
2906
3013
2963
1989
3006
2835
2997
2972
624
2955
2988
3018
1418
1281
2976
2672
2991
2991
2902
2981
2817
2980
2987
2991
3015
2990
3000
2996
2961
3001
3021
2965
2937
2942
2980
2997
2994
3029
3004
3019
3002
2995
2973
2990
2964
2559
2994
2989
2947
2993
2978
2998
3024
2938
3001
2957
3002
2991
2997
2995
2982
2981
2988
2994
2938
2978
2966
3002
2953
2375
2993
2971
2961
2973
2999
3015
1390
2981
2996
2976
1995
2967
2967
2973
2997
396
2966
2979
2983
3009
2970
2989
2995
2985
2983
3001
3006
3003
2871
3037
2993
3011
2977
3019
2901
2977
2987
2770
3006
2997
3015
3010
3001
3032
2980
3010
2511
2969
2960
2973
2996
2962
2975
2958
2991
3003
2993
2982
3104
3044
2985
942
2988
2971
2981
3044
2994
2998
620
414
3000
1320
2712
2969
2961
1750
284
335
3001
2157
2400
2973
2962
2989
3048
3014
2982
2997
2975
3054
1659
2945
2606
2975
2989
2996
2976
877
301
3012
2940
2999
3003
3014
3017
3004
2965
2988
2993
2997
3002
1618
2998
2974
2997
2959
3009
3068
1839
2987
3005
2987
1572
3001
2974
2975
2965
3001
2983
3000
2923
2989
3010
2999
3006
2946
3006
2986
3019
2979
3004
2982
2992
3014
3037
3005
2972
2966
2981
2967
1017
2968
2953
2948
2951
2997
462
2931
3002
2293
2973
2992
2969
850
2986
3004
2998
184
3014
2976
2989
2978
2989
2996
2996
2998
2980
2985
2966
2194
2963
2980
2984
135
2995
3002
2970
3021
3032
2981
2988
2996
3005
2768
2790
2976
2996
3006
2901
3037
3013
230
3008
2992
3001
3035
2973
2452
2978
3003
2971
3001
3007
2993
2979
3035
2987
2900
3000
2965
2986
2972
2989
2969
3002
2986
3012
2974
2983
2984
3003
3007
2964
2960
2941
2970
3004
2966
2986
3001
2999
3231
2986
2998
1417
2327
2963
2396
2972
2969
2988
2974
2991
2961
3014
2933
1186
2954
3011
3012
2958
2994
2731
2975
3014
623
2992
2974
2980
2984
2977
2958
2962
3009
2981
3009
2957
3007
3029
2946
3008
2934
2994
2989
2997
2945
2976
2967
2969
3005
2911
2972
2999
2986
2587
2994
2968
1252
2995
3008
2992
2989
2998
2947
2988
2986
3020
2996
2991
3001
244
161
159
3007
2986
2995
3003
2973
2987
3002
2420
2976
2930
3040
2952
3012
2976
2993
3002
2939
2990
2992
2990
2987
2986
2980
2976
3017
2594
2963
2954
2961
2958
2963
2992
2973
159
2992
2992
3022
2973
3005
2971
2994
3004
2977
3008
2971
2968
2085
3001
2966
2976
2976
3009
3026
3015
3025
2976
3010
2948
2988
2993
636
3057
2980
3021
2927
2994
3000
2923
2957
2999
2994
2973
2990
3004
1680
2993
3024
3000
2973
2994
2974
2990
2975
2968
2921
2985
3042
3003
397
2992
2987
1090
3011
3032
2993
2934
2500
2966
2965
2988
2977
3002
2989
2999
3006
3006
2958
307
2970
3018
2975
2575
2970
126
3039
3014
2997
2975
1391
2981
2945
2966
2974
2978
3007
2949
2981
2960
3016
3003
2997
2998
2401
2977
2989
2815
2963
2803
3028
3003
2977
3000
2984
2963
2985
2980
3003
2981
2055
2998
3023
2851
3015
2967
2748
2993
2977
2972
2985
2968
2984
3029
2999
2839
3030
3007
3008
2981
2971
2924
2991
2969
2279
2936
2985
3000
2972
3043
3010
2982
2975
2987
2999
3013
2978
2996
227
2975
2997
2015
3032
3013
147
2894
2770
3011
3005
294
2669
2972
2935
3000
3019
2994
2991
2972
2968
2970
2317
500
2902
3015
2947
2984
2978
2956
2973
2986
1823
2971
2996
2640
3005
3002
2990
2974
2889
2960
3001
3012
1622
2960
3003
2962
2999
2986
2962
2971
2979
3018
3010
3002
3014
756
3008
2983
745
2987
2134
2969
3017
2993
2968
3003
3005
2831
2975
2963
2957
2935
2923
2999
2991
2945
498
1933
2559
2981
2974
2986
2980
2977
2977
3004
2988
2986
2247
3025
2980
2985
2996
2966
560
2994
3018
2972
2947
2993
3010
2987
867
3012
2965
2998
3006
1352
2887
3004
2970
2927
2995
2989
3010
3010
2973
2992
2976
2983
3000
2980
2996
3013
2963
278
1335
3007
3014
3005
2990
2974
2968
2947
3005
3003
2763
2972
2999
2967
2996
2969
2997
2974
2988
2988
3006
2986
3004
2992
1650
2994
2997
2972
3000
2946
2984
2996
2971
2998
2184
3018
2991
3005
2971
1803
2977
2974
2988
3065
3002
2974
2982
2997
2975
2995
2991
2984
2966
2954
2959
2977
2986
3018
2995
2981
2874
3011
1872
2969
2957
2953
2973
3002
2917
2985
3021
2994
2988
2996
2971
3011
3008
2977
2998
1748
3011
2955
2995
2972
3010
3009
2988
2981
3063
3011
2393
2966
2991
2998
2984
2950
3006
2983
2982
2955
2938
862
2911
3009
1700
2842
1898
3020
2990
2973
3021
2835
2991
2000
3029
2984
2977
3012
3016
2997
2973
3026
2148
2978
2987
3013
2997
512
2973
492
2991
2958
3000
2983
2995
2981
3009
3015
2993
2982
2996
2993
2998
419
595
2883
2984
2675
3009
2994
2982
3004
194
2986
3033
2967
2997
2975
3034
2938
2939
2981
3000
2993
2985
2842
2999
2957
3034
2980
2986
3020
276
2986
2948
2944
3023
2956
2987
2994
2979
2825
2968
256
2951
2990
3006
2951
2968
2996
2997
2987
3043
2972
2554
2969
2989
3005
2975
2980
3066
2989
3026
3014
2982
392
1485
2989
3001
2876
2993
2591
2997
2987
3028
3005
2804
2951
2984
2967
2950
3001
2447
2986
2967
2990
2996
3065
2981
2154
3001
1220
2788
2369
2983
2982
2986
3010
2995
2955
2984
545
3022
3010
3018
3003
2993
2985
3030
2988
2980
3005
2977
2995
699
3012
2906
2981
2951
2901
520
2698
2999
2991
3006
3022
2972
3043
2979
2988
2964
828
2984
3027
2981
3007
2984
2966
2988
2976
176
2846
3027
2994
2989
2985
2967
2980
2980
2958
2981
3009
2993
2977
2995
2965
2961
3057
3014
2986
2995
2976
2969
2961
387
2991
3012
2679
2964
2976
2956
2999
2988
2998
2929
2984
2951
2968
2984
2832
2972
2950
2129
2951
1796
2973
2993
3006
2785
3062
3001
2996
2991
2998
2995
2990
3000
3008
2891
3018
3015
3009
2933
3048
2911
2992
2995
3022
2973
3020
2991
2987
3004
3007
1828
2978
2991
2982
2306
2919
2993
2949
2957
2992
2963
3005
2987
2012
3006
3016
2983
2998
3006
2957
2969
2987
2971
2983
2988
2960
2957
2951
2983
2982
2996
1196
2993
3005
3004
2959
2918
2990
2919
2992
2967
2931
3025
2971
2959
1685
2961
3035
2998
2945
2991
2966
3000
2933
3029
2976
3009
3003
366
3036
2978
2962
2981
2977
3007
2975
2327
434
748
3017
2985
2984
2973
2982
2973
2990
2964
3015
2971
3011
2998
2982
2414
2976
2971
3003
2983
2997
2980
2080
2996
2889
2693
2978
2962
2998
2970
2962
2348
3041
2737
2649
1160
2968
2995
2995
2961
2983
2985
2978
2964
2991
2994
3011
2735
2743
661
2986
3050
624
3009
3006
1608
2977
2984
3005
2969
2995
3010
3020
3022
3003
2946
3006
2985
1894
2960
3006
856
2992
2961
2970
2674
3017
2973
2992
2980
3015
2948
3007
2998
2995
2974
2504
3072
3001
223
1479
2987
2972
3022
2964
2991
3012
2983
2985
3005
2995
2915
2991
2980
3002
2504
2988
2951
3001
2997
2949
2965
2982
698
3005
2997
3021
2986
2956
2998
1323
2951
3046
1276
2980
2978
3004
3001
1928
3010
3005
3005
2987
2975
2285
2963
2853
3001
3060
2982
3001
3005
2980
2993
2978
2761
1428
2975
2925
3010
2980
887
3010
2981
2967
632
2974
436
2519
2999
476
3061
465
2985
2996
3006
3015
2959
2982
2989
2985
3022
2990
2992
2819
2971
2996
2987
2976
1727
2973
2986
136
2994
2974
2986
2818
2975
2299
2982
3001
2984
2976
2940
2975
2985
2987
2975
2998
2941
2984
2980
2999
2976
2983
263
2995
3016
2964
2960
3021
2984
3008
2989
3013
1837
391
2982
2987
2983
2990
2999
3006
190
2970
2945
2980
2978
2981
2989
2981
2987
3002
3001
2834
2988
3008
3002
2982
2981
2997
2960
2985
2987
2860
2983
175
3047
2977
2992
3095
3015
2997
2972
3006
2995
2620
3029
2988
2982
2992
3027
2306
2999
2919
549
540
1041
3008
2982
2991
2949
2977
2473
3023
3013
3004
2990
2960
2970
3013
2969
2740
2982
3065
3013
216
2980
3001
2981
2961
3011
2986
3053
2983
2995
2954
2980
2984
2991
2893
3038
2996
2970
3001
1985
3005
2974
2575
2959
2977
2712
2978
3016
311
3009
2920
2978
2682
3018
2145
2976
1944
2990
3022
3007
3000
3015
466
3001
3001
3009
3007
2980
1381
2974
2809
2964
3000
2994
2951
2970
3017
2996
2997
2850
2996
2983
2339
2714
3002
1477
2995
2974
2996
2706
3004
2973
2978
3007
2979
3015
2983
3014
2948
2977
2973
2973
2965
2179
2987
2993
347
2994
2989
3011
2977
2982
786
3006
3009
2990
2977
2965
2946
2983
2977
2963
3001
2979
3010
2974
2999
3015
2980
2886
3002
2977
2996
2975
2654
1999
2965
2969
2973
3014
3004
1231
2926
2994
2616
3008
3005
3033
1093
2986
3006
2971
3006
2996
3001
2963
3004
2974
3002
3007
2998
3004
2999
2991
2840
271
2981
1941
2992
2992
2779
2960
3000
2972
2991
2991
2986
1544
1780
1376
2996
2991
747
2995
2992
2988
2979
2986
2976
2954
3006
2984
904
2995
3011
2976
2945
739
2995
3004
3014
2981
3012
2980
1053
3004
2965
2965
2985
2987
3011
2993
3001
2982
2982
2997
3006
2973
210
2970
1143
2991
2986
3003
3003
1505
2942
2741
2996
2987
2986
2922
2963
3004
2970
3000
3009
2986
3001
844
1733
2953
2998
3013
3017
3001
2975
2983
2993
2382
1091
2987
2995
3007
3007
2102
2967
2975
2988
2952
3004
3004
2999
2984
2968
2956
2992
2992
565
243
2982
2283
2988
2986
3021
2984
3002
2994
2990
2998
2995
692
3038
2969
749
3009
274
2721
2957
3007
2940
2952
2960
2247
2997
2978
3011
2631
2957
3039
2984
3001
2968
1997
3010
603
2835
2971
2930
3002
2993
3009
2979
3021
3006
2981
2984
3068
2977
754
2995
2989
3010
3005
2984
2969
2981
2998
2981
2961
2999
3006
3000
2914
2990
2985
3003
2998
3013
3039
253
2985
2988
2972
2956
3007
1283
3011
3007
3003
2949
2978
2965
3004
3005
2970
3016
2977
3001
2975
3000
3023
2950
586
579
1041
2985
2961
2959
2988
2942
1533
2971
2984
3026
2996
2983
2980
2936
2963
2996
2971
2932
2954
3003
3013
2999
2967
2979
3002
2959
2990
3038
2987
3006
1097
2996
2997
3003
2990
2965
2967
1093
356
2987
2984
3014
2977
2976
2990
2982
2975
3033
2999
2361
2918
2952
2974
3016
3011
2977
3004
3009
3014
2980
2999
2967
2984
2979
3008
2970
2984
394
3022
3029
3000
2995
205
2968
2997
2948
2966
3013
480
2989
2972
2985
2962
3004
3015
2969
3030
1249
2958
2994
2979
1252
2987
3028
3062
3010
2834
2962
2991
2938
2986
2959
2962
2564
2979
3001
2970
3003
2987
3006
3029
2994
3016
2890
2990
3002
2998
2986
2975
2956
2995
2975
2982
2997
3008
2966
2981
2986
2990
1223
2992
3002
3006
2958
2959
2996
2977
3032
2971
2955
3016
1550
2991
2969
2972
2951
3021
3002
2990
2948
2963
2985
2158
3005
2968
2952
3004
2981
2976
2970
2975
2752
2953
2951
3006
2997
3020
2962
3032
3020
3002
3014
2461
2976
2951
3006
2975
2976
897
3007
2950
2969
2958
3005
2978
3014
2979
3018
3011
3021
3004
2986
2672
2930
2972
3014
2908
3028
2974
2981
3003
2983
2997
2976
340
2985
3019
176
3085
2994
3009
3011
2980
2995
2976
3012
2985
2978
2964
2982
3004
3001
2997
2991
2973
2951
2998
3037
2945
2991
2968
2980
2976
2984
2994
2996
2988
3041
2966
2990
2982
2981
3005
2178
2999
2926
2926
2973
3000
953
3002
2979
2949
2948
2983
3011
2977
3036
2975
778
3012
2986
2986
2998
554
2995
2998
2977
2595
3016
3003
2997
2990
3005
2983
2999
455
2779
2971
3011
3006
3015
2836
2981
3019
2986
2980
2971
2925
2996
2877
3010
2933
2984
3005
2969
2974
2938
2969
2989
1799
2933
2992
1175
367
2995
2968
1915
2983
2991
884
3007
2987
3009
943
2985
3017
2984
2957
2970
1392
2483
2999
2650
2947
2982
2997
2981
2971
2989
2983
1521
2966
2282
2984
2989
2980
2996
568
2159
2989
2640
2971
2980
2998
2977
1193
2969
3017
978
2959
318
2966
3016
2973
2979
2979
1503
3010
2935
2945
3026
2707
617
3009
2969
2969
3000
244
2999
2995
2982
3006
2972
2968
1042
2933
3008
2997
2960
2081
2990
2989
2955
2997
2993
2980
2995
2993
2970
2974
2981
364
3016
2949
3035
2986
2968
812
3001
3012
2963
2996
2995
2951
3008
2982
3022
3012
2955
2259
2970
1409
2984
3003
2997
2978
2968
3053
3001
3009
2969
2981
2985
2974
2976
2994
2967
2992
2982
2993
2966
2950
3032
2995
2974
2965
2999
2964
2998
3014
1328
2995
3012
2962
3024
570
2996
1244
2977
3002
2974
2969
1444
3005
2968
2957
2965
704
2987
2978
2973
169
535
3001
3014
2990
2992
2997
3012
2996
2979
2994
2977
2963
2976
2999
2998
2505
2963
3001
2946
2972
2961
3003
2975
3000
2999
2996
2971
2992
3004
2965
3010
3002
2970
3040
2967
1191
2982
2976
2388
2654
2977
2366
2933
2944
2983
2986
2204
2975
2965
2991
2992
2993
2972
2995
2902
2638
3011
3014
2971
2632
2998
2974
1347
3001
3003
2942
2989
3027
2981
2946
2961
3000
3005
3023
893
257
2995
2968
2962
3009
2998
2985
2960
2992
3000
2935
3002
3013
2967
844
3032
3012
2994
3013
2645
355
3007
573
3001
2959
2986
2966
2977
423
1190
2981
2961
2955
2987
2980
2887
2962
3027
3032
2959
912
3017
2993
2983
2885
2173
3015
3019
2975
1233
2962
2983
2485
2998
3006
3012
2902
2994
2953
3004
2999
2401
3001
134
2995
936
3001
3002
3025
549
3013
2981
2849
2957
2913
2992
2990
2985
3001
3001
3004
2962
2924
2960
2994
819
2989
1818
2976
3001
3017
1652
3015
2906
2991
2966
282
3005
2864
2981
2983
2993
2988
2112
2975
3007
2997
3006
2992
2981
2063
2992
3006
2360
2969
2971
2999
2990
2974
2957
2938
3016
3009
2995
2994
2526
2987
3003
2579
2963
2031
2979
3018
3014
2976
2990
3014
2989
2942
3028
2993
3006
2992
2987
2986
2940
2989
2998
2990
3021
2979
2954
3012
2982
2987
2999
2976
2845
1717
2356
2996
2979
3002
3006
3000
2972
2995
3009
2968
2993
2999
2969
664
2981
2997
2950
2971
2966
3003
2983
2991
2982
2979
2494
2962
2968
2968
2651
2990
345
2995
3001
1508
1899
2969
3018
2985
3210
2977
2995
2971
2990
2973
3004
662
2980
3014
2990
2968
2981
2987
2901
2945
2984
2978
2988
2973
2981
3014
2985
2984
2988
197
2974
3000
3013
971
640
2997
583
3007
2978
2915
3002
2932
2985
3001
2530
3049
2986
2960
1042
3002
3008
2854
2169
2885
2985
3046
2999
3004
3005
2990
2975
2987
3003
3056
3015
3004
1618
3005
2990
2976
2651
2981
2994
2982
2982
2992
149
2977
3002
2549
2942
2979
3015
2992
2721
3000
2821
2990
2972
2994
2974
2920
2983
2982
2963
2985
2998
2980
292
2568
2828
2996
2948
2968
2996
2978
2719
3029
2971
2993
2987
2964
2985
3003
3037
2993
2990
3002
2934
2996
2974
2962
2940
2982
2995
2972
3031
2981
3012
1683
3027
2980
2340
2968
2999
3010
2972
2981
2991
2954
2985
2989
2980
3010
1654
3021
2993
2980
2489
3007
2983
2841
2563
2968
2980
620
3001
3001
2979
2980
2751
3009
2974
141
2985
2952
3003
2981
2768
3011
2991
2994
2981
2973
152
2987
1522
2946
3007
3009
2964
1136
1282
1226
3004
2996
1539
2901
2981
2997
2987
2968
2978
3000
2356
2982
2988
2999
2986
2984
2983
2993
2993
3002
2983
498
3015
2950
3000
2987
3057
2990
2977
2990
3062
2986
3000
3022
1998
2919
302
2979
2952
2945
3005
182
2959
2970
2968
2219
2984
3010
3006
2971
1642
2967
2955
2991
2976
2998
2932
3035
3009
3011
2961
2994
2979
426
3018
3014
2987
2987
2983
2977
2985
171
3000
2966
3027
3003
3006
3021
2998
2834
2969
2991
2974
2971
1928
2969
2992
2960
2972
2995
3013
3022
2988
2998
2993
2990
3007
2976
3070
3025
3003
2998
2998
2824
225
3000
3000
2984
2988
175
2990
3002
2992
2969
186
3012
2990
3007
3000
2619
2969
2736
2965
2982
3004
2966
2971
3004
2976
2967
2995
3025
2944
2966
2999
3004
2102
2978
2987
2988
2986
2965
3030
2992
2981
2882
2977
2993
3020
2967
362
2985
2985
3012
3027
2949
2978
2974
3017
2979
3003
2972
3007
3006
2957
2985
2998
2965
2244
2986
3014
2997
2984
3013
2970
2983
2975
2964
3005
2986
3010
2975
2999
3027
2932
945
3009
2973
2962
3009
3080
2975
3000
3025
2971
2954
3004
2981
2998
2957
3000
2751
2976
3008
3000
2972
2961
2960
2985
3001
2995
1067
3007
2979
2977
2995
2995
2304
2389
3014
3002
3016
2988
3009
2990
2966
2984
2980
2957
2999
2951
2989
2986
3000
3012
3008
2989
2985
2997
2911
3039
3021
2903
2988
2999
2973
2860
3009
2964
2986
2990
2996
2976
2919
2987
3013
2994
2999
2993
2830
2978
2989
2990
2993
2636
2978
2985
3019
2994
2993
2945
3003
2992
3011
3009
2990
3012
2979
3002
2997
2121
2993
3083
3024
3000
2930
2977
3002
2967
2981
2981
1553
1857
344
3063
2971
2960
3015
3010
3002
2976
2960
3006
3002
2999
2990
2996
3005
3001
1738
2998
2977
2940
2974
3000
2974
2985
2913
2983
3016
2965
2968
3011
3007
2976
2965
2975
2993
3000
2998
3009
2914
2972
3003
2998
2963
2986
3006
2974
3000
3002
160
2988
2981
2956
2996
196
2792
2993
2904
2979
2982
2997
2985
2986
1936
2967
1834
1135
2236
2980
1666
2979
2976
2950
3004
3052
2975
2955
2986
3010
1837
2981
1970
3011
3005
2985
3005
2987
2969
3012
2265
2963
2955
2986
2974
2604
3004
215
2051
2977
3007
3029
3028
2994
2996
2965
143
2983
2990
2965
2979
2995
2978
3030
2994
2948
2887
3010
3004
2980
3000
3070
2982
1534
2996
2988
2979
3004
2993
1228
3008
3047
2980
2980
2973
2948
3051
2964
3001
3001
3012
2970
2960
3005
3005
2979
2995
2959
2974
2991
2838
3027
2974
2936
2983
3015
2995
3003
1943
2929
2994
1676
2999
2967
2981
134
2960
3012
2980
3015
2986
3033
2965
2969
2987
2979
2971
2997
2922
2965
3005
3004
2982
2946
2969
2938
2888
3009
286
3000
2983
2955
2983
2976
3000
3008
2925
2963
2988
2971
2965
2976
2997
2736
3002
2956
2144
3001
2980
1536
2993
3001
2867
2991
2996
2986
2992
2984
2992
3019
2974
1946
2982
3007
2974
2981
2984
3019
2643
2485
2983
2989
2572
2983
3011
2932
2952
2949
2991
2914
3002
2980
3003
2849
2984
2987
1959
2979
2965
2288
2991
169
2985
2978
2985
2970
1186
2984
2987
3019
3024
2983
2637
2985
2950
2993
345
2989
2980
3024
2973
2992
3004
921
2965
3018
3004
2987
2989
2987
3005
3004
3002
2984
2994
2965
2985
3001
2993
2908
2999
2987
2968
3062
2935
2982
1070
2958
2217
2949
2975
3009
1627
2947
852
2976
1670
2927
2940
2987
3000
2989
2989
2994
3009
2952
2569
2978
2959
3000
2969
2969
842
3021
2928
2925
2974
2940
2963
2981
2764
3001
3016
392
2981
2981
2929
3012
2972
3003
2981
3003
2973
2988
2981
2948
2996
2999
2980
2989
2986
2852
2994
3013
3026
2811
3006
2986
386
3004
2212
2987
2822
2932
2991
1162
3016
3003
1320
3026
3001
2996
2989
2116
1077
2975
2998
3015
3001
3010
3000
2984
2990
2994
2778
2985
1126
2986
3014
3017
2961
2988
2955
2986
2981
2964
2908
3010
2711
2979
3006
3020
2961
214
2982
2885
2935
3015
3061
2992
3018
3001
2990
3012
2990
2996
2989
1414
3019
2987
2966
3012
2995
2985
835
2966
3023
3012
3007
2142
2978
3000
2993
3003
2972
2930
2965
2938
2983
3017
3006
2918
3046
2964
2992
3038
3002
3017
3005
2980
2994
2968
999
3001
3014
3000
2956
3023
2976
2985
1751
2936
2388
2985
2975
2957
2965
2997
2959
2989
3013
2985
3013
2983
2991
2983
3017
3005
2992
2965
3026
206
2978
3006
2972
2974
2973
2953
3040
2993
2954
161
2989
2920
3015
2965
2965
2962
3010
1218
2976
2991
2998
2995
2474
3018
2931
2981
2955
2989
2985
3020
2967
2993
2956
343
2974
2982
2963
2965
2851
1107
2991
2985
2975
2952
2972
3006
2991
565
2992
2915
2975
2981
2981
2985
2981
2970
2966
2944
2952
3015
3005
2993
2991
2981
2497
2982
2993
2988
147
2986
2987
2993
2980
2992
2993
2588
2996
3002
2989
2987
3012
2964
3014
2929
2908
2993
2992
3011
2986
3010
2991
3010
2975
2990
3005
3028
2965
147
2993
2935
2857
3002
2986
2967
2999
3010
3065
2266
2989
2991
2972
2970
3013
2981
2989
2979
3017
2981
2960
2971
3007
3009
2966
2934
2376
2978
616
1387
2989
2963
1490
3075
3007
3084
2479
1004
2973
3006
3009
2978
2955
2983
3013
3020
2969
340
2966
2991
2850
2983
3001
2994
3006
3004
2507
2985
1999
686
2972
2948
2981
3020
1655
676
2895
3002
2979
2950
2926
2992
1009
2976
2969
2965
2979
2964
2990
2859
3000
2925
3001
2048
2986
2966
3014
2986
2928
2964
3014
3003
3003
2986
2975
3009
2908
2978
2840
3016
2997
2975
2870
2183
2971
2978
779
2993
2997
862
2994
2997
1104
2565
1635
2972
2958
2925
2976
2254
2980
175
3011
2985
2979
3001
2987
2975
2299
3005
2938
2965
2953
3032
2998
3077
2995
2996
2996
2993
2406
2936
2985
2977
2984
1403
2958
3005
2994
2984
2987
2972
3011
2998
2983
2971
2983
2997
2988
2946
490
2963
2914
2982
2989
2985
2852
2932
3008
2997
3009
2983
3008
3010
1718
2973
3075
3002
2977
2044
2985
2986
2972
2988
2990
2984
2981
2995
2997
2992
2970
2984
2988
2966
2989
2984
2981
3032
257
3010
2985
2979
2982
2990
3019
2981
2966
3016
2974
2980
2953
2945
2958
2970
309
3029
2954
2963
3008
2984
2983
3004
2947
2838
3003
2979
2996
2982
2974
2987
141
3006
2931
2984
2912
2960
3016
2994
3005
2996
192
2952
2999
2976
2999
3002
2985
2971
2989
2970
585
2975
2985
2960
1104
2991
2952
3007
2989
2985
2985
2565
2981
3002
2992
2959
2988
3005
2920
2976
2989
2995
3016
2979
2976
2990
3002
475
2974
2954
2993
3016
2965
2989
2985
2209
2982
2994
3002
3015
2197
2951
3021
3001
2981
2980
2988
2981
2979
781
3009
2998
2971
2998
2987
2970
2965
3009
2974
2957
1519
2978
2935
2983
2992
2968
2963
2965
2972
2970
2962
2961
3002
1477
3000
2965
3007
2974
2973
2949
2975
2959
560
3005
235
3000
3011
2984
2990
3014
2973
2936
3003
1987
3004
878
2997
2984
2999
3031
2975
2947
3018
2965
3014
2961
2967
1690
3006
2703
2984
3008
1415
3036
2956
2772
2962
3011
2966
2981
2959
2272
3024
3008
2998
3000
2954
3009
3000
2978
2974
3019
2977
2957
2984
845
3014
3002
3004
2978
2971
2969
3013
2948
2947
2974
2663
2958
3022
3008
3013
2994
2982
2979
3016
2970
2826
1901
2987
3005
3006
2979
2998
2949
2926
2996
2990
2999
3004
2993
3014
3009
2971
2968
2972
2988
2999
2995
2973
3013
263
2972
2967
2976
3013
2313
3005
1132
2928
2958
3001
3000
2967
3009
2995
936
2965
2968
3000
3016
2970
2975
2984
2969
2957
2968
2983
3001
2981
2983
2997
3029
2978
2993
2969
2959
2961
2969
2997
2988
2946
2979
2966
350
2997
3008
2991
2477
2707
3004
2985
2996
2970
2993
2973
2971
253
2979
3062
2596
429
2927
2984
3003
3003
2649
2998
3001
2974
2993
3028
2937
3043
2931
3003
2996
2978
1800
2974
2684
3002
2960
3077
2973
2987
3026
3015
2977
2950
2996
2716
3012
3011
2980
2969
1210
3001
2966
2985
3004
2413
2958
2978
1480
2834
2976
3053
3001
2953
2967
2983
3001
2994
3063
2996
2953
2980
2984
3055
2536
3005
2992
1668
2961
2971
2978
2981
2905
2999
2997
3004
2976
3001
2991
2978
2971
3017
2935
2999
3012
3000
2988
186
3055
2984
2055
2973
2959
3023
2909
2997
2997
2978
2868
2977
2979
1709
2977
2962
2955
2997
3007
2944
1986
3014
2988
3004
3003
2989
2266
3063
2997
1277
2955
2911
2991
2967
2989
2996
408
2923
3008
3034
2984
2388
2996
2983
2162
2969
2960
2981
3003
2946
2987
2988
2990
2986
177
2598
1989
2998
2833
2985
2998
2935
2998
2999
2984
2998
3006
2993
3002
2997
2948
2589
2993
2996
3005
2999
2990
2961
2866
2998
3015
2952
2979
2977
2977
2955
2936
2980
2987
2998
3011
3010
2994
3000
3000
3004
2979
2526
2965
2966
2989
2949
638
3008
2910
1723
2986
2988
3017
3007
3017
2967
2971
2985
2966
2907
3000
3002
3010
2975
2980
2877
2948
2960
2057
3008
2929
2970
3016
2998
2956
1882
3023
2971
2999
3003
2989
3016
2985
2985
2986
2992
2991
863
191
2997
2971
2988
2995
2954
2953
1136
2910
2882
1103
3006
2895
3011
2032
2990
1779
2981
2964
2996
2943
2083
842
3008
1559
2976
2938
2998
2957
3012
2986
2958
2162
2971
2413
2993
2989
2997
2993
2992
3010
2731
2997
1021
2996
2980
2953
2972
2905
1077
239
2971
2979
3012
489
3000
2990
2979
2993
3003
2970
2107
2994
2993
3001
2988
2982
3012
2948
2949
2981
2942
3005
3091
2264
2931
2982
2999
2985
3006
2327
2961
2971
2959
3022
2985
2998
2976
3012
2991
2743
2978
2991
3007
2966
2981
2483
3002
2997
2980
2973
2999
2433
2995
2976
2973
198
2986
2518
2965
2984
2946
2996
2991
2983
2988
3010
2948
3017
3004
2988
3024
2961
2962
2987
3018
3005
2954
2992
2991
2990
2982
2945
747
2968
3017
2992
1949
2863
3017
2978
2976
3019
2978
2997
3000
2993
2995
2971
2959
2988
3013
3028
2967
2981
2791
2961
2963
2886
1984
2551
2783
2957
3004
3012
2984
2971
2999
2961
3012
3002
2982
2971
3013
1707
2980
2986
3001
2951
2976
2997
2993
2970
2991
1625
3016
2975
2992
3026
2998
1287
2944
2995
2998
3010
2971
1125
2806
3009
2961
3004
2988
3010
2990
2972
2981
2992
2977
2992
2935
2967
2996
2958
2986
2985
3054
3012
3034
3001
2987
2983
3015
2991
2979
2982
2792
3001
775
3026
2964
2971
2857
2982
3062
2992
2364
2962
2747
2428
2962
3004
2984
2988
3018
3005
3012
2984
3038
2960
268
2989
2935
3010
2980
2975
3007
2970
3003
3003
2993
2999
3004
2992
2960
2975
3014
2996
3031
3006
2933
2404
3008
2966
2993
2979
3000
2961
2981
2993
2969
2997
2987
2886
3001
2996
2972
2968
183
3006
2981
2929
1770
2986
2962
2817
2998
2986
902
2979
2983
2994
2976
2984
2998
2980
3008
2795
2974
924
2995
2996
2968
2987
2978
2972
662
2940
3001
2987
2998
2986
2980
3019
2994
2967
2997
3006
2914
3007
2997
2994
2837
3008
2998
517
3004
3011
3021
2984
2973
2954
2993
1308
2996
2987
2860
3007
906
2959
2967
2950
2993
2958
2994
2983
124
3006
2874
2989
3006
3006
2993
2980
2963
2991
3001
758
2982
3010
2979
3002
2988
2978
3006
3008
3006
2991
2997
3006
2983
3009
3023
676
2973
2944
3007
3002
2314
3025
3098
2969
2986
2996
2977
2953
2978
2941
2991
2954
2991
2994
2999
2984
3003
1848
3023
3008
2970
3002
3018
2301
2975
2994
2977
2983
786
3010
3026
2982
2991
257
799
3055
2957
2999
2998
3005
2954
2924
2989
1759
2951
2528
2995
2957
496
2963
2979
2947
2975
2970
2968
2969
3007
3004
2981
2997
327
2988
3018
2986
2993
3005
2986
2381
2978
2994
1893
2971
3014
2974
3001
3010
2924
3023
2981
3003
2978
2971
2968
2951
2981
2996
3000
3014
2998
2993
2984
2978
2997
2980
2994
2996
2978
3028
3010
2962
2989
1497
2977
2990
2966
3017
2954
2984
3006
2867
2936
2991
848
2988
3014
2994
2491
2988
2862
3001
2031
2957
3001
1508
2991
3017
2999
2980
2928
2987
3004
2999
2745
1614
3015
3001
2981
2990
2944
1161
3019
2968
3003
2991
3035
3009
2988
2999
2969
2982
2988
2709
2994
2851
3067
3009
3010
2779
2466
2947
2982
2983
2983
3002
3020
3000
2986
3004
3001
2991
2896
2948
3023
481
2916
2967
3006
2998
2414
2986
3050
2982
3040
2993
2971
2960
2936
2964
2448
2993
2958
2861
2990
2984
3010
3030
251
2951
2991
2972
2971
3005
2971
3000
2962
2956
2963
2713
2943
2953
3000
2995
2975
2973
2941
927
2983
2898
3022
3011
586
2991
3033
3007
2974
3002
2964
2998
2954
2958
2996
1876
2977
3071
3005
2944
2996
3010
2968
2970
2940
2999
2969
2997
2970
2949
2958
2356
2950
2979
1975
3000
2986
2981
2960
3005
3030
2974
2974
1287
369
2956
2992
2981
2956
2407
1975
374
3018
819
2969
2999
2999
2092
3024
2946
2992
2978
2991
707
2977
3004
3019
2972
2990
2991
2979
2988
2992
1689
2926
2972
3008
3005
2905
3005
2910
2978
2990
3002
1172
2094
2975
2934
525
2993
393
2987
2979
2962
2956
2975
2964
2954
2976
2999
2977
2985
2996
2922
3005
2990
3003
2869
2997
3013
3007
3005
2967
2985
2936
2878
2990
3002
3011
2955
2932
2993
2973
3000
2978
2968
2967
2928
2994
2993
3006
2987
1641
3004
2977
2338
3026
3001
790
3001
2984
2974
2975
175
2992
2993
2989
2432
3010
3002
2992
464
2981
2973
2991
2969
2980
2980
2916
2988
2979
2998
305
3006
2950
2992
3000
2983
2989
2997
2982
2981
2802
2984
2984
2997
2651
2969
2973
2964
2991
3012
1716
2999
1704
3004
2989
3000
2987
2911
827
2951
3015
2979
3035
2983
2983
3024
2990
2985
2950
2871
2980
2723
2995
3008
3007
2934
2938
2975
2988
2987
982
3015
2969
2984
2996
3058
2981
2964
133
2977
2998
2980
2994
2976
3068
2982
3018
2992
2961
3014
2947
2979
2981
2899
2988
2919
2951
923
1278
2980
2984
3001
2855
1693
2940
2990
2972
2999
1827
3005
2978
2951
2959
2992
2992
2967
2032
3001
2993
2998
2959
2968
2952
2874
2991
3015
2971
2985
2885
2975
2993
2990
3008
2985
2951
3006
2988
3009
2999
2961
2942
2605
2938
2976
2985
3017
2374
1137
2998
3014
2959
3004
2927
2965
3003
2991
2999
2980
261
2965
3008
2950
2999
1692
2973
2953
2939
2960
2987
2958
2903
1559
549
3015
2903
3023
2974
3015
3025
2999
2993
1595
2972
3029
3006
3011
3011
2978
2718
2995
2935
2983
2982
2994
2973
721
3000
2999
2918
2782
3007
3016
413
3009
2976
1416
2963
3013
3008
2349
2968
2995
199
2974
2980
2996
2980
3002
2934
2956
3004
3010
3064
3001
2994
3012
2993
2989
2985
2925
1825
2959
2994
3027
2999
3030
2962
2976
3006
2960
2995
2989
2787
2998
2906
2982
2998
268
2011
2986
2999
2966
2996
2962
850
2983
2809
2989
2978
2990
2977
2996
2993
2992
2963
3019
3009
1270
2886
3001
2413
2966
2967
2973
2988
2957
2720
2997
3005
3057
2979
2838
3004
2796
309
2941
2930
2722
2954
3016
2973
3002
2987
2988
3011
2975
2457
3026
2968
3007
2969
2977
2962
2992
2931
2979
2974
2989
2984
2393
2946
1524
2948
3025
2963
2995
2987
3001
2632
2982
2327
2991
3011
3016
2982
2979
1412
2967
2975
2994
2988
189
2968
2921
2958
3010
2968
477
2977
2998
2972
2970
2934
3031
2987
2971
3021
2979
2984
3010
3013
1713
2950
3000
2997
3006
3012
2853
2953
3003
2984
2990
2985
2075
2978
2944
2998
2987
2609
3008
3000
2334
3002
2973
3012
2998
2977
761
2979
2983
703
992
2817
2914
2998
3006
2995
2978
2995
2954
2941
2986
2966
2989
3032
2967
3012
2983
2994
2964
3020
2992
2983
2976
3001
2998
2995
2973
3024
3003
3030
2849
3017
1608
2962
3003
1730
2984
2972
2988
2998
3070
2984
2987
2991
2958
3009
2964
2263
2991
2989
2934
3016
2982
1702
3000
3011
2785
3014
2997
3010
2978
2957
3073
2994
2953
2977
2927
2973
2950
3003
2969
2978
2989
3023
3062
2571
2963
2978
2954
3057
2986
2978
2973
3016
2974
2932
2998
3034
3029
2979
2967
2969
2983
2984
3001
2989
2942
2988
3056
2990
2965
2241
2992
2984
3005
3000
2975
2994
2962
2991
2858
2975
2980
3016
452
2981
1373
2977
2987
3014
2929
2977
2848
2896
2944
2992
2227
2952
2975
2989
2993
2954
3011
1086
2981
2975
2960
2938
376
1913
2959
2979
901
2996
2959
2970
2928
2999
2995
1378
2993
1909
2991
3002
2973
2955
3040
2981
2967
2980
2961
3010
573
3004
2960
2914
2970
2949
2988
2994
2959
2993
2974
2992
2981
2995
1621
2976
2991
2981
2997
2947
3006
2975
2986
2973
2965
2983
2982
3008
2996
1891
2959
2967
2979
3012
2987
2973
2950
2996
2967
3005
2982
3016
2991
2982
2968
3016
2990
2976
2979
2919
3022
2990
3004
2970
986
3006
3026
3002
3010
2194
2954
2979
3021
967
2981
1003
3031
2987
2991
2995
2984
3024
2966
3003
2958
3004
2925
2979
2980
2994
3003
2965
2616
3007
3009
2959
2989
3017
3000
2985
2945
2960
3007
2991
2996
2964
2960
773
2523
2988
2922
2993
3018
2004
2959
180
1799
2993
2942
2991
2960
786
3063
3032
2909
2999
3001
2993
2971
1151
2895
2992
2983
2989
2481
2959
2944
2948
3004
2998
2992
2976
2934
2974
3032
2066
3026
2980
2942
2807
2996
2985
2971
3011
3008
3020
2964
2992
2961
2982
2896
848
2973
438
408
2958
3018
2945
1299
2986
2954
2972
3004
2980
1074
2935
2997
2979
2963
2962
3005
3007
3004
2987
2513
2993
2920
3023
563
3004
3024
653
1873
2964
2988
2991
3018
2991
2977
2938
2997
3017
2987
3005
3005
2598
1721
2991
2976
2986
2981
3006
2999
2989
2995
2986
2979
2950
3001
3043
2989
2975
1301
2605
2977
2991
2990
1081
2933
2980
2961
2992
3021
2984
2997
2991
2984
2993
2873
2984
2983
149
3000
2988
2977
3023
3006
2973
2992
2989
2979
3004
2990
1565
3007
2570
267
2948
3077
2971
2986
2988
2988
3014
2998
2865
2994
2998
2557
2988
2948
2961
2989
2954
2854
339
354
3010
3019
3008
2980
2941
2992
2990
2992
2990
1259
3008
3009
2986
2948
2125
2990
2755
2953
415
1212
3030
2982
1392
2994
3000
2961
2980
2990
2999
2959
2988
2999
3007
3013
2973
2975
2979
3004
2983
2769
2962
2261
2996
3032
3043
3000
3063
2998
3003
3003
2987
2991
2989
2993
3006
2965
2996
2974
2986
2977
3014
2922
2950
3001
2981
3002
2911
2995
3002
2985
2982
2971
2977
2967
2956
1085
3004
3009
2983
2945
3021
2955
2996
2967
2933
3005
2942
3005
2992
2300
2985
3004
2980
2982
2961
3005
2054
540
3001
2987
165
3038
3013
3014
3010
2999
3008
2992
2980
2943
3002
2826
2970
2975
3014
2987
2976
3007
842
2982
2985
2985
3000
2956
2984
3023
1108
3019
2984
2998
3016
2972
3000
3017
2992
3003
2992
2991
2984
1219
2994
2909
2968
2950
1895
2984
2996
2963
2992
3009
3004
2987
2966
3005
2927
2985
2999
2974
3024
2979
2987
2993
3028
2986
1468
3008
2936
838
713
3021
2972
2481
3000
3002
1482
2971
2999
2970
2049
3002
2967
2957
2989
2990
3001
3014
2984
2988
2951
3004
1524
2897
2152
3058
2930
3021
2938
2999
3016
3001
2601
3001
2956
2979
2992
2981
1645
2951
2988
2769
2993
3010
2768
2973
576
2972
2975
2583
2984
2945
2992
2999
1403
3055
2927
2645
3005
2992
3011
3003
2971
2982
2970
2975
2979
2950
2937
2998
2477
3081
2998
3003
2914
3006
2994
3031
2996
2969
2920
3006
2954
2984
2972
2992
2989
2987
3006
2984
2995
2937
2969
2035
2994
212
2957
2988
3007
2510
2746
2998
2906
2967
2983
2976
3002
1337
2978
2970
3002
2963
2986
2987
2959
2986
2992
2966
331
2998
490
3003
2968
3005
3007
2565
3011
2960
2753
2976
2960
2849
2953
2996
2174
2987
2951
2988
2884
2996
1447
2966
2985
2986
2994
3032
3013
2977
2979
1610
2992
2968
3062
3012
2980
2964
2045
2802
3013
2976
2966
2971
2969
2982
2997
2973
2992
2959
2998
2953
2978
2979
2963
3004
2992
2907
3000
2981
2994
2979
2992
2996
1594
577
2986
2978
2999
2962
3030
2967
3019
2977
2985
3000
485
3018
2995
1672
2945
842
2880
2970
3013
335
2212
2998
3007
2979
2963
2992
1804
3003
2956
2967
2989
2937
3018
3000
2987
2993
1956
3011
2987
3000
2993
2955
2988
2974
3006
2993
2766
2832
2971
2999
2981
2986
2993
3000
2972
3022
2983
2975
2949
3017
3020
2977
2979
3011
2970
2974
3045
3018
2821
2967
2992
2973
2976
2994
2988
2948
2987
2984
3003
2983
2996
3000
2867
2990
2980
3010
3017
1201
3014
2907
199
2997
3006
2508
2971
3082
2968
833
2960
3007
2985
2998
2967
2988
3023
2955
2987
3017
2967
2997
3030
2998
2898
2980
1818
2972
2993
2928
2986
2994
2957
3005
3013
2975
2602
2997
2994
2973
2983
156
2943
2969
3002
3010
3001
2972
208
3037
2955
2918
3008
3020
1042
2982
2922
2971
3014
2991
2936
2993
2655
2942
3001
951
2963
2966
3033
2977
2971
2989
2975
2988
2988
2893
3000
2988
2991
2971
2979
2972
3005
506
533
2883
2936
2994
2925
2985
2968
2999
2991
2978
2996
2816
2968
2956
2974
498
3006
2871
2977
2997
2995
3007
2986
2989
3016
3005
3008
2945
2100
3013
2869
3033
2859
2987
2990
3011
2978
2982
2990
337
1728
3024
2997
2991
2920
3013
3001
712
3001
2995
3001
2979
2985
2987
2961
2985
2966
2998
2988
538
2360
2948
2971
2986
2993
2953
3008
2981
3029
2955
2966
2909
3046
2609
2972
2951
2988
3000
2972
1482
2985
2948
3016
3009
2932
3003
161
2988
2999
2970
2963
2978
2963
2962
2986
3002
2348
2995
2963
2972
2087
3003
2752
2980
3025
2975
3001
342
2975
3001
2979
2966
2999
2944
2967
2975
2965
2912
820
2971
2977
2941
2998
2985
2737
2977
3031
2954
1237
3014
2999
2982
2997
2970
3004
2969
2923
2977
2948
2965
2937
