1547
1517
1562
1557
1521
1557
1410
1555
1565
1556
1559
1551
526
1560
1502
1086
1553
1268
1557
1556
1557
1578
1562
1563
1549
1552
1562
1547
1561
1565
1563
1554
1550
1559
1553
1559
1439
1542
1562
1566
1558
1554
1566
1539
1553
1557
1551
1551
1558
1564
1570
1557
1557
1559
1560
1557
1557
1547
1561
1563
351
1549
1551
1549
1559
1558
1548
889
1545
1567
582
1551
1562
1557
1554
1555
1560
1545
1558
1560
1552
1562
1559
1557
1563
1480
1545
1551
1539
1552
1543
1558
1552
1558
1559
1536
884
1572
1563
1550
1558
1442
1557
1562
1550
1559
1531
1553
895
1551
1557
1397
1547
1568
1564
1194
1558
1563
1543
1557
1566
1556
1550
1564
1556
1441
1547
1562
1564
1554
847
1513
1559
1569
1562
1551
1557
801
1552
1483
1567
1553
1547
1478
1557
1552
1544
1547
1530
1557
1551
1465
1557
1564
1563
913
1547
1560
1543
1560
1556
1563
1484
1548
1564
1558
1560
1553
1531
1562
1562
1552
1524
1568
1559
1563
1544
1564
1542
1554
1542
1462
1562
1566
1559
1556
1559
1541
1561
1555
1555
1545
1564
1550
1552
1560
1557
1559
1553
1450
1568
1559
1558
1558
1557
1559
1539
1562
1556
1553
1564
1559
1557
1562
1553
1559
1552
1556
1562
1555
1566
1550
1556
1560
1559
1562
1562
1563
1558
1559
1553
1095
1560
929
911
1559
1561
1551
1561
855
1559
1524
1568
1552
1545
1561
1543
1553
1558
1528
823
1553
1568
885
1558
1563
1553
1545
1564
1556
1566
1565
1555
1561
1561
1558
1562
1560
1557
1562
1557
674
1566
1557
1559
1564
1558
1556
1559
1459
1556
1047
1559
1557
1558
1548
1574
1545
1558
1552
619
1558
1560
1560
1559
1545
1555
1554
1567
1564
1556
1557
1563
1555
1560
1552
1560
1542
1566
950
1562
1557
1064
1547
1557
1555
1558
1551
1560
1565
1558
1559
1552
1562
1563
1569
1562
1570
1571
1562
1554
1544
1566
948
1557
1563
1555
1545
814
1560
1559
948
1546
1563
1562
1494
1558
1549
1560
1563
1555
1559
1563
1000
1562
1564
1557
903
1526
1561
1557
991
1558
1565
1546
1563
1518
1559
1559
1555
1559
1561
1562
1569
940
1550
1562
1563
1561
1561
1556
1550
1543
1554
1557
1563
1564
1555
1569
1550
1556
1553
854
1545
1553
1561
1553
1412
1563
1556
1555
1562
1564
842
1561
1565
1560
1373
1557
1559
1563
1557
1566
1457
1555
1562
1557
1555
1546
1564
792
1561
1559
1559
1555
1563
882
774
1553
1560
1557
1543
1541
1560
1570
1554
1561
1555
1560
1562
1532
1554
1558
1564
1568
1554
1568
1540
1556
1564
1540
1564
1560
1563
377
1565
1567
1557
1554
1563
1544
1554
1556
1562
1558
1562
1560
1558
1546
1547
1557
1551
1546
1553
1559
1568
1562
1548
1559
1563
1563
1566
1555
1543
1551
1559
1565
1563
1555
1554
1554
1547
1565
1563
1566
1553
1557
1569
1567
1559
1404
1551
1563
1562
1553
1569
613
1557
1564
1544
1212
1557
1570
1554
1558
1563
1297
924
1559
1562
1563
1562
1119
1565
1559
1554
1555
1557
1560
1552
955
1370
1556
1545
1557
1558
1557
1562
1560
1564
1559
1563
1560
1557
1547
1558
1500
1552
1561
1553
1560
1551
1533
1552
1565
1557
1552
1557
1553
1566
1544
1561
1561
643
1560
1558
1562
888
1561
1360
1546
1560
1556
1548
1559
1550
906
1557
1558
1496
1549
1561
1557
1138
1564
1553
1568
1555
1560
1563
1561
1558
1557
1555
1561
1553
1560
1561
288
1555
1496
1562
1552
1551
1555
1569
1559
1565
1570
1563
1544
1557
1544
1554
1562
1560
1551
1567
1558
1555
1554
1566
1565
1567
1557
1556
1562
1564
1556
1563
1560
1559
1553
1561
1564
1557
1561
1565
1560
1562
1560
1561
1541
1561
1555
1553
1553
1560
1557
1551
1559
1557
1559
1563
1563
1563
1557
1568
1559
1553
1561
1545
1569
1556
1565
1558
1559
1563
1558
1546
1561
1545
1554
1564
1564
1563
1388
1555
1567
1557
1550
1561
1559
984
1565
1552
1567
1559
1564
1551
1560
1557
1547
1553
1559
1563
1526
1562
1560
1560
1545
1557
1560
1509
1559
1556
631
1559
1565
1447
1558
1202
1556
856
458
1561
1544
1560
1562
1559
1552
1548
1564
1546
1210
819
1559
1564
1562
1553
1561
1559
1559
892
1557
1560
1558
1553
1556
1563
1546
1559
1551
1560
1560
1561
1562
1561
1566
1564
1556
1555
1558
1566
1554
1560
1558
1566
1568
1561
1558
1558
1561
1563
1557
1559
1562
1543
1561
1552
1530
1550
1561
1551
1562
1282
1497
1555
1559
1555
1546
1548
1561
1561
1562
1556
398
1559
767
1552
1569
1560
1562
1554
1562
1570
1567
1559
898
1561
1551
1555
1560
302
1559
1564
1564
1546
1210
1546
1552
1555
1557
1566
1565
1306
1455
1559
1561
1549
808
905
1561
1556
1559
1539
1551
1252
1560
1552
1565
1567
1540
1566
1558
1562
1561
1563
1560
1563
868
1555
1554
1559
1544
1559
1560
1556
1558
1547
1557
1553
1557
1557
1556
1177
1025
1546
1553
1564
1349
1548
870
1562
1566
1558
881
1559
812
1551
1557
1541
1548
1568
1559
1558
1561
1541
1468
1553
1555
1555
1557
1547
1563
1554
1558
1562
1554
1554
1549
1566
1551
491
1566
1534
1560
1558
1562
1543
1148
1545
1564
1548
1535
1535
914
1548
1544
627
1559
1551
1561
1558
822
1560
1549
1558
1559
1557
1559
1548
1554
1558
1574
1555
1561
1560
1559
1561
1556
1561
1546
1552
1555
1555
1557
1559
822
1558
1559
860
1562
1559
1563
1557
1567
1538
1555
1563
1554
1558
1560
1555
1558
1560
1569
1550
826
1247
1557
1559
1501
1562
1553
1550
1564
1564
1564
1553
1561
1566
1558
1542
1553
932
1516
1554
1518
1556
1499
1550
1553
1557
1562
1560
1456
1544
1565
951
1552
1564
1560
1550
882
1563
1550
1180
1561
1555
323
1558
1569
1554
1522
1563
1549
1553
1564
1552
1460
1557
1564
1563
1553
1550
291
1417
1560
1529
1551
1364
1562
1559
1560
1552
1563
1562
1560
1561
1554
1560
1568
1564
1562
1557
1557
1566
1544
1554
1554
1571
1562
1559
1547
1565
1563
1556
593
1565
1548
1562
1559
1542
1565
1337
1560
1560
1561
1526
1524
1554
1546
1555
1560
1554
1550
1570
1560
899
924
1558
1554
1560
1551
1570
1559
1565
1554
1569
1559
1559
1534
1552
1540
1562
1541
1297
1552
1557
1557
1562
1572
1558
981
1562
848
1567
882
1552
1562
708
1562
1558
1566
1565
1565
1564
1556
690
1562
1056
1540
1564
1549
1563
1561
1557
1558
1562
1563
1553
1542
1564
1321
1553
1534
1556
1555
1552
1560
1554
1564
1547
1495
1560
1559
1556
1559
1555
877
1559
1548
1553
1550
1555
1558
1554
1559
1563
1564
1559
1555
1564
1559
1551
1564
1564
1548
1561
1551
1559
848
1557
1545
1561
1550
1557
1557
1554
1568
1552
1138
1273
1560
1552
1562
1410
1558
1559
876
1553
1555
1556
1567
1556
1552
1012
1564
1553
1565
1560
1559
1558
1562
1563
1565
1559
699
1551
703
1561
1558
1557
1225
1563
888
1558
1562
1532
1539
1556
1558
1558
1562
1560
1557
1559
1539
1556
1524
1564
1563
1560
1553
1559
1394
1556
1560
1562
1564
1562
1559
1546
1557
1562
1555
1561
1542
1558
1564
1552
1552
1550
1561
1559
832
1028
1387
826
1550
1563
1552
1560
1553
1551
1550
1016
1554
1555
1555
1551
1000
1544
1540
1558
1566
1562
889
1551
1558
1564
1558
1556
1562
1556
1286
1560
1315
1554
1514
1572
724
1546
663
1558
1557
1558
1560
1355
448
1545
1556
1545
1200
1563
1552
1563
1566
1014
1554
1559
1562
1554
1555
1542
1566
1558
1558
889
1562
1554
1558
1543
1549
1555
1557
1562
1564
1563
1560
1544
1562
1562
1558
1553
1560
1546
1333
1179
1565
1551
1566
1566
1557
1561
1552
1559
1554
870
1558
1531
355
1563
1561
1549
1560
1561
1554
1554
1148
1550
1567
1562
1556
1555
1562
1561
1542
1555
1557
1557
1564
1548
1279
1559
1559
1561
1426
1558
971
1554
1561
1557
1562
1559
1547
1567
1554
1552
1542
1559
1562
1553
1563
1559
1547
1565
1555
1563
1546
1550
1558
1559
1558
1547
1527
1532
1562
1564
1559
1481
1551
1544
1285
1560
1558
1563
1318
1523
1555
1544
1570
1549
1556
1553
1553
473
1552
1554
1557
1546
1537
1559
1571
1527
1565
1565
1564
1562
1558
1368
1549
1547
1563
322
1543
1548
1554
1564
1559
1559
1564
1563
1552
1558
1554
1556
1562
1563
1550
1527
1564
1552
1542
1562
1375
1558
1553
1378
1561
1545
1560
1546
1560
1550
1549
1557
1538
1558
1561
1556
1558
1504
425
1550
1553
1543
1540
892
824
1558
531
1558
1560
1438
1554
1529
1561
1561
1434
1555
1553
1535
1548
1552
1546
1543
1558
1545
1559
1554
1561
1099
1560
1576
1551
1557
1554
1566
1560
1531
1556
1568
883
594
1562
1560
800
1565
1555
1376
1555
1549
1563
1567
1556
1041
1565
1538
1500
1558
1563
1557
1405
1557
941
1555
1447
1563
1567
1557
513
1563
1568
1554
1548
1547
1564
1539
1561
1556
1147
1565
1557
1559
1563
1560
1555
1561
1559
1564
1552
1564
1565
1561
1562
1564
1537
1561
1480
1542
1554
438
1554
1561
1558
1565
1542
1557
1564
1559
1563
1563
1078
1552
1549
1553
1562
1562
1557
886
1556
1556
1562
1559
1558
1556
1547
1557
1562
1553
1566
1553
1556
1540
1563
921
1547
1559
1548
1558
1562
1562
1561
1578
872
1550
1557
1562
1559
1560
1555
1565
1560
1037
1555
1557
1554
1547
1554
1561
1557
1534
1565
1558
1559
1566
1101
1559
1546
1560
1557
1555
1554
1553
1563
1545
1556
1564
1558
1545
1255
1560
1562
1558
1136
1554
1547
1562
1563
1555
1554
1034
1541
1552
1562
1215
1558
1557
1572
1566
1565
1564
1559
1556
1559
1561
1555
1555
1564
1543
1541
752
1557
1559
1565
928
1553
1567
1559
1562
1546
756
1564
1551
1559
1533
1558
1566
698
1565
1563
1561
1555
1559
1554
1559
1474
1559
1559
1505
1029
1553
1558
1569
1553
1563
1563
1560
1561
1567
1555
1561
1458
1560
1546
1561
1559
1564
1556
1567
1562
1562
665
1562
1566
1556
1553
1560
1570
1559
1563
1561
1560
1548
1546
1555
1564
1554
1566
1557
1567
1548
1546
1552
1562
1560
1566
1556
1555
1556
1558
1543
1560
1559
1554
1561
1560
1549
1560
1564
1561
1538
1559
1562
1556
1558
1559
1562
1558
1560
1563
1567
1559
1055
1548
1558
1561
1558
1558
1561
1561
1551
1547
1559
1559
1304
1561
1523
773
1569
1561
1568
883
1562
470
797
1556
1556
1151
1543
1555
1556
1275
1558
1561
1570
1562
1558
1559
1563
1564
1558
1267
1556
1400
1551
1556
1554
1558
1556
859
1553
1560
1550
1561
1546
1552
1567
1093
1557
1558
1557
1186
976
1562
1552
1548
645
1561
1557
1561
1442
1569
1006
1560
1563
1569
1546
1557
1559
1558
1563
1296
1554
1566
1561
1558
1573
1551
1542
1559
1552
1563
1541
1550
1559
1560
1555
1536
1550
1563
1546
1566
1555
1525
1408
1566
1562
1557
1548
1554
1551
1564
1559
1552
1559
799
1556
838
1164
1308
1560
1563
1560
1547
1544
1563
1561
1539
908
1573
1545
1557
1094
1145
1562
1563
1557
1566
1396
1525
1558
1445
1556
1562
1550
1559
1535
1560
1565
1553
1553
1540
1565
1567
1560
1559
1020
1473
1563
1522
1553
1560
1550
885
1557
1429
1558
1558
1563
1559
1556
1563
1556
955
1556
1557
1558
1550
1558
1551
1553
1552
1565
1554
1565
966
1566
1567
1137
1554
1558
1554
987
1521
1556
1559
1563
1564
1137
1558
1039
1547
1562
1560
1552
890
1560
1528
1556
1556
1553
506
1562
271
1305
1564
1556
1559
1557
1547
1570
1559
887
773
1028
1563
965
1562
1560
1556
1552
953
1563
1560
1543
974
1556
1558
1549
1544
980
1563
1562
1550
1553
1554
1553
1559
1543
1568
1564
1556
1563
1557
1557
1567
1564
1563
1544
1549
1522
1565
1556
1560
1557
1558
1554
1558
1561
1560
1548
1560
1050
1564
1553
1546
1304
1557
1553
1560
840
1537
1561
1564
1555
1555
1207
1552
1558
1559
1548
1556
1566
1548
1560
1559
1558
1561
1553
1341
1553
1364
1561
1547
1587
1550
1559
1537
1558
1557
1557
1173
1568
1563
1557
1191
1558
1429
1540
1559
1561
1553
1425
1550
1560
1560
1558
1542
1559
813
1562
1530
1567
1557
1556
1557
1542
1121
1558
1567
1563
1565
1557
1561
1562
1552
1530
1559
1556
1559
1557
1560
1561
1561
1570
1559
1554
1553
1548
1117
333
1562
1546
1561
1555
1561
1242
1551
1546
1558
1554
1558
1552
1555
1560
1570
1556
1563
1553
1532
1561
1553
858
962
1546
1557
1558
1556
1559
1559
1553
1552
964
1570
834
1554
1558
1558
514
1564
1557
1527
1545
1565
1552
1555
1564
859
1558
1489
1563
1235
1544
1559
1558
1566
1558
1557
824
1559
1557
1545
1559
1493
1554
1567
1550
1550
1560
1262
1559
1558
1558
1555
1564
1546
1559
1562
1554
1562
1559
1558
1557
1322
1549
1556
1554
1565
1560
1548
1561
1546
1558
1561
1559
1565
1554
1553
1563
1554
1563
1300
1546
1559
1555
1556
753
1550
1511
1562
1542
1559
1372
1127
1561
1547
1551
1560
1521
1555
1553
1556
1556
1541
1550
672
1562
1560
1566
288
1551
1569
1557
1560
1541
1554
782
1553
1564
1579
1566
1566
1561
1557
1477
597
1559
1561
1558
1557
1552
1560
1553
1545
1560
1548
1545
1559
1564
1563
1565
1559
1568
1562
1557
1561
1555
1566
1557
1548
1246
1188
1558
1553
1556
359
1562
1559
1560
1568
1559
1552
1239
1531
1558
1560
1555
1561
1545
1556
1547
1556
1557
1572
1568
1569
1439
1557
1549
1563
861
1063
1546
1539
1547
1560
1542
1561
1560
1555
1562
1550
1562
1556
1563
1568
1551
1558
1564
1548
1539
1559
1558
1561
1542
1559
1552
1557
1555
1560
1554
1561
1551
792
1550
1537
1546
1560
1555
1558
1556
1564
1004
1556
1542
1467
1561
1552
1559
1553
1555
1560
1552
1547
1556
1558
1539
1553
1548
1556
1555
1552
1525
1558
1558
1340
1556
1560
1554
1558
1553
1560
1557
1550
1556
885
1125
1566
1543
1553
1563
1559
1064
1565
1560
1560
1565
1554
1499
1567
1556
1561
1556
1058
1569
1552
1527
1522
1553
1450
1542
1558
1556
930
1563
1216
1560
1555
1566
1565
1564
1565
1556
1556
1562
1543
1564
1563
1552
1563
1564
1572
1201
1554
1553
1478
1560
1538
1564
1565
1557
1543
1545
1553
1561
1558
1552
1558
1562
1549
1561
1561
1553
1560
1563
1539
1556
1549
873
1561
1563
1493
1545
1561
1563
1559
921
885
1556
1544
1560
1557
1560
1554
1558
1059
1560
1546
1557
1547
1557
1536
1546
1565
544
1546
1561
1558
1554
1558
1525
1566
1557
1543
1567
758
1538
1556
1548
1561
1562
1555
1552
1555
1561
1563
878
1090
1564
1562
1554
1558
1559
1553
794
1558
1557
1557
1541
1552
1558
885
1552
1567
1190
1552
1565
284
1120
1562
1565
1558
1368
1565
1558
1552
1558
1554
1558
1564
1558
1545
1567
1541
1563
1557
1563
1548
1563
1558
1559
1559
1552
1481
1273
1548
1532
1128
1533
1561
1541
1550
887
1545
1554
1567
477
1563
1558
1552
1562
1546
1562
1559
1541
1565
1523
1560
1555
812
1564
1564
1553
1560
1568
994
1286
1563
1556
1561
1195
1556
649
1563
1556
1553
1553
1559
1556
1503
1568
1560
1567
1537
615
1550
1559
1545
1554
1553
1554
1562
1559
1568
1551
1542
1562
495
1555
1559
1548
1555
1555
1564
1570
336
940
1551
1568
1560
1574
1562
1549
1551
1490
1558
1535
1562
1031
1568
1556
1557
1545
1553
1549
1548
1554
1556
1554
1561
1558
1569
1537
1561
1563
1558
1562
1538
1547
1536
1554
1546
1560
1537
1548
1564
1559
1552
1559
1558
1565
1542
1547
1559
1555
1557
1561
1542
1551
1551
1567
1547
1559
1557
1378
1558
1558
1564
1561
1547
1553
1559
908
1558
1561
1560
1557
1569
1558
1550
1547
1556
1382
818
1559
1560
1551
1542
1532
1562
1558
1559
615
1559
1562
1542
1555
1560
1566
1561
1553
1554
1527
1539
1556
1561
1563
1561
1549
1464
1563
1562
1563
1549
1555
1544
1552
1564
1565
1566
1556
1554
1564
1556
1540
1556
1555
853
1550
1553
1563
1562
1553
1560
879
1558
1391
1557
1568
1561
1549
1578
1558
1155
595
1555
1556
1554
1561
1546
1556
1559
1554
1555
890
1562
1568
1555
1556
1563
1501
1558
1561
1533
1552
1568
1566
1561
850
1559
1529
1559
1160
1556
819
1558
1560
1562
1542
698
1562
1260
1454
1551
1556
1532
882
1563
1559
883
1566
1546
1560
1459
1562
1554
1555
1564
1558
1562
1559
1560
1559
1557
1566
1558
1563
1556
1556
1389
1559
1553
1553
1561
1563
1563
1556
1553
1555
1560
1560
1561
1547
1526
1554
804
1549
959
1564
1555
1569
1559
1570
1578
1561
816
1566
1562
1554
1566
1503
1555
1545
1556
1561
1565
1553
1554
557
1558
1558
1548
1563
1561
1556
1551
1559
1565
1557
1438
1552
1561
314
1557
1561
1570
1563
1556
1549
1549
1159
1353
1563
1002
1139
1563
1547
1564
1559
1556
1456
1344
928
1310
1559
1562
1560
1359
1543
1558
1555
1557
1492
1561
1556
1555
1562
1554
1537
1559
485
1566
1557
1545
1559
1552
1561
1553
1549
1550
1564
1551
1553
1559
1557
803
1547
1555
1561
747
1550
905
1558
1558
1559
1557
1567
1559
1552
1556
1564
1562
1562
1558
1562
889
1559
1558
1558
1555
1545
883
1564
1558
1567
1564
1547
1563
1571
1558
1555
1557
1572
1203
1557
786
1531
1544
1562
598
1556
1544
1559
1543
543
1551
1557
1561
1565
1433
900
1566
1217
1558
1001
1545
924
1559
740
1565
1557
1558
1562
1552
1561
1076
1563
1529
1556
280
1561
1549
940
865
890
1568
1561
877
1564
1558
1558
1560
1562
1567
1559
1547
1560
1460
1555
1553
1559
1564
1554
1547
1554
1552
566
1559
1560
1565
475
1001
1564
1566
1570
1560
1554
1030
1554
1559
1570
1546
1539
1557
1578
1549
1501
1548
1560
1558
1560
1560
1561
1564
1557
1545
891
1573
1558
1557
1561
1560
1561
1558
1552
1554
1572
1566
1569
1557
1549
1288
1552
1546
1557
1493
885
1544
1559
1550
1559
1552
1380
1554
1479
1559
1551
1541
1547
1081
1552
879
1558
1559
1550
1557
930
1515
1569
1556
1555
1537
1553
1559
1567
1562
1563
1012
1551
1545
1546
1556
1577
1545
1557
1071
1559
1552
1563
1558
1558
1481
1544
1563
830
1531
1563
1561
1565
1575
1547
1560
1562
1525
1555
1571
1563
735
1549
1566
1560
1549
1550
1561
1541
1555
1540
1556
1566
1557
404
1558
1553
699
1552
1545
1559
1549
1552
1558
1552
1563
1564
1553
1555
1557
1547
1554
1558
1558
1566
1542
1561
1561
1551
1555
1570
1563
1555
1562
1557
1551
1558
1544
1554
1558
1559
1551
1559
1567
1176
1541
1557
917
1557
1552
1556
1560
1565
1384
1558
1060
978
1555
1558
1555
1565
1556
1557
1564
1560
1554
1555
1556
1554
1558
1561
632
1560
1548
1553
1559
1517
1539
1563
882
1561
780
1563
1560
1561
1561
1558
1562
1551
1563
1478
1558
1539
1565
1556
1562
1429
1556
466
1558
1560
1558
1556
1394
1562
1036
1558
1554
1558
1563
1551
1555
1555
1561
1553
1546
1540
1551
1563
1556
1553
1543
1566
1553
1558
1556
1566
359
1563
1543
1543
1547
1551
1557
1546
1549
1557
1557
1562
1536
1561
1556
1560
1544
1561
1556
1561
1558
1548
1560
1560
1565
1554
1557
1520
1545
1543
1526
1557
1569
1504
1563
1566
1541
1556
479
1164
1560
1558
1563
1561
892
1556
1172
1556
1559
1558
1560
1549
1564
1555
1561
1550
1088
1554
1558
1555
1562
1410
1553
1549
1560
1552
1563
1546
1557
1556
1556
1562
1562
1385
1546
1560
1564
1563
1555
1547
1257
1572
1546
1557
1557
889
1556
1551
1569
1552
1558
735
1570
1546
1086
1557
1560
1542
1545
1538
1557
1561
1562
1545
1558
1329
1184
1561
1564
1559
1564
1554
1345
1092
432
1543
1563
769
1560
900
1559
1540
1562
1236
1562
1553
883
1497
1560
944
1564
1565
1559
1557
1561
1558
1204
1553
1572
931
1420
1551
1546
1551
845
1566
1550
1557
1557
1552
1542
1554
1559
1558
1560
1562
1541
1562
1548
1556
1564
1554
1565
1553
1554
1546
1554
1548
1560
1559
1553
1562
1556
1561
1555
1562
929
1546
1564
1558
1550
1551
1567
1313
1557
1559
1566
1558
1563
1567
1559
1561
1546
1569
996
1556
1560
1564
1563
1556
1568
766
1560
1559
1550
1395
1582
1560
1564
1554
1543
1565
1558
1558
1556
1515
1522
1565
1567
1528
1558
1558
1554
1570
1170
1530
1555
1558
1561
1547
1557
1558
1561
1558
1557
1562
1566
1559
1555
1546
1557
1563
1547
1561
1546
1560
1548
1539
1562
1548
877
1564
1554
1558
1549
890
1557
1559
1559
1555
1529
1564
911
885
1542
1565
1552
1549
1540
1548
1558
1547
1552
1407
1542
1550
1560
1544
1547
1559
1562
1387
1554
1556
1426
1559
1566
1563
1558
1552
1558
1561
1560
1558
1567
1553
1531
1540
1556
742
1543
1509
1556
1562
1552
1458
1566
1558
1560
1571
1562
1563
1551
1551
1558
1529
1208
1544
1340
1568
1533
1541
1561
1561
1551
1562
1560
715
1546
1565
1556
1545
1557
1557
1566
1557
1562
1557
1555
1352
1553
1559
1546
1560
1545
1549
856
1552
1574
1556
1547
1566
1574
1556
1555
1567
1360
1552
1569
1556
1557
1554
1561
1297
1568
1555
1559
1564
1539
1558
1559
1560
1551
1553
1565
1563
1537
1561
1558
1553
1562
1558
1556
1566
1558
1556
1554
1561
1566
1557
1559
1550
1521
1565
1563
1560
1545
1502
1542
1561
1563
880
1561
1562
1552
1555
1558
1552
1483
1561
1568
1552
1556
877
1554
1559
1557
1460
1561
1560
1558
1553
1557
1552
1556
1559
1547
1556
1514
1558
1543
1542
1562
1556
1534
1550
1558
893
1559
1563
1223
1547
1549
1544
1555
1559
1523
1548
1561
1545
1547
1563
1542
1553
1540
1561
1551
1548
1554
1552
1541
913
700
1557
1551
1557
1557
882
1563
1553
1564
552
1551
1562
1554
1543
1568
549
1562
1555
1557
1565
1566
1557
1562
1563
1549
1559
1551
1562
1564
1034
822
1558
1558
1558
1560
1558
1554
1560
1553
1229
1557
1566
882
1545
1562
1502
1563
1251
1568
1553
1550
1563
1549
730
888
1013
1561
1562
1554
1566
1563
1471
1556
1568
1540
1549
1560
1554
1564
1551
1562
1064
1560
1558
1560
1556
1526
1551
1522
1552
1562
1560
1559
1558
1558
1562
1564
1557
1550
527
1537
1560
1557
1565
1551
1552
1550
1544
642
1558
1558
1558
1556
1564
1563
1542
1562
1542
1564
1568
1367
1556
1559
1562
1565
1563
1547
1545
1563
1550
1540
1518
1559
1552
1563
1563
1563
1560
1561
1551
1564
1562
1561
1554
1564
1186
1556
1559
1545
1552
1556
1561
1561
1556
1559
1569
1558
1419
1568
1567
1559
1566
1563
1562
1558
1560
897
1560
1205
1560
1552
1562
1528
1564
1544
1551
1555
1538
1561
1543
1563
1544
1373
1556
1555
1563
892
1563
707
1542
1519
1562
1564
1561
1559
1559
1396
1561
1560
1563
1556
1564
1565
1559
1556
1564
1558
1559
1561
1550
1551
1556
1557
1553
1561
1556
1560
1554
1557
1556
1556
1569
1557
1559
974
1562
1562
1572
1553
1543
1550
1560
1557
1556
1561
1561
1566
1552
1561
1553
1548
1554
1550
1563
1555
1070
1559
1553
1553
1555
1036
1564
1555
1126
1560
1543
1112
1558
1547
882
1563
1552
1567
1554
1561
1561
733
1555
1564
1558
1536
1557
1556
1557
1560
1569
1131
1562
1542
1548
1561
1567
1529
1559
1557
891
1561
1552
1562
1557
878
603
1187
1559
1565
1553
1558
1560
1561
1557
1558
1560
1556
1553
1551
1551
933
1564
1554
1565
1548
1552
1541
1512
1552
1559
1552
1555
802
1562
1555
1549
1565
1178
1570
873
1549
1558
1562
1568
1566
1238
1555
1550
1561
1560
1556
1566
1561
889
1562
1552
1556
1561
1557
1555
1558
1561
1553
1557
1557
1562
1565
1566
1557
1562
1560
1515
1555
1565
1557
1561
1557
1554
1553
1560
1557
871
1536
1558
1530
1560
1560
1498
1555
1562
1552
1555
1564
1556
1555
1555
1556
1558
1557
1552
1561
1563
1555
1544
1562
1561
1556
1563
349
1554
1558
1229
1569
1531
1557
1557
1179
890
1563
1560
1551
1590
1548
1546
1558
1570
1546
1052
1557
1557
1541
1562
1559
1088
1556
1556
1567
838
1483
1551
1560
1553
817
1563
1537
1551
890
1563
1559
1562
1551
1561
1556
1556
1553
884
1562
1418
1561
1550
1557
1549
1563
1564
917
1555
1564
1052
1569
1550
1558
1164
1549
1558
1562
1554
1561
1537
1542
1537
802
1545
1561
1536
1557
1565
1125
1537
1553
932
1558
1549
1510
1562
1552
1235
900
1098
1556
1542
1555
1542
1549
1558
1560
1557
1561
1561
940
1252
1434
1560
1564
1559
1560
1547
1547
1562
1557
1559
1546
1562
1561
1562
1553
1547
1290
1552
1437
1547
1559
1564
886
1561
1556
1558
1545
1557
1545
1549
1549
1560
1562
1552
1556
1563
1552
1555
1557
1549
1558
1545
1558
1557
1553
1561
1555
1554
1564
1559
1559
269
1544
1554
1557
1557
1180
1529
972
1568
1553
1561
1539
1560
888
962
1538
1560
1179
1560
1551
1558
1566
1564
1557
1552
1560
1541
1383
1541
1553
789
1497
1559
1567
1044
293
857
1086
1553
1558
1558
1562
1542
1531
1556
1555
1563
888
1558
1568
1563
1560
544
1542
1558
926
1560
1557
1560
1552
1543
1553
1541
1558
1554
1543
1551
1547
1554
1550
1560
889
1532
1251
1559
1559
1561
1484
1561
1008
1555
1212
1573
1563
1014
1561
1557
1543
1564
1563
1565
1556
1259
1562
1554
1560
1539
1563
1559
1555
1546
1549
1563
1569
610
1540
1562
1486
1562
1541
1565
838
1556
1558
1556
1544
1558
1553
1558
1558
1565
1546
1556
1576
1555
1544
1554
1553
1048
1564
1540
901
1528
1473
1546
1564
1556
1552
1561
1554
1536
1553
1550
1021
1547
1562
1551
504
1561
1568
1557
889
1468
1538
1557
1564
810
1560
1565
1546
1026
1527
1547
1562
1559
1287
917
1564
1558
1554
982
1553
1564
1557
1556
1564
1558
1547
1569
1175
1541
1530
1561
1558
722
1561
1556
1562
1562
1552
1563
1560
1553
1557
1564
945
1560
1547
1565
1565
1555
1544
1564
1564
1563
1566
1560
1561
1562
1546
1567
1563
1551
1566
1563
1562
1564
1550
1548
1560
1231
1551
1557
1035
1562
1562
1344
884
1537
479
1568
1489
1561
1561
1211
1563
1555
1556
1555
865
1548
1565
1561
1540
1545
1558
1549
1543
1558
1556
1569
1559
1557
1557
1561
1555
913
1553
1548
1555
1563
1548
1549
1562
1190
1550
1566
1547
716
1561
1205
1554
1541
1562
1555
1558
1561
1584
1555
1560
1560
1558
1557
1566
879
1550
1538
831
1564
1566
1561
1557
1550
1474
1553
1560
1244
1560
1556
1560
1555
995
1456
1563
1538
1553
1553
1552
407
1564
1556
1308
1558
1579
1561
878
1560
353
1538
1548
1563
1553
1558
1563
1549
1557
1551
1557
1561
1567
359
1559
1566
1562
1563
1550
1563
1566
1562
1546
1562
1558
1560
1561
1562
1553
1564
1558
1565
1566
1557
1563
1555
1559
1566
1543
1540
1555
1552
1558
1562
1560
1559
1518
1552
861
1567
1560
1558
1547
1562
1501
1567
1571
1564
1232
1557
1560
1566
1527
1556
1566
1568
1546
859
1563
1548
1558
1561
1550
1555
1564
1570
1561
1561
1545
1557
1552
1557
1560
1549
1331
1556
1540
1560
1549
1559
1555
1549
1568
1309
1557
1542
865
1555
1560
1563
839
1557
1557
1560
1552
1546
1559
1545
490
1561
1576
1424
1552
1567
1065
1556
902
1546
1560
920
1562
735
1554
1540
1561
1561
1550
1554
1546
1545
1546
1556
1542
1552
854
1557
1561
1559
1563
1559
1558
1558
630
1556
1553
1540
1569
1562
1545
1529
1568
1561
1560
320
1555
1558
1545
1556
1550
1565
1556
877
1558
1561
1563
1556
1509
1126
1571
1569
1547
1549
1558
1566
1561
1558
1558
1558
1553
1562
1395
1449
662
1562
1551
1559
1540
1557
1554
1556
1564
1561
1561
1569
1568
1541
1557
1556
1565
1567
1556
1565
1550
1553
1549
1562
1560
1558
1291
830
1002
1566
1556
1569
1553
1324
1552
1551
1560
1549
1559
1558
890
1561
1560
1563
1562
1563
1547
1541
1566
453
1549
1554
1540
1558
1566
1561
1558
1564
1541
1568
1559
1559
1554
1543
1543
1549
1561
1548
1558
1556
1565
1565
1556
1567
1553
1244
1555
1565
1559
1565
1097
1565
1554
1566
844
1530
1570
957
1565
1563
1552
1558
1559
1553
1561
1556
1558
1548
1562
1304
1554
1559
1554
1561
1552
1546
1555
1563
1566
1560
1557
1556
1558
1557
1550
1551
1565
1559
1553
1570
1487
1558
1555
1565
1564
1289
1566
1556
1563
1562
1558
1558
1132
1561
1559
1559
1548
1561
1560
1367
1544
1562
1548
1541
1563
1556
1563
1554
1556
1550
1562
1540
1561
1558
1555
958
1563
1556
1554
1549
1551
883
1556
1560
1564
1546
1561
1560
1273
1569
1553
1561
1567
1563
1557
1555
889
795
1562
1559
1553
1528
1554
1563
1563
944
1549
1555
1562
1567
684
1559
1567
1556
1559
1547
1559
1549
1549
1564
1550
926
1565
1560
1290
1214
1556
1569
1553
1569
1559
1554
1565
1552
1566
1552
1554
1570
1563
1568
1565
1560
1560
1561
1568
1559
1545
1562
1558
1378
1552
1538
1563
1561
1549
1557
1562
1566
1568
1552
1546
1553
1560
1543
1539
1568
1557
1562
1559
1544
1556
1542
1409
1560
1552
1546
1023
1564
1555
1561
1570
1548
1556
1552
1558
1562
1552
1559
1513
1546
1566
1557
1556
1545
1556
514
959
1551
1548
1550
1549
1556
1561
1532
1563
1563
1569
1560
1558
1564
1560
1566
887
1548
345
1562
802
1550
1567
1562
1561
1560
1560
1558
1561
1343
1557
1559
1554
1241
1556
1531
1557
1567
1554
1561
1544
1560
1556
1565
1564
1542
1565
1563
1562
1560
345
1563
1472
1560
1551
1554
1554
1499
1555
1556
1403
1564
1565
1557
1557
1552
1563
1434
1558
1562
1543
1552
1532
1559
1546
1556
1559
1046
1553
1549
1554
1562
1546
1555
1540
1557
1558
1555
1559
1567
1555
1548
1564
1560
1554
1488
1352
644
1567
1565
1558
1555
1562
1547
1556
1562
1565
1564
1555
1558
1562
1561
1552
1553
818
1561
1558
1560
1547
1555
1572
1541
1566
1505
1557
1564
1565
1567
1559
1555
1564
1563
960
1552
1551
1560
1563
1563
1562
1555
1548
1558
1559
1558
1553
1552
1549
1556
1567
1561
1560
1566
1556
1560
1558
1562
1558
1557
1552
1558
1547
1563
1554
1544
1555
1548
1569
1557
1526
1547
974
1521
1567
1554
1562
1562
1547
1566
1559
1550
1456
1559
1545
1557
1566
1566
888
1564
1054
1566
1561
1574
1562
1563
1561
1561
1551
1563
1564
1562
1548
1551
1565
1557
934
1559
1560
1543
1548
1549
1573
1561
1568
1220
1560
1557
1566
1563
1564
1567
1545
1559
1560
1539
1561
1555
879
1557
1563
1576
1558
949
1556
1560
1561
520
1559
1563
1563
1544
1558
872
1568
1381
1525
1556
1554
1522
1559
1562
1560
1568
1435
1556
1556
1563
1547
1562
613
862
1566
1565
1549
1561
1552
1510
1522
1558
1557
1550
1560
1559
1560
1554
911
1503
1541
1554
1557
1557
1563
1551
1560
1568
1564
1117
1565
1546
1552
1558
1561
1562
1555
1554
1555
1556
1549
1555
1555
1565
1557
1557
1548
1569
1560
1555
1561
1554
1552
913
1557
1553
1443
1553
1569
1551
1556
1296
1545
1562
907
1558
1552
1568
1567
828
1558
1556
1554
1561
1555
1532
1562
1542
1562
1564
1499
1566
1549
1563
1568
1547
1551
1557
1552
1421
1551
1557
1555
1556
1564
1538
1566
1560
1562
1560
1554
1558
1558
1555
1561
1522
908
1559
1565
1563
1538
1562
1557
1567
1566
1559
1556
1565
1565
1220
1563
1556
1554
1554
1556
1561
1567
1560
1546
1564
1560
1557
1562
1558
1532
1538
1558
892
1556
1559
1556
1561
1557
1564
1552
1545
1566
1561
1562
503
1560
1561
1569
1559
1555
1559
1557
1561
753
1559
1560
1548
1569
1573
1555
1553
1561
1550
1561
1559
1262
1555
1556
1553
1553
1560
1554
1559
1564
1565
1555
1562
1553
1560
1551
1559
1556
1562
1377
549
1563
1541
1555
1096
1566
1560
1564
1564
1557
1555
1551
1537
1560
1556
1560
1559
1547
1564
1546
1551
1210
1564
1562
329
1550
1562
1560
1558
1555
1556
1554
1559
755
1558
1234
1557
1566
1560
1537
1564
1562
1557
1061
1551
1561
1560
1561
882
1561
1561
1393
1552
1542
1325
1555
1565
1551
1549
1537
1558
1015
1554
1561
1551
1564
1532
1559
1564
1556
1565
1531
1545
1555
1561
1544
1177
1218
1329
1562
1561
1524
1563
1570
1567
1559
1494
1551
1560
1562
1538
1565
1567
1560
1550
1558
1563
1554
1561
1419
1556
1556
1555
1566
1563
1564
1558
1554
1547
1566
858
1560
1539
1563
368
1544
1559
1565
1528
1559
1519
1536
978
1553
1561
709
1562
1566
1552
1550
1558
1556
1557
1543
1558
888
1554
1551
1174
1565
1563
1570
1527
1560
1557
1430
1027
1555
1521
1560
1565
460
1557
1554
1544
1562
1560
1560
903
1558
1344
1566
1519
1560
1564
1557
1559
1564
1540
1518
1561
1554
1552
545
1378
1565
1566
1552
1554
1566
1560
1558
1554
1537
1547
1560
1548
1544
1562
1561
1562
1557
1325
1182
1556
1556
1561
1564
788
1556
1563
1565
1556
990
1556
1555
1555
1552
1559
1560
1550
1559
1564
1061
1560
1546
1565
399
1558
1555
1554
1575
1557
1558
1556
886
1563
1566
1569
1552
1559
1556
940
1555
1562
1549
1550
1567
1559
1560
1563
1556
1562
1546
1555
1561
1567
1531
1391
823
1565
1554
1551
1565
1532
1551
1545
1568
1528
1559
741
891
1550
1552
1551
1080
1553
1556
1548
1562
1556
1544
1529
1558
1565
1558
1380
1552
1566
1544
1553
1008
1555
1551
1562
1413
1560
1551
1556
1558
1556
1318
1556
1549
1559
1560
1556
1563
1557
1562
1558
1560
1558
1560
1557
1558
883
1568
1557
1560
1546
1555
1542
1553
1554
1534
1565
1162
1528
1562
1556
1562
1566
1558
1559
1560
1529
1538
1560
707
1563
1449
1561
1560
1551
1564
1552
1556
833
1557
1556
1553
1545
890
1566
1553
1564
1561
1536
1545
1550
1560
1564
684
1558
1557
824
1565
740
1564
1454
1566
1568
1559
1544
676
851
1561
1557
1549
1565
884
1555
1558
1556
1546
1554
1574
1560
1564
1561
1280
1558
1554
1539
1558
1541
1564
1560
1556
1563
1561
1562
1542
1563
1560
462
1419
449
1554
685
1569
1565
1552
399
1553
825
758
1543
1556
1564
1557
1560
1562
1557
1561
881
1556
1553
1554
1511
1561
1562
1532
976
1559
1560
1555
1559
1560
1552
1524
1561
1567
1570
1562
1557
1525
1547
1555
1558
1553
887
1559
1551
1565
1563
1571
1566
1549
1554
1559
1560
1561
1564
1569
1496
1563
1558
1560
1410
1532
949
1569
1564
1562
1555
1551
1565
1557
878
1553
1559
1558
730
1553
1564
961
1555
1524
1536
1413
1567
1560
1525
1571
1565
1547
1561
1553
1563
815
1561
1567
1566
1551
1559
1555
1569
1555
1557
1561
1565
1551
1563
1561
1561
1551
1569
1559
1553
1570
975
1554
1548
1556
1562
1552
1565
1565
1566
1557
1055
1562
1553
1080
1556
1554
1548
1556
1581
1561
1559
1567
776
1532
1521
1561
1559
1567
1569
1550
1567
1540
1561
1573
1557
1564
1557
340
1560
1369
1556
1553
1566
1557
1561
1564
1568
1556
1550
1556
1564
884
1561
1555
1556
1552
1549
1563
1559
1563
1556
1552
1557
1554
1560
1532
1563
1567
1554
645
1551
1164
1557
1565
1553
1560
1562
1553
1562
1198
946
1562
1561
1556
1562
946
1562
1550
1562
1550
1561
1564
1553
506
1555
1553
1563
1554
1556
427
547
1553
1567
1556
1558
694
1566
856
1560
1563
881
1552
1566
1546
1561
1558
1561
1571
1540
1567
1557
1561
1560
1556
1566
1550
1563
1563
1550
1556
1558
1564
1547
1550
1559
1546
388
1557
1549
1551
1562
1012
1562
1561
1557
1455
1561
1535
1564
1557
1561
1554
403
964
1560
1557
1560
1560
1562
1562
876
1561
1555
1557
1558
1542
1557
1564
1559
1546
1561
1565
1550
1543
1551
1559
1565
876
1555
1554
1561
1568
373
1529
1554
1557
1292
1557
1554
1558
1561
1556
1554
858
1543
1561
1564
1555
1557
1552
1556
1555
844
1535
1557
1561
1549
1550
359
775
1550
1564
1556
1570
1562
1106
1557
1552
1551
984
1550
1549
1547
1561
708
1559
1559
1268
1560
1535
1529
1559
1551
1564
1570
1553
1555
1556
1548
1112
1559
382
1561
1554
1562
1550
1216
1560
1563
1552
1563
1551
1554
1553
1553
1562
1572
1556
1564
1559
1561
1564
1561
1556
1561
1557
1562
413
1226
1120
1568
1561
890
1563
1571
1567
1568
873
1563
1567
1559
1567
1556
1559
1555
1562
1569
1564
1489
1314
1567
1550
1557
1556
885
1559
1559
1561
998
1467
1553
346
1552
1355
890
1550
1561
1558
1521
1564
1553
1552
1564
1418
959
1565
1550
1426
1559
1555
1557
1560
965
999
1559
1560
1564
1552
1171
1565
1552
1555
1551
1551
1559
1562
1549
1553
1560
1553
1555
1552
1552
1560
1559
1551
1553
1558
1558
1547
1546
1527
1544
1560
1545
1548
850
1559
1555
1556
1011
1547
1545
850
1561
1562
1548
896
1540
1549
1555
335
860
1553
1565
1561
1557
883
1551
1562
1556
1562
1553
1557
728
1554
1555
1547
1556
1556
874
1552
1565
1562
638
1558
1561
1554
1452
1564
1550
1567
1561
1558
1553
1564
1560
1554
1567
1564
1562
1571
1559
1564
1562
1558
1546
1557
1566
1421
1561
1498
293
1556
1561
1566
1552
1560
1557
1562
1552
1528
751
1546
1558
1558
882
1561
409
1561
1554
1562
1568
1351
1555
1557
433
1559
1559
1549
1555
1553
1554
1541
887
1553
1563
1548
1346
1562
1550
1531
1308
1566
1544
1545
1556
1558
1560
1551
1556
1558
1559
1557
1555
1557
1564
1563
1191
1557
1564
1201
1560
1545
1556
1554
1516
1560
1559
1557
1110
1557
1554
1553
1549
673
1558
1561
1570
1563
1552
1561
1564
1558
1444
1562
1538
1561
1557
1557
1560
1564
1559
1543
1549
867
1557
1570
1555
1560
1561
1528
1559
1561
1560
346
1556
1554
1555
1556
1579
1564
1321
1541
1558
817
1553
1562
1559
1565
1554
1560
1552
1560
1561
1556
1557
1556
1553
1553
1090
1549
1541
1556
1556
1559
1557
1156
1559
772
1548
1567
1570
1551
1572
1548
1560
1558
1559
1554
1568
1554
1570
1565
1561
1555
1560
1544
1561
1552
1209
1568
1561
482
1560
1527
1556
1562
1556
1550
1539
1522
1310
1555
1554
1560
1558
1553
1511
1547
1562
1565
1562
1355
1562
1553
1453
1560
1532
1559
1550
1563
1561
1556
1547
1568
1566
1554
578
1551
901
1548
1560
1403
1563
1550
897
1558
1554
1563
1561
1566
1556
1559
1553
1566
836
1432
1562
1503
1558
1561
1576
1565
1569
1535
1558
1561
784
1558
1567
741
1552
1561
1557
1556
1565
1557
1568
1566
1522
1544
1554
1547
1558
1550
1562
1560
1556
1558
1543
1565
1554
1560
1548
1562
1555
1548
1576
1551
1555
1536
1460
1564
1524
1304
1553
1551
1548
887
1556
1552
1565
1558
1557
1560
1559
1552
1552
1034
1539
1555
1553
1559
1550
1561
1563
1566
1539
1559
867
895
1543
1558
459
1562
963
1567
1560
1560
1561
1562
1555
634
1549
1558
1540
1403
1549
878
1560
1558
1558
1562
1560
1380
1562
1560
1543
1571
1561
1562
1560
1569
1554
499
1557
1544
1547
1559
1569
1555
1564
1550
1565
1553
1558
1561
1566
1550
1564
1546
1549
1553
1555
1542
1558
1534
1559
1257
1560
1528
907
1564
1557
1551
1564
897
1548
1567
1559
1547
1566
1565
1559
1556
1487
1562
1557
1554
965
1561
1559
1561
1559
1397
1573
1545
1547
1558
967
1548
1558
1554
1564
1559
1564
1552
1552
1533
1549
1554
1564
1555
855
1563
1542
1549
1551
1513
1568
1568
687
1561
1545
1549
1559
864
1558
1555
1577
1561
1307
1547
1554
1551
1553
1555
829
1551
1544
1561
1553
1565
1553
1554
1563
1558
1252
1542
1555
1557
1568
1542
1463
1547
1553
1550
1556
883
1564
1550
1560
1565
1550
1558
1560
1577
1559
1568
1544
1569
1552
1573
1562
1556
1535
1542
1557
1558
1559
945
1560
1557
1560
1557
1558
1557
1547
1539
1551
1558
1557
1560
1560
1558
1551
1561
1566
1549
1556
1562
1561
1547
1567
1554
1557
1550
1554
1556
1560
1562
1545
1565
1562
1559
1511
1446
1562
1566
1561
1555
1557
1558
1563
1556
1562
1539
1553
1566
1553
1563
1539
1574
898
1556
1561
1548
1001
1531
1558
1545
1562
1228
1545
1559
1560
1559
1546
1558
1029
1552
1549
1557
1549
1563
1564
1564
1559
1556
1551
1551
1553
1557
1558
1564
1557
1557
1543
884
1560
1554
1553
1174
1566
1557
1194
667
1559
1561
1557
1548
1505
1559
371
1554
1561
1557
1563
1559
1560
1570
1559
928
1559
1554
1559
1550
1562
415
1562
1554
1547
1561
1549
1555
1556
1556
1568
1565
1558
1556
1551
1557
496
1525
1559
1544
1565
880
705
1565
1559
1108
1553
1554
1567
1557
1556
1557
1565
1545
1565
1567
1561
1559
930
1541
1564
1556
1557
1559
1561
269
1565
1553
1556
970
1529
1423
1545
1566
1555
1568
1565
1556
1350
1571
1041
1564
1551
1545
1566
1563
1564
1559
1547
1567
944
1550
1557
1566
1559
1213
1556
1558
1560
1546
1563
1564
1528
1560
885
1558
1558
414
1550
1559
1569
1553
1556
921
1556
1551
1572
814
1560
1559
1544
1554
1560
1561
1554
1555
1560
489
1566
1560
1553
1564
1562
1543
954
1565
1558
1562
1562
1550
1563
1556
1552
1494
1514
1559
1566
1564
1561
1561
1560
1572
940
1562
1568
1549
1559
1541
1547
1560
1549
1560
1526
1558
1562
1563
1551
1553
1558
1553
1505
1560
1564
1556
1403
1546
1559
1561
1558
1126
1553
1557
1558
1564
1552
1556
1558
949
1546
1562
898
1556
1073
1563
1558
1562
1561
1541
1555
904
1561
1487
1561
1559
1549
880
1561
1549
1551
1561
1105
1557
832
1459
661
1565
1552
1563
1561
1549
1189
1560
1558
1552
313
1551
1556
1403
1556
1560
457
1574
1560
1560
1564
909
1560
1565
1545
1546
1524
881
1567
1559
1553
1548
1556
1564
1552
1266
1556
1566
1558
1558
1555
587
1550
1562
1557
1563
1567
1563
1557
1562
1562
1558
1560
1553
1552
1562
1559
1561
1435
1556
1550
1558
1567
1565
1555
1569
1552
1559
1564
1565
1550
1554
1062
1561
1558
1558
1493
1545
1556
1548
1557
1552
1564
1546
1557
1548
1492
1556
1558
1562
1557
1568
689
1560
1566
1557
886
1551
1559
1548
1537
1551
1560
1562
1564
1572
1564
1563
1560
1558
1567
1558
1563
1545
1561
1559
1563
1554
1555
1572
1561
1561
1561
1059
1556
1558
1566
1556
1561
1563
1560
1553
1570
1557
1561
1554
1401
1099
1562
1562
1566
1582
1558
1561
1563
1554
1543
1560
1553
1552
1561
901
1562
1556
1554
1555
1545
1567
1559
1557
1555
887
995
1557
1557
1547
1444
1569
1557
1558
1559
1019
852
1561
1553
1563
1558
1555
1274
1564
1566
1561
1550
1567
1560
1554
945
1275
1557
886
1558
1557
1553
1559
1534
1566
1555
1559
1558
1558
1551
1561
1553
1556
1543
1556
1556
407
1555
1561
1550
1558
1558
1555
1567
1562
1500
1558
1565
1552
1542
931
1557
1556
1557
1568
1553
1561
1563
1558
1558
1564
1552
1552
1559
1554
347
1570
1536
1553
1561
1556
1555
1564
1560
1547
1546
1552
1555
1542
1559
1562
1567
1566
1369
1547
1563
1558
1556
1561
1557
1545
1559
1560
1554
1523
1554
1312
1559
1539
1550
1551
1525
1556
1564
1562
1456
1566
1559
927
1563
1564
1562
1553
1556
1565
554
1549
1557
1558
1548
1562
1564
1562
1564
1531
1548
1558
1555
1567
1547
1558
1561
1552
1005
1549
1529
1545
1563
1553
1553
936
1563
1561
1559
1558
1549
1562
1566
982
1559
1561
953
1563
854
1546
1545
1551
1540
1558
1556
1556
780
1562
1076
1562
1557
1553
1555
1034
1562
1565
1406
1548
1200
1556
1553
777
1563
1556
1564
1561
1560
1558
1525
1565
1555
1531
1558
1551
1547
817
1547
1560
1559
1552
1512
1566
1546
1546
1564
867
1556
1558
1541
1547
1558
1532
1563
1553
1558
774
1563
1564
1557
1559
1560
1562
1561
1573
1557
1557
1542
1562
1533
1544
1558
1562
1556
554
1553
1559
1558
1557
1547
1568
1543
1555
1563
1566
1550
1564
1546
1565
1560
1565
1554
1561
1570
1560
1511
1548
1562
1552
1557
1554
1564
1564
1557
1036
1559
1554
1562
1563
1369
1564
756
1559
1553
1561
936
1566
1548
1552
1560
1557
1560
1538
793
1558
1555
1549
1562
1556
1561
1557
1546
730
1557
1138
1550
1549
1565
1153
1544
1555
1565
1560
886
1562
1558
1562
1538
1557
1566
1538
1564
1551
1562
1569
1547
1560
1549
1556
1560
1558
1558
1571
1569
1560
1567
1533
1552
1565
1560
1560
1548
1542
1561
999
1549
1557
1543
1417
1565
1553
1563
1535
1556
1028
1560
1533
1558
844
1270
1558
1562
1561
1556
1560
721
1560
1563
1562
1553
1553
1560
1558
1560
1543
1563
1568
1541
1561
1558
1557
1558
1554
1560
1545
1569
1564
1554
1565
1561
1562
1556
1562
1557
1556
1560
1556
876
1562
1558
1562
1550
1547
1559
1564
1555
1560
1549
1564
336
1565
1558
1556
1560
1524
1555
1564
1542
1560
1552
1500
1415
1401
1550
1554
1558
815
1561
676
1562
667
1554
1566
1554
1153
1562
1390
1558
1557
1558
1562
1565
1566
1553
1558
1549
1555
1546
1003
670
1567
1557
1548
1551
1563
1561
1571
1556
1559
1549
1563
1559
1559
1555
1570
1559
1562
1544
1526
1569
1568
1552
1560
1559
1541
1561
1556
1551
891
1571
1559
829
1556
1568
1559
1265
668
1558
1561
1559
1557
1562
1557
1564
1560
1551
1564
1555
1558
1084
1551
1548
1567
891
906
1562
1557
1556
1556
1560
814
1555
1556
1557
1533
1561
1565
1533
1556
1552
1337
1556
1556
1565
1548
1551
1563
1561
1394
1564
1559
1545
888
1555
1415
1542
1552
1504
1548
1551
1559
1564
1555
1564
1560
1561
1545
1563
1562
1568
1556
627
1555
1566
1557
1534
1345
1557
1558
1561
1556
1557
1421
453
1558
1558
1558
1565
879
1559
1524
1540
1543
1556
1551
1562
1564
1557
1557
1565
1550
1547
1562
1541
1557
1557
1307
1547
1560
1551
1548
1567
1568
1564
1529
1564
1558
1555
1516
1521
1551
1562
1550
1550
1557
1258
1566
1557
1470
1555
1549
1548
1555
1545
754
881
1554
1560
1555
1553
841
1547
1571
1557
1559
1557
1552
1558
1553
823
1568
1563
1557
1561
1560
1552
1549
1559
1554
1560
1558
1554
798
1563
1541
1522
1538
1555
1559
1564
1562
1417
1550
1549
1547
1563
1563
1554
1562
1549
838
1566
798
1561
1559
1568
1557
1546
1560
977
1545
1561
1559
1551
1565
1560
1557
1557
451
1557
1561
1566
1566
1551
1556
858
1556
1556
1558
1563
1559
1554
895
1504
1565
1563
1517
1556
1560
1567
1558
1044
1558
832
1550
1556
1563
1559
1567
1420
1558
1556
1568
1489
898
1562
1497
1551
1556
1564
1557
1565
1561
1569
1553
1540
1572
1562
1552
1557
408
1561
1563
1560
1546
882
1555
1564
1553
1561
1564
1560
1227
1541
1565
778
1554
1567
956
1561
1552
1559
1568
1565
1556
1564
1557
1555
1556
1553
1557
1562
1560
1558
1560
1534
1561
1562
1553
1551
1543
1561
1551
1548
1559
1562
1561
1555
1458
1528
1560
552
1567
1543
1558
1556
1564
1562
977
965
1554
461
1557
1540
1565
1550
1563
1550
1552
1563
1562
1562
1551
1548
1547
1542
1553
1560
1565
1563
1562
1561
1554
1552
1550
1552
844
1561
1565
1561
1559
1556
1559
1562
1540
1563
1555
1551
1557
1256
1529
1550
1557
1544
1273
1548
1556
1557
1563
738
1557
1561
1564
1564
841
1119
1563
1558
1530
1558
1564
1347
1543
1561
1347
824
1560
1560
1560
1552
1551
1563
1545
1560
1546
1563
1310
1552
1553
521
1560
1550
1551
1563
1562
1554
1565
1541
1565
1557
1552
827
1564
1556
1551
1543
1562
679
1561
1559
1267
1542
1557
1561
1553
1548
1513
1418
1564
1549
1556
1559
1551
1559
1537
1568
1557
1572
1556
1563
1533
1543
1557
1548
933
1567
1563
1557
1563
1570
1564
1552
1419
1548
1550
1549
1556
1548
1545
1533
1568
1565
