1477
1520
1524
1110
1486
1478
1513
1520
1485
1456
1458
1522
1472
1464
1523
1520
1491
1520
1524
1521
1459
1526
1465
656
1513
1493
1449
844
1517
1486
1523
1500
1459
1404
1465
1521
1459
1513
1530
1511
1469
1526
1455
1524
1498
1055
1524
1507
1501
1442
1327
1451
1529
1522
979
1522
1124
1284
1530
1472
1518
1520
1161
1473
1517
1344
1495
1459
1454
1508
1482
1516
1520
1447
1525
1518
509
1483
1526
1509
1497
1508
1481
1520
1544
1526
1002
1523
1462
1457
1222
1532
1523
1451
1464
1523
383
1203
1513
1510
1530
1078
1470
1519
876
1518
1507
1457
1480
1540
1453
1457
1466
1520
1522
1478
1515
1516
1484
1249
1515
949
1519
1523
1491
911
1455
1521
1424
1490
1497
911
1474
892
746
1467
1264
1520
1515
1225
1505
1448
1508
1485
1496
527
1453
1518
1517
1523
1507
1152
1502
1517
1524
1501
1525
1519
1511
1519
1474
1520
1471
1505
1504
861
1471
1514
1518
1464
1460
1445
1394
1468
1501
1522
847
1517
1506
1517
1521
1476
986
1436
1519
1501
1465
814
818
1522
1524
1472
1506
1523
1500
1464
1467
1519
1525
1526
1524
1201
1515
847
1504
1488
1483
1519
1466
1521
1473
1465
1504
1504
1531
1486
893
1461
1470
1519
1526
1449
1519
1504
1522
1520
1236
1441
1516
1518
1498
1481
1414
1463
1522
1526
1112
1524
1463
1509
1528
1508
1515
1478
1523
1519
1473
1462
1514
1505
1526
1525
1460
1519
987
1449
1520
783
1516
1038
1521
1468
1267
1522
1520
1132
1529
1524
1460
1453
1519
1510
1457
1461
1509
755
1459
1502
1503
1462
1507
1495
1522
1449
1520
1509
1497
1468
1523
1516
1491
1522
1368
1519
1096
1203
1526
1523
1369
1512
1466
1503
1519
945
1464
1517
1520
1434
1467
1486
1526
386
1519
1518
1481
1514
1522
1521
1518
1505
1014
1525
1527
1474
1107
1171
1522
1519
1476
1527
1518
1510
1523
566
1519
1524
820
1509
1459
1459
1505
1459
1466
1509
1527
1463
1518
1516
1406
1508
1525
1523
1484
1451
1474
1484
1524
1474
1520
1450
1508
1541
1519
1457
1126
1514
1515
1469
1463
1514
1519
1277
1522
1466
1524
1510
1488
1526
1462
1524
1522
1527
1501
1506
824
1515
1491
1477
1478
1524
1520
1487
1514
1458
1458
1497
1522
1457
1479
1483
1521
1478
1517
1481
1526
1509
1430
1192
1508
1531
1336
1524
1523
1514
1519
1520
1520
1464
795
1516
802
1523
1035
1484
1524
1520
899
1466
1519
1521
1520
1524
1519
1521
1516
1493
1508
1437
1201
1523
1463
1480
1461
1459
803
1476
1522
1529
766
1464
1521
1462
1490
1490
1522
1486
1482
1485
1529
1501
1458
1500
1523
1507
1516
1459
1456
1501
1518
833
972
1523
1469
1527
1523
1465
1525
752
1458
1474
1506
1519
1504
1464
1519
1144
1508
1524
639
1509
1518
1530
905
1522
1516
1518
1524
1159
1506
1513
1484
1196
1526
1336
1509
1521
1513
1525
1520
1514
1526
1525
1322
1488
1524
1452
1509
1507
1504
957
1446
1475
1520
1512
1468
1523
860
1473
1507
1524
1454
1465
1087
1524
1456
1488
1464
1511
1210
1206
1524
1514
1520
1520
384
1519
1082
1522
1369
1517
1476
1000
1524
788
1514
1475
1519
1506
1467
1473
1518
943
1519
1457
1516
1488
1506
1459
1476
1524
1495
1522
1482
918
916
1518
1522
1488
1456
1476
1519
1524
1522
1505
1187
1457
1458
1381
1523
1477
1473
976
1529
1525
1522
1494
819
1523
1518
409
1510
1477
1485
1523
1457
1449
1522
1522
1480
1499
1464
1472
1520
1437
1515
1528
1521
1506
1467
1462
1464
1522
1465
1505
1506
1487
1459
1517
1511
1464
1471
1503
1520
1510
1444
1524
1507
1510
1503
1469
1461
1526
1519
838
1502
1473
1515
1468
1467
620
1523
1480
1497
1523
1521
1495
902
1500
1435
1524
1522
1502
1521
1480
1500
1506
1471
932
1528
778
1492
1523
1496
1507
1525
1476
1479
1520
1510
629
1519
1479
1522
1461
1516
1130
1497
1467
1523
1523
1520
1519
1457
776
1507
1487
1455
1464
1521
1518
1455
1523
1487
980
1512
1506
1520
1520
1450
852
1464
1520
1525
1455
1520
1521
1522
1455
1498
1523
1461
1480
1516
1526
1476
1458
1518
1458
1517
1515
1514
1508
1496
1481
1522
1483
1481
1513
1473
1511
1487
1531
1480
1521
1465
1449
1526
1514
1243
1467
1519
1517
1524
1476
1469
1515
1524
1467
1523
1471
1513
1044
1468
1523
1516
1520
1452
544
1455
1457
1514
1519
839
1469
1512
1517
1457
1520
1509
1504
1466
1513
1458
1503
1488
1471
1529
584
1519
1482
1507
1509
1528
1518
1521
1505
1523
1469
1521
1456
1518
1510
1529
1459
1503
1521
1460
1473
1528
1526
1479
1514
1506
1483
1465
1471
902
1452
1515
1492
1508
1524
1505
1469
1463
1521
1510
1455
1519
1525
1195
1527
378
1523
1524
1462
1484
1533
1474
1456
1500
1522
1520
1454
1511
1518
1378
1458
1527
1492
1462
1524
1501
1263
1519
1518
1451
1498
853
1489
1519
1464
1331
1521
1504
1521
1443
1512
1469
1270
1523
1494
1501
1457
1101
1429
1083
958
1472
1461
1362
1429
1514
1468
1524
1462
1500
1522
1513
1457
928
1514
1519
1489
1521
1497
1522
1510
783
1520
1446
1527
1526
1527
1527
1525
1478
1501
1520
1518
1360
1494
1522
1520
1521
1457
1510
1437
1467
1483
1516
1465
1490
1523
1521
897
1517
1471
928
1519
1474
1517
1517
1483
1523
1519
1526
1446
1515
1520
880
1489
1510
1463
1458
1461
1513
1518
1525
1528
1455
1531
1234
1527
1517
1460
1495
1529
1484
1464
1497
1480
1521
1514
1519
1504
1133
1510
1527
1520
1455
1496
1525
1516
748
577
1511
1513
1458
1124
1474
548
1518
1505
1529
1448
1522
1512
1517
1498
1529
1527
1511
1470
1522
1516
1507
1502
1459
1497
1483
1460
1519
1496
1461
1465
1524
1521
1511
1523
1495
1472
1447
1524
1461
1467
735
1475
1518
1520
1512
1521
1519
1519
1514
1474
1510
1450
1496
1517
1514
1495
1528
1031
1458
1453
1495
931
938
1518
1398
1501
1504
1498
1460
1489
1520
1522
1523
1491
1465
1521
1527
1490
1527
1511
1524
1470
1451
1458
1510
1456
1235
1454
1241
1525
1524
1524
1515
1497
1454
1513
1518
1521
1518
1519
1524
540
1513
1480
1522
1511
1469
923
1133
1383
1514
1519
1458
1520
1460
1528
1459
1514
1524
1523
1520
809
1521
1479
1477
1466
1465
1455
1518
1490
1519
1514
1502
1517
339
1537
1533
1470
1467
1497
1473
1497
1520
1450
1491
1473
1256
1406
1466
1524
1524
1476
1513
1488
1464
1449
1472
1524
1526
1486
1449
1521
313
1519
1461
1515
1501
1460
823
1524
1453
1469
1453
1458
806
1499
1510
1465
1459
1482
1529
1528
1504
1504
1458
1526
1518
1476
1472
1454
1484
1499
1485
1528
1365
1455
1112
1527
1460
1504
1173
1488
1439
1530
1460
1457
1483
1522
1522
1516
1116
860
1519
956
1511
1524
1474
1520
1524
1154
1503
1460
1459
1506
1516
1467
1514
1526
1521
1522
1509
1457
1510
1262
1469
1519
1465
1504
1479
939
1524
1520
1523
1522
1509
1524
1466
1461
1471
1521
1520
1471
1513
1519
1514
1524
1518
1470
1504
1314
1469
1521
1430
1524
1506
1525
1522
1520
1225
1466
1520
1520
1459
1452
820
1458
1466
1470
1523
1518
1523
1481
1527
1481
1465
1347
1526
1506
1524
1461
1511
1099
1516
1521
1467
944
1452
1521
1478
1489
1453
783
1500
1527
1466
1453
1514
1447
1518
1499
1520
1513
1532
1438
1491
1468
1514
1479
1464
1476
1524
1521
1525
1515
1508
1521
1547
1452
1417
1519
1508
1503
1518
1517
1512
671
1465
819
1524
1525
1521
1496
767
1473
1516
1517
1486
1514
1500
1517
1513
1507
1528
1459
1520
1520
1365
1464
1504
1464
1512
1443
1517
1527
807
1484
1512
1498
1519
1523
1504
1460
1518
1519
1524
1522
1245
1514
1516
1515
1499
1518
1530
1456
1525
1475
1470
1516
1480
1509
1508
1524
1522
1481
1521
1456
1518
1516
1523
1502
1486
1489
1040
1479
1478
1510
1519
1472
814
1450
1520
588
1508
1531
1458
1522
1462
1522
1512
1495
1461
1453
1528
1468
1450
1517
1510
1518
1517
1472
1522
1471
1510
1518
1462
1485
1513
1463
935
1521
1501
1465
1516
1522
1059
1485
1464
1462
1524
1456
1502
1517
1466
1482
1529
1453
1447
1523
1491
1471
1510
1514
1476
1463
1476
1462
1510
1482
1504
1497
1461
1454
1521
1469
1516
1489
1512
1531
1225
1438
1521
1471
1487
1523
1519
1520
1453
1519
846
1466
1520
1418
1521
831
1451
1500
1518
1464
1503
1242
1524
1464
1458
885
1523
1510
1372
1517
1115
1502
1484
1499
1484
1523
1522
1522
1456
1521
1461
1528
1509
813
1457
902
1516
1312
1471
1504
1498
1516
1522
1518
1523
1495
1366
1469
1527
1468
1525
1528
1509
1522
1392
1501
1452
1460
1522
1246
1525
1526
1513
1486
1463
1483
916
1472
1524
1521
1520
1512
1482
1522
1484
1531
1515
1468
1431
1504
1325
1520
825
1482
1525
1451
1449
1507
931
1478
1526
1501
660
1481
1526
1528
1459
1528
1360
1416
871
1527
1498
1147
1525
1457
1524
1520
1469
1510
1528
1528
1513
1519
1476
1509
1517
1462
1526
1524
1521
1457
1496
569
1472
1463
1503
776
1458
1516
1475
1461
1456
951
374
686
1464
1525
1504
1520
1490
1520
1500
1457
1523
1526
1500
1521
1075
1526
1460
1509
1514
1523
1515
1507
1369
1509
1435
1462
1505
1530
1103
1468
1523
1519
1472
1471
1497
1514
1447
1523
1508
1451
1464
838
1309
1508
1159
1526
1523
1462
1458
1471
1457
1526
1514
1457
909
1479
1453
1529
1464
1103
400
1492
925
1496
1186
1467
1485
427
1523
1518
1514
1452
1517
1482
1516
1013
1512
1125
1512
1475
1495
1524
1508
1521
1508
1516
1527
1464
1523
1509
1433
1523
1462
659
811
1454
1526
1520
1522
1526
1512
1516
1522
1520
1510
1526
1511
1524
1508
1517
1461
1517
1497
1519
1501
1517
807
1522
1517
1451
1532
1513
1488
1472
1462
1501
1483
1515
1522
1523
1017
1503
1497
1514
1525
1524
1520
1523
1514
1521
1486
1499
1488
1519
1515
1436
1497
1528
1523
1520
827
1496
1526
1519
1371
1522
1523
1505
1511
1466
1508
1532
1459
1460
1521
1508
1505
1454
1505
1526
1395
1511
1528
1456
1514
1471
1515
1523
1517
1489
1511
840
1524
842
1471
1524
1495
1534
1463
860
1495
1522
844
1515
1525
1481
1526
1507
1519
1513
1496
1531
1507
1311
1463
1468
1523
1447
1489
1507
1510
1518
538
1459
1515
1467
1529
1459
1517
1523
631
1481
1493
1519
1518
865
1523
1465
1514
874
1510
383
1521
1519
1519
1501
1489
755
1450
390
1468
1502
1520
1460
1495
1529
1511
1490
1518
1464
1466
1523
1469
1526
1491
1466
1523
1523
1509
1475
1523
1520
1445
1519
1451
1506
1516
1472
1524
1526
1461
1462
1489
1497
644
788
1521
1523
1454
1448
1455
1403
1508
1487
1515
1520
1515
1521
1525
1526
1525
1470
1523
1519
1456
1528
1514
1522
1516
1458
546
1514
1521
1478
1510
1519
1519
1522
1467
1454
1473
1477
1124
1517
1531
1522
1520
1509
1509
1464
1186
1522
1504
1462
1250
1521
1485
1502
613
1180
1520
1519
1508
665
1475
1502
1527
1479
1477
1519
1525
1517
1487
1506
1517
335
1512
1524
1495
1497
1291
1528
1521
1475
1512
1449
1507
1515
1522
1470
1483
1518
715
1519
1079
1518
1511
1516
1515
894
1505
1522
1465
1524
1456
1491
1492
1517
1524
1523
1516
1479
480
1456
1525
1507
1425
1514
1521
1340
976
1458
1518
1438
1465
1513
1484
1453
1131
1518
1516
584
1495
1515
1500
1140
1523
1520
1517
1483
1515
1523
1458
1524
1520
1473
1463
1522
1462
1529
1517
1512
1524
1489
1498
1526
1500
1520
1449
1527
1456
1522
1461
1466
1458
1458
1485
1441
1518
1453
1528
1502
1479
1457
838
830
1502
1459
1463
1454
1113
1132
1523
1504
1525
1494
1516
1464
1501
1521
1424
1470
1472
1519
1457
1518
955
1516
1465
1442
1503
1456
1485
1489
1506
1525
1481
1522
1463
1488
1504
1523
1482
1312
1481
1455
1526
1456
871
1463
1522
906
1522
1518
1459
1504
1523
1474
1448
1468
1520
1516
1473
1519
1516
1482
1464
1524
1519
1482
1522
1507
1505
1518
1525
1500
1022
1519
1509
1517
1337
1526
1476
1491
1461
1521
1523
1460
1527
1167
1512
1488
1530
1508
1523
1524
1471
1516
867
1189
1177
1356
1508
1307
1479
1522
1521
1452
1524
1518
956
1525
1519
1516
1511
1470
1526
1516
1518
1513
1453
1525
1526
1520
1489
1468
1504
1528
1488
1475
841
1514
1494
1455
1505
1523
1506
1474
1514
1507
1518
1479
1521
1466
1508
1524
1446
348
1519
917
856
1493
1463
1525
1495
661
1417
1471
1462
1522
1482
1458
1523
1516
1529
1521
1500
1471
1523
1511
1505
1135
1510
1515
1509
1457
812
1523
1519
1514
1495
1462
1511
1493
1464
1514
691
1482
1518
1485
1519
1493
1490
1517
1510
1515
1479
1462
1521
1470
1522
1509
1518
1518
664
1518
1521
1494
1517
1520
1450
1524
1133
675
1456
1266
1518
616
1513
1518
1293
1524
1423
1521
1451
920
1513
1525
1510
1511
1472
1525
1291
1474
1461
1522
1485
1187
1487
1363
1509
1459
1507
1520
1513
1494
1522
1483
1521
1522
1529
724
1498
1493
1514
1517
1471
1443
1479
1502
1471
954
1506
1523
1477
1463
1473
747
1519
1495
1456
1526
1493
1523
1458
1487
1522
1520
1463
1512
1523
1520
1507
1464
1517
1493
1518
1421
848
1500
949
1512
1505
1178
1523
1518
1518
1465
1522
1452
1529
1462
1521
1470
1518
1452
778
1525
1461
1488
1513
1460
780
1526
1503
1468
1461
1488
1454
1230
1144
1528
1460
1475
1523
1522
860
1387
1464
1523
1039
1358
1510
1384
1247
537
1493
1520
1489
1497
512
1498
826
831
1505
682
1520
1521
1523
1481
1521
1524
1500
1455
1457
1502
1521
1013
1510
1511
1501
853
1526
1519
1511
1495
1483
1516
1092
1458
1509
800
1528
1520
969
1469
1472
1531
1530
839
852
1506
1522
1508
1034
1515
1524
1487
1519
1502
1475
1471
1472
1521
1523
1469
1524
1457
847
1522
1489
1515
1468
1516
1518
857
1513
1497
1498
1527
1491
1504
1482
1516
1527
1517
1390
1520
1526
1488
1526
869
1493
1473
1474
1519
1526
1512
1466
1475
1527
1458
1524
1523
1513
1459
1516
1479
1529
1519
1490
1240
1470
1517
1075
1459
1504
783
1027
839
1520
1517
1514
833
1522
1519
1456
1513
1511
1503
1523
1521
1520
1113
1525
1474
1512
1497
1501
975
1443
414
843
1486
1446
1517
1534
1518
1471
1521
1519
1510
1471
1518
1472
1520
1290
834
816
1511
1477
1481
1485
1499
1403
1102
1154
710
1525
1500
1457
1475
1483
1491
1493
1521
1169
1527
1519
1513
1467
857
1514
1477
1508
1497
1518
1471
1482
1515
1522
1477
1515
1521
1464
1514
1521
1469
1476
1511
1506
1458
818
1482
1525
1460
1503
1127
1497
1491
1450
1466
1491
1526
1525
1527
1481
1536
1518
1527
1528
1517
1479
1512
1522
798
1466
1401
1525
1524
1477
1511
1462
1512
1519
896
886
1461
1499
1469
1032
1432
1459
1491
1451
1464
1451
845
967
1514
1510
1527
1494
1510
1472
1406
1523
1494
1519
1456
1470
1146
635
801
1456
1512
1493
1181
1514
1517
1465
1520
1482
1455
1521
1521
1470
1517
1509
1511
1454
1510
1102
1515
1519
1505
1519
1520
1462
611
1517
1522
1515
1509
1465
1459
1471
1487
1520
1514
1521
1516
1512
1467
1519
1495
1463
1519
1473
1527
1468
1517
1478
1520
1494
1521
1520
1461
1520
1474
1515
1525
1521
1532
1521
1522
1491
1519
1521
1529
1509
1480
1504
1520
1503
1516
1514
1515
907
1526
1522
1461
1456
1518
1522
1521
1516
1518
847
1515
1527
1502
1462
1508
1469
1504
1519
1520
1517
1524
1509
1519
1501
1004
1508
1519
1532
1509
1500
1512
1461
818
444
1466
1479
1524
846
1514
1527
1449
1490
1529
1519
1519
1521
1525
1515
1446
1493
1519
818
1525
1486
1458
1073
1389
1509
1354
1520
1520
1497
1514
1523
1518
1497
1493
1526
1523
1466
1511
1524
1456
1524
1503
1519
1491
1518
1519
1525
1518
1522
1518
1483
1480
1467
1344
1468
1518
1516
797
1519
1489
1508
1497
1520
1530
1495
1490
1524
1512
1493
1528
809
1456
1492
1514
1474
791
1459
1515
1508
1523
1518
1520
572
846
1515
1516
1518
1464
1521
1468
1524
1528
1506
1506
1520
1484
1521
1460
1525
1522
1526
1524
1454
1465
869
1500
1500
1480
1519
1174
1510
1492
1493
1520
1514
1500
1464
1526
1517
1516
1480
1520
1526
1500
1494
1523
1514
1452
1510
1334
1470
1474
1520
938
748
1475
1520
1504
1519
1420
1513
1524
431
1514
1350
1468
1516
1524
1517
1523
809
1522
1516
1449
1512
1493
1508
1523
1520
1469
1521
1518
1519
1450
1208
1481
1489
1466
1520
1508
1461
1478
1475
1521
1514
1520
1518
1521
1517
1453
1523
1520
1504
1467
1524
1480
1161
1511
1528
1513
1521
1484
1526
1460
1461
1490
1490
1492
1509
663
1512
906
1465
1533
1473
1480
1472
843
1104
1489
1459
1521
1363
1525
1477
1452
1014
1492
1524
1487
1522
1524
976
1434
1508
1480
491
1512
1524
1517
1518
1491
1528
1469
1444
870
1517
1481
1453
1524
1516
1508
1471
1494
1522
1498
1523
1477
1115
1481
1445
1522
1520
1523
898
1461
1457
1456
1457
1521
1509
933
1515
1465
1456
1521
1454
1414
1517
1524
1459
1500
1522
1091
1505
1500
1481
927
1468
1527
1472
1451
1458
1459
1523
1505
1528
1489
1509
1474
1517
1509
1528
1522
1511
1524
1510
1522
1462
1505
1523
1494
792
1529
1522
1474
1523
1476
1513
1524
1455
1519
1514
1521
1522
1522
1522
1457
1515
454
1520
1518
1518
1468
1503
1518
1491
1521
1495
1513
1528
1467
1363
1451
1527
901
1521
1474
1526
1465
1497
1520
1530
1512
1524
1449
1517
1521
1477
1522
1475
1470
1497
1472
1463
1527
1506
1509
1522
1496
949
1487
1481
1519
1065
1443
1459
1460
1515
1515
1516
1516
1527
1474
1511
1460
1477
1523
1459
1501
1463
793
1513
1513
1511
1523
1513
1348
1154
1517
1525
1516
1470
1529
1521
1521
1522
1461
1512
1528
1488
1204
1517
1508
1477
1495
830
1516
1521
1505
1518
1528
1477
1514
1464
1521
1525
1514
1488
1513
1520
1487
1339
1480
1497
1516
1516
1506
1473
1487
1469
1526
1523
1473
1517
1507
1530
1520
1460
1511
1510
1523
1522
1511
1467
1489
1510
1493
1496
1452
1525
1478
1525
1524
1521
1453
1520
1517
1514
1525
1509
1460
1522
829
1523
1524
1454
1529
1459
1474
946
1519
1520
1426
1520
1500
1454
1519
1524
1512
1502
1464
1488
1469
507
1517
1486
1521
1503
1460
849
1462
1520
1483
1516
1525
1452
1460
1507
1510
1507
1510
295
1521
1524
1498
1518
1448
1527
1521
837
1520
1529
1515
1530
1452
1525
1477
1526
1523
1543
1526
1510
1521
1492
1456
1500
1523
528
1014
1467
1513
1527
1486
1464
1524
776
1516
1471
1509
1518
880
1522
987
1504
1529
1476
1504
1454
1500
1524
1520
1457
1467
1518
1507
1519
1482
1474
1459
1458
1471
1492
831
1164
1530
1461
1444
1522
1463
1524
1521
1493
1525
1523
1386
1525
1510
1528
1465
1476
1525
1525
1459
1074
1292
1464
1171
1515
1523
1519
1459
1522
1517
1269
1500
1487
1330
1527
1484
376
1503
1525
1456
1527
1449
1507
1525
1514
930
1508
1526
1301
1519
1523
1520
1508
1527
1477
1526
1442
1295
1524
1517
949
1523
1529
1472
1476
1474
1521
1457
444
1377
1516
1447
1521
1475
1477
1461
1467
1233
821
1524
1525
1506
1516
1111
1523
1515
1518
1526
1155
1520
1519
1510
1485
1519
1521
1515
1462
1528
1493
1061
1520
1042
1519
1521
1516
1522
1516
808
1517
1461
1473
1476
1524
1497
824
348
1524
1508
1468
1459
1527
1498
1464
1528
1522
1453
897
1509
1440
1468
1478
1506
1459
1520
1511
1528
1513
1462
1514
1520
1508
1512
1463
1517
1526
1528
1516
1521
1009
1517
1524
1454
1508
1521
1476
1463
806
1482
1422
1506
1493
1471
1487
338
1504
1495
1475
1512
1518
916
1529
1510
884
1523
1179
1525
1521
1521
1522
1513
1510
1528
1526
1503
1484
1523
868
1499
1503
812
1475
1520
1517
1488
1529
1460
1515
780
1473
1523
1520
1526
1493
1521
1458
1510
1528
1516
851
1525
1525
1516
545
1466
1522
1523
1315
1525
1520
1521
1507
1470
836
1454
1507
1515
1476
1524
1526
512
1458
1525
1512
1523
1511
1525
1516
1505
684
1482
1524
1526
1493
1471
1492
1521
1519
1528
1518
1517
1516
896
1464
1486
677
1458
1481
1525
1474
1463
1493
1515
1492
1482
853
1510
1517
1525
1451
1075
1456
1515
1513
1512
1503
1504
975
1522
1523
1519
1523
446
1519
1509
1461
1494
1524
1520
1509
1523
1451
1479
1533
1494
1474
1511
1111
1519
1516
1526
1471
1521
1520
1455
1523
1516
1478
1485
1523
1489
1503
1474
1516
1288
1120
1521
1469
1511
1461
1504
1521
1519
1475
1523
1520
1513
1507
1525
1520
1477
1519
1523
1522
1470
787
1513
1472
1466
1526
1520
1487
1444
1522
1478
1520
811
1522
1519
1462
1523
1506
1457
1506
1523
1200
1519
1480
1524
1516
1461
419
1138
1519
1433
1519
1462
926
1519
1415
1109
1510
1516
1516
1522
687
1484
1504
1509
1474
1459
1486
1529
1457
1510
352
1518
1531
1474
1492
1518
1506
1466
1518
1485
1527
835
1521
1519
1542
362
1506
1518
1529
1480
1519
1518
1522
858
1517
574
1485
720
757
1483
1469
788
1456
1520
1472
1522
1523
1409
1509
1516
1454
1523
1521
1522
1517
1520
1512
1520
1457
1520
1516
1505
1516
1458
1466
1511
1455
1457
1258
1520
1482
1459
1482
1518
1469
1515
1518
1442
1523
1445
1485
1522
838
1415
1243
1507
1463
1515
1462
1519
1498
1473
1322
1479
1515
1299
1491
1495
1499
1518
1520
1472
1467
1495
1470
1521
1469
1529
1459
1469
1515
1512
1465
1523
342
1497
1490
1528
600
750
1510
1512
1459
870
1518
1528
1465
1527
1467
1516
1517
1480
1522
1459
1525
852
1506
1459
1524
1490
1519
1470
1479
1464
1521
1453
1485
1522
889
1438
1505
1514
1501
1456
1494
1523
1113
1490
1515
1521
1516
1290
1519
1521
1514
1507
1463
1523
1455
1462
1517
1457
1518
1529
1464
1482
1458
1447
1486
1524
988
1463
1528
1511
1460
1515
1515
1460
1514
1514
1514
1520
867
1500
1459
1521
1524
1520
1515
1521
1514
1531
1490
1522
1442
1533
1526
1522
1511
888
1519
1459
310
1461
1450
1490
1380
1519
1524
1494
1452
1511
1521
1521
1517
1521
1454
1512
1464
1522
1461
1522
1515
927
1521
1494
1514
962
1475
942
1519
1478
1511
1521
1485
690
1463
1521
1516
1521
1505
824
1508
1504
1530
1074
1502
1488
1522
1459
864
1462
1472
1521
1461
1511
1470
1503
1527
1462
1517
1484
1451
1506
1526
1490
1494
1510
1521
1491
1462
1474
1462
878
1519
1129
1513
1508
1511
1522
1483
1461
1506
1505
1457
1519
1524
1177
1488
1520
1501
1513
1526
316
1483
1510
1520
1524
1509
1522
1462
1526
1483
1509
1526
1522
1504
1434
1464
1482
841
1508
1518
1195
1503
832
1516
1455
1526
1519
1053
1528
1495
1492
1519
1517
1457
821
1429
1516
1514
1067
1454
1459
1524
1277
1491
1527
1528
1518
1531
1516
1523
1525
1458
1520
1460
1484
1488
1460
1529
851
1522
1517
1475
1469
841
1517
1481
1526
1527
1521
1451
1456
1508
1478
1492
1517
1442
1459
1497
1496
1480
1458
1520
1525
946
840
1513
1530
1506
1529
1485
1449
1504
1091
1172
1485
1462
1520
568
1518
380
1522
1522
1497
1386
1470
1468
1525
1415
1445
1210
1523
1525
1506
819
1508
1520
1482
1456
1515
1513
1495
1461
1499
1512
1520
1522
1508
1464
1505
1509
1469
1523
1515
1202
1483
1471
974
1495
1474
1523
1473
1515
1522
751
1505
1442
1522
1500
796
1521
1518
735
1478
943
1521
1501
1509
1506
1230
1517
1523
1523
1526
1524
1487
1503
1461
1453
1485
1524
1510
1460
1525
1516
1105
1462
1519
1518
1483
1514
1482
826
1504
1446
1513
1520
1491
1515
1488
1464
1225
1524
1458
1491
1482
1233
1508
1490
1526
1516
844
1522
1522
1499
1457
978
1522
1525
1527
1519
1493
1527
1454
1486
1516
1525
1507
1397
1491
1526
878
1507
1513
1482
1457
1517
1519
1458
1448
1450
1528
1520
1513
1477
1518
1515
1458
1167
1498
1125
1304
819
1512
1486
1520
1532
1479
1518
1522
1526
1527
1507
1453
1472
1408
1504
1511
1449
1483
1453
1524
1528
1508
1460
1525
1530
1462
1520
842
1451
1520
1519
1514
1521
1498
1523
1521
1471
1509
1092
1515
1486
1522
1452
1491
1508
1523
1518
1192
1518
1523
1524
1516
1454
1461
1459
1511
1482
1527
1524
1456
1511
1461
1508
1462
1468
1507
1523
1521
1520
1476
1430
1517
1481
1483
1509
1513
1514
1518
863
1476
1529
1524
1524
1450
1469
465
1461
1464
1514
1451
1516
1516
1517
1479
1170
1470
1526
1517
1523
1523
1488
1091
1513
1528
1521
1459
1519
1037
1458
881
1524
1482
1481
1518
1527
1307
1504
1522
1507
1501
1311
1525
1519
1518
1462
1526
468
948
1475
1468
1515
1515
1510
1459
1455
1475
1519
1526
1516
1522
908
1521
1512
1447
1451
1517
1463
1480
1509
1531
1471
1504
1472
1503
1455
1258
1468
1434
1522
1522
1524
1297
1515
1512
1524
1521
1481
1510
844
1503
851
1210
1471
1517
1462
1437
1459
582
1524
1476
1519
1472
1518
1527
1505
1491
1528
1345
1520
1510
1519
827
1412
1452
914
613
1500
1517
1525
1525
1480
1519
1509
1467
1313
828
1530
1450
1508
1504
1524
1468
855
379
1531
1464
1488
1524
1513
1516
1460
1526
1483
1523
1485
1524
1519
1065
1463
1522
1461
1491
1515
818
297
1510
1467
1514
1506
1521
1519
1460
935
1469
1517
1459
1523
1500
1493
1524
1511
1520
1179
1485
697
1515
1515
1529
815
1520
1521
1526
1413
1406
834
1468
392
1523
1480
1486
839
1514
1515
1507
1481
1463
1521
1483
1486
943
1525
1481
1460
1466
1490
1519
1476
1465
1493
966
1528
1526
1513
1451
1467
1518
1524
1511
1517
1505
1497
1457
1487
1522
1469
1523
1452
1522
1438
1500
1523
743
787
1459
1489
1506
1023
1465
1513
1484
1521
1515
1502
1521
1523
1385
1453
1517
1461
1463
1474
1423
1524
1525
1466
1522
1518
1475
1469
1491
1493
1477
1492
1414
1487
1483
1522
1490
1519
1516
1496
1498
1521
1518
1460
1486
1521
1465
1519
1524
1496
816
1476
1517
1450
1470
1503
1498
1523
1519
1514
1521
1466
1492
1520
1502
1452
1511
395
1475
1521
1519
1342
1512
1513
1525
1519
1518
1467
1460
1386
1514
1524
1519
1520
1508
1479
861
1511
1512
1511
1517
1525
1522
1467
1480
1506
1524
458
1487
1462
1516
1461
1523
1512
1470
1453
1519
1517
1523
1488
1461
1473
1463
1516
1467
1470
1504
1505
1536
1042
1459
1485
1474
1543
1524
800
1523
1521
1522
1328
1526
1530
1523
1514
1473
1518
814
1467
1516
974
898
1478
1455
1489
1466
1521
1493
1462
1523
1465
1519
1525
1459
1513
1503
1461
1528
1516
1517
1447
469
1123
1140
1524
1520
1517
1475
1461
1514
1459
1504
1401
1518
1480
1488
615
1518
1508
1525
1457
1461
1525
1463
1452
1508
1475
1483
1506
1520
1506
1506
1503
1518
1515
1494
1518
1520
1523
1523
1518
1505
1464
1516
1524
1515
1514
1507
1500
1522
1016
1510
1515
1515
638
1517
1519
1524
1404
1523
1463
1462
869
1510
1526
1515
1502
1522
1448
1500
1507
1524
1520
1523
1464
1466
1474
1157
1478
1493
1527
1470
1510
1515
1247
1517
1523
1528
1512
1464
1371
1473
1522
1235
1498
1271
1504
1466
1510
1520
1462
1450
1454
1515
1521
1517
1516
1513
1519
1519
1531
1506
1522
1527
1502
1486
1514
1486
1529
864
1524
1529
1534
1469
1454
1464
1513
1475
1444
1453
1510
1519
541
1464
1511
1523
1516
1501
1502
1434
1489
1503
1518
1478
1513
1465
1488
1460
1214
1245
1475
1504
1513
1517
1523
1457
1364
1125
1505
1515
1527
1467
1450
1522
1506
848
1510
1473
1527
1463
1513
1523
1513
1521
1521
1497
1521
1496
1473
1526
907
1509
1521
1527
1529
1507
1502
1524
1522
1523
1523
1516
1521
1516
1465
935
1521
1521
1509
1526
1518
1525
830
1459
1466
1520
1513
1524
875
1513
1472
1496
881
1527
715
1514
1502
1519
1447
1506
766
686
1458
1518
1506
1494
1456
1519
1483
1506
1288
1521
1158
1507
1474
1064
1519
1518
1522
1523
1452
675
1519
1354
1464
1449
1490
1452
1520
1523
1475
1468
1254
1519
1460
1507
1505
1282
1530
1472
1472
1502
1473
1522
1505
1514
980
830
1517
1500
1529
1514
1509
1518
1462
1464
1487
1511
1510
1523
1513
1443
1499
1457
1381
1534
1517
1041
1501
1504
1516
1284
1495
1473
1514
1294
1475
1513
1502
1498
1519
1521
1524
1531
1521
1522
1474
1506
1486
1173
1525
1496
751
1505
1513
1473
1515
851
1521
1521
1529
1458
1519
1493
1521
1460
1523
1524
1465
1496
1485
1455
1453
1514
1494
1478
1517
1477
1515
1520
1464
1506
1513
1475
1365
1512
1509
1514
1475
1525
1513
1489
1522
1511
848
1514
1520
1466
1496
1512
1508
1514
1515
1515
1467
1520
1151
1524
1147
1479
1510
1487
1510
1522
1521
1493
1483
1485
1525
1528
1501
1457
1501
1518
1527
1465
306
1445
1466
1452
1462
1519
1514
1515
1481
1517
1457
1532
1521
1515
1447
1454
1476
1516
1489
1524
1514
879
1454
1459
1523
529
1525
1525
839
1140
1496
1524
1523
1527
1526
1519
1488
1515
1515
1521
1525
871
1532
1314
1516
1519
1023
1459
1514
973
1517
1127
1510
1457
1511
1502
1500
822
1519
1462
1452
1519
1510
1517
1502
1522
1108
1510
1494
721
1485
835
1493
910
1463
1520
1362
1516
1467
1105
1529
1456
1495
1522
1510
1504
1500
1526
1496
1468
1515
1462
1513
1479
1513
1529
1522
1515
1516
1497
1518
1206
1527
1520
1525
1520
532
1483
1488
1483
1508
1444
1497
1519
1453
1492
1515
1517
1518
1518
807
1521
1526
1521
1507
883
1525
1510
1467
1458
1433
1475
1523
1519
768
1528
1481
1437
1522
1505
1520
1521
1336
1529
1459
1516
1216
1460
1510
1517
1529
1491
1524
1494
1453
1513
1520
1517
1492
1474
1250
1510
1249
1524
807
1520
1479
1523
1408
1522
795
1505
1501
1516
1524
1458
1463
1512
1518
1498
1474
1503
1025
1511
1507
1461
1523
1467
1516
1494
1496
904
1514
669
1525
1518
1528
1508
1502
1462
1493
1476
1517
1510
1465
1523
1525
1522
1028
1508
1010
1518
1524
1486
1520
1467
777
1521
1520
1463
1516
1518
1476
1519
1450
1462
1518
1003
1514
1514
1520
1523
1505
1529
1469
1457
1526
1520
1523
1516
1529
1526
1514
1527
1473
1516
1512
1065
1482
1457
1473
1506
1522
1490
1223
1042
1518
1468
1506
1516
1456
1488
1515
1524
1524
1455
1520
1511
1523
1522
1356
1476
1503
1492
1487
1520
1512
1511
1528
1488
831
1523
1478
1512
1483
1507
1487
1518
1517
1518
1489
1495
1392
1518
1519
1496
1488
1311
1519
1486
1533
1470
1465
1506
1517
1523
1526
1473
1461
1504
1518
1522
1403
1457
1480
1517
1486
1508
1519
1517
1506
1517
1510
1523
1508
1470
1464
1467
1515
1528
1442
1489
1468
1513
1435
1468
1134
1451
1521
1110
1517
1472
1509
1472
1429
458
1490
1519
1510
1501
1473
1344
1461
1528
1526
1495
1498
1513
1521
1473
1517
1389
1523
1460
1505
1469
1496
1474
1505
1497
1470
1518
863
1246
1483
1509
1512
1517
1138
1530
1455
1526
1451
1495
1530
1469
1525
1466
1521
852
1512
1509
1514
1505
1453
1471
1468
1525
1493
1522
1073
1477
1493
1522
1524
1486
1523
1522
1452
1484
1157
1356
1516
1493
1486
1514
1520
1521
1499
1501
1524
1286
1510
1522
1532
1522
1010
1497
1517
1515
1465
1509
1523
1491
853
1515
1518
884
467
1519
1458
1531
1520
1463
1497
1515
1520
1462
1461
1241
1486
1531
1504
1297
1462
1497
1486
1452
1526
1452
1000
1484
1524
1495
1511
1513
1519
1517
1236
1525
1520
1529
1459
1511
1492
1481
1479
1521
1468
1518
1508
1475
1497
1521
1521
1529
1523
1517
1520
1517
1514
1520
1518
1522
1515
1299
1399
1527
1516
1525
1519
1517
1455
1225
1514
1464
1525
556
1522
1514
1513
1510
1513
1521
1505
1525
1523
1468
1489
1120
1525
1518
1522
1462
1459
1483
1519
1522
1513
870
1522
1485
1512
1484
1525
1520
1509
1467
1523
1499
1516
1526
1521
1481
1530
1494
1524
1526
1519
1480
1522
1460
962
1466
1514
1495
1490
1241
1520
1523
1463
1478
1503
1466
1506
833
1335
1527
1434
1476
1513
1499
1484
1524
1524
1525
1236
1528
1518
864
1464
1478
1459
1505
1453
1519
1525
1505
1527
1503
1137
1518
1528
1485
1515
1517
1517
1516
1468
1520
1458
1515
1516
1519
1518
1363
1521
1509
1468
1524
1520
1521
1463
1521
1463
1487
1514
1492
1462
1498
1522
789
1516
1516
1449
1523
1138
1505
1518
1527
1523
550
1521
1524
1473
1515
1510
1519
1510
1500
1520
1317
1482
1506
1510
1458
1488
1445
1534
1464
1519
1472
890
1513
1430
1519
1523
1460
1509
1188
1525
1518
1516
1472
1517
1505
1526
1433
1442
1503
1464
1465
1514
1461
1504
1474
687
1510
1468
1479
1445
1508
513
1523
1520
1490
1456
892
1349
814
1524
1509
1503
1515
1521
1526
1480
1519
1475
1524
1525
1521
834
1504
1466
1505
1513
1519
1487
1468
1462
1523
1518
1470
1480
1001
1479
1527
1508
1509
1528
1487
1518
1503
1525
1499
1490
1508
1460
1511
1528
1491
1515
1517
1472
1489
1484
1453
1466
1502
1474
1523
1462
1525
1521
1520
1511
1525
1520
1505
1527
1494
1485
1457
1503
1496
1510
1458
1512
1524
1466
1520
1522
478
1488
1350
1519
1450
1466
1477
1522
1456
1520
1187
1506
843
1520
1495
1000
1522
1523
1523
1455
1454
1496
1207
898
1451
1522
1514
1477
1523
1249
1531
1516
1473
1471
1467
1452
1459
1516
1512
1509
1500
1514
1507
1522
547
1526
1236
1485
1506
1508
1500
1073
1517
1523
1455
1495
1510
1509
1512
1529
1511
1506
1521
1452
1520
1515
1424
1528
1510
1523
1503
1457
1481
1518
1523
1520
1475
1459
1528
1508
1522
1459
1522
1506
1515
1386
1189
849
1462
1528
1459
555
532
1458
1506
1468
1522
1522
862
1506
1511
1513
1522
1491
1496
1525
1457
1521
1525
1502
1458
1458
1460
1514
1520
1505
1527
1512
1425
1532
1446
813
1519
1521
1473
1448
854
417
1521
1515
1450
1461
1472
1059
1106
1466
1508
1349
1517
1517
1517
1522
1510
829
1516
1470
1516
1517
1522
1474
1461
844
1484
1448
1211
1515
1517
1529
1507
1516
1509
1503
1522
1530
1526
1525
954
1521
1471
1502
1508
1524
1522
1516
1506
1501
1490
1520
1463
815
1469
1467
1513
1516
1516
1518
1527
1523
1509
1445
1505
1455
1461
1507
1483
1517
1455
1531
1515
1506
1527
1479
1498
1515
1452
1525
1517
1522
992
1459
1523
1464
1304
1476
1439
1524
1480
1521
1516
1525
1442
1473
1472
1521
827
1419
1453
1525
1506
1519
1520
1522
569
1499
1515
1505
1471
1526
807
1483
1521
1458
1514
1015
1465
1508
791
1455
1524
1468
1512
1211
1520
1517
1191
1494
1512
1483
1468
1523
1155
1525
1470
581
1512
1509
1510
1517
1517
1530
1473
1465
1502
1521
848
1525
1471
1521
1527
1101
1530
1459
1519
1496
1467
1508
616
831
1522
1515
1526
1514
1210
1520
907
1475
1474
1510
1492
1517
1463
1457
1523
1453
1308
1519
1520
1465
1531
1504
1271
1504
1481
1523
828
1518
1466
1522
1270
1526
1502
1271
1524
1513
1485
1514
1516
1515
1469
1448
932
1520
395
1519
1491
1517
1479
1500
1503
886
1502
1519
1513
1521
1508
1523
1515
1521
1214
1276
1461
1521
1481
1514
1457
1522
883
1496
1519
1522
1518
1511
1510
1515
1454
1514
1527
1526
1521
1520
1519
1520
1524
1515
1519
1523
1489
1470
1469
1510
1505
1476
1520
1485
1458
1507
1520
1470
1108
1526
1509
1525
1511
1527
1495
1452
1523
1407
1515
1515
1465
1460
1463
1521
1459
1515
1522
1521
1466
1521
1055
1492
1519
1518
1472
1508
1520
1483
1462
1518
1106
1524
1481
1473
982
1519
1494
1519
1492
1521
1460
1507
1490
1522
1515
1521
1148
1529
1527
1502
1522
1517
1514
1523
822
1456
1529
1519
1518
1520
1519
1522
801
1509
1497
1164
1459
1530
1514
1501
1452
1473
1519
458
1479
1497
1463
1524
1474
1524
1471
1525
1525
1528
1525
1515
1521
1399
1508
1522
1448
1500
1508
1492
1514
1512
1261
1138
414
1513
1501
1461
1502
1467
1524
1521
1522
906
1525
1494
1521
1462
1520
1522
1512
1465
1506
724
1510
1511
1511
1521
1506
1518
1520
1496
1502
1506
1522
1526
1521
1461
1523
1449
1457
1488
1510
1506
1467
627
1515
1510
1526
1527
1454
1522
1521
1512
1522
1466
1528
1517
1510
1509
1524
1495
1492
1475
1453
1084
1505
1516
1524
1485
1529
1497
1522
1472
1517
1513
1524
437
1518
1478
1118
902
1522
1492
1518
1484
1470
1517
1526
856
1525
1525
1451
1519
1523
855
1513
1521
1510
815
1485
1510
1500
1493
1469
1424
1517
1525
1474
1529
1521
1499
1082
1489
1523
1491
1516
1523
1512
1478
1519
1516
1517
1500
1503
1485
1513
1482
1488
1519
1528
1522
862
1434
1519
1520
1459
1517
686
1514
838
1516
1520
879
963
1521
1491
1274
1520
1458
1458
1460
1411
1509
1472
1522
1505
1522
1507
1348
1535
1294
1444
832
1526
1525
1177
1489
531
1236
1507
1489
1481
1522
1523
1492
1512
1515
1512
1519
1468
1479
1454
1455
1475
613
1463
1509
1468
1466
1526
1515
1524
1498
1473
1522
1524
1521
1508
1523
1507
1533
1505
1514
1517
1495
1331
640
1529
1495
1514
1493
1524
1507
1453
1459
1515
1464
1531
1459
1513
805
768
1523
1465
1515
1520
1459
1521
1470
1518
1504
1521
1505
1524
669
780
1410
1500
1518
1471
1529
1473
1464
1121
1520
1527
1454
1459
1520
1504
1445
1528
1525
1515
1452
1520
1506
1522
1458
1504
1502
1489
1517
1117
1516
1520
1517
1503
1516
1200
1521
1519
1525
1517
1519
1509
1517
1521
1523
1520
1496
1470
952
1461
1484
1016
1530
1528
1503
1522
1523
1488
1497
818
594
1463
1479
1466
1506
1463
1471
1462
1515
1486
1482
1508
1087
1479
1517
1524
1519
1484
869
1002
1199
1519
1510
730
1521
809
1526
845
1471
1523
1488
1453
1522
1473
1507
1526
1455
1469
1525
1519
1517
1515
1514
1520
1521
1471
1520
1465
1475
1526
1460
1511
1515
1524
1527
1520
985
1480
1279
1509
1527
1492
1497
1523
1520
1501
1505
971
1454
1510
1515
1504
1504
819
918
1520
1499
1525
851
1527
1456
1456
1523
1530
1379
1513
1458
1516
1521
1452
1508
1458
1449
1519
1525
1509
1521
1455
1467
1522
1519
1520
1189
965
1526
1522
1522
1462
1042
1482
1507
1514
1525
1509
1476
856
1521
1524
1516
1523
1478
1518
1520
404
1528
1516
1519
1523
1491
1452
1518
1460
901
1524
1524
1526
1460
1527
1511
1498
1165
1484
592
1506
1523
1486
1526
1521
1474
1519
1517
1509
1458
1526
1494
1459
1265
1481
1519
1493
1495
1514
1505
299
1514
842
1504
1516
1471
1511
1514
1500
1091
1452
1457
1521
1150
1462
1017
1510
1520
1488
1460
1523
1003
1517
1460
1513
1506
1523
1478
1522
1517
1502
1504
1456
1523
1522
1243
1530
1454
819
1449
1465
1482
1526
672
1522
1499
1525
749
1518
1454
1170
1521
1504
1017
1460
1520
1526
1475
1519
1450
1490
1475
1468
1522
1456
1510
1518
1465
1520
1524
1516
1529
1460
1455
1466
1520
792
1470
944
1499
1485
1472
1528
1518
1523
1522
1481
1507
1492
1523
1488
1460
1468
1478
1521
1514
1518
1523
1525
1521
1524
1507
1223
1526
1450
1520
1409
1506
1528
1530
1522
1520
1471
1503
1495
1459
1520
1445
1451
1520
1456
1469
1454
1508
1425
1521
1462
1519
1523
1459
1502
1526
1494
1518
1457
1520
1510
1513
1400
1525
1477
1476
1516
1460
1508
1469
397
1154
1516
1522
1439
1526
921
1531
841
985
1522
1524
1519
1462
1523
1309
839
1512
1456
1456
1481
1519
1528
1441
1523
1510
1472
1500
1442
1516
826
1510
1525
1465
1507
1508
1514
1511
1465
1518
1498
1478
1440
1487
1518
1459
1506
1452
1461
1516
1508
1516
1509
828
1524
923
1516
1478
450
1486
1494
1514
1509
1519
1510
1515
1485
1518
1517
1517
1460
1458
1523
1465
1480
1457
1526
1451
1458
1475
1134
1494
1393
1355
1460
1520
1513
1516
1516
1466
1523
1497
1458
1464
1529
1450
1478
1524
1458
1519
1448
1474
1474
1012
1522
1514
1523
1522
1482
1522
1454
1508
1512
1520
1464
1521
1472
355
1534
1519
1495
1512
1512
1489
1520
1211
1522
1433
1460
1519
1457
1523
1506
1523
1504
1522
1486
1520
1523
1532
1510
1460
1467
1510
1500
1520
1525
1458
1520
1496
1523
1512
1522
1509
593
1506
818
1484
1455
1520
1517
1459
1534
1513
838
1437
1491
1519
1501
1467
1521
1521
1091
1515
1520
680
1516
1522
1499
1521
1519
1497
1494
1506
1522
1518
1121
1512
1513
1477
1488
1359
1178
1518
1526
1452
1524
1526
1100
1517
1519
1488
1141
1476
742
1501
1494
1516
1487
1516
1523
1518
1523
1461
1466
1464
1459
1520
1515
1521
1462
1509
1519
1453
1527
1463
1451
1445
1516
1444
1524
1507
1520
563
1467
1487
1504
1517
1521
1456
1520
1474
1518
1482
1519
1262
1526
1472
1457
1483
1505
1489
1463
1525
490
1518
1510
1482
1524
1450
1518
1112
1492
1205
1434
1515
1466
1523
1495
1494
1524
1524
1516
1516
783
1509
1518
1525
1522
1526
1489
1517
1518
1527
1494
1459
1500
1520
1509
1506
1516
1515
1519
1524
1446
1457
906
839
1503
1516
1445
1455
1513
1524
1456
1464
1523
1518
1498
1511
1512
800
730
1503
1528
1493
1479
1163
1465
1519
1513
1501
1516
1453
1516
1499
1528
1503
1178
1526
1473
828
1458
1503
870
1525
1521
1494
978
1481
1518
854
1512
1508
1492
890
1514
1460
1006
1472
1524
1458
1473
1524
1479
1523
1516
1520
1520
1518
1522
1467
1518
1525
1522
1465
1521
1519
1523
1478
1523
1501
1514
966
1477
1342
1520
1523
1527
1441
1508
1468
1498
1518
1523
1455
1507
852
929
1518
720
1506
1184
1519
1518
1526
1524
1508
1508
1526
1494
1449
1464
1437
1530
1521
1526
1450
1491
1520
1502
1528
927
1521
463
1527
1461
1509
1516
1516
1505
1529
1485
1521
967
1493
1518
1472
1519
1469
1312
1463
1516
768
1507
1522
1459
1511
861
1511
1484
1526
1486
1513
1460
1472
1516
1470
1521
1516
1519
1122
1236
1468
1521
1452
1104
1525
1474
1462
1502
1066
1513
1461
1522
1509
1517
1516
1520
1531
1515
1519
1525
1523
1433
1523
1094
853
1478
1514
1456
1491
1526
1516
1515
1501
1475
1461
1508
1459
1167
1460
1513
911
1524
1511
1519
1523
706
1513
1520
1516
1523
1502
1487
1472
1477
1477
1502
1501
1521
1514
1455
1523
1468
1519
1471
816
1516
1499
1306
1508
1521
1446
1524
1064
1525
1227
1481
1529
1513
1514
1519
1514
1452
1448
1522
1525
1464
1518
1455
1275
1519
843
1499
1515
1495
1519
1514
1517
1523
535
1488
1478
1427
835
1101
1509
1474
1519
1466
1509
1511
1508
1503
877
1449
1112
1477
1525
1336
1458
1493
1519
1526
1512
1509
1381
1381
1456
1507
1505
1517
1511
1506
1487
1516
1511
1503
919
1460
1522
1517
1527
1510
1525
1502
1524
1523
1466
1514
1507
1517
1528
1518
1467
1521
1468
1501
1519
1466
1463
1519
1514
1514
1469
1523
1469
1518
1520
1531
1487
793
1516
1248
1483
1526
1525
1372
1525
1510
1526
1115
1463
613
1457
1531
1515
1524
1460
1509
1463
1491
1459
1510
1519
1455
1521
787
1482
1516
1444
1516
1515
1528
1516
1512
1473
1509
1477
1519
1498
1514
1491
1465
1523
1463
1513
1514
1458
1464
1525
1503
1525
1514
1521
1430
765
1521
1520
1510
1460
1517
1524
1475
1499
1520
1524
1472
1518
1502
1523
1526
1424
1461
1531
1464
1520
1518
1196
775
1489
1510
1513
741
1520
1494
1469
1520
1470
1459
1463
1453
1500
1507
1504
1522
1518
1523
1521
1461
1454
1460
1517
1466
1519
1500
1519
1447
1045
1465
1515
1489
1471
1517
1517
1528
1524
1501
1457
1517
1516
1522
1460
1518
1510
1510
1522
1464
1528
1469
1466
1495
1509
1183
1509
1496
1517
1518
1500
1483
1525
1481
1457
1525
1522
1476
1489
1521
1488
1480
1454
1517
1488
1475
1077
1520
1516
1474
1519
1517
1125
1519
1513
1156
1517
1511
1477
1506
1527
1491
1494
1480
1520
1519
882
394
1462
1512
1521
1469
1502
1509
1490
1517
1526
1497
1521
1499
1521
1527
1459
1517
1507
1016
1506
1489
1122
1521
1523
1468
1523
1461
1541
1499
1532
1516
1517
1466
1527
1473
1506
1517
1246
1464
1167
1514
1456
1523
1528
1247
1525
1497
1519
1530
1469
1496
1519
605
1522
1497
1518
1360
1522
1517
868
1522
1476
1521
1513
1524
1513
1467
1524
1517
1024
1518
1478
1519
1463
1298
1299
1523
1320
1500
1444
1450
1517
789
1495
1522
1523
1518
1500
1529
1518
1487
1485
1484
1523
1446
1512
1511
1484
1519
1522
487
1524
1496
1511
1521
682
1492
1476
1516
1458
1512
1526
883
1517
1523
1499
564
1515
1511
1513
1516
1452
1482
1470
1525
1528
1525
1519
1525
1498
479
1465
1528
1450
1513
1459
1522
1525
1516
782
1456
1525
1460
1527
1478
1521
1520
811
1511
1529
1471
1458
1502
1509
1510
1519
1516
1478
1457
1469
1514
875
1497
1510
873
1514
867
1468
1526
1526
1521
604
1509
1454
1472
1520
1500
1501
1453
1519
1518
1515
1510
1042
1509
1478
1512
1523
1463
1508
1504
1519
1495
1520
718
1473
1524
1515
1455
1476
1437
1514
1523
922
1529
1480
518
1518
1506
1518
1213
1526
1502
1518
1481
1512
1287
1462
1509
1511
1338
1518
1265
1526
1516
1524
1500
932
1493
1457
1521
1459
1466
1495
1526
1519
1522
1472
1522
1527
1473
1473
1456
1462
1487
807
1500
1507
1499
1292
1521
1463
1468
1522
1526
1521
842
1514
1522
1520
1494
1523
1521
1530
1518
1518
1481
1461
1526
1462
1442
1518
1465
1522
932
1529
1522
1467
1513
1476
1460
1488
1480
1184
1486
1534
1523
1508
1454
1517
1536
1527
1508
1467
1514
1459
1517
1520
1280
1519
1525
1080
1458
1519
1520
1526
1501
1522
800
1447
1517
1477
1504
1461
1511
1499
1508
1514
1522
1477
1518
1520
1457
1471
1495
461
1526
1510
1506
902
1520
1519
1517
1507
1460
1522
1509
1495
1526
1487
1530
1103
1487
727
1480
1466
1015
1472
1493
1460
1460
1482
1513
1503
1510
1463
748
1453
1503
1525
1527
822
1524
1517
1518
1493
1512
1458
1489
1520
1203
1516
1525
1472
1516
937
1515
1536
1496
1517
1520
1496
1479
1518
1513
1525
1507
1517
1465
385
766
1486
1494
901
1479
1495
1524
733
1463
1527
1523
1529
1271
1474
1134
1499
1508
1504
1473
1516
1511
1525
1516
1447
1512
1495
1520
1514
1529
1526
1517
937
1515
1521
1514
1523
1522
1521
1515
1523
1524
1512
1483
1523
1517
1461
1506
1465
1510
1522
590
1496
1074
1510
831
1519
1511
1522
1517
1504
1520
1405
1428
1514
1503
1524
1476
1518
1507
1498
1456
1517
1515
1517
1444
1519
1483
1521
1496
1499
1456
1495
1125
1521
1521
1529
1512
1487
1515
1461
1462
1523
1511
1477
1513
1506
1521
1523
1464
1529
1511
1494
1329
1512
1519
1481
1505
1460
1518
1462
1519
1504
862
1525
1524
1517
1515
1455
1502
1081
1492
1450
1501
1510
1480
1524
1517
1517
1476
1453
1509
1518
1501
1519
1519
1517
1464
1524
1508
1524
1471
1518
1507
1468
1497
1523
1484
1525
1474
1477
830
1511
1523
1515
1528
1472
1470
1513
1510
1523
1512
1467
1475
1468
1463
1524
1472
1514
1496
1519
1524
1459
1105
1478
1526
1242
1512
1529
1522
1513
1222
1497
1473
1513
1353
1513
1458
1470
1521
1518
1462
1516
1465
1520
1458
1448
1503
936
1409
1484
1527
458
837
1522
1424
1522
1516
1512
1518
1453
1476
1503
1520
1468
1526
1516
1519
901
1507
1522
912
1524
1468
1514
1528
1464
1526
1519
1520
1460
1502
1459
583
1409
1528
1524
584
1490
1528
1522
1510
1495
1477
1529
1523
1505
1482
1456
1487
1520
1520
1469
1522
852
1532
1502
1464
1528
1412
1518
859
1494
1511
1520
1522
1400
1527
1461
1515
1503
1068
1505
1503
1460
1472
1501
1520
1462
1465
1521
1479
1527
1492
1458
1514
619
1481
1523
1498
1526
1527
1518
1469
692
1504
1468
1513
1517
1460
1444
823
1488
1458
1524
1520
1480
1473
1503
1516
1504
1484
1523
1517
845
1457
1519
1492
787
1524
1495
1461
1467
1007
406
1335
1446
1494
1503
535
1516
1520
1510
1450
1523
1466
1513
1522
1456
1457
1518
1482
1521
1532
1464
1517
1219
1524
1481
1523
1469
1508
1505
1510
1517
1455
1496
1505
1509
1525
1479
1462
1528
1529
1470
1528
1508
1467
1520
1082
1475
1442
1461
1450
1358
1521
1517
1501
1469
1460
1496
1202
1524
1507
1487
1474
1521
1510
1488
1513
1466
1452
1522
1521
1463
1470
1510
1467
1519
1513
1518
1515
1527
1522
1358
1503
1463
1466
673
1462
1499
1500
1462
1483
1523
1520
1359
1513
1521
1462
1497
1521
1520
1487
1525
1511
1514
1510
1531
1517
1200
333
1524
1469
1504
1028
1529
1511
1472
1503
1517
1482
1451
1458
806
1461
1525
953
1523
1519
1409
1522
1521
1531
1521
1475
1467
1456
1507
1505
1506
1444
1528
1511
1472
1518
1468
1526
1502
1520
1464
1520
1454
1517
1487
1495
1519
1513
1452
1459
1486
1524
1523
1468
1516
1044
1524
1483
1502
1518
1508
1521
1513
1515
1455
1522
1513
1489
1527
1485
861
1468
1515
1481
1507
1526
1497
1490
1504
1521
1463
1517
1486
1115
1456
1520
1530
1512
1509
1514
1474
1464
297
1470
1455
1519
1464
814
1455
1526
752
1355
1464
1498
1459
1525
1529
1456
1456
1518
1511
1479
1486
1518
1456
1526
800
1521
1474
1528
1501
819
1517
1509
1464
1463
1531
1071
1498
1384
1456
1230
1434
1462
1518
1520
1512
1458
1219
1522
1515
1485
1524
1517
1525
1525
1520
1521
1525
1071
1453
1473
864
1463
1522
1515
1528
1519
1493
1511
1511
1215
1477
1519
1471
1524
1479
1479
1471
1492
1523
1496
1521
1448
1494
1519
1504
1447
1500
1459
1451
1499
1521
1160
1524
1469
1511
1462
1528
1514
1523
1504
1507
962
1483
1450
1467
1522
1502
1522
1529
1490
1488
1387
1514
1487
1518
1512
1527
1477
1459
1446
1462
1520
834
1493
1462
1492
1524
1477
1505
1522
1455
1520
1506
1454
1478
1524
1516
1163
1524
1516
1345
1515
1497
1494
1520
1448
