1537
1541
1544
1531
1528
1543
1520
681
1538
1529
1538
1526
1516
1523
1541
1532
1053
1536
1530
1531
1140
1533
1517
1123
1535
831
1543
1527
1535
1544
1534
1021
1519
766
1544
1528
1526
497
1544
1546
1546
1537
1530
1543
1536
1538
1527
1535
1531
1533
1528
854
1536
1222
1524
1536
1541
1535
1537
1536
1540
1529
1536
1473
684
1535
1538
1519
1314
1522
1521
1531
1537
1538
1292
1535
1172
807
1546
843
1529
1545
1529
1441
1545
1538
1536
843
1536
1541
1539
1530
1532
1529
1025
769
1104
1531
1533
864
1537
772
1515
1532
1537
1535
1521
1535
1541
1544
866
1513
1521
1523
1535
1541
1536
1538
1529
1539
1533
1525
1539
1535
1264
1534
1526
1495
1529
1530
698
1130
1536
823
1530
1479
1539
1537
1515
1098
774
1542
1535
1537
1523
1526
1470
1539
1475
1539
918
1538
445
1536
1531
1539
1542
1520
1509
1536
1536
1543
1531
1539
1350
1533
1540
1541
1544
860
1546
1554
1542
1550
1030
1538
1543
1545
1530
1378
1541
1539
1546
1538
1536
1534
1542
1537
1537
1538
1355
1542
1539
1525
1292
1543
1544
1542
337
1548
1545
1527
1535
1543
720
1076
1543
798
1529
898
1525
1536
1530
1529
1537
1533
1538
1532
1521
1526
1527
1536
1529
1529
1536
1529
1116
1526
775
1545
1511
1541
1530
1532
1533
1510
1532
1532
1536
1525
1530
1534
1530
1552
1534
1522
1513
976
1534
1538
1531
305
755
1541
1525
1543
1535
1541
1534
1534
1530
1544
1520
1526
1533
1545
1536
1539
1533
1541
1526
1516
1527
1533
1533
1534
1532
1525
1538
854
1523
1521
1533
1531
1527
1530
1532
1527
1517
756
1530
1532
1530
1520
1529
1536
1536
1534
1540
1531
1515
1529
1528
1529
1526
1530
1533
1522
1529
1516
1068
1524
1531
1489
1527
1117
1534
962
1529
1532
1530
1528
1520
1541
1526
836
1048
1523
1054
1539
1535
1531
802
1540
1545
1529
1520
1509
1540
1474
1536
1528
1534
708
1547
1542
1536
1545
1535
1542
1543
1480
1537
1520
1216
1539
862
1522
1529
1537
1538
1485
1532
1526
761
1529
1538
1528
1532
1535
1535
1535
1533
1502
1528
1535
933
1532
1538
1540
1533
1537
1537
1531
930
1540
1540
1543
1536
1540
862
1542
1556
1545
1541
1512
1523
1530
1536
1533
690
1533
1530
1534
1525
1533
851
1537
1513
1541
1538
1534
1534
1532
1540
1470
1520
1537
1542
1532
1531
1527
1361
1533
1496
848
1527
1532
1533
1285
1526
1527
1516
1539
1537
1534
1524
1529
1530
1542
1493
1530
1518
1535
1529
1138
1534
1523
1203
1519
1540
1533
780
1534
1534
1531
1517
793
1503
750
1542
1537
1540
773
1529
1540
1540
1531
1534
1524
1535
893
1538
1539
1530
1536
1532
1530
1541
1543
1538
1542
1049
1546
1522
1534
1535
1539
1537
472
1528
1493
1532
1530
1537
1527
1532
1522
1536
1537
1542
1540
1528
1525
1535
1511
619
1535
1533
867
1387
1510
1541
1518
1541
1526
1503
1526
1542
769
1540
773
1524
1512
350
1543
1536
1535
1526
1537
932
1535
1539
1532
1093
1541
1262
1536
1538
1532
1548
1545
1540
1518
1533
1535
1537
1530
1535
1535
1529
1528
1530
930
1533
1533
1535
1531
1516
1534
1518
1534
1523
1539
1528
1535
1498
893
1532
731
1528
1537
1507
1530
1537
1524
1542
1513
1539
1542
1533
1544
1532
613
857
1535
1532
1542
1542
1539
1542
1536
1547
1534
1538
1523
1543
1543
1540
1526
1528
1530
1531
1510
1538
1531
1526
1538
1513
773
1543
1531
1531
1534
850
1536
1544
1536
1534
1533
1537
1537
976
1531
821
1061
450
1530
1529
1536
1532
1528
1530
1545
1527
1529
1487
1538
1545
1531
1536
668
1532
1547
1542
1534
1530
1534
1532
1529
1540
1524
1534
1518
1536
1544
1540
1542
1529
1532
1277
1532
1056
1529
1533
1532
354
1538
1530
1531
1511
1539
1294
1528
1519
1537
1536
1523
1526
1528
1536
1539
1540
1545
1533
1518
1535
1540
1539
1526
1347
1544
1535
1539
1544
1537
1531
1539
1530
1530
1536
1533
1534
1524
1547
1525
1536
1508
1533
1446
1322
1545
1533
1547
1548
1523
898
1536
1533
1529
1536
847
1532
1534
1520
1530
1518
1537
1541
1542
1530
1530
1530
1501
1536
1535
1544
1542
1131
904
1520
1547
1537
1543
1534
734
1537
1529
1439
1540
1540
1529
1542
1531
1109
1522
1536
1541
1157
1540
1538
1534
1530
1538
1536
1539
1531
866
1502
1536
1530
1534
1532
1531
1210
1533
1533
1530
1539
1537
1534
1537
1535
1532
1513
1533
1534
1514
1538
1530
1524
1531
1538
1525
1542
1540
1542
1543
810
854
1531
1545
1537
1540
1530
858
1521
840
1542
1542
1542
1542
1542
1524
1536
1547
1533
1530
1532
1530
1519
1517
755
1545
1551
1547
1548
1540
1547
1540
1542
1539
1547
1545
871
1535
1527
1544
1535
1537
392
1531
1529
1510
1534
1317
641
1515
1538
1538
1532
757
1544
1527
1538
1535
1526
1512
1533
1535
1524
1121
1533
1518
1529
1529
1533
1537
1532
1524
1538
1532
1512
1528
1530
1530
1533
1417
1517
1532
1519
1539
1535
1531
1528
1525
1524
1523
1537
983
1537
1536
857
1541
1544
1535
850
1539
1540
1544
1526
1536
1522
1533
744
1535
854
1292
1490
1536
921
1534
1526
1526
1542
762
1545
1547
498
1548
1536
1544
1537
1535
1224
816
1548
1527
1536
1533
1522
1529
1515
1527
1540
1532
1135
1532
1534
1533
927
1525
1202
1524
1537
1523
1520
1522
1537
1512
1427
1529
1518
1520
1527
1513
1536
1525
1536
1535
1517
1537
1529
1533
1538
1535
1542
1516
1529
1538
1434
1543
1533
1535
1531
1539
1537
806
1528
1534
1534
1534
1540
1538
1530
1524
851
1516
1532
1512
1529
1532
1541
1520
1530
1528
1525
1543
1534
934
1538
1526
1499
856
1525
1536
1529
460
1533
779
1506
1537
1485
880
1545
1532
1531
1497
1541
1546
1541
1530
1364
1549
1535
1518
1552
1529
1526
1534
1525
1539
1534
1524
1500
1526
1532
1516
1528
1524
862
1543
1528
1524
1513
1530
1540
1452
1538
825
1523
1540
1541
1537
634
1532
1524
1531
1546
1074
1537
1533
786
1552
1527
1526
1537
1372
1531
1534
1535
1537
1539
1360
1542
766
1458
1538
1538
1532
1545
1535
1533
1539
1542
1538
1529
736
1540
1530
634
1171
1529
797
1540
1531
1538
1525
1441
1533
1530
1531
1513
1532
1534
1529
1527
1536
1529
1531
1339
836
1533
1536
1526
1528
1515
1535
1525
1535
1545
1527
1538
1539
1548
1530
1527
1529
1521
1532
1541
1529
850
1527
1522
1519
1529
1524
1530
1502
1525
1369
1492
1527
1523
1526
1532
1520
945
1365
1538
1522
1530
1534
1539
1527
1491
1533
1545
1537
1531
1535
1530
1126
1533
854
1315
1025
1538
1535
1526
1511
1529
1526
671
1505
1467
1527
1522
1530
1524
1534
1539
1540
972
1545
715
1538
1544
745
1542
1537
1540
1546
1537
1533
1376
1536
1539
1537
1538
1536
1543
1491
1514
1140
1532
1539
1536
1535
1534
1528
1538
1540
1340
1537
1526
1538
1512
1536
1539
1532
1531
1526
1518
1535
1536
1188
1531
1527
1527
318
1526
1530
1537
1533
1531
1534
1530
1093
1512
1533
1534
1428
1509
1535
1541
1541
1494
1542
1540
1536
1534
1532
1525
1539
1537
1535
1199
1010
1523
1539
1532
1527
1530
1538
1535
1530
1530
1530
1528
1532
1516
1509
1522
1526
1530
1532
1531
1077
1529
1531
1540
1539
1530
1531
1538
1533
1531
1499
1523
1539
1526
1529
1529
1528
1530
1527
1527
1534
1541
1533
1523
1525
1524
1522
1526
1533
1528
1531
1530
1525
1530
1532
1516
1531
1093
1535
1537
1516
1526
1520
1528
1535
1531
1514
1153
1540
1538
1545
1541
1541
1541
1534
1305
1538
1516
1513
1537
1462
763
1529
1530
1534
1518
1527
1520
798
1537
1539
1526
1539
1530
1526
1541
1518
1534
1523
1514
1528
1517
1525
1529
1533
1532
1520
1531
1535
841
1546
1530
1538
1544
1529
1516
1228
1508
1524
1533
1521
1351
1545
1541
1522
1537
1536
1523
1530
1537
1540
1538
1537
750
1538
1546
1218
1448
1321
1532
1538
1055
1506
1536
1527
1524
1544
1535
846
1544
1531
1528
1536
1546
1310
1538
1543
1544
1536
1537
1545
1537
1564
1541
1521
1541
1520
914
1348
1530
1524
1545
1529
1544
755
1539
1533
1537
1535
1521
1537
1543
1539
1538
1536
1534
1499
1523
1525
1536
1519
1534
1536
1533
1517
1542
1529
1534
1545
1535
1531
1530
1503
1536
1525
1538
1539
1526
1409
1539
1240
1533
1516
1539
1513
1247
1532
1539
1549
1542
1522
1548
1517
1544
1523
1544
1532
1525
1534
1525
1539
1535
1539
1520
1521
1530
1521
1451
1532
762
1535
968
1542
1542
1540
1532
1535
1536
1523
1524
1534
564
1469
1540
1540
1533
1015
1527
1543
1537
1534
1541
1150
1523
1532
1532
1535
1536
1540
1533
1534
1538
1539
1538
1521
1542
1519
1530
1539
1532
1539
1544
1531
1502
1535
1539
1535
1536
1526
1530
1536
1532
1536
1537
1531
1524
1534
1526
1530
1545
1528
1536
1538
1525
1517
1531
1531
1527
1529
1539
1534
1540
1534
1542
1531
1081
1540
1534
1535
1537
1535
1529
1523
1516
1528
847
1530
1499
1366
1539
1507
1536
1545
1535
1531
1530
1537
1533
1524
1539
1525
1532
1531
1539
1485
1538
1530
1530
1532
1531
1532
1532
1531
1527
1516
1537
1530
1529
1519
1524
1528
1533
1534
1535
1534
1529
1529
1533
1531
987
1534
1541
1530
1531
1532
1516
1523
1533
1213
1528
1534
1531
1525
1531
1529
1522
1272
1547
1528
1518
1520
1542
1506
464
777
1542
1541
1539
1535
1544
1503
1540
1553
1544
1541
1539
1536
1367
1540
1054
1536
1541
1413
1534
1519
1533
1520
1537
1548
1529
1539
1530
1541
1537
1538
862
1525
1526
1534
1538
1532
1528
1526
678
1534
879
1522
1536
1539
1519
1536
1536
1514
1525
1529
1540
1537
1539
1492
1547
1538
1528
1025
556
1547
1530
1144
1540
1535
1539
1534
1540
1540
1536
1532
1531
1516
1535
1539
1545
908
1533
1531
1535
1539
1541
1528
1522
1533
1530
1535
1552
1532
1516
1515
1526
1535
1541
1534
1538
1539
1414
1538
1531
1542
1528
1541
1542
1134
1551
1511
1522
1534
1524
1539
1535
1536
1535
1532
1532
1513
1535
758
1531
1530
1525
1522
1529
1536
1467
1538
845
1531
1526
1532
1524
1531
1529
1538
1512
1528
797
1493
1457
1538
1534
1531
1360
1537
1531
1537
1536
1537
1522
1532
1537
1512
1525
1534
1533
1512
1398
812
1537
1527
1538
1516
1538
1542
1530
1521
1542
1204
1533
1540
1531
1534
1537
1532
1527
1539
1541
1544
1532
1533
1550
1528
1473
1522
449
1544
1537
1538
1543
1536
1336
1547
1544
1280
1532
1543
1542
1536
1530
1045
1542
1544
1542
1468
1535
1525
1529
1536
1528
1531
1525
1535
1540
1537
1536
1533
1538
1393
1035
1524
1540
1530
1516
765
1546
1530
894
1528
1543
1530
1532
1533
1538
1440
1532
1529
855
1188
1517
628
1536
1536
1534
1532
1529
860
1556
1538
1538
1537
1535
1534
1531
1537
1528
1519
1536
1544
1541
1540
642
1539
1540
1540
1521
757
1518
1533
1530
1537
1521
1046
845
1538
1540
1536
1533
1523
1530
1540
1513
1532
1536
1536
1531
1523
1533
966
1530
1529
1528
1538
1522
1527
1532
1531
1526
1542
1543
1477
1532
1522
936
1533
1535
1536
1534
1541
1539
1498
1525
1516
1516
1530
1536
1524
1227
1527
1539
1536
1545
1536
1539
1515
748
1537
1498
1520
1527
1486
1544
1532
1520
1533
767
1533
1527
1530
1528
1511
833
1520
775
1553
1526
1540
1516
1530
1198
1526
848
1537
1530
1541
1527
1535
1528
1529
1531
1528
1530
1460
1519
1524
1538
1537
1502
7210
386
1516
1530
1509
1521
1521
1372
1503
1513
808
1508
1512
1511
1505
1479
1514
1511
1512
1514
1497
1512
872
1514
1512
843
1507
1504
1509
1509
1513
1513
1508
1503
1511
1507
1513
1003
1514
861
1513
1509
1368
1410
1518
944
1509
1511
1513
1174
1518
1507
1519
1145
1505
516
1509
1515
1507
1508
1516
1505
927
1507
1512
1505
1498
1508
1507
1513
1510
1506
1514
1511
1515
1498
1510
1506
1510
1522
1513
1515
895
1505
1507
1412
1520
1515
1516
1505
593
1523
973
1482
1518
1528
1517
1526
1525
1468
1527
1198
1530
1527
1521
784
1519
1524
1525
1520
1531
1515
1542
1532
1523
1536
1519
1109
1539
1532
1541
1529
1533
1457
1530
1535
1531
1537
1537
1416
1501
1527
1518
1531
1525
1531
1528
1533
1532
1536
1508
1536
1521
1529
1518
1393
1529
1332
1526
1543
1532
1525
1521
1522
1526
1526
1525
1523
1520
1477
1536
1539
1531
1532
1535
1542
1533
1536
1532
1530
1420
1544
1539
1531
1532
1536
1531
1527
1534
1542
1511
1529
1535
1517
1537
1523
1525
1532
1265
1544
1534
1528
1519
1492
1533
1533
1533
1535
1536
1027
1515
1517
1549
1527
1529
1534
1532
1540
1529
1538
1537
1537
1527
1525
1537
1240
1526
1528
1532
1521
1532
1527
1511
778
1532
910
1531
1505
1007
1531
1530
1521
1529
1000
1539
1531
1527
1529
1532
1092
1524
1521
1533
1536
1535
1535
1283
1519
1545
1088
1513
1533
1521
1533
1433
1542
1541
1537
1525
1518
1536
922
1515
1520
1537
1537
1539
1533
1549
1536
1527
1531
1536
1529
1541
1545
1537
1531
1534
1115
1523
1527
1517
1541
1478
1541
1528
1461
1540
1331
1533
1518
1538
1533
1536
1533
1538
1536
1540
398
1527
1507
1537
1537
1530
1530
1520
1533
1421
1534
1537
1535
1537
1519
1534
1544
1530
1532
1533
1535
1530
1526
1529
1529
1536
1541
1540
1438
1538
1539
1534
1545
904
1546
1549
1522
1534
1536
1543
687
1463
1547
1521
1534
1530
1520
1536
1128
1543
1532
1529
1521
1535
1535
1534
1515
1517
932
1470
1394
1511
1523
1530
1517
1410
1500
1519
1537
1539
1536
1537
1541
757
1538
1519
1520
1535
1539
1533
1531
1532
1516
1531
1516
1529
1519
1525
1533
340
1530
1519
1538
1518
1537
1525
1055
1528
1531
1540
1524
1539
1533
1522
1530
1535
1521
1533
1520
1539
1530
1535
1539
1538
1536
1538
1519
1525
1251
1530
1534
570
1552
1545
1532
1523
1525
1533
1537
1540
752
1535
1527
1533
1542
1420
1541
1533
1527
1475
1534
1535
1532
1132
696
1544
1539
1351
1534
1540
1536
1524
1527
1518
1483
1522
1529
1507
1517
1527
1525
1532
1381
1528
1526
1426
927
1540
1544
1529
1530
1508
1527
1537
1515
1012
1541
1538
1525
1540
1545
852
1525
1523
1538
722
1530
1536
1531
1522
906
1543
1539
1535
1530
758
872
1538
1536
1532
1509
1535
1521
1541
1541
1537
776
1545
1533
1537
1485
1532
1539
1532
1541
1523
573
818
1542
1521
875
1541
1047
1507
1517
1538
1516
1540
1532
1536
1536
1548
1540
1386
1531
1550
1532
922
1542
1546
1546
1537
802
1541
1545
1544
1545
1533
1528
1539
1531
1282
1545
1528
1541
1537
877
1532
1538
1539
1547
1545
908
1487
1536
1541
861
1537
1545
1553
1541
1538
1534
1541
1531
1535
1539
1532
1541
1531
1533
1524
1536
843
1528
1532
1531
1529
855
1532
1511
1025
1523
1506
1531
1539
1535
1532
1529
1530
1544
1531
1532
1527
1559
1539
1537
1544
1540
1546
1534
1520
1534
1530
1519
1527
1532
1542
1521
1531
1543
1533
857
1537
1532
1535
1511
1537
1127
1537
1329
1532
1528
1536
1544
1533
1110
1530
1536
1542
1512
1534
1507
858
1532
1536
1543
1535
1539
1542
1538
1541
1530
1463
1537
1538
1529
1526
1537
1530
1531
1531
1519
1503
1538
1514
1065
1518
1542
1367
1524
1534
1504
1531
1535
1525
1524
1529
1529
1533
1506
1513
1527
1526
1497
1530
1525
1516
1530
1529
1532
1535
1493
588
1524
1528
1528
1535
1537
1537
1536
1526
1544
301
1034
1535
1532
1283
543
945
1510
1538
1516
1533
1538
1532
1532
1540
1529
1540
1528
1531
1530
1543
1533
836
1541
1535
1333
1539
1354
1540
1519
1536
1537
1529
1281
1520
1529
1542
1534
1540
1531
1520
1535
937
1531
1545
1247
1527
1531
1539
1525
1523
510
1531
1539
1537
1526
1529
1519
1533
552
1532
1533
1535
3317
1518
1514
1513
1523
1522
630
1525
1524
1526
1522
1529
1514
1515
1536
1517
702
1528
1531
1524
1530
1527
1510
1508
1526
1535
1526
1532
1538
1528
920
1513
1526
1530
1527
1525
1062
851
1217
1373
1528
1517
1531
1540
1526
1498
1537
1523
1535
1536
1529
1523
1526
1529
630
1530
1527
1375
1518
1520
1515
1536
1536
1528
1534
1535
1540
1518
781
615
1544
1309
1542
1541
1517
1533
1542
1538
1539
1533
693
1544
1485
1521
1543
1538
1373
852
1532
1528
1500
1530
1536
1539
1531
1531
1534
1538
1527
1538
1543
1539
1544
1546
1541
1539
1538
1541
1534
1538
1398
1517
1538
1536
1534
1376
1534
1538
1542
1527
1542
1534
746
1008
1536
1528
1535
1397
1523
931
1535
1535
1534
1536
1535
1535
1192
1533
1532
1533
1526
420
1531
1536
1535
1515
1120
1525
1535
1532
1529
1515
1516
914
1518
1511
1537
1532
1512
1531
1530
1534
1528
1526
1523
1405
1401
1526
1242
1533
1532
1523
1538
1544
1538
1540
1479
1535
1526
1541
1544
1175
1518
1541
1541
1476
1537
1545
1535
1537
1522
1533
1531
1540
1537
1529
1524
1527
1526
1075
977
1176
1541
1532
1533
1531
1524
1528
1517
1545
1541
1542
1523
1539
939
1523
1541
1539
1526
1535
1534
1519
1534
1523
1531
1529
1091
1534
1519
1544
1546
1547
807
860
1538
1533
1538
1523
1493
1531
1532
1536
1530
1531
1532
1534
1524
1538
1539
1531
1533
1533
1515
1535
351
1540
1534
1538
1533
1518
1223
1538
1321
1528
1527
1538
1537
1537
1131
1518
1525
1536
1528
1536
1523
1538
1526
759
1544
1534
737
1529
1382
1528
1536
1534
1524
1531
1535
1517
1547
1531
1530
1537
1539
1526
1530
1532
718
1522
1536
1375
1532
1527
1529
1527
1529
1521
1528
1530
1526
1534
1375
1529
1520
1533
1535
1527
1538
839
1515
1495
1527
1527
1532
1529
1534
1520
1526
1523
740
861
1521
1532
1528
1525
819
1541
1531
1534
1536
1533
1538
1556
1514
1512
1542
1537
1538
1090
1534
1538
1526
1531
1521
1524
1047
1520
1546
1533
1538
1523
1535
763
1531
1533
1544
773
1534
1538
1526
1531
1533
1535
1538
1542
1539
1303
1543
1339
1542
1139
1532
1537
1518
1526
644
824
1505
1535
1506
1525
1530
1459
1521
1526
1529
1535
1536
1540
898
1518
1538
1527
1524
1528
835
1254
1536
1539
1526
1532
1518
1538
1527
1524
1536
1523
1529
1537
1525
1534
1525
1500
1530
731
1525
1537
1541
1394
1537
1533
1532
1525
1532
1562
1538
1529
1530
1522
1525
1537
1537
1332
1527
1533
1518
1517
1543
1513
1520
1533
1535
1528
1532
1527
1530
1539
1532
1528
1528
1528
1541
859
1537
1536
1534
1532
1532
1285
1529
1537
1524
1538
1534
1533
1527
1526
1537
1534
1528
1526
1533
1536
1528
1535
860
1541
1535
1539
1536
1544
1523
839
1529
1515
1533
1536
1540
1523
1539
1534
1535
1522
1537
1543
1244
1529
1538
1519
1530
1533
1546
1475
1528
1504
1525
1533
1545
1540
1547
1538
1537
1533
1533
1162
1532
1523
1534
1535
1539
1529
1537
1532
1545
1537
1535
905
1542
1530
1028
1540
1525
857
1536
853
1524
1540
1535
1535
1527
1531
1526
922
1536
755
849
1535
1548
1540
1534
1543
1515
1541
1540
1079
1533
1536
1542
1542
1542
1529
1548
1540
1529
1487
1540
1539
1532
1078
1516
1531
1530
1538
1549
1520
1537
1522
1536
1518
1535
1536
1533
1534
1539
1526
1532
1534
1540
1537
1484
1530
1537
1531
1407
1539
1544
1537
1525
1536
1535
1526
1523
1513
1532
1531
1522
1535
1521
1525
1527
1538
607
1535
1436
797
1514
990
1016
1531
1529
1536
1435
1530
1542
1542
1535
1530
1477
1528
1530
1455
1538
1508
1539
1533
1522
1527
1526
1530
1527
1529
1528
583
1525
1522
1525
1538
1116
1531
1101
1532
332
1531
1044
1548
792
1543
1537
1538
1514
1459
1539
1540
1488
1539
1542
665
1432
1522
1529
1534
1533
360
1530
1534
1526
1526
516
1531
1236
1512
1537
1521
1536
1533
1530
1536
1533
1531
1543
1540
1544
1510
1532
1527
1528
1526
1513
1532
1540
1529
1201
884
1542
857
1534
1545
1539
1538
1528
1525
1516
859
777
668
1528
1535
944
1543
1509
1526
1531
1532
711
1431
1538
1013
1514
1531
1534
1531
1544
1551
475
1548
1537
1537
1536
865
1532
1544
1534
1533
1171
1529
1528
1536
1530
1542
1526
1525
1523
1529
1538
1530
1537
1513
1530
1529
1526
1530
1536
1535
1488
1532
1532
1503
1530
1536
1529
1528
1524
1532
1524
1530
1533
1525
1530
1534
1531
1530
1499
1531
1524
648
1522
1539
1524
1526
1526
1526
1535
1381
1532
1535
1520
1513
1529
1526
1539
1527
1536
1521
1532
1523
1511
1524
1540
1542
1538
1531
1531
1212
1519
1536
1523
1532
1526
1534
1535
1529
1514
1423
1515
855
1534
1532
1515
1534
1536
1510
1530
1527
1531
1551
1523
1532
1531
1532
1214
1533
1523
1533
1522
1527
1175
1544
1533
508
1547
1533
1548
1528
1540
780
1527
1530
1542
1540
1529
1541
1536
1523
1527
1532
1541
786
1531
1519
1519
1531
1529
875
1534
1523
1538
1509
1529
1523
1021
1513
1522
1071
1530
1502
1533
1531
1479
1537
1535
1535
1492
1537
1431
1531
1534
1537
1544
1533
1537
1530
1527
1546
1529
1515
1123
1543
1540
1532
1534
1541
1536
1522
849
1534
1541
1534
295
1528
1112
1535
1084
1533
1544
1528
1539
1538
856
1536
1539
1519
1537
1532
1537
1515
1532
1538
1537
1542
956
1539
1531
1426
1540
1501
1526
1539
1528
1227
1533
1524
1533
1529
1519
1553
1524
1515
1414
1523
1519
1535
1537
1540
1541
1532
1516
1527
1528
1533
1534
1355
1530
1524
1540
1532
585
1537
1534
1532
1443
1519
1533
1540
1520
1532
1523
1530
1532
1514
1046
1532
1528
1537
1527
1533
1540
1535
1530
1537
1531
1542
1529
1534
1538
1531
1536
1528
1535
1539
1460
861
1529
1533
1250
1532
1550
1534
1534
1527
1512
1535
1520
1541
1526
1514
1531
1525
1529
1536
1502
1121
1536
1536
1528
1535
1529
1539
1531
660
1096
1545
1543
1534
1537
1533
1541
1542
1534
1539
1502
1536
1536
1535
1535
1532
1530
1532
1535
1531
1508
1536
1530
1542
1541
983
1534
1546
1543
1543
1142
1538
1537
849
1527
1527
1497
1537
1539
1526
1530
1442
856
844
1539
1529
1528
931
1533
1545
1536
1541
1523
1454
1543
1529
1540
1539
774
1530
1537
1537
1539
865
1419
1535
1529
1542
1548
1540
1533
1543
1526
1531
1540
1516
1536
1529
1402
1527
1530
1537
1502
1529
1532
1532
1527
1534
1531
1526
1463
1539
1523
1532
1536
1514
1531
1532
1516
1523
1530
1530
1533
1532
1542
999
1519
1547
752
1536
1547
1521
1539
1300
858
1538
1549
1292
1540
1121
1525
1538
1535
1542
1540
1541
1536
1545
1531
1526
1535
1538
675
1462
1544
856
1542
1536
1533
1531
1521
1530
1540
1530
998
1498
1527
755
985
1544
863
1543
1525
1537
1526
1537
1541
1522
1014
1534
1535
1523
449
1532
1540
1524
1531
1530
1535
1508
1516
1532
1523
1525
1529
1223
1539
1520
1531
1531
1522
1526
1533
1536
1533
1524
1529
1531
1527
1544
1531
1531
1533
1532
1530
1538
1533
1524
914
1271
1519
1521
1539
1529
1532
1535
1520
1538
1531
1523
795
900
1560
1537
859
1531
1536
769
1532
1518
1532
1525
1538
1536
1511
1540
1533
1534
1535
1533
1170
1534
1525
1533
1541
1520
1542
1269
1511
1540
961
1556
1537
1540
1541
1526
1306
1537
1526
1534
1544
818
1540
1538
1541
1048
1543
1541
1535
1531
1527
1536
715
1532
1534
1520
1537
1518
1533
1511
341
1529
1523
1528
1522
1526
1530
1533
1527
1527
1530
694
1529
1515
1532
1531
1552
1529
1534
729
1537
1074
1538
1521
506
1544
1535
973
1528
1541
1538
1538
1532
1534
1537
1525
1534
1477
1534
1535
1525
1539
1529
1436
1527
1534
1538
876
1533
1533
1545
1042
1524
1525
1535
1540
755
1526
1532
1528
1312
1538
1521
1522
1513
860
1527
1544
1526
1509
1395
1533
848
1518
1527
1530
1533
1513
1527
1534
1518
805
1525
1506
1458
1527
796
1523
1537
1527
1529
1500
1520
1237
1510
1518
1533
1531
1089
1534
1511
1525
1537
1538
1541
1541
1536
1535
1527
1539
1534
1526
1507
1214
1540
1500
1534
1528
1392
1529
1519
1525
1533
1537
1529
1524
1018
1531
1534
1532
1534
1523
1529
794
759
1539
1512
1536
1527
1523
1530
1537
1371
1529
1535
1539
1534
1525
1521
1530
1530
820
1542
1532
1535
794
1535
1374
1537
1568
1537
1524
1550
1537
1528
1307
1515
1527
1529
1531
1528
1530
1531
1409
1536
1322
1469
1534
1531
1504
1526
1529
1527
1538
1526
1527
1123
1120
1485
360
1517
1535
1528
1536
1542
1539
1526
1538
1536
1506
1535
1521
1540
1536
1175
1542
1549
1530
1536
1436
1548
1542
1539
1535
1537
1539
1540
1538
1538
1528
1528
1535
1509
1530
758
1532
1530
1524
1532
1537
1538
1534
1531
1526
1539
1538
1531
1540
1534
1528
1527
1534
1427
1534
1524
1520
1529
1533
1106
1528
911
1532
1540
1536
1538
1534
1526
1537
1526
1537
1528
1512
1537
1532
1543
1540
1525
1536
1536
1535
1433
1533
1535
1535
1528
1511
771
1535
1531
1528
1443
1542
1531
1536
1538
1540
1538
1519
1529
1509
1524
1531
1515
1534
1539
1534
1521
1531
1524
1531
1534
1536
1539
1536
1531
1535
1534
1535
1534
1153
1535
1527
782
1509
1542
1534
1515
1532
1534
1526
1524
1541
1510
1524
1537
954
1532
1535
1535
1529
1518
1542
1458
799
1430
1095
1467
1539
1529
1538
533
1536
1535
1545
1541
1536
1385
1522
1537
1537
1539
1524
1534
1536
1528
1541
1535
1539
1505
1529
1532
1523
1533
1541
1530
1533
1537
773
1543
1526
1536
809
994
1539
1527
882
939
788
1534
854
1540
1023
1244
1547
1547
1383
1527
1452
1520
1538
1540
1540
1535
1536
1132
1534
1536
1533
928
1536
1522
1544
917
1544
1541
1537
1537
1541
1029
1542
1537
1538
1513
1534
1543
1535
1544
1531
711
1539
915
1542
1534
1526
1538
1536
1525
1541
1533
1531
1543
1357
1536
1547
1531
1526
1520
655
1529
1540
1317
1509
1543
1540
1523
1535
764
855
1537
1538
1523
1522
1534
1535
752
1530
854
1544
1535
1543
1534
1537
717
1536
1519
1545
1506
1531
1535
955
1539
1517
1523
1538
1536
1529
1512
1545
1554
558
1532
1539
1536
1534
1530
1533
1519
706
1527
1540
1517
1535
862
1529
1535
1519
1564
1541
1537
1541
1534
823
1531
898
1519
1517
1537
1526
1535
1528
1512
847
1533
1544
1535
1547
1533
1528
1433
1531
1525
1539
1538
1533
1533
1524
1528
1536
1532
1532
1536
1527
1531
966
1521
1530
1533
1531
1532
1538
1536
1542
1537
1531
1544
763
522
1531
1531
1539
1528
1533
1540
1535
1531
1536
1535
1536
1529
710
1534
1526
1537
1531
1531
793
1544
1516
1525
1026
1536
1531
1440
1051
1535
1544
1520
1532
839
1526
1537
1390
1535
1524
1535
862
1533
1537
1532
1532
1527
1537
1519
1530
1528
1535
1543
1375
1274
1526
1537
1523
1534
1534
1535
1540
1529
1532
1537
1263
1544
1534
1539
1528
1535
1540
1534
1538
1524
1538
1530
1535
1364
1565
1502
1530
1530
1530
1534
1534
1534
1519
1541
1516
1523
1536
1535
1529
1523
1535
1532
1547
1531
1533
1524
1525
1509
1521
1538
1537
798
1541
1534
1536
1519
622
1530
1536
1536
1524
1536
1531
1535
1517
1535
809
1532
1529
1514
1540
1535
1538
1528
1544
1021
1533
1534
1538
1538
1533
845
1522
1532
1515
1529
1530
1532
1516
1489
1489
1532
1513
1536
1533
1537
1536
1509
1300
1536
1525
1539
1537
1541
1528
1121
1538
1529
1531
1529
1523
1526
1534
1536
1537
1532
1521
1532
1536
1528
1524
1532
1538
1538
1536
1531
1529
1534
1455
1524
1524
1527
1521
1533
871
1536
1538
1223
836
1400
1534
1534
1537
1528
1534
1533
1529
1524
1528
1514
1527
1530
1530
1530
1528
1532
1535
1525
1510
1527
1518
1534
1530
1530
1537
1518
1545
1527
1544
1544
1534
1504
1535
1541
1533
1539
1319
1538
1522
1531
1046
1534
1529
1529
1462
1537
1537
1502
1536
1539
1544
1537
1538
1539
1538
1535
1534
1536
1532
1537
1537
1513
1530
1537
1521
1535
1534
1537
1540
1532
1535
1533
878
1303
939
1539
1533
849
1523
1534
1545
1534
1540
376
1545
1533
1540
1549
745
1540
1539
1534
1551
1544
1553
1542
1538
1540
1525
1529
1541
1535
1522
849
1548
1544
1531
1540
1542
1534
1527
1541
1530
765
1550
1539
1531
1527
1547
1540
1532
1538
1529
1158
1529
1535
1532
1532
1536
859
1535
1498
1534
1541
1543
1167
1539
1543
925
1545
1527
1544
1542
1541
1534
1529
1534
1541
1534
1534
1522
1530
1525
1525
1543
1536
1531
1065
1522
1536
1530
1536
1536
1532
1524
786
1544
1525
1539
1535
1540
1538
1510
1528
349
1534
1538
1523
1531
1540
1539
1234
1540
1542
1531
1530
1537
1533
1533
883
1543
764
1521
1523
1537
1539
1479
1538
1547
1538
800
1530
1537
1544
1535
1538
1537
1530
1419
1541
1534
1535
1538
852
1538
1003
1537
1542
852
1533
1537
856
1541
1533
1527
1540
1534
298
1529
1221
1528
1536
1518
1557
1193
1530
1520
1529
1525
1533
1528
1537
1522
1528
1535
1528
1538
1534
1520
1533
1530
1514
1540
1523
1525
1526
1541
1542
1536
1535
1528
1524
1542
1535
1538
1533
1517
1536
1534
759
1532
1541
1538
1538
1045
1532
1539
1525
1541
1532
1540
1508
1534
1536
785
1524
1540
1519
1534
1516
1522
1525
1539
1529
1535
1516
1524
1530
1531
1532
803
1531
1527
1512
1525
984
1530
1526
1533
1526
1523
1524
1528
1524
1514
1520
1533
1502
1531
1538
1521
1529
1315
1532
1526
1538
1535
1178
1543
908
1516
1529
855
1533
1538
1542
1538
1534
1543
878
1527
1534
1536
1527
1528
1527
1536
1526
1522
1533
1539
1531
1531
1518
1540
1535
1532
1531
1534
1520
1532
1532
1535
1530
1529
1531
1531
1536
856
1529
1533
1542
1530
1535
1542
1546
1506
1524
828
1530
1508
1537
1520
1531
1533
1537
1528
1538
1538
1517
1512
1541
1520
1533
1529
1536
1519
1531
1480
1535
1440
1532
1536
1503
1533
1521
759
1518
808
838
1528
1541
1532
1531
1534
696
1499
1520
1532
1543
712
1267
552
1544
962
1524
1532
1536
1535
1531
1517
1522
1531
1534
1537
1272
1541
1534
1531
1533
1528
1539
1537
1529
1529
1538
1543
1536
1542
1536
1539
1547
912
1063
1273
1526
1543
1550
1538
1537
893
1543
1525
810
1541
869
1539
1537
1527
616
1535
1501
1535
447
1536
1544
1539
1531
1496
1526
1534
1533
1533
1537
1531
1521
1526
1474
1540
1528
1529
1533
1519
1536
1539
1530
1166
1533
1532
910
1538
698
1548
1536
1541
1521
1538
1526
1558
1534
1542
1523
1545
1534
1534
1535
758
1536
1529
1542
1512
1531
1528
751
1521
1531
768
1539
753
855
1533
1537
1195
1543
1538
1533
1538
1199
1525
1537
1525
1529
1527
1521
1136
1531
1529
1141
1531
1529
1530
1515
1109
1521
1517
1538
1527
1540
1537
1533
1538
1533
1524
1524
840
1533
1517
1521
1533
1533
1534
933
1533
1512
1528
1540
1527
1408
1520
1533
1126
1518
1533
1529
1540
762
1521
858
1531
1513
1533
1540
1267
1522
1523
1357
391
1529
1530
641
425
1527
1543
1528
1508
1532
1430
1116
945
1422
1537
1516
1516
1529
1544
1513
1525
1538
1531
1536
1537
774
1532
1542
1505
1538
1529
1530
1529
1521
1524
1533
1471
1525
1533
1536
1531
1528
1523
1530
818
1540
1534
1557
1540
1542
1533
1525
1518
1395
1528
1513
1518
1530
1523
1531
1520
826
1530
1537
1531
856
1520
1536
1536
1537
1530
1540
1532
1515
1539
1525
1538
1531
1535
1508
1532
1536
1537
1546
1533
1526
1477
1540
1533
1524
1532
1529
1536
1534
1532
1524
1524
1525
1528
1524
1513
1511
1523
1538
862
1529
1525
1525
1531
1537
1529
1524
1517
1532
1013
1456
1529
1529
1446
1528
1534
1514
1528
1515
1445
1534
1536
1539
1530
1534
1530
1536
861
1525
1523
1533
1531
1534
1529
1533
1536
1523
1510
1531
1532
1527
608
1528
1527
1531
1501
1526
1540
1537
1531
1528
1532
1531
1540
1532
1532
1517
1529
1529
1537
1281
1454
1531
1504
1531
1534
809
1543
1522
1536
1507
1531
828
1538
1547
1542
1425
1538
1527
1537
1531
1532
1542
1537
1536
620
1538
1534
1540
1521
1035
1545
1549
1540
1540
1529
1530
1529
1539
1539
1541
1337
1542
1545
1546
1545
677
865
1539
1321
1534
1539
1523
1375
1507
1530
1537
1540
1520
1538
1539
1532
1486
769
1532
1532
1535
1538
1539
1518
1535
1536
1539
1539
1532
1522
1536
1544
540
1528
1540
512
1534
1532
692
1526
1533
1536
1532
757
1531
1539
1538
1513
1536
1530
1530
1521
805
1540
1524
1517
1536
715
1542
1510
1018
1531
1536
1529
1442
1544
1547
1537
1540
1547
1120
872
1532
1528
1535
497
1537
1547
1526
1545
1539
1541
1532
1546
1533
1524
1532
1479
1529
1532
1537
1527
1529
1525
1528
871
1535
776
1534
1539
879
394
1525
1551
1526
1536
1536
1529
1524
1510
1529
1538
1526
1522
1526
1533
1540
1543
1012
1535
888
1540
1536
1539
1514
1524
1533
1535
1524
1529
1542
1538
1531
1540
1531
1527
1497
1531
1536
1534
1545
1543
1534
1539
1540
1541
1539
1127
1527
890
1543
1532
1534
1530
1536
1537
1531
1532
617
1538
1535
909
1532
1518
1512
1522
1528
909
1120
1529
1540
1534
1539
1542
894
1536
1465
1537
1537
1533
1519
1540
1524
1535
684
1530
1493
1530
1532
1534
1539
1531
923
1528
1530
405
1526
1532
1531
1519
1538
1012
1513
1515
1527
1517
1533
1531
1525
1543
1477
1532
1540
1515
1412
1525
1536
1537
1532
858
1533
1528
1535
1506
1179
882
1535
856
1531
1529
1489
1522
558
1516
1540
1537
1081
746
1535
1541
1541
1532
759
1524
1480
1535
1531
1461
1532
1534
1526
1539
1535
1532
1536
1533
1527
1526
1523
1531
1527
1530
1536
1531
532
1520
916
1529
1534
1524
1504
1534
781
1534
975
855
1533
1541
1537
1533
1536
1531
1538
1518
1516
1504
858
1538
1540
1534
1521
1530
1518
1530
1531
1407
1538
1538
1535
1528
1527
1528
1484
754
1541
1533
1547
1546
1539
1524
1533
1536
1530
1527
1523
1536
1538
1539
1524
1539
1522
1540
1535
1541
1542
1524
1533
1528
1532
1529
1461
1524
1540
1534
1535
1531
1532
1516
1537
1517
837
1547
1544
1536
1533
1538
1505
1537
793
786
720
1534
872
1536
1548
1531
1527
1529
1533
763
1542
1532
1520
1529
1535
1538
1534
1518
1525
1511
1536
1537
1535
1531
1523
1521
1524
1524
1517
1515
1527
366
1520
1521
1515
1526
1535
1272
1369
1533
1526
1543
1542
1517
1531
1537
1549
1547
1540
1533
1542
1538
1537
1539
1505
1483
1535
1531
1528
1333
1531
1539
1528
1533
1532
1531
660
1545
1529
1538
1545
1539
1539
1558
1526
1526
1528
1525
1542
1523
1540
1547
1539
1530
1540
1043
1530
1533
1543
1536
1546
1539
1535
1532
1542
1535
1533
1540
1205
1546
1540
1539
1533
1538
898
1535
1266
1522
1532
1523
1536
1531
1530
1508
1518
1538
786
1506
1458
860
1537
1534
1533
1518
1534
1531
1229
1537
1528
1528
1526
1517
1527
1522
1523
1521
1532
1531
1528
1522
1534
1538
1539
1530
1532
1534
1538
1534
1227
1530
1534
1551
1230
1539
1542
1538
1522
1550
707
918
1534
928
1415
654
1537
1541
1533
1536
1534
1521
1533
1536
770
1525
1515
1530
1531
1547
1533
1533
1541
1533
1523
1531
782
870
1532
1542
1521
688
1531
1531
1529
1537
1534
748
1533
1485
1530
1516
1525
763
1534
1517
1537
1538
1533
1514
1533
1537
1240
1541
1534
1527
764
645
1545
1534
764
1510
1537
1516
1529
1524
1528
1537
1532
867
1529
1541
1535
1530
1533
1350
1535
1476
1528
1538
1523
1518
1517
1527
1538
1460
865
1426
1529
968
1436
1534
790
1286
1532
1546
636
1530
1536
1425
1532
1512
831
1538
1536
1514
1533
1529
1535
1537
1537
968
1529
1533
1536
1538
1534
1537
1534
1531
1531
1530
1530
1518
1528
1529
1529
1532
1534
1540
1514
1515
1537
1515
1529
1525
1531
1537
1517
1520
1536
1539
1529
1535
1530
1530
1524
1532
1082
1159
1524
1533
1530
1528
1553
1539
1538
1352
765
1519
1533
864
1546
1531
1527
1536
1535
1518
1537
1530
1537
1531
1536
1500
1535
1260
1537
1535
1531
1530
1518
863
1239
1541
906
1538
1544
1549
1533
1534
1540
1527
1533
1534
1481
1532
1538
1505
1537
1532
1501
1530
1411
1516
1524
1528
1537
1524
1522
1520
1534
1524
1529
1538
857
1539
1538
1528
1538
1531
1536
1000
1549
1539
1258
1533
1540
1129
1510
469
1541
1541
1539
1530
1407
1535
1523
1522
1532
1530
1524
1535
1535
1506
1496
1517
1535
1515
1534
1532
1536
1535
1527
1537
1535
1531
1521
1529
1537
769
765
1539
1533
1530
1542
1539
1528
851
1495
1516
1539
1541
1542
1459
1532
1530
1521
1536
448
1538
1533
1515
1521
855
1534
367
1544
1533
1538
1525
1524
1526
317
1532
1532
1534
1538
1511
1529
1530
1543
1537
1529
1534
1540
1537
1541
1375
1543
1537
1535
1524
1542
1535
1537
996
1542
1533
1528
1541
1533
1539
1529
1535
1538
1528
1534
1541
764
1540
1532
1534
1533
1522
1539
1528
482
1536
1534
1520
1530
1525
1526
1533
985
1199
1531
846
1535
1531
1531
1529
1526
1531
1514
1532
1540
1525
1530
1541
1503
1542
886
1542
1535
1537
1526
1535
1528
1526
1515
1524
1517
1475
1524
1446
1534
1523
1529
866
639
1518
1530
1529
1530
1544
911
1532
1529
1532
1536
1543
1528
580
1277
1537
1541
1541
1539
1546
845
1068
1520
1537
1538
1538
1533
1532
1551
1538
1536
1541
1533
1527
1510
1488
854
1538
1543
1530
1537
1540
1535
1529
855
1528
1276
1528
1534
1269
1524
1529
1534
1516
1535
1524
1533
1540
1481
1531
1536
1527
1535
1533
1539
1527
1517
1527
817
1507
1499
1531
1513
1521
1517
1529
1517
1521
1507
1536
1546
1539
1524
1536
855
1530
1516
1530
1541
1539
1546
1515
879
1042
1538
1543
1427
1394
920
1051
1519
925
1539
1534
1531
1522
1206
911
1531
1533
1517
1538
1530
1542
1536
1533
1511
1533
854
1190
1541
1538
1539
1535
1536
1535
1536
1540
1515
848
1535
1532
1534
1536
1532
1545
1532
1526
1523
1531
1533
1532
1528
1493
1527
1526
1529
1432
1527
1528
1524
1525
1509
1525
1532
1530
1531
915
769
1529
1537
1538
1525
1533
1527
1530
1533
1518
1529
1512
1529
1531
1524
1524
1525
1529
1529
1531
1526
1534
780
1539
1539
1550
1534
1534
858
896
1537
1521
1540
927
1518
1542
1538
1526
770
1528
1535
1536
1527
1538
1517
1527
1528
1527
1528
1358
1537
1534
1525
1517
1529
1523
1536
1512
1527
1526
1521
1531
1542
1538
1536
1517
1535
1533
1544
1158
1537
1238
1534
1527
1538
1533
1532
922
1534
1517
1491
1532
1535
1540
1528
1530
1534
1516
858
1523
1496
1531
1530
1526
1534
1526
1529
1538
1529
1532
983
834
1536
1531
1531
1532
802
1536
1520
617
1545
1537
1167
1531
1539
884
1524
1539
1528
1532
1528
1538
1531
1525
1530
1537
1501
1527
1524
1527
1526
1529
853
1516
1531
1519
1376
1523
1530
1530
1532
1525
1534
1077
1536
1537
1521
1480
1436
1537
1551
1109
1542
1535
1538
1519
1536
1539
1526
1537
1538
1533
1534
1542
1533
1527
1532
1529
1517
1535
1531
1524
944
1538
1530
1485
1531
1519
1533
1539
1524
1529
1554
1538
1533
1538
1534
1494
1536
1538
1494
1527
1497
1525
1454
1527
1517
1525
612
1532
1528
1518
507
1524
1532
1533
1538
1531
1013
1534
1538
1519
1514
1535
1147
1532
897
1542
1541
1538
1528
1536
1534
1538
1540
1525
1533
1534
1472
754
1534
1529
826
876
589
1547
1522
1542
1539
1531
758
1540
1542
1538
1459
1539
1525
1546
1457
1538
1530
872
1530
1535
1533
1528
1539
1521
763
1541
754
1539
1469
808
1548
1542
1535
1546
1524
864
1530
1541
1532
1542
1528
1532
1538
1537
1539
1542
1535
1136
1519
1534
1531
1535
1529
855
1530
1546
1539
1541
1537
1532
1532
1548
1539
1538
1527
1535
1539
863
1542
1536
1533
1538
1530
1532
1131
1536
1540
1537
1532
1526
1541
1526
1533
1537
1527
1412
1526
1528
1524
659
1537
1525
1373
1532
1531
1525
1527
1536
1374
1520
1524
860
1495
1530
1536
1479
1530
1070
1334
1028
1528
1269
889
1509
1531
1531
1533
1536
772
1532
1528
1534
1534
804
1537
1489
1531
1520
1306
1531
1523
1540
1538
1533
1544
1537
1533
1542
1539
1540
1537
1531
1543
1537
1534
1539
1530
1537
760
1539
1280
1534
1536
759
1536
1534
1539
1537
1527
1269
1540
1520
1540
1536
1455
1541
1529
858
1531
1538
1527
761
1529
1509
1525
1548
1521
1542
1544
1533
1542
1534
1531
1271
1547
1553
1547
1541
1535
1543
1541
1543
1544
1543
1540
1531
1527
1526
1531
1511
1217
1524
1536
1539
882
1524
1551
1549
1536
1537
1545
1545
1541
1538
1534
1533
1526
1516
1529
1534
1538
1542
1540
1519
858
1533
1526
1542
1021
1537
1536
1529
1534
1518
1528
757
1528
1009
1527
1529
1532
1539
1532
1537
1540
1540
1534
1534
1534
1532
1531
1530
1515
1532
844
1538
1541
1547
1534
1521
1520
845
1532
1540
1517
1538
1212
1538
1048
1543
1530
1520
1544
1535
1542
1526
1536
1441
1539
1534
1523
1533
1526
1527
1536
1507
1536
1038
1531
1542
1481
1547
1501
1537
1539
1534
1535
1524
1529
1536
1510
512
1522
1531
1530
1530
1535
1535
1534
1528
1531
1530
1215
1419
1525
1528
852
1539
1535
1534
1543
1527
1536
1539
1529
1537
1532
1526
1536
1516
1534
1533
1537
1537
1533
1127
1526
1532
652
387
1533
1534
1529
1310
1530
763
1527
1537
1533
1531
1543
976
1540
1532
1527
1534
1527
1532
1531
1534
1543
1535
1542
1535
1518
1543
1535
1525
1538
1542
1540
1546
950
1541
1531
1520
1533
1520
1522
1535
1501
1535
1536
1531
1086
1525
1529
1531
1523
1527
1472
1387
1533
1534
1539
1535
1419
1528
1507
1533
768
1523
1542
1535
1531
1544
1522
1526
1528
1538
1530
1530
1526
1542
1493
1545
1535
1515
1532
1530
1520
1502
1538
1543
1512
1526
1389
1528
1531
1540
867
1526
1530
1523
1530
1440
1332
1526
1544
1544
1534
1322
1443
1532
1540
1471
1521
1521
838
1546
853
1538
1539
1531
1533
646
1546
1551
1550
1535
1529
1147
1510
1525
1533
1517
1525
1527
1537
1524
1517
1519
1537
1397
1534
1527
1534
1537
1531
855
1533
1539
1529
1528
1525
1533
858
1523
1532
1540
1501
1538
1539
749
1060
1511
1542
1538
1522
1521
1538
1532
1535
1534
1538
738
1532
990
1540
1527
1276
1539
1524
1533
1518
1532
882
1534
1529
1524
1522
1525
1514
1542
1537
1538
1532
1536
1530
1519
1537
1529
850
1518
1527
1523
1524
1514
1464
1537
899
1536
1558
1533
1536
1531
1528
1537
1524
1534
1536
1522
1533
1516
1512
1530
1525
1522
1528
1522
1527
1297
1529
1535
1524
1537
1411
1531
1543
1538
1086
1477
1029
1536
1539
1542
1540
1538
1209
1524
1546
1534
1516
1539
1525
1322
1540
1533
1538
1546
1547
1534
696
1538
1500
930
1536
393
1539
1526
1538
1538
1528
1528
1531
1531
1529
922
1539
1512
1540
1528
1530
1313
1531
1534
1535
1531
1529
1526
1534
708
1523
1528
1538
1454
1498
940
1534
1514
1527
1541
1529
1255
1525
1533
1529
1455
1410
1535
1530
1525
1536
1542
1534
1531
1536
1544
1535
763
1525
1544
1541
364
1538
1542
682
1541
1542
1534
1507
1521
1539
1528
1536
1537
1510
1536
1530
1532
1518
1522
1521
1541
1517
1518
1534
1536
1523
1532
754
1531
1380
1539
1534
1529
1522
1536
1524
1529
1513
1518
1528
1524
1536
1502
1525
1542
1542
1528
1538
1529
1541
1536
1541
1527
1536
762
1530
1521
1534
1534
1536
1529
1529
1530
1535
1535
1525
1540
1526
1529
1524
1536
1522
1544
1538
1525
1287
1504
1149
1535
1513
1536
1184
1539
1540
1532
1546
1536
1544
1521
1541
1382
1542
1007
1533
1531
1541
1538
1537
1543
1536
1524
1536
1538
1538
1534
1533
1548
1541
1526
1537
878
1536
942
1537
1525
1535
1533
1542
1539
1529
1525
1542
1542
1538
1530
1543
1530
1497
1522
1549
1538
1538
1542
1543
1535
1530
1540
1534
760
856
1539
1529
1533
1537
1531
1542
1526
1535
1533
1527
1524
867
1536
1533
1526
1539
1516
1542
1530
1536
1161
1527
1515
1532
1540
1524
1533
1529
1425
1532
1533
1538
1530
1537
1535
1534
1539
1527
1539
1534
1534
1529
1530
1536
1530
1524
1517
1535
1531
1539
1510
1534
1534
1506
1523
1538
1527
1531
1536
1531
1528
1521
1534
1530
1530
1534
1516
1535
1300
1532
1533
1375
1535
717
1531
1535
831
1546
1525
1543
1543
1505
1543
1547
1229
1523
973
1542
1534
1538
1530
1536
1522
1537
1532
1520
1529
1516
1311
1518
1527
1529
858
1534
1530
1528
1534
1534
778
1531
1540
1535
1528
1529
1516
1532
1526
1534
1506
1528
1529
1133
1529
1538
891
1526
1532
1528
1489
1524
1535
1503
1529
1508
1541
1534
1195
1499
1519
1533
1540
1533
1529
1536
1522
1519
1527
1515
1314
1512
1533
1531
1525
1523
1279
765
1529
1496
1530
1532
1529
1531
1534
1527
1542
1512
1534
1542
1531
1529
1534
1535
1519
1082
1536
1501
1526
1532
1532
1530
1533
1302
1524
1527
1250
1521
1516
1527
1520
487
1526
856
1533
1547
1540
1542
1540
1530
1525
1531
1537
1535
1553
1527
1537
1511
1539
1529
1511
1069
1499
1536
1526
1026
1538
1528
1527
1529
1529
1516
1535
1526
1523
1521
1491
1468
1516
1534
511
1532
1526
1526
1532
1531
1160
1517
1533
1531
1530
1518
1523
1526
1528
1524
1527
1504
1540
1542
1525
1518
1527
1544
1536
1536
862
1542
1544
1525
1132
1422
1520
1539
950
1540
1535
1534
1530
1521
1274
1522
1529
1516
1526
1533
1538
1528
1521
1533
1107
1541
1529
1517
1531
1530
730
1538
1539
1539
1529
1538
1544
1540
1534
1534
1548
1524
1538
1536
1527
1538
1532
894
1538
1532
835
1537
1535
653
1532
1543
1523
1536
1524
1534
886
975
1536
1539
1538
1510
1536
1536
1023
1528
1537
1520
1539
1540
1530
1534
1538
1531
1544
1529
1415
1534
1541
1534
1538
1530
1515
1527
1533
1529
496
1532
754
1533
1533
1541
1529
1541
1533
1527
1522
1535
851
1534
1539
1520
1536
1529
770
1531
1541
1522
1539
1534
1529
1533
1541
1486
1484
1536
1535
1519
1414
1530
1529
1534
1030
1537
1530
1530
863
1534
1523
1548
1420
1532
1540
1484
1532
1531
752
1174
1522
1501
1541
1542
1528
1527
1531
1527
1526
1539
1537
1543
1538
1541
1537
1542
1546
1548
1544
1534
1538
1056
1545
1535
1472
1550
868
1539
1537
717
1529
938
1538
1540
1529
1537
1533
805
1532
1532
1532
1536
1533
949
724
1532
1530
1527
1540
1546
1542
1548
1543
812
1536
1285
1540
1527
551
1530
1338
1539
1532
1539
533
1538
1543
1531
1541
802
761
1548
1552
1539
1525
1532
1539
1541
1530
1532
1532
1516
1535
1536
1537
765
1528
1520
641
1519
1537
850
1538
1528
1519
1545
1539
1534
1538
1528
1527
1538
1538
1519
1267
1538
1533
1529
1535
1529
1508
1539
1518
1537
1527
1537
1541
1539
1524
1536
1521
1551
1193
1536
1539
1556
1529
1497
1534
1538
1538
1522
1514
1527
1484
1546
1544
1544
1534
1529
845
1538
1535
1539
1528
1017
1535
1540
1540
1541
1522
1568
1552
1524
1535
1534
1522
1510
1542
1535
1541
1546
1261
1545
1353
1536
1539
1544
1537
1536
1538
1529
1536
1349
1078
1539
1538
1527
1530
1530
1529
864
1528
1532
1530
1534
1532
1528
1114
1535
1537
1535
1539
1532
1536
1523
1525
1544
1545
897
1533
1533
1534
1540
1545
1529
1535
1538
1530
1539
856
1533
1532
1519
1530
1535
1521
1533
577
1534
1529
1533
746
1531
1530
1526
1529
1530
1528
1541
1499
1541
1545
1527
1527
1525
1534
1534
1544
1534
1541
1537
1546
1530
1536
1537
1538
1530
1304
1525
1534
1526
1529
1531
1528
1540
1526
1541
1179
1542
1533
1421
1521
1539
1533
778
1534
1530
1530
1524
1540
1532
1539
1465
1532
1528
1535
1543
1512
1536
1532
1277
1539
1538
1536
1537
1389
1531
1527
1535
1406
1537
896
1537
952
1519
1546
1537
1543
1545
1501
1518
948
586
1532
309
1531
1534
1543
1523
1487
1535
1540
1526
1527
1539
1526
688
1538
1531
888
1530
1539
1523
1536
1538
1526
1531
822
1535
1257
1537
1538
1539
1533
1545
1537
1544
1446
1536
1315
1536
1542
1539
1544
1530
316
1532
1547
1535
1511
1526
1235
1544
670
1535
1519
1543
1546
1423
753
1550
1547
1522
1533
909
1537
1526
1536
1540
1542
1177
1539
1523
1528
834
1481
859
1535
1530
1540
1534
1527
1532
1523
1511
1533
1535
856
1529
1536
1525
1528
1542
1538
1538
1534
850
1533
1536
1529
1539
1515
1533
1531
1527
1526
1275
1533
1529
1512
1517
1528
919
1527
1534
1531
1520
1534
1514
1515
1526
1522
1525
1527
1523
1526
1531
1031
1538
753
1521
1533
883
1536
1483
1536
1533
1172
1346
1541
1536
1548
1534
1514
1533
914
1541
1538
1516
1259
862
1547
1530
1541
1536
1536
1535
1542
1535
1350
1547
1546
1550
1526
1525
1532
1533
1527
1539
1536
1533
1531
1536
1539
1516
1530
1532
1499
1531
1530
1530
1525
1531
1528
1528
1520
1398
980
1540
1517
1527
1529
1534
1518
1528
1532
1205
1529
1531
1534
1540
1528
1488
1534
1528
1518
604
1527
1530
1531
1537
1530
1523
1539
1536
750
1532
1535
901
1528
1521
1528
1538
1535
757
1541
1521
1539
1485
1320
762
1533
1533
1533
1538
1534
1525
1541
1530
1528
1518
1535
1521
1517
1536
1525
1531
1526
1538
1532
1530
1530
1515
1394
831
1277
1530
1532
1536
1535
1408
1521
1543
1526
1544
1514
1544
1501
1530
1135
1538
1537
1535
1528
743
1531
1542
1542
1544
1522
1429
1539
1537
1539
1541
1530
1538
1529
1534
857
1526
1523
759
1534
1535
1532
1542
1540
1427
1523
1519
1513
1527
1533
1463
1478
1528
1375
1491
1535
1502
1252
1527
1532
1529
1536
1529
1509
1540
1534
1523
1527
1542
1520
1534
1524
1533
1511
1530
1532
1526
1523
859
1527
1526
1534
1532
1538
891
1521
1532
1531
1527
1541
1498
1535
1532
1533
1533
1514
1540
1533
1526
1521
1537
1525
1530
1541
1537
1537
1534
1527
775
1540
1529
1541
1519
1537
1527
1542
1529
1539
1538
1494
1528
1518
