1571
1545
1568
1556
1547
1556
1557
1559
1566
1565
1577
1558
1562
1575
1574
1258
1572
1569
1562
1579
1570
1555
1569
1569
1555
1565
1298
1584
1571
1570
1531
1554
1092
1574
1537
1566
1559
1574
1570
1574
1562
880
1557
1556
1551
820
1572
1541
1578
1405
1565
1569
1560
1544
1548
1574
1557
1536
1562
1571
1554
1571
1544
1572
1553
1561
1565
1578
1546
1554
1548
1567
1520
1557
1562
1573
1003
814
1558
1549
1554
1538
1573
1553
1574
1573
1572
1558
1555
1575
1512
1570
1518
1568
1452
1055
1560
1542
1550
1568
1549
372
1561
1561
1563
1525
1569
1552
1564
1548
1267
1554
1572
1569
1548
1563
1560
1557
1558
1572
1534
1568
1550
1571
1528
1308
1535
498
1558
1550
1435
1554
749
1562
1553
1554
1578
693
1566
1553
1429
1533
1370
1578
1563
548
1584
1558
1551
672
1462
1565
1572
1557
925
1552
1565
1578
1453
1570
1549
807
1575
1581
1563
1568
1563
1546
1562
1575
1556
1565
1563
1520
1552
1577
1560
1574
1553
1573
1569
1574
1552
1546
1566
1572
1543
1570
1560
1575
1573
1565
1572
1542
1556
1569
1571
1581
1574
1558
1553
1558
1565
1557
1557
1570
1548
1572
1297
1552
1574
1575
1562
1505
1565
1531
1559
1570
1557
1557
1573
1571
791
1552
1567
1578
1557
1577
1128
1557
1579
1550
1573
1577
1576
1556
1561
1572
1568
1573
1563
1559
1343
1553
1555
1544
1561
1554
1580
1554
1568
1556
1550
1560
1552
766
1574
713
946
1571
1583
1307
1558
1565
1578
1556
1304
1577
1550
1573
1552
1568
1302
1574
1425
1552
1582
1559
1565
1554
1404
1578
1534
525
1557
1528
1000
1558
1565
1572
785
1573
1566
1575
1562
1551
1570
1561
1565
1561
1569
1568
1557
1562
1558
1570
1565
1553
1561
1560
1556
1557
1564
1569
1570
1566
1550
1561
1542
1570
1564
1560
1557
1551
1505
1568
1557
1549
1573
1556
1551
1560
1559
1552
1569
1563
1573
1571
1559
639
1566
1554
1532
1564
1551
1559
1551
1559
1553
1567
1570
1559
1571
1556
1573
1561
1573
1567
1531
1571
1554
1557
1533
1560
1568
1570
1555
1342
1553
1267
1567
1571
1571
1558
1554
1561
1569
1564
1573
1547
1519
1577
1569
1551
1559
1562
1511
1556
1575
1546
1582
1574
665
366
881
1563
1563
1564
1486
1568
1565
1560
1541
1570
1568
1557
621
1573
1541
1555
1559
1577
1572
1550
1560
1554
1569
1583
1543
1573
1573
1572
1571
1570
947
1559
1555
1556
1562
1573
1570
1559
1568
1555
1548
1568
1558
1567
1564
935
1331
1555
1551
1570
408
1574
894
1574
1551
1560
1562
1551
1577
1542
1556
1554
955
1557
1568
1567
1549
1547
1542
1560
1575
1549
1549
1547
1393
1550
1575
1564
1537
1566
1572
1555
1552
1548
1551
1554
1572
1573
1576
1570
1568
1556
1543
1520
1212
1559
1577
1554
1574
1191
1579
1570
1567
1555
1565
1581
1568
1556
1572
1562
1576
1555
1560
1546
1571
1552
1559
1566
1577
1549
1563
1547
1561
1565
1364
1559
439
1552
1562
1556
1558
1563
1561
1573
1552
1559
1556
1572
1566
1572
1472
1564
1564
1570
1561
1568
1568
1568
1574
1558
1561
1558
1549
1561
1563
1559
1567
1559
1563
1577
1560
1551
1550
1562
949
1560
1562
1548
1581
1579
1560
1528
1566
1557
1560
1572
1580
1577
1561
1574
1559
1556
1566
1543
1539
1569
1570
1574
1555
1563
1555
1554
1562
1551
1569
1558
1552
1541
1565
1553
1571
916
1554
1548
1567
1571
1562
967
1555
1056
1574
1579
1573
1559
1569
1519
1559
1548
1569
1545
1568
1355
1539
1562
776
1578
1574
1576
1557
1581
1565
1570
1571
1571
1582
1539
1553
1577
1575
1488
1579
612
1469
1575
1572
1570
1540
1579
1562
1562
1543
1569
1567
1566
1558
1566
1557
1567
1566
1095
1560
1545
1449
1557
1566
1567
1547
1556
1390
1552
1578
1566
1579
1380
1564
1556
1560
1564
1581
1566
1558
1563
1553
1581
1552
1545
1565
1574
1537
1557
1551
1559
783
1567
882
1152
1549
1555
1563
1568
1554
1567
1555
1550
1552
681
1440
883
1550
1555
1558
1548
1555
1555
1567
1573
1571
1029
1562
1575
1564
1549
1563
1553
1552
1546
1562
1565
1546
1553
1532
1555
1047
1572
1568
1566
1560
1575
1565
872
1560
1321
1557
1569
1541
1561
634
1503
1546
1537
1556
887
1571
1558
1527
1305
1573
1554
1575
732
1560
1558
1574
1564
1567
1560
1551
1568
1575
1539
1546
1199
1570
1570
1541
824
1540
1319
944
1570
1562
1549
1558
768
1560
1571
1568
562
334
1553
1571
1570
1116
1571
1557
1549
1553
1555
966
1558
1569
1568
1572
1163
791
1509
1569
1573
1552
1559
1501
1569
1565
1578
888
1556
726
1565
579
1559
1569
1568
1576
1089
1559
1558
1555
1548
1542
1552
1560
1571
1570
1564
1563
1583
1565
1553
1558
1547
1217
1551
1571
1560
1519
1573
1570
1556
1566
1548
1571
1555
1546
1538
1052
1576
1559
1552
1575
1549
1533
1566
1468
1561
1557
1572
1540
1555
1577
1559
870
1552
1555
1545
1577
1555
1544
1560
1567
1557
1573
1569
1575
1560
1564
1561
1551
1542
1216
1557
1560
1571
1579
1535
1574
1566
1571
1575
1554
1578
1182
1532
1555
1567
1102
1542
1549
1565
1338
1569
1564
1557
1568
1575
1571
1005
1563
855
1571
1541
1561
1572
1569
1558
1540
1548
1572
1559
1553
1580
1556
1581
1549
1549
1548
1545
1568
1551
1558
1571
1547
1243
1563
1571
1567
1571
1564
1568
1554
1552
1570
1548
1552
1554
1553
1576
1479
1539
943
1464
1559
1563
1557
1554
1556
1546
1571
1227
1570
1569
1569
1557
1578
1128
1573
1550
1579
1560
1551
1088
1550
1554
1577
1571
1554
1563
1540
1572
1560
1505
1572
1592
1565
1551
1568
1538
1572
1471
1552
1454
771
1548
1560
1570
1572
1246
1547
946
1562
1541
1566
1560
1561
1572
1550
1564
1104
1572
1554
797
1556
1551
1548
1482
1555
1566
1559
1565
877
1561
1563
1563
1552
1579
1571
1570
1577
1562
779
1562
1539
1554
1574
1561
1566
1572
1562
1559
1571
1568
1569
1563
1583
1568
1556
1572
1572
1561
826
1574
1529
1553
1545
1565
1572
1558
1555
1560
1546
1568
1565
1567
1560
1569
1565
1569
878
1226
1571
1570
1575
1548
1015
1576
1538
1557
1560
1524
1542
1573
1542
1572
1565
1554
1569
1569
1579
1571
1555
1589
1564
1565
1544
1573
1566
1571
1544
1572
1573
1549
1576
1571
1558
1572
1569
1571
1561
1566
1577
1542
1559
1572
1569
1553
1580
1571
818
1582
1559
1546
1553
1553
1472
1476
782
1103
1570
1552
1543
1578
1551
1571
1556
1551
1574
1569
1550
1537
1568
1567
1564
1568
644
1545
1571
653
917
1555
1562
1548
1578
796
1553
1579
1557
1570
1420
1543
1570
1556
1572
1561
1510
1551
1507
1581
819
1562
978
1573
1582
874
1575
1572
1102
1575
1217
950
1558
1571
1544
768
1569
1555
1552
1580
1572
1572
1565
1557
1565
1548
1559
1296
1547
1570
1580
1546
1574
1577
1546
1563
1562
1536
1571
1570
1009
1571
1560
1194
1440
1574
1567
1578
1554
1580
1566
1572
1570
1557
1560
1565
1544
1551
1560
1567
1549
398
1551
1571
1564
1564
1579
1302
1550
1547
1555
1580
1573
1568
1561
1553
1575
1564
1566
1555
1574
1563
1404
1166
1548
1040
1551
1529
1577
1564
749
1546
1333
1560
1523
1525
1562
1573
1547
1264
1551
1568
1550
1574
1572
1566
1559
1567
1563
1559
1555
1552
1557
1566
1550
1565
1352
1577
1555
1561
1566
1570
1570
1548
1561
1551
1567
1556
1554
1562
1562
1559
1577
1561
1557
1584
1564
1558
1552
1577
1537
1568
1560
1574
1564
1559
1542
1560
1561
1561
1545
1179
1575
1551
1550
1572
1565
1573
1549
1559
1581
1558
1566
1574
1568
1541
1565
1558
1563
1568
1538
799
1566
1553
1561
1543
1575
1572
1567
1547
1556
1556
1548
683
1575
811
1557
1564
1541
1570
807
1560
1538
1547
1555
1543
1555
1568
1553
674
1561
1547
1576
1551
1572
1563
1572
1569
1557
1574
1544
1558
1564
1539
1544
1575
1567
1561
1540
1555
1538
1562
1571
1567
1560
1571
1562
1561
1565
1566
1517
1556
1563
595
1565
1555
1553
1566
1568
1566
1556
1575
1559
1546
1553
1553
1577
1563
1574
1576
1557
1508
1357
1574
1560
1566
1558
1554
1533
1570
1051
1573
1556
1548
1563
1567
1566
393
1551
1042
1563
664
1560
1560
1570
1545
1557
1554
1558
1574
1550
1566
1559
1575
1544
1567
1552
1552
639
863
1161
1561
1571
1009
1580
570
1570
1547
1549
1569
1561
1567
838
1563
1568
1567
1572
1573
1577
1568
1575
1570
1547
1551
790
1577
1555
1326
1547
1575
1567
1558
1027
1547
1563
1574
1569
1547
1564
1577
1566
1568
1559
1567
1557
1567
1569
1569
1546
727
1570
1569
1559
1537
1564
1556
1537
1580
1572
1569
1564
825
1557
1553
1568
1572
1563
1549
1548
1568
1548
1533
1455
1581
1564
1164
1562
1567
816
1551
1563
1575
1556
1556
1577
1567
1565
1558
1538
1572
1566
1566
1572
1543
1569
1562
1573
1564
1568
1564
1558
1539
1553
1539
1554
792
1569
1555
1564
780
658
1564
1549
1528
1554
1567
1577
1537
1559
1121
1570
1569
1566
1571
1558
1558
1551
1575
1569
1568
1543
1565
1567
1562
1569
801
1564
1554
1544
1564
1553
1552
1382
1566
1537
1572
1558
1544
1232
1574
1551
1556
1550
1558
1560
1565
1573
1560
1569
1564
1569
1123
1556
1554
1553
1580
1572
1524
1554
881
1575
719
442
1565
1568
1563
1575
1567
1569
1580
1568
1553
1547
1360
1550
1562
1552
1566
1551
1571
1565
1544
1558
1551
1563
1563
1570
1567
1576
1561
1564
716
1557
1545
1555
1554
1563
1566
1567
1555
1559
1551
1550
1209
1567
1563
1539
1551
1551
1556
1571
1354
1577
1555
1569
1578
1550
1582
1549
1574
896
1583
1559
1271
1559
1563
1583
1583
1570
1546
1554
1557
1056
1570
1586
1335
1565
1561
1568
1571
1540
1556
1568
1572
1573
1571
1435
1573
1555
1558
1561
1550
1566
1568
1534
1562
1554
1569
1467
1397
1559
1536
1553
1573
1547
1563
1581
1559
1570
1566
832
1564
1578
1320
1555
1562
1555
1564
1554
1554
1555
1577
1560
1559
1577
1460
1567
1573
1579
1559
1564
1582
1564
1557
1555
1567
1547
1576
974
1574
1566
1570
1339
1541
1553
1564
1573
1576
1565
1570
1558
790
1566
883
1565
1576
1545
1572
1576
1580
1556
1153
1574
1470
1557
1558
1569
1547
1545
1564
1562
1554
909
1577
1525
1575
1556
1568
1575
1576
1570
1544
1561
1556
1555
1552
1570
1573
1578
1576
1557
1558
1574
1570
1568
676
1564
1575
1556
1545
1574
1576
1193
1574
1561
1573
1562
1574
1570
1553
1568
1568
1552
1571
999
1571
1553
1571
1576
1578
1559
1558
1564
1572
1199
1562
1570
1575
1576
1558
1571
1564
909
1560
1577
1563
1555
1548
1567
1563
1552
1558
1556
1574
640
1581
1558
1558
1536
829
1558
1556
1561
1568
1556
1457
1412
1546
1572
1562
885
1576
1568
1549
1077
1552
1559
1565
1558
1568
1554
1577
1460
1558
1566
1555
1561
1570
1569
1551
1570
1558
1564
1554
1572
1545
1574
1571
1575
853
1562
1561
1582
1573
1569
1559
1557
1578
1573
1550
1572
1581
1576
1560
1569
1558
1564
1567
1563
1566
1564
477
1547
1569
1562
1540
1565
1104
1563
1566
1022
1573
1563
1559
1576
1558
1542
1568
1569
1563
1572
1548
1548
1560
1547
1554
1016
1560
1568
1574
1558
1569
1455
1550
1565
1544
1564
1571
1569
1530
1559
779
1576
810
842
537
1545
1555
1577
1563
1572
1566
1557
1575
1578
1551
1227
1576
1575
1552
1554
1567
1584
1563
1571
1549
1568
1373
1540
1577
1561
1543
1571
1573
1566
1552
728
561
1554
1584
1552
1563
1564
1568
1517
1564
1561
1559
1555
1539
1533
505
1559
1548
1416
859
1522
1567
1573
1548
1553
1574
1571
1572
1564
1570
1556
1557
1567
1559
1560
1554
1537
1584
1553
968
943
1561
1553
1561
1570
1572
1557
1559
741
1585
1574
1539
1074
1568
1573
1575
1545
1570
1578
1559
1586
1558
1575
1568
1558
1556
1573
1575
1518
797
1572
1569
1557
1570
1585
1564
834
1572
1563
1568
1573
1577
1557
1535
1561
723
1560
1579
1562
1567
1554
1566
1547
1550
1563
1581
1577
1562
1555
1581
1553
1574
1553
1566
1554
1565
1562
661
1572
851
1563
1580
1469
1577
1553
1055
1541
1568
1568
1568
1557
1574
1582
1568
935
1577
1555
532
1560
1579
1573
1574
1565
1557
1575
1547
1572
1557
1568
1575
1559
1584
1540
1551
1570
421
1553
1552
1571
965
1577
1555
786
416
1577
1564
1551
1549
1559
1551
1550
1567
1568
1569
1567
1573
1561
1523
1564
1567
1563
1568
1541
1563
1580
1554
1543
1565
1538
1565
1556
1571
1302
1569
1570
1554
1570
1578
1543
1546
1578
1575
1551
1542
1559
1567
1207
1568
1550
1569
1413
1570
1574
1538
1564
1477
1569
1573
1566
3929
1563
1549
1580
1567
1570
951
1548
1563
1559
1539
1535
1550
1558
1539
1544
1547
1543
812
1562
1551
1550
1553
881
1560
1561
1555
1560
1552
1559
1557
1558
1565
1551
1558
1260
1570
1572
1536
1551
1571
1550
1539
1542
1571
1567
1547
919
1553
1551
1559
1560
1574
1562
1568
1551
1564
1558
1568
1567
1553
1396
1547
1568
877
1568
1568
1553
1571
1572
1572
1542
1571
1574
1545
1561
1553
1556
1564
1566
1567
1569
1570
1556
1548
1561
1522
1554
1564
1564
1565
1572
1554
1555
1569
1566
1562
1549
1508
1539
1571
1541
1569
1494
1558
1572
1546
1571
1579
1580
1548
1556
1539
1561
1559
1581
1573
1571
1517
1551
1569
1552
1545
1576
1559
1557
1567
1575
1571
1573
1563
1570
1572
1560
1555
598
1554
1555
1536
1104
1564
1570
1560
1571
1538
1562
1560
725
1556
1570
880
1107
1582
1566
1546
1289
1556
1566
1556
1554
1539
1560
1260
1567
1441
1559
1558
1555
1575
1576
1566
1555
1554
1564
1566
1567
1539
1571
1554
1557
1561
1519
1552
1543
1575
1548
1556
888
1566
1564
902
1571
1570
1565
1550
1560
1384
1563
1572
1570
1559
1560
1567
1570
1553
1560
1575
1560
1550
735
1569
1559
1570
1540
1556
1550
1570
778
1569
1556
1544
1555
1555
1577
1568
1571
1556
1543
1373
1567
1551
1582
1576
1541
1564
1569
1572
1548
1550
1560
372
1571
1553
1572
1568
1572
1556
1582
1536
1564
1551
1572
1543
1563
1553
1560
1518
1533
1568
1567
1573
1563
884
586
1563
1554
1569
1556
1556
1576
1574
1562
1554
1573
1569
1553
857
1558
1568
625
1541
1564
1575
1550
1546
1569
1568
1567
1555
1565
1561
1564
1565
1574
1547
1558
1557
1549
1569
1553
1573
1576
1554
1544
1562
1568
1532
1570
1550
1577
1577
1548
1568
1570
1577
1564
1552
958
1579
1573
1562
1579
1566
1579
1514
1561
1574
1567
1329
1565
1467
1560
1554
1359
1546
1565
1564
1574
1562
1544
1559
1572
1553
1555
1571
1553
1383
1539
1148
1565
1554
1571
857
1553
1568
1574
475
1571
1091
1574
1556
1529
1562
1569
1566
1574
1563
1560
1524
1558
1565
1557
778
1559
1576
1564
1497
1561
1532
781
1059
1566
1560
1572
1552
1560
336
1555
1558
1553
1473
1572
650
913
1569
1568
1540
1504
1564
584
1587
1567
1569
1575
1576
1576
1576
1559
1552
1399
1560
1560
1579
1570
1563
1555
1548
1572
1574
1558
1575
1280
1588
1217
1555
1579
1540
1557
1572
1558
1583
1553
1570
1546
1379
1527
1573
1553
1557
1563
1540
1563
1556
1539
1571
1555
1537
1559
1565
1558
1556
1559
1562
1571
1569
1552
1188
1551
1567
1570
1553
1498
1558
1549
1564
455
1556
1321
1573
1551
1581
1553
1558
1565
1572
1575
1544
1567
1565
1570
1553
1391
1569
1558
1555
1547
1554
1550
1570
1570
1566
1555
796
1544
679
1563
1572
1579
1577
1573
1578
1563
1567
1543
1542
1575
1576
1568
1567
1532
1025
1569
1537
1569
794
1572
1561
1575
777
1552
1560
1554
1567
1574
1560
1540
1549
1573
1563
1581
1146
1556
1572
1566
1584
1574
1551
1582
1552
1555
1560
1559
1554
1578
1582
1566
1576
1550
1553
1566
1560
1578
1547
1563
1574
1560
1568
1535
1570
1569
1050
1568
1573
1562
1559
1568
1567
923
1566
1534
1549
1576
1409
1536
1560
1570
1574
1575
1554
1563
1562
1573
776
1544
483
1557
1555
1541
1563
1544
993
1575
1569
1555
1551
1561
1583
1574
1539
1561
1548
1549
1544
1573
1226
1571
1540
1560
1566
1501
1558
1557
1551
1549
1564
1556
1561
1558
1544
1570
1566
1573
1565
1569
1555
1574
1564
1539
1565
1474
1562
782
1574
1575
1555
1565
1555
1559
1557
1563
1551
1559
915
1562
1552
1556
1574
1575
1544
1575
1553
1570
966
1565
1558
1548
1572
1565
1535
1571
1561
1578
1551
1552
1150
1569
1563
1558
1545
1542
1568
1567
1566
1563
1575
1569
1562
1549
1550
1565
855
1551
1538
1548
1555
1577
836
1580
1567
1549
1558
1334
1570
842
1559
1563
1555
1500
1557
1587
1564
1553
1572
1567
1557
1557
1568
1553
1552
1550
932
507
1562
1573
1546
1554
1551
1579
1569
1551
1573
1545
1564
1574
1572
1557
1577
1540
1575
1556
1556
1570
1558
806
1572
1565
1562
1570
1570
853
1560
1573
1571
802
1576
1524
1581
1560
1573
1581
1524
1524
1541
1543
1545
1566
803
1543
1520
1530
1568
1549
1576
1575
1574
1551
1573
1352
1558
1569
1562
1558
1565
1551
1575
1574
1534
1463
1579
1565
1566
1550
719
1575
1576
882
1050
1554
1572
1558
779
1560
1570
1571
1564
1554
1579
1557
1576
1582
1570
781
1565
1543
1575
1560
1567
1560
822
1544
1494
1554
778
1571
1576
1539
1565
1568
1565
1539
1572
1538
1568
1548
1573
1537
1597
1554
1554
1550
1567
1333
1573
1554
1572
1564
1564
1566
1556
1562
1572
1572
1550
1555
1543
1567
1568
1560
1553
1546
1574
1515
1554
1556
1534
1560
1560
1571
1575
1552
1571
1498
1552
1566
1567
1555
1556
1564
1387
1578
1569
1556
1550
1573
1545
1572
1563
1566
1044
1553
1552
1524
1578
1555
1545
1574
1575
499
1526
1579
1557
1554
1562
1564
1559
1568
827
872
1574
994
1567
1549
1575
1553
1516
1564
1555
1557
966
1563
1549
1576
1561
1577
1550
1572
1544
1491
1562
1544
1560
1560
1412
1151
1333
1571
1577
1014
1544
1546
813
1547
1550
1571
1547
1573
803
1556
1558
1539
1566
1557
1566
1541
1580
1566
763
1542
1561
1561
1569
1125
1553
1565
1574
1568
1555
1544
1577
1413
1543
1568
1573
1553
1580
1575
1550
1570
1555
1556
1580
1569
1564
1551
1563
1570
1548
1567
1558
1563
1562
1556
1573
1574
1580
1574
1549
1556
1558
1378
1511
1560
1565
1559
1549
1566
1562
1561
1436
1553
1559
1551
1569
1265
1550
1571
1570
727
1564
1570
1560
1566
1554
1519
1577
1558
1552
1562
1574
1561
1129
1531
1548
1553
835
845
1559
1571
1566
1573
1564
1563
886
1556
1548
1577
1571
1571
1021
1568
1552
1567
1541
1573
1239
1553
1489
1553
1438
1582
1340
1573
1565
1573
1330
1579
1556
1551
1561
796
1543
1573
1582
791
1576
1558
1548
1552
1568
1573
1582
1577
1548
1581
1575
1587
1559
1574
1544
1560
1560
1501
1558
1575
1523
1571
1551
1579
533
1562
1571
1561
1573
1534
861
1570
1573
1542
1577
1568
1564
1564
1559
1567
1561
1579
1557
1566
1571
1540
1151
1539
1020
1556
1570
1524
1567
1559
1576
1224
685
1561
1578
1548
1552
1567
1565
1557
1568
1567
1571
1563
1532
858
1552
1570
1549
1571
1545
1548
1572
1570
1572
1547
1552
766
1566
1438
1555
1554
1565
1564
1586
1554
1563
1571
1570
1562
1575
1555
1560
1553
1363
1549
1552
1568
1540
1567
1551
423
1577
1565
1557
1564
1558
1130
1552
1555
1548
1575
1558
1566
1567
1561
1570
1554
677
1575
771
1536
1572
1571
1350
1551
1580
1572
1570
1557
1570
798
1579
1563
1558
1535
1556
1557
1569
1569
1572
1194
1581
1557
1564
1554
1541
1552
1566
1560
1565
1563
1573
1576
876
1558
1548
920
1540
1556
1545
1559
1567
1538
1357
1564
1544
1573
1546
1558
1555
1565
1554
1581
1564
1573
1008
1559
1576
944
1556
1557
1563
1579
1552
1565
1567
1555
1460
1569
1549
1572
1572
1563
1557
1559
1549
1531
1559
1543
1569
1551
1556
1553
1561
917
1573
1553
1569
934
1573
1565
1570
1517
1568
1571
1567
1150
1536
705
837
1554
1545
1574
1565
1576
1551
1553
1558
1557
1575
1561
1571
1579
1552
1542
1539
1558
1560
1595
1571
1549
1549
1550
1556
1555
1569
1515
1551
1560
1550
1573
1551
1574
1570
1551
1568
1215
1564
836
1541
1564
1573
488
1558
1559
1565
1576
1569
1547
1565
1539
1449
963
1570
1304
1576
1553
1531
1553
1565
1554
1574
1562
1553
1566
1567
1557
1460
1556
1562
1548
1558
1525
1538
1553
1561
1565
1562
1574
1568
1542
1544
1570
1303
1577
1164
1573
1573
1574
1568
1555
1566
1546
1551
1543
1553
1538
1570
1584
1572
1569
1278
1094
1568
1567
896
1558
1572
1540
1575
1554
1015
1555
1579
1576
1580
1556
1560
1575
1570
906
1563
1565
1549
1097
1563
1576
1575
1562
1563
696
1562
1572
1572
1579
1549
1565
1547
1564
1545
1569
1508
783
1560
1560
1567
1570
1547
1572
1131
1566
1554
1586
1539
1575
1259
1514
1557
1572
1575
1565
976
1558
1539
1546
1557
1560
1563
878
1546
1576
1534
1574
1533
1561
1553
1554
1567
1560
1560
883
1556
1566
1571
1552
1547
1560
1551
1569
1587
727
1537
1574
1557
1564
1554
1571
1540
882
1559
1544
1567
1233
1560
1566
1531
1578
1564
1577
1541
1565
1553
1569
1558
1575
1531
1571
1572
1558
1579
1545
1555
1568
1545
1577
1554
1570
1547
953
1568
1563
789
790
1568
1570
1562
1537
1579
1233
1570
1549
1564
1573
1557
996
1570
1580
1436
1569
1557
1562
1574
1503
1555
1576
1545
1562
1564
1411
1484
1553
1187
1586
1561
1562
1545
1553
1532
1567
1560
1574
1571
1556
1575
1583
1568
1551
1551
1551
1575
1557
1577
546
479
1545
1053
1569
1564
1556
1569
1561
1568
1570
1567
1571
1548
1173
1563
1554
1548
1545
1550
1568
1561
1138
1567
1562
1354
1551
1575
1555
1553
1027
1545
1576
1574
1550
1569
1564
1566
1558
1555
1566
1545
1561
1554
1574
1562
1570
1050
1564
1550
1545
1567
1571
1558
1257
1575
1561
1545
1564
1557
1561
1088
1572
1351
1540
1577
1574
1531
1578
1565
807
1571
1574
1553
1574
1554
873
1566
1563
1556
1574
1553
798
1565
1585
1575
1544
1557
1567
1571
1256
1570
1567
1566
1570
1577
1575
1559
600
1524
1564
1574
1539
1545
1557
1579
1547
1553
1571
1573
1583
1558
1559
1541
1557
1577
1557
1576
1228
1566
1543
517
1546
1555
1549
1567
1566
1526
1549
1565
1548
1568
1559
1567
1575
1539
1548
1571
1545
1568
1566
1531
1577
1556
1563
1574
1554
1564
1557
1394
1567
1568
1569
1537
1554
858
1436
1550
1571
1533
1573
1555
1542
1571
1562
783
1524
1553
1574
1348
1566
1559
1566
1578
1572
1572
1547
1040
1528
1565
1550
1570
546
539
1558
1548
1144
434
1560
1575
1581
1545
1558
1571
1572
1547
1536
1568
809
1559
1561
1554
1539
1559
1550
1479
1546
1566
1565
1567
1555
1571
1565
1558
1548
1559
1557
1541
1547
1559
1553
1568
1571
1558
1533
1299
1571
1574
1565
1566
1533
1569
1555
1557
1563
1565
1578
1542
1575
1573
1555
1575
1561
1570
1564
1563
1548
1564
1569
1569
1560
1571
1559
1568
1571
1555
1558
1569
1555
1566
1588
1557
1575
1561
1558
1572
1565
1568
1561
1570
1576
1567
1576
1544
1554
1471
1559
1571
1574
1548
1574
1559
1566
1569
1543
1565
1534
1553
1562
1557
1550
423
1565
1569
1568
1558
1318
1578
1555
1555
1558
1557
1526
957
1577
1562
1528
1574
1495
1558
1550
1554
1564
1574
1053
915
1557
1561
1550
1545
1150
1547
1559
1569
1572
1553
1554
1554
1567
556
1573
1548
1571
1551
1542
1573
1556
1046
1557
1552
1568
1552
1554
1570
1572
573
1552
1075
1549
1569
950
1560
1560
1556
1574
1561
1572
1574
1564
1562
1568
1560
1560
1566
1566
1548
1563
1575
1546
1421
1558
878
1550
1546
1573
1565
1552
1583
1550
1561
1560
1569
1568
1576
1571
1573
1565
1551
1567
1557
1574
1560
1563
1198
1555
1573
1569
787
1575
1561
1544
1563
1580
1555
1552
1561
735
1558
1532
1574
1574
1555
1575
1550
1551
1573
1284
1569
1553
1562
1575
1569
1575
1567
1553
1552
1571
1547
1550
1564
1571
1557
1574
1059
1573
1554
1568
1555
1158
1562
1548
1554
1538
1558
1558
1556
1556
1556
1263
1546
1553
1563
1568
954
903
1564
1579
1568
1557
1572
1543
1560
1561
1573
1571
1556
1572
1557
1570
1572
1043
831
1573
1552
1559
778
1551
1550
1560
1573
1555
1557
873
1551
1569
1568
1568
1574
997
1555
1562
1558
1555
1550
1564
1573
1549
1440
1555
1555
1555
1561
879
1571
1567
1551
1574
1553
1565
1290
1550
1542
1562
1573
1542
1557
1573
1564
1549
1575
1575
1506
1568
1548
1579
1573
1568
1538
1566
1559
1576
1555
1545
1574
1564
1548
1548
1564
1568
1559
1560
1551
1574
1561
1561
1566
766
1554
1291
1551
1549
1541
1571
1564
1563
1573
1577
1516
1561
1577
1572
1571
1566
1561
1555
1557
1561
1581
1081
1565
530
1550
1567
1550
1539
1572
1561
1576
1582
1583
1574
1566
1544
1575
1555
1565
1554
1567
1573
1258
1573
1569
1581
1568
1572
1568
1562
1573
1560
1562
1576
1560
1563
384
1552
1550
1564
878
1571
1571
1537
1571
1560
1555
1556
1242
1554
856
1562
891
1534
754
843
1553
1558
1554
1558
1592
1567
1554
1319
1549
1413
1574
1565
1560
1237
1564
1570
1575
704
1557
1579
1552
1569
1523
1567
1570
1557
1553
1544
1557
1566
1504
1572
1548
1566
1556
1569
1552
1144
1571
1567
1569
1553
1542
1550
1558
1560
1544
1539
1572
1566
1542
1552
1573
1547
1535
1555
1550
1541
1538
1564
1553
1350
1558
1559
1565
1571
1573
442
1556
1568
1560
1557
1566
1566
887
1553
1577
1559
1555
1565
1580
1562
1555
1560
1577
1493
1580
1563
1560
1576
1571
1574
1567
1568
1555
1552
1546
1564
1394
1570
1577
1550
1532
1566
1577
862
1555
1570
1554
1566
1558
1536
1561
1568
1567
1575
1564
1573
1572
1572
1571
1575
1562
1559
1028
839
1554
1567
1553
816
477
959
1555
1554
1576
1573
1550
769
1550
1242
1571
1527
1559
1580
1558
784
1578
1555
1571
1544
1569
1580
1567
1565
1575
1573
759
1567
1579
1558
1571
1551
1568
1551
1557
1551
1558
1574
1555
1551
1553
1570
1559
1577
1416
1540
1279
1570
1572
1571
1554
1272
1560
1570
1548
1556
1568
1148
1567
1532
1524
1567
1543
1567
1567
1485
1561
1343
1566
1578
1332
1583
1570
1562
1570
1559
1553
1550
1564
1575
1573
1556
1574
1569
1091
1572
1576
1549
1561
1561
1553
1565
1567
1570
1557
1567
1568
1547
1551
1555
1558
1573
707
1552
1574
492
1354
1569
1557
1576
1567
1562
1569
1572
1558
880
1566
1553
1586
1288
1553
1572
1564
1561
765
1562
1553
1556
1569
1573
1571
1562
377
1540
1544
973
1564
1547
1546
1551
1565
1554
1571
1565
1581
1506
1552
1564
1559
1556
845
1560
1558
875
608
1464
1567
1577
1543
1565
1571
1567
1562
1564
1567
1578
1566
1561
1571
1567
1248
1568
1580
1553
1568
1562
1562
1556
1566
1563
1555
1549
1570
1560
1559
1533
1569
1556
1561
1559
1574
1493
1563
1535
1557
1572
1545
1572
1552
1572
1567
1430
1553
1553
1557
1549
1531
1530
1150
1561
1576
1567
766
997
1528
1558
1547
1560
1555
1544
1560
1580
1567
873
1547
813
1579
1571
1577
1569
1544
914
1570
1562
1561
1560
1573
878
1550
1556
1550
1572
1579
1539
1551
1544
1573
1572
1569
1572
1568
1570
1566
1561
1558
1439
1574
1551
1565
1566
1568
1555
1566
1551
1549
1570
1559
1539
1543
1564
1230
1561
1576
1546
1568
1562
1078
1565
1537
1555
1516
1568
1554
1568
1557
1566
1546
1570
1574
674
433
1557
1129
1578
1458
1340
1098
1545
1558
1574
781
1579
1578
1558
1551
1542
1581
1581
1553
1572
1581
1550
1571
1561
1558
1560
1557
1573
1557
1312
1555
1575
1577
1543
885
1557
1294
1564
1565
1570
1430
1559
1561
1306
1543
1573
1562
1573
938
1554
1549
1574
1565
1566
1567
1557
1547
1562
1547
866
1551
1548
1573
1198
1555
1574
1572
1561
1547
1191
1442
1571
627
1572
1574
1570
1559
1573
799
1561
1567
1565
1575
1448
1570
1546
1556
1559
1547
1555
1557
1566
1570
1553
1566
1556
1541
1552
1553
1578
1548
1554
1566
983
1569
1543
1569
1565
1547
1577
1553
1575
1565
1560
1567
1524
1571
1564
1521
1574
1569
1329
1575
1558
1568
1495
1571
1552
528
1570
1556
1103
1576
1583
1572
1552
1553
1550
1558
1538
1552
1549
1561
1571
1554
1564
1572
1563
1551
1553
1555
1572
1553
1546
1564
1554
787
1557
1570
1567
1169
1541
1555
1537
1569
1574
1572
1071
1548
1565
1574
815
438
1575
1558
1558
1561
1570
1574
1563
1555
1563
1566
438
1572
1574
1556
1569
1570
1014
1578
1544
1576
1079
1192
1563
1574
1566
1552
1576
1575
1563
1579
1554
1579
1560
1574
1562
1512
1563
1546
1554
1570
1551
1561
1570
1565
1574
1073
1574
1570
1569
1574
1556
1572
1573
1568
1576
1415
779
1557
1573
1574
1542
1558
1549
1376
1568
1561
782
1547
1565
1555
465
1561
1571
1553
1129
1549
676
1587
1573
1571
1555
1566
1561
1568
1556
1578
1576
1581
1557
1560
1567
1564
1536
1570
1558
1543
1535
1568
1551
1559
1552
1571
1537
1565
1544
1562
1558
1563
1570
1565
1551
1551
1566
1562
1564
1561
1546
1569
1573
1559
1542
1567
1452
1534
1556
1552
1582
1547
1556
1558
1568
1541
1428
1561
1530
1540
1566
544
1562
1566
1569
1576
1515
781
1570
1557
1562
1557
1554
1576
1574
1562
1574
1556
1552
1570
1581
836
1555
1559
1552
1562
1559
1550
1573
1575
1547
1513
1569
1552
1561
1569
1567
1562
1548
1567
1580
1552
1568
1562
1553
1557
340
1560
1572
1573
1584
1564
1576
1559
1565
1560
1581
1569
1573
1555
1530
1555
549
1552
1557
1573
868
1547
1569
1556
1207
1557
1556
1574
1574
1278
1581
1548
1568
1579
1551
1546
1573
1325
1541
1553
1567
1570
1552
1551
1553
723
1555
1577
1317
1561
1543
1546
1578
820
1569
1541
1577
1572
1561
1554
1534
958
1556
1560
1560
1541
1573
1572
1565
1553
1544
1569
1562
1564
1532
1567
796
1559
1555
1349
1565
1555
1569
1433
1557
1566
1569
1562
935
1575
1572
1566
1554
1544
1580
1475
1552
1571
1552
661
1569
1555
1575
1569
1573
356
1553
975
1577
1537
1573
1573
1561
850
1552
1568
1559
1536
1567
1568
1183
1003
1553
1345
1570
1572
1550
1553
1578
1576
1316
825
1542
1566
1580
1561
1541
1561
1443
1561
1581
1553
1574
1555
1538
1570
1547
1556
1556
1556
1565
1407
1577
1230
1552
862
1573
1544
1574
1549
1561
1558
1564
1575
1560
1573
1570
1562
1571
1564
1561
1577
1575
1552
1530
1548
1573
1565
1537
1574
1573
1567
1560
1563
1547
1567
1572
892
1552
1554
1576
1559
1556
1568
1557
1575
1557
1570
1552
1540
1572
965
1570
1562
1485
1554
1560
1554
1559
1563
1556
1555
1577
1492
1569
1557
1568
1565
1568
1551
1574
1567
1561
1532
1089
882
783
1567
1571
1551
1536
1565
1566
1557
1564
1555
1553
1521
1547
1559
1557
1578
1568
1547
1571
1554
1554
1582
1568
1570
1564
450
1222
1560
1567
857
1560
1540
1322
1562
1577
1569
1554
1566
1564
1563
1555
1572
1555
1570
1555
935
1535
1554
1573
1551
1549
1550
1573
1574
1563
1556
786
1558
1556
1573
1556
1550
1555
1552
1536
884
1570
1566
1569
1551
1568
1556
1566
1574
1220
1554
542
1578
1580
1537
1568
1568
1577
1561
1561
1561
1556
1567
1565
1565
1544
1579
1573
1561
922
1410
1548
1516
1574
909
1563
1561
1574
1573
1567
770
1574
1578
766
1567
1582
1566
1572
1539
1556
1560
1578
1105
1558
1573
1574
1541
1561
1544
1535
1573
1554
1574
1564
1118
1560
1574
1570
1588
1567
1534
1552
1585
926
1573
1565
1550
1560
1557
1565
1563
1553
1538
1552
1548
1563
1573
1556
1542
1562
1576
1578
1538
1543
998
1559
1565
1554
1572
1565
1561
1556
1570
1555
1573
1550
1543
1561
1555
1543
1559
1559
1548
1578
1571
1559
1579
1574
1573
1552
1561
1543
1573
1553
1572
1543
1566
1547
1560
1559
1572
1567
1572
1559
1258
1552
1549
1569
1558
1565
1565
786
1546
829
1571
786
476
1574
1569
1570
1089
1568
1569
1583
1550
1575
1558
1536
975
1570
1584
1575
1556
1525
1051
1580
1560
1582
1094
1555
1553
1564
1536
782
1562
1518
846
1558
1565
1556
1546
1572
1572
946
1564
1569
1571
1558
1581
1572
1568
1556
1559
1554
1586
1539
1576
1532
1566
1577
1570
1541
1106
1071
1563
1558
1249
1563
1542
1556
1555
1552
1553
1558
1558
475
1572
1227
1557
1566
1561
1556
1572
1557
1563
1550
1567
1570
878
1569
1574
1557
1551
1570
1570
1579
1569
1556
1555
1570
1539
378
1570
1562
1560
1562
1551
1538
772
1559
783
1558
1547
1567
1552
721
1564
1569
1516
1523
1562
1558
1570
1550
1561
1564
1515
1566
891
1575
1561
799
1571
1549
1547
1567
1575
1525
1567
1575
1554
987
1559
1571
1557
1568
1546
1563
1556
1559
1563
1552
1554
1552
1559
1558
1572
1558
1560
1549
1539
1557
1571
1548
1567
1577
1555
1570
1555
1568
1567
1583
1323
1571
1577
1567
1555
1564
1062
1572
760
1572
1574
1581
1578
1570
1576
1562
1558
1555
1546
1566
1571
1557
1568
1028
1566
1303
1562
1544
1565
1571
1571
1566
1260
1553
1559
1518
1177
1556
915
1581
1550
1565
1542
1552
1550
1551
1564
1573
1578
1566
1563
1558
1555
1572
1552
1535
884
1569
1466
1562
1567
1556
1565
1558
1556
1559
1566
1553
1557
1565
436
1574
1057
1571
1566
1571
1542
1579
1555
1575
1565
781
1558
1534
1571
1551
1579
1554
1575
1569
770
1565
1568
1553
1576
1571
1577
1552
978
1583
1572
1571
1561
1550
1569
1576
1544
1546
1566
1560
1571
768
1571
1572
1516
1573
1555
1564
1555
1553
1024
1551
1529
1567
1575
1565
1560
1572
1567
1559
805
1561
637
1564
1565
1572
1566
1569
1569
1576
1566
1543
1351
1398
1552
1563
1576
1573
1568
1547
1573
1579
1569
1563
1542
1559
1543
1559
1559
1533
1558
1556
1539
1313
1575
1541
1297
1557
1553
1558
1555
1557
1569
1572
1569
1566
1570
1566
1559
1569
1162
1570
1576
1575
1556
1564
1541
1575
1548
1563
1572
1561
1577
1571
1558
1487
1583
1577
1548
1569
1554
1570
1569
1561
1565
1563
1537
1566
1559
1559
1561
1559
1555
1549
1547
1577
1545
1550
1557
1551
1576
1546
1568
1572
1562
1567
1572
1570
1562
1545
1570
1550
1548
1571
1569
1564
1565
1545
1565
1538
1560
1562
1570
1558
1565
1558
1547
1570
1553
1558
1466
1562
1548
1572
1546
1572
1546
1549
1560
1550
1557
1563
1564
1560
1564
774
1554
1442
1553
1572
1573
1557
877
1535
1568
1287
1223
1557
1564
1211
1557
1128
1563
1574
1565
1569
553
1581
1567
1575
1555
1551
1544
1575
1555
1534
1564
1553
1562
1553
1561
867
1560
1564
1468
1565
1547
1561
1570
1555
1203
1558
1568
1567
1572
1555
795
1440
1066
1567
1564
1553
1571
1570
1572
1527
1562
1573
1573
1559
1573
1576
1566
1582
1553
1564
1558
1558
1574
1569
1569
1557
1562
1556
1560
1575
822
1578
1551
1565
1551
1579
1555
1566
1574
1539
1574
1565
1111
1558
1564
1573
1558
1566
1573
1569
1568
1560
1574
1579
1562
1508
1556
1544
1571
1572
1552
1544
1558
1539
821
1547
875
1570
1573
1565
1426
1569
1497
1549
1550
1571
1571
1559
1573
1554
1558
1570
1568
1573
1326
1549
1552
1551
1564
1542
1571
1569
1558
1549
1556
1546
1559
1544
1551
1532
1567
1552
752
1576
1527
1074
1571
1435
822
1588
613
1563
1545
1572
1558
1559
1578
1559
1535
1518
1560
1567
1565
1562
1567
830
1540
1486
1569
1566
1539
1557
1551
1556
1560
1557
1524
1562
1538
1562
1568
1557
1542
1555
1573
1571
1544
1551
1565
1553
906
1563
1558
1576
1016
1545
1581
1570
1569
1304
1558
1581
1553
818
1579
1574
1565
1461
1561
1559
1567
1571
1568
1558
1565
1548
1496
1560
1554
1558
1567
1558
1534
1579
1560
1563
1570
1568
1565
1558
1422
1192
1578
1569
1554
1505
1555
1557
761
1548
1570
1569
1552
1567
1565
892
1564
1530
890
1578
1569
1570
1557
1574
1554
1557
1546
1574
1538
1566
1556
1562
1552
1577
1567
744
1563
883
1569
1556
1571
1571
1556
1572
1546
1575
389
1548
1580
1561
1582
1143
1548
1486
1561
1532
1572
1572
1567
884
1557
1575
1553
682
1562
1577
1573
1564
1583
1555
1544
1559
1546
1581
1550
1560
1557
1579
1561
1559
1566
1560
1563
1559
787
1102
1561
1554
1547
1565
1555
1572
1558
880
1566
1559
1563
1567
1561
1560
1577
1537
1086
1542
886
1554
1559
1562
1580
783
1549
1563
1556
1552
1438
1573
1048
1546
1582
1550
1539
1571
1549
1503
776
746
1558
1561
1564
1569
1561
1578
1548
1581
1560
1556
1555
1090
1571
1549
1512
732
1551
1555
1559
1568
1552
1553
852
1540
871
1557
782
1169
1567
1559
1557
1530
1245
1556
1577
1569
1558
866
1566
1570
1577
1562
1579
1508
1567
1574
1574
1550
1548
1555
759
1552
1555
1561
1572
1545
1554
1568
1549
1548
1548
1327
1553
1546
1575
1545
1555
1559
1569
1545
1569
1537
655
1567
1570
1544
887
1548
1561
1545
1568
1560
1571
1567
1561
1546
1479
1566
1549
1568
1556
1556
1560
1576
1561
1566
1553
1563
1544
1557
943
1043
1562
1572
1564
1571
1563
1568
1563
1570
1556
1576
1236
1575
1574
1563
1574
1539
1566
1573
1581
1556
1554
1548
1550
1541
1560
1557
1567
1554
1478
1559
1559
815
1553
1543
1554
1556
1541
1553
1563
1547
1549
1569
1571
1555
909
1579
1568
1583
1569
1487
1564
1565
787
1555
1548
1573
1568
1545
1567
1551
1565
1582
1580
1567
1548
1575
1544
1383
1517
1567
779
1527
1564
1555
1577
1542
1573
1555
1565
994
1560
1554
1567
1146
1548
1560
1562
1554
816
1567
1567
599
1554
1559
1562
1047
1581
1557
886
1549
1577
1562
1571
1576
1576
1573
1576
1583
1026
514
1578
1571
1551
1564
1565
1565
1549
1548
1527
776
807
1578
1569
1536
1576
1547
1574
875
1565
1567
978
1571
1580
1560
1571
1574
1549
1566
1577
1572
1576
1571
1581
1582
1567
1581
1577
1534
1561
1579
1581
1575
1583
1561
881
1572
1519
1573
1014
1549
1562
1583
1556
1573
1561
1546
1563
1561
1560
1555
1558
1548
1560
1525
1567
1569
1572
1570
1555
1552
1557
1455
1576
1557
1551
1575
1575
1558
1558
1559
1548
1571
1554
1559
1576
1564
1576
1536
1564
1551
1554
1514
1542
1536
1575
1556
1575
1370
1558
865
1570
1565
1555
1570
1551
1558
1553
1574
1549
1536
543
1554
1562
1556
1562
1572
1545
1107
1548
1570
1530
1557
807
1066
1565
1564
1569
1568
1571
1556
1572
1541
1313
1552
871
1556
911
1559
1040
1561
1570
1436
1551
1576
1548
1547
1547
1570
1546
1538
1555
1573
1549
1559
1565
1570
1563
1535
963
1559
1589
1563
1568
1571
1529
1554
1575
860
1574
1569
1564
1545
1557
1553
1580
1577
1573
1559
1563
1562
1559
1569
1562
1538
1555
1576
1036
1574
1559
1557
1557
778
1302
1566
1554
1560
1556
1557
1562
1566
1581
1558
1546
1555
1573
1564
1526
1570
752
1565
1434
1556
1555
1552
1565
1556
1562
1575
1566
1545
1576
1556
1564
1554
1564
1575
1577
1560
1554
1560
1554
1571
1573
1570
1575
1551
1552
1570
1165
1555
1551
1570
1557
1074
1557
886
1568
1510
868
1395
1574
1569
1557
1570
1533
1562
1578
1028
1535
1565
1573
1575
1573
1571
1575
1545
1559
1575
1573
1456
1564
1569
1558
1566
1223
1570
1556
1554
1558
1552
1570
1570
1569
1518
1563
1568
1552
1544
756
1567
817
1575
1564
1568
1487
1567
1548
1556
1461
1551
690
1287
1570
1565
1580
1540
1571
1571
1565
1542
1572
1564
1567
1564
1565
1545
1568
1398
1553
1582
1565
1560
1571
1528
1566
1575
1549
1569
1516
1575
1564
1554
1551
1571
872
1563
822
1574
1557
1569
1566
1552
1566
1535
1571
1557
1573
1577
1562
1567
1543
1540
1559
1555
1578
804
1552
1496
1571
1548
774
1567
1580
1561
1571
1572
1563
1570
1552
1012
1565
1568
1560
1560
1505
1554
1562
1554
1556
1572
1558
1571
1566
1550
1550
1081
1547
1558
1557
1563
1553
1570
1551
474
941
1558
1574
1566
1575
1572
1046
1570
1566
1557
1564
1249
1571
1577
1505
1568
1567
1566
1578
1572
1556
1565
1552
1566
1566
1572
1554
1557
1299
1568
1552
1543
1095
1554
1571
1557
1573
1327
1569
1548
1567
882
1551
1554
1374
1554
1573
912
1569
1557
1545
1557
1553
1568
1544
1565
1579
1550
1558
1580
346
1579
1556
1554
1562
1567
1567
1538
1571
1562
1571
1568
1554
1171
1566
1548
1565
1573
1574
1556
1555
1552
1136
1552
1550
1565
1569
1555
1547
1549
1554
1567
1563
1536
1543
1513
1547
1565
1571
1554
1559
1552
1567
1554
1568
1540
919
1564
1557
1559
1564
1579
1569
1555
1567
1552
1550
1567
1576
1557
1553
1006
1552
1180
1570
1565
1555
1559
1546
786
1575
1560
1550
1570
1549
1578
1561
1539
1576
1559
1555
1575
1570
1564
1022
452
1574
1574
1553
1578
1552
1546
1562
1574
1573
1553
1568
1539
1583
1574
1083
1559
1577
1031
1554
1572
1156
1556
1528
1571
1548
1564
1535
1565
1550
1471
1066
1533
1576
1573
1563
1568
1566
1566
1559
1557
1557
1563
1566
1569
1565
575
1562
1550
1568
1549
1563
1559
1558
383
1557
1571
1567
1557
1546
1578
1565
1551
1576
1575
1572
612
1558
1574
1568
1548
1563
1557
1562
1559
1570
1552
1561
1553
1558
1530
1566
1567
1553
1564
855
1575
1570
1568
1307
1553
1550
1565
1548
1557
735
1570
1572
1552
1553
1556
1523
1567
1541
875
426
1575
1563
1571
1559
1540
1570
358
1571
774
1556
1553
1233
1573
1436
790
1566
1567
1570
1551
1566
1527
1547
1568
1508
1554
1574
1558
1573
1560
1576
1558
1566
1571
1555
1418
1551
1562
885
1573
1568
1571
1544
1469
1569
1565
1422
1555
1569
1563
1566
1570
1559
1567
1553
1009
1568
1080
1555
815
1557
1566
1551
1553
1550
1560
1546
1568
1587
1579
1575
1559
1560
1562
1571
1568
1561
1128
1541
1564
860
1555
1579
805
1561
1548
1557
1558
1570
1569
1314
795
1564
1571
1575
1553
1562
1566
886
1571
1569
1577
1553
1568
1554
1579
1574
1537
1576
1577
1550
1481
1548
1565
642
1568
1564
1558
1568
944
1561
1559
1566
1566
1551
1562
1561
1573
1564
1566
1547
1556
1555
1571
1550
1558
1550
1247
1552
1535
959
1542
1556
1551
1552
1571
1546
1560
1567
1545
515
1561
1550
1568
1549
607
1469
1567
1572
1560
1570
1547
1554
1550
1569
1572
1569
1572
1538
1005
1563
1550
1578
1562
1577
1560
1565
1549
1577
1538
955
1544
1580
1551
1546
1529
1552
1563
1568
1568
1551
1565
1547
1572
1557
1554
720
1570
1572
1553
1547
1571
1567
1549
1569
1565
1556
1548
885
1544
1541
1561
1577
1536
1579
815
1559
1558
1567
1554
1561
1534
1485
1557
1221
1568
1560
1567
1467
1558
1556
1530
1566
989
1562
1551
1562
1548
1553
1199
1555
1562
1565
1572
1553
1554
1565
1574
1554
1572
1571
1556
1552
1556
1554
1556
1555
1566
1543
1548
1558
1572
334
1544
1575
1549
1556
1549
1577
1562
1568
1551
1557
789
1549
1578
1565
1358
1553
1577
1547
1572
1549
1573
1554
1570
1538
1564
1536
1020
1575
1578
1570
1569
1562
1552
877
1570
1569
1573
1565
1568
1579
1553
1569
1563
1550
1553
1561
1573
1566
442
1573
1577
774
1567
1569
1572
1535
1562
1566
1560
1575
1562
1474
1537
1559
932
1549
1560
1568
1573
1567
1578
1565
1566
784
1557
769
1545
1570
1555
1554
1565
1556
1553
1553
1548
1572
1573
1563
1549
1571
1541
1547
1559
1565
1568
1545
1556
1569
1570
719
786
1171
1566
1568
1132
944
1604
1562
1561
1536
1581
1576
1570
1541
1571
1549
1562
1560
1552
1572
1576
1559
1575
1573
1561
1543
1550
1574
1103
1512
1132
1241
1568
1566
1553
1549
1566
1555
1549
1563
1575
1563
1551
1554
1550
1559
1557
1575
1376
1555
1556
1561
1569
1570
1584
1573
1577
1535
1188
1569
1565
1547
1573
1539
1546
1551
1559
1552
1566
638
1550
1566
870
793
1563
1424
1556
1561
1549
1569
1571
1552
1085
1563
876
1562
1553
1556
1558
1562
1561
1558
1561
1541
1086
1553
1560
1556
1549
1569
1550
793
1558
1536
1573
1563
1552
1561
1569
1567
1557
1573
1559
1557
1572
1551
1567
1569
1576
1553
1569
1561
1567
1565
1552
1548
1570
1541
1567
1569
1553
1557
1054
1490
1573
1568
1568
1564
1571
1564
1566
1573
1561
1556
1566
887
1565
1565
1547
1574
1556
1557
1555
1555
1556
1553
1569
776
1573
1559
1572
1512
1535
1552
1565
470
1572
1567
1581
1100
1553
1551
1572
1539
1554
1565
1572
1572
1563
1552
1552
1564
703
1556
1568
1552
1571
1576
1570
1530
1566
1566
1545
1583
1558
1564
1564
1557
1568
1566
1559
1558
1562
1552
1535
1548
1578
1557
1577
1574
1578
1565
1566
1568
1577
1571
1570
1558
1574
1573
1545
776
1564
1550
1558
935
864
1287
1563
1566
1579
1445
1572
974
1563
1575
1574
1564
1583
1545
1563
1563
1579
1551
1573
1574
1581
1566
1458
864
1572
1567
1547
1569
1562
1576
1560
1555
1560
1566
1573
1571
1200
1560
1574
1235
1558
1566
1577
1586
1565
1572
1563
1572
1557
1570
1577
1569
874
1536
1182
495
1570
1556
1561
1572
1578
1557
1550
1564
1554
1528
1573
1580
1319
1430
1529
1573
1551
1564
1569
1573
1561
1581
1559
1569
1576
1561
1211
1562
1564
1546
1541
1550
1562
1562
1562
1545
1563
1575
1574
1560
1537
1543
1551
1563
1558
1266
1578
1556
1561
1528
1556
1544
1560
884
1553
1558
1572
1565
1560
1564
1581
1575
1573
1566
1568
1549
1530
1568
1548
1567
1549
1225
1567
1574
1563
1561
1552
1565
1574
1537
1573
1572
814
1574
1541
1481
765
1307
1565
1566
1563
1555
1567
1546
1573
1514
1569
1565
1574
1563
1551
645
1548
1567
1414
1566
1559
1549
1163
1569
1544
776
1569
1538
1563
1565
1561
1556
1550
1557
1545
1566
974
1572
1550
1544
1567
1565
1543
1562
1553
1551
1559
1568
1560
1394
1556
1567
1568
1538
1573
1552
1568
1565
1575
1564
1560
841
1557
1573
1552
1571
1543
999
1566
1561
1534
951
1565
1552
1567
1554
1526
1557
1550
1556
1546
1538
1545
1552
1572
1556
1521
770
1570
1530
1554
1566
1555
1555
1567
1557
1560
1571
1562
1528
1561
1572
1568
1549
1556
1556
1577
1557
1082
1552
1557
1550
1576
1575
1577
1571
1493
352
1557
1557
1558
1556
1545
1454
1556
1575
1573
1546
1562
1542
977
1567
1565
1559
1547
1566
1578
1565
1564
1548
1560
989
1574
1572
1577
1554
1553
1560
1570
887
1570
1573
1566
1557
1552
1567
1563
1569
1569
1563
1549
1554
1566
1565
1554
1567
1554
1002
1553
1556
1554
1560
1550
1570
1561
961
1569
1577
1556
1575
1525
1567
1564
1570
1554
1564
1554
874
1403
1573
750
1565
1568
1557
1568
1549
1560
1576
1567
1447
1548
1573
1557
1575
1576
861
1562
1547
1572
1549
1036
1577
1554
750
1569
1573
1568
1578
1560
1580
1574
1561
1568
1568
1566
1573
1544
809
1570
1104
1571
1554
1550
1568
1051
1559
1559
1578
1553
1551
1572
1574
1541
1568
1566
1563
1548
1560
1574
1560
1567
1557
1561
1557
1461
694
1575
1560
1573
1574
1550
1570
1549
1491
1526
1560
1565
1579
1563
1568
1551
1563
620
875
1570
1577
1570
1552
1567
1549
1554
1580
930
1564
1560
1529
1569
1549
1563
1568
1557
1533
1551
1570
1548
1562
1572
1469
1571
720
1573
1550
1547
1574
1552
1569
1578
1561
1557
1550
1536
427
1570
1566
1575
1568
1570
1577
1568
1540
1554
1521
1569
1550
1565
1564
1557
1552
1566
1547
1561
1556
881
1562
1550
1561
1570
1555
1543
1570
1550
883
1561
1556
889
1451
1556
1572
1560
1577
1570
1570
1544
1558
1362
1568
1569
1568
1579
1562
1574
1571
1550
1565
1568
1565
1558
1565
1579
1552
1571
1572
1569
1549
1594
1554
1564
1571
1579
1571
1572
1560
1580
1576
1575
1569
1560
1554
1561
1567
1546
1567
1559
1562
879
1577
1477
1572
1566
1566
1582
1560
1576
1570
1562
1551
1578
1583
1561
1578
1556
1583
1574
1565
1569
1570
1399
1519
685
1521
969
1569
1077
1571
1571
1553
1574
1514
1569
1560
723
776
1170
876
1258
1572
1585
1577
1541
1200
1551
1559
1551
1583
1577
1571
886
1571
1548
1575
1560
1556
1568
1559
1547
1570
769
1161
1547
1572
1567
1567
1578
1528
1563
1573
1564
1571
1572
1570
1571
1569
1574
1585
1569
1551
1562
1574
1555
1564
1568
1551
1567
850
1551
1558
1550
1544
1564
770
705
1566
1554
1570
1568
1570
1573
1560
1572
1578
1555
1573
723
1557
1568
1557
1553
778
1571
1109
1410
1559
1572
1568
1558
1566
1572
887
1470
1487
1555
1539
1557
1552
1565
1564
1556
1576
893
1559
1572
1577
1565
1580
1559
1551
602
1575
1564
1567
993
1478
1564
778
1571
1565
1557
1165
1554
1552
1553
1567
966
1563
1555
786
1570
1561
1553
1574
1547
1579
1560
1573
1571
1578
1569
1576
1551
1565
1562
1161
1567
1547
1545
1543
1562
1562
1560
1561
1556
1577
1562
1568
1569
1556
1560
1579
1555
1563
1543
1560
871
1573
1553
1546
1573
1575
1561
1581
1560
1556
1572
1567
1470
1553
1576
1573
1557
1561
1551
1572
1560
1559
1560
1570
1557
1554
1572
1572
1508
1551
1542
1562
1560
1564
1580
1554
802
1565
1563
1575
1572
1573
1562
735
1548
827
1553
1557
1577
1561
1566
1582
1563
1546
1533
1560
1576
1557
1575
869
1550
1566
1560
1537
1577
1566
1569
1533
1551
1116
1560
1563
1573
1553
1553
1571
1561
1571
1571
771
849
1586
1562
1575
1574
1551
1571
1572
1557
1573
1537
1568
1568
1570
1536
1563
878
1573
1551
1567
1560
1560
1561
1556
1564
1551
1557
1559
1560
1568
1545
1563
1554
1539
1572
495
1563
1501
1529
1568
1564
1549
1568
1476
1569
1560
1560
1559
1577
1566
884
1464
1568
1581
1570
1579
1558
1598
1567
443
1557
1549
1575
1579
1556
1551
1543
1544
1579
1537
1573
569
1580
1562
1571
1566
1564
1466
1574
1568
1576
1541
1554
1567
783
1544
1575
1549
890
1555
1552
1575
1564
1582
1552
1574
1568
1573
1567
880
1564
1553
808
1540
1569
1573
1565
1577
1565
1545
1573
1555
1554
1551
1558
1573
1564
1550
1558
1551
1547
1545
1553
712
1562
1576
1567
1563
792
780
1565
511
1570
1093
1580
1572
1575
1555
1574
1575
1546
1560
1561
1541
1544
1567
1564
1556
1551
1555
1578
1553
1565
1563
1569
1573
1577
1578
1571
1568
1572
1569
1547
1578
1571
1568
1569
1571
1562
1557
1573
768
1362
1562
505
1576
1531
1538
1565
1565
1563
1546
1579
1568
1579
1449
1551
1557
1544
1574
1550
1539
1549
1561
949
1559
1571
1570
1565
1527
1550
1562
1566
1557
1554
1558
1558
1574
1573
1536
688
1546
1558
1460
1560
1580
1561
1543
1556
1570
1553
1548
1568
1545
1542
1565
1568
1560
1533
1562
1565
1138
1232
1553
1573
1562
1554
1551
1068
1550
1556
1572
1549
1556
1577
1564
781
1562
1552
1555
1574
1062
1572
1559
928
1542
1559
1532
376
1567
1118
1556
1573
1572
1371
1566
1568
1522
1562
1545
1578
1543
1571
1579
1562
1575
1577
1571
1551
1565
1547
712
1092
1559
1548
1563
1550
1549
1571
1565
1570
1548
1572
1548
1538
1570
1563
1528
1581
1007
1559
1571
1544
1574
1568
1554
788
1542
1574
1578
1567
1487
1557
1544
1566
1562
1553
1553
1555
1570
1552
1549
1557
1566
1566
1565
1547
1565
1555
1563
1556
1552
1546
901
722
396
1574
860
1571
1579
846
1555
1561
1572
1554
1564
1531
1552
1520
1549
1572
1573
796
1561
1547
1565
1576
1526
674
1556
1571
1555
1534
1554
1566
1560
1551
1559
1568
1551
1565
1570
1567
1562
1570
1568
1535
1541
1569
1556
1569
1549
1555
1556
1079
1570
1570
1551
1548
1543
1551
1552
1552
1556
877
1571
1564
1568
1442
1574
1556
1542
1573
1553
1550
1531
1571
1566
1104
1558
1555
1555
1557
1584
1528
1565
1565
1572
1563
1575
1548
1578
1573
1536
1568
1568
1567
1570
1563
1569
882
1561
1571
1535
1570
1562
1560
1579
1551
1551
1550
1550
1535
1533
1566
1572
1581
1414
1571
1560
847
1556
1572
1567
895
1543
1395
1574
1557
1574
1541
1552
1549
1566
861
1558
1580
1577
1565
1557
1573
1576
1550
1569
1558
1567
1557
1560
1565
1007
1558
1570
1560
1549
1567
1548
1564
1555
1546
1549
1570
1551
1571
1566
1553
1542
1581
1563
1565
1570
1556
1560
1564
1565
1545
1565
1557
1574
1570
1562
1555
1578
1135
1545
1571
1572
1548
1543
495
1558
1572
1569
1483
1576
1576
1542
1561
1571
1574
1565
809
1550
1550
1569
491
1550
1559
1567
1545
885
1565
1559
1583
1557
1570
1566
1569
1556
1288
1119
1552
1566
1554
914
1554
1558
1567
1556
1567
1579
1569
1575
1556
1547
1547
652
1569
1584
1566
1552
701
1551
1533
1566
1576
1561
1555
1548
1557
1556
1554
1551
1566
1549
1541
1574
1577
1560
1572
1561
1554
1564
1434
1564
1555
1565
1553
1548
443
1558
1552
1563
1550
1558
1554
1573
1569
1560
1562
813
1561
1570
1343
1536
1554
1571
1395
1556
1561
1542
1572
1544
1567
1556
1558
1580
1553
1563
1555
1561
1570
1554
1563
1563
1553
1557
1545
1572
1560
1549
1571
1566
1554
1130
1565
1570
1569
1571
1564
1561
1564
1568
1574
1575
1548
1574
1567
1555
1572
1565
1552
1553
1573
816
1571
1552
1559
1568
890
1436
1555
1556
1558
1552
1573
1546
1307
1568
1567
1561
1570
1561
938
1590
630
1556
1564
1561
1557
1548
1541
1571
1563
1549
1578
1555
1568
1556
1556
1574
1553
1570
1553
1552
1576
1562
1565
1572
1579
1546
1575
1566
1564
1566
1565
1566
1527
1557
1548
1576
1565
1501
1571
1172
1575
559
1567
1549
