2974
2990
3014
2949
2987
2984
964
2995
3018
2990
3018
2529
3015
3008
3028
3031
648
2961
2993
1547
2998
2961
3007
3033
2992
3009
3022
2968
3014
2998
2979
2974
3028
611
3007
3023
3030
2966
2978
3032
3016
3032
3001
462
2987
3008
3009
3013
3004
3022
2957
2990
2996
2893
2991
2998
3007
3015
2974
3011
2995
443
2990
3005
3022
3017
3003
3022
3036
3000
2991
2993
3013
2998
3014
2996
3008
2994
2986
2995
2906
2992
2954
3004
2976
2998
3015
362
3009
1907
2992
3006
2969
2963
2975
2997
3008
3008
2967
2972
880
2997
3009
3036
2989
2989
3011
2996
2992
3013
3015
2978
2989
3034
2960
3015
2974
2982
2920
2887
2965
2976
3009
2994
3006
2997
3009
3020
348
3017
2979
3003
2982
3010
3000
3000
3001
2996
2996
3019
3011
2994
3031
2992
2973
3016
3014
3028
3016
3026
3002
2988
2997
3026
3017
2973
2994
2973
3025
2919
2981
3005
3022
3024
2181
3032
2301
1694
3021
2969
3007
536
610
3010
3020
3011
3032
3002
3009
3012
2966
3014
3014
2995
3041
2989
3008
3012
3026
3015
1769
3017
3017
3024
2925
3030
3003
3011
2973
3046
683
3027
2996
2971
2995
3011
3020
1234
3004
2993
2993
3004
3028
3005
244
3019
519
813
3019
2543
2556
2997
2964
3030
2970
2994
352
3020
3003
2983
3020
3013
2999
3014
2988
2518
2978
2991
3008
3080
2983
3011
2934
3005
2997
2018
3012
3012
2990
2999
1488
3004
3045
3020
2981
3015
2999
291
3006
3003
3014
3044
2981
2994
2946
3003
3080
2799
2976
3017
2997
3016
3026
2990
2991
3025
2988
3016
3009
2993
3024
2934
2992
2989
3002
2999
2894
2962
3033
3006
2981
2944
3005
3013
3031
2995
3006
2959
3013
2972
2997
2958
2998
2997
2814
3005
2599
2984
1124
3014
2988
3026
3002
3009
3018
2971
2979
3021
2991
2703
887
3009
2826
3014
3015
2997
3002
2728
3072
3008
3006
3005
2986
2803
2906
2986
2970
1484
2989
3011
2998
3043
2972
3030
3007
2974
3066
3001
2977
3037
3012
3003
3007
3013
2985
2993
3029
2991
2992
2971
897
2996
973
2991
3014
1675
266
1894
2947
2803
2987
3011
3020
3035
3031
2895
3014
3022
3007
3005
2975
680
3000
2995
2724
3025
2983
1821
2994
3005
2971
3006
2996
2912
3029
3001
3012
3031
3013
3006
2981
2998
2953
2711
2990
3010
2607
3004
2971
3048
3028
2993
2998
3013
2990
2002
3031
3015
3007
3030
2376
2965
3026
2983
2961
3017
3018
2991
670
839
3006
3024
2966
2944
2999
2969
2982
2985
2993
2972
2733
3014
2993
2997
2995
2995
2202
3035
3009
3015
3011
2966
3020
2980
2993
2997
2954
2979
2992
2989
2981
790
2991
2993
2975
2964
2931
3006
3015
3058
2981
2994
526
3009
3001
3036
3016
3023
2999
2990
3010
2971
3018
3035
3011
3007
3008
3008
3002
2974
2996
2998
961
3004
2997
3043
3021
2983
2981
2976
3084
3020
3011
2961
3020
3006
3028
2968
2989
3012
1286
3008
1052
2999
3022
3030
3028
3015
3039
3015
2997
3004
2989
3005
2920
3010
2720
3047
3015
2968
3014
2071
2857
3006
2997
3009
3023
2996
2591
3001
2944
3028
2973
2965
2990
2981
3014
3014
2997
307
2976
2886
2992
3010
2984
3015
3003
3036
3033
3043
3006
3017
2994
2974
2958
2998
2325
2988
3012
3004
2990
2623
1860
2994
2974
1899
2991
3032
3013
2962
1501
3014
3025
2981
2997
3028
2976
3018
2993
2985
3009
2985
3012
3002
2663
3006
2961
2974
2995
3006
2995
3006
2994
3024
2998
3013
3004
3012
1205
3035
2985
3014
3047
3034
3014
3012
3002
3003
2995
3010
2978
3116
2977
3002
2982
2990
3006
2979
3010
2615
1179
3013
2996
2942
2957
3009
2144
3021
3018
2996
2991
2049
2998
3004
3025
2981
3029
2977
3013
2983
3015
2985
3010
2996
2994
2995
3019
2986
980
2390
2974
3022
2997
2966
2984
3004
3000
644
3003
2986
469
3009
2983
3012
3025
2988
3028
3029
2969
3002
2994
3034
967
2993
2212
2977
3019
3009
3023
3001
3011
2991
2995
2990
2962
2961
3018
3012
3000
3084
3013
2994
3008
3000
2673
2988
3018
2972
3005
2984
2964
3011
2974
3004
2978
2105
3000
3011
3029
2042
2989
2997
2999
842
2994
2992
3000
2971
3019
2997
3018
3003
3005
2607
2990
2990
3087
3035
2990
3055
414
3012
2965
3004
3037
2900
2997
2989
3015
2151
2982
3020
2992
3024
476
2974
3011
3019
3013
3021
2996
2992
2984
2993
3002
559
3007
3002
3014
3007
3001
234
2972
2967
3012
2988
2982
2971
2957
3004
2987
2980
2826
2995
3025
2962
3001
2978
3002
2997
3009
3024
2976
3011
3005
2976
2993
3002
3018
3006
3020
3018
2996
3001
3009
3038
2965
2698
3014
1166
2977
3007
2835
3013
3022
2982
3005
2987
1128
3001
3003
3034
2993
1845
972
2979
3007
2967
2992
3007
3003
2986
2985
3010
1799
2826
3015
3006
2976
1069
3007
2999
3001
3003
2824
3002
2977
3001
1172
2956
3015
3001
736
3016
2974
1119
3018
3010
2994
2981
2578
2839
2989
1886
3010
3022
3020
2999
3001
3006
3040
2411
2999
2994
3015
2971
2975
2996
3012
2999
3033
2970
2986
3002
1634
3003
2990
2953
3028
3009
3010
2989
1472
749
2983
3018
2947
3003
2976
475
1138
248
2990
2994
3008
2985
3007
2983
3011
2953
3008
2961
3013
3009
2978
2994
2979
2974
3058
2993
3103
2992
3016
3012
3000
2459
3034
3005
2971
3025
3027
2951
3013
3014
3000
2970
2991
2974
2986
2982
2996
2983
2982
3076
3016
3007
2408
2455
2931
2987
3005
3000
3040
3007
2971
2986
2988
3009
2995
3015
3020
3007
2921
2868
3007
2992
1560
1490
3003
3010
3008
1848
3017
3026
3007
2990
2935
2998
3031
2996
3011
2999
3065
2986
3006
2998
2977
3009
3003
3001
3001
3008
2999
3029
2987
2986
3011
3007
3002
3016
3019
3002
3020
2988
2986
1974
3011
2981
3022
3016
3012
2975
2972
3010
3003
3052
2972
3004
2967
3011
3027
2996
2978
2467
417
2991
2987
2994
2993
2979
3010
2962
3087
3009
2962
3051
2997
2988
3030
3011
3008
2990
2991
3018
2853
3007
1457
3015
506
2983
2843
3000
3011
2987
2998
3015
2037
3010
1948
2995
3005
2995
2988
3029
3013
3004
2025
2982
2985
3014
923
3030
3021
2940
3013
3027
2990
2989
456
3019
3057
2996
2989
2965
2961
3046
3005
2997
668
2997
2571
3006
2963
3006
2967
2968
2921
2987
3002
2966
2030
3000
2885
2945
381
1324
3026
2995
2971
2993
3013
3002
3025
2971
2748
3010
3024
2993
3021
3014
2988
3016
2997
3018
2999
2997
2978
2976
2985
3014
1516
3024
2978
2995
3007
2954
2986
2989
2955
2993
2973
3011
2998
3001
3012
3012
2985
2989
3024
2978
2991
2979
2954
3006
2989
2991
3007
3020
2993
3026
3005
2983
1850
3000
2996
3024
3005
2994
3003
2984
3008
3031
3000
1936
2999
2988
2965
3000
3006
2996
3028
2992
2856
2967
1365
3018
3018
2995
2997
3012
2974
3016
2984
3043
3019
3031
2983
2990
3018
3002
2958
3005
2980
3018
2990
2967
2962
3040
2997
2961
3011
3018
2952
1940
3010
3004
3000
888
2990
3015
974
1157
2999
3036
3001
2510
3004
3016
3024
3036
3016
3011
2989
2974
2941
3023
602
3057
2983
2991
2988
3009
2979
3020
2985
3040
2564
3023
3013
2993
2992
2982
2995
2996
2991
2973
3029
3007
3014
2996
3005
3013
2980
3030
1970
2998
3074
2834
3033
2990
3020
2989
2240
1951
3020
2972
2987
2991
2974
2996
3015
3022
2993
3010
3018
3046
3001
1972
3016
2832
3002
3062
3003
3017
2984
3019
2993
3029
3018
2998
3005
356
3021
3001
2970
3010
3004
2996
3010
2769
3011
2997
2983
3004
3012
3009
3003
3002
2998
2970
3004
2997
3017
2994
3010
2752
3003
1093
2997
3008
3006
3008
2995
2993
2982
2987
2937
3016
2011
2971
2984
2971
1666
3011
3010
2658
3010
2992
3000
2965
3043
3028
3019
2963
3005
2797
3082
2166
2995
246
2974
3052
2991
1336
3001
3003
3005
2961
3024
3008
2341
1700
2966
2983
2962
2978
3003
2998
3001
2996
2985
2972
3029
3003
3024
3029
2953
3011
3010
3009
2988
3005
2901
3032
2981
353
2998
2974
3016
2993
3005
3028
2999
3006
2940
3008
2921
2995
3017
2958
3010
3022
3002
3001
2991
3020
2979
2345
2054
2412
3054
2989
3016
2359
3039
2974
3002
2992
3008
3009
3031
2992
2981
2611
2979
2982
3024
3014
2992
2804
3002
3032
2996
2997
2995
3004
2996
3034
3013
2159
3011
2969
3019
2967
2984
632
2986
2455
2956
3010
2957
3033
2776
2992
3002
2981
2985
2986
2990
2037
3037
1845
3031
335
3006
3004
3017
2989
3011
3000
3000
2991
347
3003
3014
2988
3014
3007
3020
2971
2988
3016
3014
3010
3023
3023
2977
2972
2979
3000
2394
3038
2990
2910
2987
2690
2993
2992
3003
3006
3013
2981
2814
3020
2976
2985
3058
3032
1712
2991
2910
2891
2975
2938
2999
3024
329
2964
2998
3017
2963
2983
3049
3030
2976
3059
3003
889
1789
2987
3001
3027
2991
3006
3014
2674
2994
3014
2993
1556
3019
2994
3023
2985
3024
2986
2951
2992
1057
2988
2987
3005
3022
3038
3008
3009
3003
2982
2998
3039
3009
3013
3001
3012
3010
1594
3003
2959
2983
3019
2968
3008
3005
3009
3000
2961
2980
3029
2991
2983
797
3016
3022
3009
2993
3060
3004
3011
3019
2939
3028
1346
3027
2992
2915
1729
3013
2951
2986
3008
3068
3003
3010
3010
2999
2871
2852
1044
2949
3068
2992
3013
2986
3010
2975
3004
2993
3015
2996
3003
2061
3005
3001
3012
3033
2999
3027
3014
3004
3010
3028
3003
3005
2997
2972
2954
3003
2999
2977
2991
3023
2980
2990
2963
244
3004
2992
3011
2945
3003
3034
2990
2973
2981
3020
3007
3019
3015
2975
2942
3006
2997
3015
3053
2984
3017
2960
3028
3018
3027
2989
3026
2982
1593
3012
2999
3003
3009
3000
2989
3017
2965
803
3044
3009
3008
2028
3032
2998
3005
1516
676
3009
3028
2999
2996
3036
2909
2973
3007
2944
2958
3043
2918
2961
2971
2951
3007
3012
2974
3024
3026
2977
398
3016
1978
2999
3007
2995
1169
3030
3022
2989
3006
2998
2658
3021
2950
3017
2863
2502
2909
2633
2998
3002
3057
2991
3030
3005
3013
3012
2938
2987
3018
2988
2997
2975
3003
2170
3027
2982
2994
2974
2978
2985
3006
2975
3016
3018
2714
1413
3017
2995
3046
3025
3008
2995
2987
3016
3031
2981
3027
2988
1632
2052
2996
2998
2990
1804
1219
2953
3010
3002
3007
3006
2988
3005
2985
3005
2999
3002
3019
2993
2983
3040
1045
3006
2986
2952
3004
2695
3022
3009
3020
3008
3011
2995
2990
2995
2995
2908
3014
2974
3008
2977
3000
2996
3009
2988
3004
2984
2988
3008
2992
2998
3001
3031
3023
3009
3006
2989
3001
2985
3015
2995
3011
2986
3024
2991
3004
2755
2977
3017
3012
2932
3004
3012
3001
2920
3018
2993
3002
2976
2600
3006
3000
2994
3021
2960
3022
2963
3020
2988
3001
3009
2621
3020
3020
2984
3014
2978
501
2988
2960
1418
2938
3006
2990
3065
3002
2995
3028
3029
2825
3000
2987
2984
2977
3022
3019
3010
3066
2965
2986
2931
2978
341
3032
3022
1221
3007
2968
3009
3003
2995
3024
2538
3064
2985
3009
2244
3002
3029
3014
2027
1954
2996
3040
329
597
3021
3006
2725
1052
2999
3000
2906
3049
2981
2998
3012
1305
3023
2698
3030
2995
3015
2933
3016
3013
3017
3002
2990
324
2983
3008
2814
2992
2978
3027
3019
2989
2967
3032
3007
476
2998
3003
3010
3017
2686
2986
2972
2964
3017
2912
2981
2361
3015
2998
3044
2983
3002
2995
932
2943
3006
2966
2961
2976
616
2986
2996
3005
2977
3002
2998
3013
3010
2978
3001
3006
2989
3015
3013
2986
3020
2991
3014
3002
2993
2992
1449
3029
3018
774
2989
2946
2986
3000
3007
3001
3044
2991
3019
1328
3009
2999
2653
3006
2976
3039
329
3051
1896
2947
2972
2974
2955
3002
3013
2993
3004
3008
3013
3022
3013
3056
2995
3015
2978
2977
2977
3015
887
3012
2985
2970
3009
2979
3019
3003
3022
3022
3001
3033
2990
2996
2968
899
407
2965
3001
2494
2994
2967
3001
3021
3024
316
3001
3032
3003
3023
2980
2983
2952
2998
3002
3095
2997
3081
3016
3018
2993
2966
3028
2928
3013
3001
2909
3027
2994
3002
2978
2990
2999
1008
3000
3025
1982
3101
3066
3019
3013
3007
3015
2988
3010
2948
2995
2999
3026
2998
2992
2967
2997
3016
2833
3004
873
3041
2994
2417
1469
2974
2997
2994
3009
2999
2180
3013
3001
3026
3019
3015
1929
1970
2979
1244
3029
2992
3002
3028
2987
1613
2967
3043
3007
2988
3000
2979
2998
1742
2967
3004
3004
3010
3008
2994
2956
2984
2992
3013
3026
2984
2995
3021
583
2987
2970
2988
2995
2834
2989
2991
2987
3008
2984
3008
2991
3079
3019
3007
452
2385
3020
260
3017
2991
2973
3011
3029
208
3009
2981
3012
3014
3005
3024
3035
2999
3009
2998
3009
3035
2973
3004
2999
2972
3026
3007
3031
3015
3007
334
3009
3006
3044
2993
2980
2976
3008
3008
2899
3014
1512
3019
2997
3019
2975
3013
2886
2993
2654
2999
3013
2995
2990
2846
2947
2990
2990
3035
3014
3002
2983
2988
2980
2998
2993
2951
3004
2996
3005
2994
2970
2986
2988
2991
3002
2976
3010
3008
3042
2564
2986
2619
3003
2977
2973
3020
2988
2965
2991
3049
2998
2985
3026
3010
2043
2998
2990
3009
2287
3026
3001
3023
2965
3010
2843
2980
2953
2997
3005
3020
3027
971
3035
3002
356
3000
3014
3007
2926
3004
2389
2954
3014
2961
3009
3026
2458
3001
3002
2995
2981
3004
2982
2992
2824
2897
3031
3020
219
3009
3008
3061
3013
2966
3016
3022
2977
3009
3024
2996
2977
1617
3001
3005
2980
948
2993
2979
2999
3018
3000
3033
3010
3014
3005
2977
2832
2982
2988
3025
3016
2949
3016
395
753
848
3009
3020
2976
2989
3004
2962
3006
2948
2987
2985
3025
3003
3023
2997
2960
3004
3020
2981
3044
2677
2979
2988
3005
2990
3031
2998
2985
2882
3008
3005
2999
2404
3014
3007
2985
3002
3008
3023
2998
3028
3076
3041
2972
2991
3009
2220
2996
3005
3000
3012
2988
2993
2889
2868
3038
248
3002
3000
3002
3021
1909
3020
2996
2940
3007
2985
3074
3014
3044
3002
2996
2998
3006
2966
3019
3008
2979
3024
2988
2997
3005
2881
3015
3008
3004
3005
3020
1655
3006
3017
3045
2987
2102
3007
2290
2743
3005
2991
3001
3003
3015
3029
2994
3031
3014
3010
2975
3022
3001
2993
3002
2934
3000
2985
3039
3028
2978
3035
3019
2995
3044
2991
1292
2636
2949
2999
3071
3004
2994
3014
2997
2988
3008
2981
3023
3020
2980
1349
3015
2337
2992
3000
3019
3028
3012
3023
3013
2201
2996
3005
1316
3011
2992
3018
3014
2722
3020
3030
1428
3007
3004
2977
2959
2983
2985
3013
2994
3027
2963
3020
2998
3021
2949
2375
3038
2953
2998
2994
3011
258
3004
3024
3017
2953
3025
3008
2999
3009
2997
3030
3007
2717
1863
3020
2982
3002
3030
3024
2996
3042
3025
2972
2980
3016
3038
2996
246
3004
3019
2909
3067
2964
3009
2999
2970
2981
3004
2628
3014
3005
2986
1482
3007
3027
2997
3026
3008
3036
3011
620
2289
2991
3015
3008
2983
894
3008
2984
2983
2962
3013
3031
3003
3029
3023
3004
2997
2977
3027
2995
1754
2970
3026
3007
3000
3007
3016
3010
1650
2974
2988
3002
614
3028
2980
3010
2968
3016
2476
3012
3022
3021
3027
2383
3006
3017
2992
344
3030
3070
1210
2717
2993
2994
2952
3076
3008
3018
3053
3028
3011
3008
3003
2116
3034
2940
3009
3004
3017
685
3011
2994
2974
3005
2964
1060
3004
2571
3020
3017
3053
3025
3024
3019
2908
2987
3024
2980
2990
3049
2993
3019
2973
2796
2997
3012
3028
3012
534
2993
3001
3007
3014
3023
3000
2998
2999
3030
2994
1932
2985
3006
2790
3015
3003
3008
2861
2990
2949
3032
3004
2974
2999
3000
3023
3000
3020
3020
309
2991
2996
3007
2943
3007
827
3073
3001
2989
3017
3004
2992
2991
3023
574
2992
2961
3014
2997
2985
3007
3000
2988
3029
3006
3008
2833
2981
2982
2983
2977
3011
2951
3010
2979
2989
3016
3005
3025
3085
2975
3019
2989
2995
3000
1065
3009
2958
2994
3001
3007
2991
2989
241
2983
3006
3015
2983
2978
2933
2983
2981
3012
3020
3013
2977
3000
3005
3008
3012
2813
2998
2999
3049
3032
2973
2971
3006
3014
3017
3031
3018
3020
3007
2994
3036
2271
1932
2985
677
3002
3007
3022
3000
3002
3007
2942
3009
2949
2983
2972
2993
3002
1649
3030
2985
267
2949
2985
301
3010
3012
2994
2991
3028
3010
2993
2991
3022
1246
3001
2992
3030
2993
1671
2994
2997
2824
355
3009
2982
3001
2967
2994
2985
2998
3033
2999
2995
1606
3015
3000
3011
2943
2996
2978
2196
2967
2996
2996
3009
2977
3021
2946
2992
3020
2983
2781
3014
3020
2993
2978
3007
2995
3022
3035
3080
3008
3003
3026
3022
3017
275
2992
3012
2977
3009
2988
3023
2993
2917
2907
3026
3016
2999
3005
3003
2996
3019
2997
2807
3013
3039
3028
3006
3036
2974
2981
3011
2098
3016
2992
2999
3067
2931
3007
3024
2970
2986
2993
2926
2999
2990
2993
3025
2981
3023
3031
3063
3000
2996
3018
3007
3021
3032
2998
3021
3009
3025
3023
2564
3008
3008
2976
1500
2781
3003
3014
3016
2999
3047
3008
2993
2919
3014
2997
2986
3016
3003
3005
206
2997
2843
3009
2781
3011
3011
1025
3006
3010
3025
3009
2983
2988
3024
3014
3026
3042
3010
3027
3003
2996
3008
2998
3025
3062
2973
3014
2991
3021
3013
2976
2990
2984
2988
3004
3021
3034
2778
2895
2972
2986
3007
3006
3009
3000
3015
3007
3014
2991
1107
3009
2986
2991
3008
2723
3026
3013
2965
2967
3009
3036
2989
2988
3002
3022
2971
2999
3018
2979
3031
3028
3018
2968
2987
2898
2983
2999
2994
3005
3002
3027
3014
3021
2997
2256
3012
2561
3018
2979
1859
3004
3007
2973
3023
2977
2978
3016
2703
2968
328
252
3014
3020
2982
2621
2994
2980
3005
2976
3003
3009
2992
1964
2910
3013
2994
215
3031
3020
3005
2993
3005
2981
2762
3024
3034
1776
2975
3023
2992
2981
3031
3010
485
2977
3027
2520
3008
1394
2977
2966
3073
2981
2998
3015
1020
3012
963
2975
2999
2967
2915
243
2973
2986
3020
3005
2967
2989
2990
3017
2992
2998
3040
1774
3026
2968
3012
534
2998
2991
2919
2971
3016
2974
3004
3015
3032
3029
3016
3029
3001
2998
2989
3018
2390
2964
2993
2985
3023
3023
3026
3013
2401
2985
1747
2905
2989
3023
2993
2983
1420
2990
3016
3041
2992
2062
3009
3013
3034
3000
3011
3005
2989
1872
3021
2986
1087
2978
2988
2175
3003
3007
3010
2990
2963
2992
3007
3009
2991
3018
2970
2986
3020
3000
2975
2933
3000
3020
2631
3011
2986
3012
3008
2973
2981
3016
2933
3000
2955
2992
2999
3011
2222
3017
1225
2978
372
2716
2998
3007
3006
2981
2981
3022
3015
3026
3013
2989
3004
3017
3008
3031
2984
2995
3009
3003
2995
279
2980
2999
3023
2993
2984
3023
3102
1149
3045
2948
3020
1474
3017
3014
2977
1024
3024
2248
2985
3020
3002
2989
2997
2995
2881
2668
3007
2954
3004
3016
3009
3018
2988
2989
3071
3004
3013
3003
2977
3021
3010
3061
3006
3002
2978
355
2982
2998
2994
3039
2930
3012
3027
3000
2996
2993
2966
2982
3011
3022
2962
3035
2999
2974
2988
3000
2979
2980
3025
2761
3010
1337
2131
2992
3035
3034
2964
3005
3016
3028
3025
2977
2971
3042
3000
3008
2985
3032
3021
2941
2959
2875
3016
2997
2850
3000
3015
2999
3014
3005
2996
3031
2983
3056
2999
2994
3008
2852
1962
2748
2967
2999
2988
3031
2982
3000
3081
2988
3009
748
3017
3000
3003
3029
289
2991
3013
2980
3021
3014
3034
3001
2998
3010
3002
3024
1373
3015
2999
476
2996
2955
2980
2998
3015
2982
3002
2956
2989
2983
2988
3002
3054
2694
3015
1825
2996
2992
2995
3011
2978
2976
2992
3003
3012
3016
2982
2856
2996
3003
2990
2987
2986
2926
3061
3020
3020
3011
2984
3033
3003
3008
3010
2980
3005
3003
2999
2231
2132
2984
2987
835
3006
2979
2849
2211
3019
3018
2977
2991
3009
3027
3001
2982
2991
2988
3026
3007
3013
3014
3005
2962
3016
2980
2976
2975
3012
3015
2645
3015
921
2966
2984
2998
3023
2999
2965
3005
3012
3039
2570
3030
2997
1653
2397
2985
445
2971
2977
2979
2982
2997
2959
3097
2947
2940
2912
2996
2555
2993
2970
652
3031
2985
2951
3021
3011
3008
3004
2982
3001
2986
2999
3006
3032
2986
3028
2959
3022
3033
2968
2975
2982
2944
3047
2992
3011
2996
3025
2979
2999
3001
3023
3012
2978
3093
3029
3012
3003
3009
3012
3013
2993
3010
2952
3009
2991
2986
3002
2962
3023
1223
230
2988
3006
3025
3000
3005
3016
3069
770
2974
2982
2991
3034
2928
2992
3006
2989
560
3038
3018
259
2992
3023
3034
3025
2978
2677
3019
3000
3065
2977
2999
3014
2958
3029
2982
2997
3028
3036
2994
3031
3004
2957
2966
2842
3005
2967
2895
2977
3018
231
2980
3029
3019
2974
2991
3001
2986
3010
2983
2961
2981
3001
3016
3015
3030
2972
2989
3023
1673
2958
2979
3015
3015
3007
3002
2997
2970
3006
931
3027
2958
3032
3015
3029
2992
2976
3018
2907
3057
225
2999
3019
3009
2965
2894
2950
3003
2994
3035
3010
3037
2991
3014
3047
3015
2977
2982
2975
2976
2954
2833
2702
3007
3002
2076
2766
3007
3005
3021
3022
2979
3059
2983
3009
3005
2955
3022
3002
2976
3000
3006
3009
2989
686
3013
2980
3035
2991
2989
2989
3030
2999
2965
3040
3023
3024
3049
3044
3003
3004
305
3017
1930
2962
3010
3000
2988
3014
2934
1767
3004
2304
2999
2998
2998
1271
3009
3010
2999
970
3020
2914
2999
3018
2999
3029
2966
597
3019
3001
3010
3018
3030
3021
3022
3013
3018
2966
2550
3019
2991
3029
2979
2990
3006
3012
2978
3003
2090
2992
2999
2967
3011
3012
3002
3018
3005
435
2995
3030
2982
2952
2668
2843
2977
3008
2964
3019
2802
3013
1438
2310
211
3005
3017
3017
2971
2990
3001
3017
2990
3014
2973
1098
2979
2944
2854
3015
3025
2984
3006
2998
3007
2995
2838
3018
3018
2892
2986
2979
3001
2963
3010
3002
2987
2968
1163
3010
2986
2985
1494
2998
2976
2996
3016
3008
2969
3003
2447
3009
2767
3008
2904
3000
2602
2980
2988
225
3020
3012
3009
3025
3005
2982
3033
3000
1140
320
2184
3010
2997
2926
2970
3012
3049
3001
3010
2982
3008
3000
3011
2984
2548
3015
2989
3002
2971
2974
3022
3010
2980
2984
2994
3016
3011
2803
3021
2900
2989
3006
3015
2967
2993
1397
2966
2999
3013
3012
2993
2995
3026
2990
3008
3006
3019
2972
3013
3009
3023
3004
2968
2993
2990
3004
3010
2978
2981
2994
268
695
2140
3001
758
2997
3004
2974
2975
2975
375
1388
2990
2774
2993
3000
3026
3029
2558
3007
3010
3011
3019
2983
3002
2989
3002
3008
3012
2979
2704
3004
2937
2953
2988
3079
2987
3021
3004
3006
2998
2991
3003
3004
3014
2994
3011
3030
2613
2986
3006
2951
3010
3004
3015
2969
3005
3074
3023
3027
2910
3007
2971
2600
3003
2990
2997
258
1796
3013
3015
1451
2997
2995
2983
2993
2990
3077
1098
2978
3005
2974
2989
2982
2992
2983
3023
2996
3018
2996
3039
1944
2977
3003
3001
2410
2993
3003
3000
3001
3026
2996
2815
2997
1368
2999
3003
2980
3002
2975
2993
2988
3016
2964
2999
2847
3025
3006
3019
2985
2971
2999
2991
2977
3020
2996
3008
3057
449
2455
3009
2971
2740
3021
2989
2970
2978
2969
2982
3002
2996
2991
3004
3033
3020
2157
2943
3034
3003
2999
3076
2990
938
3000
3028
3034
3024
3018
3022
2973
3013
3070
2994
3001
3002
3000
3036
3005
370
3013
3023
3012
2991
3024
714
1788
3018
2974
3031
3016
3008
2988
3062
2997
2968
2996
3014
2991
3003
2975
2992
2843
3028
3013
3036
2975
2992
2683
3010
3006
2992
3009
2983
3005
1259
3049
2978
2977
3019
3008
3015
3016
3014
2976
2572
3044
3019
2982
2967
3000
3007
3021
3003
2987
3008
2976
3008
3012
2985
3011
2989
2994
3008
3011
2964
2624
2997
3028
3020
3012
3007
2912
3053
297
2960
1237
2989
3029
2994
3027
3022
3011
2950
3042
2126
3003
3007
3018
3002
1656
2983
2729
2995
2996
3008
3008
2974
3013
2997
1499
3017
2981
2930
2959
3018
2973
3009
3005
2996
2961
2995
3014
3016
3000
2990
2892
3006
3014
2971
2992
3037
2958
531
3006
2917
3025
2138
2977
2983
3005
3028
3025
3000
3043
3009
3095
2997
3012
2985
3012
3016
3021
2295
3002
303
212
2993
3015
3013
2976
2999
3012
1045
1798
2997
3004
3036
2971
1845
2988
2766
3004
3021
2384
2991
2987
3022
3008
2119
2999
2962
3023
2997
3029
3012
3016
2958
3005
3018
2998
3021
3023
3005
3010
2990
3012
3021
3049
3014
2697
2956
3030
3005
2983
2998
3027
3025
3018
3012
2957
3012
2349
2999
3003
812
2983
2956
2858
3022
2976
3035
3048
2756
3033
312
2994
2972
1066
2998
2946
3022
3001
3022
2980
3000
3012
3006
2984
3024
2962
3005
3010
2975
1125
1806
2800
2984
3006
2942
2971
3024
3025
634
2996
2979
2952
3091
2991
3020
3017
3006
2964
2984
2979
2954
2997
2955
2985
3018
2970
2990
2993
2627
2992
2164
2956
3002
2387
2994
3025
282
1696
3021
3015
2982
2985
3012
2840
3070
3020
2397
698
2980
2992
3020
1201
3013
3030
3000
2992
2973
2994
3000
3031
2318
3009
2845
3007
2991
2445
2995
2981
2858
2993
2990
3004
2949
2815
2722
2999
3021
3010
2977
2982
2635
2988
2994
2980
2986
2984
3003
2977
860
2976
2983
3027
3019
3005
2996
3012
3025
2798
2799
2999
2981
3054
2986
3003
3003
2992
2992
3010
2999
3008
3003
2275
3012
3023
635
2986
3024
1620
1460
1376
3014
2986
2994
2775
3092
3001
3000
2780
3020
3003
2971
371
2987
3026
3002
2998
2985
2979
3002
1254
2868
2425
1181
3017
2986
3014
2989
3016
2979
806
3009
3002
3011
2998
2919
2956
3020
2994
3008
2995
3007
2977
2950
2913
2986
3000
3023
2993
1746
2867
2981
3009
2996
2995
3004
3011
3004
2945
2988
3012
3009
1241
2981
2992
2769
3024
2958
3003
3008
3009
1112
2940
2798
3013
1744
2864
2995
1146
3009
3019
3010
3003
2996
3008
431
2977
2955
2989
3027
2984
2997
2978
2993
3002
2967
2990
2959
1721
2985
2969
3010
3002
3014
3015
3008
3020
2966
3043
2980
1900
2982
3019
2996
2990
2598
3005
3030
2993
2557
3005
3023
3034
1322
3009
3007
3036
2986
3000
1401
3018
2406
2990
2449
978
3021
3068
2976
260
3041
2995
2988
2979
3023
2966
2988
3005
2931
3011
2971
917
2979
3013
3003
2987
3026
3030
2923
3003
2993
2978
2991
3019
2993
3004
3017
2991
2991
3068
2947
2752
3020
1562
3002
2992
2995
3002
3009
2990
2980
1313
2990
2994
2989
3018
2951
2380
2986
915
2998
2985
2986
3008
2976
2340
3011
2850
3015
2962
757
3017
3002
3004
2989
3027
3014
2690
2803
2978
3015
3026
3005
2984
3030
3018
3021
2982
1025
2974
2971
3018
2957
2970
767
3000
2989
2987
3002
3004
3027
245
2994
3017
3024
3006
3017
2993
2992
2005
343
2979
3022
2966
3022
2098
2999
2639
623
3011
3020
3011
2948
3010
2876
3024
2994
2967
3013
2957
2979
2989
3004
2991
2800
2999
2954
3022
3009
2987
3025
2985
3019
3015
3019
3009
2977
3037
3009
636
2987
3010
2999
2937
2993
2987
2997
3013
3011
2991
3020
2982
2998
2986
3035
3001
1373
1780
2511
739
2785
3047
2987
2986
3036
3025
3018
3000
2799
2554
3016
3008
2499
2992
2972
3009
2946
2981
2993
3008
1968
3003
2975
2987
2991
2999
2994
3003
3003
2959
3011
3031
3028
3004
3016
3023
2981
2978
3003
2940
2995
3001
3009
972
3001
3016
2936
3016
3036
2995
2112
2977
2963
3000
3006
3014
3022
3013
3001
2977
1249
3038
2987
2992
3023
2993
3029
3010
3018
2918
2992
2876
3000
3015
3014
3001
3006
3022
2991
2970
3027
3003
3015
3008
2984
781
3009
2993
2988
2994
1342
2991
2981
3030
2975
2967
2986
3035
3020
3002
3014
2997
2156
3022
2467
2975
2951
3002
3107
3029
2982
2989
2992
3006
2965
1116
1774
2249
3002
2993
2973
2961
3011
2996
2991
2983
2991
2272
3024
3003
2968
3009
2990
3010
2959
3013
3029
3022
2995
3008
3010
3008
2934
2990
3081
3004
3008
3019
3011
3021
2317
2999
2988
1540
3040
2998
3007
3012
3016
2930
3005
2989
2987
3013
2997
3010
3026
2416
2998
3005
3025
2992
290
2992
3010
218
3021
2975
2974
3039
3019
3001
2987
2988
2975
2874
3021
1465
2986
2909
3025
3077
3008
1774
2918
2969
3003
3021
3006
2995
3008
3010
3026
3019
3010
3069
2971
3040
2997
2989
2998
2992
3031
3005
2984
2999
3016
3049
3018
3013
3026
248
1269
3016
3002
2900
3030
3078
2985
2998
2996
2993
2951
2961
359
3043
2990
551
2983
3012
2994
2998
3079
2990
2973
2982
3024
2993
3005
3012
3031
2519
3009
3002
3014
2773
2988
3030
3082
2999
232
2991
2974
3002
2990
3030
3012
1664
2938
2965
3017
1729
2992
1423
3006
3002
697
1632
769
3029
2975
3045
3031
3002
1284
2696
2980
3015
2999
3022
3031
2946
2994
2925
2996
3021
1957
3010
270
3024
3010
2987
1248
2961
3030
2009
2965
3023
3021
1903
3015
3000
2850
2823
633
1346
3028
2997
2977
892
2976
3017
3010
3008
2998
3010
3027
540
2990
2992
1428
2273
3025
2980
2956
3002
3009
3005
2419
3009
2972
3009
3002
3003
1781
2996
2990
2998
3015
2985
3004
934
3018
2987
2954
3006
3013
3008
2976
2525
3028
3025
3016
3015
2987
692
3011
3005
2977
3014
3031
3012
3010
3032
2971
2995
3015
2997
3035
3003
2518
413
2873
3003
3007
2984
3029
238
3005
3021
2961
2991
2998
2953
3021
3001
3037
3002
3002
3011
2167
2824
3019
2996
3000
3028
2998
2991
2988
3005
2979
3007
2990
1814
2938
3016
2964
1531
2999
2996
2950
3002
3026
3014
2979
3010
2999
3016
3055
2937
2985
1672
2955
2966
2996
2987
3023
3020
2953
3005
1024
3004
3000
3018
2990
3015
354
3025
2983
3006
2878
2996
3006
3008
2986
2956
2921
2982
3022
3036
2984
2780
2976
2968
2984
2995
2979
3021
2996
2950
2994
2991
3073
2979
2999
2984
3014
3076
3036
3024
3008
3017
2995
3007
3008
2996
2998
2989
3006
3026
491
3017
3014
3032
2990
3010
2893
2531
2984
3026
2977
2978
2988
2988
3015
2997
1840
2979
3024
2907
2971
3010
3041
2845
2997
3024
2968
3008
2990
2988
3013
3010
1940
3043
2982
2996
2999
3027
3015
3015
2980
2989
2371
2999
3014
2978
2995
2969
2987
2925
3028
3010
2995
3022
3010
3012
2993
3000
3009
3013
3003
2814
2996
3015
3010
3027
2996
3009
3032
3004
2927
2968
2966
2705
2467
2972
2843
3051
3038
3018
2955
3008
3011
3001
2990
3001
2982
2998
3003
3003
3025
3018
2968
3004
3018
1135
3007
2949
3031
3036
2967
2995
2954
3019
3002
2989
2996
3017
3028
3008
3089
3011
3012
2975
3025
277
3016
2968
3011
2999
2683
2977
2992
3009
3012
2998
3017
2993
2984
2975
3018
3013
2980
2989
3004
3039
2999
2942
2995
1490
1532
3025
3014
2996
3009
2991
3021
3005
1401
2998
3018
3056
1810
3025
2980
2989
2935
2990
3001
2992
3008
3008
3040
2965
3003
3001
3022
569
3015
2992
2954
2968
2968
3022
2961
3024
802
3007
2967
2936
2827
2019
3001
3002
2944
3021
3031
3020
2992
3001
2994
2993
3041
3005
2932
2997
3022
3009
3053
2992
3013
3002
2999
3018
2969
3004
2993
3021
3015
2392
3003
1154
2995
2992
3011
2993
598
2983
3014
2999
2988
3020
3007
3013
2943
2987
3015
2988
2966
2975
2394
2998
3009
3000
3010
3026
2978
3019
3009
2690
3008
3014
2998
3000
3013
3011
3009
1175
3000
2998
1475
3039
2996
1513
3014
3004
282
541
2998
2775
3013
2992
371
3001
3007
3015
2989
2988
1351
593
2991
2989
3004
564
3003
2901
2959
2967
3007
3034
2244
2988
3002
1846
3003
3012
3009
2957
1822
3003
3004
3014
2994
3010
2997
3030
3043
2997
3010
2995
2937
2971
2990
3012
2982
3035
2980
2193
3024
2968
3011
3043
3030
3029
3032
3031
2970
2917
2929
3022
3051
3014
2996
2929
3001
1952
2962
3003
2985
3046
2961
2978
2997
3017
3005
2990
2067
3005
3022
3054
3014
3013
2986
3018
2991
1855
3019
3039
2974
2997
2997
3017
2978
1668
3019
3007
3027
3012
2908
2935
3025
3033
3021
3024
2983
2919
3013
2999
229
2986
2976
261
2999
3011
2975
3014
2980
2958
2984
2587
3008
508
2978
2959
3006
3006
2964
926
3009
3007
2998
2848
2545
3005
3007
2993
3003
2985
2997
2985
2978
2971
3016
3021
3005
3010
2993
2995
2243
2995
3056
2992
3012
2925
2997
2958
3023
3014
640
3031
2992
3013
2979
1166
2980
2975
3014
2994
3006
2997
2996
2984
3009
3007
3005
3003
2992
3032
2984
3022
3052
2973
3000
3060
2961
2998
2995
2992
2979
2924
3010
2962
833
3002
2990
3017
3009
2980
3008
3002
2962
3021
3001
2997
2982
3017
2993
3009
3011
2994
2958
2990
3007
2989
2995
2979
255
2400
2977
3031
2998
3013
2990
3030
2999
2967
2970
2987
2452
2983
2986
2990
3024
3027
899
2997
2863
3008
2965
2979
3040
2990
2963
2991
3076
2945
3003
3017
2967
3010
3038
3013
3042
2997
2985
2966
3019
2992
3089
2970
3002
2982
3005
3014
277
3003
1270
2978
2996
3008
1727
3025
3013
2995
3004
3037
3015
3090
2984
3025
2990
3004
2999
3002
3004
3005
3010
2209
3002
2989
3023
3011
3008
3034
2993
2970
3014
2997
2995
3005
256
1994
2997
2972
3030
2964
2982
3000
2919
2998
3007
3040
2387
3031
2997
3034
3028
3030
3063
3000
2969
2980
3001
2976
3010
2996
2948
2920
913
3010
344
2996
3003
2994
2026
2508
3018
2995
3012
2922
2643
3002
3028
3001
3008
2039
2961
2988
2943
2996
3004
3015
3027
3022
2108
1490
2984
2890
3016
2986
2631
2826
2985
3021
3007
2994
2976
2992
3010
3001
1182
3018
2994
1007
3001
2836
3010
2998
2975
2987
2978
2995
2841
3026
3027
3000
3026
2909
2635
2428
2337
3005
3013
2996
3019
3025
1560
2993
3005
2963
3023
3004
2953
756
3026
3008
2999
3030
3003
3010
2994
2992
2998
3007
2832
2992
2895
3003
3025
3035
2921
3025
1185
2911
2985
2995
2997
3018
2083
3004
477
2993
2984
2983
3020
3013
2968
2690
2956
2987
2998
2976
3038
2981
3040
233
3021
3024
2962
622
2997
3016
2988
2980
2890
2993
3016
3014
2974
2996
3004
1293
3001
3011
3003
2978
3007
865
2986
2992
2872
2986
3022
3010
3001
2965
3003
2996
2993
3004
2994
2995
2992
250
2999
3020
2964
3029
3022
3058
3015
2997
3026
2948
2993
2963
3003
3027
3030
2989
2279
3022
3003
2914
2975
1961
3013
2994
3029
2979
2965
2997
1580
3012
3010
2991
2978
3005
3000
2999
3001
3019
2184
2989
3043
211
232
2990
2997
2995
2872
3001
2995
2940
3013
2976
1432
3006
3015
2999
3013
2997
3010
2988
3006
3043
1727
1703
3069
2978
3019
2888
3057
3001
3007
2982
3030
2988
2995
2930
2996
2956
3011
230
2988
2997
3009
3000
2986
3001
3003
3000
270
3021
2990
2972
1026
2978
3024
3031
2953
2977
3003
3014
3029
2981
2994
2998
3004
2426
3016
2956
2994
2998
3020
2998
3012
2997
3028
3000
2962
1019
3005
3022
3017
3009
3016
2974
3005
3013
2993
2973
3011
3027
2988
2961
3005
3016
2999
3007
2953
3026
2986
3026
2985
2978
3020
2076
3017
2993
3088
3022
3023
3028
3074
3026
1294
3017
603
3000
3079
3010
2564
3015
2987
3023
2970
2484
2538
3009
2984
2998
760
2854
3008
3018
2950
2971
2999
2990
2971
3011
3009
2932
3027
2990
2998
3043
2998
2973
2992
3023
2946
3016
3017
2992
3016
2984
2983
2889
3001
887
3029
3018
3073
2991
3008
2979
3017
2993
2967
3002
3013
2980
2996
2970
3018
3024
2971
2553
2932
2986
3010
3015
2980
3008
3016
3022
901
2997
3002
3025
2978
2995
2982
2970
2995
2995
3017
3027
3004
3024
3021
2982
3011
3018
2997
3026
3004
1882
3003
2988
339
3028
3016
2518
3005
3009
2948
3005
2969
3003
2601
3018
3006
3027
3010
3013
3020
2223
2978
2973
2978
3005
2939
2720
2994
2961
2726
2999
2974
2975
2989
2978
2991
2985
3020
3094
2993
2982
1388
2997
3008
2923
2311
3004
2986
2979
3023
2995
3027
2991
2962
3012
2978
3008
3009
3026
2966
2990
3021
3009
3019
2985
2993
2985
2989
3033
2575
2998
3026
2984
2477
2992
923
3002
3026
3006
2972
2988
2036
3026
3005
2992
2989
3030
1457
3001
3016
2995
3008
2951
3015
3000
3020
2960
3037
3016
2996
2833
2967
2992
3012
3004
3009
3018
2987
3002
2993
2736
3009
2722
3007
3028
2981
3001
2982
3049
2993
2970
3009
3009
3013
2982
2979
2998
2999
3015
3001
3024
788
254
3025
3019
2981
2772
3013
2992
2978
2905
2983
2599
2966
2968
2936
3017
1993
2997
1449
2970
3011
3018
2970
3006
2979
3011
3034
2803
3047
2984
2995
2996
3026
2966
2983
2842
2996
3035
3002
284
2976
2951
3000
3008
3002
3005
2974
3001
2991
3009
2990
3003
2997
3048
2795
2990
2995
2383
3031
3001
2956
2989
3024
2999
3035
3027
2972
2987
3023
3005
3007
3011
2968
2946
3025
2975
2895
3025
2136
3006
2999
2635
3001
2976
423
809
2962
1297
3002
1516
3034
2963
3026
671
3006
2992
3003
2994
2967
2927
2947
3012
2980
2814
3025
2939
2578
2967
2982
2992
2987
3034
2958
3000
3003
1063
2985
1121
3021
3019
2513
2966
2970
3002
2967
2935
1380
2983
3008
2985
3033
2990
3039
3006
3002
2983
596
2966
3010
2954
3008
2981
2981
3016
3019
3012
3000
3017
3011
2982
3012
3013
2960
2994
2324
2990
2834
3032
363
3040
3002
3071
2985
3009
2996
3011
2996
2521
3010
3017
3001
3005
2759
2975
3013
1526
3006
3021
3014
2926
1803
2917
3006
2695
2982
3017
2946
2985
2982
3016
2984
3033
3007
3045
2955
2982
3033
2980
452
2991
2997
2996
2988
2981
2994
2975
3023
2977
3007
2994
2996
878
2989
3008
3000
3000
3037
3025
3018
3007
2999
2980
2304
3010
3037
1789
3002
3016
2964
2997
2150
2989
3012
3027
2646
2980
2995
3014
2964
3003
3001
3024
455
2996
2979
2991
2990
2995
3007
3002
2965
3019
3039
3002
2957
3001
2996
3022
2956
2239
2996
2999
3014
3010
3005
2983
3017
2601
3005
3009
3006
2991
2925
3026
3033
2964
1013
3012
3008
3009
2971
304
3013
3021
3015
3003
3011
2016
3012
3010
3016
3022
3028
3006
3015
3010
2994
3019
3031
3027
3021
2993
3017
2988
3025
2995
2975
3075
3011
2995
2997
3078
3039
2990
1444
2989
2984
2988
2985
2948
2717
3007
3034
2997
3026
2970
1775
2795
2879
242
2783
2875
2996
2998
3014
2961
3024
2988
2992
3005
2945
3012
2978
2961
2988
3082
3022
2981
412
3019
2988
2987
3009
3008
2926
2950
3019
3017
3005
1672
3004
3006
2446
2985
3025
2998
2877
2980
2993
3027
2947
3011
2974
2796
2991
2994
2965
3008
3010
2872
1440
2889
2988
2962
3030
2484
1953
1858
2976
2983
557
3022
3034
2998
2963
2987
3004
3016
3011
2950
2995
3077
2997
3023
3001
2979
2956
3015
2992
2976
3025
2995
3022
3054
3019
454
3029
3018
3041
2993
3015
2983
3036
2975
2958
2997
2994
2973
3001
2984
3004
1384
2993
3035
3003
3001
608
3102
3033
401
2989
2958
2965
2744
3023
3000
3002
2998
2957
327
247
3002
2985
3027
718
2998
3003
1705
3018
2981
2972
3030
2995
2997
2991
3029
3001
3013
3013
2977
3029
3008
3028
3001
3011
3019
2978
303
2975
2954
1559
3000
3000
3006
2999
2928
2969
3037
3032
