3025
2913
2986
3030
3032
3087
3010
3029
3017
3021
3090
3025
3002
3010
2985
3017
3023
3009
3011
3033
3009
3017
3021
2930
3015
2996
3024
1106
3020
3029
2994
2926
3012
3013
3001
2990
3004
3025
2617
3024
3031
2977
2224
3032
3012
3041
2988
2993
3029
2917
2986
3001
3025
2994
3016
3015
3012
3043
2026
3023
2996
3008
3040
2969
3006
3039
3034
3019
3003
2954
3020
300
2151
3029
3021
3049
2957
3026
3002
2990
2999
3013
3022
3017
3051
3026
3026
1498
3027
3011
3015
2986
3045
3019
2980
2986
2959
3027
2995
3026
3001
3012
2994
3006
2985
3002
3014
1372
3006
3001
3035
2973
3001
2478
2991
160
2998
3015
2809
3014
2950
3032
3035
3033
3012
2699
3095
3017
3070
2997
3023
3011
2702
3025
3015
3039
338
3005
3025
2998
2996
3018
3008
3000
2991
3029
2999
2994
3007
3013
3001
3036
3052
3031
576
3018
2968
2748
2991
3007
3017
2944
3027
2985
2975
3014
3000
2968
2993
3022
3031
2891
3025
3004
3007
2994
2869
2988
3014
3037
2767
3028
3031
3020
3002
2952
568
3073
3029
3031
3039
2978
3009
3016
876
3018
3061
3009
3044
2981
3029
2873
146
805
738
3016
3025
2892
2986
3028
1247
2983
3004
2961
3017
2996
3007
168
1971
2991
3043
2931
3034
1269
3017
2826
3022
2989
2950
2984
2990
2238
3003
2995
2966
3016
2988
3041
3015
2928
2947
3001
3046
2991
1444
3015
2998
2996
1177
3013
3038
489
3029
3028
3016
3017
2806
3021
3065
3002
2994
3021
2999
187
3002
1229
3019
3028
2982
2980
3013
3045
3025
3006
3006
3035
3034
317
3016
3006
3034
3033
3047
3003
2982
146
320
3024
513
3014
3028
2998
3035
3036
3004
3029
3009
434
3036
3052
3023
3021
2999
2978
3009
3013
3034
3024
3019
2971
3002
2990
3028
3041
2993
3025
3017
3012
3023
3029
1228
3009
2965
2937
2704
3008
2980
2985
3006
3025
3012
2996
2985
3031
2980
2986
3002
2997
3072
3004
3014
2993
3022
3003
3012
2960
2965
3030
3019
3001
2993
3022
3010
3092
3026
3041
2898
3016
3016
3019
3023
3011
825
3012
3041
3003
3026
2941
2861
3024
3008
1827
2973
3006
1794
2985
3004
2988
3003
2966
2998
1937
3032
3020
3023
1168
3022
3000
2992
3072
2993
2926
3032
1766
3002
3012
3024
2991
3034
3010
205
2974
3002
3024
3009
2991
3000
2990
3018
2991
3027
3001
2981
3013
2998
3039
3003
2944
3020
700
3023
3044
2414
2961
1966
2992
3003
3009
2938
3029
220
3014
2986
3032
1712
3044
2428
3020
3007
3011
3006
2937
3006
3027
2948
1044
2999
3019
2977
3057
1629
2979
2991
2998
3007
3026
3022
2988
2990
3023
3030
3008
3003
2990
3008
3046
3033
2962
835
3056
3002
2996
3042
3013
3026
3012
3033
3002
3034
3018
2967
3001
3002
3013
2999
3006
3030
1378
3015
3025
3007
2995
3066
166
3036
2984
3000
3022
2979
3051
2852
2998
3026
3032
3013
3028
3035
3048
3028
2969
2995
3024
3009
3002
2983
3025
3035
3012
2997
3005
2993
488
3005
3012
2997
2865
3025
2977
3030
3003
2989
3025
3024
1944
3026
3002
3002
3020
3048
2996
3009
3000
3030
584
3009
3031
2910
3011
3018
307
3000
2982
2995
3032
3076
2966
3031
3025
2785
2937
3019
2971
2951
2978
2995
3012
2986
3009
3010
3010
3031
3004
3027
2985
2997
2985
3024
3042
3015
3018
3011
3036
3016
3013
288
3044
3025
2984
3045
3041
3004
3021
3028
3020
3041
3027
3005
2987
3020
3017
551
2976
3012
1370
3050
3019
3006
3011
3016
2996
3027
184
2990
3005
3031
3017
2961
2999
2986
2896
2999
3020
3021
2273
3029
2978
3022
3016
3015
3030
3068
2996
3051
2021
2967
2986
3019
3002
3044
2986
3009
3031
2978
3014
2994
3022
3023
2976
3041
2979
2993
2978
2984
3055
3026
2990
3005
3020
3017
3024
3030
3008
2951
2766
2999
952
3017
2995
3020
3021
2754
3027
2993
1210
3016
3018
1146
2983
3002
2993
2533
3029
3036
3024
2650
3016
3006
3019
2967
2982
2963
2995
2993
842
3015
308
2974
3038
3019
2985
3018
3017
3016
3011
2994
2975
3019
2993
2852
3008
3021
1748
2967
3016
228
2920
2241
3015
3022
2857
2948
3016
884
3018
2162
3013
3006
2677
2995
3009
3045
3001
2996
3001
3004
3012
3020
3010
852
3001
2687
3018
3011
3025
526
2963
3008
3019
3026
2976
3032
3017
3015
2882
3011
2950
3036
775
3005
3032
3007
3031
3225
3017
3015
3007
2961
3032
2990
1416
3024
3000
2995
3044
1262
3007
3018
3035
3018
3028
3020
3000
3006
3006
3014
2982
3017
3029
3025
3008
3026
3008
3011
2992
2819
3040
3003
1193
3005
3033
3030
3050
313
2994
2997
1393
3006
2977
3010
3015
1256
3013
1780
2998
3004
2822
3002
3007
2999
2965
3005
3016
3010
3001
159
2977
3005
3006
3000
3008
2990
2980
3038
2948
3009
3024
3018
3020
3011
3018
3036
2999
2990
2991
3026
2979
3029
2055
3025
3035
2889
3021
3022
3013
3046
3012
3013
2976
3035
3031
3018
3034
3025
3058
2988
3050
3029
2984
1726
2882
3044
3033
2998
3004
3014
3026
3009
3013
3009
3008
3019
2978
2833
2966
3044
2696
3040
2998
3012
2147
2614
1066
3015
2992
3042
3049
848
3030
3008
3003
2995
2989
3038
3018
3032
2996
2998
3016
3016
2985
3033
3013
3023
3005
3001
3015
3019
192
3023
3075
2986
3032
2991
3049
3010
3041
580
2991
2999
3014
3024
2995
2990
3003
3023
2976
1766
2971
3014
3013
3000
3033
3075
3010
3011
3007
3007
2997
3020
291
2988
2970
3017
2994
3086
2158
283
2988
3033
2979
3019
2975
2995
2980
3016
1407
3004
3010
3051
3047
2976
3002
3027
3039
3046
3010
2971
1178
2991
3021
3008
3001
3007
2591
2991
3023
3033
2386
3017
3004
3032
3020
2991
3030
3026
3040
3031
2536
3014
3048
2993
3009
3048
3010
2936
3011
2983
3049
2999
503
2989
2093
2980
3011
2994
3019
2986
2992
1224
3015
3030
2982
2081
1316
3007
2953
3045
1752
2997
2992
3021
3019
3005
3046
3001
3024
3009
2982
3022
3011
3018
3003
2956
3011
3033
3023
3002
2964
3003
3022
341
3035
3068
2999
3016
2999
3005
3003
3013
3036
2909
3031
3005
2813
3008
2995
348
3039
3020
3018
3043
3017
2996
3007
2723
3023
177
2947
3003
3021
581
2969
3023
3018
3039
3011
2988
2975
3001
3011
3020
3031
3035
2775
2944
3083
3043
3037
3027
3010
3018
3028
3014
1187
3006
900
3025
3046
2903
3006
3036
3019
2992
2985
1488
2989
3034
863
2634
529
3020
3010
896
3025
2946
2932
3036
3018
686
3016
3044
2068
3052
2996
2993
3045
2994
3037
3014
3008
269
3054
243
2980
3018
2991
3016
3025
3021
2899
3001
2992
3024
3023
2008
3042
3023
3033
3023
3051
3025
3006
3019
3028
3018
3022
2984
3006
3002
3023
2967
3013
3028
3008
2989
3021
2993
2990
2977
3010
2995
3020
3011
3010
3040
3023
3110
3009
3017
3040
2988
2977
3010
3027
2982
3003
1638
3009
2956
3021
3024
3019
3029
3010
3038
457
3054
2980
3023
3035
3039
3010
3059
3028
3016
3009
3044
3010
2982
3000
3014
3036
3027
3054
3035
2989
3009
3045
2407
3018
2983
3008
2987
2981
3029
3027
3038
654
2995
3011
3019
2998
3049
2879
3021
3033
3014
2958
3017
3017
3045
3032
3011
3027
2053
2992
2996
3004
2975
3049
3042
593
3003
3014
2966
3002
3031
3034
2983
3021
3031
3011
2997
3028
3009
3010
3029
3002
3003
3010
2994
3015
3014
2910
3057
3035
1491
3006
3002
2992
3020
2986
1190
3024
3017
3027
3020
2983
2951
3041
3028
3026
3017
2998
3015
3007
3036
3034
3058
3016
3013
2998
3008
3041
3017
3012
2997
3028
3011
3030
2972
3034
3008
3031
2982
2998
2981
2994
3005
3012
2998
3026
657
2803
3040
3026
3008
3008
3008
3029
3002
3030
3042
3035
2993
3003
3009
3013
3013
2991
2990
2986
3047
3039
2969
2958
2890
2988
1477
2958
2984
3017
3007
3020
3029
2974
3037
3086
2724
2996
3040
3020
3024
3006
3036
3027
3020
3000
3025
3021
2994
2451
3052
3031
3026
3022
343
3034
3030
3052
2970
3003
2120
3010
2980
3030
3024
3015
3033
3017
3053
3018
3019
2998
3039
2999
3034
3025
764
3011
2990
2673
3022
3014
3035
3035
3014
3001
2888
3043
3022
3043
2877
1568
3000
3038
3053
1269
2990
3000
3042
2559
3017
3008
2997
2977
3003
2217
2982
3021
3023
3003
3008
3033
2998
3026
2731
2983
3018
2989
2999
2978
2976
3013
3016
3042
2969
436
2993
3027
3007
595
3021
3034
3036
3044
3037
3009
3001
3000
3008
2984
167
3022
3023
3017
3040
3020
3058
3026
3024
3025
3015
3003
3010
2902
3020
3032
3040
3013
3021
3044
3021
2991
3004
3019
2960
3014
3034
3024
3032
3017
3014
2993
1622
2988
3005
3000
3025
2963
3048
3029
3024
2991
3005
3010
2969
2844
2452
3008
2401
1503
3016
3004
3036
3007
2930
3019
3003
3038
3020
2988
3020
2986
2900
3082
1347
3020
3022
2990
2992
2966
2992
3022
3023
3015
2988
2973
3014
3006
3014
433
3006
3021
3019
3029
3005
3071
3011
195
3013
3018
3000
3024
2993
314
2971
2326
2999
3014
2614
3022
2984
3000
3010
3025
3014
3030
3076
3019
2992
3011
2923
3017
3003
2997
2989
2987
1353
3025
1706
3018
3030
856
3034
2998
3085
3043
2991
3017
2993
3032
3018
1978
3030
2958
3099
2450
3009
3012
537
2999
3023
2984
2572
3012
3026
3003
2210
3074
2982
3004
3040
2960
1483
2967
3028
2962
3001
3010
3003
3021
3040
2993
3016
2987
3005
3040
3002
2960
3040
3001
2681
3011
3029
2479
3013
2988
1706
3006
2989
3006
2881
772
3039
3012
998
3002
3015
3017
3006
3004
2988
2747
3018
2996
3004
3021
3013
3016
3037
3023
3051
2982
2985
3019
3001
3014
3023
3029
2995
3014
3008
3012
3030
3020
2915
558
3062
2050
3037
3045
3001
3024
3038
2989
2992
3006
1722
488
917
2766
2993
2974
2797
3007
3017
2972
2946
3006
1340
3003
3034
3019
3028
3044
621
2963
2970
3003
3036
2429
2857
2910
3036
3024
3012
3036
3022
3002
3000
2546
1571
577
2979
2549
2973
2996
2988
3074
3016
2982
3049
3005
3038
3021
3005
2171
3016
3018
3044
3064
3032
3017
2987
3052
3032
3013
2982
611
541
2958
3035
2985
2955
3049
3016
2984
3022
3001
2969
3040
3006
3003
3016
3007
572
401
3050
3017
3028
3011
2939
2997
2433
2933
2311
3013
3031
2991
3014
3004
2188
3007
2999
2958
3003
3033
3001
3047
2991
2954
2987
1070
3022
3034
2997
3021
1322
3036
3026
3000
563
3008
1601
2983
3014
2993
3023
2995
3023
2991
2996
3034
2986
3014
2998
3005
3037
2997
3018
3007
2995
3041
3012
2991
3022
3018
3015
3005
3043
1478
3006
3037
3001
3065
2904
3010
3024
2904
2982
2992
3013
2910
3015
3045
2986
3020
2994
2585
3019
3003
3023
3022
3041
3026
3015
2600
3051
2990
3032
3032
3029
3024
2999
2770
2974
2994
3052
3018
3010
2642
3025
3015
3005
3019
3002
3030
1562
966
2979
2945
3042
3041
2995
3041
3033
2994
227
3001
2984
3020
3024
3029
3004
2505
2946
3027
2988
2932
1923
3028
3019
2973
3023
3005
3011
3039
2337
3027
3000
3022
2977
2973
3002
3010
2984
522
3001
3014
209
3003
3015
3016
3019
3013
2999
2987
2640
3013
3015
3027
174
2989
3002
3023
3024
3024
3021
988
3020
2782
411
2962
3008
3055
3020
3018
3000
3014
2910
3044
3000
3032
3005
3011
3036
2021
2975
2997
3024
3002
2976
2995
3037
3005
3034
3010
2973
2999
2990
3030
3074
3025
3001
3007
3020
3010
3042
3024
3005
2968
338
165
160
3028
3044
2658
2370
2998
3063
3007
3021
3001
3016
1161
2986
3040
3012
3044
3020
3029
2968
3012
3017
3007
3017
3016
2881
3014
3015
3015
3030
3024
3032
2514
2987
3019
3027
2993
2998
3044
3025
3021
3018
3029
3017
2999
3004
1249
2978
3055
3018
2474
3034
2994
3016
146
3027
2989
3031
2981
3042
2999
3034
2983
3031
2859
1872
3015
3034
3017
2992
3006
3030
2797
3012
2993
3012
2993
191
2996
3023
2722
2984
3041
3018
3008
3000
640
3041
2648
3010
3019
3076
2973
3024
3022
3004
3037
3010
3011
3016
3023
3034
3033
3012
1604
2971
2797
3016
2984
3030
2970
3060
2978
966
3014
3028
2981
2785
3026
2753
3040
3006
2497
2995
3027
3019
3026
1203
3017
3030
3005
3013
2999
3020
3001
3007
3027
2999
3014
3008
774
2967
3028
3008
3029
3018
3047
219
3008
3010
2981
3009
2997
2995
3036
2788
3040
3024
3038
3042
3029
3027
3045
2983
2985
3020
3039
2941
3043
3035
3001
3025
2983
3021
3052
3082
3010
1189
309
3035
3020
2993
2981
3020
576
3004
463
3020
3047
3028
3010
3030
3013
3012
3000
3008
2970
3050
3030
2734
2985
538
2416
2945
1362
2988
3009
2999
2993
2250
3040
752
3017
2961
3064
3040
2991
3016
3029
3013
3009
3018
2978
3015
3023
1952
3030
3090
2182
3004
3001
3007
2999
1619
2383
3032
3018
3041
3014
2955
3034
3007
3012
2973
2986
2990
3015
3008
3049
3010
215
3015
2958
1976
2435
3007
3042
3028
1102
3000
3010
3017
3022
3025
2976
3109
2731
3019
1823
3022
2818
1881
3031
2999
2985
2891
2961
433
2997
2962
3037
1976
2972
2984
3087
3013
3016
3011
3013
3037
3019
3014
3014
3023
3025
2940
2259
3014
981
3024
2977
3027
3000
2974
3003
3007
3022
2824
2989
2749
3010
2979
2996
3039
3020
2401
1075
1878
3046
2690
3014
3018
3049
3011
3043
3017
3023
3038
3019
2557
3006
1935
3038
3019
3086
3005
3004
3024
302
3014
3007
2996
3018
3030
2972
2968
3033
3015
2996
183
3004
2965
2989
3015
2988
3024
2994
2999
2910
3011
2997
2932
1712
3032
3027
3030
2990
2995
2991
2971
3041
3033
2999
2996
3017
3016
3021
2829
3043
2602
3029
3018
3022
2989
2979
3008
3013
3043
3050
3042
3014
3015
2977
308
3006
3042
3006
3023
3031
2392
2607
3005
2941
2848
2998
2932
3010
2983
3047
437
2972
2957
3041
2989
3001
3020
825
3020
3061
3007
3010
1539
2990
3028
3014
2777
3026
3001
3025
2994
3010
2363
1699
3028
3033
3009
2996
3035
3034
3021
3011
2103
2756
3065
3017
1696
3002
2997
3049
2992
3026
3027
3107
2998
2986
2976
2990
3031
3055
3003
2997
2995
3004
3026
3010
3015
1846
3012
3020
3007
2942
3001
3049
2992
2994
3011
2947
3034
3039
3022
3035
2553
2987
3017
2973
3073
2028
3002
2754
3011
2997
3012
3025
3020
3000
2266
3017
2985
2990
208
3022
3001
3004
3008
3022
2232
3030
820
3006
3026
3055
3041
3036
3017
3000
3021
3007
3022
3029
3017
3021
3017
3038
1684
2989
3001
3013
3015
552
3040
3024
3003
3021
2979
3000
613
3012
3003
216
3042
3003
2976
3019
2936
3015
3000
2993
3023
1343
2989
3012
2981
3037
2964
3005
3030
3019
3009
2982
3018
3028
2978
2993
3004
2988
3020
3023
2958
1519
3025
3008
3033
3007
3027
3025
237
3021
3033
3011
3025
2959
2997
3028
3027
2990
3011
2981
3036
2647
3018
594
3010
2979
3010
3012
3003
3010
3009
3013
3021
150
2998
3026
2991
3016
3013
3017
3003
3009
2980
2989
3022
3013
3003
2993
3016
2992
3023
606
3022
3005
3027
3010
3020
3004
3015
3021
3022
3034
2977
2899
3069
3018
2991
1350
2996
2986
3015
2990
2989
3018
3010
2959
3014
3044
491
2987
2976
3032
3018
3017
3035
3018
2991
3063
2984
3041
754
343
2995
3008
3037
2989
3001
3008
2984
3020
3015
3029
2990
3014
3012
3008
2865
3016
3030
2968
3008
3016
3020
1612
1995
3086
2997
3019
2916
3020
3016
2974
3023
3003
3016
3037
2996
3026
2957
3014
1223
528
3027
3015
3017
2996
3028
3002
3015
3031
3022
342
3034
3018
3024
3058
2981
3018
2443
3028
3005
3011
2951
3025
2982
606
3033
1421
3010
3015
143
3020
1529
3013
3045
2191
1561
2998
3029
3004
3025
3030
3007
3019
3005
3001
1077
3006
3013
2997
2993
3020
3030
3038
2997
3002
2977
2980
3027
2336
2365
3008
1843
2945
3025
3020
2994
3027
3011
3031
3038
3003
2987
3021
3035
3010
3016
3026
2972
3008
2947
3033
2371
3018
3030
3021
2982
2972
3012
3004
3016
206
3001
2987
606
175
3027
2965
2956
2328
3007
3037
3024
3034
2975
3007
2997
3004
3010
3010
3048
3042
3034
3009
2199
3010
3076
468
3039
3005
3015
3004
3006
3037
2996
3040
3006
2993
3012
3009
2997
3059
1513
3016
3011
3056
3008
2990
2992
2953
2916
3024
2996
3005
642
3017
2930
3016
3023
1185
3011
3028
3019
3039
3019
3003
3015
3034
3019
2567
2987
3047
3053
3003
178
1563
3021
2278
2991
3012
2996
1545
2375
2990
2995
3007
2971
2996
3030
2998
639
1050
3004
2969
1456
3012
3018
3000
3000
2993
3019
3004
3006
2863
3006
2990
2987
3002
3012
3007
3021
148
2998
3022
3046
3005
3030
3035
2764
2989
3045
3032
2997
3043
3067
3031
3013
3005
3020
1332
3019
3056
3026
2974
2977
3037
3012
3037
2998
1925
3014
3016
3038
2999
2989
2992
2984
3023
2989
3023
3020
3030
3007
3027
375
2596
3034
3032
3015
3005
817
3016
2993
3023
3017
1209
3010
3007
3018
3019
2978
3011
2785
3034
1989
3024
2980
3027
3017
3023
2972
1725
3022
3010
3015
3019
2983
3029
3025
1876
3024
2973
3023
3009
3019
2982
2987
3021
3030
3012
2998
3035
3035
3030
3013
2948
2991
3011
3007
2987
3028
412
3023
3013
3011
2998
2546
868
3020
3012
3034
3021
3004
3021
3019
2983
2547
3021
937
3007
2987
3018
2905
3015
600
1078
163
3028
3018
2991
1413
2958
3028
2989
3012
3002
3004
1518
3014
579
3043
3011
3026
177
3029
2959
3039
3034
3037
3033
3021
3033
3005
3045
3025
3038
220
3039
3017
3007
3016
508
2452
3011
3004
3046
3035
273
3009
3027
3013
3024
3072
1094
3001
3025
2991
2029
326
1383
3016
3012
3030
2998
2941
3002
3029
2987
2073
3011
3007
3017
1073
855
3012
2978
2989
3006
3006
3025
3017
3017
3009
2994
1892
2990
293
3040
3013
2449
3029
3004
2982
2985
2762
3042
2964
1600
2516
2986
3024
2998
3018
3021
2994
1719
731
3029
973
2953
3030
2983
2989
3003
2550
3009
2992
3000
3011
3002
3000
2950
216
3028
3036
3003
248
3014
3011
3026
3039
3018
3025
3050
3034
3007
3033
3020
2984
2878
3004
2974
2998
838
3016
3007
3029
1058
3015
3019
2941
3025
2997
3037
3023
2996
2994
2986
3001
3021
3029
3101
3038
3006
3002
3029
3022
3041
3007
2999
2983
3006
3027
3036
3017
2999
2881
3013
3063
1513
3029
1162
1037
3028
2214
3034
2987
3034
3081
3017
1702
3016
3020
3009
3017
243
3023
3016
3009
3029
1950
1443
2988
3020
3030
2984
3021
2982
3027
3014
2965
3014
2952
3003
250
3097
2995
3050
2975
162
3086
2987
3027
3019
3033
3007
2987
310
2573
3007
3028
1701
3009
3033
3015
3006
3019
2580
3012
3026
1739
2989
2975
3035
3009
3009
2169
2973
2992
3026
2989
2983
1045
3008
3040
2990
3016
3043
2991
3014
2080
3063
3020
3030
3021
2979
3013
3019
2838
3020
3032
2983
3001
2426
3047
2969
3008
2994
3018
3045
2991
3016
1501
3033
3030
3005
3026
3024
1043
2975
3002
3000
3027
3017
3002
3021
3006
2970
3000
3012
3026
3024
2516
325
3023
3003
2936
2999
3010
2999
2998
2985
3012
3018
3001
3024
2999
3005
3026
3081
3031
2840
2987
1089
3002
780
3028
3015
3021
3024
1617
3058
3017
3032
3030
3019
3008
3018
2991
2997
2970
2816
3043
3012
2979
3033
3003
3014
3015
2995
3015
3001
3010
3015
3016
3001
3020
3088
3032
2989
2996
3008
1166
3010
2553
219
2956
3020
3023
2569
2990
3024
3044
3025
3027
3015
2433
3012
2976
1696
3003
3007
2988
3029
3056
2971
2560
3011
3000
3043
3015
3014
3010
500
3034
3014
2981
3092
3031
3010
2980
2975
3003
2968
2978
3006
3034
222
3026
3058
2995
3034
3026
2997
3022
243
3054
3001
3003
3024
2989
3027
2987
1397
3043
3028
3036
2375
2978
2990
3017
3034
3005
3016
3024
2995
3026
3042
2907
3017
3018
3017
2999
1897
3013
3038
2996
3005
3019
2723
3023
3022
3031
3028
3036
1204
3004
258
3015
1859
2983
3015
3037
3014
3016
3024
3010
337
2990
2829
3011
3046
2162
3039
3004
3039
2994
2956
3046
3026
3001
3024
3020
3019
2919
3008
2997
3010
3036
3040
1752
1679
3018
3009
2999
2963
1311
3017
2357
3002
3008
2681
2946
3039
2950
3022
3013
3007
3038
2870
3020
3005
3030
3014
2974
3038
2994
2998
3008
3025
3009
3041
3017
3008
3009
3019
2964
2989
3012
3041
3000
2984
3004
3021
3002
2997
3005
3017
3012
3011
2967
3021
3013
3041
3018
3056
2992
3001
2990
3013
3017
2695
2982
3012
2998
2982
1974
3019
3018
3004
3006
2968
3030
3000
3039
2438
3036
3008
2964
2403
2979
2926
3014
697
2986
3023
3017
3013
3014
3006
3019
2991
3006
2146
3008
2989
3021
2970
2986
3016
3028
3004
3030
2799
2588
3040
3021
2990
237
3018
3020
3026
2997
3008
3004
3029
559
2977
3032
2036
2984
2987
3045
264
3021
3008
2996
3028
2995
3034
3007
2955
2988
3041
636
3010
2719
3027
3013
3034
3020
3007
1528
2975
2975
3000
3032
3037
2934
2955
3027
2902
3001
2937
3007
3000
3009
2857
3021
3025
3028
1065
2979
3009
1611
3027
2739
3017
3014
2875
3015
3007
1911
2255
3029
3004
2988
3005
3023
3008
2426
3011
2988
3003
3019
2981
695
1253
2811
1500
3074
3014
3024
2749
2944
2991
3036
3006
2259
3020
3031
3025
3017
3011
3030
2979
3006
3015
2058
2997
3017
3000
2322
2992
346
3026
3036
2999
3027
3001
1087
3067
3011
3004
3004
2371
3031
2993
3037
3006
3027
3023
3041
3024
3054
3008
3021
3015
571
2978
3029
3015
2986
2940
3033
2824
2960
471
3022
3037
2966
3019
987
3022
2959
3030
3024
2983
2296
3002
2968
3031
3013
3036
3006
3012
2762
3015
3040
2622
2989
3028
1649
3020
2975
3030
2906
3010
2993
3017
3011
655
2999
291
3012
3047
3043
2997
3009
3014
2929
3006
3020
3002
3019
2976
3016
3015
2772
3006
3013
2971
3006
2970
3018
2685
3032
3020
3023
3021
3009
2993
3022
3038
3034
3024
2990
3010
3010
3021
3021
3019
2947
3031
3007
3023
2964
3000
3000
3024
3021
3022
757
3010
3050
819
2992
3033
3025
3025
2986
3031
3027
3034
3035
3024
2991
2970
170
2991
3024
2986
3015
3017
3030
3062
3030
2998
3036
3042
2959
3027
3020
3022
3008
3025
3036
3019
3009
3015
1511
2068
3011
2999
3001
3019
3020
3025
3005
3037
3031
3014
3016
3036
3017
3249
3031
2958
3010
2242
3016
3029
2996
3029
3027
3007
3021
708
2997
3048
3001
3012
2990
2997
2999
3010
3027
2990
3009
2117
3023
3028
2995
3015
3029
3049
2988
3031
3009
2649
2809
3007
3022
2154
3009
3021
3029
3012
3005
3034
2911
850
2991
3021
2988
3016
3002
3007
2958
3009
3016
2992
2968
3028
3036
3007
3030
3024
3008
3030
2969
3020
3006
2995
3030
3023
1226
3015
3112
3013
3018
3013
1536
3001
3021
2678
802
3042
817
3012
3030
3033
3033
3004
3002
3032
855
3017
2935
2963
3030
176
3046
2933
2979
3010
3018
3024
463
2990
2997
3006
3024
3010
3051
3020
3043
3005
2961
3009
3037
906
2914
3006
2751
380
3005
2633
3016
2993
3034
3021
3019
2899
3043
3003
2988
2973
3018
2988
3008
3005
2975
2986
2712
3026
2997
3014
3028
3027
2979
3015
2950
3020
3028
3014
2989
3016
1517
3015
3011
3006
2965
3039
2994
2883
3001
3010
3002
3040
2096
3017
747
257
2819
2946
3006
2976
3022
2964
2477
2971
1205
2885
2970
2966
2991
3024
3116
2965
3013
3023
2185
3012
3020
328
3036
3004
3014
2600
3030
3009
3046
3012
3000
3028
3031
3021
3047
3020
3048
3012
3033
3016
3003
3018
3005
943
2990
3025
2970
3021
3008
3011
3037
3010
3065
2965
3035
1834
2999
3004
3011
3039
2993
3016
2999
175
3009
3000
3023
2568
2988
2998
2997
3001
2678
3021
3058
3000
2985
3035
148
3006
3008
3019
2994
3020
328
1605
2860
3011
3019
2994
3024
3029
2945
391
3019
2983
3023
3014
3003
3015
3000
3014
3043
2181
737
2987
3028
3031
3025
3050
3002
3003
2535
3014
2572
3028
3031
3041
2963
3011
348
3031
3031
523
1524
3029
2987
1983
3020
3014
3001
3013
3047
3027
2989
3030
2989
3039
2998
2955
3009
3031
3030
3013
3002
3000
3011
1548
3103
2998
3022
3017
3024
2614
3020
3066
161
3011
3021
427
2196
3045
3048
3003
2972
2999
3042
1950
3052
3019
3025
2979
1016
3025
3035
3003
3001
3015
3029
2979
3037
3002
3030
2633
3018
3003
3009
2796
2996
3028
3004
3005
3024
3012
3008
3038
2710
3022
3002
3026
2972
3044
3014
3030
3033
3008
2998
3022
3021
3028
3025
3020
3010
3035
2106
3026
3035
3010
3008
3031
3030
2971
3015
203
2220
3003
3006
3017
3019
2997
2999
3028
3005
3026
3019
3032
3016
2992
2942
3036
3022
3047
1359
3010
3007
3053
3002
3047
2787
3022
406
3012
3038
3019
2578
3032
3014
3027
2887
3018
3010
3002
3005
947
3040
3012
2910
3015
3025
3015
3007
3031
3045
3005
3004
3011
3025
3027
2995
1906
2993
3010
3015
2634
3031
3008
3013
3020
3020
3003
2932
3031
3026
3015
3036
985
2332
3019
3027
3052
3030
2981
3002
3016
2976
2993
2985
3041
2997
3001
3014
3013
2909
2755
3050
781
2366
3029
3020
3029
2999
3009
3035
3022
3005
2995
3012
3026
3000
417
3007
574
191
2993
1750
3023
2860
2967
3025
3019
3023
2930
3016
2986
2997
3017
2935
3016
3029
3014
3030
3016
3027
3030
3024
3009
3023
2951
3045
3038
3043
1400
3054
941
3034
3019
3040
1894
2995
3036
3027
2236
3011
2972
3009
1237
3024
3015
2963
3026
3016
3007
2981
3044
2988
3025
3038
3030
3026
3008
2937
3007
3053
3002
3023
2586
3020
3007
3009
2966
3030
3064
3011
3015
3098
3001
3041
3028
3027
3055
2999
1728
3008
3030
3038
3039
2991
3036
3021
3001
2989
311
3014
3032
3032
3027
191
3020
2967
3010
3036
2987
548
2910
2997
3015
2370
3016
3023
2965
3019
2991
3036
3018
3003
2919
3033
3020
3048
3037
3036
1703
3042
3001
768
3037
3035
3010
3009
2929
2995
273
3022
2399
3019
2994
2931
3018
3020
3018
2936
3003
2998
3034
2955
3026
2965
3275
2958
3001
3012
3014
3007
3022
3061
3029
2681
3029
3010
3037
3039
3037
3001
2977
3000
3091
2994
3019
3009
3023
3008
2990
2982
201
2699
3025
3050
517
2989
3013
3004
3001
3012
2944
2867
2969
2998
2997
3047
3045
2590
2999
2977
2997
2997
3006
3037
2990
3001
3000
3026
3031
2432
2976
3025
3012
3026
622
3036
2998
3038
672
1583
991
2989
3043
3010
175
3027
3005
3014
2988
3023
2910
3027
3034
2362
3012
3041
3033
3002
2998
2985
824
199
3024
2995
2984
3010
2991
3011
3025
3030
3011
3031
3010
3035
251
3076
3004
3020
334
2932
2990
2999
3017
3041
2412
3003
3009
3013
3027
3014
3024
3014
3019
3024
2998
3012
3056
3016
3025
3027
1275
3028
1343
3034
1398
3029
2991
2988
3026
2900
3014
2999
3007
3006
2821
3015
1733
3009
3030
3044
3004
3010
2865
3041
3031
3029
3016
3004
3021
3018
3025
3035
2409
3012
3058
3020
2961
3030
2986
3035
3025
3015
3030
3017
2874
3000
3045
3024
3032
3014
3030
3020
3014
3015
3043
2974
2993
3040
3022
3006
2995
3031
3018
3020
2980
3025
3027
3041
1281
2950
2977
271
3032
3019
3030
3019
3034
3023
3007
3010
2991
3010
2950
2988
1068
3004
3023
3029
2972
3016
2860
3039
1044
3027
2987
3030
3011
2239
481
1043
3017
2988
3043
2977
3051
1822
3004
3007
3002
3034
3031
3014
3033
2909
3004
3017
3020
3000
474
2300
2934
2978
3003
3002
3045
492
3023
234
2982
2846
174
2999
3049
3042
2883
3054
2998
3015
3008
3047
2991
511
2991
3021
2977
2569
3019
2988
3043
3007
3015
3033
3009
3006
3030
3029
2962
2833
3021
3012
2706
3036
3002
3026
1057
3040
3003
793
2271
3002
2964
1264
3011
2933
2996
2962
2965
3008
3051
3009
3006
2268
3031
2988
3007
2964
3002
3016
3032
3035
2684
3003
3031
3034
2991
3006
2988
3024
3012
3017
231
3016
3010
3007
3097
2942
3016
3016
3015
2987
3011
2966
2803
3032
3003
3024
2940
2986
3028
3009
3029
3035
3036
2984
266
3025
2998
2889
2973
2965
2872
2975
3000
3101
2987
2947
3013
3040
2998
3034
2987
2950
3026
1017
2551
3041
3045
2823
972
2982
3026
3030
2981
2973
3081
2561
3032
2989
2996
2993
3009
3009
3077
3021
3040
2697
3009
3009
3036
2994
2983
3040
3001
3025
3005
3008
3011
3028
3031
3000
3031
3005
2994
2991
3015
3005
3022
2957
2451
2991
3024
3004
3012
756
3003
3019
3030
3015
2983
3022
291
3019
3035
3025
3007
3036
3007
3042
2978
2974
2877
3025
3011
3016
2999
3033
2880
2991
3052
3031
3019
3004
3009
3008
3000
3051
3013
3014
3008
3007
3035
3019
3006
3028
3014
3035
3010
3026
3020
2918
2986
2994
3027
1192
2998
3005
3007
3010
3026
3037
387
3020
3036
2984
2943
3038
3001
3010
2061
3012
3020
3008
3022
3018
3026
2991
3018
1535
3044
3028
3025
3026
2992
3027
3012
2949
3015
415
2981
3009
2988
2970
3025
2993
3037
3016
463
3029
3019
3018
3000
2926
3021
3030
3003
2996
2951
1910
165
3040
3003
3022
2950
2968
3017
3012
2998
1978
3005
2974
3031
3022
3031
3015
797
463
3013
2952
3035
3029
3022
3011
2983
2943
3001
3031
3000
3001
3027
2966
3027
3025
3015
2881
3027
2850
3013
3006
3010
3015
3022
207
2975
187
3055
2991
3013
2986
3004
2965
3031
2954
3002
3002
566
1679
450
1728
2995
3045
3025
2999
2978
3016
3006
3052
3004
2826
2993
3016
3019
3012
3018
3025
3008
2983
3022
3019
3021
2994
2979
2958
3011
3007
3015
2854
2973
2995
2980
3003
3013
2952
3017
3014
3019
3000
3018
3010
3006
3029
3023
3008
3008
3042
2998
2984
2994
2934
3047
3013
3023
3000
2637
3019
2997
3012
3013
2995
2985
3009
3042
3004
3004
2917
3017
3013
3022
2961
3021
1602
2957
257
3021
3009
2984
3039
3020
2938
2983
2977
3049
3015
3016
1833
3030
178
3018
3033
2991
3014
3013
2997
3008
3015
2995
3010
3020
3019
2518
3034
3024
3013
3010
3021
3024
1175
2991
3027
2972
3003
3018
3034
3022
2996
2878
3021
2992
2713
2930
3014
2998
3002
3005
3015
3021
2984
2982
3028
3001
469
3022
2956
3080
3035
2975
3016
3043
2989
3038
2974
3015
3041
3024
3012
2997
3026
2774
3034
901
2981
3004
2992
3007
644
3027
370
2986
3048
3056
3013
3010
3011
3020
497
3026
3005
2995
3017
3020
3027
2951
3036
3015
3022
2973
2992
2993
3003
3102
3005
2999
2997
2061
3007
3035
3021
3022
3010
3013
3029
2904
3008
3020
3028
3020
1272
3004
3024
2826
3033
2997
3005
146
2988
3028
454
3000
3014
3004
3013
3047
2992
3013
2978
1328
2996
3035
2970
3025
2953
306
2998
3016
3040
3016
3007
3018
2675
3032
3025
3032
2996
2971
2981
2982
3018
2985
2948
3002
3037
2976
2998
3049
3022
3004
2253
3040
3029
577
3047
292
3002
1959
3024
3008
3014
3024
3034
3011
3018
2999
3069
3001
2988
2938
3013
3027
3004
3013
3032
3024
3006
3031
349
612
257
3048
3003
3076
3015
3004
2932
3003
2983
3028
3035
3026
3018
1127
3044
172
2987
3022
3008
3024
3013
2973
3015
3012
1187
1668
2982
3000
3011
3001
2956
815
3005
2990
3014
3022
3024
3006
3023
3005
2987
3045
3013
2965
3039
2995
3026
3023
2994
2973
3027
2230
3021
3031
3028
3019
2997
3015
3025
3021
3069
647
3029
3021
3008
2960
3003
2993
3005
2975
2986
3016
2976
3091
2614
3016
3035
3020
3007
2602
2992
3024
3095
3023
3022
3028
2990
2996
3032
2974
3034
3025
3045
3083
2993
2999
3000
3037
3057
3029
3034
2982
3054
3000
2160
3013
2864
2961
3005
3032
3016
3031
3014
3013
3005
2994
3011
3009
1359
3014
3023
2973
3015
3009
3029
3095
3004
3021
3014
3012
2993
3047
3016
3008
3023
2970
3023
2987
3002
3033
2996
3012
2997
3030
2990
3011
1950
2990
3032
3028
3034
2993
2921
3008
2989
3006
1381
2994
3076
1599
3011
584
3022
490
2775
3000
3027
3004
3015
3012
3040
3024
2959
3036
2727
2993
3030
2688
1649
3009
3028
3008
3032
3024
3039
3011
586
3012
2988
3007
3048
3039
3019
3024
2995
2993
1946
2992
3024
3002
3014
3034
2839
370
3004
3010
2961
3026
285
3237
3010
3016
2885
3029
2870
3002
2540
3011
3032
3034
1853
3023
2953
3003
3023
3042
3078
2513
3034
2979
3017
3023
3011
3020
3040
3001
3043
2994
625
2527
3021
138
3000
2926
3038
3027
3023
3022
3026
3006
1640
3008
2931
2985
3000
3034
3026
3014
2093
541
3043
2954
2998
2997
