1551
1564
1552
1561
1544
1553
1550
908
285
1218
1557
1560
1556
1557
1553
1472
1544
1560
1563
1544
1550
1557
1562
1559
1522
1562
1560
1570
1563
1571
1559
1547
1553
1563
751
1563
1556
1564
1559
1569
1567
1212
1568
1558
1570
1552
1564
1572
1566
1554
1566
1547
1558
1560
1564
1575
1560
1314
1441
1559
1559
1568
1560
1555
1556
1564
1565
1022
1565
1561
1557
1559
1561
1568
1538
683
1550
1559
1564
1563
1477
1566
1565
1558
1554
1556
1568
1548
821
1563
1566
1548
1559
1552
1553
1569
1426
1564
1561
1567
1558
1565
1569
808
1564
1564
1561
1072
1557
1561
1557
1567
1575
1467
1571
1546
833
1559
1557
1564
1427
1558
1566
1562
1572
1553
1563
1553
1547
1581
1568
1544
1559
1559
1550
1567
1564
1560
1528
1561
1558
1524
1538
1549
1552
1561
1546
1567
1564
1141
1559
1557
1564
1558
1569
1551
794
1557
1230
1520
1554
782
1536
1556
1559
1564
1541
1572
1553
1563
1560
1557
1569
1531
1563
1556
1552
1564
667
747
1567
1544
1547
1532
1042
1569
1237
1560
1566
1573
1550
1554
1572
1546
1562
1569
1565
1562
775
1040
1568
1563
1565
1554
1536
1549
1564
1531
1569
1537
1553
1569
1561
1544
873
1570
1568
1561
1564
1563
1567
1558
1561
1562
1567
1552
1569
1566
1559
1569
1551
1554
1568
1560
1560
1562
1061
1565
1556
1534
1576
1569
1554
1552
1554
1569
1566
1538
1556
1364
1566
1563
1566
1544
1557
1539
1555
860
1552
1571
1565
1557
1570
1559
1555
1561
1555
1563
1555
913
1542
1549
774
975
1561
1567
1544
1550
1559
1398
1549
863
1047
1570
1556
1554
1567
1556
1555
1148
1567
1563
1554
1556
1549
1548
1556
1567
1563
1557
1575
1560
1556
1564
1561
1553
1547
1553
1412
1566
1556
1028
1560
1529
543
1562
1544
820
848
1558
1564
1567
1554
444
1564
1570
1561
1563
1547
1567
1419
1554
1555
1566
1554
1562
1576
1569
1571
1553
1559
1564
1563
1565
1567
1552
1563
1561
1561
1557
1561
1563
1560
1554
1571
1565
1552
1560
1012
944
1551
903
1560
1556
1561
1570
1570
1560
1560
1560
1572
1570
1551
1559
1395
1555
1545
1560
1566
1517
1540
1565
1565
1558
1560
1562
1552
736
1581
1567
1204
1558
1554
1556
1378
1556
727
1551
789
1573
1512
1574
1024
1568
1562
1578
1567
1566
1148
1545
1558
1570
1559
1573
1558
1564
1563
1562
1329
1564
1569
1561
1555
1573
1570
1541
1561
1569
1568
1562
1545
1558
1568
1549
1551
1552
1563
1539
1550
1556
1564
1555
1555
1559
879
1550
1275
1548
1553
1561
1562
1556
1531
1555
1564
1554
461
1569
883
1553
1552
1550
1561
1553
1557
1546
1553
1551
1541
1553
1561
1563
1561
1563
1558
1556
1562
1557
1542
1553
1559
1563
1568
1547
1559
1556
1569
1549
1549
1555
1571
1563
1556
994
1566
1558
1563
1556
1564
1570
1549
1564
1569
1560
1570
1567
1572
1562
1559
1555
1564
1552
1561
1553
1562
1554
1557
1566
1562
1547
1556
1531
978
1564
1547
1561
1569
1554
1545
1559
1562
1556
1559
1569
1553
1551
1561
1571
1553
1540
1563
1558
1566
1537
1565
1566
1567
1567
1555
1571
1562
1572
1552
1556
1559
1545
1569
1013
1560
1550
1558
1560
1576
1560
1564
1567
1559
1560
709
1567
924
1545
1565
1562
1553
1551
1561
1570
1572
1547
1550
1555
1551
1553
1545
1557
1558
1559
1560
866
415
1563
1562
1556
1558
1554
1048
1561
1555
1534
1559
1545
1566
1552
1566
1555
1562
1561
1566
1555
1567
1563
1552
1550
1546
1576
1506
1554
1563
1550
1527
1557
1542
1544
1567
1569
1560
1561
1561
1552
1556
1567
1567
1565
1574
1564
1536
775
1564
1566
1561
1568
1555
800
1548
1570
1569
1558
1548
1534
1543
1555
1570
1051
1568
1556
1570
1559
1560
1569
1569
1283
379
1564
1558
1563
1552
1577
1572
1347
1553
679
1573
530
1569
1554
1568
828
1567
1564
1559
1568
1570
1577
1547
1553
1568
1564
1538
809
1570
1572
1555
1545
1391
1547
1045
1560
1563
1557
1560
1560
1559
1571
1544
1557
1547
1567
1560
1565
1558
1559
1544
1549
1564
1561
1561
766
776
1570
1572
1543
1562
1543
1562
1574
1554
1309
1561
1555
1556
1560
1528
1569
1548
1524
1552
1558
1562
1549
1560
1565
1562
1214
1551
1562
765
1555
1570
1575
770
1533
1574
1568
1561
1575
1547
1564
1555
1567
1551
1558
1561
1568
1545
1554
1564
1561
1553
1559
1429
1563
1571
1568
1564
1290
1566
1563
1556
1568
1534
1566
1548
1569
1464
1558
1554
1131
1561
1564
1556
1568
1560
1551
1564
1567
883
1567
824
1574
1535
901
1560
1552
1544
1561
1566
1571
1576
1553
1565
1565
963
1552
1565
1566
1567
1568
1561
1517
941
1554
1558
1559
1563
1538
1569
1568
1515
1562
742
1555
1554
1552
1563
1565
1553
981
1558
1529
1555
1568
1539
1570
1315
1539
1557
1566
1555
1562
1566
353
1539
1561
1557
1555
1556
270
1567
553
1565
906
1141
1573
1565
1560
768
1297
1474
1557
1563
403
1556
1568
1554
1561
1552
1555
878
1572
1551
1550
1568
1076
1582
1553
1562
1092
1535
1574
1561
1564
1544
1553
1564
1565
1561
1560
1565
1558
1560
1541
1567
1548
1546
1566
1558
1563
1566
1560
1407
1570
1558
1553
1543
1556
1558
1555
1165
1163
1559
1556
779
1553
1563
1560
862
1551
1422
1559
1536
1551
1566
648
1556
1560
1556
410
1537
1560
1562
1564
1529
1554
1542
1560
1554
1562
1549
1569
759
974
933
1568
1556
872
1569
1557
1568
1569
1549
1566
1557
1243
1551
1146
1553
1551
1542
1347
1564
885
1149
1567
1572
1556
1562
1557
1562
1541
1551
1544
1555
1570
824
1560
1543
1542
1563
1556
1562
1560
1559
1548
1544
1552
1556
1555
1541
1554
1559
1550
1540
1569
1555
1541
1562
1556
1556
786
1557
1536
1554
1567
1560
1558
1549
1553
1560
1553
1563
1560
1549
1561
1561
1560
1532
1554
1569
1556
1571
1542
1555
1561
826
1549
1518
1556
1554
1563
1565
1559
1566
1551
1563
1561
1551
1555
1568
1563
1566
1561
1045
702
1548
1564
1554
1114
1565
1562
1560
1418
1570
1561
1561
1567
1528
1513
1545
1553
1567
1569
1562
1568
1554
1571
1543
1561
659
1560
1565
1563
1569
1548
1547
1558
653
1564
715
1329
1567
1565
1564
1553
1554
1216
1557
915
1552
1565
1561
1554
1561
1549
1560
1566
1562
1563
1562
1432
1543
1558
1554
1563
1560
1482
1564
1565
1461
782
1562
1557
1555
1555
1554
1569
1561
1557
1538
1563
1545
1460
1555
1556
1548
1540
1560
1559
1561
1569
1573
1556
1546
1567
1565
1569
1432
1121
1544
1563
1554
1557
1497
1360
1570
1240
514
1563
1549
1554
1566
1568
1555
1560
1562
1552
1554
1562
1563
1561
1545
1556
1565
1559
1566
1543
1556
1491
1546
1551
1564
1565
1554
1562
1574
1554
1551
1557
335
1125
1552
1556
1542
1566
1565
1562
1544
1501
1565
1559
1547
1553
1567
1565
1562
1554
1566
427
1547
1571
1556
885
1558
1558
1560
1563
1562
1558
328
1562
1573
1564
1563
788
1573
1567
1553
1576
1570
1559
1055
1231
1543
1563
1548
1470
1566
1231
1412
1575
946
1533
1562
1564
1565
1566
1563
1558
1553
1536
1561
1548
1553
1563
1529
1550
1583
1413
1508
1559
1547
1533
1566
1566
1558
1568
1547
1568
1555
1576
1555
1570
1573
1564
737
1530
1547
1557
1250
1566
1554
1566
1565
890
1561
1565
1566
1551
1569
1571
1563
1556
1563
1559
1551
1573
1560
1558
1559
1557
1562
1099
1565
1547
1556
1562
1557
1555
1568
1548
1566
1557
1561
1558
1566
1011
1566
1551
1568
921
1552
1572
1524
1564
1308
1549
1565
1562
1557
1183
1568
1557
1555
1565
1560
1569
1559
1564
1555
1563
1557
1534
1569
1490
1562
960
1562
1567
1554
1553
1560
1568
1559
1247
1578
1565
1554
1546
1561
1544
1565
1567
1552
877
1564
1565
1570
1559
1569
1564
1548
1002
1560
1553
1563
1563
1561
1555
1557
1548
1557
1553
1558
1561
1561
1532
405
1578
1546
1561
1561
871
1546
1560
1300
1575
1556
1546
1348
1548
1561
1567
1556
785
1559
1563
1561
1563
1561
777
772
1503
1559
1549
1560
1565
1539
976
1335
674
523
1554
1562
1562
1556
1560
1541
1565
1553
478
1556
1559
1561
1501
1553
1551
821
1562
1562
1566
1567
1547
1557
1554
1569
1571
1549
1557
1552
739
1565
1546
1566
681
1557
1555
1551
1559
1563
1566
1549
717
1558
714
1576
1553
1549
1566
1565
768
658
1561
1559
1557
1566
1544
1553
1549
1563
1535
1559
1560
805
1560
1536
1551
774
886
1552
877
1547
1550
1553
1556
1563
1557
1551
1557
1554
1564
1549
1568
1557
1567
1558
1533
1555
1488
1558
1561
1464
1552
1556
1559
1546
1563
1559
1558
1563
1562
1557
1563
1541
1570
1554
1550
1558
1549
1563
1560
1550
1557
1547
1553
1558
1564
1562
1566
1112
1565
782
649
1423
1559
1566
1564
1552
1474
811
1561
1571
1216
1552
1564
776
1558
1555
1550
1552
1563
1554
1544
1571
1559
1563
1565
1106
1567
1570
1564
1551
1556
1567
1545
1551
1559
1558
1552
1559
1547
1557
1562
1564
1558
1556
1549
1547
1544
1492
1558
1564
1570
1562
1561
1553
1560
1548
1559
1550
1557
1556
1566
1554
1550
1573
1558
1556
1561
1562
1564
1567
1571
1432
1557
1566
1564
1556
1562
1555
1558
1553
1517
1560
1571
1547
1565
1548
1558
1551
1556
1557
1551
1559
1563
1549
1570
1560
1574
1553
1559
1560
1573
1559
1556
1043
1550
1560
1553
1577
1563
1560
1557
1392
1133
1554
1569
1558
1276
1563
1550
1556
1557
1557
1554
1554
1550
1552
1560
879
1546
1565
1563
1539
1544
1544
1565
411
1557
1543
1565
1559
1566
1563
1548
1570
1558
1553
1571
1562
1560
1189
1552
1532
1554
1542
1562
1570
1557
1554
1557
840
1574
1563
1561
1555
1559
1563
1547
1554
1562
1564
1517
1554
1554
1544
732
1534
1565
1559
1004
1571
1549
1557
1555
1567
1549
888
1565
1562
625
1557
1559
1565
456
1552
1488
1561
1554
910
1554
1554
1555
1553
1541
782
267
1558
1549
1564
1564
1570
826
1565
1335
1529
1571
1536
794
1562
1504
1547
1572
1564
1576
1557
1570
549
1580
1561
1549
531
1565
1526
1568
1575
1557
1555
1553
1552
1553
1566
1562
1557
1567
1436
1560
1553
1558
1562
1546
1554
1556
1518
1556
1550
1559
1577
665
1565
1558
1532
1565
1556
1562
1555
1575
1551
1560
1549
1545
1567
891
1561
1566
1573
1560
1551
1561
1538
1563
1549
1527
1563
1527
1559
1525
1557
1558
1459
1556
1553
1562
1572
1556
1557
1552
1559
1558
1547
1562
1481
1569
1562
1554
1578
1548
1550
1573
1560
1551
1555
776
1566
1561
1573
1556
1436
1468
1558
1560
1557
1559
1560
1381
1122
1554
1548
1553
1553
1528
1577
1022
1557
1564
1563
1569
1563
1567
1553
1544
1561
1562
1561
1535
1555
1557
1563
1565
1125
1570
1560
1564
1553
1561
483
1564
1552
1535
1572
1564
1557
1564
1566
1570
1565
1570
1561
1546
1549
1563
1537
1556
1553
1570
1571
1547
1556
1559
1551
1430
1016
1556
458
1553
1564
1553
1554
1274
1502
586
1569
1559
1562
1540
1543
1554
1560
1350
1567
1552
1557
1043
1544
1536
1558
1564
1568
1487
847
1558
1322
1517
1562
1564
1557
1560
879
1549
1549
1558
1237
1556
1556
1564
1552
1524
1564
1428
1559
1557
1556
1555
1560
1544
1550
1562
1561
1549
1568
1569
1558
1564
1549
1551
1564
1574
1544
1563
1546
1556
1565
1561
869
1549
1565
1545
1567
1573
1547
1540
1561
1553
1540
1564
1577
655
1559
1565
1549
1228
1560
1550
1550
1562
1552
1475
1565
1569
1541
1552
1563
1549
1570
816
832
1562
1555
1569
1549
1555
1568
1562
1552
1550
1561
1371
1563
1568
1564
1552
1425
1563
1561
1555
1554
1532
1556
1566
1554
1554
1550
1554
1558
1566
1557
1556
1555
1548
1169
1572
1564
1568
1546
1548
1554
1569
1566
1561
1550
1561
1563
1558
1541
1541
1157
1548
1545
1554
1561
1560
1248
1556
626
299
1548
1566
1530
1570
1554
1519
1563
1447
1158
1566
1572
1552
1560
1565
1552
1555
1559
1561
1544
1554
1545
1564
1554
1567
1570
1552
1554
1562
1545
1564
1569
1546
1562
1560
1542
1376
1540
1555
883
1465
1136
1548
1539
1551
1558
1561
1558
1557
1560
1550
1558
1557
1557
1242
1563
1558
1557
1544
1554
1563
1555
1558
1549
1558
1565
1560
1542
1545
1555
1536
766
1535
1554
1560
1558
1575
1017
1564
1511
1543
786
1553
335
1563
1553
1486
1545
1202
1557
1558
1536
1556
1561
1538
1567
1552
1543
1558
1567
1556
1562
1572
679
1283
1533
1571
1569
1564
1565
1574
1555
1537
1565
1586
1561
1560
1138
1563
1545
1569
1042
1568
1543
1566
1565
1559
1554
1561
1548
1562
1434
1548
1560
1544
1558
1570
1556
929
1570
975
1549
1568
566
1547
808
1567
1554
287
793
1528
1570
463
661
1547
1561
1560
1558
1553
1568
1549
1537
1559
1551
1541
1545
1549
1562
1553
1547
1559
1568
1548
1559
1549
1568
1550
1054
1554
1562
1557
1111
1526
1558
1565
1555
1555
1557
1566
1572
1565
1560
1546
1549
1557
1564
1563
1551
1559
1570
1568
1519
1374
1543
1561
1562
1553
1549
1559
1536
1559
1559
1556
1552
1536
1542
1557
1555
1555
1560
1572
1563
1565
1548
1564
1114
1405
1558
1558
1561
1506
1572
1389
1564
1559
1567
1554
1559
967
532
944
1569
1558
1553
1549
1570
1539
1547
1536
1562
1557
865
850
1569
1561
1569
1559
1559
1556
1557
1562
1550
1558
1559
1426
1555
997
1515
1526
1552
1416
1566
1154
1560
338
1557
879
1554
1536
1419
1567
1566
1550
1563
1534
1141
1565
1567
1132
1555
1558
564
682
1556
1563
1549
1560
1563
1560
1559
1568
1566
1563
1542
1566
1536
1546
942
1562
1554
1570
1551
1545
1557
1572
605
1557
1573
1551
1554
1550
1557
1477
1575
1538
1564
1556
821
1545
1563
951
1567
1564
1560
1527
1560
1566
1565
1559
1555
1562
1562
1518
1564
1556
784
1571
1562
1552
1549
1556
1535
1553
1560
1552
1537
1348
1557
1564
1564
1563
940
1564
1567
1551
1504
1562
1563
767
1297
356
1565
1553
1568
1569
1066
1031
1555
1558
1565
1572
1552
1565
1540
1563
1563
1443
1112
1563
1563
1561
889
1564
1545
1532
885
1560
1564
1554
1557
1573
1533
1566
1563
1566
1563
1572
1565
1578
1558
1568
1544
1426
1558
1574
1290
1566
1102
1566
1558
1571
1564
1585
1553
1558
1570
1584
1552
1558
1562
1569
1542
539
1555
1560
1562
1552
1564
1532
1552
1290
1566
1412
1559
1554
1550
1168
1558
775
1565
1552
1566
1562
1556
1555
1567
1555
1551
1550
1568
1394
1547
1560
340
1541
1546
1558
1538
1548
1555
1538
1550
1555
1554
1552
1557
1562
1562
1548
1564
1551
1561
1522
1553
1556
778
1553
1565
1551
1434
1563
1566
1559
1553
1555
1561
380
1408
1564
1562
860
1551
1570
1563
1547
674
1561
1564
1570
1561
1559
1566
1553
1494
1570
1561
1554
1554
1566
1538
1546
1556
1556
1558
1550
1560
1557
1562
1553
1551
785
1561
1558
1123
883
1564
1558
1556
1558
1563
1561
1560
962
1562
1563
1551
1565
1414
1568
1570
1577
1568
1576
1566
1562
1554
1568
1548
1561
1570
1554
1573
780
1559
1568
1550
1547
1561
1565
1559
1557
1568
1554
1540
1565
1554
1536
1569
1559
877
1556
1565
1557
1569
1565
1566
1563
898
1555
1561
777
1566
1556
1560
1563
1427
1561
1575
1562
1553
1558
1551
1556
1563
1556
1547
1554
1547
947
1564
1565
1540
1564
1566
1555
1563
1566
1454
762
1554
1550
1556
1566
1482
1557
1563
1558
1557
1556
1567
1572
1460
1569
1543
1565
1558
1555
1195
1550
1553
1560
1556
1557
1560
1557
1562
1567
1565
1047
1564
1574
1558
1528
1559
1562
1557
1253
1537
1561
1569
1531
1559
1563
1550
1551
1554
1552
1547
1559
1563
1556
1567
1481
1563
1543
1524
1544
479
1571
1555
1558
1553
1561
1573
1563
780
1532
1568
1513
1557
1547
1552
1558
1551
1449
828
1547
1555
1555
1569
1554
1567
673
1550
1546
1553
1550
1542
1552
1552
1566
1558
1562
1570
1543
1573
1569
1556
1558
1553
1557
502
1514
1546
1565
1538
1564
1465
1543
1554
1561
884
1556
1317
1572
1058
1562
1307
1573
1520
1558
1575
1568
1002
1570
1560
1395
1561
1570
1544
1563
1507
1104
1560
1511
1557
1560
1562
1559
1558
1545
1571
1566
911
1552
941
1564
1543
1555
1559
1561
1564
1554
1548
1561
355
1566
1560
1548
1552
1556
1553
1555
1562
1532
1557
1557
1555
1568
1571
1544
1565
1560
1560
1554
1548
1555
1533
1560
1563
1553
1014
1547
1562
1556
1554
1569
1564
1561
1445
1551
1557
1562
1554
1562
1568
1569
1562
1558
1557
1556
1559
1565
885
1539
1568
1553
1557
1562
990
1564
1559
1555
916
1565
1553
1562
885
1146
1551
1560
1559
1552
1569
343
1567
1535
1572
1525
1569
1565
1551
1565
1544
1558
1556
1559
1571
1568
1549
1565
1263
1545
1555
1554
999
1557
1486
1554
1567
1550
1560
1550
1560
1352
1574
1559
1535
1212
1557
1556
1563
1566
1570
1561
1547
1558
1356
1572
1556
1559
1551
1556
1544
1552
1538
1560
1550
1565
1576
1559
1567
1551
1553
1554
1573
1560
1557
1547
1567
1568
1562
1549
1569
1558
1568
1564
1564
1566
1553
1561
1369
1559
1553
1556
1246
1548
1540
1104
1568
1553
1569
1563
1558
1573
1568
1555
1559
1555
1560
1557
1557
1563
1549
731
1542
1567
1556
1560
1556
1559
1556
1562
1477
1558
1565
1559
1539
1559
1549
1549
1572
1552
1567
1562
1559
1443
1562
1565
668
1553
1510
1559
1557
1554
1553
1563
1561
1560
1560
1561
1559
1561
1560
1418
1563
1546
1564
1560
1560
1564
1254
1558
1558
1562
1562
1560
1555
1554
782
1559
1558
1558
1559
1559
1559
1563
1546
1562
1564
1555
1556
1562
1550
1554
1550
1562
1556
1549
1131
1555
1551
1567
1061
1537
1568
1546
1561
1559
1549
1531
1560
1557
1560
960
1558
1558
1567
1558
359
1519
1563
1561
1569
1551
1564
1551
1566
1565
734
1565
1564
1551
1540
842
1570
1557
1562
1576
1544
1555
1559
544
1553
1555
1566
1538
1555
1555
1559
1545
1552
1434
1543
1567
1554
1554
1557
1481
1555
1555
1556
626
1559
1561
1444
1558
1563
1550
1558
1565
1557
1545
1562
1553
1471
1539
1564
1558
1565
753
1560
1566
1561
704
1559
1558
961
1559
1561
1547
1561
1567
1565
1557
1481
1562
1571
1560
1568
1560
1558
1568
1552
1557
1564
1577
1560
1568
1559
1569
1557
1560
1560
1555
1551
1550
1571
886
1570
1562
1557
1572
1570
1556
1570
1552
1561
1544
1564
1561
1548
1557
1568
1546
1558
1571
1558
1487
1559
1570
1557
1554
1384
1555
1548
1566
1570
1559
469
1560
1560
1565
1564
1546
1551
945
1566
1557
1567
1555
1325
1563
1560
938
1568
1550
1568
1568
1552
1552
1558
1566
875
1540
1559
1554
1554
1557
1548
1567
1296
1150
1552
1551
1563
1573
1553
1565
1550
1557
1561
1572
1504
1559
1560
1564
1536
1527
1563
1553
1560
1473
1566
1561
1566
1560
1553
1549
942
1574
1555
1567
1563
1557
1562
1229
1555
906
1558
1561
1564
1551
1558
1254
1566
1569
1560
1553
1082
1571
1482
1562
1558
528
1563
1553
1561
1565
1544
1049
1576
1546
1563
1562
1560
816
1564
1566
1561
1558
1569
1537
1572
872
953
1574
1540
1006
1560
1557
1570
1560
1553
1545
1550
1550
1560
1562
1567
1561
1565
1560
1565
1563
1267
1549
1535
1572
1544
1568
1530
1565
1555
1573
1566
1568
1555
1569
1568
1399
1551
1568
1561
1565
1569
1179
1558
1554
820
1523
769
1543
1561
1527
1559
1251
1568
1572
870
1566
1536
500
1566
1576
1566
1566
1555
1550
1564
1573
1556
1557
1554
1566
1554
1568
1559
1003
1512
1550
321
1565
1563
1558
1547
1561
680
1213
1569
1559
1567
1270
1518
578
440
1311
1554
1572
1533
1549
1553
1563
1561
1570
1566
1556
1565
1559
879
1557
1550
1564
1555
1568
1566
422
1561
837
1561
1570
1561
885
1566
1555
1572
1560
1027
1555
1552
1567
1567
1392
1560
1563
1566
1569
1552
1565
1566
1552
1563
1555
1555
1552
1558
1552
1553
1559
1561
1569
1561
1555
1555
1069
1565
870
1523
1574
1567
1166
1557
1558
1559
1553
1565
1557
1554
1557
1566
1567
1571
1556
1566
1536
1547
1560
1545
1564
1569
1564
1572
1550
1547
1539
1360
1554
1212
1566
1557
1560
1559
1567
861
1560
289
1551
1563
1551
1558
1539
1556
1555
1021
1565
1574
1543
1545
1554
1569
1558
1570
1567
1561
1553
1557
1567
1552
1570
1571
1332
1553
1570
1558
1567
961
1554
1557
1561
1552
804
1558
1563
1561
1544
1557
1541
1570
1551
1542
1564
1566
1572
1561
1547
1557
1565
1555
1482
1555
1551
1566
1561
1489
1560
1545
1557
1563
1562
1550
1568
1565
1564
1570
1572
1551
1562
1563
1559
1549
1560
1567
1559
1566
1569
1550
1561
1518
1565
1558
1561
1560
1550
1561
1558
1554
1565
1556
1556
1542
1557
1548
1556
1114
1556
1560
573
1568
1505
1574
1554
649
519
1565
1566
1565
1555
1556
585
1560
1563
1557
1560
1545
1564
1548
1549
1555
855
1556
1286
1558
1556
1550
1565
1552
1559
1560
1567
1562
1561
1532
1551
1550
1562
1429
1429
639
1561
1560
1557
1542
823
1553
1542
1563
1561
1552
1554
1564
1534
1550
1537
1543
1556
1550
1561
1539
1212
1563
962
1556
1236
1556
1560
1557
1565
1511
1560
887
1561
1547
1551
1564
1127
1559
1550
1579
1559
1550
931
1551
1563
1564
882
1560
1566
1559
1561
1556
1559
1548
1567
1549
1547
1545
1555
1555
1568
1557
1553
1568
1560
1558
1566
1556
1573
1557
1566
1560
1548
1565
1549
1561
1558
1569
1556
1566
1543
1551
1559
1565
1138
1527
1565
1558
1560
362
1515
1565
1534
1560
1551
1553
1013
1548
1556
1461
795
1545
1558
1562
1567
1551
1556
1563
1559
605
1553
1565
1554
1520
1560
1571
1575
1530
1294
1558
1564
1015
1565
1562
876
1575
1501
1552
1564
1563
673
1561
1570
1554
1570
1564
1558
1566
1566
1553
1545
1548
1555
1564
1505
1568
1555
1563
1561
1223
1565
1563
1553
1563
1555
1562
1564
1571
1558
1557
1552
1555
1568
1540
1555
1558
1566
1562
359
1561
1571
1565
1547
1550
1540
1562
1561
1568
1557
1555
1537
1043
1565
1558
1559
1559
1556
1552
1550
1557
1569
1483
1558
1564
1561
1563
1465
1563
1564
1564
1560
1562
1554
1559
1562
1552
1520
1575
1077
1544
867
1068
1554
924
1555
1128
1546
1564
1558
838
1546
1554
1558
1558
1544
1561
1556
1359
1520
1554
1565
1559
1558
1554
1565
1547
1550
1548
1538
1570
1557
1562
1565
1554
1567
1547
1567
1576
1560
1548
1569
1440
1568
1565
1569
1554
1562
1542
1547
1572
1555
1569
1553
1552
1559
1557
1567
401
1558
1560
1558
1548
1567
1555
1559
1540
1568
1560
1525
1559
1559
1568
1554
1565
1555
1565
1567
1546
1560
1562
1526
1558
1556
1553
1557
1558
1559
1552
774
1551
1482
1549
1538
1570
1563
1240
1542
1568
1572
1561
1540
1548
1557
1556
1550
1563
1559
1089
1544
1568
1562
1538
1559
1559
1530
1545
790
1554
1502
783
1546
1563
1581
1556
1553
1552
1552
1560
1459
1561
1555
1560
1556
802
1547
1545
1534
1560
1569
774
1568
1555
1563
1570
1551
1535
1560
1569
1553
1554
1552
1555
1558
1556
1529
1558
1572
1552
1564
1551
889
1543
924
1558
1555
4009
1188
1544
1526
1541
1544
1546
1551
1535
793
1546
1558
785
1554
1553
1019
1542
1555
1554
799
1540
1548
1538
1547
1556
1537
1538
1533
1558
1547
1543
1568
1561
1566
1550
1556
1558
1547
1555
1537
1548
1557
1562
1561
1562
1544
1556
1561
761
1561
948
1560
1543
1553
1540
1561
1525
1551
1552
1558
1543
1554
1554
1562
1563
1543
1566
1204
570
1569
1538
1527
1524
1562
1563
1551
1553
1552
1551
1528
1566
1556
1553
1566
1550
1558
1565
1521
1563
1566
1554
1555
1562
1558
1567
1557
1561
1567
1558
1561
883
1560
1553
1570
1553
1559
1558
1313
1546
1568
1551
776
1564
1559
1562
1567
1550
1559
1538
1563
1559
1565
1556
1563
1552
1364
977
1568
1558
1500
1558
1560
1573
1569
1565
1563
1550
1556
1539
1535
1551
1565
1556
1556
1552
742
1549
1567
1562
1562
1563
1527
1558
1557
1569
1551
1566
1545
1559
1552
1549
864
1551
1538
1548
1561
1560
1558
1553
1545
1562
1542
1566
1062
1554
1536
1547
1564
1548
1572
1559
1557
1555
1557
1561
1573
1539
1556
1557
1545
1546
1561
565
1549
1539
1562
1560
1562
1560
1563
1561
1562
1559
1558
1559
1558
1554
959
1556
1545
1556
1550
1556
1540
1550
1564
1401
1554
1550
1561
1543
1556
1546
873
1552
1554
1555
1555
1558
1360
1551
1106
1560
1560
1548
1558
1551
1559
1551
1555
1556
1553
1552
1548
782
1559
1559
1556
1561
1555
1562
1552
1561
1545
1546
1565
1563
1566
1561
1573
1563
1566
1563
1539
1523
1561
1139
1554
1565
1543
1538
1564
1390
1564
1557
1554
1554
1557
1551
1565
1115
1558
1549
1560
1557
1175
1569
1555
1553
1561
1554
1554
1559
1566
1567
1583
1556
1396
1559
1561
1559
1567
1566
1544
1565
1569
1522
1551
1564
1559
1554
1555
1565
1533
1556
1559
1563
1542
1023
1563
1565
1544
1552
1553
1556
1567
1563
1556
1548
1562
1562
1529
1566
1560
1562
1564
1558
1553
1569
1571
1555
1560
1554
1555
1563
1538
1561
1567
1572
1561
1555
1563
1521
1560
1567
1014
1559
1578
900
1573
880
1547
1562
1552
1555
1558
1558
1567
1550
1566
1559
1554
1558
1561
1562
1561
1561
1552
1551
1555
1567
1560
888
1559
1562
1564
1545
1558
1557
1560
1565
1557
1221
1559
1564
1560
1558
1560
1544
1562
1557
1518
1558
1551
1559
1566
1131
1540
1551
1556
1531
1547
1552
1555
1554
1277
1330
1550
1548
1559
1549
1554
1558
1557
1544
1555
1558
1560
1569
1559
1558
1552
1558
1552
783
1548
1564
1568
1339
1553
1564
1564
1275
882
1561
1552
1562
1561
1571
1549
845
1078
392
1563
1566
1551
1568
1574
1569
1547
1564
1552
1546
1559
1569
1552
1566
1559
1560
1548
1567
1551
1550
1557
1557
1566
1556
289
1564
1577
1550
1548
1563
1546
1555
1565
1242
784
1445
1566
1527
1545
1562
1557
1559
1559
1558
1570
1580
1556
1419
1570
1565
1546
1562
1556
1571
1564
1568
1560
1562
1551
1566
1561
1559
1563
627
1573
1562
1556
1549
1558
1309
1560
1567
1552
1563
935
1564
1573
1561
1560
1548
1560
1551
1549
1565
1564
1558
1567
1561
1558
835
1560
1560
1573
1556
1540
1568
1569
1162
1569
1552
1576
1568
1565
1560
1561
1559
1550
1547
1558
1550
1560
1551
1559
1551
1551
1571
1561
1566
1557
1559
1541
1561
1546
1567
1552
1555
1245
784
1534
1182
1560
1558
1559
1555
1553
1561
1543
1548
1554
1562
1539
1553
1554
1560
749
1563
1557
1569
660
1567
1558
1570
1557
1562
1555
1565
1569
1558
1556
1549
1558
1566
1572
1561
1578
1553
1557
1549
1555
1567
1567
1554
1500
991
1564
1565
1547
1559
1558
1563
1558
1565
1531
1551
1554
1564
1540
1543
1061
1038
1555
1124
1554
1562
1556
1547
1553
1556
992
1164
1550
749
1544
1552
1558
1563
1570
1571
1574
1564
1559
1556
1555
1554
1555
1569
1024
1549
1552
1569
1567
1564
1559
1552
1573
1556
1555
1101
1559
1552
1556
1556
1555
1562
1567
1568
1557
1562
1554
1564
1563
1000
1557
1560
1544
1553
1552
1555
1558
910
1553
1558
1548
1569
775
1553
1557
1560
1553
1561
1560
1557
1558
1565
1556
1547
1566
1554
1565
1554
1556
1567
1558
1562
1569
1558
1565
1561
901
1568
1557
1540
1564
1566
1559
1553
1561
1541
1562
1243
1553
1564
774
1567
1553
1559
1574
1561
875
1556
1549
1561
1566
1553
1571
1547
1549
938
1570
886
1548
1552
1561
1568
1545
1002
1566
1558
1560
1284
1524
1571
1541
1553
793
1555
1561
1552
1565
1562
1553
1574
1556
1563
1556
1565
1565
1561
1551
1553
1562
1560
1252
1558
1556
1560
1556
1525
1555
1570
1555
1553
1549
1555
1571
1567
1564
1558
1544
1542
1562
1569
1565
1576
1562
1552
1548
1569
1566
1564
1558
1574
1556
1566
1553
763
1491
1562
1552
1548
1549
1564
1548
1552
1562
1547
1547
1539
1561
1537
1543
1566
1562
1561
1152
1555
1221
1553
1548
1555
1533
1558
776
1561
1543
1567
1111
1550
1550
1563
1533
1550
1553
1559
1550
1560
1559
1553
1567
1544
1549
1559
1547
1557
1518
1557
1564
1563
1558
1558
1570
1565
1563
1542
1297
1566
1562
1565
1555
1558
1563
1571
1572
1552
1560
1522
1563
1559
1563
1558
1556
1567
1564
1531
1550
1561
1570
1572
776
1549
1559
1555
1557
1547
1572
1570
1561
1556
782
1559
1559
869
1553
1574
1566
1557
774
1564
1556
1384
1556
1559
1555
1568
1565
1555
1556
1544
1539
1569
1563
1559
1569
1510
1551
1560
1549
1555
1568
1557
1573
1565
1565
1562
1545
1549
1537
1440
1564
1558
895
1560
1560
1543
777
1549
1569
1551
1551
1554
1563
1558
1562
1564
1267
1560
1533
1551
1544
286
1548
1555
1247
1554
1544
1552
1524
1558
1560
1472
1496
1547
1554
1562
1527
1108
1565
788
1568
1564
1256
1560
1552
268
1563
1564
1569
777
1563
1573
1461
1566
1272
1568
1309
1555
1560
1559
1562
529
1090
1558
1567
1567
1554
1552
1557
1557
1564
1554
1510
1552
1551
1564
1538
1551
1554
1557
970
1547
1556
1560
1573
1562
1564
1537
1548
1560
1041
1545
280
1569
1553
1544
1563
1579
1551
888
1565
1554
1550
1556
1559
1570
1344
1562
1553
1558
1563
1559
1556
1427
1548
1540
1568
1544
1289
1555
1571
1568
986
1559
1107
1561
1560
1559
1556
1550
1552
1542
1543
1563
1543
1561
1556
1556
1563
1583
1550
1561
1552
1554
1571
1561
1555
1551
1556
1568
1558
1549
1555
1567
1559
1526
1552
783
1557
681
1559
1566
1537
1565
1531
1014
1561
1566
1566
1554
1558
1556
1538
1561
1566
1550
1560
1542
1580
1544
1549
1555
1568
620
1554
1558
1568
1554
1566
1541
1562
1570
1560
1567
1020
1550
1563
1553
1085
1563
1548
1209
1557
1575
821
891
1570
1571
1556
1560
1517
1566
833
1387
1557
1552
1548
1522
770
1561
1558
1568
1563
1552
777
1567
1559
1535
1546
1564
1551
1560
1560
1548
1568
1562
1551
1570
1549
1551
1561
1526
1571
1459
1516
1543
1553
1553
1472
1551
1536
1562
1566
846
1552
1555
539
1564
873
1569
1545
1565
1546
1575
1562
1569
1563
1416
1470
1561
1562
1563
1559
1556
1542
1552
1551
1556
1555
1003
1566
1559
919
1556
1538
815
1490
1562
1561
1563
1565
1566
1557
1557
1553
1545
1556
1574
1569
1565
1560
1548
1547
1561
1555
924
943
1570
1556
1571
1565
1562
1554
1566
1549
1469
1551
1251
1567
1540
1564
1577
1549
1559
1565
1566
1539
1535
1568
1570
1530
1331
1565
1545
1557
1557
1547
1562
1569
1556
1559
1466
1559
1565
1546
1559
1552
1474
1563
1534
1548
1539
1556
1559
1562
1566
1562
1562
513
1556
882
1558
1553
1549
1561
1555
1565
1561
1555
1558
1534
1557
1562
1560
1566
1552
1557
1573
1557
1516
1554
1558
1558
1560
1563
1553
1568
1572
1564
1564
1565
1557
1398
1562
1561
1569
1562
720
1569
1551
1558
1556
1557
1572
1568
1558
1552
1568
1561
1561
1528
1542
1563
1552
1569
1543
1563
1561
1565
1546
1555
864
997
1559
861
1556
1558
1566
954
1563
1557
1560
1558
1556
1535
1542
1561
1566
1558
1550
1563
1519
1551
1563
1558
1554
1559
1549
1566
1554
1558
1554
1552
1557
1555
884
1553
1478
1550
1556
1565
1560
1469
1558
1553
1566
1525
1561
1555
1536
1561
1559
1573
1555
1527
1567
1546
1554
1568
1564
1542
1556
1561
1548
1556
1549
1556
1550
1550
1564
1545
1537
1550
1567
1555
1256
1562
1532
1552
1558
1545
1404
1564
1557
1560
1568
1562
1415
1559
1554
1554
1557
1440
1544
1554
1558
1544
1561
1561
1562
1567
1554
1559
1555
1561
1538
1462
1566
1568
1541
1573
1568
1547
1542
1303
1121
1545
1528
1562
905
1555
1377
1558
1559
1562
1561
1560
1564
1559
797
796
1557
1566
1540
1568
1562
1546
1558
1242
1558
942
1557
1569
1562
1562
1565
1583
1570
1547
1555
1546
1549
1458
1569
1557
1559
1537
1563
1559
1561
1542
1551
1556
1564
1565
1572
1564
1537
1553
1543
1551
505
1547
1559
1564
1567
1335
1554
1531
1559
1096
1560
1558
1546
1567
1561
1566
1560
1557
1558
1552
1555
1551
1552
1550
1568
1559
1563
1564
1576
1564
1567
882
1570
1573
1568
844
1565
1561
1568
1569
1556
1555
1539
1579
1560
1568
1563
1285
1565
1573
1532
1546
1543
984
1566
1558
1570
1007
1392
1570
1554
1533
1305
1569
1564
1557
1561
1557
998
1569
1564
1562
1557
1559
1543
782
1549
933
1558
1546
1561
1560
1552
1089
1573
1555
1569
1547
1555
1422
1563
1552
1550
1552
1567
1560
1558
1573
1562
1386
1577
1570
1539
1572
881
1571
1549
1572
1552
1563
1546
765
1547
1561
1551
1564
946
1566
1554
1560
1566
1569
1558
306
1427
1500
1570
1566
1555
747
1554
1565
1574
1567
780
1561
1562
1565
1562
1556
1558
1563
949
1559
1548
1564
1555
966
1558
1568
1563
1563
1571
1561
1563
752
265
1550
1524
1557
1565
1559
1568
1561
1562
1567
1550
1560
1566
1547
1559
1146
1425
1556
1545
1563
1555
1515
1559
1560
1572
1536
1523
1551
1565
1539
1524
1553
526
1259
984
1551
1382
1565
1551
1559
1549
1544
1549
1554
1540
1563
1555
1540
1553
882
1563
1556
1568
814
1562
1559
1550
1556
1561
1558
1425
1560
1545
1555
1013
1550
1550
1555
1550
1555
1353
1575
1266
1494
848
1538
1558
1552
1561
1564
1568
1568
1553
1553
1556
1560
1537
1559
1557
1555
1550
1564
1557
1555
1554
1543
1558
1545
1556
448
1567
1562
1561
1508
1560
1557
1562
1078
895
776
1550
1547
1559
1567
1564
1340
1559
1559
1562
1565
1572
1526
1527
1567
1559
1554
1559
1560
1560
1554
1569
1553
617
1529
1561
1555
1556
1546
1557
1564
1560
1574
1568
1554
1554
1554
1550
1569
1568
1558
1523
1167
1555
1496
1569
1549
1553
1530
1540
1555
1043
1534
1572
1562
1569
1566
851
1556
1567
1544
1574
1564
1568
882
1562
1575
1565
1562
1555
1565
1566
1563
1557
780
1555
1562
1567
1562
1570
1400
1568
1549
1553
1562
805
1571
1561
1552
1563
1549
1564
1563
1548
1555
1313
1543
1548
1553
1560
936
1556
1551
1558
1566
1557
1552
1570
1562
1541
661
1555
1564
1566
1559
1556
1571
909
1561
1555
949
1547
1516
1565
1557
1571
1564
1557
1564
1554
1553
1561
1539
1557
1548
1550
1565
1561
1416
1558
1548
1543
1554
1553
1531
922
1559
1538
1561
1552
1559
1555
1572
1555
1556
1564
1559
1562
1565
1066
1560
1556
1147
1557
1552
1569
1529
1566
1547
1515
1561
1555
1567
1566
1567
1121
1551
1577
1557
1548
1568
1556
1557
1558
1350
1539
1558
895
1549
1503
1557
1570
1567
356
1313
1557
1558
1514
1559
787
872
1556
1554
1573
1547
1560
1563
1563
1565
1568
1571
1561
1560
1552
1419
1573
1561
1553
1169
1558
1560
1098
1578
1568
1538
1558
1551
1567
1553
1542
1556
1564
1573
1141
1550
1485
1566
1542
1563
1549
1566
1556
1556
780
793
1547
1566
1561
1558
1552
1216
879
1558
1545
1563
1569
1558
1559
1565
1560
1544
1567
1560
1558
1558
1032
1538
264
1564
1554
1563
1574
1538
1555
1558
1549
842
573
1561
1566
1566
1571
1482
1561
1562
1555
1219
1560
1535
1564
1554
1555
1005
1562
1542
1567
1556
1569
1561
1562
1549
1561
1548
1563
1568
1557
1329
1229
1557
1554
1560
1558
1548
1318
1563
1552
1563
1560
1570
1555
1543
1557
1431
1569
1557
1576
1549
1565
1562
1565
1569
1563
1553
1448
1553
1565
1557
1564
1564
1561
1562
1562
1561
1562
1534
848
785
1559
1553
1563
1564
1570
1556
1556
1552
1566
1559
1558
836
1415
1537
1572
1463
1569
1552
1562
1555
1562
1563
1552
1065
1547
1558
1435
1029
1565
1561
1542
1564
1550
1549
1569
1571
1565
1565
1566
1574
1567
873
1546
1559
820
1567
1556
1563
1558
1557
1558
1549
879
1542
1572
1519
1556
1553
1561
1550
1547
1564
1562
749
1553
873
1555
1559
1572
1520
1565
1560
1557
1105
1576
1553
775
1571
1552
1559
1563
1562
1531
1565
1518
1554
1550
1558
452
1564
817
1564
1561
1553
1567
1562
1560
1577
1560
1562
1552
1543
1573
1546
1515
1564
1565
1559
1560
1560
748
1556
1572
1554
1567
1564
1559
1557
1538
1391
1565
1557
1558
998
1556
824
826
1557
506
1557
1558
1562
1559
1552
1568
1557
1551
1213
1570
1567
1564
1557
1558
1566
1549
1561
1485
1568
1565
1555
1556
1555
1554
1565
1562
1540
1553
1556
1499
1530
1543
1564
1544
1558
1556
1560
1534
1562
1552
782
1563
1561
1556
1549
1562
1327
1550
1544
853
1408
1566
1555
1401
1553
1082
1552
1567
1558
1552
1558
1572
1555
765
880
1556
1567
1564
1551
1538
1557
1566
873
1567
783
1550
1562
683
1552
1098
1257
1566
1566
1169
1567
1565
1564
1563
1555
1564
1563
880
1559
1566
1539
1556
1561
1566
1556
1561
1522
1566
1565
1574
1569
1216
1544
1553
1561
1555
1558
1568
1561
1443
1556
1545
1530
784
1544
1555
1556
1551
1559
1559
1558
1557
1576
1559
1559
1558
1557
1548
1522
1566
1560
1560
1551
1531
1550
1559
1559
1549
1070
1480
1555
1553
1552
1544
1534
1555
1571
1562
1557
1548
1550
609
1559
973
1568
1553
829
1553
772
1563
1550
1531
1154
1555
1541
1570
1555
1552
1548
1549
1551
1561
1556
1574
1181
1559
1549
1561
1558
1564
1553
1567
1559
1569
1558
1557
1549
1562
1556
1563
1560
1558
1555
1554
1559
1565
1542
1556
1566
1557
1562
1558
1545
1569
1546
1563
1554
1560
1278
1556
1556
1543
1551
1311
1566
1569
1563
1555
1551
1556
1526
1558
1570
1567
1553
1556
1553
1540
1561
1558
1564
1560
1547
727
1559
1558
1561
1560
1559
1573
1552
411
1564
1545
1559
1552
1563
1554
936
1560
1561
1563
1565
1567
1552
1568
1559
1051
1556
1558
1568
1553
1494
1562
1565
1557
1565
1564
1565
1558
1559
1564
1550
1563
1568
1558
1580
1549
1558
1559
1560
1546
980
1562
1557
1559
1557
1570
1557
1563
1549
946
1544
1565
1568
1539
1559
1548
1568
1557
1545
1263
1556
1557
1550
1554
1552
1567
1559
1554
1543
1556
1538
1312
1543
1553
1565
1550
1554
1548
1557
1424
1273
1550
1557
1560
1551
810
1565
1561
1557
1559
1555
1570
1564
1562
1558
1554
1562
1554
1555
1549
1564
1559
1554
1553
1562
1568
1545
1564
1541
714
1551
1498
1563
1060
1572
1559
1550
1549
1556
1562
1567
1567
1562
1566
1571
1549
1543
1563
1567
1558
1537
1563
1560
1549
1563
1545
1562
1561
1548
1095
1562
1562
1554
1238
1562
1534
1563
1513
1482
1560
1562
1559
1559
1567
1550
1560
1570
1544
1553
1556
1563
1547
1554
822
1575
1564
1518
1563
1461
1570
1556
1564
1557
1542
1555
1559
1554
1562
1544
1571
1551
1551
1545
1556
1569
1551
1529
1566
1566
411
1570
1562
1534
1559
1222
1273
1562
787
1560
1569
1561
1535
1568
1532
1550
1550
1560
1565
1557
1538
1567
1552
1569
1079
1554
1555
1559
1561
1553
1548
1573
1559
1569
1558
1556
1549
1560
1560
1554
1559
1546
1559
1563
1559
1563
1550
1344
1558
1560
1563
1564
1553
1549
1565
862
1560
963
1567
1555
1549
1562
1555
1567
1547
1554
1553
1534
1567
1564
1366
918
1203
1569
1547
1553
1535
1553
1558
1314
1555
1561
1140
1549
1569
1565
1550
1572
1567
1573
1554
1552
1565
1114
1557
1562
1566
1174
1141
1562
1558
969
1560
1568
881
1565
1569
1562
1545
1546
1561
1569
1558
1556
1556
1561
1266
782
1555
1564
1569
1557
1564
1545
1566
1563
1562
1555
1545
1567
1561
1550
1013
1556
1560
1561
1564
1555
1552
1551
1558
1565
1560
1552
1558
1553
1323
1542
1550
1555
1546
1564
1542
1548
1562
1552
1556
1560
1556
1545
709
1562
1527
1403
1549
1495
1548
1555
1554
1554
1552
1542
1563
1557
1551
1506
1551
1530
1552
1559
1567
1526
1568
1559
1552
1521
1554
1553
1504
1563
1559
1545
1544
1571
1565
1558
1562
1312
1566
1559
1561
1558
1559
1559
1560
1568
1565
1564
1555
974
1559
1556
1545
912
1562
765
1565
1552
1563
1554
867
1565
1571
1546
1550
1555
1566
1553
1557
1556
1555
1552
1558
1560
1551
1560
1567
1556
1531
1563
1564
1565
1548
1558
1564
817
1564
1562
1564
1458
1530
1564
1559
1554
1560
786
1546
1551
1564
1560
1552
1548
1554
1552
1066
1556
1565
1533
1560
1566
1573
1566
1210
1554
1572
1580
1541
1550
1565
1559
1562
872
1560
1556
1550
1545
1561
1565
1558
1555
1555
1561
1549
1559
1552
1555
1567
1566
1520
1559
1565
1564
790
1540
1566
1553
1193
1549
1538
1551
1553
1564
1559
1491
1562
1568
1550
1549
908
1561
970
1540
1559
1568
1566
1569
1560
1564
1404
1548
1563
1563
1557
1568
1554
1563
1017
1530
1555
1559
1528
1571
1562
1565
1541
1559
1567
1568
1548
1483
1537
1562
1550
1567
1553
1557
1567
1574
1553
1559
1549
1561
1562
895
1566
1551
1558
1537
1559
1553
1130
1562
1555
963
1572
1558
1556
1554
1569
1556
1555
1561
1565
1564
1564
1570
1555
1561
1569
1562
1549
954
1551
1379
1562
1553
1557
1560
1565
1545
1563
1557
1558
1559
1561
1563
1552
1557
1562
1563
1568
1566
1535
1555
1559
1558
1558
1562
1561
1549
1433
1567
1560
1567
1243
1428
1555
1552
1558
1565
826
1567
1559
1527
1558
1539
1561
1563
1552
1557
1532
1568
868
1551
1548
1559
1566
1517
1556
1557
1562
1572
1407
1560
1568
1566
1552
1556
1558
1562
1560
1559
1566
1568
1567
1564
1574
1557
1554
1559
1573
1560
1562
1550
1561
1554
1555
1587
1057
1564
1565
1550
1548
1553
1556
1566
1174
1546
1427
1543
1561
1553
1574
1553
1545
1553
1556
1547
908
1557
787
1571
1554
1573
1559
1550
1558
1563
1567
993
1565
1567
1567
1550
1561
921
1535
1562
1537
1564
1561
1556
1565
1553
1532
1569
1544
1563
1557
1541
1558
1565
1553
1555
1556
1079
1547
1553
1563
1553
1556
1563
1557
444
1555
1557
1204
1569
1571
1559
1547
1559
1262
1554
1555
1568
1552
1438
1556
1558
1558
1553
1550
1497
1568
1550
1550
1558
1565
1558
1548
1564
1564
1384
1419
1566
1552
1556
1553
1556
1560
1571
1562
1546
1499
1550
1562
1565
1553
1572
1571
1570
1563
1562
1559
1557
1562
1379
1559
1563
1558
1560
1552
1571
1566
796
1563
1556
1569
1548
806
1563
1557
1569
1566
1555
1553
1401
1560
1552
1555
1563
1562
873
1541
1570
1554
1557
1550
1543
1560
282
1537
1554
1570
1572
1559
1567
1436
1568
1568
1014
1565
1568
1559
936
1560
884
1280
1553
1560
1548
1547
1560
1544
869
1557
1569
1557
1559
1561
1527
1571
1181
1557
1556
1487
1559
1555
1550
1566
1535
1566
1549
1551
781
1564
1555
1541
1563
1561
1553
910
1547
1555
413
1567
1569
1562
1567
1353
1555
1550
1558
1557
331
473
1563
1566
1558
1557
1559
1552
1548
1558
1560
1554
1567
1568
1542
862
1562
1569
1563
1550
937
1563
1566
1020
1109
1542
1545
1546
1545
1552
1371
1566
1565
1563
1543
1564
1557
1551
1563
1540
1556
1540
1163
1555
1562
1560
1555
1558
898
1548
1553
1306
1564
1559
1560
1559
1559
1575
1564
1539
440
1549
1106
1555
1549
1565
1567
1419
865
1563
1551
1533
1568
1558
1564
1558
1560
1545
1552
1429
1565
1551
1562
1559
1529
1554
1553
1561
535
791
1565
1560
1570
1547
1555
1557
1559
1539
1569
1568
1565
297
1547
1565
1540
1559
1572
1529
1560
1555
1564
1391
1567
1555
1582
1562
779
1566
1534
1552
1537
1567
1550
1565
1560
1557
1554
983
1551
1563
1572
1546
1559
1554
1572
1483
1563
1547
1016
1560
1556
1558
1564
1548
1567
1555
1553
1554
1552
1553
1562
1565
1543
1564
1570
1539
1558
1555
1557
1559
1559
1365
1544
1557
1561
1406
1555
1559
1549
1545
1552
1553
1563
1550
1569
1570
1560
1544
1555
1553
1551
1157
1471
1564
1560
1549
865
1562
1569
1557
1552
1556
1567
1550
1560
1555
1576
1568
1424
1555
1568
1551
1559
1550
1561
1560
1563
1564
1545
1018
1561
1562
1563
1170
1537
1563
1569
1555
1568
1556
1565
915
1552
1566
1551
1556
1562
1557
1549
1561
1563
1561
817
1113
1558
1558
1565
1555
1554
1559
1564
1562
1551
1566
1561
1565
1475
1556
807
1561
769
1566
1562
1566
1573
1577
1557
1593
1518
1248
1562
1563
1557
1569
1565
1541
1564
881
1567
1558
1552
1539
1561
1548
1556
1560
1555
1555
1561
1548
1568
1557
1569
1541
1545
1554
1564
1557
1532
1552
770
1461
1562
1559
757
1573
1330
1562
1564
1536
1528
1569
1562
1558
1228
1570
1549
1565
1567
1557
1570
1562
637
1552
740
1561
1551
1559
1558
1554
1562
1564
1009
1559
1507
1559
1504
1549
1556
1561
1560
1450
1287
1571
1560
1561
1560
1552
1553
1563
1557
1558
1554
1533
1561
1558
1553
1557
861
1555
1540
877
1566
1560
1541
1563
1564
597
1558
1560
1557
1564
1570
1554
1541
1569
1138
1533
1554
1564
1537
1567
1563
1554
1566
1531
1193
1561
1555
1561
1551
1533
1554
1560
1564
1551
1559
1546
1554
1560
1553
1551
1568
1569
1566
1550
1564
1561
1562
1384
1353
1559
1567
1541
1555
1557
1550
1574
1546
1557
1554
1557
1572
1559
1563
1535
1541
1553
1529
1560
1553
1570
1561
1559
1568
1558
1544
1560
1549
1539
1390
1552
1554
1550
966
1563
1568
1552
821
1557
1550
1557
1561
1556
1561
1563
868
1549
1561
1565
1116
1551
1551
1549
1559
1556
1565
1551
1569
1550
1559
1545
1549
1563
1558
1564
1257
879
1551
1553
1558
1560
1558
1575
845
1563
1569
1541
1542
1540
1551
1553
1574
1562
1568
835
1557
1563
1564
1560
1548
1570
1558
1404
1557
958
1556
1527
1555
1530
1297
1559
1573
1561
1056
1568
1321
1562
1537
1576
1554
1540
997
1550
1555
837
1554
1530
1556
1542
1553
1569
1565
1561
1562
1555
1569
642
1560
1553
1560
1575
1564
1568
1553
1037
506
1557
1564
1551
1562
1569
1549
963
1560
1547
1535
1553
1564
1560
1559
1551
1558
1572
1562
1564
1539
739
1558
1551
1572
1568
1550
1550
1562
1544
1565
1563
1561
1557
1561
1565
1544
1419
1549
1541
1571
956
1566
1553
1560
1549
1536
1545
1550
1549
1558
1549
1558
1550
1558
1557
1350
1552
1553
592
1571
1560
1552
1561
1557
1564
1180
1553
1566
1405
1568
1564
949
1568
1560
1575
1417
1556
1576
1559
1547
1569
1548
1562
1559
1558
1568
1555
1556
1557
739
1572
1573
1548
1569
1561
1562
1557
1564
1559
768
1569
1568
1569
1556
1565
1557
1559
1557
1564
1194
798
1206
1550
1565
1566
1551
1555
1296
1571
1567
1559
1543
1551
1570
1556
1564
1564
1561
1559
1554
1554
1566
1055
1565
850
1557
1015
1551
1556
1505
1563
1557
848
1564
1561
1566
1558
1567
1550
1570
1563
1559
1559
1563
1551
1560
1556
1176
1556
1563
1569
1564
1554
1552
1555
1556
1564
1567
1526
1557
1556
1559
1555
1403
1566
1546
1562
1551
1549
1555
1531
1558
1559
1559
1551
1571
1562
1574
1561
1562
875
1551
1560
1559
857
1567
1563
1562
1524
1562
1557
1555
1547
1564
1555
1569
1559
1565
1143
1557
1555
1568
1572
1294
1552
1561
1518
1556
1550
1552
1562
1539
1573
1559
1157
1440
1564
1475
1468
1559
1550
1560
1551
905
1547
1558
1549
1562
1549
1552
706
1567
1556
1563
1466
1554
1560
1560
1553
1550
1546
1540
764
1559
1554
896
1531
1560
1558
1545
1570
1564
1549
1553
1559
1561
1550
532
1556
1130
1519
1552
1569
1562
1550
1564
1572
1554
1562
1534
1561
1564
1555
1055
1499
779
445
969
1552
1578
1528
1531
1566
1559
1570
1585
1115
1542
1571
808
1555
1560
1558
1547
1562
1534
1058
1566
1568
797
1558
1568
1577
1553
1556
1573
1563
1571
628
1566
1560
1563
1551
1556
1550
1534
1567
1566
1559
1565
1548
1564
883
1566
1557
1555
1563
1541
1561
1551
1553
1562
1558
1400
1552
1557
785
1499
1540
1579
1559
1536
1573
1562
1567
1573
1079
1573
1561
1560
742
1007
1564
305
1570
1555
1567
1561
1547
1562
1556
1550
1552
1564
1567
885
1552
1552
1559
1180
1575
1563
1547
1574
1206
1559
1560
1554
825
1557
1273
1441
1554
1419
1550
1100
1549
1562
1519
1553
1568
1578
1564
1282
1551
1564
1569
1553
1564
1559
1569
1548
1571
1561
1563
1568
987
1545
1565
1556
1562
1557
1570
1551
1554
1572
712
1568
1556
928
1575
1568
1555
1552
1565
1555
1561
1553
777
1549
1563
1561
1560
1565
1556
1407
983
1563
1554
1559
1565
1553
1558
1543
1552
889
1555
1568
1571
1550
1549
1560
771
1538
1548
1556
1570
1559
610
1394
1560
1541
1562
1557
1557
1539
1567
1570
1561
1555
1550
1557
1559
1572
1550
1552
1550
1568
1559
1554
1482
1553
1562
1558
1565
1565
1562
1545
1562
1554
1466
1542
1548
1576
1561
1562
1557
1570
1568
760
1554
1564
1566
1551
1566
1566
1559
1557
1555
1564
1571
1569
377
1565
1555
1541
1550
1548
1549
1565
1561
1559
1560
1555
1550
1564
1554
1553
1561
1569
1558
1563
1570
835
1563
1543
971
1554
1548
1559
1551
1549
1557
1562
1538
1547
1556
1558
1543
769
1559
1554
872
1549
1552
1548
1564
1564
1563
1555
1531
1566
1557
1553
1556
1569
1547
1545
541
1568
1565
1484
1556
1559
1568
1546
1538
1575
1563
1550
1542
1569
1564
1565
1549
1563
1553
1570
1508
1566
1560
637
1564
1563
1567
1568
1062
1563
1548
1556
1556
1562
1542
1571
1561
1554
1557
1549
1569
3872
1557
1542
1548
1536
1553
1546
1562
1542
1051
1556
1548
1562
1548
1526
1549
887
1554
1543
1560
1554
1500
1567
1551
1565
1553
1561
1551
1545
1560
844
788
1548
1561
1558
1525
1567
1550
1539
1551
1100
1561
1565
1552
1556
1534
1078
1562
1325
1537
1563
1551
1552
1551
1558
1540
1544
1554
1522
1550
1543
1218
1553
1551
1560
1557
1573
1569
1556
1536
1555
1517
1569
1555
1559
1299
1559
1540
1560
1560
686
1567
769
1566
1562
1564
1565
1559
1566
1561
882
1557
1563
1570
1552
1545
1552
1568
1561
1547
1563
1552
1560
893
1561
1559
1565
1157
942
886
1571
1559
1560
1535
1558
1558
891
1570
1560
1401
1331
1556
1341
1574
1559
1571
1548
1561
1548
1502
1189
1554
1565
1554
1554
1525
1552
1585
1549
1567
1560
1572
861
1573
1558
1544
1576
1559
1549
1566
1520
1568
1569
1560
1563
1553
1564
1570
1556
1559
1492
1563
1551
1541
1562
1560
1007
1561
1560
1093
1559
1544
1570
1538
392
1565
1561
1560
1548
1157
1567
731
1548
1557
1561
1549
1562
1558
1562
1528
1550
1561
608
1561
1543
1536
1549
1564
1565
1559
1555
1556
1561
1560
1553
1559
876
806
1551
1374
1558
1564
1558
1068
1562
1562
1544
1531
1565
1561
1561
1459
1560
1557
889
1564
1563
1563
1556
1546
1564
1560
944
1574
1552
1562
1559
1238
1563
1566
1555
1561
1550
1530
1561
1565
1561
1558
1021
1140
1564
1171
1535
1169
1570
1582
1567
1558
1559
1566
1541
1564
1543
1554
1560
1554
1553
1563
1569
1566
1563
395
1565
1567
1574
1567
1559
1477
1558
1573
1555
1567
1565
1567
1558
1542
1574
1560
1566
1555
1444
1560
1565
1558
476
937
1553
1549
988
1574
1566
1540
1578
1570
1565
1558
1558
1553
1552
1548
1554
1568
1559
1549
1559
1536
1562
1563
1563
1552
1545
1558
1537
1562
1561
1171
1565
1539
1556
1550
1559
1569
1562
1585
1555
1554
1565
1555
1557
1556
1551
1563
1558
1543
1565
1575
1560
1554
1563
1553
1572
1567
1557
1562
1560
1564
1550
1552
1542
1556
969
1555
1547
1301
1554
1550
1552
1547
1560
1566
1567
1544
1560
1541
1548
1563
1549
1537
1548
1519
1564
1427
1517
1545
522
1550
1564
1554
1574
1550
1074
1551
1548
1550
1562
1561
1569
1548
1545
781
1561
1517
1241
1534
1555
1553
1514
1547
1548
1565
1564
1566
1545
1548
1538
1554
1559
1570
1558
1551
1547
1011
1551
1575
839
1559
1526
1550
1523
1558
1569
1569
778
1557
969
1562
1566
1563
1572
1564
1551
1562
1551
1554
1360
1553
1559
1569
1558
1556
1555
1552
1554
1555
1568
1543
1558
1558
1551
1571
1561
1558
1280
1561
1567
1550
1575
1483
1521
1558
1566
1555
1569
1556
1551
1555
1565
1567
1575
1560
1562
1558
1525
394
1556
1562
1560
1560
781
1571
1560
1559
968
1551
1536
1552
1562
1571
1560
1557
1554
1492
1564
1563
1128
1565
1560
875
1556
1561
878
1562
1563
1559
1564
729
1570
1314
1566
1565
1560
1563
1554
1560
1551
1568
1564
1550
1568
1566
1153
1559
1552
1566
1562
1554
1545
1550
1564
1571
1555
1535
1546
784
1563
1563
1547
1563
1559
1550
1541
1563
1553
1554
1566
1566
1561
1549
781
1561
1548
1571
1564
1072
1570
1557
1566
1558
1569
1259
1562
1566
1566
1554
1569
1571
1543
1554
1566
1565
1559
1556
1242
1570
1564
1547
1565
1560
1560
1557
1554
1549
775
1553
1546
1566
1568
1557
1545
1550
1554
552
1555
779
1568
1546
1552
1573
1550
1545
1540
1567
1561
1538
1563
1347
789
1562
1561
1494
1550
1526
1569
1561
390
1554
547
1564
1560
1568
1546
1560
1561
1553
1554
1562
1549
1555
960
1564
1549
1556
1565
1554
1554
1555
1555
1491
1540
1557
1561
1549
356
1570
1541
1528
1552
1565
1558
1558
1558
1555
1544
1558
1574
1562
1262
1546
1566
1554
1569
1495
1068
1567
1553
1560
1426
1550
1562
1557
1558
1574
1559
1563
1559
1555
1516
1552
1560
1555
1571
1574
1554
1572
1559
1560
1557
1563
1562
1569
1546
1564
778
1548
1558
1554
1530
1534
1561
1557
1559
1543
1561
681
1552
1548
1567
1559
1534
1390
1552
1561
1569
1549
1571
1554
1564
1467
1346
1551
1559
1275
1553
1553
1096
1576
1570
1554
1548
1568
1558
1572
1553
1205
1566
1559
1560
1567
1564
1562
1570
1562
777
1568
1551
1566
1568
1557
791
1569
1554
1558
1408
1559
1548
1555
992
1561
1549
1563
1364
1566
1563
1568
1549
1569
1566
1571
1552
1556
1557
1547
396
1058
733
1562
1553
999
1563
1556
1561
1232
1561
1564
1175
1567
1108
975
1533
1522
1568
1558
1553
1561
