2971
2995
2967
2977
2976
2998
2995
2893
2828
1080
2988
2967
3000
3010
2984
2975
1894
3007
2239
3009
3010
2996
3003
2972
3001
3000
3000
2997
2971
3017
2976
3010
1985
2155
2976
2988
2978
2964
2979
2998
2963
2986
2974
2953
2910
2983
1903
138
2976
1888
2987
3011
3009
2993
3001
3011
2984
3009
3020
2970
3085
2990
2056
2995
3014
3021
1850
1373
3042
2997
2984
2998
3015
2975
610
2998
2999
2992
2031
2986
439
3008
2996
134
2976
2999
2974
2987
3009
2980
2625
2964
2940
2599
2958
3019
2997
2033
535
2923
3037
2972
2977
3004
2969
2950
3009
2992
2977
1826
3045
2975
3011
2975
2983
2984
2976
3000
2997
1441
3009
3025
2989
2981
3029
2966
2989
2974
3025
3005
2987
2966
2991
2988
3001
3013
2970
3029
3007
1425
3004
3005
3011
2977
2987
2991
1223
3012
3000
3025
3008
2981
1431
2880
3009
3055
689
2987
2968
2975
3002
2989
2923
2946
2995
2956
2983
2963
3010
2932
2978
1138
3032
2988
3072
2985
2986
2994
2967
1588
1648
2977
3000
2987
3005
113
3004
2973
929
3022
2959
2993
2966
854
2991
2936
2856
2968
2969
3017
2996
2752
3010
2953
2593
3003
2998
3005
2941
3015
242
3030
2990
2970
2952
2976
3031
2972
2997
2986
3036
2975
2976
2999
2990
2248
3003
3004
2929
2990
3009
2978
2959
2968
3075
2987
2945
3005
2970
3028
2986
2791
2958
2771
2999
3009
2998
2991
3004
2996
3018
1609
3000
3007
3007
2994
2971
1203
2947
3026
2989
3010
2974
2941
2765
3005
2978
2796
3005
2960
3026
3026
2933
2987
3000
2946
2993
2945
2986
3020
2991
2978
3001
3009
2948
3017
2989
2976
2897
2799
3003
3002
2948
2986
2974
2950
2790
1997
3004
2969
2977
3005
3024
3032
573
3016
2983
2916
2977
2956
3001
1222
3003
2982
2798
2990
2996
591
2975
1762
955
2978
3015
2966
2944
2973
2974
3008
3005
2948
2996
3023
2990
3007
2979
3009
621
2698
3032
3004
2811
3002
2986
2662
2990
1957
2986
2386
3003
3009
2973
2974
2957
2944
2978
3013
2993
2982
126
2996
3008
2997
2992
3003
2981
3009
3023
2988
2984
3003
391
3017
3015
295
2994
3004
3021
2429
3006
1311
2970
3002
3031
3001
2979
2998
2954
2985
2938
3013
2998
2998
2992
3022
3034
3022
2975
1084
2998
2952
2962
2996
2345
2983
393
2998
2961
2979
3010
2994
2983
2061
3006
2955
1544
2992
2992
2838
3001
2972
3005
2981
304
3017
2989
2601
2970
2984
2572
2972
2981
3012
2953
2956
3008
2960
2965
2998
2943
2959
3016
2963
3031
3032
1695
3058
2967
2977
3028
2993
2915
2988
2967
3007
2998
3014
2889
3026
2986
3004
2124
3007
3025
1062
2966
2987
3021
3018
3026
2954
2988
3000
2963
3021
2958
3016
3015
3006
3003
3000
3007
3003
3007
2946
3018
2959
3023
2996
2983
2999
1960
2836
1163
3013
3021
3015
3067
2981
2996
2978
3028
2947
2952
2981
2994
3001
2623
2973
2990
2995
2943
3002
3016
3032
2986
3037
2984
2641
3013
2989
2993
2998
2987
2928
3011
2986
3011
2994
2999
599
1279
2943
2994
3022
1299
2955
3015
2967
3011
2836
2965
2987
2955
2969
3015
150
1146
2989
2972
2991
2968
2976
2976
3002
474
2919
2992
2960
3013
2988
2997
3016
2996
2976
2994
2999
2979
2970
2998
2996
1186
2989
3006
2967
2773
2907
1358
2966
2984
2988
2970
3006
3006
2932
2993
2920
2911
3014
2560
3041
2993
3024
2998
2997
909
1463
2955
2947
2982
2990
3005
116
2955
2980
2973
2968
3058
2819
2099
3008
3000
2994
2984
2996
2989
2961
3000
2990
2985
2997
2970
3007
3007
2982
3009
2975
2412
2932
3012
2999
2978
2942
2945
3007
3074
2990
119
2944
3052
3013
2984
2992
3007
3018
2994
3009
2981
3017
3007
3007
2829
180
2921
2994
2994
3010
3011
3032
2999
3002
2449
2968
3012
902
2976
3013
2991
3000
2987
3040
3001
2974
2995
3011
2989
2986
2950
3011
1108
2995
2977
2997
2991
1289
2983
2967
2985
3041
2995
900
3003
2967
3023
2980
3005
3001
3019
2958
2949
2827
3001
2728
2979
2979
2972
2982
3018
3003
114
3018
2996
3000
3010
2974
2995
2989
2956
3000
2990
3004
3000
2949
2966
2935
2999
2036
710
2993
3010
2987
2422
981
3006
3000
3001
3030
2982
3007
2994
2976
2972
2997
2993
2968
3022
2803
740
2983
2995
3019
2889
2932
3007
2993
3068
3006
3033
3022
2634
2808
2993
2995
228
2974
3003
2967
3005
2981
2978
152
2838
1088
3001
2985
2965
2987
1678
2975
2284
2860
2959
1899
2200
2980
2999
3005
116
2993
2972
2960
3012
2952
2955
2962
3001
1274
3002
3015
2962
3021
2967
3006
2998
164
3003
2953
2968
3019
3017
2529
3001
2985
2980
2993
2949
2600
2999
2967
2989
2992
2971
3001
2978
2946
1296
1882
2159
2940
2990
2992
2973
2855
2990
2983
2998
2985
2983
2972
3027
3013
2996
2993
307
2992
2686
2995
3007
2989
2997
2958
2760
2246
2999
2728
241
1241
2798
2986
2912
2997
2777
2993
3082
2966
2952
1876
2999
2974
3011
846
3035
2999
2965
2994
2990
3038
3007
2990
2995
2985
3010
3039
3001
2981
2956
2991
2961
1290
2938
2991
2993
3037
2944
2974
2986
2986
3014
1975
2998
3001
3027
2983
2994
2978
3001
3008
3024
3011
2967
3009
3009
3027
1996
265
2980
3001
3013
3007
2895
2448
2999
2984
2988
2984
2988
3010
1295
3027
2982
2907
2998
2948
2996
3003
1622
3006
2959
2517
3027
2975
2983
2737
2978
3018
2987
3006
2973
2972
3017
3013
3002
3014
3017
1826
3004
2201
3004
2969
3050
3001
2995
2983
1640
379
1550
2998
3041
2956
2951
2992
3004
256
3014
2996
2948
2998
3007
2943
2981
117
2833
2970
3007
2974
2959
3005
2995
772
2966
2995
2985
1753
2982
2951
2980
2973
3024
2951
2963
2970
2709
1991
2975
2990
2244
2977
175
2901
1957
2963
2961
2994
3028
1356
2997
2996
2991
3017
2979
3003
3007
2956
2970
2982
3005
3018
2779
2986
3006
2993
3062
3019
3009
2991
3013
2999
3064
2990
2968
3001
3014
2974
2988
2957
3007
2999
3095
2995
2982
2994
2940
2983
3007
3051
2957
3041
2232
2974
2981
2999
2986
3010
2959
2985
2975
3038
2988
2991
450
2999
2959
2893
2989
2979
3009
2979
2995
3001
2990
2996
2998
2987
3005
2333
2999
2980
2969
2965
2964
3001
3009
3010
2975
2991
2946
3009
2996
2967
3003
2995
3031
3002
2955
2982
3010
3006
3026
3002
3009
3001
2985
2973
2986
2983
1092
2983
553
3001
2983
3005
3023
2977
2957
2994
2998
2993
2972
3000
2976
2937
2997
3000
2996
2993
2965
3016
2960
3007
1348
2998
2988
2953
3045
2983
2936
2930
2998
2963
2304
2990
3025
3003
3021
2964
2945
2989
2996
2997
173
2966
2987
3016
2362
2940
2787
2990
2303
2943
2970
2316
3005
2997
2968
147
2986
2983
368
2989
2965
2987
3013
2999
3008
3024
2942
2978
2941
3002
2999
2999
3000
3020
3104
2983
2983
2938
3003
2989
3015
3078
2988
3022
2998
2955
2976
3033
2986
2951
1797
2959
3028
3005
3046
3009
2952
2989
2980
2993
2978
2960
2974
2985
191
2998
2980
2989
2999
2980
2971
2982
3004
1810
147
3000
3007
2969
2989
3010
2949
2129
2967
2992
3009
3021
3015
2977
3008
3000
2980
1052
1498
2994
2999
2990
2986
2933
2988
2987
2970
2945
2983
2998
2987
2975
2954
2990
2989
2999
3081
2989
3014
3031
3007
2984
3001
3060
3005
2981
3002
2982
2982
2967
2964
2990
3025
2971
2994
3019
2997
2995
2979
2986
2998
2892
2999
2975
3014
3018
2997
3001
662
2994
2996
2973
2986
3024
3028
2980
2997
3004
2946
2979
2966
3009
3010
2995
3008
402
1113
211
265
2983
2999
2991
2995
2973
3002
3045
2991
2993
2989
2993
2991
2957
2983
2938
2976
3008
2982
905
3003
2979
2982
3012
3078
2999
2986
3026
3013
3087
2975
2960
2966
2990
1649
2990
2968
3044
2972
3069
2658
2974
3001
2991
2998
3010
2991
2061
2992
3016
1953
3005
2965
3003
2988
2984
3001
3031
3018
3009
2971
2995
2916
1197
2880
2988
3016
2985
2904
2969
3016
2955
2978
1595
3010
3023
2995
189
3000
3012
2985
3021
2977
2970
2630
3012
3011
1558
1552
3001
2984
2985
2973
2987
2955
3001
2959
2987
2991
3001
3003
2985
2930
2997
2980
2649
3012
3014
3015
2977
3087
2963
3016
3008
2948
2976
1193
2925
3000
3009
3009
3012
2986
2953
2976
3009
2966
2953
3032
2998
2975
3008
3004
2988
2963
3014
3025
1215
3003
2989
3009
2514
2968
2968
2944
3008
3011
2973
3001
2985
901
2986
1083
2968
3028
2116
2955
2960
2996
2988
2995
3034
2999
2998
3002
2989
3000
2998
2988
2990
3076
2984
2740
2955
2990
2990
2973
1144
2993
2995
2960
3013
301
3009
2950
2957
2997
2974
2991
2994
2984
2991
2980
2957
2992
3018
2965
357
2972
2681
3001
3017
3035
2957
625
3000
701
2963
2996
2998
2999
2981
3037
2982
3010
2928
2983
2999
2978
3020
174
2999
2945
2975
2990
3021
2931
2991
3051
2987
3026
2250
2971
2990
2985
3001
3019
3005
2990
2960
2993
2998
724
2982
2976
375
2973
2912
2998
2989
2971
2981
2936
3006
3008
494
3000
1893
2987
3023
3025
1430
2977
2982
2947
2992
3013
2955
3002
3012
3038
2976
3015
2986
2529
2949
3024
2996
2997
2999
2977
2795
3001
2980
2970
2976
2996
3022
693
3010
2945
524
3003
3004
2996
3006
3000
2909
2691
2996
3005
1806
3077
3013
2975
2989
2989
3007
3000
2569
3000
2971
3043
2990
2755
2986
2986
2993
756
1775
3006
2996
2985
2952
3023
2958
2916
2907
2993
2960
850
2972
3034
3025
2981
2965
2994
2957
3027
2969
2753
2986
2995
2918
2993
2991
2959
2994
1272
2970
2998
2979
3002
2999
3006
2980
2993
3016
2974
2966
1309
3009
3017
3004
3049
1866
2994
3001
2971
3001
3022
3004
2992
2958
2998
3003
2993
3027
986
2979
2999
2995
2999
2989
2992
2984
3007
2934
2969
3014
2983
2990
3029
2972
3007
1246
2512
2973
2998
2989
3014
2984
2962
2986
2984
3016
2968
3027
2983
2935
2979
3055
3001
2997
566
2946
2986
3004
2945
3020
2128
2962
3033
2971
2966
579
2991
2975
2991
1079
2964
943
3025
3010
2995
3022
3012
2966
2291
2968
2994
2995
2998
2342
2970
2995
3006
3003
2987
2992
851
2634
3006
1802
3038
2973
3014
3009
2973
2953
2950
2960
3003
3009
639
3000
3013
2999
2992
3012
3065
2908
2992
2950
2998
2967
2987
448
2910
3010
2969
3028
3023
2970
3006
3009
3013
3003
2974
2995
1724
3001
1940
2930
3044
3018
3002
3015
2999
3005
2918
3025
2988
2980
2937
2997
2994
2972
2972
981
2984
3009
3033
3009
3013
2988
144
2963
2993
179
2988
2960
3005
2963
2993
2701
2966
2948
2999
2989
2991
2993
2995
1046
3009
3006
2958
2678
2303
3027
3004
2988
2972
2951
2991
3016
2964
2994
2178
2982
3007
2976
298
2990
2900
2955
2230
2986
3006
3007
2963
2997
2984
3020
2984
2662
3035
2908
2964
3023
2921
2958
3007
2283
2984
3023
2999
2970
2963
2991
3003
2398
2977
2989
662
2994
3000
2999
2977
1572
2997
2832
2973
2974
2960
2993
2962
2999
2961
2970
3000
3011
3018
3007
2953
2993
2947
579
2981
2996
3000
2963
3001
2246
2341
2950
2986
3015
3014
2907
2999
3018
3005
1695
3010
3015
2973
3002
188
2999
3022
2972
2878
2943
2964
2865
2989
895
3016
3000
2995
2997
3003
3022
2999
2987
2917
2972
2973
2986
3002
2904
2993
3018
2990
2996
2998
3004
2992
2968
2997
1153
3025
2960
3019
1434
2997
2982
2973
3067
2979
3018
2980
3027
3030
543
2996
3005
3060
3020
2972
2989
3032
2982
2987
2991
3011
3020
2958
2951
2989
2984
3002
3022
2987
2995
2943
2838
151
2710
2981
3001
2949
3005
2995
3009
3007
2979
3016
2985
3023
2992
2858
3026
3008
3026
3016
3011
2993
3023
2978
550
2584
3011
2974
2997
2995
1684
3003
2990
3002
2980
2990
2977
876
2987
2970
2988
3017
2539
2976
2111
2990
1375
3014
2998
2937
3023
2946
3025
2995
2948
2972
2982
2954
2970
562
2926
2960
2972
2310
2997
2922
564
3007
2993
3019
3014
2998
1845
2997
3021
3032
3014
2997
2971
2963
2988
2978
3010
2916
3006
3016
3006
3000
1262
2928
2984
2977
3013
3015
2987
3091
3006
2932
2961
3005
3028
2955
125
2974
2933
1490
3007
2967
3071
256
3021
3008
3009
123
2983
2968
2943
3016
2944
2981
2976
2963
3049
3006
1615
2920
2992
3001
3025
2984
2974
2978
2980
3030
2964
3006
2992
2990
2986
2997
2981
2964
2777
3010
2989
2997
2994
2988
2965
3025
2378
3040
2978
2936
2996
2982
2983
2388
3008
2970
2972
207
2980
2994
3080
3007
3027
2959
3013
2997
2991
3012
2936
2996
2990
3014
3010
1171
111
3013
3008
2948
3007
2964
2993
2983
2976
2730
3026
3003
3008
3011
2865
2968
1359
2999
3022
2975
2994
787
2987
1485
2973
3009
208
2983
3016
3008
2983
2948
2996
2710
3007
2952
2936
2998
575
2941
3007
3001
3074
3000
2948
2966
2982
3019
2997
2908
3000
3001
3005
3005
2952
3009
3045
3006
579
2682
326
3005
3027
2929
2948
2998
2996
3007
3005
2734
3021
2985
1102
2989
2318
3005
2976
2939
3020
3011
2956
2999
2997
2963
1163
3031
3023
2991
3017
3004
2997
2998
2987
3005
2943
2403
328
3022
2972
2980
2621
2995
2988
3003
3024
3003
2992
3023
3017
3020
2957
2645
2981
3003
2986
1307
3019
3037
3014
2983
3067
2985
3027
2998
3013
2754
318
2964
2348
2954
2988
2933
3019
2998
2998
3061
3015
2983
893
2987
3011
2994
2987
3088
2957
3006
3019
2780
2972
3040
2352
3010
2993
2957
2131
3013
3011
3004
2997
2985
2974
2997
2939
2947
3007
3005
2985
2998
2961
2999
2981
3004
2772
2852
2977
3078
2958
2975
3015
3004
2993
2975
3004
2990
3042
3027
1769
933
3008
2986
2968
2992
3023
2928
2972
2983
2958
3003
3007
2986
2961
2983
2963
2250
2982
878
2987
3030
2972
3018
2961
1389
2979
3009
2995
2907
2995
2963
3008
2942
3000
2993
3006
2997
1529
2997
2976
3007
2972
2444
3001
3042
3007
2996
898
2997
2998
2963
3002
609
2996
2999
2992
3009
2967
1196
3004
2986
2998
2905
3005
2974
3007
2973
2967
152
2991
2975
2998
3008
2986
3003
2987
2965
3002
3007
2358
3001
2978
2619
3019
2998
3007
2953
2909
3001
2957
2970
2988
2995
2990
2033
2963
3047
2620
3025
2967
2872
3006
2501
1381
2965
2995
2985
3015
2993
3015
2982
3004
3004
2996
3023
3003
2936
2987
3001
2949
2980
2990
2987
2977
3007
1120
2977
2994
2987
2979
2973
2949
2985
3002
3017
3012
2723
3000
2984
2964
2987
1452
939
2950
1466
2995
3014
2877
2991
2958
2974
3021
2994
2939
114
2001
2960
2988
2290
2979
2970
2985
3006
3024
2960
3005
2992
2998
2967
2987
2991
2983
1736
3012
2973
2960
3007
2990
3010
3011
2995
3002
2999
2999
2959
2999
2973
2972
2961
2993
2977
2981
3001
2998
2875
3000
2986
2965
3004
2951
3009
2996
3020
3016
1472
2970
3023
2994
2971
2912
2971
3012
2992
2980
2991
2985
2961
2955
2998
2974
3025
3035
2983
2944
2999
2341
2997
2974
3004
2951
3000
3017
2993
3013
3001
655
2781
2956
1135
2966
2992
2981
3001
2985
2992
1287
2994
2986
2986
2957
2981
2994
2993
2970
2193
3029
2992
2998
2979
3014
2982
2984
3066
2985
3024
3015
340
2973
2972
2933
3030
2987
3017
3030
2966
2974
2950
2987
3016
1173
3066
2993
2989
2972
2869
3015
2985
3019
3016
3000
494
2973
3001
3012
3015
2973
127
3023
3002
2991
2974
3010
2959
2997
3033
2990
2979
3017
2968
123
3039
2984
3004
2950
3027
2998
2983
2986
2994
2777
3021
2976
1579
3016
3012
619
3003
2983
2996
2985
3007
2963
2991
3008
2989
3013
3013
2997
2917
3002
2983
2676
3006
2982
3015
2962
2973
2936
2970
3005
2981
3022
2986
2962
3025
2999
2996
2986
2992
2999
2973
2985
3017
2972
2971
3015
726
2985
2985
2970
2979
3004
2401
2980
2951
2985
3033
2984
3023
2687
2973
2784
2995
2997
3012
3016
3001
2983
3021
2958
2995
2989
2971
2987
3012
1080
2957
2985
3004
3020
3004
2715
2996
2998
3021
2997
2970
2990
3013
2982
3017
2982
1938
2982
2853
3031
2990
2964
3006
2972
1341
2979
3025
3011
3013
3005
2965
1723
2981
2988
1738
3006
2997
2939
184
3018
3010
3012
3000
3008
3007
2956
2964
2980
3000
3030
3018
3027
2975
2990
3007
2916
2946
2981
3006
2254
1037
3003
1390
2965
3022
3020
3007
2986
2998
2194
3007
3025
2341
3028
2388
2997
1623
2972
3016
3001
2989
2986
2996
2967
3013
2954
2989
3017
2953
1350
515
2895
2988
3012
2981
3008
2974
3010
2954
2987
3025
3000
2982
981
2957
2990
2987
2970
3032
2999
2985
3065
2989
3007
2996
3000
2989
2978
2954
2998
2954
2985
180
2982
2961
2981
2727
2983
2940
2997
150
3031
2992
3011
3011
2997
3084
2993
2969
197
3004
2979
3010
2989
3011
2963
2952
2983
290
3016
3002
2950
897
2968
2991
3016
2983
3006
3005
1819
2997
3012
2977
3020
2977
3018
3012
3014
2983
3005
3073
3010
3022
2996
3000
2987
2977
2990
2990
2979
2979
3060
2997
3018
2941
2978
2904
2973
2887
2957
164
2982
2999
2976
2985
3004
3014
1331
2995
2997
3006
3017
2992
1367
2994
2976
2990
3017
2945
3005
3007
3005
2999
2986
2890
2972
2993
2978
2987
2939
1059
563
2992
398
2950
2513
3004
3017
3005
2959
2989
2884
2956
3000
2992
2718
2988
3016
2702
2975
3010
3025
3003
3013
2321
2953
1782
2976
1828
2987
3090
3002
2993
3003
3028
3004
2993
3013
358
3006
2981
2979
1384
2920
2993
2970
2981
2977
2981
2960
2985
3004
2976
2978
2979
2969
2727
2979
2996
3008
2984
3016
2971
302
2937
2974
3000
2986
2960
2994
2994
3011
2958
2915
2947
2931
2978
1255
2995
2996
2993
3022
2978
2960
2937
2978
2942
2970
2970
3009
2988
3022
3006
2958
3001
2984
2402
3006
2504
3010
2757
2954
175
2992
2985
2953
2993
3017
3030
2986
2769
2987
2806
3001
2983
3002
146
2958
3008
3012
2987
1890
2981
1902
2037
2976
2973
2998
2976
496
3002
3003
2982
2985
3002
3013
3026
2339
3033
3022
2985
2996
2976
2991
3006
2956
2563
2979
2990
3006
309
175
2944
3000
2992
2991
2989
3007
3009
2991
2980
2994
3025
3016
3031
3031
2985
2987
3038
2965
2828
3003
2945
1612
3006
2972
2959
2991
2989
2965
3008
2949
3071
229
2998
2982
2983
3045
3004
2986
1939
3012
2976
3007
3009
3010
2950
2992
2994
3037
2993
2984
3011
2996
3000
2935
2956
2951
2947
3005
1152
1382
1701
2977
2972
3015
1216
670
3043
2995
2984
2721
1486
3002
2984
125
2985
2419
246
682
3008
2900
3007
201
2967
290
2993
3075
2990
3006
2990
2997
3085
2982
2939
2894
1745
3014
2013
2995
2974
2974
2979
2932
2997
2985
2958
2965
2995
3014
3010
2946
3016
3017
2998
2995
3013
2973
2990
2998
3023
2987
2990
3015
2988
2976
3012
3016
2972
2993
3024
3029
2957
2959
3011
2982
3010
1408
2981
2946
2980
3018
2968
3015
2990
2979
2983
2998
3033
2973
2969
3008
632
2986
2992
1747
3034
3009
2973
1317
3001
2943
3025
2995
410
2954
2948
3012
2983
3008
3000
3021
3005
2993
3010
2986
424
3013
2985
2995
2969
2994
2998
3008
3011
3004
2987
3002
3010
2994
470
2974
2906
3008
2976
3005
2997
2998
2974
1614
162
3007
2992
2991
323
3007
2983
3010
2948
2987
3011
2999
2990
2975
2976
3004
3029
3062
2999
2968
2967
2995
3010
2992
2958
3020
2994
3017
2989
3003
2921
300
2991
3017
2968
2995
3021
3022
2971
3022
296
2999
3003
971
2949
2968
2956
3023
2923
2993
2985
2994
2963
3025
2980
3005
2981
2962
2868
2990
2937
2997
3003
857
2930
3002
2990
3005
2976
2994
2920
3055
3010
2963
2539
2977
2667
154
2982
3028
2964
3001
2939
1214
2917
3005
2998
3008
3011
2973
2988
2999
3011
3007
3006
2982
977
2996
2985
3068
3023
3000
3018
2957
2988
3030
2988
444
2987
2981
2977
2963
3011
3023
3004
3021
2988
2658
2990
670
3007
576
2985
2935
3010
2950
3022
2984
3019
2988
2993
909
2993
3012
2999
1195
3004
2978
2982
2981
2970
2871
2943
3004
3012
2978
2978
3035
3074
3014
3003
2908
2991
1715
2831
3022
2896
2986
2968
3021
2989
2946
2972
3020
2985
3023
3002
2994
2994
2981
2971
3003
2978
2987
3029
2976
2970
3002
2973
2979
3017
2988
572
2997
2998
2172
2976
2983
2954
2995
2998
2936
3012
3004
2111
2448
2993
3009
2985
997
3009
2998
2992
2988
2987
2992
1842
2971
3036
2973
2989
2997
2985
2988
176
2975
2980
2997
1591
2996
2936
1842
2962
2987
3044
3043
2983
3021
2979
2970
2960
3065
2985
3010
2965
2976
2959
2987
3010
2995
2973
2975
2976
3009
3006
3002
2925
3015
3023
244
3005
2990
3008
1835
3014
3005
2961
3024
1242
2973
2899
2935
2958
3002
2987
2999
2713
1622
3005
3010
2986
2970
610
3010
2973
3009
334
2985
2985
2993
2955
2949
2924
2999
209
2932
628
3012
2955
2961
2951
2945
3004
2999
3001
3008
2981
706
2973
3014
2996
3002
2819
804
2971
2995
3005
2984
2994
2967
3004
2993
2983
2996
2996
3005
2936
3010
3001
2940
3015
3005
1984
3024
2985
228
3018
2989
2991
2157
3004
2972
2495
306
2941
2996
2971
2985
2978
2994
3008
3061
3009
2593
2964
3036
2998
3005
2976
2892
3016
3000
2981
2996
2780
3011
403
760
3038
2975
3008
3014
3030
2993
2946
3009
2991
3034
1891
521
2969
2988
2991
3012
2986
265
3031
1776
1333
2933
2980
3012
2987
2949
3002
2991
2993
2998
3008
2971
3021
2458
3022
2981
2938
2975
3008
3025
2979
2955
2977
3022
2539
2981
2998
2994
2978
2975
2968
2992
2997
2981
3002
2979
2964
3025
2982
2684
3013
2813
2977
2975
3002
1912
2138
3055
3006
1921
2403
2997
2989
3011
3001
2981
2987
2991
3002
3011
2956
147
3034
2982
319
3009
3027
2707
2983
3011
2976
2972
2962
3026
2964
3008
3019
2985
3052
2992
2984
422
3012
2321
2977
3049
2955
1708
2994
3002
3017
3032
3011
2869
3002
2984
3003
2987
2597
2985
3002
2975
2943
2054
3000
3003
3019
2995
1912
3054
3006
2981
3016
2968
2993
3025
2984
2995
2988
2993
800
2900
2995
2995
3004
3005
2991
2984
2981
2564
3001
3010
3035
3014
2970
2415
3000
2978
2892
3035
2999
3002
3019
2934
2995
3038
3004
2984
3024
2259
2943
1932
3013
2968
2909
2984
3026
3007
2959
2940
2963
2984
3002
1916
3007
3034
2998
3009
3016
2997
2989
3015
2976
2939
2952
3026
2998
3002
3017
1286
2979
2955
2967
2963
2993
2990
2994
2813
3012
2991
2990
2976
2984
2992
2961
2999
128
2977
3016
2986
3006
3000
2876
2964
3006
2499
3016
3005
2520
2994
534
2958
3026
2987
3004
2941
3002
2997
1829
3008
3002
3055
2968
2712
3003
3020
2987
3018
2988
2955
3004
2812
3009
3027
3001
2985
2972
920
3010
2988
3008
2957
2952
2990
3007
2899
3002
2964
2992
3003
2407
2984
2966
2989
2979
3009
2985
2962
2975
307
3027
3011
2995
2965
2994
3001
3059
2973
2994
2988
2964
2968
1874
2044
2992
2995
2971
3025
2994
3015
2978
2998
3026
2453
2989
2986
2975
2997
1011
2944
2314
3008
2971
409
1114
2994
3001
3013
2969
751
2980
3046
745
3020
3002
2976
2965
2870
3015
2987
2991
3009
3010
2984
2985
3000
2986
2969
2977
2978
2869
2998
3001
2976
2972
2973
3067
2972
3004
3035
2946
2986
834
2995
300
2998
2945
2991
565
2999
137
2997
2973
2978
2984
2964
3027
2992
3022
158
2935
2941
2963
3000
2989
3029
1474
3042
3010
2980
3006
2962
2972
3028
2963
2994
2979
3004
2590
2599
3005
2540
2978
3022
2982
2995
3004
3006
3012
2793
2993
2991
2975
2989
2989
3007
2987
2998
2932
3001
3005
2684
3023
2969
2963
2955
3013
2981
3001
244
3026
2992
2994
2989
3033
213
2998
2956
3008
2990
3009
2976
2967
2994
2899
3019
2996
3013
3030
158
1047
2974
2925
2967
2959
2507
3068
434
2966
3008
2966
3023
3003
2997
2976
3030
2984
2979
307
738
2990
297
3001
3025
3009
1592
2975
3014
2949
2950
3018
2988
2982
2999
2980
2989
2728
3057
2941
2994
2982
2976
2988
2979
2993
2929
3041
3064
3007
2984
2994
3016
2947
2978
3014
3006
2999
3019
2991
2991
2985
3006
2981
2993
2997
2986
2985
3005
2999
199
2993
2945
3017
2992
3012
2991
1209
3005
2988
2956
3011
2985
2720
2973
3004
2997
2979
2946
2998
2994
3016
2985
3006
2970
2825
2998
438
3020
2994
2993
3008
2977
2994
2979
2940
3015
2964
3023
2994
2918
3002
3016
311
2991
2990
3017
3001
2937
3008
2911
251
3000
2940
2942
2980
2941
2986
2946
2961
2974
2990
2972
517
2514
2979
2998
2985
2989
3015
2987
141
2983
3004
2977
2977
3021
2353
2974
2950
3016
820
723
2954
3074
2993
737
2996
2983
3015
3001
2999
3002
2979
3027
2951
3018
2969
2983
2986
3002
3009
2972
2983
2994
1395
2992
3046
2994
3000
2988
2994
2996
3015
2997
3032
2995
2969
3015
2937
3002
1321
3009
2988
2976
2986
2997
2956
2968
2990
2955
3025
3010
2979
682
2998
2952
2978
2998
3073
3011
3025
3032
3011
2981
3021
2976
2966
3029
3048
2972
2946
2992
3011
3032
2990
2241
3019
2963
2977
2970
2998
2211
2982
3013
2986
3010
2985
2979
3022
2946
2992
2989
3014
3011
2962
2971
2186
2604
2987
1154
3001
2993
3087
2975
1963
957
2992
3036
258
2919
2983
2976
2978
3010
3005
3016
3003
3006
3013
3007
2970
2993
2746
2710
3011
3063
3025
2982
3014
2996
3069
3020
3019
2983
3011
2999
3022
2956
2960
2035
1003
3008
3036
2977
2965
2995
3004
2956
3020
3012
3012
2977
2991
2997
3035
2945
2977
3006
3002
1470
2979
3017
1764
2977
209
2938
2988
2945
3020
3009
2989
3000
3000
3040
3000
3004
2959
2913
3019
3013
2935
3016
2801
3001
3018
3021
509
1657
2964
2975
3014
2956
3002
2991
2956
3007
3003
2931
2990
2883
2964
2982
2985
3022
2955
2930
2989
3010
171
1827
2983
3017
2983
3017
3006
2942
2890
3008
2991
2980
3015
3027
2995
3006
2978
665
2988
2973
626
2969
3018
2007
3015
3007
2986
2965
2974
3017
2987
2983
3017
3032
2995
2991
3014
3012
2979
1841
2973
2975
2978
2984
3010
3020
2994
3022
2987
3001
3007
2944
604
2996
2997
2986
2982
2984
3004
2976
2988
3014
3000
2986
2954
2953
2962
3008
3014
2969
2988
2983
2997
3018
3016
2994
3003
2953
2988
2990
2973
354
3013
2958
2972
2979
2613
3012
2972
2966
3010
436
2991
3008
2977
3020
3013
3003
2951
2982
2949
2975
2986
2975
2972
2997
2975
2974
3001
2959
3026
2982
2982
3008
2989
2995
3013
3010
2985
3003
2228
2973
3023
3000
2962
2999
2993
2045
2986
2759
3072
2984
3017
3022
2089
2970
2984
2995
3016
2229
2996
3009
2956
2977
3007
3001
1071
2985
2921
2513
3006
1060
2964
2982
3003
3003
3021
2987
2995
2990
3009
2956
1233
3019
3002
3000
2960
2996
2944
2984
3006
2118
2984
3002
2962
3021
3023
2999
2987
3008
2914
288
3021
2981
3035
2989
1948
2993
2995
3004
1181
3009
2965
3004
2933
2982
2988
2939
2985
1909
2995
2988
3001
2986
3004
2954
3034
2977
2999
273
3088
2994
3015
2951
2951
1686
3026
2896
3018
2077
2897
2997
3053
2975
3000
2987
2921
2980
2979
2963
2950
3034
2445
2966
360
2948
3016
3010
2989
2274
3003
2987
2647
3023
2917
2714
2909
2956
2990
3009
2962
3026
3003
3003
2995
3007
2991
2997
2983
2992
2969
2558
3007
2976
2990
2997
3010
3006
2949
2960
1654
3025
3008
3011
3004
2982
3029
2975
2981
2979
2949
2982
3013
2992
3009
2998
3098
2980
3012
2867
2987
2955
2992
2974
1488
3008
2953
2932
2995
2980
246
2958
2985
2980
2991
2866
2985
2987
3005
3011
3057
2994
2954
3060
2995
2928
495
2953
2910
1272
3007
3004
2999
2979
2983
3019
2987
2958
3001
2962
2984
2996
2974
2986
2975
2996
2967
2972
3005
2760
2972
2971
3034
2971
2411
3019
3008
2954
2992
2980
2995
2972
3023
2984
2995
2977
3010
3009
3020
2954
3005
3008
2999
2991
2975
3012
3005
3017
2974
2998
2991
2991
2983
2526
2992
3031
124
3021
2976
2911
2997
2202
2977
3000
2995
2999
2984
2821
2931
2954
2961
2958
3001
3013
2952
2948
3016
979
2918
2984
3007
3000
2971
2965
2976
1013
2943
3022
2995
2993
963
2989
3014
2997
3021
2996
440
3005
2991
1842
2983
2999
2977
2988
2978
3003
2930
3037
3027
2996
2473
2941
2447
2954
2979
2990
3017
2977
2983
3003
2917
2507
2954
381
3026
3006
2989
2997
3062
2940
1287
3001
3030
2954
3015
3000
2999
1279
1665
2989
2982
2979
3008
667
2989
3011
3013
3035
3014
3064
2949
2991
2970
2971
3043
2998
3012
869
3069
1536
2991
2969
2917
3071
2963
2998
2998
3002
3007
3002
3005
2998
3012
3021
3021
2994
2935
2987
2997
2997
3045
2994
3015
3020
2994
2938
2987
2994
2931
2972
2987
2963
3000
3012
2995
574
3004
3010
3006
2965
2987
2960
1229
2987
2987
2946
3018
2988
3009
225
2970
2984
2990
2990
3005
2952
3005
2965
3031
221
3015
3022
3016
3009
2967
3019
1609
2879
2730
2904
3022
3018
3041
2987
2970
2936
2849
2971
2963
3014
2976
146
2997
2985
227
3023
2993
3008
2989
3011
3009
3003
3011
1997
3023
1614
2973
3033
2963
2990
2990
3021
2998
2923
3003
2980
2394
2976
1925
2963
3009
3004
2955
2958
2265
3013
3042
3019
2989
151
2952
2930
2978
2966
3024
2988
3028
1579
240
2986
2992
3014
3018
3008
2995
2916
3001
2928
3007
3016
2440
2955
2972
3013
1936
3012
2951
2981
2981
3001
3003
2965
2979
3013
3010
2315
2976
3012
3004
3019
2977
2988
2981
2979
2976
1523
3010
2990
2998
2975
2990
2995
2985
3035
3005
213
3009
2946
3015
2995
3021
2996
3020
2628
2995
2644
3001
2966
2955
3010
2807
2975
2659
3036
2959
3026
2966
2998
2946
3008
2983
2989
3019
2990
952
2983
2971
2990
3000
2989
3010
2985
2821
2990
2994
3022
2986
3000
3013
2959
2995
2958
2990
3010
2203
2989
3013
3000
3012
1510
2991
2955
2970
1814
2997
284
2907
348
3033
1516
1710
2986
2998
2959
2952
3068
2968
2953
3014
3000
2994
2975
2980
2989
726
2985
3027
2959
2992
2990
3010
2915
2991
374
3005
645
2907
2999
2958
3001
2959
2990
476
2999
2941
3019
2712
2992
2990
3016
2999
400
3004
625
2983
3014
3000
2982
2976
2992
3023
3005
3008
452
2966
3041
2977
3020
3013
3021
2994
3009
3004
2989
3009
2988
2758
3010
2987
2988
1566
2151
3014
2991
2926
2986
2983
2955
2996
3012
3030
3001
2993
2965
2984
2950
2987
2987
407
2976
3003
2492
3018
2988
3035
2987
3008
2984
3041
3006
2948
2990
2966
2758
3026
3006
3010
3005
2963
3016
3039
2410
2991
1222
2989
2982
2945
2991
2985
2987
3007
3037
2961
2968
379
3046
2963
2956
3014
2989
2965
3021
3007
2958
2896
3007
3008
2776
2917
2997
2877
2999
3013
2985
2981
3027
3040
3032
2996
3012
2969
1804
2984
2976
2995
3009
2994
3019
2979
3011
3019
685
2995
3016
2975
2965
2980
2992
2987
2979
247
2942
3063
3002
2983
2496
2953
3028
2987
2980
2964
3018
2998
2991
2988
553
3029
795
2976
3009
2984
3001
2878
2994
2970
2967
3022
3017
2989
3011
3027
2991
2958
1804
1148
2990
1269
2997
456
2985
3006
1786
2986
2999
1889
2992
3021
2986
3003
191
2988
2989
2989
3008
2990
2937
3018
3002
2988
2991
2952
2983
2989
2992
3044
425
2999
2987
1949
722
2995
2992
3015
3011
2996
881
2559
2985
2978
2999
1295
509
3012
3016
3006
3028
3013
3022
2994
3005
1804
2971
2986
2995
2961
3011
3020
3002
263
3012
1064
3072
2953
2959
2971
3000
3054
2995
2997
2983
2967
399
2967
2954
2976
2982
2918
1567
2982
2983
2969
2977
3006
3000
2997
2996
3010
2987
2957
3002
1044
3015
2987
3003
3014
3013
2949
2947
2976
2968
685
2994
1172
3008
2984
3016
910
2965
2997
256
3004
2986
2944
2965
509
2993
3005
2897
2990
2969
2670
3014
2996
2986
2984
2982
2960
3016
2935
2999
2996
2707
2444
3009
931
3024
3003
2994
2973
3000
3013
2961
3009
3007
3000
2997
3017
3105
3005
3009
2988
1027
3012
3035
3009
2996
2957
3004
2955
3006
3013
2968
2988
2725
2993
3016
2975
2963
2971
2979
2981
2559
2229
2982
2998
2950
3009
2972
2994
2994
2985
3041
2960
3017
3012
2993
2991
2972
2963
2972
2979
3017
2529
2984
3030
2987
3014
2982
2996
2967
2981
2937
2957
2977
3010
3031
2992
2965
2981
2933
2996
2992
2976
2982
2979
2986
3024
3074
3002
2978
2939
3034
3019
3024
2982
2941
2979
2977
3007
358
2985
3036
2996
3028
3006
3005
2982
2984
2929
3018
309
3020
3011
2970
3016
3028
2959
1868
2976
2964
1641
3010
3019
2185
2881
2979
2969
2995
3010
154
2951
3003
2996
3017
2987
2948
3000
2966
3012
3011
2979
2977
2996
2986
2976
2869
2977
2972
2998
2972
2952
2964
2997
2983
2984
2985
3012
2995
2994
2751
3014
3001
2984
2851
2972
285
2745
3034
2983
777
2996
2996
2947
2987
2992
2869
3006
3004
2956
3014
3070
3013
3022
2974
2899
2995
1517
364
2992
2834
2992
2826
1141
2994
2953
3041
3010
3000
3000
2955
2989
3026
2689
882
2976
2950
3003
2918
3011
2981
2991
2966
3040
2982
2245
3035
2973
3087
3008
3019
895
2967
2939
2981
2972
2992
2993
2931
2966
2988
244
2927
2860
2998
3000
3012
2975
2956
2925
1703
3003
3002
2966
2644
2995
2997
2980
2981
2979
3006
2961
2903
3026
2965
3003
3000
2992
2940
2987
3004
3007
409
2956
2948
3022
3010
3052
2933
2975
2102
2985
2981
3021
2988
3007
3010
3009
3007
3022
2909
2970
2945
2693
2981
2970
3013
2991
2959
2974
2980
2967
3025
3022
2974
2989
2967
2980
2999
3024
2972
2976
2928
3005
3010
2904
2955
129
3009
2977
2990
230
2928
2993
3003
2956
3027
501
3007
3012
3002
2991
2998
2988
2979
2997
3009
2972
2169
2990
2989
2994
3060
2900
3010
2998
2973
2987
1742
3017
2982
2985
2971
2982
2368
2986
2994
3015
3015
179
2988
2988
2996
2967
3015
2973
2987
3010
2967
3014
3027
2990
2931
2975
2992
2967
2995
3010
3000
2999
3013
3010
3001
3004
2678
3002
2768
2981
2981
2127
3005
2985
2987
2880
2949
2991
3010
2962
3015
3001
1640
3012
3013
644
2966
2165
2967
901
2982
2961
3009
2979
2985
3002
2980
258
2974
2969
2955
2978
2981
3018
2980
2999
2998
3027
2998
2999
2961
3022
3013
2951
3011
2982
2509
2949
2996
2980
3009
3012
106
2969
3002
3006
2988
3000
3021
3048
2991
2999
3011
428
3012
143
144
2969
2985
2982
2572
2965
3020
2983
2986
2991
3011
2942
3085
2287
475
2981
2993
3018
3004
3027
332
3033
2199
2437
2933
2958
3005
2972
2961
865
2964
2990
1057
2990
2987
3004
379
3011
2982
3012
2967
2989
2993
2981
2996
2987
2970
3009
2989
2982
1828
3066
3002
2981
2756
2988
2968
184
483
3016
2996
2974
2985
2935
2951
3010
2982
2968
2978
3013
3032
3014
2971
3001
3026
2971
3019
3004
3004
2995
3017
2994
2974
3006
3035
902
2989
2995
2923
2979
2988
3008
168
2994
3013
2890
2998
2984
2990
2998
3008
2998
2999
3004
2959
2984
2992
2994
2992
2332
3031
2984
2979
2996
2992
3059
2978
2951
2105
3018
3001
3000
2968
2984
2998
2911
2999
3015
2965
3012
3028
3014
2993
498
2961
2986
3018
3042
2955
2975
2987
2998
2995
2975
2986
3036
2983
2998
3000
2951
2969
3002
2989
2979
2984
741
2993
1428
2997
2977
2997
2976
3025
2981
2989
3002
2967
2992
3012
2908
3005
3002
3005
3006
2996
2971
2996
2966
2975
2968
975
2994
2976
1292
2971
2988
2976
2984
3004
3000
3004
2929
2992
3008
2996
2992
2981
2387
3000
2998
2981
2940
2989
3010
2941
2959
3022
2123
3015
2979
2747
3024
3000
2956
2990
3024
3005
3002
1995
2193
3003
1484
2978
3005
2975
2991
1550
2998
2984
2871
3055
3026
2992
2977
222
3003
3012
2986
2986
2990
2992
2987
2977
2296
2961
2998
2984
2667
2956
2996
2976
2978
2981
3000
1929
2946
2962
2992
2968
3005
2999
2982
3021
3023
851
3017
3011
2995
2978
2985
3032
3011
2976
2985
2989
3023
3023
3010
3008
2986
3009
2299
3013
2998
2964
2980
288
115
2971
3005
3014
2997
3021
2983
3004
2978
3021
2972
3032
2995
3010
2964
2953
2991
2875
2967
2576
2994
3011
3040
2988
3000
2126
3011
913
2919
2929
3008
3005
3014
3011
2989
3012
2975
2988
2961
2993
