2939
2982
3002
2994
2989
3004
3004
2987
2998
2944
2716
1389
1884
2945
3012
2974
3004
2987
3014
2987
2996
3003
3003
2999
2990
2998
2993
2989
3020
2968
2989
3014
3013
3001
2977
2998
2997
2943
2976
3000
3008
2988
2990
2970
441
2966
2986
2970
2994
2937
2944
2995
2995
2990
3012
3008
3004
2968
3065
3013
2898
2993
3005
1047
2984
1786
2990
3010
2968
3024
2992
1097
2984
3016
2970
3008
2987
3004
2986
2996
2964
3014
2997
2960
2955
2983
2979
2625
3006
2979
3005
2993
3013
2999
2955
3018
1815
430
2931
2959
3010
2937
2986
2908
3015
2985
2817
2981
3001
2999
3006
3012
2882
3012
2957
3015
2992
2979
2978
3069
2993
3001
2994
2979
2988
3007
2984
2984
2969
2994
2975
2942
3019
2973
2995
3006
2963
2959
2995
2969
2994
2998
3003
1507
3000
2982
2989
2995
1106
2999
2981
3023
2974
2997
2990
3005
3017
2988
2970
2966
2972
2977
3008
3006
1935
2985
3000
2976
2967
2988
2971
2974
2987
2980
2479
2977
2972
2978
2971
3013
3000
2019
2984
1996
2988
2988
662
1923
3002
3002
1359
2966
2999
2977
3000
2690
2995
2990
1111
2977
2997
2996
2963
2981
2968
3005
2995
2976
3029
2971
3005
2991
2980
2992
2977
2994
2973
2952
2966
3010
2955
3015
2717
2491
2971
2986
2994
2992
3019
2990
3004
2923
2990
1666
3011
3024
3005
2976
2969
2949
2690
2961
2956
3015
3011
3008
2980
2986
2928
2959
3005
2991
2998
2991
2839
2827
3013
3003
2999
2950
2984
3012
187
3000
2874
2941
2996
1317
2991
3008
2977
2994
582
1883
2994
246
2959
2985
2998
2985
3018
2989
3006
2989
2993
3025
3005
3006
3022
2999
2993
2971
2997
2996
3014
2978
3003
2988
2973
2969
2991
2984
2980
2995
2414
3004
3042
2985
2989
2860
2963
2984
3012
3018
3007
2985
2990
2987
3064
2956
2992
2980
2998
2989
2990
3000
2993
2964
3005
397
2787
3010
3005
2990
3003
2986
1069
3007
2975
2975
3010
2993
2985
2999
3010
2989
2975
2993
2955
2976
2996
1676
2970
2962
2995
2980
2980
3010
2240
3013
2982
3001
2977
1430
2999
3004
2943
2988
2981
2983
2987
3012
2986
2340
2977
2949
2322
2995
3008
2993
3008
2930
2987
2998
2939
2987
2991
2974
2978
2997
2965
2979
2974
2979
2987
2990
3008
2975
2998
2835
2872
2986
2976
3022
2978
3002
3006
3001
2951
2987
2977
2999
2989
2986
3002
3023
2962
2964
3013
2999
1301
2965
2990
2997
3016
3019
3014
2969
2953
3012
1181
3000
2994
2995
2975
2147
3005
2985
3015
2968
3014
2974
3019
1839
2940
2991
2915
3023
1091
2984
2994
3003
2628
2979
3004
3001
3001
3002
3020
3032
2991
2991
2976
2989
3013
3016
2983
3021
2982
2965
2962
3021
2998
2988
2388
3024
2997
2988
3000
3017
2992
3023
2991
2999
2976
2943
2454
2967
2980
2971
2918
2993
2821
2950
2955
2990
2967
2966
2964
968
2882
1700
2994
3001
2966
2988
2962
3012
2823
2949
2994
3013
2988
2969
2958
3025
2997
2995
2983
2994
2958
2995
2992
2976
2972
961
3007
2999
2976
2972
3077
2986
2988
2995
2940
3007
470
2989
2990
2942
2919
2877
3008
2919
3006
1896
2995
3023
2993
2973
3002
2983
2976
2998
3021
2977
2989
2979
3004
3003
2991
2976
2996
2985
2987
2980
2976
2980
2993
3017
3009
2983
3001
2999
2992
2970
2989
3011
2990
2960
3088
2980
2991
1677
2996
2991
3012
2590
3029
2949
2964
2973
3015
3042
2998
3005
2994
2994
3006
3008
2956
2981
3061
2964
2993
2976
3008
3004
3001
2926
2967
2960
2920
2960
2859
2947
2989
2982
2990
2953
838
2928
2973
2997
2979
1897
3001
2955
2983
2973
1231
2964
2959
2966
2966
2946
2927
2991
2958
2993
2968
2988
2983
2999
2979
2995
2946
2916
2998
2972
2996
2983
2974
2966
2987
2998
2996
2991
2988
2926
2994
2875
3025
3043
3021
1935
3002
2923
3008
2989
3048
3002
3020
2985
2986
2994
2997
2951
305
219
2987
2979
3006
3001
2975
3005
2997
2982
2962
2984
2925
2983
2976
2988
2264
2958
2804
3017
2995
364
872
2994
2787
2995
2983
2986
3007
2930
2984
2990
2906
3006
2973
2974
2985
3001
2890
2945
2981
2982
2978
2715
2991
2808
2902
2969
2980
3001
3065
2990
3008
2985
2981
2965
2991
2988
3000
2322
2989
3036
2978
3004
2989
2382
3004
2917
3015
2978
3001
2978
891
1304
2973
2980
2970
2999
2974
3008
1955
2993
1860
2994
2911
3006
2951
3003
1056
2952
2998
3010
2993
2939
2974
2646
2988
2955
2975
2989
2983
2985
3021
2988
2945
3003
3005
2998
2968
2986
2985
2970
3007
3013
2985
2992
2992
2929
2994
2995
2995
2986
3017
2995
2971
2960
3008
594
2999
3008
2994
2967
3007
2972
3011
2957
3007
3009
2985
3013
2894
3022
3008
2895
2992
2980
2906
2984
2992
2997
3003
3032
491
3006
2989
2061
2967
2997
2999
2987
2982
3012
2993
2987
2992
2992
2972
3011
2968
3004
2993
2986
2972
378
2975
3009
2985
3005
2940
3005
2955
2984
2982
2998
2959
2988
2982
2983
2996
2957
3005
2887
2985
3000
2990
2969
2978
2984
2973
3052
3009
2119
2985
2961
1567
2971
2957
2965
2999
3017
3035
2977
3007
2979
2976
2943
2976
3014
2963
2993
3000
2985
3001
2963
2983
2992
3072
3009
2983
2989
220
2996
2992
2973
3026
2979
2986
2775
3004
3009
2987
2991
3012
2991
2753
202
2964
2543
2918
2980
3075
2099
1322
2983
2990
2975
3015
3001
2997
2977
2990
2005
3002
2958
2977
2983
3001
2988
345
761
2994
2492
2990
3001
2995
2987
2694
2984
2975
2990
3024
3003
2965
3029
2992
2988
3026
2994
3004
2976
2994
2997
2816
2986
2988
2970
2973
2860
2979
2979
3000
1094
3010
2979
2981
2963
2973
3015
2958
2969
2932
2997
2972
2975
3020
2999
1959
2990
2969
3011
2989
2983
2987
2980
2980
3010
2993
2997
3011
2993
2430
2965
2997
2987
2986
3061
3018
3001
2699
2981
3013
3000
3007
2995
2975
3014
2959
2979
2986
3003
2952
2991
2261
2954
2989
2990
2932
2979
3013
2995
3004
2968
2906
2986
2909
2986
3000
2406
2976
3049
2956
2985
2926
2994
2171
2995
2971
2986
2987
3010
2984
2961
3039
2960
3008
2993
2983
1018
2974
2090
2984
2968
2975
2908
3010
2982
3007
2983
1630
1860
2979
2984
2955
950
2995
2970
2998
3030
1312
2974
2969
3013
2987
2967
2977
2869
3009
2950
2990
2950
2881
3007
1948
2979
3005
3025
3020
2989
654
3000
2971
3001
2489
2980
3016
2992
2982
2999
187
2927
3002
2902
2051
2974
2999
438
3014
2983
3002
2984
2950
2977
2973
2961
3000
599
2975
2973
2974
3005
2983
2998
2867
1050
2974
2909
2988
2963
3017
2940
2585
3024
2986
3008
3029
2471
2960
2989
3000
2995
3008
2957
3000
2956
2995
2971
623
3004
2883
2924
2991
2936
3005
2974
2977
3004
2985
2995
2950
2997
2968
2995
2741
2920
1001
3028
1924
3001
2971
3014
3005
3006
2081
2909
2985
2985
1016
2972
3005
2911
2966
3022
2980
2985
3002
2964
2912
2991
2971
3010
3008
2739
2984
2991
1231
3063
2991
2990
231
3031
2999
360
240
2988
2979
2989
2986
3000
2999
2979
2984
2996
966
2977
2991
2981
2999
3006
2955
3010
2964
2997
3002
3021
3006
3003
2981
2961
2991
2940
2993
2685
2646
2994
2578
3021
2977
3019
1724
1497
2995
2962
1883
2977
3000
487
2993
2982
2983
2977
2987
2976
3015
2990
2986
2998
2982
2994
2960
176
2932
2939
3011
2968
3008
3003
3004
3012
3004
2999
2951
2766
2971
2865
3020
2571
168
2970
3005
2996
2091
2989
3015
2983
2986
2952
3010
2994
2999
3017
2988
2967
2995
2991
685
2998
2995
2979
1902
2853
3004
2997
2936
3001
2973
3043
3006
2993
2260
2990
2997
3018
3001
2987
2991
3013
2981
2996
2993
2992
2982
2989
3006
2997
3012
1382
3002
3010
3006
2987
2996
1563
3000
1186
2983
3046
2972
2984
3019
2988
2963
3002
2998
2980
2954
2989
2979
2969
2989
2979
3018
2860
2995
2985
3022
2978
2977
3004
3007
2981
2980
2987
3006
2956
3015
3025
3007
3014
2975
2977
3001
2958
3032
2986
1231
2987
2998
2963
3010
2990
2994
1003
2989
2978
2963
2971
2916
3071
3004
2949
2996
2981
2978
3000
2987
2988
2958
2970
2973
2981
2984
2928
2792
2970
2984
2989
3022
2973
2961
3026
3009
2994
431
2927
2997
2985
2980
3021
276
2987
2995
2184
2987
2974
2948
2987
3015
3006
3014
2973
3013
2999
399
2997
3025
3001
2970
2994
2968
2974
2992
1420
880
3010
2981
2987
2997
3006
2973
2994
2983
2541
2905
2998
3075
2985
2970
202
2988
2969
3015
2995
2986
2972
2997
2991
3010
2949
3006
2300
2908
2987
2996
2985
2993
2976
2943
2801
2979
3022
2375
2997
3004
2995
2560
2985
2994
2964
2959
2989
2998
3003
2958
2982
2988
2991
2994
2999
3027
2969
2994
2997
2970
2974
2979
2965
3010
2967
2960
2978
2990
2978
3008
2993
2978
2973
2963
2866
2989
2994
2969
2994
2982
2972
3008
3009
3018
2961
2975
2096
676
268
2951
2981
3001
3015
3002
2981
2974
2982
1379
2957
2986
2996
2997
2979
3009
3039
2028
2985
3000
2998
2090
2424
3072
2955
3006
2135
3036
2984
2981
660
2988
2966
2984
2994
1601
3008
2977
502
2981
2982
1194
3018
3019
2997
2944
2981
2980
2346
2985
2993
2947
2967
2983
2941
249
2999
2981
2985
2998
2997
3067
2962
2992
2996
2994
2996
2974
1070
2988
2983
2980
2989
3010
2999
2949
3005
251
2985
2962
2984
2999
2994
2948
3005
3016
3016
2988
2995
3001
2980
3026
2998
3015
1665
940
3019
2993
1383
2982
3014
2963
2985
2997
3011
3009
2992
3044
3075
2995
2943
2982
480
426
2994
3000
2998
3000
3007
3004
2963
2945
2958
2921
2991
2971
2856
2974
3018
2992
2980
2968
2997
2998
2969
354
2988
2958
2985
2974
2997
2842
2996
2957
3002
2999
3000
2972
3007
2124
500
3003
2978
1249
357
3001
2983
3017
2984
3012
453
1544
3013
2965
2993
3001
2994
247
2964
2989
529
3020
2998
2955
2961
2673
2980
2965
3013
3010
2977
3026
2980
2962
2974
2977
2985
3010
2979
2949
3019
3003
2997
3001
2995
3010
3002
3004
2979
3018
3023
3004
2993
2973
2991
2974
2983
2981
3006
1962
2270
2997
2943
3017
2584
2972
2987
2937
2991
2968
1028
2991
3002
2995
2985
3010
2969
2971
2989
3021
2963
3012
3010
3004
2985
3010
2945
2982
3001
2966
2999
3002
2956
2988
3000
2986
1308
2969
2994
2987
2984
3003
1090
2986
2987
2995
2931
2957
2987
2988
2989
2978
2988
2864
2987
2540
2991
2985
3028
2954
809
2942
524
2982
2991
2542
1137
3006
2974
3012
2996
2970
2994
3002
2991
2979
2959
2990
2939
2911
2992
3009
1780
2989
2997
3012
2981
3001
2981
2964
2980
2982
2956
1833
2986
2990
3014
2976
3000
2992
2982
358
2987
2986
2797
2893
2960
2946
2998
2936
2293
3010
2984
2946
2960
2976
2975
2133
2974
3004
2986
442
2951
2994
1583
3016
2981
3056
2977
3035
2985
3007
641
3028
3008
3006
978
2999
2969
2980
2989
2987
2983
1432
2975
2995
2991
2982
2980
2977
2974
2993
3013
2980
2991
1125
3005
2981
2983
2977
2952
3008
2967
1545
2983
2996
2973
2990
2971
3003
3013
2970
3060
3009
2987
3012
2994
2991
3002
2963
2987
2967
3019
2977
2996
2804
2986
2993
2948
3008
2982
2987
1382
2991
720
1442
2926
2941
2957
3013
738
3006
2984
2981
3008
2981
2969
2945
3014
2976
2983
2991
3000
2970
2792
2258
2976
3000
2977
3007
3018
3023
2975
3010
2983
3010
2982
2978
3009
2990
2989
2997
2934
2955
1005
2976
2989
2988
2980
2998
2983
2972
3001
3021
2999
1749
2984
2968
3013
3000
2809
3004
2997
2989
2982
3006
3000
2977
2992
2993
2941
1733
2987
3003
3016
3011
2967
2990
240
3027
2999
3053
2955
2978
2998
2983
2970
2978
3027
2950
2995
2963
3030
2974
3007
2996
3010
3001
2984
2976
2997
2986
2975
2978
2875
3000
3047
2975
2991
2986
2984
2965
2975
3025
1488
3000
2978
298
2985
2961
3005
3003
2992
2960
2988
2980
719
2808
2976
3081
3008
2934
2960
2993
2910
2976
2312
2991
3026
2951
2753
3002
2969
2995
2993
2996
2977
2987
2993
2990
2938
2980
2973
2912
2965
3004
2985
2951
1279
2984
247
2972
3000
2992
1765
2907
2986
813
3006
2988
510
2980
3009
2984
2957
2922
2995
2915
2994
2960
2968
2974
3005
3004
2997
2976
2935
2982
2990
2989
2993
1847
1894
2976
2968
2986
2908
2976
2953
2944
2992
3002
1561
2998
2976
2979
2977
2960
2988
2983
2994
2959
3001
3014
2971
2999
2999
2998
2959
2993
2986
3006
2965
2976
3050
3014
2991
199
2951
2925
3019
2814
2468
2986
3007
2969
3000
2997
2952
3021
2995
2984
1036
2959
2976
2976
2997
3013
2975
2984
2989
2994
3002
2945
2996
3018
2804
3008
2994
2960
2971
2960
2958
2971
2967
2993
3059
2957
2945
2980
3043
2953
2849
2961
2801
2965
2989
3013
2991
1090
1882
2992
2968
3000
2998
2942
2970
3007
1589
2984
3008
3011
2971
3006
2965
2978
2939
2998
2687
2994
3010
2783
2980
3010
2963
2966
2959
3033
2998
2988
3012
3010
2974
2983
2545
2999
2839
2982
2977
2978
2985
3019
2998
3008
2975
2977
2999
3000
2980
2617
2900
3012
3011
2998
2976
3008
2986
2986
3018
2990
3010
2808
190
2969
2986
3008
2998
3001
3032
3019
2967
2979
2974
3017
1769
3029
3000
2988
2432
645
2960
2996
3019
2993
3004
2960
1274
2977
2985
3022
2995
2961
1159
3002
2982
2999
3007
2952
2988
2991
3019
2977
2995
2992
2976
3016
3018
3019
3003
2997
2966
2993
2982
479
3018
2813
3015
2956
3001
2999
2961
2956
2972
2989
3005
2999
2978
2987
2984
2989
2986
2983
2984
972
2974
3004
2974
2959
3017
3028
3009
2985
3008
2181
2968
2960
2936
2991
2990
3008
2958
2992
3024
2980
2840
2958
3021
2954
2933
2974
2987
2886
2920
600
2998
3006
2987
2992
2996
2918
2984
2983
2957
2958
3016
2964
2991
2990
2993
2982
3014
2983
2948
2994
2992
3012
2967
2980
2886
311
2976
2995
1377
2975
2990
3012
3002
1718
2934
3001
2951
2990
3001
2988
2936
2995
2984
2985
2864
2980
3004
2956
3009
3015
2967
3002
2992
212
3011
3007
1660
2987
2970
3063
2961
3004
2981
2967
2987
2886
2088
829
2690
2979
2157
2992
2962
2987
2963
2964
3019
2990
2427
2982
2968
2985
2968
2972
2378
3002
2983
3000
2900
2992
656
2977
558
2968
3008
2984
2993
2970
3003
2809
3001
2997
3013
2927
2976
2820
2984
2989
2969
2967
434
2961
3003
3004
1762
2956
2996
2973
2980
234
3004
1308
3000
3008
2997
2973
2533
3001
2212
2987
1631
2990
2953
2934
2936
2997
2996
2910
3000
2991
2969
2954
2991
2954
2947
2995
3021
3048
2982
2978
199
2993
3000
2985
2978
2972
3023
2084
2985
3001
2990
2940
2968
3017
2979
2960
2076
2998
2970
2997
2986
2994
2977
3066
2990
2980
2971
2991
2972
3064
3001
2983
2766
2957
2993
3000
3047
2992
2943
2992
2968
2973
3018
2978
2998
2955
794
3042
2921
3003
2993
2906
2985
2959
2928
2953
2976
3023
2959
2984
2974
2975
2995
3006
2995
3021
2978
3004
2998
632
3004
2984
2982
2989
2984
2980
2968
3075
2998
365
3067
2894
2989
3010
2988
2968
3060
3005
3015
2956
2963
3003
2995
2991
2962
2992
3010
2991
2997
3022
2997
2990
3076
3002
828
3005
194
2999
2964
2705
2975
2986
2972
2996
3006
2998
3001
3014
2987
2992
3006
2974
2980
2999
2942
3028
1284
3003
2651
3025
2897
2997
2961
2994
2983
2994
243
2999
2951
2987
2975
2981
504
2988
1517
2974
280
2990
2989
2971
1472
309
3001
2989
2975
2976
2921
2991
2987
3006
2998
2969
2811
2973
2972
2981
2999
2832
2992
2992
2975
3006
3025
3003
3005
2989
1482
2975
2962
2998
2584
2965
2990
2995
2954
2989
2991
2989
2990
2975
2989
2983
3004
3007
2982
3023
3004
3033
2400
2667
2999
2935
3010
2982
2968
1354
2955
2912
2962
2940
3014
3016
2998
3001
2960
2998
2969
2965
2983
2808
2970
2193
2971
2990
3011
2991
2996
3011
2989
2999
2975
2990
3020
2976
2967
2992
3002
2958
2986
2945
2976
3002
2996
3000
2987
2990
3014
259
2936
2983
1719
3066
2997
384
2978
2933
3010
2982
2975
634
3005
3025
2973
3008
2976
2927
2958
2996
3000
3001
2977
3002
3012
1023
2995
2940
2990
3012
3010
2978
2613
2961
3017
2974
3008
2989
2981
302
3057
2984
1470
2336
3004
2969
2982
2983
2879
3010
2974
2981
2986
2990
2985
2994
2998
2987
2975
2999
2995
1001
2950
3001
2983
647
2998
3023
2347
3006
2988
2937
3001
2999
2966
2998
2997
2975
2974
2977
2974
3000
2987
2015
2993
2997
2989
1377
2694
3000
2953
2991
2982
2976
2975
2997
2984
3009
2955
378
1095
1709
3011
2144
2925
374
3002
2961
2988
2939
2142
2796
2966
489
2991
2413
3037
3004
2998
3008
2994
691
2985
2989
1876
2975
3019
2991
2681
3008
2997
3005
2940
3001
2992
2991
2994
2974
2977
3003
2991
2573
2922
377
3012
2990
3004
2959
1535
2950
3005
3004
2992
2989
2995
2957
2951
3010
2993
2964
2986
3003
3005
2989
3000
2987
3037
2969
1150
1452
2981
1953
2993
2987
3027
2722
3002
2982
2987
2984
2990
2957
2990
332
2986
2476
2955
3003
2774
2989
3006
3007
3008
2997
2991
2905
3013
2999
2961
1836
2970
2978
3005
2970
3004
3070
3002
3000
2984
2966
2996
938
2999
2980
3000
2995
2973
1066
3004
2982
2976
3003
2984
2996
2977
3003
758
660
2937
3012
2973
3011
3022
2927
2715
2057
2987
2976
2988
2059
2994
623
322
2986
3015
2978
2954
2971
3001
2992
2968
402
2985
2989
3016
2986
3003
2983
3006
2996
3006
2982
3004
1234
2996
2996
2889
2988
2973
2991
2989
2951
3021
3004
2983
828
2971
2986
2976
2993
2989
3019
2981
2999
3026
2727
2973
2998
2965
2976
3015
2983
1210
2977
3002
2987
2954
2937
2982
2975
3004
1591
3020
2159
3005
438
1148
2983
2997
2957
2988
2925
2962
3006
2980
2980
2993
2995
2972
2630
2980
2986
2972
2963
2986
3010
2965
3007
2942
2856
2957
2613
2991
3022
2987
2994
2945
2979
2289
2976
2977
3005
2975
2156
2992
2975
3016
2991
2996
2976
2986
3001
3009
2965
2999
2989
3005
2988
465
2930
400
2875
2969
2965
2920
2239
2975
2936
3001
2977
2983
2973
2954
2987
3000
2990
2987
2968
2331
1820
3021
2984
2987
3019
3005
3003
558
2977
2994
2995
3027
2915
2955
3019
3044
2975
2931
2997
2983
3008
3003
3009
3015
2988
3004
2993
2988
2990
2327
2022
2992
3030
3010
2960
2989
2961
2980
3062
2942
2993
2946
3001
3005
3005
2980
3005
3012
3007
2995
3005
3009
2985
2976
2981
3013
3009
2990
2974
2984
2964
3008
2985
2806
2971
2995
2997
3006
3005
2952
2990
2999
2919
2992
3006
2924
2996
3080
2971
3005
806
2952
2952
2983
2514
2999
3011
2980
2976
2986
3009
2991
2982
2982
2990
2984
2984
2999
3001
2996
2981
2997
2967
1738
2949
2947
3002
2413
2987
2981
2887
1951
3009
3003
2948
349
2394
2992
3017
2982
2971
2991
2982
2981
2998
3003
2998
3031
2990
2994
2993
2988
2977
3009
3027
2973
2976
2966
2967
2958
2987
2980
924
2974
2988
1711
354
2978
2924
2968
2984
2976
3001
2987
3015
2970
2147
2972
2988
2991
2985
2963
1510
2966
2980
3011
2980
2996
2992
2994
2942
253
2935
2985
2968
2974
3000
3018
2983
2996
3007
2975
2794
2974
2973
2960
2291
2993
2987
3000
2971
2974
2978
3005
3002
2917
2955
2920
2962
3000
2968
2984
2984
2968
2987
3001
2968
2469
2991
2387
3021
2971
2972
3000
2930
633
2962
3002
3004
2975
2960
2988
2989
2991
2994
2983
3005
2978
2970
2997
2976
2966
3021
2991
3020
3001
2989
3063
3009
2982
2653
2991
2999
2959
2966
3000
2996
178
2979
2964
2962
2978
3007
1673
2994
2960
2964
2980
2987
2982
2936
2993
2994
3010
2987
3069
2983
424
3001
2984
3006
3005
2989
2978
3006
2965
3004
3008
2998
2990
2965
2989
2996
2960
2455
2982
2983
2961
2979
2988
3012
2992
2993
2990
2980
3010
3025
2989
710
2963
1576
3014
3024
3004
2989
2997
2991
2992
3008
2995
2979
3004
2984
2967
2939
3008
2990
2999
2613
2814
3002
3006
2984
2191
2997
2972
2998
2986
2963
2993
2988
3019
2841
2997
2989
2993
2988
3003
2458
3018
3006
2999
2977
3043
3010
3012
2992
3030
3005
407
3007
2959
3022
2984
2991
2980
3003
2979
2516
2986
2976
3019
3015
2989
2248
3011
2984
2964
570
2998
2961
2943
2983
2987
2967
2996
2987
3017
2980
2977
2974
3008
2995
3028
2971
2917
3038
2856
2958
3000
2996
2974
2978
2259
2999
2982
2987
2981
2984
2961
2972
2983
3016
2835
2953
2948
2963
3009
2987
2964
3008
3003
2984
2970
2972
2968
1736
2969
2967
2985
3007
2996
2984
384
2966
2972
2974
3002
1693
3010
1891
3003
3077
2967
3011
2959
3016
2955
2948
2975
2971
2998
2947
2997
605
2977
2965
2982
2969
2992
3006
2970
2975
2937
3005
2997
699
2990
2273
2996
2785
2973
2978
3018
2032
1905
2978
2974
2986
2997
2997
1549
2996
3008
3025
635
3006
614
3014
2986
2970
2981
3009
2983
2995
2949
2508
2871
888
1537
2998
3005
3000
2982
3008
2967
2972
2965
3015
2975
3008
3005
1372
403
2177
2613
2990
2125
3037
2989
2997
2918
2999
2935
2997
2968
2976
2934
2956
2993
718
2983
2977
3005
2985
2976
3002
2963
2056
3013
3019
2992
2998
3000
3037
2887
2376
2416
3009
3018
2943
2277
2998
2975
2996
2989
3009
3020
2963
2979
2995
2973
2997
3038
3004
2989
2901
3009
2885
2981
3050
2982
2951
2962
2987
2978
2985
879
3007
2962
3026
2979
2987
235
2980
2461
3000
2903
3004
2982
3026
2548
2993
2988
2938
2146
2961
2976
2999
2991
286
2983
2965
2973
2995
2974
2967
2985
2984
3012
3007
3006
2979
3007
2945
2988
2980
2971
2974
3038
275
2971
2984
3019
2969
3064
3019
2982
2910
3004
415
2944
2995
2981
2966
2968
2989
2999
2993
2989
2986
2973
2995
2980
3012
2973
2995
2852
3000
2998
2984
2999
2999
2972
2983
3021
2983
2178
2988
2995
3027
3000
2994
3010
3002
2946
2983
2987
2992
2983
2849
2998
658
2994
3003
2997
2959
2992
2980
2236
2994
2985
2976
2982
2992
3007
2977
3004
2990
2959
2972
3011
2978
2980
2982
2993
2984
3015
2983
2997
2973
2986
2980
2985
2959
3022
3043
3012
2979
2931
2995
2979
2958
3014
1663
2982
3015
2962
3004
2985
2972
2971
3016
2988
3004
309
2962
2993
2987
3023
2993
2975
957
3023
2969
3051
2971
881
2972
2984
2071
2992
2939
2998
583
2971
468
2995
2998
2973
2971
2970
2952
2783
2938
3006
2978
2964
2978
2939
3002
2999
2979
1301
721
2969
2982
1155
3000
2987
2215
3004
521
2985
2556
2956
2984
2992
2972
2996
2959
2991
2978
2989
2996
2989
2967
2058
2996
3028
2965
2989
2241
1481
2995
2288
1615
3006
2987
3001
2023
2953
2969
2997
2534
2993
1218
2979
3000
2957
2952
3007
2967
3016
2971
2993
2940
2980
2618
2962
2979
3008
3021
3021
2995
2963
2993
2976
708
2998
3000
3003
2990
2996
3005
3009
2993
2977
3000
1800
3033
3020
2983
2963
947
2992
3015
2999
995
2988
1398
2865
3003
2985
3003
308
2915
2975
2931
2954
2994
2996
2983
2990
2974
3001
2936
2981
2960
3006
3009
2980
3008
2995
2955
2974
2974
2959
2973
2974
2925
3064
2989
2988
2989
2984
2975
2981
2976
2955
3000
2091
2993
1769
2964
3055
3000
2977
718
2995
2961
2969
3013
3005
2981
195
3019
2386
2981
2951
2989
3004
2961
3006
2720
2987
3008
2993
3011
2976
3014
2996
2961
3017
2972
3001
3002
3007
2739
2992
3003
1040
2990
2977
2946
2964
2943
2936
3008
2978
3003
1729
652
3020
3008
2948
3000
2981
2978
2993
2998
2993
2985
2956
2950
2988
2898
2986
2984
2997
2973
2953
2990
3007
624
2988
2966
3002
2990
3026
2978
2994
2992
2974
2991
2963
3009
3015
3021
3003
2996
2209
2829
2925
2950
2971
2995
2954
2989
2980
2660
2978
2988
3008
2975
3062
2989
2949
3063
3001
535
3002
3009
3016
3017
2974
2998
2992
3021
3071
2241
3059
2973
2994
2983
1130
3009
2964
2773
2984
2957
2993
1191
2814
3024
3004
2994
2895
2912
2975
3069
2993
3012
2986
3009
388
2983
2985
2999
2997
3001
2990
2291
196
2948
2953
3007
2992
2318
1376
2985
2981
3083
2780
2990
2982
3008
3022
1603
2974
3015
3001
2984
621
3006
3016
2987
3004
3002
2973
3014
2550
2978
2995
2978
2447
2990
3007
3013
2977
3022
2986
2426
2975
3011
3061
2979
2985
2999
3009
2921
2962
2972
3000
2988
2993
2984
2991
2978
2989
2972
2307
2961
2976
2969
2967
3007
3002
2970
3003
2999
3025
2986
2986
3006
3008
2980
2997
2984
3027
2980
2965
2997
2997
2998
2999
2987
2956
3010
2983
2993
2971
2908
2993
2965
2958
2899
2962
2980
1915
2992
2972
3006
2998
2978
2994
2964
2946
2982
2981
2999
2988
2574
3000
2987
2977
3002
3003
950
2952
2986
2975
3003
2992
3009
1882
188
2742
2984
2997
472
2931
2992
1811
3014
3025
2977
2973
2952
3011
3002
2985
2998
3001
2508
2926
2658
2989
3003
2967
3007
2984
2994
2991
2978
2979
2450
2960
2995
3004
2976
2963
2912
2985
3009
2975
2865
2981
2986
2982
2995
2994
2990
3005
1858
3064
2965
2979
3014
892
2992
2969
2997
1565
2862
3001
2994
2970
2987
1243
2963
2988
905
2990
2991
2991
2977
2996
2991
2655
2995
2949
2311
2983
2970
2987
2894
2961
2985
3005
2832
2991
3000
2997
1878
2385
2995
2987
2998
2961
2972
3011
3007
2959
2993
2975
2962
2964
3019
1609
2943
2981
2992
3015
2973
3012
3008
2964
2963
2985
2918
2975
2961
1874
3004
2995
2980
2986
2992
2989
2995
2996
2987
3008
2991
2973
2975
3013
3000
421
3006
1162
3013
2657
2927
530
2982
3023
2968
3001
3000
2994
2983
2976
2998
3003
2989
2994
2990
3001
2982
2993
2916
2650
2985
3000
2977
2990
2987
2980
2301
987
2984
2996
3093
3016
2955
1141
3016
2980
2991
2986
2981
3008
2975
2995
3006
2936
2986
2994
2975
2988
3007
2990
1695
2983
2982
3003
2960
2995
3031
3001
3024
2706
2994
3004
2994
2948
2979
3011
2977
3006
2963
2945
2996
2998
2997
3074
2984
2982
2998
3002
2959
2993
2992
2975
3003
2986
2990
2982
2943
2994
734
3007
3012
3016
2997
2986
3005
2991
2979
2989
3034
3003
2998
2976
2990
2953
894
438
1768
2964
2993
3006
2929
2981
1352
2999
3010
2982
2866
2961
2957
2988
2934
2963
2343
3011
2993
2978
3001
3028
3058
406
2991
2923
705
3005
2990
2989
2981
2980
2988
3008
2984
3012
2916
3000
3013
2912
3000
3002
3003
2952
2958
2970
2983
2983
2990
2974
2994
3012
2983
2982
2021
2972
3002
2978
2992
2983
2950
2978
2980
2967
2976
930
2977
2994
3056
2990
295
3003
2976
1321
2351
2965
2972
3042
3014
976
2960
2923
3007
2957
2952
2973
3021
2988
2993
2986
2988
3010
3010
483
2972
2989
2986
2975
3011
3004
2934
2999
2940
952
3018
3004
2965
2980
3005
2984
2996
2972
2926
2965
2987
2970
2979
2685
2804
3016
3004
2962
2985
2969
1398
2980
2958
2975
2979
2999
2995
2508
1094
428
2992
3001
2963
3011
2983
3022
2954
1082
2971
2992
2997
3013
2985
3011
2979
3023
2982
2985
3004
2972
2992
2990
2921
3008
3005
2977
3054
2975
2991
3000
3002
3000
3013
2988
2967
3005
2979
2953
2988
1375
2983
1257
581
2802
3017
2265
3003
2954
2997
2996
2974
2612
3001
2993
2989
3008
2989
2998
2463
2994
2958
2986
2988
2982
2983
2989
2987
3008
3020
2994
2997
941
2967
2994
3020
2998
2963
3016
2955
3013
3011
2990
3013
2982
2968
3001
2962
3004
2579
2987
3010
2966
2987
3006
2962
2986
2998
2948
3001
3009
2972
2995
2997
2966
2992
2955
3011
2964
3012
2972
2957
2979
2984
2992
3019
3004
3004
2863
2993
3010
2984
2980
2959
2909
3030
3004
2998
3015
3002
3001
3018
2842
2996
3071
2991
1491
3018
2073
2993
2946
2978
2999
2948
3000
3013
2996
2925
2984
2976
2981
2993
2956
3001
2950
3009
2529
2897
2982
2678
3003
2935
2990
2998
3060
3013
2954
2987
2986
592
1279
3026
3006
3007
2991
3000
3015
2996
2987
2973
3015
3010
3051
2959
2980
3015
3015
2960
3011
2983
3002
2963
2975
2982
3005
1194
2982
2982
3003
2956
3000
1110
973
2973
1671
3016
2992
2993
2992
2992
3053
2988
2997
2992
2986
2974
2790
3002
3066
2952
2991
2975
2992
2992
2993
232
2994
2976
2968
3006
2986
2379
2965
2965
3000
2980
3029
3018
3010
3018
2997
3004
2969
3011
2973
2995
3025
2992
1885
3048
2978
1057
2983
2986
807
2932
2972
2983
2985
2985
2991
2979
2081
2997
3006
2923
3002
3013
3009
2968
2971
3012
2994
2954
1823
2960
2966
3005
2983
2989
2990
2741
2992
2988
2984
3009
2959
2998
2994
3005
2055
3059
2962
3009
1385
3001
3015
2995
2990
2970
2990
2966
2986
2995
2967
2993
3021
2996
3005
2969
2963
2993
1360
2995
3001
2989
2967
2987
2992
2990
1223
2984
3002
1780
3023
3008
2967
2408
2995
2964
2983
2983
3059
3003
2990
3014
2983
2991
2980
2999
3021
2979
2973
2159
891
2952
3016
3020
2956
2969
2998
2998
2988
2941
3008
2967
3020
3000
3009
1654
2872
2978
2978
3011
2991
3017
2981
2958
2990
2987
2992
2987
3001
2997
2979
814
3061
3028
3028
2977
2996
2959
3005
3012
3001
2945
2991
2997
1798
1323
3025
2987
2969
3012
3010
2984
2999
3071
2959
3051
1007
3013
845
2596
2971
2957
2976
1502
2998
3002
2994
1941
2971
3003
3001
1132
2986
2984
2980
2923
2937
2999
2965
2993
2974
3003
2985
2994
2981
3010
2984
3003
2973
2957
2972
2392
2991
2998
2972
3001
2994
2989
3006
3009
2980
2985
2315
2968
3011
2116
2460
2974
2964
3000
2982
3021
2971
2968
2992
2984
3001
3045
2948
2981
2978
2973
3016
2974
2970
3052
3004
2988
3093
3011
3011
3006
3012
2968
2960
2971
2993
2978
2539
3001
2211
2989
2957
2927
2981
2990
3019
2992
2999
2974
2983
3013
3022
1626
3011
2985
2968
3006
2993
2994
2969
3004
2916
3018
2989
952
2999
2985
2987
3016
2997
2976
2991
2994
2988
2914
3000
3007
2997
2976
2999
2998
2260
3002
3003
3010
3020
3007
2982
2983
2998
2981
2911
2989
2946
1266
2952
2980
2937
2946
2987
3066
2975
2964
976
2982
2987
2952
2962
2981
2994
2957
2975
1796
2975
3007
2995
2990
3003
2979
3008
3002
2997
3025
2424
2921
534
2983
2992
2910
1444
2978
2997
2964
3005
2991
1929
2979
2976
3002
561
3002
2997
2993
2962
2993
2986
3010
2946
2964
2993
2982
2998
2963
310
2995
2980
3007
2998
2975
2966
2989
2907
3007
2996
2994
3008
3007
2987
2969
2976
3060
3010
2993
2931
3005
2966
3005
3041
2975
2995
2976
3000
2957
3006
2927
2983
2969
2995
3022
264
3032
2977
2931
2991
2968
2987
2962
3012
2960
2958
2979
2996
2998
3010
3002
2402
2931
2991
2991
619
3039
2994
2700
2946
2991
3016
1938
2980
2293
3030
2958
2985
817
2983
2979
3077
2998
2997
2972
2996
2972
2998
2931
2998
3011
3009
2990
2904
2942
2997
2985
2592
2998
701
2982
3003
2385
2951
2979
1765
422
2965
2986
2474
2970
3009
3007
2972
3012
2986
3013
2442
3004
2992
3008
3006
2996
2972
2997
785
2979
2965
3005
2923
2636
3052
3013
2161
3014
2975
2945
3014
2991
3009
2995
3005
2971
1786
3000
3040
2992
2975
2956
2994
2981
2996
2963
2949
3018
244
2985
2990
2993
3001
2987
832
3010
2979
2985
3005
3005
3002
2989
3011
2979
2995
2994
776
1193
3010
2993
558
855
3025
2990
2968
3016
3006
2993
1553
2965
2999
3007
2996
2073
2970
2978
2999
2999
2982
2953
2103
3005
3017
2995
2989
2966
2991
2983
2953
2998
2965
2968
3003
3009
3018
3010
3014
2963
3014
2994
2978
3014
2998
2997
2930
2950
2970
2982
3004
2989
2995
2873
3004
2971
2985
2968
2986
3002
2967
2990
3002
2995
2993
2985
2799
2983
2972
2981
3010
2994
2925
2991
2977
3057
2970
2436
3000
2959
2993
2981
3008
3013
2973
2964
453
2363
2978
2989
3027
2658
820
1573
2959
2976
2416
3001
2975
2986
3000
2997
2981
2996
2978
2852
2817
2984
3022
2871
2989
3011
1290
2985
2987
2981
3020
2975
2992
3005
996
2995
1463
3009
1903
2998
2927
2999
2956
2966
3015
3029
3004
3000
2976
2995
2987
2997
3071
2988
2981
3004
2986
2996
2928
2906
2997
2982
2962
2951
2974
2477
2995
2985
2989
2936
2939
2992
2976
2981
2988
3013
3012
2999
2993
2990
2987
3003
2973
3001
2928
2881
2976
2958
2997
3060
2988
2986
3023
2978
3010
2991
3018
2876
2960
2987
2990
665
2990
3001
2982
2990
3020
3017
2982
2920
2989
2993
2984
2998
181
2987
2989
2433
2997
3016
1435
2796
2986
2979
2989
2987
3004
2515
2263
3014
2975
2971
2998
2466
2996
3009
3000
1056
2853
2991
3003
2976
2996
2967
1906
2971
2998
2931
2989
2954
2989
3008
2930
2990
2970
2943
2993
3005
2980
2972
3012
1588
2981
2979
2984
2956
2985
2926
3013
2997
2914
2993
3008
2670
2704
2999
2992
2641
3014
2987
1188
3028
2946
3002
3011
2995
2980
2980
3008
2962
2994
2993
2979
2988
2958
2970
3002
303
2764
2990
3007
3016
2993
2988
3003
3001
2997
2995
3013
2978
3033
2932
3001
2926
2945
3003
3007
2998
2983
2936
2997
2973
276
2952
2946
2983
2993
1378
2686
2998
572
2990
3007
2987
3009
887
3012
3001
2984
2655
3000
2990
2980
2999
330
2998
3007
3023
3005
2978
3013
267
3025
1364
3010
2988
2985
2991
3000
2967
3006
3002
2962
3010
2987
1336
2993
2990
2992
3008
3007
2997
2942
3044
2735
3019
3023
2997
3009
2961
2845
2983
2421
2956
2953
2992
3007
3011
2993
2980
2954
2975
2990
2956
2982
523
2985
3025
2974
736
3003
2986
2962
1462
2974
1782
1320
2986
2985
3011
2951
2525
2996
2845
3028
2973
1002
2931
2379
1259
2960
2991
1258
2979
2992
2971
3012
1905
2990
3010
2962
2955
2972
2992
2956
2993
3004
2989
2990
2993
3009
3009
3007
2970
3008
3027
2954
3002
2971
2994
2993
2995
3056
2951
2634
2392
2979
2998
2980
2983
1182
2961
3010
2792
2981
2999
1633
280
2963
2970
2968
2988
2988
2717
3022
2984
3001
2985
3001
2973
2977
1608
3005
2979
3067
2953
3013
2977
3023
2587
344
2974
2989
3001
2960
2980
2999
2951
2934
2964
2994
2963
2995
3006
2962
2990
2988
2910
2988
3001
2985
2984
3003
814
2956
2973
2995
2991
3020
2990
2973
2952
2983
3016
2994
2986
3023
2973
2917
2989
2989
2996
2991
2998
2994
2973
2997
2956
2978
3017
3001
2994
1294
640
2970
2996
2994
1118
2931
2984
3017
2976
2991
2622
2969
2985
2993
2978
3012
335
2991
2990
2985
2980
3038
2969
2998
2967
2734
2959
2923
2987
3013
2968
2997
2981
3004
2956
3006
2992
3017
2994
2969
3003
2989
2989
1615
2992
2988
2983
3025
3018
2962
2985
750
2988
2940
2958
2992
3003
2997
2991
2991
2990
2983
3010
2991
2989
2978
2969
521
2961
2983
3000
2993
301
3016
2971
2991
2966
2940
2972
2954
3022
3011
2959
1969
2988
2975
2988
2997
3040
3037
3000
2975
3008
2986
3007
2973
2998
2968
2981
2802
3006
2983
2972
2931
2982
3008
2981
2990
2964
2972
2998
3034
2949
1992
2993
2944
3013
2984
2971
2991
2982
2999
2960
2983
2968
2971
2966
3010
3010
2981
3011
2956
3009
3002
669
3015
2976
2905
2582
3075
3011
2981
2987
2997
2978
1570
2977
3009
2995
3013
3002
2966
3008
3021
3015
2985
3003
2995
3002
2997
1793
501
3005
3000
3000
2959
3006
2987
3010
3005
2939
3004
2987
3012
3026
2985
2987
2991
3000
2975
3001
2931
2986
2991
242
3010
2988
2379
2992
2990
2857
1778
3014
2977
2982
3000
2994
3006
3009
2933
2987
1046
2383
2986
2964
2993
3042
2900
2759
2998
2426
3022
2991
2986
2999
3021
2958
3000
3006
2969
1945
2828
2989
2327
2934
2996
2806
3020
2997
2969
1609
2974
3015
2967
2004
2981
3017
3003
2964
2981
2963
2841
3002
632
2968
2969
2990
3008
2973
2116
2978
3016
2988
2938
2558
3016
3002
3001
3061
2993
2924
3002
2545
2958
3011
2928
2982
3011
3000
2988
1166
3025
2969
3005
3006
2982
2657
2980
2845
2992
2990
3005
2989
1463
3004
2996
2980
2982
3006
2351
2988
3025
3026
2985
1257
3006
2899
2980
2958
2954
2884
2890
2968
3003
2988
2985
2936
2996
2995
2988
365
2924
2967
3050
3061
2998
1322
2991
2967
2775
2983
2967
2991
884
2957
3007
2990
2973
3015
2978
3037
2979
2943
2993
2964
3002
704
2872
2113
2995
3019
3011
3050
2991
2381
2967
3028
2983
2984
2035
2916
2992
2991
2971
3014
2968
2986
2988
2995
3015
1553
2974
3000
2995
3004
2957
2992
3000
2992
2649
3015
3010
2996
2988
3016
2996
2224
3001
2956
3007
2983
2999
2993
2972
2977
2307
3007
2918
1479
2976
675
2998
2986
2975
1143
3006
3019
2996
3007
2311
2975
1086
2987
3008
1208
2946
3007
2979
2998
3010
2964
2993
2995
2988
3003
2980
1845
3000
3014
2976
2935
2987
2994
1071
2971
2951
1068
3018
2977
3055
2992
2982
2924
2996
3041
2985
2946
2999
2991
2960
2990
2985
3022
3021
1611
2988
2978
2989
2959
2991
2966
2974
589
2908
2138
3013
2994
1859
3014
2990
2996
2141
3016
2972
1657
2961
2986
2980
2970
3022
3002
1100
2975
2975
3006
3000
2998
353
3011
2998
2591
3020
3002
2979
2990
2962
3016
2296
3066
2960
2981
2979
2973
1905
2986
2997
1862
2999
2963
297
2990
2970
3002
2997
779
2990
2995
3000
2992
2973
1638
2991
2986
2987
1367
2998
2975
3008
2690
2991
2997
3000
3009
2954
2922
2998
2990
3003
2972
3004
2961
2974
3007
544
2982
2969
2974
2993
2982
2966
2958
3026
2986
2985
2960
2990
2981
2301
2996
2987
2952
2982
2984
2990
2961
1753
2983
2986
2987
2994
2986
3009
2975
2970
2800
2995
1638
2983
3006
2991
2985
2437
2999
2994
2985
3003
3026
2976
2975
2467
2939
2996
2937
3001
2876
1940
3000
2994
2990
2982
2946
3001
3008
3035
2983
2956
2998
3000
2895
2981
2977
3009
2982
3012
2992
2368
2977
3021
3009
2991
2985
3002
2967
3011
2960
3010
2970
2983
1644
3001
2964
2969
2997
2996
2962
3009
2822
2984
2884
2959
3004
2974
2957
3007
2999
3080
2971
2999
2698
2993
2997
2980
2964
3002
2984
3014
2546
3006
2992
3005
2985
3003
2973
3006
3010
3015
2977
2998
2968
3029
2974
2985
2995
2996
2970
2992
2999
2958
2989
3028
3000
2997
2953
2975
2922
2966
3005
2961
2983
3020
3002
3000
3069
2977
3008
1422
2989
2997
2984
3025
2996
2997
2995
2991
2932
2956
3037
2999
3000
2992
2998
2955
3007
3007
2996
2978
3010
3018
2987
2977
2978
3006
2976
2952
2995
2988
2971
2985
1520
2992
2996
2989
3012
2974
2939
2993
3008
2971
2962
3014
2978
2998
3024
2969
2867
3023
2968
2972
2980
2987
2992
2968
1493
2978
3000
2980
2991
2995
2989
3013
3017
2992
2985
2981
2993
2978
3000
2974
3001
1367
2977
3019
2987
3003
2985
2980
3013
3007
2985
2995
2947
2975
2985
462
2974
352
3000
906
2953
3004
2814
2965
3009
644
3002
2971
2988
3001
2969
3006
2981
345
1518
3024
3012
2878
2958
2993
2997
3000
2978
2754
2981
2912
3023
2964
191
2981
2979
2987
615
3016
988
2994
3011
3032
3008
3003
2941
2992
2044
2967
2987
2941
293
2595
3006
2940
2984
2973
3011
2971
2992
1372
2987
3001
2619
2999
2944
2999
2991
2808
2944
1430
2996
2973
3015
3015
3007
2920
2984
2977
3016
2896
2982
1823
2998
2990
647
2502
2974
2964
2959
2980
1995
2959
3003
2994
3005
3018
2975
3006
2995
2990
2985
2946
2991
3004
1666
2944
2985
2985
3052
485
2953
2986
2901
2977
2979
444
2973
2931
2974
2997
3029
1112
2948
2997
3008
2962
3008
2954
2969
2720
2991
2963
3012
3082
2983
2941
2989
2856
2976
2990
2991
2990
328
2991
2403
2967
2960
3025
2973
2215
636
1075
2825
2980
3005
2982
2979
2994
2002
2995
1823
2991
2978
2570
2923
2965
2976
2968
2962
2957
2992
2990
2984
648
2988
2997
2989
3016
2993
3006
2262
2971
2984
3002
2997
2904
2998
2981
2201
2987
2975
2983
2989
2993
2993
2984
3004
3014
2980
2178
1077
2985
2893
2973
2971
2977
2231
2991
2983
2912
3003
2156
2638
3001
2978
2986
2991
2960
2975
3002
2958
2965
2999
399
2594
684
595
2992
3003
2994
2993
2982
2972
3002
3016
2896
2993
3022
2989
2970
2993
2920
2942
2988
2977
3030
2993
2976
2985
3000
3013
2988
3007
2893
2987
2980
2175
3011
2969
2961
2987
2992
2989
2996
2964
2986
2997
2995
2988
2970
3011
2979
2955
3058
3004
3000
3021
304
2976
2958
2971
2982
2973
2970
2994
2969
3000
3005
3006
2981
3002
2992
3001
2984
2983
465
2943
2924
2478
3002
953
3002
3002
3004
2160
3025
529
2995
2996
2967
2972
2981
273
2971
2992
3001
2978
2985
2909
2962
2911
1570
2987
1210
2970
3007
2977
3002
3020
2976
2960
2905
3012
2948
2991
2997
2974
3021
2947
2352
2959
2998
2996
1082
2974
3006
205
2972
803
2986
3015
2987
2660
2983
2991
318
3001
2976
2976
676
2980
3018
3025
3009
2689
2924
3014
2966
3001
2975
2992
3019
2987
2971
2922
2995
3012
2966
2931
2921
2973
2994
2981
2989
988
2973
2979
2999
2955
2986
2990
2973
2994
2981
2969
2990
2995
3012
2967
2074
2987
2975
2739
2966
2991
3002
2980
1239
3002
2993
3005
2951
2995
3020
3026
2982
2997
2978
2686
3012
2996
2987
2967
3020
2970
2987
2975
2978
2812
2966
2988
3009
2945
3008
2976
3003
2061
2930
2986
3011
2979
2213
2954
3004
2988
3007
2900
368
2976
2996
3015
2977
2999
2982
2979
2988
2989
3017
2975
2962
2991
3007
2982
2961
2989
3042
2964
