2988
2998
2506
3018
3018
3004
3016
3022
2998
3017
3018
2984
3007
3032
2971
2514
1560
3026
3029
2988
1027
3026
2979
3009
2982
896
3002
3039
3040
1451
3004
2977
3000
770
3035
3045
3017
3031
3032
3037
3038
3049
2990
3001
3004
3022
2900
2989
1154
3002
2970
2969
3019
2946
2986
2284
3023
3011
2967
3002
3026
2985
2346
3011
1539
3014
2985
2947
347
2991
2980
2997
3036
3016
2977
3005
3020
2953
3011
2964
2990
2983
3009
3051
2581
2995
3006
3025
3027
3044
2847
2970
3029
3014
3008
3031
2988
2993
3043
2996
3023
3009
3017
456
3045
3032
3032
822
3042
2998
3011
3006
2966
3027
3032
3013
2556
3014
3006
3044
3005
2874
2988
3008
3062
3019
2986
2979
2616
2973
3039
2481
2975
3006
2988
3042
3012
2311
3006
3006
3027
2986
3024
2943
2972
3006
3019
3089
3022
3038
3019
1677
2974
3005
2977
2960
2979
3013
3023
2991
3025
3043
3020
2988
2993
2915
3035
703
3012
2987
3022
3031
2989
3024
3030
1740
3023
3029
2974
2958
2993
3023
3035
3019
1175
3032
1295
3036
2997
2990
3012
3019
3012
2968
2973
2988
3018
3023
1646
3029
3030
3021
2986
3007
3006
3029
3008
2966
2950
2995
3005
2990
922
3003
2532
3027
2984
2074
3041
3010
3018
3001
2963
2955
2980
2785
3030
3004
2990
3005
2969
3023
3003
2988
3023
3003
886
2952
1678
3002
3016
2952
3030
2987
2994
3016
3013
3001
2991
3023
3005
3003
2987
3033
3013
3017
3014
3012
3030
629
2987
3034
2990
3014
2978
2943
2999
3048
2749
3035
3011
3016
200
3008
2997
1763
3009
2989
3029
3031
3040
3063
3003
2999
2975
3027
3030
3021
3033
2977
1706
3002
3038
3027
3022
799
3052
2979
2994
2987
2989
3014
3017
2997
3019
2996
3009
3024
2930
2998
2990
2970
3034
3005
2856
2968
2871
3027
3020
2963
2989
3002
3002
2995
3045
2979
887
3037
2978
3005
3017
1686
3021
3016
2994
2322
1161
3009
3013
352
3011
2995
3014
2981
2986
3007
3021
2998
3014
2993
3011
3020
3025
176
3026
1113
2414
2989
3038
2971
3013
3009
3003
3009
3024
549
3019
3000
3022
3007
3003
2963
3025
3047
2974
3026
3002
3012
3027
2995
3020
2989
2981
3040
2953
3007
3038
3014
3032
3052
2977
3040
3005
3017
2990
3010
3009
3001
3033
3087
3023
2917
3022
3008
3035
3007
3006
3025
2984
3003
3032
3020
3018
3002
2989
2999
3038
3000
3005
1253
3005
2991
2242
2978
3052
559
2976
2573
2986
3018
3015
2999
2979
3034
3032
3013
3016
3002
2932
3004
3033
3017
2907
3005
2968
2939
327
3018
2976
2947
3002
2992
3029
3035
2984
3011
2982
2962
3018
2982
2950
3003
2106
2746
3100
3009
2998
2945
3023
3014
2966
2995
2986
3025
775
3025
2984
1879
2985
2924
3031
3010
2990
2997
2981
3022
2978
2975
3022
1113
2825
2963
3056
3037
3013
3033
1749
2968
3039
3022
2925
2996
2200
3019
2979
3029
3002
2990
2734
2978
2312
3022
3026
254
3069
2998
2997
3021
233
2964
2993
3005
2962
3022
2940
3025
3050
2946
3002
2990
3024
3002
2997
3002
2069
3032
2998
1556
3020
3011
3033
2993
2659
2948
3026
2983
1756
2990
2987
1544
3044
3011
3096
3011
3028
2994
2435
3036
910
2988
3026
2997
3040
3019
2980
3014
2981
2836
2979
2961
2967
2993
1021
2815
2271
2977
3001
2986
3006
3010
310
2974
3009
2367
2150
322
3002
3018
2997
3019
3008
704
2502
3014
2623
2931
2989
3003
3016
3038
2983
3031
2929
3051
2999
2964
2993
3003
3025
3000
2965
2994
2964
2990
2961
3006
2996
2942
3026
2983
3021
1847
2439
3062
2989
2991
3005
2989
2962
3031
3036
2996
2954
3026
3043
3007
2935
3016
3011
3009
2997
2970
2714
3059
3013
3010
3042
3008
2408
2982
3032
2997
2901
2987
3013
252
3027
2975
3020
3007
3036
3012
3030
3028
3023
3013
2964
2958
1753
3002
3011
3007
3028
2979
3011
2948
3083
3002
3017
2977
2998
367
3020
3007
3014
3008
3017
3048
2978
721
2979
3113
3015
2985
3012
2985
3004
2981
3006
2985
3026
2955
3027
3043
2972
3041
2933
2980
3001
2662
2190
2965
2182
3010
440
1947
2977
3023
3005
3044
2251
2963
3000
2975
3006
3004
1950
2976
3004
2999
2998
3020
2983
3000
3030
3015
3015
3026
2881
2999
3021
3000
3011
3034
3025
262
3003
544
3007
2996
2998
2980
3030
2829
2980
1524
3061
2980
2888
2988
3023
3019
1222
3035
2990
666
2962
3026
2977
2988
849
3026
2995
2950
3003
3012
2980
2974
3027
3008
2966
3006
3042
3002
2812
1517
2989
3014
3023
3027
2996
3007
3001
3042
3022
2974
3022
3005
3008
3102
2794
2978
3007
2982
2997
3033
2997
2272
3021
2978
3016
3013
3026
1562
2988
3001
3016
3001
3001
3006
3048
3026
2990
2965
2989
3020
2844
2994
3022
243
2991
2909
3032
2966
3065
1711
3022
2199
3005
2974
3036
2998
1002
3008
2984
2968
262
2978
2994
2960
2990
2991
3030
3005
3027
3005
3002
3016
702
2986
3067
3010
3007
2978
3016
1489
2985
3046
3033
2581
3005
2955
2989
3070
955
2990
3003
2995
3040
3005
3012
2979
3029
2999
3002
1017
3030
3010
2996
3004
2980
2967
3014
3029
3034
1790
3012
3014
3012
2982
3033
3028
3040
3077
260
3055
2975
2994
1250
3042
3017
3004
3025
3009
212
1717
434
3007
3031
3044
3027
2950
2980
2732
2973
3015
1071
3010
3017
366
3028
3010
2976
1258
3008
880
2989
2508
3016
3027
2963
3034
3007
3030
3020
3064
2976
3006
3004
3011
3021
3033
3019
2972
2984
2980
2992
2989
2989
250
3023
2964
2995
3038
3038
2973
3022
3024
3001
2971
2159
2987
3037
3078
3030
3010
3023
3023
3041
3013
3005
2961
3018
3009
3023
3000
3014
3000
3006
194
902
3002
3047
3012
3040
3001
2987
1005
961
2980
3013
3006
1483
3022
3010
1607
3038
3021
3045
3036
2796
3037
2968
3023
3019
2971
3030
196
3010
2663
3044
3004
2999
3005
2997
2977
2998
3027
2990
3006
2986
2989
3000
2954
2966
3009
3006
3011
3015
3033
2988
2990
2950
3010
3010
2989
2381
3025
2943
3043
3017
2931
3012
3016
3011
2398
3038
3013
3003
2719
2946
2987
2999
3012
2975
2995
3011
2986
3046
3004
3019
2979
3021
2983
2991
2998
3035
2932
3018
2985
3110
2396
2992
2965
3044
2997
3028
3034
3027
2961
3000
3013
592
2992
2987
3036
3025
3030
2918
3014
2996
3007
3012
2945
2979
3021
2837
2981
3004
2975
3040
3030
3020
3026
3008
2989
2369
1823
2980
3006
2987
2899
3001
2989
3018
3023
3000
2961
3001
3023
3037
2997
2553
3020
2946
3033
3025
2979
3003
3004
3035
3001
2985
2992
3046
631
2977
3015
2991
3012
2874
3008
3017
842
3010
2745
2992
3013
3016
2993
613
2952
2999
3036
2985
2992
2614
3039
3007
2994
2932
2971
3033
2960
2980
1793
2985
3010
2995
3019
3048
1532
2966
454
3001
3019
2995
3002
3007
3008
3006
2864
2991
3016
2974
501
1651
3000
3009
1659
3039
3024
3014
2956
2954
3025
3020
3039
3025
3033
2987
3020
3042
2925
2928
2990
3000
3014
3019
3004
3022
3028
3024
2994
1987
2873
3000
211
3047
2996
3043
2993
2991
3020
3004
3017
3032
1640
2998
2989
455
2985
3044
1459
2987
188
1161
2922
3024
2494
3034
3018
3021
3005
3010
3008
3044
3070
3036
3006
1616
2996
853
3056
3028
3001
2991
3025
3003
3022
3003
2978
3041
2996
2999
3008
3005
2911
2984
2127
3009
3010
2981
3008
3024
3046
3038
2993
3002
3012
3007
3033
2514
1743
2762
3008
3041
3000
3002
3041
2987
3001
3004
3005
3029
3021
3013
3022
3016
3049
3046
2995
2992
3018
2951
1996
3007
3047
2913
2996
3011
3002
3009
3019
3009
2990
2999
2998
2993
2795
2982
3015
3027
2990
3013
3013
2983
3009
3035
3038
3010
2986
2108
3022
2980
1820
2758
3015
3009
3003
3021
2991
3039
3037
3016
2804
3013
3019
2999
3016
2983
3033
3025
2989
1822
3012
2908
3033
3016
2989
3023
3005
2997
3017
3025
3004
2998
3019
2998
3008
2732
2998
3020
2998
3025
269
3022
2998
3011
3010
2999
3008
3006
3031
2957
3002
2987
3043
3005
2994
2984
3000
3015
3021
2908
2428
3000
3019
2985
2515
3024
3004
3088
3027
3015
3019
3058
3005
429
3003
3026
2997
3004
3070
3045
2898
3027
164
2996
2985
2813
3014
2997
2994
3019
2998
3004
3039
2993
2461
2978
3003
3013
3015
3014
3032
2980
3033
2992
3037
3029
2993
2989
3018
2882
3048
1286
2988
3007
2993
3005
3028
1452
2975
2985
2928
2989
2453
3024
2980
3007
3020
2999
2980
2980
3017
2289
3007
2985
2794
3025
2949
3034
3006
3020
3004
2998
3032
3023
2986
3000
2982
2972
3014
3043
3009
3027
3009
2989
2733
3034
2961
3074
3028
3027
2988
3022
2872
2977
2557
3009
3029
2992
3001
2964
3008
1816
2999
2552
3019
3020
3030
3015
2978
3087
2939
2410
2990
2968
3013
3012
3011
3010
3050
2553
2971
2996
3002
2983
3029
3002
3026
3010
3031
3027
3060
3006
3039
3012
3034
2995
2995
3016
3007
2994
2957
2989
2989
2963
3005
2230
2835
2994
3010
2996
3005
3011
3018
2965
2992
3026
3020
2853
3095
1106
3024
3026
3037
3057
2979
2980
368
3034
3007
3015
2974
2977
2928
2934
2985
3000
2960
3025
3041
3034
3013
3023
2810
2978
2389
2994
3008
3043
2980
3019
2996
3036
3026
3000
3024
2998
2999
3019
3016
2985
2991
3035
3029
3017
525
3012
3002
2718
3025
2996
1715
3039
2914
3009
3015
3027
2951
3042
1011
2997
3049
3002
2935
3092
3057
2983
3017
968
3004
3001
2974
1908
2981
3011
3032
2991
3053
3012
2977
3033
2995
3036
2972
2996
2899
2966
445
1007
1551
3015
3016
3002
3013
2728
3042
2997
3013
3041
2980
2989
3084
2980
3043
2987
2995
3013
2989
2855
586
2381
3015
3001
2984
3027
2987
777
3007
2852
2355
2947
3025
3026
2963
2975
3068
2999
2987
3000
1689
3043
3012
2995
3037
3040
2533
190
2987
3035
2104
3044
2521
3033
3020
2978
3098
3025
2997
3040
3005
1181
2977
2961
3035
2113
3028
2996
2308
3010
3008
2930
3011
1845
3010
2406
2929
1511
3013
3003
2998
3021
2992
3030
3032
2986
964
3080
1061
3043
3008
2931
3025
3008
3059
3002
2986
2994
3006
3001
2995
3007
3017
3018
1870
2991
3028
2776
3006
3008
3009
2964
3001
246
3001
3084
2989
3015
2987
442
3027
3029
3027
3010
2594
3001
2876
3003
2956
3012
3057
3010
2995
3001
3027
3046
2405
2979
3002
3022
3020
2998
2998
2989
3017
2912
2941
617
3002
3005
3001
2646
2893
2206
3017
2719
3022
3038
2901
2958
2979
2970
3030
3033
3065
3032
2989
2990
3029
736
3012
3019
3037
2988
3057
2972
3025
3025
2994
3038
3006
3020
3017
2997
3023
3014
2230
3050
2993
3025
3048
2994
3014
2970
2611
3009
3008
3016
3006
3016
2983
2575
1109
3023
2348
3013
2985
3017
2717
3009
2994
3008
620
3033
3007
710
3004
2041
3015
2897
3020
3062
3012
2975
3009
3023
2983
2989
3066
3010
2989
1761
2983
3001
3010
3047
2962
3030
3008
3029
2996
3017
3034
3035
2981
2988
3047
3010
1313
3005
3008
2961
3029
3002
2979
2988
2992
3012
2988
2979
3025
3007
2143
2935
3022
3016
2998
3000
2991
3017
3041
3022
3017
2991
3015
3001
3010
2979
3037
691
3001
3010
3001
3021
3010
3036
3000
666
3012
3026
2998
2986
2892
3020
3030
2997
2998
2979
3035
3005
3000
3014
3018
3008
3017
3025
3033
3029
3015
3044
3036
2984
2999
3023
3028
3001
3005
422
3013
3002
2955
2973
2986
1737
2990
2977
2977
2961
3016
2983
3006
2968
2997
3007
3048
785
3004
3030
3013
2978
3026
2989
2970
3020
2975
3000
2373
3029
3022
2951
996
2964
2989
3009
2990
3020
1645
3042
3000
3027
3003
3036
3016
2978
1580
3030
3038
1083
2968
3006
2991
2991
3066
3035
3017
3008
3029
3013
2893
2991
1495
1489
2965
2984
3025
3048
1466
3039
3019
3046
3043
3027
2923
3000
337
2904
3028
2999
3010
2973
2991
3054
3026
3018
3036
3007
3031
3023
2980
3004
3006
2066
3031
2936
3010
3037
2988
2989
3022
3000
2983
3015
2984
2964
3030
2972
2984
3007
3011
2999
3031
3013
2880
3064
3014
3030
3047
2955
3014
2971
3008
1712
2881
3022
2944
1833
3080
3037
3051
210
2972
3006
3103
2969
3004
3009
3002
2953
1416
3045
1882
2978
2860
198
3010
3026
3009
3014
3034
2993
2351
3028
3017
2982
3044
3002
3037
3008
3022
2961
3027
3011
3012
3006
2989
2956
2335
3023
2986
3020
2534
3005
2675
3015
3027
3030
3022
3013
3024
3058
3005
3022
3002
1723
3023
3020
3007
3012
3003
2987
1808
2975
1737
3032
3051
2995
3012
3018
3019
2991
2995
3034
3033
492
2993
279
3004
3009
3024
3000
3013
3019
3038
2984
3005
2907
3030
2994
3037
3003
2785
2991
3023
455
2919
3019
556
3017
3001
3012
2594
358
3015
3006
2575
2990
1434
3024
3031
3030
2995
3013
2974
275
3004
2975
2954
2996
3011
3020
3019
3012
3032
3021
3006
946
2972
3014
3003
3000
3053
2969
3007
2993
3030
2992
2998
3014
2994
3023
3004
3028
3030
3002
2961
838
3010
2983
3011
3046
2956
2999
2960
2643
2983
2999
2992
2981
3012
2988
2997
3034
1932
3011
2548
3031
2997
3030
3061
3028
3023
2982
3033
766
683
2984
3004
3028
2949
3016
2944
3059
3042
3007
3007
2594
2949
2966
2750
3021
2992
2975
2962
474
3003
2988
2998
1739
766
3058
2980
3024
2944
2959
3018
3026
3004
3017
3029
2984
2962
3014
2975
1976
2976
3031
3013
2980
3023
2976
2984
3047
3013
3007
3006
3024
3031
3004
3027
3012
1021
3011
2973
2995
2985
3009
2983
3007
447
3030
3040
3007
2984
3032
2982
2954
2984
3012
2826
2982
2820
3018
3001
3006
3002
2812
3006
3030
3005
3007
3039
287
2973
3032
3011
3019
3052
3053
3014
3017
893
3004
3031
2997
3005
2954
3004
440
2997
3029
2977
3002
3005
2944
3015
3001
3011
3003
3005
3055
3007
3029
2650
3018
2986
2250
3019
1027
2458
2982
3007
3012
3003
2999
2998
2997
2969
2953
3028
213
2975
2973
2963
3003
1405
3015
3030
2790
2951
2964
2988
2983
3007
3016
2955
3027
2999
3001
3123
2988
3028
3016
2907
3002
3035
2998
3003
416
2309
2999
1187
2995
2975
3021
2974
2996
2971
2953
3092
3022
3013
2977
3017
2998
3015
3007
3077
2742
2999
2718
2999
3011
3026
3026
3010
3016
3003
2999
1455
1354
2996
2986
3045
2937
3014
2932
2988
3041
3003
3029
2977
3011
2967
2583
3023
3038
3015
3010
2965
2992
3011
3000
3006
3020
3014
2992
3023
2391
233
3005
253
2961
2920
2991
3047
3012
3022
2968
1626
2968
3006
3016
3005
2969
3038
3015
2976
3003
2952
3002
2889
3019
2990
3013
191
3003
2633
3016
2999
2992
3004
3041
2946
3032
3001
3023
3002
2962
2995
2997
3044
3005
2996
3009
2996
495
3001
3034
2989
2997
3003
2481
2965
3036
3017
3036
3018
3005
3013
3013
3055
3013
3031
2977
3042
2872
3028
3033
1728
2791
3011
3019
3012
3024
849
3012
2984
3024
3003
2974
3000
2993
3031
3034
3018
2974
2893
3011
2989
3032
3041
3028
3010
2995
3040
2999
3047
3001
3007
3018
3005
2975
3066
2988
3080
3001
2389
3021
2966
2810
3024
2966
2990
3001
2981
2987
2989
3008
2985
3037
3040
2991
2969
2991
2993
3022
3036
3030
2977
3022
2958
3007
490
2987
3028
3004
3024
3017
2946
3009
3020
3021
2503
3000
3025
3047
2974
3020
2983
3001
3000
2992
3031
3017
3026
2982
2981
3006
2709
2926
1178
2973
3029
2744
3038
1190
3014
3029
210
2985
3051
3028
1676
3027
3014
2988
3011
3016
3018
3027
2980
3052
3033
684
2997
3015
3012
3011
1724
3016
3016
3055
3027
3011
3027
3038
3003
3019
2991
2937
3032
3007
3017
521
2975
987
2995
2999
3027
2960
2981
327
2984
3011
321
3019
2974
3027
1584
2994
3011
3006
3013
1004
1709
3014
2954
3014
2971
3057
2978
231
2951
2997
3020
2995
3011
3021
2913
3043
3017
3011
3039
3013
632
2987
1293
2956
3005
1512
3008
3041
3010
2997
3000
503
2967
2895
2909
3012
532
3016
2979
3025
2999
2433
2991
3020
3028
3059
2990
3004
3045
3104
3005
2987
894
3019
2987
2990
1949
3000
3008
3004
2981
3008
3012
2988
3000
3007
2989
3000
3006
2999
2785
3043
2994
3003
2999
3012
3041
3012
2969
3106
3022
3033
2994
2741
3001
2962
2994
2973
2986
595
2971
3028
3010
3013
2980
2995
1063
3018
3006
3048
3027
3002
2998
2950
3007
3031
3012
3013
3020
3006
3000
3017
2989
3012
2999
3026
3016
3025
2999
3043
3014
2950
3023
3002
2165
3027
3007
3055
3017
3013
1611
2978
3027
3013
3039
2977
3031
3022
2986
2980
3026
2992
2932
3022
3041
3014
2998
2988
3032
3047
189
2996
3012
3042
2086
2981
3012
213
2972
3018
3030
2954
3003
3018
3019
1856
3006
202
2998
3034
2989
3012
1598
982
3027
2961
3029
3032
2987
2994
2995
576
2975
3007
1811
3025
1110
3003
3000
3013
2543
3015
3024
329
3005
1493
3053
3028
2952
3033
3015
2997
3016
3098
1178
2990
3013
3013
2985
254
3021
2990
3034
2982
2987
2999
3021
2979
3019
2999
3017
2995
3007
3027
2040
3003
3033
2997
3010
3020
856
2993
2978
3038
2996
3023
3016
3019
2988
2873
2962
3004
2961
2997
3018
2994
2988
3013
183
3031
3011
3005
2973
3055
1725
3037
3032
3006
3041
3004
988
3016
2991
2983
2942
2929
2968
3047
2980
2958
2990
3053
3009
3013
3016
573
3032
3061
2943
2988
3026
2952
3027
2998
2970
2946
2971
2980
3011
2993
3025
2946
2987
2992
2999
3025
3103
3020
3015
2958
3001
2279
3010
3009
2980
3022
2897
3017
3014
2980
2988
3013
2353
2976
3003
401
3006
3009
2697
2981
3040
2942
3042
2976
2989
2998
3013
3016
3016
2846
971
3008
3007
3038
3069
3050
2968
3038
2977
3079
3007
2998
3013
3015
3014
3012
3012
2947
3036
3006
1489
3006
3017
3009
1695
2997
2993
2259
2991
2987
507
2975
419
3011
2686
3012
3025
3019
3044
3027
3028
2738
3001
3007
2968
3014
2974
3028
3013
3031
3023
2996
3029
3011
3023
2988
2936
3015
2982
3034
2987
3020
3033
3014
3080
3004
2986
226
2763
3001
2529
2997
3009
3007
2983
3059
377
2920
3049
2258
3002
3012
2985
2963
3034
3001
3012
3022
637
1241
1501
3007
2984
2295
2973
3009
2981
3034
2953
2992
3012
2984
2997
3007
2994
3036
2283
3004
1140
3017
464
2968
2984
3004
3007
3104
2526
2993
3013
2980
2978
2984
3035
2239
1887
2967
2989
3033
3004
2991
3002
3022
2995
3024
2997
3004
3010
2988
3004
3062
1286
3019
3010
3005
2992
3022
3090
3007
2466
2980
271
2994
3085
3021
3027
3021
3003
175
3001
3007
3011
444
3029
3040
2996
2775
3048
2999
2235
3017
3013
2992
3012
3028
3035
3018
3017
1776
3039
2395
3007
2987
2903
3038
3013
2935
3011
3003
2956
3001
3020
3035
2989
2893
3019
2994
2657
1370
3011
3039
2982
2996
2975
2999
2986
3045
2944
3026
2795
3034
3002
3025
2802
2996
3001
3029
3020
2992
2008
3005
2971
3025
3046
3055
3007
2973
3003
2993
3032
2999
2978
3003
1200
2989
2993
3002
196
3036
3026
3006
2969
3099
2928
3044
2764
2998
2983
3015
472
2976
3047
3078
3017
2975
2996
2945
3017
3023
2995
3034
2963
2985
3066
2743
2214
3001
3014
3049
3020
2919
2998
2982
3015
3014
3012
2942
3033
3011
2999
2997
2819
2984
2938
3009
3018
3097
3015
2996
1085
2999
2979
3041
3014
3000
3024
2988
3067
3018
2945
3026
3025
2980
2964
3003
3057
3010
3016
3006
1180
3003
2900
3033
3024
2984
3015
3004
2325
2978
3108
3012
3086
722
2897
3020
3000
3010
3020
3034
474
3002
1929
3054
3033
2979
1616
2977
3017
3006
2966
2923
2473
3028
2998
2992
3014
2769
2989
3026
3018
2991
2827
2992
2799
3037
2981
3005
2986
3021
2974
2540
3060
3008
2992
2975
3041
1554
3029
3010
2979
3009
790
2994
3038
2954
2994
3006
3006
2941
3020
2798
3033
3000
2969
3040
1079
3066
3007
2985
2985
2986
2995
3031
3000
2965
3015
2981
3040
3072
2995
2953
3020
3009
2977
3041
2953
3016
3009
2995
3025
2621
3029
3007
2980
2989
3015
2759
3016
2870
3020
3047
3015
3032
3034
3013
2999
2985
2941
3004
2204
2863
3009
3014
2998
3003
3017
2968
3003
3013
336
2863
2184
2925
2999
2047
2993
3005
3022
3025
2967
2969
2985
2955
2990
3002
2997
2988
2940
3007
3124
2977
3025
3003
2988
2974
3041
3009
3018
3008
2987
3025
2992
2964
3017
2992
3003
3003
3018
1355
2993
2997
2998
3009
2931
3010
3028
3024
2994
2973
3003
2443
2960
3030
3014
2982
3014
2402
3012
3026
3006
3041
2962
3032
3040
3023
2856
3018
3021
3029
2958
2994
2984
3021
2985
3015
2957
3027
416
2998
3016
2550
3050
2756
3029
2998
2972
2985
3005
3012
3030
2993
3011
3038
3001
2988
714
975
3002
2981
3121
3012
2917
3019
1712
2171
949
3013
3010
3026
2978
3028
3030
3035
2975
3002
2983
3013
2993
2616
2787
3028
2858
2599
2997
3045
3040
3029
2987
3002
3025
2990
2986
3055
3035
1560
3005
2704
3037
3005
3035
3027
2975
3043
2935
3000
3020
3020
2954
3016
3008
3075
3037
3003
2930
2221
3024
3011
2996
3030
2990
2910
3055
3018
2959
2958
3063
2637
2707
3030
2983
3000
2958
2976
2056
3020
3036
2990
3000
3023
3012
3004
2993
3048
2996
2995
3038
2991
3015
3024
2989
3023
3027
3022
3013
2980
2983
3029
3057
3001
3006
575
3017
3012
2993
2991
3020
3023
2959
3001
2989
3041
2998
3008
2819
2991
3006
973
1595
3029
3016
2969
3002
2987
3044
2989
3014
195
1994
3013
2969
3014
3029
2984
3108
3013
3029
3007
3058
3016
3013
2997
1596
3041
2974
2996
3099
2999
2975
2999
3020
3013
3018
3017
2997
2987
3017
2758
3022
2982
3018
2986
1505
2832
3020
3002
2983
3036
2397
2996
2479
3009
2921
2978
2971
2982
3003
1060
2993
2784
3015
2967
307
3010
3046
2968
2978
2984
2983
2995
3003
1106
2848
2994
3024
2983
2927
3021
3000
3032
1637
233
2975
2968
902
2952
2992
1463
3041
3011
3032
3002
2977
2998
1972
2975
2964
3027
3005
3025
3005
3039
2954
3009
3023
3025
261
3009
2989
2988
3037
3011
3030
2961
3025
2970
2994
3007
2990
3015
2856
2251
2943
2146
2908
3035
3013
2993
3006
3000
3001
3052
2971
378
3029
3039
3034
2996
3016
3014
2998
3008
3013
3022
3032
2983
3035
2939
2970
182
3029
2999
3017
2112
3006
3022
3041
2355
3008
3023
3016
2967
3021
2974
2976
1243
3021
3004
2977
2253
2871
3002
2998
2981
933
2979
3041
2955
3011
3029
2997
2666
3013
2993
2667
3025
2987
2980
3026
3003
3015
3020
2953
3008
2978
2930
286
3005
3025
3030
2770
316
3006
2989
2953
1798
3030
2904
3025
2992
3024
3005
2155
2997
2986
3003
3038
3034
3014
3027
3017
280
2994
3001
2993
3010
3043
2998
2728
2989
3023
2241
3031
2992
3007
2982
2976
2974
3018
3013
3022
2879
2978
3027
3004
3012
3007
3000
3002
3001
3009
3046
255
436
2450
2981
2963
2991
2959
3004
2980
2995
3032
3023
2691
3029
3022
637
3029
2989
3036
2981
3016
3061
3004
2984
3017
2607
2624
2980
3020
2971
2959
2973
1741
2976
1311
3013
3025
2241
2867
2997
2928
3029
3010
1869
2934
2988
2990
3001
3023
3025
2916
2942
3011
2965
3045
2822
3007
2980
2995
3008
3000
3007
3020
2995
3062
2996
2982
3004
2970
3012
2773
3000
2992
3025
2971
2994
3019
3056
3000
2148
792
3013
2991
2978
2973
3004
3030
2988
3009
2985
2990
2999
3046
3020
215
3014
2982
2910
3045
3021
2936
3038
2176
2990
3018
2984
3040
3031
2445
2965
3040
2983
3016
3027
3025
3025
2997
3031
3015
2978
2974
2977
2982
3033
2623
3001
1852
2961
2956
2998
2973
3004
3040
2986
3028
3025
3014
2959
2975
3030
3001
1780
3018
2999
2988
3040
3041
3001
2987
2984
377
3015
3016
2979
2146
2996
3010
2997
2980
3025
3092
3022
2988
2991
2784
3004
3018
3003
3032
3040
3005
3002
3020
3011
3000
2956
3016
3008
3022
2977
3040
3018
2996
3023
3010
3001
3051
3018
2993
3019
3036
2986
3006
3001
3021
3024
2982
2973
3015
3068
2997
2224
3001
3011
3001
3033
3027
3023
2983
2951
3009
2972
1863
3001
2996
3000
3015
3000
3042
2961
2278
3011
3010
2977
828
3011
2997
3012
3029
3020
3027
2982
3013
2197
3018
2993
3019
3081
3007
3015
3002
3003
2971
3012
3019
3007
544
1758
3032
3041
955
2943
2989
3053
2998
2994
3003
3000
2995
3033
2994
3009
2997
3021
3006
2966
2824
2996
3002
3024
2988
3010
2998
3000
3047
2980
3017
3025
2989
3014
3071
3017
2926
3041
3032
2972
2995
3030
3029
1906
2988
3016
2978
2941
3020
3033
3062
3012
3078
3001
3029
2992
3006
2971
2987
3007
2991
3011
3012
3036
3020
3017
2989
2982
2990
2987
2959
2952
2976
3010
2992
2989
2997
3015
2984
2727
2996
2999
3024
3001
2990
3040
3003
3003
3027
3026
3001
3037
3008
2992
2997
3021
3014
2995
3033
3024
3022
3013
2992
3032
3001
2995
3015
2979
3006
3020
3001
3046
3007
2997
2980
3049
3019
2965
2998
3000
3030
3015
3021
570
2974
3022
2960
2987
2933
3021
3000
3022
2982
2995
2985
3005
3028
2993
3037
2998
3024
2996
2985
1993
3034
1036
3026
3012
3033
2995
2968
3014
2753
2993
3017
3026
2982
3060
2970
2989
3028
2987
2983
2982
2977
2996
3016
3008
3000
3006
3011
3030
2997
3012
2963
2984
1364
3024
3024
3000
2996
3003
2558
3002
3002
3045
3027
2997
263
2994
2997
2996
2987
2953
3003
3001
2961
3032
258
2987
2994
2986
2972
2893
2926
2991
3022
806
3025
2996
3020
3000
2979
2516
1752
3008
3004
1258
3000
3003
3017
3007
3013
3029
3007
3001
2976
2951
3020
3016
2973
3022
3001
2986
2997
2983
1121
3002
2996
3015
3011
2987
3009
2996
694
2968
3024
3001
204
2995
3076
2949
809
3004
3033
2972
1367
3011
2992
2987
2991
2915
3020
2981
3004
3021
3040
2971
3001
1839
3038
2985
3033
1703
2998
2998
3002
3023
3037
3002
2994
2998
2977
3014
3088
666
3033
2985
2998
3028
3012
3030
771
3006
1470
3005
3005
2982
3030
2996
1841
3025
3006
2928
3021
2963
3017
3033
2996
3005
3031
3015
1043
1666
2976
401
2985
2994
2646
3010
280
2966
3009
2996
388
3029
2996
3032
2982
3021
3038
2986
2990
3020
3026
2990
300
2917
3000
3035
3016
2986
319
3023
2996
3030
3019
3040
3045
307
2992
3036
2951
2997
3037
2982
252
3014
3010
3042
3044
2994
2965
2995
1976
2946
3033
3002
3016
2993
2986
3008
3007
3013
3025
2483
3016
3032
3016
799
3028
2971
3002
2989
2975
2629
3026
3003
3026
3028
2984
2936
3044
3012
3005
3010
3070
3018
3002
3021
389
2988
3062
3034
2965
2999
3016
2993
2984
3004
2998
3026
3042
2952
2997
3010
2994
3004
3048
3030
1395
3042
3032
3028
3001
3023
1000
3008
2997
3014
2993
1050
2987
2996
2991
3009
2999
3028
3025
3010
2988
3034
2992
2999
3060
2988
2976
2410
2984
2990
3007
2995
3018
3034
3016
3010
3012
2988
2956
3013
3012
3023
2992
3001
3033
3023
2996
3016
2987
3032
3031
3008
3043
3005
2989
3056
3017
3007
2976
2959
3004
3004
3022
3001
3055
2989
2989
3029
3028
2992
3056
2986
452
3003
3034
3027
710
3016
3025
3003
3047
2999
2987
3021
3011
3060
3002
2979
3008
3025
1859
3006
2978
3043
1968
3034
3012
3015
3035
3017
2997
2983
2974
3025
3003
2580
2997
3004
3025
3000
2951
3016
3009
367
2556
3006
3018
3012
3006
2927
1651
3008
3014
2995
3044
2992
3033
1609
2997
2988
3000
908
2752
3009
3002
3014
2988
2986
3001
2999
3014
2970
3010
3021
2977
2998
2974
2996
2961
3035
2984
2984
3007
3043
2441
2983
3073
3015
3015
2981
3003
3029
3045
2993
2980
3017
2994
2981
2988
2977
2701
2936
3016
3000
2975
2996
2992
2987
3011
1251
3019
2981
3012
2990
2369
3023
3063
2137
411
250
3018
3005
3018
2987
2072
2984
2987
2989
3009
3019
2988
2996
3012
3015
965
3007
2981
244
2968
2991
2968
2963
3023
3026
2998
2969
3039
2994
3006
2972
3050
3013
2990
3022
2662
2992
3012
3008
2762
3030
3012
3001
2741
3036
3030
3002
3039
341
3051
2980
3022
2998
3030
3014
3005
2966
2980
3053
2982
2994
3040
3016
2958
2958
3028
2960
2978
3033
933
2984
2997
2948
3003
3012
3038
3028
3024
3013
2307
2865
352
1571
2983
3024
2983
3038
2979
185
2946
1180
738
3006
3009
1166
2996
650
3016
3029
2988
3038
2979
2979
2984
2969
2991
3025
2986
3087
3020
2820
2985
3067
2915
2996
3006
3050
3009
3035
3030
3018
3032
3042
3021
3007
2992
3046
2830
3018
204
3015
1971
3014
3036
2984
1183
3027
2935
2988
3007
3012
2998
3023
317
3032
3003
2972
3018
3005
3011
2994
3007
2994
234
2905
3024
3007
3020
3002
2990
3030
2998
2982
3001
3026
3069
3025
2954
3023
3009
3000
3031
166
3009
2993
2766
3048
3001
2987
3022
2997
2928
2977
3009
2998
3007
1936
2985
2797
311
3009
3035
2086
3012
2951
2968
2587
2996
3023
3021
3012
3036
3034
1798
3013
2208
3024
2948
2995
2964
3019
2980
2998
3002
3030
3001
3039
2415
3046
3005
3022
3038
3050
3010
3036
3028
3030
2992
2449
2992
3026
3024
212
3015
2985
3013
3003
2986
2941
474
2988
2310
3034
2925
2991
2768
3025
2963
3016
2993
3014
2994
3026
2473
2918
3001
3086
3029
2990
3017
2986
3048
1260
3010
3022
3002
2308
3026
3003
3046
3036
2975
2999
2976
3056
3005
3019
3007
2982
3014
2122
3009
3013
3010
3022
3026
2997
3023
3006
3001
3019
3037
414
2981
2982
3057
3044
3000
2997
2940
2996
2990
3023
2493
2859
3030
3010
2986
3027
3046
2998
3035
2930
3005
606
3000
3008
3049
517
1712
3001
1104
2938
2998
3008
2565
2981
3005
2952
3011
3014
3016
2990
3023
3027
2953
2968
2658
3062
3004
3004
2947
3026
2294
3087
3009
3066
3015
3003
3028
2975
2974
2976
3043
1950
2960
2998
2243
2970
2999
2974
3000
2994
2959
2969
3013
2975
2674
2969
2980
2957
3028
3021
3039
2998
1660
3022
379
3009
2950
2987
3010
3026
2968
3023
336
3028
2701
3021
3024
2346
3048
2975
2063
3007
1401
2987
2807
956
3014
3025
3022
3116
3019
2983
3026
1092
2979
2998
3006
2995
2952
270
3020
2993
3011
2986
2940
3027
3014
3028
2987
3001
3013
3003
3009
2963
3021
3017
2992
2989
2775
2524
3055
3023
2996
3017
2978
3004
2008
2984
3023
345
3021
3008
3020
1686
3004
1619
3002
3022
3003
3017
2944
3029
3008
3026
2992
2949
373
3010
3023
2985
3005
1882
2995
2993
3022
2999
3014
2933
3003
3012
3002
3043
2692
2991
3002
3002
1860
1356
3043
267
2962
3029
3010
3028
3028
3032
2988
3044
1054
604
3000
3011
3051
3014
3024
3008
1731
3026
3007
3035
3030
3010
2996
2998
2986
2965
832
3043
3028
3030
3032
2937
3013
3064
3008
2908
2990
3002
3013
3002
3004
2961
3002
2840
3008
197
3005
435
3059
3046
2975
3016
3048
3022
3048
3028
3040
771
2996
1898
2976
3016
2995
2994
3014
3023
3009
3005
441
3004
3005
3001
3011
2992
2974
367
3037
723
2995
3017
3003
3061
2977
3009
3020
2969
3033
3047
3037
2982
3036
3017
3010
3028
3007
3011
2986
2935
3116
2965
2999
3024
3013
2988
2997
3029
2976
1510
2981
1855
3021
2976
3040
2978
3024
3004
3028
2997
2991
3008
3016
2983
3014
3026
3015
3011
2992
3000
2977
2961
3025
3005
2987
2993
3037
3010
3010
2984
3030
3018
3007
2998
2984
3029
2379
2999
3002
3027
2945
2560
3052
3023
2993
3017
3037
2928
2993
3006
2915
3035
2999
2999
1752
2998
2983
2857
3022
2998
3033
715
2984
2997
3025
2064
3017
2897
3000
3009
3007
2972
3034
3002
3018
3018
1949
2990
3020
3125
3020
3039
3002
2983
2995
3004
2984
2941
3025
788
2494
3025
3004
2999
2978
3020
2993
3028
3015
2673
3043
2736
3030
3014
3014
2978
2974
2985
2998
2998
3001
3010
3041
2990
3012
3022
3017
2998
2984
2979
2992
3009
3025
3010
2949
3020
3012
2951
2950
2999
3038
2998
2964
3025
3036
3019
3020
3037
3027
2560
3005
3041
3017
1694
2987
2924
3048
3014
3020
2986
2787
2990
3024
3019
2996
651
3011
3020
2998
3003
2977
3019
3002
3030
3006
2030
2983
3006
2984
2731
3001
3064
2985
2992
2302
3040
1974
3010
3029
3012
2984
3003
2995
3012
2997
2989
2980
2975
3018
3019
3001
2985
3028
3017
2959
3003
3032
251
3027
3020
2986
3059
3000
3010
2953
3011
3032
3019
806
3011
2834
2975
2988
3007
3004
2980
2983
3015
2976
2994
2988
2977
3028
2973
3004
3016
3014
2904
3021
3005
3049
2991
2994
2931
3027
3014
3000
2986
3058
3028
3016
3000
2939
2967
3027
3027
637
2404
3043
3002
3064
2914
232
3067
2314
2988
2699
3014
2992
3010
3007
2979
994
2931
3040
2998
3007
3010
2974
2994
1315
3006
2954
3016
2766
3014
3032
3008
3000
3004
3017
2981
2967
3000
3024
3012
3003
2968
264
2997
3026
3017
3005
2966
3037
2966
2757
2997
2318
772
2993
3053
3017
2988
3007
3024
3032
3059
3004
3020
3016
2354
2941
3012
2960
3007
2979
967
2952
3018
3026
3006
1979
2982
3043
2999
3035
2999
3031
2985
3003
3036
3024
2900
3030
3000
3031
2987
1278
3015
3037
3019
3014
3008
2988
2990
3000
2937
3013
3000
3033
3009
3005
2969
2985
2999
3024
3016
3012
3007
3023
2991
3049
2971
2994
1566
3029
3008
2385
2428
3039
3020
2989
2981
480
3005
3013
2989
2046
1934
3016
2981
2974
2571
3008
3003
3040
2957
3015
176
2969
3038
3026
3028
2595
3022
2984
1068
2307
3035
2937
3059
3007
3023
678
3029
2974
2624
2989
2976
3004
3016
3006
3031
2989
3010
3019
3028
3009
3026
3011
2988
3039
3027
3055
2996
3015
2741
3030
2988
3015
2905
2977
3034
3008
3008
2873
3030
3008
704
2997
3027
2977
3001
3040
3021
3007
2967
2801
3026
3022
3037
2985
2602
3011
2989
2990
3048
562
2929
3036
2995
3037
3022
3016
2995
2996
3014
3026
3001
2998
3009
3005
2991
3016
3051
2973
3035
2399
3005
3020
2394
3031
3015
2992
643
3027
3010
3029
2989
2999
3009
2995
3034
3012
2977
2020
3021
3028
2982
3024
3000
3087
3039
480
3003
272
3002
3022
2914
2991
2998
2982
2992
2984
3006
3009
3005
3029
3016
3009
2989
3064
2998
3049
510
3001
3043
3090
2998
3001
3056
2990
3032
3027
2588
3006
2964
3030
3015
2968
1550
3001
2993
3013
3006
2539
3059
1360
3000
2987
2973
2646
2965
3019
3009
3030
3024
2992
3004
3003
2955
2649
3022
3000
3019
3028
3042
2039
2990
966
2987
3035
2050
2999
2986
3005
3009
2987
2915
3016
2956
3013
2988
3008
2993
2924
2958
2991
3031
2977
2984
2998
3029
202
2998
3027
3038
2612
3014
3008
3029
3018
933
2975
3008
3021
3015
3022
3004
3011
2938
2982
3000
3005
2982
2941
2999
1116
3061
3027
3018
2940
2996
3082
3039
2977
2971
3004
2075
2947
2974
2981
2999
3010
2933
3028
3033
2960
2988
2996
3011
3013
3073
