2983
2966
2907
2985
2962
2992
2963
2989
3011
891
3014
3012
2963
2998
2976
617
2977
2990
3007
1053
2975
2536
2984
2968
2983
3014
2899
2976
2993
2984
2991
2985
3007
2945
2998
2985
1061
2990
1914
1907
2983
2997
2923
3016
2973
2994
2996
3000
2987
1989
2994
3019
2986
3014
3004
3007
3002
3011
2992
3008
2977
2976
2975
2990
1255
3002
2990
3034
227
3008
2970
3001
2591
3002
2960
2983
2969
2955
2988
2948
2985
2987
2995
3003
2999
2990
3012
2983
1280
2993
144
2992
2959
3009
2960
2979
2999
3002
2941
2973
3000
2982
2956
3037
3006
919
3004
2968
2986
2970
1131
2976
3001
2906
3001
2993
2994
2995
2983
2993
3007
2984
2989
2981
1904
2985
2968
2998
3017
3000
3026
405
2937
2946
3000
3005
2998
2971
3006
3004
3001
3004
3001
2988
2978
2984
2988
3005
2995
3003
2978
2654
2998
2970
3038
3025
3007
2957
2958
2976
2953
2986
2999
3003
2945
2981
2975
2992
2990
1938
2877
2983
2961
2976
282
1451
2975
2975
2973
3016
2959
1773
917
3070
2993
2990
1214
3003
2973
2974
3008
2992
3001
3005
804
2972
2974
2827
2988
2999
2964
1800
1790
3006
2986
1681
2991
2985
2988
2989
2951
2990
2988
2956
2994
2978
2642
2962
180
2952
2985
3026
2989
2968
2977
678
2989
2943
2994
2986
2998
2989
2980
3059
3009
3003
2998
2973
2976
3070
2964
2978
2920
2987
3002
2969
2274
2974
2969
2966
2981
2986
2981
2978
2992
3000
2990
2984
3001
1684
2971
2976
432
501
2991
2998
3004
3009
2988
2955
1457
2945
3000
3017
2562
3026
2988
2953
2976
2975
2985
2992
3001
2972
2978
1599
3011
2959
2965
627
3003
2969
2805
196
2987
2960
3023
2985
2990
3040
2841
2999
3002
3014
2990
2968
2997
2992
2961
2968
2987
3018
3010
3000
2967
1295
2963
3009
2895
2967
3004
2593
2935
2981
2521
2969
788
3000
2997
2970
172
2976
2986
2986
3010
2971
2918
2981
2960
2974
2994
2695
2975
2026
2957
2984
3007
2984
906
3016
2985
2609
2902
2998
2965
3003
2979
2993
2997
2982
2977
323
2995
2964
369
2947
2973
2991
2981
2930
2983
2992
973
2981
2988
2996
2967
2996
3003
2957
2959
2971
2990
2970
3003
2984
303
3004
2969
2980
2932
2992
2974
2975
2997
3007
2984
3001
2975
2962
2991
2999
2985
2996
170
3017
2977
1376
2990
3024
3008
2124
2963
3025
2982
2969
925
2986
3011
2959
3004
2990
1841
3003
2970
2998
2972
2278
2039
2965
3001
2994
2991
2969
2939
2973
3033
3004
1981
2993
2955
2981
2992
2971
2972
2874
2976
3015
349
2940
2995
2962
2995
2946
2985
2985
2962
3015
3032
3011
2970
3010
2962
2990
2942
421
3011
3026
2958
2979
3015
2980
3000
2980
2976
2979
681
3000
3005
2987
2997
2958
2982
2967
2981
2980
3001
2979
2984
2980
3003
3022
2882
603
2992
3000
3000
2989
2972
2961
2993
3018
2996
2966
2984
2987
2974
3006
2977
2996
2993
2983
3003
2961
2998
3010
2924
2993
2971
2969
263
2982
2991
2913
2966
2996
2667
2990
2996
2952
2988
3030
2994
2987
2988
1561
3049
2979
2123
3024
2842
3011
2956
3009
897
3016
2999
3007
2966
2995
3031
1095
2968
2971
2999
2988
3006
2987
2906
916
2999
2983
3000
2987
2985
2962
3071
2029
2968
2670
2972
233
3010
2944
3011
2983
3004
2973
2988
2922
2996
2467
577
2927
2978
2989
2989
2982
2887
2989
2988
2975
1311
3007
666
3004
2946
2977
2999
3033
3008
2965
2976
2983
3022
486
3005
3007
658
2979
3011
2996
2961
2972
2997
2486
2991
3005
2988
2981
3002
3017
2995
2965
2966
2977
2991
2998
542
2976
2997
2996
2981
2958
2960
2974
3000
2982
2972
3013
3006
3003
2786
2985
2959
2708
2988
2992
2986
3002
3002
2985
2985
861
2976
2978
2994
3002
3004
2998
3024
2944
2987
3028
3003
2799
2972
2985
3013
2980
2990
3004
3014
2986
2990
2976
2985
2973
2835
3003
2979
2981
2950
2988
2990
3029
2909
2999
3004
2981
2986
2963
2993
3008
1826
2973
2986
2996
3013
2989
2985
2939
2331
2995
2498
2979
2807
3022
2270
3017
3015
2970
2975
2983
2898
2604
2991
3009
2149
2961
2937
2998
2997
2915
3011
2979
2983
3003
185
2986
2973
2980
2959
2985
3012
2996
2972
2971
2963
2966
428
2976
3002
2965
2986
3012
2977
2929
2993
3010
2989
2991
2988
583
2980
2988
2976
463
2967
3010
2984
2975
2977
3007
2999
2970
3004
2961
3056
2999
3011
3003
2988
2655
3004
2209
2993
2967
2972
3009
2976
2989
2962
2881
1172
2953
2986
3010
2963
2977
2982
470
2976
2974
2977
2604
2980
2832
2986
2988
379
2965
2987
2999
2976
2993
2971
2960
2987
2974
2994
2961
2995
3002
2981
2998
3056
3050
3041
2967
2936
2997
2824
2799
2937
2936
435
2974
2978
2977
2985
2984
2988
2926
3001
3015
2975
2314
2982
2985
1036
2931
3006
2993
2862
2993
2964
2975
2987
186
3013
3000
2975
2967
2975
3001
2526
2966
2957
3057
2972
2079
2973
2731
2999
2986
2964
2960
793
155
3016
3006
2995
3000
2987
2999
2997
2996
2976
2977
2978
1482
2985
2965
2940
1129
2987
2964
3003
2463
3007
2911
2993
2973
2986
2952
2990
2964
2992
200
2962
2986
2986
2982
1653
2989
3001
2954
2976
2812
2978
2973
2974
2966
2978
2984
3013
2992
2989
3010
2970
2972
2715
2952
2969
2963
2982
2990
2953
3007
3002
2984
2975
2967
2990
2984
3011
2980
1668
2970
2971
2987
2962
228
2020
3018
2980
2995
2976
2980
3003
2981
2975
3005
2985
2977
2981
2985
2996
2991
2975
2955
2970
2962
2987
1607
2986
2992
2967
2997
2956
2998
2989
2978
2981
2988
2886
2995
2977
2923
3010
2999
3000
2979
3011
2978
891
2971
3021
2935
2981
2933
2978
3016
2965
1211
2990
2970
2986
3006
2909
3002
2944
2997
2983
2954
2627
2962
2924
2966
2989
2980
2989
2982
2963
2961
3003
2987
2962
2978
2969
2969
2984
3000
2986
3020
2976
2981
2982
2984
2985
3025
3002
2959
3012
3013
2970
897
2965
3055
2998
157
2980
2979
2965
2925
2985
944
2991
2909
3008
2965
3009
2996
2975
2967
2998
2985
2986
2974
3029
3004
3005
2978
2979
3005
2985
2933
2973
2982
3008
2982
3002
3043
2966
2974
2983
2988
3000
2978
2991
2979
949
3002
2971
432
2978
2974
2957
3006
2985
2980
2964
2998
2992
2984
3010
2909
2988
2985
2962
1867
3006
2842
2933
2997
3009
2984
3013
2967
3009
2984
2983
3000
3019
1919
3012
2995
3005
2981
1488
358
2990
3002
2975
2961
3000
3000
571
2979
2998
2973
2996
2986
3008
855
2026
3010
2949
3006
2963
2980
2981
3002
2989
2970
2971
2985
3003
3044
2977
2969
2984
3061
2996
2887
2982
2972
2995
3004
2973
3005
2974
3000
2994
1488
3011
1955
2973
2921
3040
3004
2992
301
2977
2994
2975
3009
334
3004
2993
2965
3004
3005
2996
2994
2991
2971
3016
2990
346
3006
472
2935
3044
3005
2984
2992
2977
2950
3006
3018
2911
2691
2975
2830
3001
562
2999
2964
2960
2852
3026
1614
2973
3003
2965
2794
2963
3012
793
3006
2949
3006
590
2665
3014
2972
2990
3005
2957
2994
2966
2994
2946
2976
657
316
3017
2985
2992
2977
3070
2964
2998
2995
2977
2971
2975
2991
2993
2966
2974
2980
3000
3013
1232
3018
2971
2995
3022
732
2982
2966
3003
392
2982
2995
2959
2984
3005
2988
2975
3017
2205
2993
2307
2957
2912
2958
2971
3006
3007
1251
2979
2996
2858
1611
2993
1783
2977
3001
3011
2951
2972
2955
2997
2993
2978
2983
2907
2973
2971
2982
138
2950
2973
3011
2998
2994
175
2964
2983
3004
2997
3004
2930
2965
3005
2990
2998
2943
2922
2992
2993
2967
2973
3002
2969
2928
3029
2983
2963
3007
2976
2965
2999
2983
2999
2965
2975
3003
2974
3015
2967
2385
3024
2968
2981
255
2947
2998
2854
2983
2937
2970
1910
2984
3011
227
2999
3074
2970
2993
2999
2975
2974
2970
2981
2160
2966
2975
2985
3001
3008
2977
3004
2073
2946
2998
3002
3026
2990
2970
2964
3004
2995
2973
3007
2793
1398
3014
2929
2988
2976
2974
2962
334
2971
2981
2990
2991
2962
3001
2998
2977
3004
2790
2992
2993
2964
3019
2686
2972
2943
3011
2949
2967
2968
2985
3001
2986
2681
2621
2574
1852
2949
2950
3000
2971
2329
2993
2995
2999
2956
2996
1158
2989
2988
3001
3029
2630
2984
3068
2937
2999
2907
2942
3011
2901
2991
2981
2452
2990
895
2994
2958
2997
2962
3009
3000
2996
2994
2956
2975
2998
2978
2976
2989
2973
3001
2393
3009
429
439
3004
2231
1232
2988
2978
1051
2992
3017
2994
2967
2992
3006
2936
2971
2992
2836
3001
3001
2992
3014
3002
2964
2975
2984
2971
391
2982
2322
2977
2991
2903
2992
2978
2990
157
2993
2974
2990
2966
2983
2926
2988
2969
2957
3008
3006
2972
971
2981
3005
2974
2999
2991
2990
2009
2986
2981
3006
3030
3069
3004
3006
3001
2918
2995
2998
2986
2995
3009
2982
2785
2996
2981
2994
2997
2984
1115
2986
2964
2992
2923
2982
2992
3005
2971
2992
3006
3010
2998
2999
2996
2990
2988
2970
2989
2883
2977
2982
2978
2989
2611
3000
2851
2960
3002
3001
570
1624
2381
2998
2984
2989
2994
2952
354
2993
1589
3000
2968
2918
2971
2998
3002
3012
2983
1076
3020
3000
2984
3000
151
3000
2971
3011
440
2980
2980
2921
441
2997
3008
2967
2997
2970
2948
2981
2948
2999
2984
2073
2977
2985
3006
3009
2981
2991
2990
2990
3011
1716
3001
3019
2968
3000
1018
2980
2974
2996
2940
2975
2959
2927
2934
2996
3025
3020
2951
2970
2964
3007
2923
341
3021
2962
951
2974
3005
2980
2975
2987
2975
2969
2979
2962
3066
2972
2997
2723
2988
3012
2953
2974
2986
2992
2990
2477
2989
2984
2990
3016
2958
2992
2995
2958
2986
2952
2939
3008
2982
2763
2999
2993
2974
2990
2979
3013
2998
2973
2882
2977
3027
2983
2995
2979
2982
3001
3004
2170
2980
2975
2961
2983
2795
2976
2988
937
2997
2996
2988
2995
3004
3071
2989
2354
2967
3054
2907
2996
2983
2985
2946
2990
2968
2996
2988
3002
2588
211
2944
2576
2844
3004
2988
2567
285
2087
2991
2965
2959
2961
2951
3007
2952
2982
2975
2993
2993
2998
2987
3018
2990
2994
2986
159
2992
3013
2988
2979
2979
2993
2968
2971
812
1936
2986
2991
2996
3028
2983
2996
2986
2904
2828
2977
2814
2583
2989
2993
2985
2950
2345
3001
2962
2896
2955
3034
2942
2996
2729
2988
2876
2983
2952
2986
3008
2996
3001
2992
3007
3016
2915
3015
3002
3011
2997
3010
2981
3004
2992
2979
2943
2794
2950
2984
2962
2933
2987
2970
2949
2532
2991
2981
2951
1151
2986
3007
3008
2905
2984
2995
2933
2997
2996
3029
3009
2962
2975
2970
1149
3008
3000
3014
2958
3010
2996
3076
2978
3001
2975
2955
2990
2980
727
1731
2957
3010
2972
2949
2956
2987
2992
3001
3014
3017
3059
2960
2973
2976
2993
1271
2965
2987
2970
3020
2974
2917
2955
2988
2998
3009
2990
3000
2994
2984
3069
3001
2982
2991
2990
167
2997
2978
2265
2893
2947
2995
2967
2989
2918
2809
2953
2984
2995
2988
2663
3026
2997
1776
2985
3000
3047
2058
3002
2985
2998
2951
2991
3005
3021
2965
2986
2999
3012
3037
2760
2997
2947
3009
2935
3003
3009
2974
3012
2995
2993
2947
2964
3000
3011
2961
2982
1169
2980
1085
811
2990
2998
2988
2970
2995
2984
2964
2999
2988
2534
2993
2979
2857
3005
617
3016
2968
2999
2970
3010
2980
3002
3007
2987
2964
2738
2969
882
2999
2745
2988
3002
2933
2319
2974
2995
2539
1332
2965
2994
2515
3007
2988
2984
2957
2994
2991
2985
2963
3008
2963
264
2976
2967
2962
2967
2986
2976
2993
2973
2653
2971
3029
3012
3008
2984
330
2986
2995
2998
1152
2992
2984
2972
2974
2972
2991
3003
2957
3006
2967
228
2991
3004
2956
2985
2832
593
2997
2986
2982
2989
2985
2990
2984
2990
2973
2996
2994
3030
2968
3005
3013
2971
2948
2986
3033
2968
3006
3047
2984
2978
2966
2999
2974
2980
2405
2932
2991
2846
2722
3002
2970
2990
2999
2977
2952
2986
2979
3070
2981
2983
3003
2982
3003
2959
2983
2957
2989
2901
2963
2978
227
2995
2977
2985
2998
2963
2819
2990
2997
3002
2953
2984
2992
2986
2988
2988
3007
2988
2975
3009
2999
2998
2986
2986
2983
2963
3012
2995
2936
2992
2969
2945
3010
2973
2955
2986
2977
3000
2579
2998
3022
2977
2999
2975
2976
2963
3000
3004
2990
2908
3043
2303
2997
2965
2955
2958
2996
2981
2567
2990
2999
2991
2685
2956
2995
2728
2948
3007
2986
2969
2991
3010
2972
2996
2997
3000
2979
2994
2953
2944
2974
2963
3014
3000
737
3023
2990
3008
2972
2980
2969
3022
2990
2989
3000
2973
2980
2991
2990
3012
2998
2939
1148
3011
2994
2983
2928
3020
2997
2979
2968
2968
3047
354
3016
2975
2960
2955
2990
2989
3020
3020
2981
3007
2978
2941
2996
2970
3001
2985
2996
2980
3008
2871
2995
2992
2998
3000
2964
2955
2979
2982
3003
2978
2966
3006
2989
2983
2971
1511
3002
2997
2984
2992
3035
2969
3018
2971
2966
2973
3026
1170
2993
2942
3003
2999
3001
2966
2993
2992
3017
3029
2968
2945
2973
2989
2942
802
2988
2990
2974
2984
2999
2998
2995
3018
2983
2978
2965
2985
2985
3007
3005
2995
443
2998
3023
2995
2983
3010
2958
2977
1536
2962
2985
2988
1398
2557
3007
3004
2993
2960
2987
2977
2997
2983
2994
2967
1959
2975
2991
2979
2989
2949
2999
3025
3017
2975
3000
3005
2972
2997
2979
3004
2995
2078
2992
2982
2976
3002
2461
2964
2971
2992
3005
2980
2992
1731
231
2987
2971
3008
2957
2997
2953
2991
2965
3004
2975
2960
1914
2979
3007
3017
2976
3005
3006
3010
2976
2972
2994
2973
2968
973
2991
2982
2939
2968
2987
3001
2967
2991
3005
2974
2149
344
2967
2994
3011
2981
2947
2984
3013
2963
2967
2993
2999
3004
2660
3018
2982
3002
2989
3003
2977
2990
2982
2988
2971
2972
2990
517
2986
3001
2977
3015
296
1869
2985
2987
3003
2965
2949
2950
2981
863
3014
2958
2957
2954
2978
2927
2233
2963
2998
2946
2938
2998
2948
2925
3003
509
2979
3001
2996
2969
3006
2997
2992
2973
2934
2980
2977
2564
588
2979
2965
2993
2996
327
2995
2999
2977
2974
2997
2982
3006
2980
2994
2984
2954
2980
2995
2990
3001
3016
111
2966
2646
2943
3003
2976
2993
2996
528
2961
2983
2987
3001
2953
2976
3002
2982
3002
3011
2980
2980
2969
2992
2999
2998
2973
3013
2994
2994
2958
2552
2992
2980
2951
2963
3066
143
3016
2980
2764
1629
1106
3093
2980
2993
2964
3005
3001
2970
183
2964
2992
2974
2987
3000
1062
2996
180
2964
2970
653
2990
2988
2969
2730
2985
2953
3016
2975
3018
2941
2978
3002
3000
3013
3031
2968
2992
2999
2992
2996
2978
3020
2994
2981
2970
2942
2995
2936
2991
178
2953
3002
1180
2981
2985
3002
2957
2996
2999
3014
3001
2945
2986
2991
2974
2949
3005
2963
2973
3022
153
2969
3011
2992
3000
2972
3009
2983
2996
2992
2945
2992
1861
3005
2993
2424
2990
2945
2979
2966
3004
2315
2991
2985
3007
2969
3004
2986
2906
2989
457
2982
2973
3005
2982
2532
2985
2979
2985
2985
2993
253
2979
2722
2991
3001
3006
2630
2996
2959
3011
3021
2998
2716
3057
2966
2993
2965
2999
3026
2999
2905
2947
2963
3002
2994
2992
3017
2955
2992
2997
2972
2979
3009
3042
3021
2964
3014
284
2959
2973
2971
2979
2966
2943
2990
2995
2998
2394
2987
2803
2977
3030
2980
3002
2976
3002
2998
2971
2983
2966
3000
2980
2988
2935
3000
2595
2985
2962
3012
3008
1518
2933
3002
3037
3028
255
2990
3012
2991
2973
1204
2949
3009
2935
2243
3007
2991
3005
2990
2964
2981
2992
2962
2941
3000
2965
2980
2990
3069
2980
2994
2996
2963
2982
2956
2998
2978
2990
2993
2727
2992
2956
3002
3006
2993
2954
2945
2761
2994
2990
3026
1874
2992
1499
2939
2976
2995
2976
2999
3010
2983
2979
2968
2962
2985
2992
2676
2986
2937
2952
2951
2953
3016
2981
2986
3000
2991
2988
3030
2964
2986
2986
3004
2999
2994
2922
3005
3017
3005
3001
2971
2975
2700
2986
2974
2298
2925
3002
952
2997
2984
2994
2972
2998
2993
2986
2993
2980
2993
2982
2957
3007
2974
2773
2990
2963
3012
3021
2856
3008
2987
2996
2986
2978
3006
2996
2966
2978
3021
2990
2991
3018
2975
3004
2960
3009
2986
3011
2996
3006
2939
3005
2961
3004
2989
2934
2969
2995
1009
2980
1418
3004
2995
3025
2997
3033
2989
2983
2997
1614
2956
2695
2996
2998
3001
2964
2470
2990
2998
2960
2992
2988
1975
2997
189
2978
2966
700
2986
2990
2996
2980
2412
2998
2995
2995
2943
2969
2996
2981
2990
2983
2984
2931
2427
2987
3001
3003
3011
2985
3007
2932
3012
3049
1886
3007
3012
3033
3019
2968
2989
2984
2987
2751
1270
2993
2994
3006
2419
2986
3000
2995
2983
2969
2942
2997
2986
2972
2989
3001
3003
2995
2975
2936
2990
2969
2980
3021
2996
2998
2998
3020
902
2997
1327
2938
2942
2994
602
2921
397
3012
3007
3005
2998
2961
2978
2983
1865
2992
1240
2974
3048
2988
2981
2999
2968
2984
1345
2217
2994
2997
2994
3011
2970
3014
2956
2207
3000
2452
2981
2952
2979
3001
3008
2988
2990
2983
2970
2962
2966
3013
2983
2986
1531
2964
2997
2993
2988
2992
2971
3008
3034
2976
2987
3022
3007
2973
2981
2914
2941
2993
2966
2993
2969
2923
2988
2994
2992
2924
2893
2996
2262
2994
2989
3002
2799
2967
1260
2981
2982
3010
2939
2989
2969
2961
3021
2988
3020
2950
2923
2999
2943
2991
2990
2830
2966
3023
2987
2981
1764
2988
2987
2958
3058
2997
2980
2963
170
3058
3004
2977
2997
3008
2989
2997
2970
2967
2970
2918
3057
3005
3000
2993
2990
2990
3009
2989
2970
1134
2964
3012
3013
2440
2929
3010
2948
2994
1170
2994
2975
2910
2980
3009
2983
2953
2973
3004
2994
2980
275
2973
3005
2015
2128
2990
2985
2985
3013
2984
263
2996
2988
1849
2969
2985
2920
3002
2989
2993
2968
2990
2980
2998
3010
2973
2984
2996
2997
2959
2995
2972
2987
2897
3015
1122
3071
2979
2978
3003
2965
2990
3015
2933
2987
3057
2967
3004
429
2987
2982
3004
2994
2989
2999
3001
2977
2938
2984
2966
2989
2953
2971
3003
3008
2937
2992
2998
2991
2986
2972
2954
151
2973
2996
2986
2981
2853
2981
2984
3044
2985
2971
3002
2982
2999
2975
2962
2997
3025
2948
2986
2978
2508
2993
2946
2560
2953
3003
2961
386
3003
2945
2978
2986
2998
2985
3036
903
3047
2992
3010
2354
2984
2990
2987
2978
2978
2987
2990
2992
2809
3002
3003
2991
3011
2992
2987
2985
3012
2962
3010
2978
3046
2992
2972
2972
3012
2963
1150
3047
2726
2970
2985
2992
3052
2816
1707
2987
2981
3000
2627
2974
1725
2983
2968
3013
2972
2973
3024
2994
2943
2997
2981
2966
2987
2951
2983
2979
2990
2990
2984
3009
2990
3000
3008
2992
268
2937
2999
2956
3024
2950
2998
2997
2993
2985
2972
2991
2067
2977
3012
2978
2993
2968
2976
2982
2971
2941
2970
3004
2968
2980
2989
2998
2976
2974
3001
2973
3017
2985
2978
2999
1748
2985
2974
3021
1295
3003
3012
3018
2998
2540
2954
2212
2997
2937
2999
2985
2993
2985
2993
2948
2976
2594
2982
3030
2973
2978
2991
2975
2999
2991
2970
2974
2937
3006
3019
2995
2972
2953
2949
2994
2991
2955
2989
2974
2953
467
3009
2999
2972
2975
2968
2995
2917
3018
3003
3017
3002
2993
2846
1529
2969
2991
3003
2969
2974
3004
466
2946
2972
1069
2996
2998
2999
2975
2975
2901
2996
2237
2955
2944
2966
3001
2999
2988
2993
2979
2976
2950
2977
2982
3024
1341
2995
2982
3001
2966
3013
3001
2919
2754
2981
2910
2984
3001
2981
2988
2990
3005
2985
3024
2994
2957
3002
2985
3012
2988
2979
2976
1621
2971
2994
2945
2984
618
2998
1181
2993
2937
2993
2985
2983
1035
2976
2998
2037
2994
2579
2966
2983
2997
3011
3002
2986
2963
2979
3018
2995
2987
2997
2998
2990
2880
2947
2956
2937
2954
2980
3001
3028
291
280
2972
2988
2960
2971
2989
2937
2981
2983
2994
1011
2982
2997
2922
2898
2954
3006
3023
2884
2962
2989
2953
3014
2959
2963
3042
2974
3028
2978
3022
2980
2976
2989
2989
3013
2997
2995
534
2983
2968
2979
2989
2995
2981
2964
2986
2988
2960
2643
2980
2983
3002
2959
2978
2965
2967
2995
2993
2968
2998
2947
2971
2787
3010
3028
3005
1736
2978
2990
2970
2915
2989
2974
2857
221
2982
2990
339
1872
2991
810
2986
2992
2976
2995
2455
3014
3007
2972
2957
3046
2982
2949
2706
2967
2955
3012
2866
2980
2994
2990
3007
2982
2955
3003
2984
2963
2986
1082
2973
2992
2968
2949
3026
655
2994
3002
2966
2998
2944
2994
2983
3013
3018
2971
3017
2157
2985
2170
2982
2966
2993
2426
2987
2986
3006
3015
1178
2974
2994
3012
3003
2991
2986
3006
3009
2979
2976
2969
1025
323
2947
2964
2960
2967
2978
2989
2987
3012
2976
2994
2976
2992
2981
2992
2425
2995
2979
2937
2997
3011
2996
3010
1134
3001
2955
3001
3002
2961
2997
2963
3003
2978
2997
3048
2983
3003
2987
2961
2966
3007
2982
2987
2975
3000
3000
2995
2949
3005
2986
2988
3030
2989
2972
2217
2971
2986
2969
1161
2962
132
2973
2981
2995
2977
2656
2986
2851
3025
2983
3012
3024
2982
3014
3000
2409
2976
3003
2978
2981
3000
2995
2974
3002
3001
2971
2992
2974
3008
2979
169
176
2958
3005
3007
2939
2990
2988
3000
2992
3003
2983
3010
2913
253
2985
2333
2970
2939
3001
2979
3024
2999
3002
2965
3007
2995
3003
1328
2998
2601
2986
2988
2979
2960
3015
2969
2938
3067
460
2983
337
2990
2958
3005
2997
2969
2967
2962
2967
2975
2988
2987
694
2981
2995
2991
3001
2973
2969
2969
2967
2966
385
2952
2956
2974
2998
2973
2978
2975
2941
2973
3000
2993
2985
2973
3017
2730
2991
2979
673
2962
3016
2971
2993
2927
2965
2980
2958
2971
2991
3003
2984
2990
2941
2953
3007
2995
2994
2977
2981
2954
3001
3024
2981
3017
3004
2975
2259
2965
2982
3014
2963
2980
2993
450
2520
2980
3010
1924
2959
2988
2969
496
2989
2995
2985
1698
2922
2981
2988
2985
2941
3021
977
2983
3008
2999
3000
2097
2982
3008
2990
2990
2987
191
2988
3006
3037
2993
2992
2980
2983
2984
2985
2985
2981
3002
2994
2556
3008
3003
2994
2992
2990
3000
2982
2961
222
2989
3027
2981
2921
2986
3060
2979
338
3009
2978
2976
2977
2993
155
2954
2985
3015
2985
3009
2979
2970
2982
2990
2956
2965
1833
3001
2993
2971
3001
2991
2986
2960
2992
3010
3010
2978
3006
2967
2994
2944
2993
2872
3002
2729
2979
3028
2981
3017
2854
3010
2992
2482
2987
2476
2989
2991
2991
2984
3004
979
2998
2995
2979
2988
2989
2971
2987
2964
3016
2956
2951
2771
2984
3013
3001
3003
2993
2999
2977
3007
3007
3011
2912
2267
2982
2998
2998
2992
2966
1862
2986
2998
2984
2968
746
3002
2990
2991
1193
2992
2978
2984
2944
3007
2988
3000
3007
2976
3008
3008
1031
2924
2968
1173
2970
2986
2970
3004
2994
542
2963
2960
2895
3000
2964
3005
3006
3054
3006
3016
2975
2984
2925
2996
2983
2986
3018
2993
2987
3012
2993
3011
2984
3015
3001
3011
172
2980
2967
2974
2998
3017
3006
2989
2951
2971
2997
3047
2951
2965
2984
2984
2986
3013
2964
3000
2962
3015
2945
2997
2970
236
2999
2948
2959
2992
2970
2990
2969
3005
2991
2976
3000
2974
2983
2975
2964
2936
3004
2986
2999
2889
2988
3000
2990
2921
2964
2983
2990
2621
2974
2867
2953
1652
344
3002
2954
2989
2986
2963
2468
1475
2995
2970
3011
3017
2718
2993
3004
2994
3012
2955
2981
2979
2896
3004
2968
2998
374
2991
3001
2980
3021
2997
3000
2998
2983
2983
2973
2969
1908
2967
2982
2959
2957
2963
3022
2966
2995
3013
3020
2983
2965
2962
2980
3005
3002
2970
2996
2972
3004
3006
1639
531
2993
577
2979
2965
3014
2995
2975
1801
2997
3008
3005
2989
2999
2647
2990
2975
3010
3017
434
3039
1285
2625
2972
2992
2988
2999
2394
1207
2990
629
2980
2996
2977
3004
2995
2942
3008
3001
2962
2617
3016
2997
2987
2977
2981
2960
2995
2816
2939
2985
3012
2990
3000
2940
2971
2896
3006
2998
1846
2983
2971
2988
2034
3005
2992
3001
2986
2979
678
2983
2991
2999
2977
2987
2561
3026
2990
2982
2996
3005
2850
2896
2979
3021
2989
2983
2971
2988
3005
3006
3000
1101
3013
2975
2241
3000
2978
3001
2993
3026
2984
2986
3015
2987
3005
2974
1201
2986
3005
3001
2992
2943
3004
3002
3012
2956
655
2980
2988
3028
546
2987
1072
2995
3022
3018
2990
2935
2969
3011
2948
2991
2990
3022
3000
2969
3002
2993
2968
2980
2745
2212
2990
2964
2996
1843
2992
2970
2998
1669
2982
2997
2973
2981
3024
2993
2752
2983
2277
2043
2972
3000
600
2964
2218
2998
2973
2977
2977
2985
3030
2996
2981
2992
2979
3066
2991
3007
2988
925
2987
2993
3020
2997
1675
537
2987
2972
2987
2974
2992
2982
2989
2559
1864
3008
3015
2998
2952
2999
3008
2948
3012
3000
2989
2991
3012
2950
2976
2022
2975
2995
2987
2863
2950
2990
2981
3010
2970
2974
2956
1719
2963
1831
3002
2338
2987
1579
3005
2993
2965
2970
2981
771
2971
2980
2979
2898
767
3021
2998
3075
2455
3000
2976
196
328
2968
2982
2982
3016
2977
2986
2965
2985
2993
2996
2982
2988
2950
2965
2988
2975
495
2995
2045
2976
3057
2990
2987
2991
400
2997
2948
2977
2994
2998
2978
2968
3003
3022
2979
2961
2985
3002
1650
2965
2956
3000
2979
3002
3001
3033
2953
2999
3022
1006
2967
2998
2993
2993
2985
1426
3000
2990
2918
2986
2947
3001
2963
2719
633
3025
3001
2997
1359
2987
3067
2984
3001
2945
2963
2972
3022
2959
2932
2987
2975
3025
2973
3005
1945
2988
3006
2974
2989
194
273
2985
2930
2981
2560
2957
2984
2999
2979
2974
2999
2989
2985
2970
2727
2966
2995
2982
2961
2993
2992
2977
2990
2989
2989
1467
2965
2954
2965
483
1575
2959
2993
3008
2990
2997
1954
2996
1997
2991
2985
2973
2985
2989
2247
2989
2970
2987
3002
3007
2949
3010
2980
2886
3007
2984
2505
2996
2991
3013
3013
2991
3009
2988
402
2991
2964
2987
2998
2977
2971
3009
2981
2992
2953
2720
2989
2997
2930
2986
2603
2956
3005
2986
2973
2986
2917
2989
2953
2974
2931
2992
2974
2966
3001
2758
2997
3001
2823
2991
3001
3001
2998
2987
3047
3017
2978
1744
2982
2972
564
2992
3011
2998
2979
2991
3014
3006
2843
2995
2954
2934
2973
2985
2998
3017
2968
2979
2992
2946
2973
2994
2979
2971
2979
2888
2988
2998
2971
3013
2980
2967
2994
2993
2998
590
2913
2984
2971
3005
2984
3012
3016
2986
2189
2923
3004
2989
3001
2971
1101
3007
142
2982
3007
2976
2992
2984
2992
2965
3009
2978
2991
2999
246
2983
2560
2986
2990
2945
3004
2993
2996
2999
3015
2998
3009
2957
2948
2942
2995
3015
3016
2979
2634
2975
3013
2959
3010
2929
2988
2998
500
2960
2972
1023
2974
2975
2983
2976
2982
3009
2971
2980
2995
3026
3009
2991
3003
2961
2991
2952
2978
3001
2973
2941
2997
3019
2951
2984
2972
3007
2978
2994
2722
3004
2992
1305
2977
3013
2982
3017
2958
172
2986
2978
2383
3007
2500
2998
2965
3013
3000
417
2971
2863
2995
2978
2981
2769
2992
3014
2989
1392
3002
2994
2986
2227
2966
2945
228
1934
3000
2928
2948
2991
2988
2989
1965
2979
2974
3014
2976
2991
2913
2974
2979
2995
2990
2992
2318
2981
2955
2987
2966
2975
2973
3025
2759
3058
2993
817
2948
2971
165
2961
2931
2965
2964
3003
2980
2975
3008
2980
3014
3020
3001
2965
2985
2979
2967
2984
2976
2997
2963
2992
2986
3006
2978
2992
2968
3000
177
3002
2208
2931
1090
2990
2963
2999
2963
3003
3009
2989
3006
2991
3009
2974
2630
2035
3009
2958
238
2967
2657
2962
2950
2973
3018
2967
2996
3012
3063
2980
3000
2950
2961
2968
2978
2943
2970
3024
2959
809
3000
2988
1893
2994
2959
3003
3019
2998
2984
2929
2971
1994
2984
2978
2978
3003
2967
2955
2223
3099
3007
3017
2976
2961
2959
3001
2999
2990
3004
3001
2955
2973
2985
2978
3060
3011
3023
2971
2788
2991
2992
2973
3003
2996
2977
2991
2983
2154
2956
2951
2949
2994
2138
2918
2978
2971
3002
2941
3006
2907
854
2992
2978
3009
231
2974
2988
3005
2928
2966
3023
2983
2966
2984
3008
2954
2980
2984
2982
3028
2998
817
3049
2999
2975
2807
3010
2798
3014
3025
3007
2228
2985
2981
3011
2991
2992
3005
2983
2942
3007
2885
3006
2958
2972
2986
2976
2989
2924
2968
2996
3002
3023
2950
2999
2999
2996
2969
2991
2997
2979
2543
2949
2977
2983
3013
3006
2972
2984
2215
3003
2983
2982
2983
2964
3010
2998
3004
2977
3007
2982
2980
2935
2979
2949
3000
2996
2981
2958
2990
3001
2463
3003
3003
2959
3005
2986
3000
1406
2889
3000
3009
3005
3051
2977
3005
2986
2989
2997
2015
3001
2991
2803
2988
2998
3005
3018
3007
552
2978
2985
2828
2985
2983
2970
2979
3008
3016
2975
3000
2996
2998
2986
2975
1670
2973
2965
2965
2970
3003
3003
337
2982
2951
2992
2966
2986
2991
2983
2948
3006
3006
3020
2994
2995
2976
3012
3005
1726
3002
2990
1542
2970
2997
2990
2979
2963
3087
634
2943
2996
2985
2913
2976
2997
367
2990
3015
2979
2985
2930
2973
3001
2983
2982
2995
3013
2969
3025
2977
2980
2978
2990
2964
2867
2967
2993
2970
3000
2914
2987
2961
2951
3004
2995
2992
2970
2942
2982
2999
2981
2994
2980
2971
2998
2999
2932
565
3016
2965
2996
2975
2945
2917
2990
2998
3005
2997
2920
3026
2999
2972
2765
2975
2993
2979
2865
2958
3000
2976
2979
2758
2996
2992
2773
2951
1346
3000
2991
2980
3004
2982
2983
3005
2945
2959
1290
2997
3016
2995
2537
2985
3007
2933
2993
3018
2944
3048
3017
2978
2981
3011
3003
3008
2957
1975
3004
2882
1519
2971
2988
3006
2989
2987
2709
2990
2995
3001
2973
3005
2986
3010
2995
2949
3000
2967
3004
3001
2970
3008
2984
2985
2992
2977
2937
2987
2982
2933
1437
2962
3004
2974
3001
2990
3017
2990
3013
3020
2975
2992
3022
2972
2316
2972
2955
567
2951
3066
2531
3013
3011
3002
3001
3010
2981
3015
2974
2964
2960
2087
3024
2993
2994
2998
2991
2832
3000
2850
3015
2951
2998
2977
2974
3026
3013
3012
3064
2969
2967
3001
2997
3001
2988
2995
2996
3010
2972
3003
837
2962
2992
3015
2994
2997
2960
3002
3031
2993
2959
2931
2987
2984
2952
2999
2986
2995
2992
2991
3063
2973
2998
2968
2985
2954
2974
2963
2952
2993
3005
2964
2970
3004
2977
2985
1959
2989
2987
3010
2967
2975
2980
2988
2998
3007
2996
3000
2973
2952
2981
3003
2973
2995
2581
3004
2996
2902
2994
841
2944
2997
2973
2976
2974
3000
2987
3015
2968
2397
2994
2970
2993
2062
2998
1672
3031
2989
2965
2995
2946
2982
3000
2281
2977
2977
2995
2982
2991
3006
1618
3032
3007
2992
564
3008
2944
2986
3020
2927
3037
2980
2990
2980
2978
3001
1124
2992
2561
2996
2999
2984
3016
2967
2940
1593
2997
2984
955
3007
2972
2996
2992
2998
2945
2557
2978
2958
2949
2830
2997
2989
3008
3008
2981
2667
2994
2531
2968
2969
2995
2982
3009
2949
2949
2988
224
2911
2997
2970
2993
3013
2980
2989
2981
2935
2966
3011
2944
2971
3024
3001
2992
2935
3013
2982
2980
3011
2993
2981
3016
2965
3008
2983
2989
3000
2759
2981
2989
2988
3026
210
2973
2901
2957
3007
2972
2963
3010
1871
3023
2965
3013
2967
2998
2989
2999
2997
2997
2981
2988
2970
2975
2977
2987
1333
2979
2962
2411
2982
811
2972
1941
3000
2411
3010
2985
2297
2992
3020
312
2983
2983
2952
2933
2991
2980
2948
2993
2997
2977
2990
2982
2996
2881
2979
2991
2998
2995
2798
3013
2976
2973
2904
2985
2989
3012
2994
2938
2985
2972
1050
2996
2999
2987
2961
2977
2990
2988
3000
2991
3009
2679
2978
2966
2968
3000
2571
2858
3010
2990
2978
2997
2941
3007
3007
2986
2994
3009
2966
2982
2997
3007
2981
2980
2997
3013
3001
2957
2992
2996
3003
2930
173
3008
2994
2960
2989
2978
683
2987
2960
2886
2992
1721
2991
3009
2242
2987
2943
3044
2991
3008
3034
2812
2953
2861
3005
221
3024
3009
2971
2985
502
2995
2985
2998
2978
3007
1953
173
2988
3015
2975
2999
2931
3012
2992
2978
2953
2990
2986
2988
2969
2955
3003
402
2921
2964
2986
2759
2884
2964
2979
2991
3010
3001
444
2968
3008
416
2997
2985
2956
2996
2979
2980
3002
2967
3009
2970
2941
2959
2991
350
2998
2992
2995
654
2996
2969
2980
2980
2802
2982
3013
2984
2983
2999
2972
2991
2997
2990
3002
2998
2996
2943
2999
2975
2975
2997
2995
2994
3000
2972
2974
2981
2983
3013
2962
2054
3020
2971
3016
2988
2772
1297
2971
2449
2995
3003
2974
1381
3064
2992
2959
2953
2978
2963
2987
2998
2987
2988
3007
2894
2996
2975
2997
2994
3006
2989
2988
1855
2987
2975
2992
2969
2995
2975
2706
2843
3015
3013
2975
2976
3020
2375
2987
2988
2977
2978
2993
3002
3059
3000
2954
2984
2936
2997
2937
2970
1979
2995
2979
3013
3003
3024
2991
2994
2978
2978
261
2949
2983
2968
1722
2979
2985
2988
3012
2999
3002
2992
2969
2985
2959
2969
3012
2980
2972
2975
233
693
3039
3003
2975
1475
2997
2945
2986
3005
2862
2966
2983
2994
2996
2940
1731
2986
3018
2984
2995
1308
2989
2951
2957
2969
2968
3017
2958
2985
2977
2992
2980
2980
2967
2971
2986
2996
2954
3012
2946
3031
2990
2981
2933
2932
2942
535
2995
3013
2979
2991
3007
2927
2953
3010
2981
874
2984
2961
2988
2972
2981
2960
2362
3007
3001
2916
2985
2976
3037
2931
2990
3019
2988
2960
2300
1167
383
2992
2940
2951
2975
3009
3028
2990
3002
2984
287
2963
2988
2968
2992
2980
2977
2986
2979
2973
3007
3006
2992
3008
2975
2991
3014
2903
3011
3001
2987
2972
2995
2938
2910
2974
2991
2558
3029
2902
2981
2997
2987
2996
2997
2973
2991
2962
2988
2970
449
3010
3019
2961
2991
3016
2988
378
2973
443
2994
3006
3008
2916
2885
3030
3008
2989
2554
2986
2999
2955
3006
2992
2966
2972
574
1033
3003
2978
2955
3016
1824
2980
2968
2959
2972
2982
2116
2992
2966
3012
2969
2993
3010
2981
2941
2971
2962
2981
2996
3001
2993
2966
2983
2968
3033
2973
2978
2972
2982
2951
535
2979
2986
3010
2904
863
2983
2950
2985
2958
2990
2978
2963
3004
2971
2978
1328
2988
2987
2984
2976
2964
2991
2985
2976
3008
2971
2966
3005
2929
2993
3013
165
3003
279
3001
2241
2993
1171
2989
2984
3007
2992
3034
312
2979
2647
3043
234
3058
2989
2962
2802
2972
2975
3011
3016
3004
3004
2983
2988
2955
2918
2718
2618
2985
2995
2963
3007
1576
2945
3020
2981
896
2999
2970
2947
1728
2968
3005
2967
2984
2998
2972
2970
2976
2983
2970
3004
3004
3026
3013
2996
2983
2509
2979
2963
3005
2986
2986
2939
2997
2966
3002
1754
2973
2983
2983
3008
3014
2980
2985
3065
3001
3086
2991
3002
2973
2965
2975
2966
2983
2987
2996
2973
3073
2971
2958
2993
2973
2996
3077
2997
3018
1806
3005
2788
2966
3002
821
3009
2947
3029
2989
158
3000
2988
2995
2998
3017
2982
2991
3011
2986
2985
2979
2979
2993
2994
2990
2778
3004
3036
2923
2940
3012
2923
2961
2963
2987
3006
2934
2526
2977
2962
3034
2993
2981
1752
260
2473
2992
2981
3069
2610
2968
3006
2954
3014
2966
2982
1304
2990
3001
2985
2989
3012
2986
2028
2987
2967
3017
2980
2976
2988
2991
2984
622
2971
2977
234
1842
2949
3013
1092
2999
2975
3026
2999
2988
2989
2997
2991
2984
3003
3000
3004
3007
2980
2997
2985
2976
3011
2972
3021
3001
3008
2002
2924
1036
3022
2988
3007
2971
2974
3021
2585
2982
2624
3011
2981
2982
2931
2997
863
2948
2978
2979
3011
2943
1621
2482
2992
138
1657
2995
3002
3012
2977
2980
3001
2315
2995
2958
3014
2984
3011
2996
760
2585
2993
1214
2994
2982
2990
2961
2990
3012
2956
3000
3003
3011
2993
2893
2970
999
3019
2978
2982
3001
3003
413
2974
2991
3019
2960
2968
2958
2316
3001
211
2890
3013
2968
3002
2982
3073
3002
3026
3004
2951
971
2956
2937
2960
2975
3001
2983
258
2814
2814
2963
3000
3019
2990
2995
3001
3061
818
2982
2988
2952
3004
2394
2992
1715
2425
2997
3009
2966
969
1390
3003
204
3076
2982
2901
2965
2988
3021
2973
3011
2958
2997
2999
3031
2993
3001
2994
2949
3011
2991
2983
2991
3019
350
2981
2967
2977
2975
2945
2973
2960
3024
3009
2987
2486
2980
201
1178
2950
2974
3023
2977
3007
2992
112
2984
3003
2930
1544
3008
2960
2984
2992
3010
3000
2847
3072
2997
2973
2991
2970
2999
2977
2970
2893
2970
3019
3009
3000
141
2986
2996
3024
2966
3003
3002
2985
2984
2996
2984
2974
2996
2996
2256
3009
2392
2118
3000
2964
2953
2967
3030
2976
3003
2978
2955
2990
2976
2973
2995
2962
3029
2949
2751
2969
2983
2993
1058
3011
2972
2531
2955
2995
2807
2975
2984
2991
2946
3076
2977
2972
1127
2978
2990
3002
2993
3074
3011
3009
2983
2991
2997
2983
1345
2994
2990
3001
2983
3056
2979
2997
2970
3005
3001
2981
2912
2996
2825
2969
2992
2830
3002
2979
2996
2989
3006
2975
2969
2954
3021
2969
2980
3000
2995
3018
2961
2963
3002
839
2984
2974
3007
2973
2999
2985
2969
2734
522
2971
2982
2949
2977
1543
2986
2914
2983
3019
1137
2995
1776
2970
3016
2999
2980
2957
2938
2972
211
3056
2979
2964
3001
2978
3024
2641
3011
2984
3011
3005
2986
2970
2974
2981
2938
2987
2957
2996
2996
2983
2980
2997
3002
2996
2986
3012
2994
2969
2997
2995
2479
2971
2954
2987
2992
2672
2995
2971
2996
2998
2993
2984
1258
2988
3017
2986
2990
3007
2995
3002
3018
2998
3058
146
2990
1775
2972
3005
2982
2985
3000
2991
161
340
2999
3003
2993
2926
2979
2999
2986
2976
1721
2959
2985
2979
2981
2975
2992
2987
159
2950
2999
2989
2988
3012
2985
3009
2999
2998
2735
2991
2984
2970
786
2998
2969
3066
3005
3001
3023
3002
2994
2982
2986
2819
2965
2958
2986
1086
2987
2991
2977
2669
737
2969
2966
2983
2960
1680
2998
2939
695
2994
2967
3004
2957
3026
2964
2951
2922
2973
3020
3006
2991
2680
2967
2984
2996
2995
2943
2983
2996
2975
2996
3009
2996
870
3006
2976
2986
2988
2990
2996
3005
2983
2983
3050
2967
1272
3028
183
2994
2903
2982
3011
2992
3006
3021
2975
2974
2987
382
2942
2998
2982
3048
2903
1234
3016
2981
2987
2997
2959
2998
3020
2958
2962
2982
2966
2530
3034
2986
2945
3018
3005
2941
2999
2982
2991
3016
2990
2985
2995
2993
2986
2739
3032
3007
2904
3003
3025
2987
1099
382
3025
2961
3006
2983
3007
2995
3012
3002
2978
1632
2995
2985
2989
2927
2999
2939
3002
2991
1716
2948
2965
3065
2997
2188
2714
2997
908
2948
2974
2639
2967
2982
2251
2993
3003
2987
2989
2961
2991
2979
2912
1879
2997
2976
3001
2981
3007
296
2243
2999
2981
3005
2986
2998
2978
3016
2970
3004
2868
2592
2955
2954
2983
3005
2986
2989
3008
642
209
2935
2960
3004
2985
2960
3010
2969
2994
2964
2894
2989
2970
2678
2989
2944
2964
2997
2986
3036
3007
2991
3005
2960
3007
2933
2995
2978
3013
2931
2937
2994
2650
2993
2995
2998
2981
2961
2968
2998
2964
2950
2991
2975
2709
2984
2997
2993
2985
3002
2997
2995
2993
2999
2981
2975
3011
3001
2994
2993
2918
3008
3014
2985
2964
3014
2999
2985
2930
2676
2993
2978
2981
3002
2926
2840
2965
3005
2959
2965
2399
3017
213
2994
2996
3027
2988
2518
3025
2949
2988
2968
3001
2944
2998
3012
3008
2939
3010
2995
2960
3007
2995
2948
3003
2843
2995
2989
2990
2967
2759
3003
2968
2979
2989
2980
2986
997
2996
2996
2958
2895
2997
2979
2969
3036
2992
2943
2972
2989
2996
2950
2980
2494
2998
2960
2976
1840
2930
3007
793
2951
2996
2978
2990
2998
2980
602
2752
2998
2979
2960
2988
2982
2988
3002
3002
2987
2988
2983
2972
1672
2994
377
2948
2979
2983
2989
3024
2971
2980
2973
2978
2980
2998
2980
2991
3009
2953
2979
2961
3005
2942
3019
2991
2990
2999
2971
2972
2965
2980
3006
2969
2171
3003
294
2963
2986
2946
2168
686
2995
2892
2976
2967
2990
2968
2978
2988
2991
2064
3004
660
2978
665
2995
3009
1097
2987
3022
2329
3008
3003
2998
3002
2978
2990
3007
2991
2677
554
2996
2961
2961
3018
2983
2993
2916
490
3016
2970
2987
3021
3001
2989
2982
3012
2982
2932
2962
3003
3007
435
611
3004
2992
2981
2994
2984
3015
2968
3004
2992
2932
1992
3008
2994
2979
2496
2971
3002
2979
2984
2979
3003
3021
2983
3008
2992
2976
2971
2320
2999
2983
3009
3017
726
1773
2969
2995
2656
2996
1704
2997
2611
613
1893
2954
2923
3017
2987
1846
3005
2974
2997
2976
2979
495
2992
3012
3004
3005
2991
3027
889
2973
2971
3001
2982
3007
2972
2992
2918
2971
2962
2977
2983
2881
2968
1885
622
2983
3009
2960
3026
2987
3007
2969
2984
236
2992
2995
2978
2982
3006
2976
2940
3021
2978
2960
2180
3011
2974
3020
3010
2981
2395
1123
2993
2990
301
2948
2953
989
2958
2979
2980
2982
2992
2848
3013
2980
2980
2963
2070
2985
2973
3052
2991
2995
2979
2986
2944
2986
3041
3005
2997
2997
1120
2983
2995
2217
3009
3035
2987
2978
1561
3014
2976
2989
2945
2975
3001
1351
3026
2998
2999
3000
2964
2970
3029
3007
2984
2967
212
3013
2989
2966
2953
2263
2974
2992
2939
2962
2950
3000
2723
3010
2996
3023
2957
2977
2965
3018
211
2984
2953
2943
2965
3002
288
2979
3009
3007
2931
517
2986
2966
3010
2984
3003
3009
2601
2995
3000
2997
3024
2944
618
2997
2912
2986
2078
3007
3010
2989
2989
2989
2975
2998
3003
2987
2988
2987
2981
3009
3007
2278
2982
2986
2980
1975
3017
2952
2988
2999
1560
2972
2973
2985
3002
3007
2970
433
2969
2566
2950
2995
2999
2923
2983
2934
