1514
1514
1530
1513
1526
1505
1068
1514
1512
1517
1521
1522
1516
1506
1509
1525
1514
1515
1518
1530
1504
1527
1530
1508
1522
1524
1523
1518
855
1531
1521
1526
1521
748
1504
1531
1533
1537
1541
1365
1514
1536
728
1527
1522
1517
1518
1454
1517
1524
1448
1542
1392
1533
769
1530
764
1509
1535
1515
1430
1526
1511
1232
1519
1544
1526
1521
850
1524
1535
1512
1512
1504
1523
1525
1524
1524
1530
663
1523
1488
1526
1471
1525
1532
1505
1516
1529
1513
1531
1516
1518
1520
1510
1510
1519
1521
1517
1527
1526
761
1522
1517
1528
1521
1519
1524
1525
1506
1491
1521
1515
1496
1515
1518
1527
1520
1524
1527
1502
1514
1508
1517
1124
1519
1491
1526
1530
1525
1503
1512
1426
1509
1508
1513
1515
1518
1522
803
1532
1521
1524
1504
1509
1516
1523
1517
1523
1529
1518
1526
1499
1517
1512
1518
1501
867
888
1494
1531
1536
1529
1538
1530
1535
1529
1523
1524
981
1525
1525
1536
1532
1522
1526
1528
640
1284
777
1525
1523
1533
1521
1527
1524
1531
1511
1517
1527
961
1523
1536
1526
1506
1524
1520
1506
1528
1530
1252
1525
1513
1537
1468
1527
1517
1516
809
1515
1513
1527
1519
1524
1513
1537
1518
1524
1058
1506
1529
1521
1518
1520
1493
1530
1514
1522
1525
1523
1516
881
1524
1521
1513
1522
1532
1495
1513
1470
1521
1512
1523
1525
1521
1509
1520
796
345
1528
1536
1526
1515
1525
1527
1528
1522
1521
1507
1518
425
1526
1537
1526
1510
1539
1526
1521
1521
1519
1520
1514
1521
1514
1527
1521
843
1531
1482
1525
1516
1526
1528
1511
1532
1532
1518
1546
1531
1517
1529
1528
1526
1527
1531
1528
1532
1516
744
1510
1520
1531
1532
1443
1513
1527
1528
1518
1527
1523
1529
1288
1528
1524
1533
1516
779
1533
1520
1522
1529
1531
1532
1526
1532
1306
1534
1529
1539
1521
1523
1515
1527
1521
1500
1514
1504
868
1375
1503
1517
1526
566
1531
1469
1529
1518
1439
1528
1529
1514
1527
1525
1523
1525
1456
1518
1515
1530
1514
1520
1538
1473
1218
1521
1536
1521
1521
1509
1519
1533
1523
1522
1533
1509
1524
1526
1519
1522
1522
1377
1527
1529
1521
1509
1523
1518
1510
1510
1534
1515
1524
1521
1534
1138
1511
1514
1534
1522
1526
1537
1520
1517
1511
1504
1521
1517
1528
1525
1533
758
1531
1530
1013
1521
1523
1517
1521
1521
1512
1529
1524
1517
1520
1535
1526
1521
1519
1513
1528
1517
1513
1521
1536
1527
1524
938
1524
1514
1533
1523
978
1537
1533
1535
1513
1531
1522
1519
1511
1522
1552
1519
1522
1531
1523
824
1524
1348
1518
1523
1514
855
1535
1529
1525
1520
1524
1506
1530
1506
1516
1523
1520
1533
569
1543
513
1532
1521
1533
1540
1525
1516
1527
1520
1524
1525
1524
1514
1522
1529
1535
1539
1088
1523
1537
1536
1517
1535
1538
1516
1521
1521
1487
1497
1535
1517
1521
1512
1528
1509
1519
1527
1511
1521
1524
1521
1524
1515
1514
1509
1517
1526
1521
1500
1521
1478
1519
1519
1515
1454
1515
1502
1511
999
1523
1507
1455
1084
1519
1486
1510
1523
1508
1524
1515
1515
728
1520
1523
1529
1521
1507
1512
1524
1516
1518
1518
1522
1534
1531
1519
1522
1511
1517
1520
1528
752
1526
1532
1529
1530
1525
1477
1527
1516
608
1526
1528
1532
1528
1530
1524
1519
1524
1523
1521
1485
1532
1525
1525
1519
1516
1516
1517
930
1435
1531
1503
1534
1076
1523
1522
1518
1534
1517
1522
1487
1519
1529
1540
1515
1514
1519
1523
1517
1529
1518
1529
1530
1423
1527
1532
1527
1499
1524
774
1529
1527
1528
1530
1520
1523
1524
1526
1523
1525
1526
430
1522
1516
1497
1527
1524
788
1528
1516
1515
1518
1520
1520
1525
1521
1521
1415
1515
1515
1508
487
1515
1509
1510
1510
1520
710
1526
1222
1515
1384
1521
976
1530
1516
1522
1524
1526
1523
1518
1522
1521
1530
1532
1183
1513
1515
1524
1529
795
1531
363
1532
1524
1526
1101
1539
1529
1295
1532
1526
1532
1505
1520
908
1515
741
1428
1528
1521
1522
1529
1253
1528
1529
440
1525
1525
1506
1541
766
1531
1525
1511
1359
1524
1524
876
1525
1526
1537
1522
1524
755
1521
1523
1532
1522
1531
1522
1518
1522
1534
1521
1531
1529
1514
1523
1527
1513
1523
1525
1514
1524
1521
1528
1519
1533
1521
1530
1531
1522
1519
1518
1524
1507
1542
829
1513
1525
1526
1531
1530
1526
1095
1514
1527
1537
1532
1527
1528
1527
1529
1532
1523
1520
1522
1527
1526
1525
1547
1510
1514
1522
1505
1527
1527
1515
1502
1508
1525
1294
1519
1518
1524
1517
1531
1510
761
753
1531
1506
1524
1511
1525
1081
1511
1526
1523
536
1527
1522
1520
1528
1528
1525
528
1519
1518
1532
1531
1518
1522
1527
1509
1529
1497
972
1529
1510
1336
483
1526
530
1527
1525
1519
1520
1529
1521
1382
1517
1531
1511
1510
1525
1525
1519
1528
1515
1514
1530
1525
1518
1526
1510
1484
1026
795
1518
1517
1516
1518
1512
1514
1524
1505
1520
1486
1528
1528
1521
1524
1548
1514
973
1519
1422
1522
839
1505
1527
1520
1514
1515
1521
1519
1526
1455
1517
1532
1516
1507
1502
1507
1512
1504
1518
732
1517
1120
1504
1518
1521
1430
1532
1506
1527
1508
1519
1529
1281
1523
1523
1513
1514
1525
1530
747
747
1528
1531
1536
1540
1534
1465
1533
1517
1536
1515
1521
1520
1526
1505
1504
1525
1527
1524
1522
1514
1534
1527
1516
1525
1517
1527
1519
1507
1530
1519
1508
779
1514
1535
1517
1521
1532
1528
1530
1523
1513
1521
1531
1523
1524
1524
1528
1513
1526
1505
1521
1525
1509
1491
1506
1117
1520
1515
582
1507
1401
1521
1520
1512
1475
1268
1516
1515
1527
1522
970
1512
1502
1508
1513
1519
1516
1514
1507
1512
1521
1510
1520
1505
753
1515
1518
1522
1521
1518
1526
1516
1523
1512
1535
1524
1516
1520
1518
1536
1522
1538
1527
1512
1521
1524
1276
1521
1490
1525
994
1523
1523
1522
1517
1526
1542
1203
1539
1539
1525
1521
1523
1530
1513
1513
1469
1524
1517
1520
1528
1525
1529
1510
1528
1521
1513
1519
1532
1516
1528
1524
1522
1520
1517
1515
987
1521
1524
1526
1513
1516
1520
1495
1537
1533
1525
1525
833
1520
1529
1527
1521
1523
1525
1523
1524
1529
1514
1526
1518
1537
1525
1530
1491
1527
1521
1501
1532
1525
1521
1518
1525
1524
1514
1532
1515
1524
1514
1199
1536
1537
1528
1462
1521
1520
955
1523
1535
1533
1529
1524
756
1530
1516
1526
1538
1525
1524
1532
776
1527
1515
1529
1519
1524
1085
1520
850
1508
1524
1516
1501
846
1525
1521
1522
1521
1531
1526
1512
1515
852
1522
1511
1523
1387
1519
1497
1523
1530
1490
1524
1518
1534
1520
1522
1164
360
1518
1534
1529
1540
1533
1526
1531
1524
1526
1527
1527
1516
1525
1524
1533
1507
1522
1514
1529
1530
1524
1512
1523
1491
1526
815
1522
1529
1482
1524
1522
1142
1532
1495
1515
1531
1515
1521
1527
1525
1519
1499
1527
1531
1520
1518
1528
1532
1515
1513
1485
1529
1513
1517
1412
1349
1533
1524
1534
1520
1525
1522
1523
1523
912
1519
1481
1545
1547
1522
1534
1526
1514
1523
1529
1524
1523
1537
1033
1387
1527
1530
1527
1530
1522
1521
1450
1526
690
1528
1522
1530
1531
1530
1519
1535
1516
1532
1521
1522
1520
1526
788
1527
1521
1527
1516
1524
1525
722
503
1526
1529
1530
1516
1524
1532
1532
1528
1522
1520
1105
1531
1216
1502
1520
1521
1529
1528
1501
1513
1526
1512
1531
1527
1516
1515
1519
1528
859
1537
1533
1492
1530
1516
755
1514
1502
1525
1515
1526
1528
1530
1466
1525
1530
1517
1524
1514
1526
1503
1520
1520
1527
1521
1518
473
1519
1517
1532
1538
1518
1520
1364
1527
1522
705
1521
1523
1538
1523
1525
1520
1514
1532
1541
1531
1541
1525
1533
1530
1538
1538
1522
1479
1522
1507
1532
1113
1524
1528
1528
1533
1513
1531
801
1500
1518
1510
763
1527
1523
754
753
1528
1529
1517
1511
1527
1531
1532
1518
1524
1482
1525
1523
1526
1522
1517
1528
1531
1529
1535
974
1533
1520
1526
1524
1523
1529
1526
997
1522
1517
1522
875
1533
1525
1527
1518
1533
1528
1516
1520
1522
1522
508
1492
1533
955
1512
1502
1518
1506
1524
1523
1522
1528
1528
1527
1508
1525
959
778
1511
1527
1528
1521
1528
805
1515
1523
1543
1526
1530
1521
1540
1518
1531
1512
1083
1524
1531
1510
1507
1487
1534
1515
1521
833
1530
1511
1336
1517
1535
1534
1527
1524
912
1519
1527
1523
742
1532
1512
1510
757
1529
1537
722
1516
1533
1541
1524
1532
1529
1524
1522
1509
1528
1514
1530
1523
1524
1522
1516
1528
1517
1518
1521
1524
1524
1477
1521
1522
1509
1499
1523
1516
1510
1524
1519
746
1535
1506
1518
1528
1527
1523
1516
1518
1519
1527
1517
1501
1515
1521
1515
1510
959
1535
1515
1539
1215
1525
1523
771
1529
1514
1529
1527
998
1530
1529
1522
1499
754
1532
1524
1495
1516
811
1526
726
1527
1524
1529
1515
1511
1525
1526
1526
1519
1525
1521
1517
909
1512
1525
745
1518
1499
1519
1514
1521
1149
1534
1522
1510
1526
824
1515
1510
1510
1515
1509
1519
1510
1520
1524
1529
1512
1524
1514
1540
1512
1518
1520
996
1484
1510
1519
1525
1518
1382
1526
1507
1529
1522
1519
1521
1533
1525
1523
1513
1517
1533
1520
1001
1520
1531
1514
1524
1095
1530
1517
1201
1524
1523
746
1525
1530
1518
1517
1532
1523
1529
1520
1226
1515
1343
1526
1517
1534
1523
1522
1534
1524
1227
1517
1530
1523
1522
1524
1523
1500
1527
1525
1512
1518
1516
1476
1528
1531
1514
1527
1528
1520
1498
1517
1058
1520
1520
1498
1502
1521
1524
1522
1524
1532
1521
1514
1528
1514
1516
762
1525
1537
1525
1349
1533
1531
1526
1531
1522
1525
1528
1514
1363
1512
1530
1520
1522
1530
1526
1458
1514
1518
1529
1524
1522
730
1505
1532
1516
1507
1518
1525
1514
1529
1532
1526
1530
529
1525
1529
1528
1521
1520
1518
1527
1512
389
1512
1527
1529
1509
1526
1533
1522
1518
1512
1506
1528
1512
1517
1520
1521
1511
1522
1525
1475
1526
1519
1523
1523
1512
1523
1525
455
1534
1513
1520
1521
1515
1004
1335
1528
1526
1527
1522
1517
1529
1526
1519
1510
1520
1490
1522
1508
1518
1522
1506
1513
1520
1519
1195
1528
1535
1518
1528
1520
1519
1523
1519
1527
1523
1530
1525
1507
1520
1521
1532
1511
1522
1522
1521
1223
1471
1518
1515
1520
754
1522
1526
1522
1526
1518
1524
1518
1527
1527
742
1524
1522
1530
1517
1530
1517
1523
1516
1534
1530
1474
1516
1531
1534
791
1512
1531
1037
1524
1518
1527
1525
1526
1507
1150
1527
861
1416
1521
1513
1532
1520
1532
772
721
1504
1525
1523
1529
1507
1508
1526
1524
1527
1525
1527
1438
1006
1535
1518
1541
1532
1534
1518
1523
1528
1526
1528
1523
1529
772
1533
1523
1513
1525
1529
1421
778
992
1517
1513
1529
1528
1531
1285
1506
1499
1531
605
1537
1527
1517
743
1533
1531
1529
909
1522
1507
1526
1535
1536
1491
1518
1053
1514
1539
1520
860
1510
1520
1517
1517
1521
1516
1528
1503
1513
1512
1521
1527
1523
1508
1525
1526
1538
1532
1533
1526
1521
1519
1510
1338
1513
1128
1527
1521
1499
1494
1524
1514
1527
1514
1512
1523
1112
1518
1513
1522
1510
1519
1533
1514
1512
1513
759
1438
1519
1533
1523
1522
1507
1528
1537
1527
1526
1513
1521
1509
1510
1513
805
1525
1523
1521
1522
1511
1522
1518
1517
1526
1529
1513
1515
1516
1530
1516
1506
1525
1511
1524
1521
1512
1530
1522
1524
603
1525
1528
1524
1516
1479
1534
1522
1505
754
1521
1523
1516
1518
1505
1084
1536
1423
1516
1529
1232
1526
1520
1517
1522
1038
525
1522
1524
1493
1270
1532
1527
1516
1519
1531
1512
1519
1532
1036
1541
1525
1057
1529
1044
817
1534
1535
1534
1537
1527
1535
1512
1535
1526
1529
1519
1524
1528
1527
1522
1520
1523
1528
886
1527
944
1517
1534
1520
1528
1522
1521
1525
1525
736
1516
1535
1373
1518
1525
1160
1523
1526
1513
1520
1514
1342
1518
1505
1532
1517
1529
1399
1537
829
1532
1509
1516
1521
1520
1507
1514
1512
1526
1531
1527
1513
1129
1514
1527
1521
1522
1509
1538
1524
1516
1513
1507
1477
1501
1520
1514
1514
1519
612
1518
1506
1514
1516
804
1504
1513
1516
1515
1525
1518
1524
1170
1525
1521
1530
1520
1520
1520
1450
1525
1507
753
1511
1528
1524
1521
1515
1526
862
1525
1533
1525
1512
1523
1534
1537
1533
1527
1537
1533
1527
1536
1524
1531
751
1528
1401
1513
1482
1528
1524
1382
1524
1532
746
1504
1525
1522
1531
1520
1464
1516
1530
1528
1522
1524
1519
1526
1523
1532
751
1532
1526
1522
1520
374
887
1508
1448
1529
1523
1541
1529
1523
1519
1525
1515
1528
1528
1512
1529
1524
1513
1527
1529
1524
1517
1511
1392
1529
1520
1524
1521
1523
901
1510
1526
1527
1525
736
1533
1533
1507
1523
1530
1514
1529
1533
1531
1525
1530
1533
1515
1529
1521
1519
1522
1511
1503
851
1522
1520
1307
1511
736
1527
1527
1527
1518
1527
1531
1527
1523
1526
1531
1521
806
1525
1525
1527
1534
1517
1516
1526
1522
1507
1191
1523
1533
1518
1524
1524
1534
1522
1527
1385
1524
1294
783
1528
1503
1484
1532
1531
1535
1463
1532
1529
930
1532
1521
1526
1522
1397
1520
1522
1527
1512
698
1538
1530
1437
1513
754
1529
1505
1522
1533
1525
1516
1488
1533
1423
1519
1524
931
1530
1528
1525
1501
1521
1085
1514
1525
1528
1524
1513
1521
1509
1507
1525
1511
1519
1527
1513
1507
746
1525
1521
1522
1521
1516
1505
371
1525
1526
1518
1516
1524
1521
1522
1519
1521
915
1528
1532
1464
1514
1525
825
1528
1517
1491
1533
1216
1521
1520
1372
1537
855
1524
1540
1522
434
1527
755
1525
1535
1534
1532
1524
1522
1523
1522
1534
1522
1524
1520
1530
1521
540
1529
1523
1525
1503
1525
1526
764
1514
1528
1517
1531
1519
1501
1517
1523
1531
1517
1535
1526
1530
1494
830
1510
1524
1517
1526
1524
1525
1531
1512
1518
1523
1511
749
1525
1522
1506
1506
1513
1529
1521
1527
1521
570
1073
1517
1525
1509
1522
1509
1511
1519
1532
1510
1528
1502
1410
1520
1525
1519
1524
1530
1515
871
1531
1528
1529
1527
1525
1531
1531
1523
1524
1533
1520
1524
1517
1528
1536
1500
1534
1523
1490
642
1516
1512
1530
1508
1538
1524
1535
1528
1501
1530
1494
1525
1485
1272
1486
1520
1524
786
979
1514
1376
1524
1517
1493
1517
1515
1519
1533
821
1492
1302
844
1531
1530
1534
1530
1532
1534
1526
1534
1543
1520
1527
1516
1519
1526
1046
1525
1533
1517
1530
1521
1221
1524
1507
1527
1495
1530
1521
1515
1523
1512
1523
1505
1430
1529
1527
1519
1522
1521
931
1527
944
1527
1416
1513
1519
1523
1514
1510
1520
1520
1525
1519
1526
1514
1219
1525
1526
1529
1510
1520
1519
1501
1522
1512
671
1521
1509
1516
1511
1524
1521
1517
1525
1330
1519
1261
1502
1516
1530
1514
1524
1528
1516
1494
1011
1532
1492
1520
1522
1529
1526
1503
1518
1511
1513
1521
1526
1520
1347
1533
1519
1531
1526
1519
1533
1528
1521
1212
1533
1467
1524
1516
1525
1501
1516
1518
1339
1526
1512
1528
1531
1519
1524
1518
1524
1525
1511
1528
1505
1509
1501
1496
1530
1524
1524
1500
747
1518
1519
1516
1519
1524
1520
1506
1533
1516
1502
1513
1522
1526
1517
1501
1523
1529
1517
1503
1509
1502
1523
1524
1526
923
1532
1530
1531
1528
1486
1524
1518
1517
1536
1423
1518
1518
1512
1518
1518
1423
1511
1525
1290
1509
1531
1514
1509
1513
1518
1523
1514
1504
1516
1525
1451
680
1537
1524
1508
744
1528
1525
1530
1533
1539
1522
1519
1513
1518
1492
1522
1519
1516
1516
1533
857
812
1514
1526
1156
1534
1521
1526
1524
1523
1510
1527
1524
1521
1521
1521
558
1527
1516
1519
1525
1532
1517
1528
1522
1523
1524
1501
1519
1525
1523
1256
1520
1523
1525
972
1522
1528
1527
1527
1525
1550
1507
1531
1450
1518
1506
1531
1527
1534
1528
1518
1524
1410
1523
1523
1508
1525
1527
1522
1528
1525
1524
1523
1523
1519
1505
1516
1513
944
1525
835
1513
1506
1533
852
1513
1516
1527
1519
1524
1521
1526
1510
1527
1516
1325
1514
1528
1523
1527
1527
1526
1530
1518
1522
1508
1524
1509
1536
1530
1525
1465
1519
1515
1515
523
1525
1513
1531
1510
802
1515
1525
1504
1518
1525
1532
1519
1519
1519
754
1531
1529
1523
398
1533
1510
1522
1530
1532
1526
1524
1531
1524
1526
1515
1520
1528
1527
1520
1512
1512
756
1527
1527
1307
1518
1535
1527
1518
1518
1513
1540
1532
1510
1522
1494
1529
1525
1002
1527
1533
1533
1526
1529
1520
1527
1525
900
1524
1520
1536
1208
374
1530
1515
1523
1529
1526
1534
1527
1526
1502
1531
1525
1520
1528
1528
1514
780
917
1533
1513
1524
1530
1534
1538
1532
1528
1529
1523
1522
1530
1060
1531
1208
1531
1522
1335
1525
1516
1522
1521
1468
1518
1526
1503
1240
1532
1522
1515
1530
1525
1526
1505
1507
1523
1114
1526
1516
1525
1528
1514
1119
1523
1532
1147
1524
1473
1519
1514
1510
756
1522
1508
1527
1532
1521
1532
1523
875
854
1548
1533
1526
1533
1520
1536
1518
1527
1214
1522
1518
1521
1490
1509
1529
1535
1521
1531
1521
1505
1528
1466
1521
1491
1289
1518
724
766
1514
1519
1524
1508
1525
1512
1522
1494
1520
1531
1518
1519
1512
1520
1514
1510
1524
1515
1518
1516
1523
1532
1510
1530
1527
498
1519
1517
1513
1527
913
1511
1523
1530
1528
665
1531
1532
1530
1534
1524
1526
1529
1516
1518
1521
1506
1527
1527
1522
1518
1520
1515
756
1536
1522
1525
1525
1534
1539
1536
1532
1536
1524
1513
1513
1517
1516
1528
1528
1513
1525
1530
1531
1510
1515
1532
1508
1513
1522
1254
1523
1413
1540
1516
1518
1521
1519
752
1525
1519
1527
1528
1490
1532
1530
1525
1356
1524
1523
1526
1104
782
1525
1531
1527
1525
1533
1513
1532
1527
1518
1526
1519
1528
1520
1519
1486
1517
1519
1522
1521
1528
1530
1529
1010
1519
1534
1509
1518
1520
1520
767
1523
1514
1524
1518
1528
1524
1520
1527
1514
1519
1516
1523
1521
1517
1511
1223
1525
1525
1531
1516
1508
1512
1514
1524
735
1526
1504
1520
1521
1510
1519
1516
1506
1523
1526
1497
757
1519
1522
1521
1528
1513
1516
1515
1521
1529
1521
1525
1525
1513
1528
1504
1527
1522
1534
1525
1518
1514
1521
1513
1525
1523
1504
1518
1430
1513
1515
1519
1515
1515
1506
1515
1515
975
1526
1504
1523
1518
1528
1527
912
1515
1506
1543
1524
1520
1516
1530
1515
1520
1519
1502
1518
1526
1535
1520
1518
1521
1518
1532
1514
1117
1516
1518
1530
1526
1531
1521
1522
1524
1534
1527
1062
1498
1519
1525
1517
1515
1533
1521
1523
1502
1497
582
1519
1524
1522
1497
1519
1521
1529
1516
1126
1528
1513
1529
1494
1523
1528
1523
1512
1520
1522
1520
1531
1519
1523
1515
794
1521
1505
1505
1474
1529
1533
1491
1525
1522
1512
1518
1528
1534
1534
1530
1526
1522
1513
1530
1524
1506
1528
1519
1513
1516
1530
1534
1525
1521
1520
1529
1046
1523
1498
1521
1512
981
1432
1521
1528
1536
1532
1524
1535
1534
1535
1509
1529
1529
428
1530
1533
1527
1532
1526
1517
1509
1529
763
1526
1528
773
1536
1530
1524
1531
1533
1520
1529
1519
1532
873
1521
1521
1523
1525
1527
1515
1522
1525
1510
1528
908
1531
781
1520
1518
1517
1525
1530
1528
1529
1194
1533
1526
1524
1521
1528
1513
1523
1511
768
1523
842
1525
1523
1512
1520
1515
1514
1522
1516
1517
1528
1513
1520
1357
1536
1402
1526
1522
1526
1530
1522
1513
1533
1527
1526
1515
1533
1520
1527
1528
1525
1367
1524
1523
1534
1526
1527
1522
1520
1512
1532
751
1526
837
1523
1532
1531
1519
1523
1527
1535
1525
1520
1533
1527
1516
1505
1536
1526
1524
1526
1523
1520
1515
1523
1512
1509
900
550
1527
1535
1530
1531
1522
1519
1524
1524
1529
1533
1519
1535
1521
1529
1525
1530
1528
1514
1532
1532
1192
1527
1533
1534
1517
946
1450
618
1518
1543
509
1523
1529
1531
1517
1528
1517
1035
1539
769
1524
1529
1521
1530
623
1512
1533
1528
1523
1530
1532
1535
1464
1528
1521
1527
1517
1505
1522
1526
1523
1517
1525
1516
1521
1519
1500
1518
1508
1524
1302
1508
1528
1500
1527
1520
1528
1507
1520
1528
1523
1519
922
1517
1521
1513
1512
1523
1518
711
1527
1522
1525
1530
1515
1519
1508
1529
1520
1524
1516
1521
1527
879
1520
1528
1501
1490
1519
1526
1520
1529
1529
1531
1524
1514
1484
1522
1520
1526
1523
1536
1512
1525
1515
1535
1546
1316
1525
1515
1508
1503
1515
1379
1523
1528
1531
1519
1517
1518
1521
1512
1509
1514
1524
1519
1227
1527
1515
1527
1526
1527
1524
1531
1526
1504
1527
1501
1531
1363
1516
1520
1538
1527
1522
1520
1533
751
1489
1531
1527
1526
1524
1262
1136
1529
1523
1537
1541
1529
1525
1525
1529
1529
1517
1519
1535
1531
1516
1528
1532
1323
1519
1526
1524
1482
749
1515
1524
1521
1520
1512
1517
1527
1517
1464
1526
1522
1523
1518
1521
1522
1510
1526
1524
1513
1224
1518
1519
1519
1528
1526
1517
1526
1530
1533
1529
1529
841
1527
1520
1518
1522
1520
1529
1512
1537
1528
1517
1529
1518
1525
1518
1528
1513
1521
1517
1516
691
1518
1521
1521
1520
1535
1508
1520
1531
1529
1307
1527
1536
1530
1523
1512
1525
1443
1520
1506
1518
1519
1524
1509
894
1508
1527
1527
1518
664
1534
1522
1522
580
848
1524
654
1512
1517
1534
1532
1533
1525
1524
1529
1521
1530
1515
1525
1266
1524
1518
1519
1511
1530
1522
1516
1511
1525
1528
1525
1527
1520
1521
1528
1528
1519
1530
1526
1525
1521
1519
1524
1528
1103
1530
1525
1523
1524
1522
1523
1511
1533
590
1523
1532
1519
1501
1523
1528
1436
1543
1528
1534
1522
1520
1525
1526
1526
1527
1526
1519
638
1524
1534
1529
590
1523
1516
1525
1526
1532
1522
1516
1507
1522
1530
1515
1526
1517
1513
1526
1352
1535
759
1521
1510
1528
1537
1492
1525
1518
1523
1525
1507
1519
1519
1522
1526
1524
1518
1055
1513
1405
1521
1532
1524
1519
1527
1173
1516
1168
1499
1530
1511
1539
1512
1521
1496
1528
1539
1530
1527
1514
1518
1532
1526
1532
1527
1520
1532
950
1531
1498
1532
753
1537
1531
1437
1513
1529
986
1530
1527
1531
1528
1521
1526
1519
1520
1520
1504
1517
1523
1523
1509
1527
1517
1505
1523
1524
1001
1520
1513
1507
847
1527
1535
1524
1522
1027
1520
1522
1498
1526
1521
1528
1519
1525
1526
1519
1521
1523
1501
1519
1505
1527
1524
1510
1522
821
1520
1518
1252
1519
1078
1524
1523
1526
1524
1524
1533
1521
1525
1519
1526
1512
1527
1506
760
1516
1526
1504
1534
1533
1515
1518
1515
1525
1527
1530
1526
1509
1522
1526
842
1531
1532
1526
1529
1276
1523
1532
1511
1526
1516
1523
1516
917
1527
1527
1524
1523
1523
962
1515
1497
1534
1478
1524
1522
1524
1521
1514
1528
1522
1522
1494
1504
1535
1518
1520
1534
1527
1525
1522
1514
1520
1521
1226
1516
1522
1110
1519
1516
1513
1515
1527
767
1516
752
1517
1324
1529
1522
1526
1527
1530
1508
1523
1527
1532
1530
1524
1533
1532
1506
1525
1522
1537
1524
1520
1525
1510
1526
1523
1514
1512
939
1503
1521
1531
621
1515
1527
936
1534
1529
1529
1529
1529
1530
1498
457
566
1518
1524
1520
1520
1527
1516
1524
1525
841
1530
756
1513
1534
1527
1505
810
1529
1096
751
1520
1523
869
1522
1294
1504
1513
1522
1520
1517
1533
1175
1129
1540
1525
1150
1528
1519
1528
1540
1529
922
1532
1516
1528
872
1515
1523
1519
1516
1520
1517
1511
1505
1514
1521
1527
1059
1519
1504
1530
1512
1527
972
1538
1530
1527
1124
1517
1488
1449
1529
1507
1379
1529
1498
1534
1526
1530
1529
1513
1518
1511
1505
1521
1525
1528
1521
1533
919
1514
1540
1529
1532
1537
1506
1522
1520
1349
1513
1524
1526
1513
1527
1526
1524
1526
1532
1514
1528
1532
1521
1529
1400
1505
1518
1536
1529
1524
1530
1523
1524
1515
1507
916
748
1520
1523
1518
1534
1524
1525
1522
1529
1505
1521
1211
1027
1525
1508
1522
1515
758
1526
1514
1520
1526
1523
1528
1520
1502
1524
1511
1527
1529
1522
1514
1502
1515
1522
476
1531
1113
744
1505
1519
1520
1529
1527
1529
1297
1512
1525
1516
1140
1521
1530
1527
1511
893
1530
1531
1529
1506
1519
1531
1530
1518
1525
1513
1338
1527
1509
1533
1522
1522
1530
1531
1524
1512
1516
696
1529
1534
1530
1531
1506
988
1526
1525
1534
1024
1530
1530
753
1519
1531
1524
1529
1530
1512
1523
1529
1513
1529
998
1526
1525
1524
1533
1508
1522
1517
1381
1519
728
1229
1508
1147
1533
1498
1526
853
1519
1535
1523
1529
1538
1534
1536
1533
1529
1520
1512
1518
1494
1514
1527
1488
1530
1522
1528
1532
954
1521
1521
1511
1522
981
1521
1508
1531
1517
1532
1530
1515
1528
1519
1506
1157
1536
1524
1536
1528
858
1528
1522
1522
1536
1527
1523
1531
1515
739
1532
1523
1439
1526
1519
1529
1537
1535
1514
1509
1525
1521
1535
1534
1524
1527
1515
802
1528
1511
1529
1507
1509
1527
1521
1519
1509
1519
1519
1525
1527
1528
1521
1530
1528
1525
1526
1492
1521
1522
1532
1525
1523
1513
1517
1494
1519
1509
1509
1531
1521
1518
1528
1516
1519
1526
1517
1505
1528
1519
1522
1527
1524
375
1524
1519
1531
1514
1519
1524
1521
1522
1496
1525
1503
1512
1512
1531
1520
1501
1525
1128
1536
1522
1496
1502
1529
1123
1122
1527
1535
1523
1530
734
1528
1523
1525
1523
1523
1524
1512
1502
1509
1527
1522
1523
1530
1512
1514
1128
1526
1516
1522
1522
1509
1530
1526
1527
1528
1506
1520
1523
1524
1288
1522
1531
1519
1518
1511
1523
1498
1509
751
1522
1391
1532
1525
1523
1522
1481
1530
1513
1526
898
1506
1526
1523
743
1482
1530
1522
1538
1524
1515
1522
1520
1535
1527
1523
1270
1533
1532
1510
1507
1530
1526
1530
1525
1529
1518
1526
1522
878
1524
1527
1526
1523
1524
1520
878
1515
1525
1524
1528
1507
1526
1512
1533
1010
1519
1527
1526
1528
1525
1519
1519
1523
1519
1524
1513
1520
1501
1512
1507
1518
1520
1525
1524
1526
1531
1522
1527
1516
1531
1522
772
1508
1103
1526
1521
1005
1521
1531
1528
1534
1536
1526
1519
1513
1533
1524
1525
1517
1512
1520
1531
1519
1530
1523
1525
1521
1510
1524
1518
1502
1511
1518
1516
1510
1517
1528
1124
1519
1529
1527
1519
1517
1503
1509
1523
1461
1521
1522
1525
1393
1523
987
1526
1534
1482
1351
1527
1537
1496
1534
1043
1526
1521
1507
1527
847
830
1524
1518
1513
1520
1522
1522
1527
1529
1507
1515
1100
1539
1522
1519
1519
1527
1532
1526
1382
1529
1521
1429
1531
1516
1519
351
1514
1511
1515
1525
1509
929
1163
1526
1530
1499
1524
1529
1514
1521
1527
1519
1513
1519
1516
1523
1497
1514
1519
1534
1532
1513
1530
1527
1026
1527
1528
1520
1529
657
1530
1532
1538
1523
1519
1528
1534
1528
1517
1510
1524
1525
1523
1555
1526
1528
1523
1510
374
1521
1518
1531
1521
756
1387
686
1515
1529
1370
1529
1527
1513
1529
1526
1526
1535
1513
1528
1531
1524
762
1534
1525
1514
1491
1526
1508
1529
1520
1521
1527
1505
1527
1521
1512
1528
1525
1515
1526
1519
1527
1523
1529
1531
1518
1511
1529
1530
1521
1532
1528
1510
614
1528
1536
1531
759
1533
1528
1534
1535
1535
1530
1525
1520
1533
1528
1535
1522
1531
1524
1528
1539
1510
1516
1532
1512
1528
1491
1541
1520
1482
1515
1523
1525
1526
1521
1513
1472
1525
1530
1519
1517
1492
1526
1518
1527
1511
1521
1528
1520
1531
1525
1524
1523
1536
1518
1518
1494
1523
1526
1527
1515
1517
1522
1529
1521
1523
1521
1519
1489
849
1304
1528
1515
1533
843
1525
1520
1529
1519
1519
1522
1521
1523
1526
1414
1514
1521
1515
1523
1524
1501
1514
1530
1307
1527
1517
1519
1524
1526
1528
1534
505
1528
1514
1522
1527
1532
1522
781
1526
1523
1529
1537
1519
1521
1528
1525
1523
1527
1521
1519
1522
1521
809
1527
1507
1510
1536
1532
1534
1517
523
1531
1520
857
1517
1517
1506
1522
1519
1521
1508
1498
1508
1527
1523
1334
1529
1545
1532
1533
1530
1527
1522
1445
1522
1526
1533
1520
1516
1383
1525
1523
1525
1508
1532
1517
1541
1542
1525
1516
1518
1522
1537
1528
1532
1516
761
887
1531
1539
1530
1512
1514
1531
1531
1117
1353
1534
1526
1517
1419
778
1278
1536
1536
1524
1532
1534
1345
1492
796
1522
1530
1513
1520
1521
1285
1527
1533
1523
1527
1526
1535
1520
1523
1523
1534
1529
1515
1511
1529
1528
1526
1256
1527
1515
1525
1533
1523
1538
1525
1516
774
1523
1514
1532
1197
1528
1506
1522
1458
1245
1532
1523
1529
1533
1522
1527
1532
1527
1524
1538
1518
1530
1524
1526
1524
1524
1535
1529
1534
1522
1518
1527
1520
1532
1520
1530
1524
1494
1524
1504
1514
1528
1525
946
1528
1531
1528
611
1519
1519
1523
1523
1436
1511
1519
1522
1531
1519
1513
1509
1541
1522
1520
1540
1521
1521
1537
1515
1514
1516
1094
1537
1521
1527
1528
1516
1518
1488
1532
1509
1530
1506
1522
1536
1513
1540
702
1532
1531
1512
1510
818
1528
1529
1518
1518
1514
1520
1522
1518
1494
1518
1536
1518
1501
1515
1516
1515
1518
1525
1503
1511
1522
1301
1515
1525
1527
1526
1534
755
1520
1528
1526
1509
1530
1522
1515
1513
1518
1519
1527
1522
1519
1512
1526
1527
1532
1511
1244
1525
1533
1527
712
1522
1527
1524
1511
1518
1520
1520
1517
1530
1533
1509
1526
1522
1533
1521
1532
1536
740
1512
1529
1531
922
1534
1528
1531
1521
1530
1519
1521
1520
1488
1459
1394
1520
873
1527
1530
1504
1512
636
756
1526
1526
1372
1528
1509
1526
1527
1529
1525
1509
1011
1525
1517
1329
1513
1525
1535
1525
1186
1525
1522
1512
1443
1525
1523
1529
1519
1527
805
1525
1528
1526
1427
1513
1515
1519
1510
1527
1521
1518
1520
1523
1510
1535
989
1520
1539
1536
1337
1529
453
739
1506
1428
1519
1529
1509
1533
981
1522
1534
1512
1520
369
1528
1534
842
1525
833
1528
1521
1525
1527
1522
1534
1526
1532
1535
1531
1528
1532
1524
1525
1531
1240
1519
1523
1526
1516
1509
1528
1521
1526
1529
1532
1471
1533
1530
1505
1519
1525
1523
1521
1526
1514
1525
785
1524
1511
1528
1525
1518
1516
1521
1504
1526
1519
1517
1521
1535
1524
1523
1520
1522
1524
1526
1522
1502
1529
1526
748
1510
987
1173
1517
1525
1529
1511
1503
854
1162
1523
1517
1527
1531
1534
1426
1531
1523
1514
1526
1525
1530
1525
1526
1531
1537
1521
1518
955
1525
1533
1232
751
1525
1534
1526
1494
1526
1025
1525
1532
1523
1529
1529
1511
1522
1516
1520
1518
1525
1526
1321
1051
1541
458
1528
1528
1525
1536
1532
1304
1539
1529
1527
1532
1527
1537
1522
1533
750
1531
1530
1311
1459
1540
1529
1529
1536
1528
1533
1520
1523
1518
1524
1534
811
1513
1529
1525
1521
1534
1525
1519
1522
559
1525
1359
1522
1527
1523
1512
1534
1518
1515
1527
1527
1529
1297
1512
1486
1524
1523
1526
1517
1519
1521
1508
1515
1521
1530
1542
1521
1516
1520
1532
1400
1519
1321
1526
1506
1529
1540
1527
1528
1526
1527
1521
1516
1501
1526
1556
1518
1523
1530
1530
1524
1531
1530
413
711
1519
1084
1531
1530
1405
1537
1529
1526
1535
1531
464
1539
1532
1520
1526
1511
1523
1518
1531
1521
1514
1517
1529
1452
1528
1506
1143
1525
1530
1531
1524
1529
1166
1206
1521
1515
1530
1534
1519
1121
748
1528
771
1522
1531
1515
1522
1512
1527
1394
742
1085
1529
1068
1528
1238
991
1531
1496
1535
1523
1516
1521
1532
1517
1514
1531
1533
1528
1521
1526
1507
1520
1529
1526
745
1550
1523
1527
1524
1525
1521
1527
1534
1524
1526
1520
1526
1525
1528
1222
1524
797
1520
1514
1528
1532
1527
1505
1521
1100
1516
1526
1540
1522
1520
1533
1521
1519
1517
1536
1520
1522
1527
1526
971
1527
1530
1531
1524
1528
1518
1519
1518
1524
1522
1512
1520
1520
1524
933
1527
1515
1529
1533
1520
1519
1506
1091
1514
1527
1518
1534
1528
1509
1522
1516
1515
1528
1517
1522
1520
1522
1513
1508
1527
1526
1518
1528
1531
1525
1526
1519
1507
1492
1518
1529
1524
1530
1529
1242
1483
501
1532
1528
1534
1527
963
1519
1126
1529
1521
1494
1530
1529
1511
1534
1527
1519
1521
1521
1451
1525
1523
1524
1522
1521
1521
1526
931
1525
1438
1527
1524
1527
1524
1524
1526
1529
1301
1522
1280
1541
1530
1526
1534
1511
1496
1515
1525
1531
1509
1495
1521
731
1533
1533
1534
1523
428
1526
1528
1416
1525
1507
1530
1533
1529
689
1507
1524
1535
1511
1488
1501
1525
1518
1524
574
1527
1515
1527
1520
1507
1523
1517
1513
1511
1523
1539
1518
1519
1520
1525
1524
1513
1521
1508
1530
1521
1523
1522
1522
1514
1512
754
1530
1421
1514
1514
1522
1521
1528
1524
1520
1518
1518
897
1526
1531
1524
1525
737
1539
1527
1519
1531
1530
1524
1513
1524
1516
1531
1530
849
1521
1524
1531
1515
1521
1514
622
1522
1526
1523
1526
1523
1529
1511
744
1512
1525
1505
1532
1532
1523
1522
1522
1525
1532
1522
1520
1515
1489
1521
1520
1514
1505
793
1517
1480
1517
1451
1526
1519
1526
1480
1526
1534
1522
1518
1521
1527
1521
1529
1519
741
890
1532
1512
1525
1523
1535
1525
1523
1522
1529
1464
1455
1523
1520
1516
1531
1524
1521
1517
585
1523
1520
1462
1508
1522
1531
1371
1214
1520
1510
1522
1528
1521
1527
1523
1523
1518
1527
1510
1530
754
1526
1529
1498
1527
1514
1511
1517
1517
1255
1529
1502
1539
1535
1528
1525
1530
1517
1529
1518
1525
1534
1520
1524
1519
1522
1535
1519
1528
1516
1515
1531
1222
1514
1522
1524
1516
1531
1512
1533
1525
1514
1520
1499
1527
1499
1522
1513
1531
1519
463
1459
787
1524
1515
1112
1512
1523
1495
1506
1524
1530
1526
1496
1531
1535
1516
1518
1510
1403
1270
1530
1531
1533
1499
1510
1529
1536
1534
1297
1528
1525
1530
1525
1533
1529
1540
1504
1530
1523
1527
1525
1487
1462
900
1492
1517
1213
1502
1526
1526
1527
961
732
1231
1518
1500
1527
1518
1528
1515
1520
1522
1534
1515
1523
1529
1540
1523
1479
1510
1534
1529
1533
1526
1524
1528
1520
1520
1529
1517
1517
1523
1520
1523
1514
1521
1520
1514
1521
1526
1509
1516
1517
1521
1518
1519
1521
1453
1521
1521
1517
1518
1529
475
1521
1529
1523
1521
1518
1506
1523
1525
1514
1517
1521
1520
1518
1497
1252
1525
1521
1518
1529
1512
1524
1520
1512
800
1513
1521
1508
1509
1515
1528
1523
1520
1515
750
1505
1537
1530
1519
1521
1523
1524
1523
1525
1522
1537
1517
1520
1197
1525
1522
1523
1521
1525
1525
1534
1526
1519
1526
1522
1530
1528
1524
1517
1385
1522
752
1492
1515
1525
1526
1511
723
1518
1524
1351
1520
1541
1531
870
1247
1515
967
1524
436
1140
1534
1512
765
1535
1522
1524
1521
1518
1530
1525
1516
1526
1533
1530
1529
1511
1519
1530
1524
1525
1529
1533
1191
1521
1533
1524
1511
1454
1513
1513
1526
1519
1458
1525
1514
1519
1528
1519
1507
1522
1520
1523
1521
1526
1524
1492
1527
1519
1519
1519
385
1513
1547
1524
1507
1530
1021
1523
1497
1503
1518
1520
754
1516
1526
1520
1529
1524
912
1522
1517
1514
1521
1516
1510
1508
1517
1522
1519
1524
1527
1497
1513
1501
1524
1536
1525
1518
1523
1516
1524
1519
1516
1515
1514
1515
1526
1523
1531
412
1539
1527
1532
1538
1526
1271
1532
1527
1521
1521
1497
1531
1517
765
885
1519
1532
1528
1522
1527
1536
1539
1512
1530
1521
803
1519
1525
1533
1527
1517
1530
443
1528
1529
1528
1530
1515
1526
1534
1530
1522
1494
878
1481
1523
1530
1517
1524
1531
1526
1527
927
1538
1537
1519
1522
1536
1514
1548
1524
1513
1526
1519
1527
763
1515
1533
1519
1520
1515
1514
1513
1532
1523
1521
1530
1520
1529
1531
1517
1519
1527
1513
731
1515
1521
783
1521
1524
1512
379
1520
1518
1528
1526
398
1517
755
1032
567
1523
1515
1524
1092
1526
1084
1513
1523
1526
1525
1525
1523
1526
1529
1528
1527
1525
947
908
1532
1525
1527
1531
1529
1520
1517
1530
1521
1524
1514
1527
1523
1528
1530
1503
1528
1537
1523
1529
1524
1520
1502
1520
1521
1529
1533
1530
1529
1502
1527
1520
1528
1521
1518
1524
1533
1523
1512
1508
1524
1517
1527
1520
1520
1517
1282
1528
1525
1536
1531
1476
1527
642
1527
1515
1516
1540
762
1517
1515
1528
1531
1514
1525
1524
1520
1516
1519
1526
1515
1524
1522
1525
1532
1531
1521
1509
1172
1528
1519
1529
1531
608
1528
767
1529
1530
1522
1514
1523
1520
1536
1517
1534
1532
1525
1523
1532
1388
1527
1532
1527
1525
1539
1533
1529
1527
1527
1021
1527
1542
1520
705
841
1529
1518
1334
1534
1538
1523
1531
1538
1527
1532
1519
1529
1522
1526
1522
1493
1422
1519
1531
1527
1528
1533
1526
1512
1518
1505
1524
1523
1520
1535
1518
1529
1520
1517
1520
1386
1517
1529
1524
1534
1529
1529
1523
1519
1525
1519
788
1523
1525
910
1530
919
1542
1513
1532
1528
1527
1524
1524
1521
1526
1522
1520
1529
1511
1497
1536
666
1529
1526
1533
1519
1514
1518
1523
1513
1521
1512
1513
1528
1527
1484
794
1516
1524
1517
957
1515
1510
1523
1516
1517
1528
1521
1517
1532
937
1502
1533
1532
1297
1532
1512
1527
1526
1517
1517
1515
1519
1523
1492
1514
1528
1514
1522
1523
1527
730
1532
1530
1533
1174
1527
1523
1524
1526
1522
1518
1542
1525
1434
1522
921
1524
1532
1531
1510
1528
1532
1533
1517
1527
1506
1523
1526
1517
1390
1544
1520
1503
1514
1512
747
1509
1520
1529
1519
1507
1508
1523
1534
940
1540
613
1530
1527
1528
1527
1538
1537
1509
1517
1518
1531
1531
708
1520
877
1508
1515
1523
1512
1527
1521
1503
1292
1537
1508
1528
1531
1525
1532
1530
1525
1082
1523
1526
1531
1521
1521
1530
1514
1192
1444
1461
1531
1529
1529
1525
1523
1531
1524
1521
1415
1525
1529
1527
1404
1521
772
1520
1516
1525
1520
1522
1521
1507
1519
1524
1525
751
1521
1531
1507
878
1522
1512
1527
1524
1535
1527
1205
1523
1521
1357
1521
1527
1521
1523
1521
1524
1477
1517
1419
1524
1521
1535
1508
1204
1528
1510
1533
1530
1514
1528
1518
1524
1529
1516
1516
1532
1299
1523
1518
1503
1533
1520
1514
1535
1049
1529
1516
1513
1534
1530
1532
1533
1523
1517
1516
1520
1520
1520
1521
1526
1519
1519
1515
1511
1514
1519
1520
1518
1522
388
1510
1519
749
1523
752
1492
1535
1534
1526
1525
1532
1536
1511
1527
1527
864
1376
1530
742
1531
1531
754
1525
1539
1520
1527
963
1509
1528
1524
1527
1511
1519
1521
1512
1526
1527
1515
1523
1528
1516
1520
1519
1517
1522
1005
1521
1526
657
424
1523
1527
1532
1518
1523
1519
1522
1521
1515
1518
1516
1509
1521
1522
799
1526
1536
1521
1521
1523
1526
1530
1513
1505
1514
1498
1525
1529
1511
1508
1257
1022
1512
780
1510
1517
1526
1529
1517
1517
1529
1520
1504
1518
1454
1518
1526
1524
1508
1528
1519
1527
1532
1532
1517
716
1535
1527
906
1533
1510
822
1523
1527
1526
1531
1522
1436
1517
1511
1526
1482
1519
1524
1533
1528
1518
1517
1521
1533
1532
1529
920
1533
1529
1533
713
1508
1533
1522
1530
1533
1520
1517
1523
1513
1504
1524
1527
1522
1520
1524
1524
1520
1522
1520
1530
1522
1512
1504
1506
749
1522
1513
1433
1519
1529
1032
1517
1435
1514
1518
1517
1523
1512
1460
1527
1519
1518
1515
1529
1527
1524
1507
1520
1523
1529
1530
799
1524
1527
1426
1521
1528
1543
1528
1525
1510
1499
1518
1536
1520
1538
1529
1536
1536
1526
1285
1535
1523
1526
1525
1526
1532
1520
1522
1549
1492
1512
1519
958
1518
1534
1536
1530
1525
1521
1521
1521
1530
1232
819
1525
1529
854
1153
1534
1528
1525
1526
587
1529
1514
1531
1449
1518
1524
1510
1532
1418
1509
1529
1533
1538
1534
1531
1532
1535
1518
1531
1507
1523
1015
1531
1532
1520
1512
1523
1515
1533
1523
1527
1464
1536
1531
1526
1527
1526
1529
1497
1551
1521
1359
1517
861
1537
1527
1520
1520
1524
1524
1529
1533
1516
1526
1204
1536
1523
1518
1532
1166
1534
1517
1516
1530
1530
1520
1526
1531
1510
1523
1525
1525
1527
843
1513
1531
1525
1516
1530
1528
1532
1531
1532
1528
1521
1511
1518
1530
1305
757
1533
1523
1538
1446
1530
1514
1531
1521
1517
1526
1533
1515
1512
1530
1514
1523
939
1507
1518
1513
1518
1517
1527
1518
1495
1513
1526
1531
1515
1522
1516
1515
1519
948
789
1527
1516
1518
1524
1521
1509
1515
1528
1523
1526
1524
1533
1533
1396
1020
1512
1529
1530
1528
1540
1514
1519
1530
1535
1533
1519
1527
1524
1518
1520
1536
1531
1529
1514
1535
1504
1509
1513
1520
1526
1517
1523
1504
695
1516
1525
631
1531
1453
1520
1521
409
1524
1518
1520
1513
1526
1514
1524
1517
1519
1524
1513
1519
1518
1081
1518
1519
708
1515
1530
552
1527
1530
422
1531
1527
1497
1447
885
1525
1338
1531
1536
1528
1523
1234
1525
1530
1517
1521
1530
1536
879
1532
1519
1534
1521
1511
1522
1515
1522
1524
1514
1525
1532
1523
1529
1519
1514
1526
1525
1522
1516
1513
1504
1492
1528
1520
961
1524
1513
1527
1524
985
1516
1530
1525
1526
1519
1530
1523
1540
1528
1528
1520
1511
1522
1508
1518
1517
1518
1521
1521
1514
1402
1529
1513
1525
1527
1522
1522
1522
1533
1532
1521
1524
1508
1523
1525
1529
1518
1474
1537
1507
1508
1516
1521
1520
1523
1509
1502
1516
1521
1525
750
1517
1533
1506
1524
1523
1521
1524
1529
1522
1526
1529
1521
1505
1532
1516
1518
1524
1520
1308
1521
1523
1537
1512
1524
1511
1516
1533
1526
1524
1532
1527
1511
1536
1514
1522
759
868
1411
1530
1514
758
1522
1527
690
1216
1533
1529
1523
1532
1181
1535
1527
1525
1522
751
1526
1532
1524
1511
1530
1529
1525
1521
1511
1531
1505
1518
1519
1522
1512
336
1530
1531
1513
1109
1516
1100
1521
1531
1526
1523
1518
1532
1530
1520
1208
1517
1530
1491
1528
1528
1533
1524
1529
1516
1528
1520
1521
1517
1260
882
1533
1525
1505
1527
1526
1521
1499
1516
1528
1520
1520
1526
1533
1471
1525
1522
1522
1525
780
1526
1514
1517
1527
1463
1515
1496
1501
1520
1521
1519
1527
1516
1526
1294
1531
1529
1512
752
1523
1510
1518
852
708
1509
1528
993
1520
1531
1534
1532
1524
610
1495
1526
1531
1524
1523
703
1514
1505
1528
1509
1527
1523
1491
1542
1526
1522
1531
1516
1524
1526
1522
1518
1515
1523
1526
1522
1520
1519
1516
921
1524
1087
1527
1509
1522
1519
1530
1516
1534
1426
1535
1519
1526
1330
1529
1528
1514
1509
1522
1506
1533
1520
1494
1523
1521
1508
1520
1520
361
1509
1519
1515
1505
1523
1504
791
1532
1531
1536
1517
1514
1530
1524
1524
1523
1513
1527
1525
1527
1529
1507
1512
1518
438
922
546
1516
1523
692
1529
1522
1519
1544
773
1523
1517
1524
1534
826
1534
1531
788
1525
1516
1510
1515
1528
1524
1522
1519
1515
1516
1507
1516
1513
1518
1516
1523
1513
1524
947
1511
1534
1518
1528
1535
1522
1521
922
1354
1508
1531
1531
1531
886
1539
1522
1068
1511
1528
1519
1526
1523
1534
1522
1510
1532
1525
1523
1514
1514
1539
1523
1520
1523
1519
1517
1527
1523
1526
1528
1539
1517
1528
1526
839
1518
1523
1012
1532
1101
1536
1535
1533
1527
1521
1128
1521
1533
1534
1530
1532
1503
1527
1525
1525
1535
1530
1012
1148
1530
1519
1520
1504
1508
1519
1514
1516
1532
1528
1493
1499
1524
1525
1511
1524
1524
1523
1530
1506
1535
1528
1524
367
1520
1521
1512
1523
1525
1518
1529
1506
1504
1521
1521
1289
1523
967
1513
1529
1512
1510
1528
1527
1532
1535
1513
1527
1521
1520
1532
1506
1314
1522
1352
1518
1478
1480
1535
1526
1523
1022
1531
1531
1501
1517
1518
1528
1513
1515
1522
1337
1517
788
1533
806
1527
1508
1523
1508
1520
1522
839
1490
1520
1507
1532
1524
1325
1526
1529
1534
1519
1523
1524
831
1530
1523
1518
1518
1528
1520
1523
1523
1520
1515
1522
1517
1515
1521
1520
1520
1520
1530
1521
1517
748
1519
1528
1533
1527
690
1525
1516
1516
761
1516
1532
1518
1528
1521
1527
1521
1524
1508
1188
1516
1512
1522
1525
1522
1534
1502
1524
1521
1408
984
1531
1523
1525
1525
1536
1520
1524
1530
1520
1530
1520
1533
1515
1523
1516
1519
1528
1526
1527
1513
1526
1524
1525
1527
1529
1525
1520
1516
1526
400
1523
1511
1525
1524
1524
1521
1516
1502
1502
1517
1525
1524
1516
1526
1516
1514
1491
1514
1526
1521
1524
1510
1529
1518
1523
1520
1521
968
1528
1476
1529
1529
1526
1513
1520
1519
1528
1524
1523
1520
1521
1518
1528
1522
1532
1519
1519
1527
978
1528
1510
1533
1523
1514
1524
768
1532
1523
1400
1478
1527
1529
1518
1534
1505
1524
1524
1518
1535
1520
1290
1512
1526
1529
1533
1526
1512
1516
1107
1530
1502
1532
1524
1515
747
1529
1524
1524
1520
840
1530
1527
331
746
1524
753
1521
1525
1526
1526
1527
1523
1527
1514
1513
1522
1518
1244
1525
1518
1517
1524
1518
1525
1527
1520
1523
1527
1528
1503
1528
1529
1522
1526
1533
1518
1525
1522
1527
1496
1525
1516
1507
1522
1512
1498
1527
1522
1516
1522
1540
1528
1522
1521
1526
1504
1525
1534
1514
1515
1519
1526
1526
1515
1525
1527
1512
1517
1513
753
1525
1532
1527
1515
1526
1520
1526
1530
1521
1529
1528
1531
1529
1532
1524
1323
1512
1527
1525
1506
1534
1530
1532
754
1521
1533
1411
936
1362
1505
1524
1530
1521
1526
1532
1531
1526
1530
1528
1525
1515
1526
1516
1520
1493
1519
1527
1526
1438
1039
1526
1523
1518
1152
1537
1534
1523
1544
1529
930
1534
1521
1529
1533
1536
1135
1508
1530
1527
1527
1529
1265
1522
1518
1177
780
1531
1293
713
1526
1518
1523
1527
1490
1527
1514
1527
1513
1520
1521
1529
1477
1515
1477
1494
1530
1523
1530
1536
1401
1518
1523
1076
1289
1526
1415
1530
1528
1524
1527
1526
1526
1513
1529
1525
1501
1517
1519
1538
1530
1513
1528
1528
761
531
1530
1521
1503
1525
1526
1525
768
1527
1525
1532
1524
1523
1532
1525
1532
828
1527
1511
1522
1533
1517
1518
1470
1523
1510
1522
1519
1519
1521
1537
1521
1519
1554
1508
1535
1520
1502
1523
1513
1510
1519
1515
1523
629
1532
1524
1520
1342
1531
1529
1501
1527
511
1513
1525
1460
1513
1528
955
1524
1515
667
1522
1515
1514
1506
1512
1514
1048
971
1503
1520
1520
1514
1509
1128
1512
1529
1516
825
1515
1521
1527
1517
1527
1518
754
1532
1485
1528
1526
424
1518
1524
1526
1516
1519
1516
1527
1520
1534
523
655
404
1528
1481
1517
752
1542
1514
1512
1523
1527
1521
1518
1444
1528
1523
1532
716
1520
1529
1519
1527
1498
1522
1539
1528
1524
807
1522
1533
1528
1530
1495
1515
1525
1534
1504
1527
1530
1528
1521
1530
1523
1536
1522
1528
1356
1508
1528
1176
1528
1520
1511
1514
1514
1531
1079
1523
1521
1320
960
1536
1527
1051
782
1508
1532
1518
1527
1531
1523
1531
1516
1543
894
1538
613
1524
1513
1512
1527
1518
1540
1534
1527
1535
1512
1517
1533
1532
742
1515
1526
1468
1532
1524
1064
1513
1517
1521
773
1540
1536
1533
752
1517
1523
1524
1524
1526
1529
1487
1526
1516
1530
1536
1524
1527
1540
1532
1539
1534
1519
1496
1531
1523
1523
1459
1522
1514
1529
1521
1520
1524
1516
1519
1518
1523
1133
1520
1527
1508
1519
1517
1542
863
1518
1425
1522
1523
1519
1518
1519
1517
1524
1528
1522
1517
1520
1509
1519
813
1515
927
1539
1508
1092
1447
1526
1506
1526
1522
1521
1494
1529
1520
1531
385
1519
1516
1535
1530
1519
1522
1516
1524
1532
1511
1520
1503
1520
1513
1515
1530
1510
826
1522
1518
1507
1505
1527
1515
1283
1521
758
1316
1505
1514
1523
1530
1263
1520
1502
1511
1506
1523
1511
1130
1527
1535
1512
1520
1519
1531
1530
1518
1489
1524
1520
1529
1522
1428
1505
1498
1514
1521
1499
1081
1487
1508
1519
1516
1491
1513
1516
1526
1519
1520
1124
1475
1347
1517
1524
1527
1513
1510
1523
1492
1508
1522
1519
1341
724
1519
1530
759
1527
1476
1534
1522
1529
1495
1516
1520
1543
1530
1521
1523
1509
1523
1524
1518
1536
1535
1001
1513
1534
1528
1535
1519
1525
1529
1524
1525
1519
1502
1519
1516
1521
1526
1523
1522
1518
1519
791
1518
1520
1514
1514
1507
1503
1527
1524
1526
1532
1500
1528
926
1533
1528
1528
1525
1527
1524
777
1512
1463
1530
1523
1523
1529
1522
1527
757
1540
1537
1523
1527
1462
1529
1531
913
1206
1514
1525
1516
1520
1523
1523
1519
1516
1526
1527
1528
1525
1523
1521
1529
1528
1520
1523
727
1528
1542
1530
1512
855
1522
1525
1522
1528
1525
1515
750
1509
1520
752
1524
1524
1511
525
1520
1531
1527
1534
1523
1529
798
1531
1523
1521
1520
1529
1527
1522
1521
1522
1511
1518
1042
1520
1518
1520
1521
787
1507
1521
1518
1518
1525
1522
1526
680
932
1516
1532
1518
1504
1499
1402
1521
1535
1523
1518
1526
1527
1528
1532
1518
1505
1524
1511
1528
904
1523
1514
1516
1523
1528
1533
1513
1172
1532
1499
1531
1520
1518
1526
1519
1511
1525
1512
1513
1516
1530
1508
1522
1488
1522
1501
1521
1522
1522
1503
1535
871
1522
1534
1513
1525
1519
1521
1519
999
1526
1523
1511
1517
1512
1514
1513
1522
534
1529
1514
1512
1491
1526
1439
1511
1524
1517
840
1529
1533
1532
1528
1538
1542
1535
1525
1533
1517
1518
1528
1528
1526
595
1518
496
1514
1522
1509
1513
1521
1524
699
1510
1525
1520
1410
1523
1523
1511
1518
1519
1518
1520
1538
1522
1511
1516
1481
1528
1521
777
1533
1488
1520
1474
1516
514
1522
1197
928
1509
1517
1526
1512
1515
1014
1530
1536
1522
1526
1524
1530
1513
1512
1535
1268
1530
1525
1509
1524
1534
1503
1518
1521
1505
1523
1523
1524
1509
1514
717
1522
1509
1520
1525
1525
1392
1526
1517
1510
1036
1525
1505
1527
1531
1517
1503
1523
1527
1517
1517
1508
1506
1525
1530
1524
1518
735
1512
1521
1325
1529
1531
1526
1282
1530
1561
1533
1528
1275
814
1508
1528
930
1522
1531
1505
1529
1524
1520
1523
1523
1528
1530
504
1517
1518
979
1529
1524
1531
944
1532
1521
1516
587
1467
1522
1105
1531
1522
1530
1518
1517
1536
1524
1527
1536
1530
1532
1531
1538
646
1535
1538
1491
1524
1513
1516
1538
1522
1525
1524
1517
1520
1520
840
1524
870
1525
1525
1524
1523
1523
1518
1527
1518
1526
1534
1517
1112
1526
1269
1512
1526
1515
1523
1523
1527
1514
584
1493
1525
1534
1518
1520
1521
1526
1531
1521
727
1531
1533
1366
561
1509
1522
1531
1521
1527
1528
1524
1512
1521
1506
1503
1513
1520
1515
1526
1512
1520
1522
1515
1517
1122
1533
1527
1522
1515
1528
1516
1526
1514
1519
1537
1523
1520
1140
1523
1516
1541
1521
1516
1536
1514
1175
1516
742
1491
1431
1209
1526
832
1528
1524
1543
1543
1538
1534
1526
1529
1536
1513
1538
1522
1526
1525
1529
961
1525
1535
1542
1525
1498
1522
1523
1521
1523
1510
1529
1516
1517
1519
1524
1530
1519
1518
1528
1510
1530
1522
1524
1531
1529
1539
1515
1508
1523
1515
1524
1506
1522
1514
1524
1517
1519
1523
1516
1527
1521
1521
753
1516
1536
1515
1534
1524
1518
1537
1534
1524
1516
1527
1510
1524
1261
1413
1525
1530
1514
1516
1519
1534
1522
749
1535
1520
1525
1515
1535
1410
1532
1528
1515
1518
1522
1506
1523
1536
1493
1516
1539
1510
1526
920
1518
1511
1525
1523
1522
1411
1529
1528
1533
1523
1523
1526
1516
1516
1523
1513
1497
1517
1509
1513
1529
1507
1524
1505
1502
1501
1489
1506
1516
1526
1516
1519
1506
1526
1519
1521
1517
1515
1445
1505
1504
1516
1514
1516
1515
1526
1468
1500
1212
1472
1526
1527
1506
1514
1492
1516
1518
1520
1530
1511
1525
733
1537
1533
1536
1532
1492
1507
1532
1514
839
1521
1536
752
1514
1310
1526
1523
1530
1030
1535
1019
1523
1526
1527
1524
1513
1529
1514
1509
1529
1508
1501
1387
1511
1530
1531
1500
1520
842
1288
1515
1531
1536
1526
1524
1521
1523
1319
1521
1515
1524
1521
750
1528
1513
1528
1519
1527
1522
1520
947
1511
1533
1528
693
1522
1526
1529
1531
1537
1523
1513
1533
1526
805
1535
1520
1529
1535
1522
869
1535
1524
1529
1527
1520
1524
1528
1529
1510
1532
1524
1532
1542
1529
1532
1525
1523
1530
1409
1522
1524
1528
1049
1518
1511
1531
1521
1516
1506
886
1526
1526
1521
1490
909
1525
1521
1522
1522
1525
1526
1525
1504
1525
1528
1529
1521
1529
1538
1537
1519
1540
1509
915
1527
1533
1528
1502
732
1524
1526
1521
1521
1509
1526
755
1518
1528
1526
1527
1513
1483
1526
1522
1536
1527
1519
1465
854
1520
1519
1521
1374
1537
1522
1526
1520
1539
1517
1530
1518
1511
1524
1526
1501
1505
1531
1520
1523
1526
1523
1520
1526
1514
1504
1537
1518
1505
1504
1520
1509
1504
1516
737
1504
755
1519
1519
1520
1503
1523
1518
1526
1515
1513
1522
1525
1518
1087
1513
1519
1514
1528
758
1512
1443
1515
1369
1526
1523
1527
1533
1518
1528
1520
1525
1494
1500
1532
880
1527
1526
1457
1511
1517
739
1527
1528
1527
1525
1515
1526
1525
1534
1526
1534
1523
1522
1513
1519
1525
1525
1512
746
1523
1496
1508
1528
1523
1514
1529
1526
1527
1534
1539
1528
1528
1516
1532
1533
1530
1526
1493
1526
1516
1503
1514
1515
1504
1526
1519
1520
1523
1526
1521
1505
1515
1529
1524
1525
1522
1521
1513
1538
1539
1526
1527
1518
1526
1519
1528
1522
1528
1204
1523
1537
1513
1514
1517
1533
1520
1489
1524
1529
1024
1524
1528
1529
1523
1524
1276
1512
1528
1517
1504
1502
1517
1522
1525
1512
1509
1528
1509
1509
1514
1522
1458
1513
1522
1529
1529
1524
1541
1526
1535
1516
1525
1515
1529
1531
1531
1517
1526
1424
1523
1522
1521
1528
1529
1521
1521
1536
1536
1525
1518
1276
875
1529
1523
1523
1526
1516
1154
1523
1527
1525
1514
1543
1525
1491
1516
1493
1490
1516
1521
1528
1527
1524
1524
1518
1506
1506
1514
1351
1528
902
1525
1504
1530
1537
1533
1518
1519
1528
1508
1524
1528
1519
1517
1518
1511
1529
1507
1508
1528
1522
1519
1517
1525
1529
1527
1530
1510
1519
1530
1522
1520
1519
1527
1525
1276
1519
1518
1528
1526
1511
1515
1516
1525
1526
1510
1502
1505
871
1527
1523
1507
1511
1513
1519
1524
1493
1490
1528
1428
1531
1517
1530
1516
1506
1508
1521
1524
1525
1512
1489
1506
1522
1510
1474
1524
1542
1519
1524
1531
982
1513
1525
1522
752
1529
1532
1508
1537
1537
1531
1530
1515
1525
1524
1533
1521
1518
1519
1517
1206
1522
1507
1532
1499
1042
1523
1526
1527
1528
1522
1529
1519
1218
1499
1371
1522
1524
1532
1522
1525
1528
1519
1513
1535
1517
1522
887
1516
1533
1524
1525
1536
1521
1526
1517
1511
1523
1450
1514
1513
1531
1531
1513
1517
1518
1518
1509
1525
1511
1514
1517
767
1527
756
1510
1047
1524
1525
1517
1511
1527
1511
1520
1525
1519
1440
1514
1510
1522
1524
738
1519
1515
886
1520
1527
773
1519
1524
1526
1532
1530
1526
1532
1516
1530
1528
1535
1512
1523
1514
1521
1528
1534
1528
1528
1519
1526
1528
1509
1514
1521
1430
762
1518
1524
1524
1528
1509
1521
621
1507
1512
1502
1522
1524
1525
1517
1522
1522
1519
583
1524
1050
1522
1506
1504
755
1134
1515
1517
1491
1523
1517
1522
750
1514
1534
1522
1527
1528
386
1523
1525
1518
1525
1529
1519
1523
1523
1512
1524
1513
1526
1530
1513
1515
1513
1524
1519
1523
1525
1527
1517
1520
1518
1511
1517
1522
1527
1526
1515
1519
1514
1513
1535
1518
1517
1523
1527
1528
1532
1530
1533
1529
1520
1527
1520
1529
1537
1482
1535
1514
1533
1530
1509
1531
1520
1525
1530
1519
1524
1516
1532
1480
1517
1546
1541
1522
1527
1507
1521
1529
1529
1492
1533
1528
1521
1532
1529
1532
1530
1529
1512
1522
1538
1543
1532
1525
1496
935
1527
1527
1530
1510
1521
1525
1531
1516
1521
780
1523
1513
1503
1501
1177
1523
1501
1520
1516
1513
1488
1488
1524
1524
1531
1524
1521
1490
1529
752
1521
1534
1507
1525
1504
1528
1521
1536
1533
1535
1530
1534
1512
1513
1524
1447
1522
1530
1513
1522
1506
1523
1528
1519
1530
1522
1510
1525
1505
1527
1490
1528
1523
1527
1509
1522
1520
1520
1532
771
1517
1528
1531
1523
1532
1533
1519
1527
1522
746
1525
1527
1536
1531
1520
1537
1521
1488
1519
1507
1532
1518
749
1532
1529
1531
1509
1524
1518
1516
1516
1525
1189
1526
1521
1520
1528
1526
1514
1517
1516
1520
1522
1518
1523
1519
1523
1519
1527
743
1514
1521
1522
1506
1521
1515
1509
1529
1530
1492
1532
1521
1514
1534
1532
1527
1532
1519
1487
1524
1508
1531
1516
1530
715
1374
1523
820
1523
1523
1523
494
1529
1521
1510
1524
1527
1506
1509
1525
1514
1525
855
1511
1527
1515
1498
1523
1527
1530
1492
1532
1530
1529
1506
1522
1517
1530
1520
1526
1522
1335
1368
1523
1522
1529
1526
1518
1532
1511
1513
1390
1523
1528
1518
1521
1518
1518
1523
1528
1521
1513
1487
1530
1533
1533
1120
1515
1515
577
1526
1494
1526
1534
1532
1516
1518
1513
1534
1518
837
1532
1520
1516
1520
1523
1522
1524
1527
1525
1515
1513
1513
1516
1518
1529
1523
1516
1495
1527
1522
1522
1491
1280
1518
1509
1527
839
1525
1519
1526
1518
1522
1490
907
1512
1523
1497
1526
1536
1534
1526
1528
1532
1528
938
1536
1523
1513
946
1522
1536
1532
1527
1409
1500
1526
873
1529
1512
1518
1490
1364
1525
1512
1513
1524
1535
1400
1512
1491
1529
1319
1527
1525
1521
1520
1512
1522
1521
1522
1513
1528
1531
1526
1517
1512
1523
1525
1527
1523
1526
752
1519
1513
1524
638
1528
1502
1531
735
1515
1520
1517
1526
1529
1518
1520
1529
1525
1507
1141
1512
1517
1523
1494
1535
1480
1526
1518
1514
1534
1530
1522
1530
1525
1167
1514
1525
1527
1535
1527
1516
1520
1529
1509
1513
1510
1523
831
1537
1529
1521
1524
1532
1527
1536
1527
1528
1530
1530
1526
1532
1524
1528
763
1526
1536
1522
1531
1528
1527
1514
1515
1523
1527
1522
1523
1518
1518
1526
1509
1526
879
1534
1512
810
1524
991
1525
1527
1294
1523
1290
1523
1536
1515
1515
1531
1518
1525
1527
1531
1524
1530
1529
1529
1525
1523
1519
815
1525
1531
1530
1516
1518
1515
1520
1448
1514
1526
1502
1521
1525
1507
1524
1516
1526
1517
1509
1517
1518
1522
1521
1357
1519
746
1531
805
1526
1066
1502
739
1526
1522
1514
1523
1515
1525
1524
1527
1525
1509
1515
1523
1525
1517
1513
1528
1501
1494
1522
1523
1525
1526
1526
1522
1533
1524
1536
984
1522
1494
1521
1513
1505
743
1529
1332
1526
1500
1094
1516
1510
1524
1522
1517
1524
1518
1523
1513
847
1522
1517
1533
1025
1526
1527
1537
1525
1526
347
1533
1528
1301
1532
1520
1523
1525
1523
1518
1524
1528
1535
1528
1531
1511
1520
1525
1538
1429
1530
1523
1496
1512
1526
1527
1526
1489
1517
1353
1526
1525
1521
1522
1522
1499
1444
1524
1520
1517
1510
1520
1516
1525
1526
1521
1523
735
1525
1518
1530
1530
1533
1527
1507
1521
1524
1514
1521
1529
1525
1514
1500
1522
1521
1512
1504
1510
1525
1517
1523
1511
1525
781
837
1526
1496
1533
1526
1524
