2389
2939
2951
2993
2786
2795
2962
2970
2969
2937
2968
3001
2988
955
1900
3024
2989
2950
697
2999
2931
2987
2978
2694
2954
2270
318
2961
3013
2997
2973
2993
2979
2951
2691
3051
2983
3006
1338
3005
2899
2956
2953
2976
2980
2978
3004
2957
2990
3004
3004
2980
2970
2977
2951
2968
2971
2982
2985
2983
2957
3005
2999
3009
2976
2927
2939
3003
3011
2993
2957
2962
2952
2996
2627
2065
2970
2986
2967
3016
2962
3044
2920
703
2947
2807
2989
1557
2991
2985
3026
992
2990
2991
465
2989
2864
2983
2997
2994
2967
2966
3055
2983
1574
3011
2952
3016
2998
2979
2973
706
2977
1181
3039
2884
2989
2950
2975
2024
3040
2948
3007
2967
2951
2948
2946
473
2973
2968
2961
2950
3004
3058
2993
3021
2959
2959
2962
2999
2977
1849
2943
3009
3019
3009
2966
2920
2958
3028
2621
2594
2955
2967
3022
2709
2974
3018
2930
2978
3012
2807
3010
2996
864
2964
2958
2952
2978
2989
2935
3043
2965
2994
2985
2831
2937
2961
3007
3000
2982
2969
3014
697
2986
2965
2967
2969
2946
2979
2973
2997
3007
2983
2953
2972
3002
2283
1914
2964
2516
2497
2984
2984
2800
2967
2982
2904
2978
3033
2996
3017
2978
2959
2920
2675
2974
2971
1277
2983
2941
2949
2986
3050
2965
2976
2710
2977
2718
3013
3001
3002
2887
2992
2967
2879
2954
2951
2949
3002
2950
3030
2957
2953
2984
2982
3013
2938
2984
2996
2975
3002
2986
2974
2976
2997
2969
2980
2979
3003
2886
2367
2961
2950
2979
2955
2989
2990
3007
2991
793
2987
312
2950
2988
2926
3026
2381
2927
2854
2966
2990
2951
2934
3003
2951
2973
2975
2980
2999
2994
2973
3040
2994
2985
2911
2643
2917
3007
3033
3007
2945
2978
2990
2983
3043
2945
2980
2913
2987
2958
2987
2966
2993
2975
2957
389
3002
2903
3002
2973
2984
2988
3014
2990
2612
2953
2221
2983
1058
2990
3028
2155
3002
2936
545
2966
2947
2522
2958
2975
2992
3007
2991
2982
2959
2910
940
3001
2845
3020
3006
2939
2989
2697
1266
3006
2963
2997
2999
269
3062
3000
2953
3003
2734
2982
2493
3022
2397
3012
2994
277
2176
2995
2995
1037
2970
2920
2982
2971
2965
2977
2949
2963
2700
2984
3011
2999
2990
3003
3016
3009
2964
2972
2975
2931
2935
2982
2946
2938
2779
2991
2997
2102
2983
3006
2987
2996
2971
317
3011
2971
2966
3013
2978
2972
2972
3025
2994
2995
2978
2971
2966
2953
3026
2983
2965
2963
2934
2962
2977
2974
3007
3029
2995
3000
2972
2958
2963
2917
263
3010
2930
2967
2998
2972
2909
2989
2820
1875
2956
2961
2957
2975
3011
2137
2908
2968
2946
3008
2978
2977
2998
3004
2983
2928
3070
2984
2978
2913
3012
3013
2927
2915
3022
2202
2533
552
2939
2979
2862
2980
2990
2967
2835
2794
2983
2975
2975
2996
2983
3001
2972
2981
2903
2950
3049
2991
2945
3006
2992
2948
2957
2946
2996
2963
3006
2702
2975
3025
2998
2984
2949
1704
2921
2973
2971
2998
2939
3007
2971
3083
2908
2980
2954
2910
403
2983
2995
2994
2995
2981
2990
2985
511
1421
2953
2954
2988
2288
2759
2972
2982
3009
2957
3002
2965
1094
3016
2985
2935
2490
2959
1136
3002
2983
2991
2868
2896
3040
2978
3009
814
2985
3016
3052
3015
2966
2992
3002
2679
2959
2959
1359
2969
2982
2936
2980
2945
2922
2989
3015
3020
2914
2998
2976
2982
2959
2955
3053
2978
3013
2985
2976
3012
2985
3003
1355
2974
1014
3010
2967
3005
2961
2974
2988
2971
2954
2920
2989
2989
3011
2977
2941
2969
2963
1350
2928
2971
2990
2977
2958
2946
2981
2933
2991
2995
2982
2931
2979
2990
2976
2965
2969
2960
3004
2998
3010
2947
2941
3043
3037
2938
2996
2964
2979
2972
2985
2990
2977
2991
2981
3008
3047
3033
2967
2800
3010
2912
2991
2868
2970
3052
2994
3003
2963
2941
2993
3007
2998
2491
2992
2998
369
3005
2919
2967
2985
2973
2970
2973
2998
2993
3006
3014
2948
2955
2921
2957
2972
2969
3005
2976
2626
2954
2970
2984
2960
3016
3012
1735
2992
3006
2944
3017
2999
2417
2982
2958
2990
2974
2978
2879
2954
2245
2896
2985
1353
265
2940
2781
2980
2977
2977
2985
2919
2967
2979
2986
2941
3012
2958
978
2984
2986
1817
3011
3014
3001
2939
2975
2989
2972
2952
2864
2957
2979
3007
2980
2943
2965
3001
2962
2905
3000
1723
2986
3012
2968
2872
3047
3002
2962
3049
2980
2995
3004
2986
2986
2964
2991
3018
2994
3013
3049
2864
2988
2775
3037
2965
3015
3001
2975
1547
2941
465
1981
2963
2989
2935
2627
1031
3004
3010
2966
2961
2961
3000
2981
2958
2996
2970
2984
2980
2944
2991
2923
2955
2987
2952
2969
3000
2999
2158
2997
3005
2986
2876
3013
1308
2978
3017
2956
2637
2875
2922
3007
2987
3006
2984
3025
2980
2986
2965
3014
2962
2943
2910
2907
2967
3002
3005
2966
2092
2999
2995
1437
2990
2975
2921
3011
2988
1013
2988
3022
2973
455
2942
3028
2954
3014
2970
3002
2967
2966
2961
2973
3006
2957
2986
2544
3008
2959
2966
2997
2949
2991
2974
2984
1805
3004
2977
2976
3022
2967
2925
928
3004
2791
2933
2995
2983
2976
3005
2919
2983
2949
2818
2963
2974
2995
2971
3022
2961
308
2989
2937
3015
2950
2668
2971
675
2946
2953
660
2990
2993
2998
2957
2382
2998
2937
2975
2976
2988
2985
3005
2961
2981
2985
2953
2676
2980
2947
2962
2959
2955
2992
2977
2976
2987
3000
2988
2982
2950
2998
2988
2975
2967
3031
2176
2979
2961
2155
3030
3012
2999
2982
736
2665
2979
3003
2975
2280
3008
2959
3002
2949
2977
2939
3018
2955
2980
2950
2995
1793
2965
3022
2966
3008
2943
3008
2994
2990
2975
2919
2980
2992
3031
2947
2977
2998
2971
2953
3001
2991
3015
2934
2974
2991
864
2984
3002
2978
2945
3217
3000
2970
3019
2987
3066
3006
2975
2591
2953
2948
2973
1656
2963
710
2995
3002
2996
336
2986
3016
2993
2967
2994
2985
3022
3005
2984
3004
2976
3013
1930
3008
2960
2964
2977
2937
2972
2970
828
2944
2685
3009
2993
2974
319
2977
2991
2955
3049
2957
2945
2940
2991
3008
2952
2974
816
2988
2937
2733
3000
2984
2990
2965
2977
2984
3018
2983
3099
2750
2998
1360
3010
2966
2980
3012
2967
2953
2985
2964
2952
2975
2224
530
2949
2985
2954
2936
1701
2969
2950
2992
2957
2893
3012
2988
3001
2966
2960
2950
2942
2984
3022
2917
2984
2980
2980
2985
2981
3010
2995
2976
2954
2848
2964
2970
2933
2971
1285
2925
2980
2978
3013
2911
2963
1300
2962
301
2941
3019
2965
270
2925
2982
2949
2967
3001
2974
2979
3005
3015
2990
3004
2930
2979
2972
3006
2961
2991
2949
2933
2642
2953
2997
2950
2975
2246
2970
2995
2940
2927
2896
2998
2941
2979
2996
2978
2975
1465
2973
2929
2978
2961
2959
2978
2990
3016
2902
2964
2974
2978
3011
3023
2974
2982
2991
3017
2514
2207
3015
2936
2974
2987
2997
2886
2947
2977
2994
1371
2985
2962
2970
3000
2981
3011
3001
2902
2640
2999
2958
3004
1568
3003
2972
2992
3021
1566
2998
2928
3001
2988
2979
3015
2986
2995
2937
3010
3017
1229
568
2959
2961
2900
604
2996
3004
2980
2948
2853
2981
2978
3052
3046
2989
2930
2984
2987
2960
2950
2978
2956
2966
2984
2966
2972
2450
2986
2963
2978
2973
2977
2976
2999
2998
2943
1761
3005
2985
3010
2971
3005
3000
3017
2718
3007
265
283
2991
2998
2973
3021
2984
2948
2947
2972
2892
2978
2549
2965
2990
2859
3001
2952
2987
2997
2983
2992
2989
1995
2969
2961
2932
2944
2993
2974
2878
2996
2979
2954
2996
3012
2958
2984
3020
3006
2924
2974
2945
2990
2959
3044
2378
2536
2956
2613
2987
3008
2998
3021
2976
2975
2967
2953
2970
2991
2952
2982
3004
2988
3000
2976
3025
2963
2966
2977
1048
2989
2990
2979
684
2975
2994
2988
2983
3007
3003
2978
2853
2983
2883
2996
2951
3001
2993
2948
3021
2958
2935
2942
2981
2989
2987
2524
2997
2986
2937
2986
2963
3023
2972
2948
2959
2963
3001
2956
3009
2995
3009
2971
3007
2946
2976
2988
2991
3047
2959
2944
1028
582
2991
2903
2982
2046
1800
3009
2999
2965
2998
3006
1999
2945
2991
2967
2971
2999
2977
2999
2961
2970
3017
2975
2987
2978
2943
2988
2979
3018
2948
2954
3024
2978
2973
2971
2940
2993
3000
2998
2978
2874
2995
3004
2994
3019
1137
2870
2957
2995
2993
3006
2850
2964
2963
2986
2966
2816
3011
1446
2977
3000
2942
2947
2894
514
2940
2999
2813
2985
2989
968
2940
3026
2963
2969
2648
1042
3016
2833
3001
2995
2980
2982
3065
3015
2958
1635
2986
1387
3018
1805
2980
2974
2993
2950
2940
2971
1430
3018
1930
3016
2999
2999
762
3007
2997
1953
3002
2953
2982
1494
2990
2979
425
2980
2997
3020
2985
2968
2985
2991
2978
3003
2978
2951
2045
2121
2697
2977
3028
3011
2988
2986
2966
2961
2945
2957
2700
2974
2992
2994
3022
2933
3002
3009
2418
2914
3017
2998
3012
2956
2999
2921
2950
2993
1640
2980
3009
2992
2972
2965
2957
3040
2997
3005
2944
2974
2998
3001
1627
2980
2991
2948
2901
2939
2988
2963
2939
2939
2893
3003
2953
2422
3004
2968
2996
3007
2978
330
2987
380
2839
2968
3007
2983
2896
2260
3047
3001
1950
2968
2910
2955
2914
2814
2988
2952
3015
1872
797
2968
2026
2962
3003
2908
2952
3011
2978
2956
3058
2938
2967
2921
2975
2956
3002
2973
2991
2963
2992
2661
2977
2929
3005
2999
2991
2985
3000
2967
2949
2984
2989
2993
3014
2996
2989
2981
2982
2035
3034
2924
2996
2994
347
2988
2244
2984
2969
2966
2966
924
3014
3020
2980
2918
2963
2991
2978
3007
3006
2898
2993
2974
2990
3018
2976
2983
2963
2975
1118
3021
2998
1009
2939
2695
2980
2939
2291
3067
2968
2960
1662
2984
2955
2973
3019
2968
2990
2969
3056
2974
2967
3012
2953
2936
2976
2973
3006
2945
2994
1914
3001
2993
2919
2968
2955
2983
2985
1018
486
2972
2989
2984
3025
2939
2991
2972
3005
2984
2908
2980
2991
3007
2990
2533
2977
2948
2976
2972
3002
3001
2979
2713
3004
3007
781
2301
2614
2971
2953
2952
2962
2979
2989
2994
2952
2983
2995
2962
835
2971
2996
2969
2980
3009
3008
2974
2820
2623
2973
3014
2870
2977
2950
2964
2241
2098
2910
2960
2951
2976
3004
2389
2973
2984
3012
2944
3008
3020
2974
2965
2529
2971
1742
2931
2987
2986
2953
3014
2976
3006
2978
2990
2959
3009
2976
2948
2259
2990
3003
3039
2994
3039
2957
2945
2947
3006
2127
2964
3022
2987
2978
1595
2988
3057
2970
2975
2968
2977
3037
2981
2990
2962
2997
3024
2977
2981
2974
3027
2914
2994
2493
2971
2989
2807
2466
2976
3002
337
2135
2991
2995
3020
2895
1537
2997
435
3003
2985
2988
2977
3030
2440
3045
2938
2999
2971
2988
2988
2922
920
2963
3002
2936
3009
344
2988
2374
2957
579
2983
2986
3007
3002
2971
2997
2957
3001
3068
3000
1122
2964
3000
2954
2964
2926
2983
2968
2967
2967
2981
2952
2977
2934
2967
2954
2994
2808
2987
2999
2990
2967
2991
2965
3009
2965
3051
2951
2923
2981
2984
2940
2957
2982
2975
2972
1908
2989
3002
2952
2999
2956
3002
2065
2981
2983
2993
2937
3005
2993
2955
2945
2984
1420
2967
3012
3015
2989
3002
2957
3089
2997
3004
2363
2978
3009
2998
3003
2975
2982
3053
2969
3018
2994
2982
2992
3000
2951
3004
2979
2980
2965
2962
2975
3011
2984
3004
2998
2976
1373
2965
2984
2987
2981
2977
2973
2987
2968
3002
3001
2967
2996
3015
2995
2969
2959
3040
1236
2976
2978
2986
2995
2987
2962
2931
3000
3001
2985
2971
2992
3020
2983
2998
1664
2949
2931
2982
2994
2974
3009
2967
1218
2977
1877
2985
2954
2966
2991
3014
2996
2958
2968
2987
2970
2983
2982
1789
3019
2990
1802
2991
2993
2957
2986
2220
2939
280
2967
3012
2876
2985
2946
3012
2986
2990
705
2994
2993
2989
3017
2978
3080
2978
2986
2894
2958
1986
2982
2797
2984
3016
2996
2938
2695
3010
3023
2973
2978
3000
3003
2987
2924
2783
3077
3027
2215
2963
2975
2992
2972
332
2998
2958
2947
2999
2942
3016
2978
2940
2954
3030
1906
3021
3006
2958
3002
2975
2974
1483
2988
2961
1023
348
395
3017
2970
2970
2966
319
2968
2987
3015
2970
2996
2993
2970
2983
2938
2978
2970
2955
2208
2832
2996
2997
1098
2446
2993
2968
2590
3022
2889
2555
2947
2983
2943
3000
3000
2952
2955
2943
3002
2989
2995
2996
2839
3044
2917
2972
2625
2973
2953
2999
2993
2957
2996
576
997
2992
2997
2969
3038
2940
2475
2965
3005
3008
3005
2990
3002
2933
2958
2983
3009
2937
2960
3033
2954
2984
2970
3008
2954
2885
3017
2959
2065
2961
2977
2997
848
2978
2938
1553
2978
2977
2984
2301
2987
3002
2974
2997
3013
2990
3044
2985
2999
2986
2993
2985
2977
1830
2970
3001
2980
3000
3017
2992
3005
2955
442
2980
2992
2960
2997
2917
2965
1677
2991
2965
2967
283
2872
276
2974
632
2979
2933
1417
2949
2391
3062
2983
3012
821
2977
2982
3048
2960
2998
2932
2967
3003
2971
2990
2962
2972
2954
3020
2983
2997
2996
2954
3034
2945
3011
2476
3019
2977
2979
3010
2941
2959
3015
2984
2964
2424
2953
2989
3021
3073
3001
2965
3011
2954
2612
3013
2985
731
819
3010
3019
700
2940
3007
2255
2987
2985
424
2956
2963
1020
2999
3082
2903
2989
2982
2967
3009
3012
2917
3003
2095
1238
2942
2988
2971
2976
2950
2906
533
2986
2954
3047
2895
2169
2958
2965
2942
2987
2986
2905
2998
2970
2943
1335
2984
2997
3011
2879
2975
2992
2954
2977
2976
1369
2979
2980
2959
2831
2989
2936
2973
2908
3015
2982
2991
2961
2983
2946
2999
2977
2999
3009
2996
2975
2988
2960
2961
2988
870
2974
2926
2936
3013
3008
2953
2981
3019
2998
2975
2969
2815
2949
2944
2915
2946
2943
2846
2996
1560
2966
3015
2993
2920
2995
2968
2956
2942
2981
3003
2983
3006
3007
316
3005
3001
2978
3000
3016
2994
3016
446
2976
2053
2961
3070
2997
691
3058
3008
3026
3034
2960
2984
2695
536
2962
3013
2951
2973
1262
3023
2984
2969
2984
2971
2970
2963
2953
2991
3005
3005
1710
2964
982
2968
2977
2998
2943
2982
3000
2956
2998
2970
2956
2949
2995
2968
2940
808
2947
2976
2984
3001
3003
309
2950
2980
2997
2987
2971
3014
2984
2958
2968
2977
2998
2967
2993
2933
2915
1171
1363
2961
2956
2999
2959
2988
2975
2953
3007
3018
2963
3008
3009
2938
3010
3000
2968
1627
2984
2943
3069
2938
2978
2994
2914
2955
2980
3070
2998
3002
2981
2948
1714
1103
2964
2976
3002
3010
3000
2951
2995
3020
2950
2985
2998
3032
2972
2989
2966
2966
2986
2953
2943
2989
679
2990
2979
2987
2996
3011
2915
2899
2934
3026
334
2970
2966
2941
3019
3005
1890
2973
2968
2962
2966
2999
2970
3002
275
2991
2719
2939
2977
2920
2993
3065
1021
2954
2910
3010
3059
3008
2390
2988
2945
2969
2967
2995
2976
3001
2989
2973
3008
2950
2916
2972
2984
3008
2997
2994
2971
2942
2974
2946
3039
2962
3008
967
2977
2959
2980
3014
3008
3000
2947
2996
2954
2985
2955
3001
891
2884
2983
2950
3015
2999
1889
3014
2988
1846
2982
2990
2981
2998
2964
2993
2963
2969
2962
3018
2984
3016
3015
2980
2949
2997
2996
2945
3000
2977
2983
2999
2999
808
1066
2999
2974
568
3015
2488
1480
2981
2985
2969
2978
2935
2993
3013
1063
1061
2932
2968
2948
3013
2971
2980
2974
2983
3007
2933
2958
2983
2970
2696
2992
2934
2959
2499
2641
551
3074
3017
375
3011
2977
3009
2998
2998
2967
2989
2982
2959
2956
2959
2955
3013
2976
3033
2987
2965
2960
2912
2961
2983
2990
2909
2968
2976
2987
3002
2974
2992
3012
2983
3003
2975
2998
2983
3002
2999
2839
2948
2534
2979
3005
3027
2956
2948
2993
2969
2961
2994
3028
2971
643
2952
3011
426
2615
2953
3006
2966
2967
2939
2993
3014
3033
2923
2981
2968
2242
2999
3016
3058
2962
2963
2979
3003
2983
3003
3004
3010
318
2981
2997
2986
3009
2951
2999
2979
2981
2996
2966
2990
2471
2990
2941
2940
2946
2914
2989
872
2973
2986
2944
2996
3008
2946
3000
2964
2991
2980
3013
2998
2952
2869
2977
3006
2897
2992
2397
2968
2961
2961
2993
2976
2976
2957
3024
1565
2965
3030
2956
3015
2990
252
2587
1430
2966
2998
2983
3031
2984
2947
2039
2593
2977
2959
2973
2958
2989
2958
3090
2997
809
3067
2936
3000
3002
2955
3009
2995
2964
2972
3032
3010
2974
2796
2993
2975
2975
2998
2416
2981
2991
2991
2976
2975
3013
3065
2991
2972
2996
3029
2964
3017
498
3056
2989
538
3016
2990
2985
3017
2945
2984
2992
2998
2933
2970
2991
281
2979
3015
3001
2981
2948
2982
2947
2967
2965
2998
2982
3015
2849
2969
3018
2969
2990
3016
2998
2971
2950
3007
2991
2174
2826
2994
2982
3005
3018
2969
2965
2928
2907
2993
3020
2981
2994
2963
2923
3005
2982
3027
2981
2980
2978
2970
2997
2990
2481
3016
2981
3008
2990
3015
2956
2980
2965
2970
3004
1587
2978
2978
2972
2978
2963
2980
2988
2966
3021
3015
2932
2995
2928
3004
2956
2979
2983
2973
2963
2957
2991
3011
2964
3016
3073
2944
2980
3005
3027
2527
2981
2988
3017
2964
2983
2976
2993
2995
3003
2969
3042
2962
2962
2998
2979
3012
2984
3018
2990
3067
2967
2985
2978
2974
3007
2969
2965
3009
3010
3003
2944
2998
2945
2969
2954
2978
2979
2966
2962
3002
2992
2978
2973
2993
3032
2984
2982
2976
3006
2992
2968
1015
3002
2975
3004
2907
2970
3002
2973
2909
2962
2964
2786
2990
2946
1951
3002
2864
2990
3006
1001
3003
3010
2959
2993
2943
2974
2507
2997
2761
2966
2965
2992
2947
2969
2992
2997
1614
2276
3012
2990
2954
2946
2983
2977
2969
2962
3012
2994
2958
3000
3023
2980
2928
2975
3011
2960
3001
1286
2984
542
2985
2958
3020
2982
2986
3051
2997
2981
2972
2965
2990
2998
1561
2978
2969
2860
2990
2989
1218
2964
2981
2986
2985
2949
2989
2982
3026
1923
2961
3009
2974
3062
2946
3009
2996
2702
3019
2995
2962
2977
361
2948
3008
3003
2969
1280
2972
2978
2935
3004
2991
2639
2988
2976
2980
2992
2997
2843
2974
3012
2956
1811
2993
2986
2950
2753
1131
2972
3004
2937
2996
2971
2988
2940
2982
2946
2834
3001
2965
3000
2958
2965
1361
2997
3018
3026
3012
2993
2947
2974
2974
2987
2520
2989
2958
3058
2976
465
2995
3019
1242
2985
2988
2977
3015
2965
2993
3002
2899
2995
2682
2948
2953
3002
2932
2973
2987
2959
2997
2992
2988
2945
3013
2954
2976
3021
2996
866
2986
982
2983
3001
2965
2970
2981
2988
3016
2981
2609
307
2987
2947
2415
2972
2950
2985
2822
3015
2967
2958
2966
2942
1125
3006
2995
3005
2958
2976
3008
3010
1128
2861
2972
3053
2971
2988
2976
3004
2968
2982
2939
3011
2978
2979
2996
3016
2370
2977
2958
2984
2929
2993
2996
3048
2945
2970
2979
2969
2470
2969
2879
2994
2958
3012
3004
2998
3010
2979
3015
3035
538
2869
2965
2961
2939
2971
2969
2985
2979
3066
2946
2973
2887
2916
2995
2596
3012
2950
2624
2953
2988
2989
2920
2725
2980
3016
2990
2991
1252
2999
2213
3003
2968
2979
2988
2946
2958
2988
2980
2970
3002
2985
2986
258
2333
3019
2983
2966
2972
2971
2526
2978
3007
2987
2970
2989
2956
302
2981
1442
2951
1671
2999
2985
2989
2986
2967
3024
2985
2999
3005
3000
2520
3017
2952
2998
2983
2983
2966
2973
2075
1441
2988
2945
2998
1494
2966
2971
3021
3010
2993
338
2995
2970
2680
3068
3008
3028
2980
3006
2970
2991
2964
2957
2936
2953
2990
2979
2915
3043
2936
2978
2966
2981
2998
2930
2998
2984
2990
2938
3013
404
1591
261
2946
355
3006
2966
2893
2997
2956
2937
2379
2976
2955
3004
2967
2980
2989
404
2985
534
3010
2996
2965
2962
2984
2969
2977
2996
3008
667
2975
2042
2970
2903
799
602
2979
2991
2998
2958
2973
2973
2989
2966
2969
2580
2978
3000
2945
3010
3007
2977
1049
2962
2997
2997
2943
2968
2980
2825
1321
2989
2947
2983
2973
2848
2979
2997
2963
2963
2942
2995
3006
2981
2898
2972
2980
1574
2986
2991
2979
2963
2949
2981
2986
2999
2999
3004
1838
1236
2996
2998
2958
813
2993
2962
2996
2976
2958
3006
3011
2951
2940
2902
2402
2345
2964
3001
2979
1148
2984
2991
2521
2979
2980
1423
2654
2982
2937
2955
3006
2443
2984
2953
3008
2966
2975
2977
2977
1687
2997
2912
3010
2978
1733
1313
2959
2963
2954
2060
2974
2955
2992
3002
2987
1648
2989
2975
2987
2973
2955
2949
2779
2985
846
1367
2977
2963
2967
2973
2973
564
2928
3013
2996
1160
3019
2953
3014
2983
3011
2255
2990
470
2988
3000
2991
264
2965
3020
2981
3016
2965
3004
2942
2966
2970
3016
2990
2984
2980
2918
2973
2329
2993
2946
2944
2935
3010
2938
2921
2964
2990
2155
2989
2984
2997
2966
2977
2991
2971
2993
2959
2994
1349
3037
2962
3032
3006
349
3016
2531
2964
2986
2968
2991
2962
2963
3033
2965
2965
2994
2982
2995
2973
2960
2974
2839
2687
2942
3020
1063
3007
2998
2975
2964
2969
3005
3003
2980
3004
345
308
2965
2945
2969
2947
2975
3005
2972
2978
2969
3003
2957
2975
3012
3014
3005
2998
2994
2964
2987
2886
2978
2972
2999
2946
2996
2973
2965
2935
3006
2916
2957
2975
2960
3001
2969
2967
2982
2950
2986
2989
2983
2989
2909
2983
1669
2803
3018
2978
2918
2963
2955
2936
2977
2982
2999
2999
2943
2950
2984
3005
2223
3032
3022
2966
2980
2989
2984
277
2666
2957
2977
2943
2989
2961
2519
2971
2964
2950
2913
2965
2924
2947
2992
3000
2977
2967
3021
2981
2950
3002
3012
2946
2517
2965
2944
2578
2966
2962
2957
2865
2938
2964
303
2977
2962
2934
3000
2996
2970
2971
2917
2968
2955
3024
2990
2977
3024
2996
2944
2965
2976
3020
2983
3014
2987
3028
3028
3005
3004
2946
2965
2979
2999
2040
2996
2966
796
2946
2936
3032
2968
2987
3002
2997
1293
2995
3026
2945
2939
2962
2922
2965
2965
2945
2985
2957
2996
246
2902
3004
2935
2992
2997
1857
3014
2964
3002
2963
2998
2939
2802
3009
2973
3006
2986
2995
2936
1292
2988
1713
1599
2952
2801
2943
2970
2966
2947
2996
3000
2986
2995
2842
770
1038
2986
2932
2950
3004
2998
2446
2983
2969
3006
2994
2349
3012
2933
2981
2977
2908
2998
2986
2955
3003
2979
2968
2991
3004
3013
2992
2981
2992
2980
2936
2984
2966
2996
2964
3006
3024
2993
2958
3002
3052
290
2987
2987
2969
1502
2949
2922
2965
2999
3009
2954
2641
3032
2971
272
1773
766
2996
2856
3004
2979
3000
2964
2954
2994
931
2944
2956
1892
2979
3017
2967
3035
3007
3006
2989
339
2973
2993
1101
1908
2987
2744
2984
2312
3023
2938
2998
2981
3019
2949
1251
3049
2986
2966
3005
2971
2967
3008
1434
2691
2984
2888
2968
2980
2970
2978
2987
3016
2977
2965
1832
2974
2975
2531
2912
2771
3015
2993
2977
3001
2945
3006
578
3013
2490
3022
2974
2976
2440
3004
3018
2957
2995
2995
2967
2930
2965
2975
3005
2962
3029
2305
780
670
1716
2979
3012
2992
2991
752
2981
2970
2996
1494
2967
2973
2990
2994
2994
2977
2985
2992
2698
2959
2552
2974
3034
1133
2998
2978
2977
2979
2964
3009
2980
1414
3005
2100
2985
2974
2831
2864
2980
2992
2968
3006
2983
2993
3027
2969
2998
2944
1625
2991
2977
2961
427
2971
2978
2978
2968
521
2997
2946
1059
3024
2959
2935
2034
2933
2966
2994
3044
2701
2920
3004
266
2989
256
2123
2991
2975
2990
3028
2979
3003
2994
2968
3007
2997
2624
2817
2999
3004
2942
2986
2986
2985
2972
2999
3000
2999
2989
2996
2956
2976
3026
3004
2987
2919
2939
461
2988
3001
1689
3002
747
2968
2843
2989
2960
2978
2950
3000
2978
2971
2969
2956
2993
3012
2960
2983
2134
620
2899
2941
2261
2883
2977
2621
2989
2972
3018
2965
2967
2959
2973
2993
3013
2963
546
2866
2978
2990
2986
2976
1626
3016
2995
2958
2898
2855
2943
3001
2974
3002
2906
2993
2989
374
2941
2937
2916
2953
462
3018
2983
2958
3002
2989
2938
2935
2978
2766
3009
2899
2958
2977
3019
2976
2985
3003
2975
2989
2946
2963
2997
2980
3068
2980
2981
2995
3004
2984
3001
2962
2992
2892
2701
2912
2984
2987
1116
2979
2956
3019
794
342
2994
2975
2972
2993
2974
2979
2941
2965
2969
2890
2627
2315
2956
2989
2975
2983
2952
2967
2984
2870
3018
3016
2984
2021
2982
2971
2965
2986
2983
1165
428
2989
2893
2825
3005
2969
2885
2987
495
2977
2997
992
2974
2775
2599
2653
2981
1017
2612
2971
2988
2898
2972
2974
2991
2983
2967
2996
2932
2925
2968
2974
2992
2916
3007
2984
2975
3005
2927
2968
2985
3002
2952
2990
2984
2989
3003
2967
3021
2959
2950
2944
2969
2949
3016
2987
2966
2985
3001
2947
2923
3004
2923
3000
3002
2991
244
2956
1861
2986
2979
2964
2971
2968
2976
2960
2977
2968
724
2964
2974
1592
2687
2994
2991
2996
2965
2640
3007
2973
2961
2992
2937
3006
3009
3004
2980
2986
2995
3003
2963
2960
2970
326
2986
3021
2993
2981
2972
2937
2946
2983
2976
2950
2985
3033
2978
2980
2982
3010
3006
2987
2983
2490
3014
2995
2970
2983
3005
3005
2986
3004
3001
2841
3024
3021
2949
2993
2950
2952
2766
2886
2993
2996
2999
3015
2870
2952
2996
3006
2966
2972
2939
2916
2964
2972
2967
2999
3015
3018
2994
3011
3016
2936
2957
2917
2966
2637
3016
2990
3013
2974
2993
2965
2990
2986
3017
3001
961
2974
2965
2914
2983
2947
3001
2991
2993
2923
2982
2971
2966
2975
2608
2968
2991
2982
2988
3002
3002
2954
2392
2975
2974
3006
2993
2961
2988
3020
2989
2983
1032
2974
2979
2969
3031
2984
3010
3081
3016
2953
2963
2769
3006
2980
2970
1151
2908
2551
2717
3005
3000
1902
2851
2972
3030
2941
3036
2957
2993
3003
2889
2985
2999
2963
2997
3002
2938
2970
2964
3006
2981
2981
2987
2954
2994
2972
2964
2969
2966
1844
2990
2960
2963
2981
3003
2928
2978
2966
3012
2992
488
2954
2991
560
2950
2994
2947
2990
2872
2975
2984
2962
3004
3003
2958
2953
2979
3000
440
2978
2991
2870
2980
3019
2980
2990
2961
3004
2955
2802
2978
2975
2893
3001
2989
2900
2991
3000
2994
1847
3019
2913
1512
2977
3003
2386
338
2996
2988
3009
2982
2978
3048
3017
2997
2964
2935
2975
3009
2991
2536
2982
2947
1728
3003
2916
3010
2941
2978
2982
2998
2801
2979
2969
2983
2981
2504
2969
2820
2968
2966
2972
2992
2937
2938
2978
2961
2994
2957
2986
3013
3005
3008
2963
2994
3035
3040
794
811
2999
2940
2980
2098
2991
2865
2996
2946
2981
383
3013
1661
3005
2420
2974
2951
3015
2938
3007
3007
3010
2980
3022
3013
2959
2984
2950
2980
2990
2270
2727
2950
2997
2998
1602
2998
2970
2975
278
2946
2981
2953
2299
2947
2967
3012
1307
2962
2953
2993
2967
3012
2998
2998
2415
2991
2992
2973
2936
2995
2953
2985
3013
2963
2986
2971
2981
3014
2992
2942
2977
2977
2950
3002
2945
2981
2938
2952
2999
2965
2971
1189
2938
2967
3016
2984
2981
2986
2949
2928
2991
2978
1302
2979
2983
2916
2986
2986
2972
2952
2972
1923
2967
2974
2896
2978
2999
2984
2985
2966
3018
2982
3004
2992
2970
2989
2988
2948
3007
2890
2959
2982
2875
3017
3004
2938
3008
3008
2993
3017
2985
2932
3022
2974
2963
3014
3015
2939
468
1003
2940
2951
2979
2991
2971
2985
2968
3016
3001
2942
2866
2969
3022
2846
2967
2948
2972
2962
3084
2994
3006
2964
2993
1785
2989
2990
2982
3004
2967
3089
2956
2987
2962
3010
606
2951
2923
2936
2355
2100
2967
2325
1204
2978
2961
3019
2959
2875
3027
2977
2964
2976
2952
3060
1799
3008
1470
3003
2952
2986
2986
2997
2970
2993
2982
2937
1969
2988
2990
2956
288
2955
1088
2681
2963
837
2980
3033
2980
2965
3005
2956
2962
2998
2969
2996
2998
2971
3006
2994
3014
1146
2985
2960
2087
2979
2983
2983
2949
3000
2965
2981
3012
3058
2975
2912
2971
3015
2938
2949
2841
2968
2949
1776
2985
2988
2524
387
2988
2959
2930
2959
2767
2980
3033
643
2593
2982
2962
2968
2957
2988
2929
2375
2942
2989
2967
2986
2988
2947
2974
2983
2842
3010
2987
3019
2945
2979
2965
2975
3017
2956
2979
2963
2986
2974
2994
798
2986
1313
3009
2996
3017
3052
2984
3019
3006
2959
2985
2969
2979
3037
2974
2978
2961
2988
2183
3017
3004
2984
2940
2819
3002
2998
2965
2992
2999
2962
3005
2975
2957
3010
2989
2977
2913
2984
3002
2972
2978
821
2962
3012
723
756
2962
3024
3002
3016
2934
2945
2951
2990
1451
3033
2978
2970
3002
2955
1217
2971
2946
3006
2960
2965
2997
2982
2974
2953
1722
2975
2991
2940
2977
2603
2927
3024
1355
748
2953
2976
3036
2974
2973
3005
2818
598
1749
2965
2953
2959
2936
2986
2942
2919
3006
2417
2964
3002
2956
3021
2927
2974
2966
2942
2633
2979
2958
2960
2973
2620
2988
2990
2975
2990
2971
2968
2924
2989
2930
3009
2963
2957
2980
2953
987
3008
2970
3006
3011
2986
2861
2995
2395
2960
2964
2985
2954
2940
3024
3013
2966
2975
2983
2982
2973
2999
2846
2984
2981
2996
3006
3012
2974
2914
2890
294
2974
2981
1560
2969
2952
2992
2980
1875
1023
1392
1065
3055
2963
2995
2988
3007
2966
3005
828
2954
1947
3017
2986
3013
2971
3027
3001
2997
3103
2984
2990
2998
2957
3001
2978
1576
508
2976
2931
2307
2994
2999
2957
2999
2978
2991
1829
2998
2943
2988
2957
2967
2893
2977
2967
2941
2983
2989
2967
2989
2993
2989
2247
2476
2977
2997
2979
742
2972
2163
3005
2983
2923
3009
2959
2955
2992
2958
2945
2985
2972
614
2976
2955
2968
2978
2821
2978
2986
2982
2946
2977
2994
2964
2983
457
2962
2971
2971
2967
565
3002
758
2977
2942
2951
2952
2946
3012
3003
2992
2966
2991
2955
2979
2966
2980
2991
2990
3003
2981
1802
2985
2897
2960
2986
2972
2586
2968
3003
2995
2214
2984
3049
2961
2946
2981
2228
2650
2957
2995
3000
3009
3000
2990
2998
3075
3000
2980
2985
2955
2981
566
2967
2977
3020
2969
1617
2980
2964
1593
2920
2938
2988
436
2948
3033
3000
2977
2962
2821
2981
3003
2258
3005
2973
1021
2951
2950
2962
1739
882
2981
2987
2203
3014
3000
3005
2962
3023
2983
3009
3002
2972
2961
1264
2938
2956
2984
3001
2739
2965
3015
3000
3028
746
3049
2939
2993
2033
2997
2895
2879
2930
2911
3012
2842
3018
2993
2996
2989
3007
2950
3007
2233
2993
2988
2930
2984
2961
2947
2896
3042
3007
2965
2975
2307
3002
3009
2974
3004
3003
3011
2999
2967
2948
2939
2971
2972
2992
2832
2976
2133
2980
2931
3009
2968
2994
2978
2958
2984
2987
2981
2977
2947
3007
2976
2993
2983
2960
2998
3035
2545
1636
2930
2981
2967
2983
2228
2993
2981
2858
2999
2952
2987
2992
2958
2995
2946
2993
2988
2984
2954
2994
2984
3022
2920
2990
3014
2991
2994
3001
2976
3045
2970
3003
3066
2459
2978
2736
2998
2977
2930
2974
3053
2802
2981
2987
3022
2679
266
2986
2966
2346
3004
2993
2435
2940
3014
2979
2978
3004
3000
2973
2967
3000
2910
3010
2972
2991
2967
2974
2982
2986
2995
2949
3021
2929
2956
468
2977
2968
2970
2968
3012
348
2963
2969
3000
2967
3011
308
1187
2925
3025
2981
340
2952
2972
2988
2976
2962
2970
2991
2988
3005
2995
2960
2957
2967
2264
3006
2313
2984
2914
2943
2139
2969
2976
3006
2990
2361
2991
2939
2961
2508
2988
2996
2986
2996
3010
2985
3000
3001
2983
1143
2965
2998
2400
2966
2992
2927
2989
3010
2957
2989
1686
2974
2986
3010
2591
2973
2992
2927
2918
2798
2988
2964
3005
2997
2684
2622
2981
3017
2963
3011
3001
2960
2993
1075
2961
2998
2935
2780
3023
2826
3011
3045
1553
2994
3025
2976
2994
3009
2966
2957
2937
2978
2258
422
2964
3015
2682
3006
2994
2838
3010
2963
3000
2034
2981
3067
2971
2965
2970
2982
2969
2946
2955
3027
3015
2997
2980
2980
2164
2968
2981
2989
2978
2990
2974
1280
2981
1010
2954
2932
3001
2970
3018
3052
2954
2945
3002
2998
2978
2986
3008
2883
2960
2966
2992
2658
2984
2938
2993
3001
2965
864
2935
2970
3010
2982
2962
348
3003
2981
2938
1376
2945
3016
2992
2961
2994
3043
3023
2972
2945
3004
2998
2952
2974
448
2966
2965
2961
2987
2999
2991
2955
772
2988
1757
2994
2995
2961
396
2955
2981
2953
3009
2956
3009
880
2989
3002
2970
2977
1121
2988
3011
3001
3073
2962
516
2976
2976
3007
2986
2967
2488
2958
2992
2997
2994
2953
2935
2957
2958
2989
2955
1035
2999
2996
2243
3003
2976
3000
2972
2971
2098
2843
2939
3009
3001
2993
2569
1032
2980
2974
292
2933
3091
2983
2906
2956
2982
2993
2937
2998
2980
2963
3005
2993
2986
2974
3002
2965
2972
2977
704
2977
3011
2973
2963
3001
2965
2983
2999
2975
2958
2982
3009
2999
2987
2992
2989
3012
2991
2945
2936
2129
2610
2938
3024
2970
2994
2931
3048
3003
2995
2975
1855
2943
3027
3058
452
2467
2976
2933
2958
3041
2946
2992
2995
2990
2978
2979
424
2998
2951
2966
2962
3011
275
3013
2980
1967
3053
2950
2950
2970
3014
2962
3004
2966
2941
2977
3018
3018
2093
2995
3003
2972
3021
2029
2944
3007
2999
2953
2934
3002
3010
2948
2989
2974
2935
2974
2973
2956
2974
2955
2946
3001
2885
3010
3000
2964
3008
3073
2923
3021
2973
3007
2993
2967
3002
3000
3001
2998
3004
2993
3003
2966
3003
2988
2963
2988
2984
2926
1795
2957
2992
2941
2929
2978
2986
2519
2972
1859
2949
2996
2606
2999
2922
3012
3016
2932
2983
2988
3084
3000
2939
2942
2991
2991
349
2222
2990
1070
2917
2978
2345
3002
1989
3008
1570
2974
3014
2965
1102
2933
3000
2968
2990
2993
2966
2996
2477
2941
1194
2983
2785
2920
2994
1844
2980
848
2969
2963
3015
2904
2979
3007
2962
3006
3000
2991
2972
2995
2990
2960
2971
3001
2989
3026
2907
2665
2971
2987
2939
2960
2968
2992
3002
2969
3021
3007
2987
2973
3023
2991
2973
2986
3011
2978
2972
2965
2933
2971
3013
3054
2927
2959
2981
3014
2981
2946
2980
2943
2982
3018
1395
2514
2984
2966
3000
3001
3015
538
2964
2952
1664
2981
2968
2989
2994
2980
2954
2940
2841
2959
2998
3032
3004
2944
3003
1313
2982
2907
1143
3028
2954
2582
3005
2966
2128
2978
3005
2696
2735
1249
2994
3018
3005
3007
2939
2975
2952
2998
2975
3020
2965
2960
2970
2945
2147
3023
3013
2976
2624
2993
2998
3004
2991
2929
2999
2962
2977
2827
2995
2968
2985
2981
646
2847
2951
2954
2995
3058
2934
1259
2595
2963
2999
2988
2985
2950
3059
3007
3043
2969
3007
2967
2965
2970
2928
2941
2999
3016
2964
2972
878
3045
1181
2967
2793
3055
2986
2954
2951
2979
3006
2967
2971
2968
2981
3007
2968
2946
2986
2969
2970
2952
3020
982
273
3006
3021
2992
2973
2950
2985
2953
2914
2988
3068
2586
2983
2958
2672
3016
3005
3004
3018
2963
2151
3020
2744
634
2843
2978
2976
2942
2985
3008
3005
2957
2986
2958
2957
2985
2963
2962
2995
959
2958
2992
3012
2999
2972
308
2970
3036
3019
2974
272
2957
2960
2997
3011
2992
3005
2983
3010
2955
2958
2964
2980
2958
2967
2979
3026
3024
763
2970
3044
2983
2983
2981
2991
2995
2964
3085
2973
3040
3011
3011
2811
2969
2986
2317
2995
2970
2997
3027
2959
2929
3017
3004
2961
1608
3014
3010
2988
3013
2989
2978
2968
3012
2955
2877
2985
2969
2979
2990
3000
2969
2987
2962
2964
2973
2997
3006
2267
2945
2982
2993
2987
2941
3078
2976
1387
2973
2958
2974
2988
2989
1735
2993
3012
3011
3018
2937
2920
2978
3001
3008
2690
2465
2960
2992
2906
2990
2741
2957
2959
2993
2975
2988
3004
3028
1079
3007
2969
3008
2977
3048
2990
2976
3007
2947
2973
2964
2923
2994
2967
2967
2992
2979
2931
2993
2952
3010
2959
3018
3000
1566
2965
2979
2977
2941
3017
2946
2966
2955
3004
2982
2996
3033
3009
2971
3024
2982
3003
2958
2979
2960
2983
2945
2957
2978
2995
2964
3001
2954
2986
2989
3014
1292
2969
3009
2971
3005
2988
2939
2955
2955
2694
990
1947
2961
2772
2984
2992
2956
2976
2990
2980
2952
2964
2993
2991
2978
2952
2955
2972
3012
2955
2953
2977
2943
2853
3022
2993
2994
2972
3020
3007
3015
2987
2979
2982
2974
2949
2930
2982
2986
2979
3002
2979
3007
2942
1963
2983
3019
3006
2982
330
2963
2938
2998
3005
2988
2943
875
2948
2991
2997
850
2960
3018
2990
2950
2962
2608
2980
2995
2959
2967
2975
2950
3018
2973
2987
3002
2898
3004
3009
672
2987
552
2993
3022
2365
3005
3024
2950
3001
2998
3000
2992
2985
2983
2972
1687
424
2942
2976
2993
1158
2988
2914
852
2995
2970
3039
2965
2984
2929
2982
3014
2998
2977
2972
2966
2718
2961
270
2968
2892
3071
2955
2953
2987
3032
2972
2966
2993
2979
2960
2965
2649
3010
2788
2938
2993
2857
2987
2997
2974
2958
3010
3013
2994
1716
2990
2986
2962
3003
3006
3013
2987
2975
2883
2954
2983
2984
2988
2974
2959
2975
2977
2981
2981
2989
2880
2993
2946
2989
2983
2999
2988
3029
3027
3005
3002
3020
2503
2955
3000
2960
2940
1350
2959
2959
2985
2974
2972
2971
2972
3011
2989
2968
843
3041
2926
2683
2997
2989
2953
2979
2966
2994
2954
2968
3016
3011
2999
2441
3004
2973
2993
3016
3012
2986
3016
2961
2972
2952
2996
2714
269
918
3000
2969
2983
2979
2994
2383
2831
2955
2977
2397
2947
2990
2973
2969
3003
3066
2905
2931
2975
2942
2951
583
2977
2982
2942
1100
2983
2968
1146
2933
2952
2942
2995
2993
2983
2976
2979
2970
2990
426
2973
2992
366
2999
3011
2964
2997
3010
2989
2986
3001
1732
2950
2953
1416
2994
2999
2982
2935
2985
2980
2954
1837
3033
3000
623
2945
2969
2953
3004
2963
2964
3000
3017
2094
3012
2979
2969
3003
2961
2974
2993
2897
2994
2935
3025
3008
726
2981
2961
2946
2967
3002
2901
2996
3023
2826
557
2954
2996
2434
2992
2981
287
2985
2984
2989
2804
2960
2948
2898
913
2936
3028
2958
2984
2987
3000
3030
2964
2200
1320
2947
2882
2965
2945
2761
2999
2994
2993
2937
2961
3010
2952
2992
2956
3004
3008
2986
2966
393
2980
2969
1247
2631
2982
2999
3094
2959
3006
3050
2984
2982
3012
3000
2970
2975
2979
2949
2984
2972
339
3011
394
943
2996
2969
2973
2987
3007
2954
2967
2989
2975
2998
2954
2976
2877
2968
2956
1521
2988
2943
2982
2981
962
2983
2877
2978
1859
2963
3042
2961
2987
2951
2799
2970
2601
2985
3002
2985
2994
3020
2994
2974
2989
2990
2512
2622
2965
2967
2997
2976
2967
2965
1109
2957
3021
2996
2972
3010
2961
2993
2994
2938
2991
2991
2982
2980
3007
2931
2983
2925
2590
2968
2847
2999
3012
2946
2954
2975
2980
2956
2978
2068
2981
2990
424
2128
2986
2975
2993
2955
2969
2991
2951
2933
2993
2997
2997
2763
2974
2933
2988
1071
2976
3000
3020
3014
2567
3000
2984
2964
2980
3004
3016
2990
2924
2544
2962
2973
1598
2012
2983
2976
3019
2977
2997
2975
3000
2988
3107
2927
2998
2969
2966
2973
2983
3000
3002
3022
2989
1553
2937
2966
2959
2725
2949
2996
3018
2967
1415
2981
2953
3034
2969
2942
2991
2994
2984
2995
2949
3006
2954
2976
2990
2775
1310
2972
1465
2994
2981
2940
2966
2896
3014
814
2959
2971
1991
2973
2975
2971
2963
381
2944
2951
2933
2052
2938
2963
3099
471
2980
3000
2977
2972
2998
2971
1644
2996
3026
2923
1661
2099
2808
2969
2989
2944
2719
3009
3004
2997
3002
2981
2952
2994
3012
2991
2949
2978
2957
2993
2353
2953
3023
2912
3021
3015
3012
2981
2998
2999
2967
253
2947
2998
2996
3012
2951
3012
2974
2966
2930
2995
2989
3011
2989
2969
2996
2947
2186
2925
2978
2937
2973
744
2835
3008
2971
2955
3000
2994
2962
2982
3017
2966
2999
2976
2981
2958
2949
2981
3016
2972
3004
2973
2997
3005
2992
2985
2970
3003
3016
2997
2928
3032
2961
2954
3010
3005
2743
3016
2947
3011
364
3007
2986
2959
298
2990
2935
2973
2980
2992
2984
2985
2980
515
2981
2969
3019
2973
2984
2985
2981
3004
2973
2973
2987
3000
269
2990
3012
2997
2907
3001
2973
1430
2970
2976
2965
3012
2990
2949
2980
2954
3010
2992
2984
2700
2223
2995
2974
2993
3017
2996
2966
2963
3019
3025
2984
3003
431
2951
2974
1493
2967
1291
2992
3001
2967
2964
3014
2973
2992
2984
2989
2955
3002
3034
2964
2346
2970
2921
3000
3012
2995
2977
2990
2987
2947
3025
2972
3005
2956
2967
2977
2586
2987
2990
2976
2996
2994
2960
2946
2962
2984
2979
2969
2638
2987
2308
2974
2889
2960
3011
2990
2985
2971
2967
2984
2985
2923
645
2993
2977
2985
2991
2994
1620
2992
2989
836
2987
2974
2990
1992
2969
2975
2678
2967
2998
2970
2862
2977
3012
2971
2976
3006
3001
2989
2970
2982
2976
2939
2939
3013
2567
3006
2993
2942
2969
2937
2974
2951
2948
2986
2982
2978
2817
2988
2990
1882
2990
2751
2669
2958
2971
3000
2825
2978
2985
2960
3012
378
2939
2991
2957
2987
2958
3003
3001
2961
3010
2993
3009
2980
2991
2949
2708
3004
2913
3010
2989
2988
3000
2920
2968
2916
2996
2975
2979
2975
2999
2949
2979
2968
2992
2948
3007
3039
2988
2603
2999
2978
2234
2977
2162
2987
3009
3003
2970
2983
3020
2966
2955
2975
2844
2959
2990
2991
2990
2988
2970
3048
2947
309
2996
2970
2979
2999
1742
1346
2981
2989
2976
2950
3001
2939
2937
3012
2970
2978
2951
3005
2981
327
3028
2959
2400
2996
2989
2974
2998
2968
2966
2949
3014
3013
2977
2965
3023
2938
3013
2955
3002
3011
2988
2999
2956
2964
354
3009
2617
2984
3001
2994
2983
2995
2963
2927
2998
1752
3001
2980
2997
901
584
2961
2986
2930
2995
2606
2968
1932
3009
2979
3016
662
2972
2977
1163
2935
3019
2995
2931
2296
2983
2830
2974
3024
2995
2997
2929
2991
2956
2880
2965
1084
2846
1648
2986
2940
2967
3014
1121
1609
3027
2943
2967
3012
3002
2590
2984
2963
2974
2985
2810
3031
2987
3010
3004
3005
2973
2998
2953
2736
2933
2969
2988
2979
2967
2968
2970
2953
636
2948
3013
3003
2965
2980
2931
2977
2902
2958
2963
2980
2962
2948
2970
3005
2930
2931
2951
2942
2966
2993
2954
2911
2980
3043
3008
3003
2996
2990
2988
2976
3002
2983
271
2943
2974
2995
2984
2964
2959
3010
3017
2994
2945
2894
3005
3005
2973
3003
3076
3005
2989
2950
2989
2913
2910
3013
2990
2106
2994
2982
796
2948
3018
3004
2998
2966
2956
3003
2945
3022
3015
2996
3018
2971
2995
3010
3006
1216
2975
2970
2982
3011
2988
3020
2979
3016
2964
1063
2995
2939
2986
1326
2964
2961
3000
2983
2976
2972
2965
2924
1414
3012
2296
2988
2994
2949
2976
2645
2989
3012
3004
3000
2908
2966
2956
2965
2973
3010
2982
2961
2970
2988
2991
3017
3014
2930
3011
2931
2970
2705
2955
2943
3006
2970
2980
2999
2992
2970
2991
2992
2959
3005
872
340
3011
2924
2966
2969
2971
2986
2999
3033
2991
3037
3000
2958
2998
3021
2991
2967
2970
3024
3003
2976
2980
2996
2973
2960
2486
2938
3066
3024
2981
3003
2958
3004
2571
3048
2921
3002
2963
3016
2994
2956
2992
3015
851
2973
3000
3005
2991
3025
2927
1273
2943
2998
2964
2950
2979
830
2927
2982
3001
2982
2994
2991
2988
2922
2054
2976
2974
2992
537
3012
2990
2962
2990
3001
2954
2894
3022
2960
3001
2954
2982
2947
2970
2984
2981
1550
2974
3014
3014
3012
3013
3004
2993
2996
2993
2900
1979
2994
2965
2980
3008
2956
1110
3012
2992
2994
2971
2961
2943
2979
2979
2972
3063
1563
2959
2983
3009
2962
3001
2977
2983
2902
2993
2963
2987
2949
2975
2964
2975
2968
2949
2979
2978
3017
3010
443
2979
3008
2964
3054
3017
2975
3002
3014
2992
2976
2976
2980
2968
2978
2997
2974
3025
2973
2972
2891
2515
2326
2967
2938
2987
3005
2942
2999
2992
2997
2957
2964
3003
2949
388
1640
2926
2986
2935
3021
3009
2992
3020
2988
2933
2964
3026
2980
2725
3060
2991
1926
2970
2967
2989
2955
2946
3010
2809
2895
2998
1031
2751
2994
2987
2994
3015
3006
1589
2998
1625
3009
2964
338
387
2932
2969
3004
2965
2979
3024
3024
2964
2986
2980
3006
2341
2966
2938
2942
2938
2966
3002
2930
2984
3006
2964
2945
2770
2936
2939
2988
2978
3015
2974
2847
2990
2946
3060
2981
2992
2943
2978
5606
2965
3014
2993
2931
3000
2966
2978
2976
3018
895
2967
2957
2998
2991
2978
3001
2719
3072
2979
3013
3008
3003
3000
3000
2649
2972
2995
538
2987
2965
2971
2983
2997
2999
2964
2963
2537
2986
2992
3005
2853
2995
2994
2978
3001
2989
3009
2998
2990
2992
2979
2836
2961
2965
2963
1157
2958
2980
2981
3005
3007
577
3020
2966
2952
2994
829
2967
2970
2980
273
2996
2978
3006
2998
2648
2927
2973
3012
3005
2963
3036
252
2954
1495
2980
3007
2940
2936
3010
2510
3044
2897
2996
2999
2948
2741
2975
2990
2994
2983
2965
2981
2931
2971
3001
3019
2932
2975
2992
2997
2958
2979
2977
2984
2994
2975
3001
2964
2985
2935
2932
2960
3008
2977
3026
403
2995
2946
3030
2060
2965
3002
2944
2984
2947
2978
2914
2974
2979
2971
3000
2990
2984
2966
3005
2993
3016
2946
2964
2974
3023
2971
2986
2981
2969
2964
716
2958
2372
2992
2988
812
2921
2988
2844
2965
1789
2944
2992
2984
2939
2970
3020
3008
3000
2993
2760
2984
2898
2986
2977
2953
2919
434
2884
3011
2949
2975
253
2976
2976
2996
2966
2957
2985
2990
2927
3003
2982
2976
2921
1373
3008
2127
2999
2907
3004
2994
2998
2988
342
2960
3009
3008
2965
2924
2930
2990
2972
2874
3029
2985
2972
2975
2994
2963
2980
2974
2215
2994
2923
2992
3007
2625
2969
2900
3018
2947
2998
2974
2996
2949
2931
2939
3002
3056
2956
2978
2927
2967
864
2953
2972
3033
2984
3029
2982
2911
3004
3022
2980
2981
3000
3008
2984
2998
2982
2956
3011
2988
2982
2974
659
2989
2981
3019
2967
2986
2990
2834
254
2976
3022
2965
2891
2969
3003
2984
2925
2966
2960
2979
2979
2976
2969
466
1853
3005
2996
1341
2980
2984
3045
2964
1234
3001
3012
2968
2972
3000
2981
1738
2962
2895
2963
2967
2967
1438
2971
3011
3002
2995
2229
3001
3015
3061
2966
2945
2991
3007
2937
2975
2924
2911
2989
2996
2990
2926
2936
2990
2964
2964
2976
2840
2985
3017
2976
2970
2992
3007
3001
3024
3030
2975
3021
2963
3009
2985
3027
2994
2968
2989
1438
2970
3006
2952
2317
2957
2989
2812
2983
3005
3006
2995
2987
2976
2985
2998
2961
2968
2912
3024
2054
2687
3028
2345
3005
2991
2972
3006
2967
2973
2852
3005
2911
2992
3040
2989
3032
3004
2965
3021
2880
2955
3003
2976
2993
3017
2957
2990
2970
2983
2959
2964
2997
3005
3032
2988
2982
2993
3000
2969
2964
2992
2960
1549
3010
2990
2998
2955
2932
2968
2974
2951
2958
3002
2942
3009
3009
3013
2943
2969
2987
2517
2973
3013
2990
3011
3013
252
2511
3004
2980
3001
2180
2991
2995
3004
2940
2996
2997
2990
2981
644
3003
261
2924
3004
2990
2948
2990
2939
3003
2932
2988
2971
2958
2942
2996
2976
3005
2997
2981
2980
3004
2144
2992
2992
2951
3008
2985
2973
2617
2997
2957
2990
2768
2972
3016
2975
1506
2964
2999
2943
2957
3006
2971
2864
1087
2887
2991
2379
2721
3011
2960
2985
2187
2955
2204
3032
2956
2969
3025
2956
2984
2990
2988
2966
3014
2980
3019
2030
2975
2984
2988
2995
2978
2998
2991
2966
2963
2999
2989
2955
2993
2982
2966
2801
3072
2955
3028
2964
3001
2946
2454
2978
3025
1445
2844
3028
2981
2955
2960
3006
2921
2115
3047
2959
3013
3005
3019
2951
1970
3016
1275
1978
3000
3016
3005
2967
1204
2996
3003
3028
2958
3038
2995
2958
3016
2990
2981
3002
2972
2965
2971
2971
2994
2973
2991
3022
2732
2975
2955
2960
2993
3013
3037
2985
2935
2507
2955
2968
3041
2969
2993
2924
2979
2996
2843
2975
2931
2976
3042
2784
529
2991
2952
2974
2972
3015
272
2967
2993
2984
2963
2990
3026
3000
2999
3017
3001
2956
2999
2993
2939
2713
2994
2929
2990
2987
2985
2958
591
3013
2991
2977
2982
2983
2990
422
3067
2983
2957
3009
3024
2966
3017
2994
2722
2922
2079
770
2944
3001
2979
2958
1645
2975
2999
2968
2992
2535
2378
3029
2986
3018
2979
2934
2969
2968
2980
2969
2961
3024
3003
2127
3003
2905
2974
2962
2959
2964
482
2836
2988
2973
2989
2985
2990
2940
2966
2969
2975
3013
2969
2975
2966
3001
2945
2064
3005
2989
2991
3007
3024
3067
2972
2957
2992
2986
2926
2957
3000
2980
2980
2989
2973
2989
2982
2968
2990
2128
2977
2982
2993
2963
2995
3031
863
2967
2974
3004
550
2631
2951
3013
2924
2991
3015
2958
2965
2991
3002
2964
1678
2997
2942
3011
2981
3010
3017
2964
2965
3076
2999
961
3026
2953
2930
2997
3005
1720
2979
2842
3010
2987
3015
2998
2999
2977
2959
2986
3006
3023
2959
2975
2999
3003
2981
3026
2982
3043
2963
3000
2933
2850
3001
2982
2998
2972
2993
2896
2976
2994
783
2977
2974
2997
2341
2966
2965
2975
2988
3010
3007
2954
256
2915
2986
3019
2999
2564
2984
2942
2102
2959
2969
2977
2985
2997
2988
3007
2951
2985
2981
2964
2930
2979
3006
2874
2983
3026
2976
2990
3011
1485
3009
2996
2948
2977
3019
2976
3007
2973
1389
3021
3005
3010
3006
2967
1724
2992
2948
1165
3017
2958
2966
2976
2967
2965
2982
3004
2960
3006
2933
2993
3016
2994
2999
2992
2973
2980
3001
2994
3020
2957
2989
2719
2960
2986
3008
2986
1601
2962
3007
3007
2977
643
3003
2998
3027
3006
2976
2986
2978
2995
2953
3029
2965
3005
2984
2988
3010
2960
3021
3004
2976
2760
2932
3002
2945
2998
2904
2040
2979
2958
1686
2946
2981
2966
2981
2779
2971
2993
2800
2980
554
2984
2957
2960
2991
886
2986
2953
3055
2981
2975
2970
2981
2843
2998
2534
2944
3010
2814
2991
3001
2949
2985
2946
2965
2926
2966
2970
2979
2993
2923
2994
2983
2988
2985
3000
2924
2992
2987
3022
2938
2982
2975
3000
2984
2970
2945
2980
2970
3023
2975
2977
2958
3003
2966
3020
2960
2111
1406
2977
2967
2959
2982
2981
2907
3006
2950
1546
3004
2987
3017
2956
2985
3004
2999
2968
2956
3022
2958
2991
2988
2991
3010
2965
3029
2996
2971
1009
2997
2988
2984
3047
3016
2975
2994
3014
2974
2971
2953
3017
2821
335
2988
2994
2969
2992
2983
2989
2997
2281
2950
2950
2963
1644
2990
2959
2965
3001
2950
3005
2962
2971
2929
2984
2992
2992
2983
1683
2978
2946
2892
2079
2954
3016
1032
3017
3009
3003
3012
2984
3010
3003
3000
2999
2989
2973
3008
3010
2929
2970
2983
2959
2966
2191
3018
2981
2959
2994
3005
2996
3004
2949
2944
2543
2659
2936
2961
2968
2195
2965
2961
2932
2991
2989
2978
2953
2970
2966
2971
2741
558
2992
2979
3001
2278
2986
2978
2970
3038
2953
362
2984
3002
2927
2912
2994
1510
2997
3000
1004
2994
2951
3001
2971
2914
3008
2909
2980
2990
2985
2988
3012
3000
2977
2967
1748
2997
2956
3035
2971
2973
2970
3004
2991
2988
2829
2970
433
2979
2984
3020
2966
2846
2945
2966
2977
2968
2929
2979
2995
2948
2972
2934
2685
3009
2947
2136
456
2385
2966
3065
1228
2978
2983
2974
3007
2923
2996
2954
2034
2994
3011
2968
2871
3017
2976
1650
2975
2987
2973
2968
2959
2969
2996
3013
2960
2880
2976
2953
3014
2991
2999
2968
3015
2976
3013
2975
2937
2982
3069
2395
2963
2900
2973
2991
2965
2973
2971
2942
881
3005
2962
2967
2998
2965
3035
2959
3003
3013
3048
2987
3006
3035
737
2966
2949
2978
2997
2997
2953
2967
2985
3000
2714
2967
2981
3012
2988
2960
2961
3005
453
3012
2772
3008
3037
2973
2988
2964
2981
3017
2995
3003
2937
2970
2972
3020
2990
3011
2960
850
2609
3022
2972
2963
2979
2967
2940
3000
3001
3007
3003
3014
3015
2981
2979
2973
2937
2974
2848
2987
2951
2991
3012
3013
3001
2960
2848
2544
2968
2798
2964
2985
1811
3024
3012
2970
2988
2952
2997
2993
2974
2981
2972
3016
2919
2988
2952
3045
3016
2985
2842
569
3002
2986
2997
2951
3006
2957
2935
3006
3012
3001
2993
1906
2972
2962
2970
3005
2960
2971
1218
2969
3006
2974
2986
2933
2968
2972
2989
2986
2978
3027
2892
2943
2951
2937
3028
2980
2926
2997
2950
2970
2988
3002
2992
2949
3004
2986
2988
2958
301
2559
3019
2981
2970
2995
2998
1484
2947
3013
2978
3000
2926
3028
2965
3008
2944
3013
2993
2966
3087
2980
2934
2590
2997
2994
2973
2971
3073
2937
2922
2987
2980
1542
2902
2998
2197
2963
2958
2974
3004
2944
2980
2989
2960
3001
3007
2917
2961
2946
2984
414
3001
2985
3008
437
3029
3014
2987
2902
2641
2995
2964
2326
3000
3001
3006
2965
2961
2951
3007
380
2975
3004
2976
2603
2990
2972
1793
2704
3008
2665
3014
3007
2994
2982
2926
2998
2989
2916
3006
2987
2969
1281
2982
2967
2943
2989
3027
1225
3001
2981
2965
2975
3012
3005
2991
3000
2953
2345
2906
2993
2999
483
2975
2969
3015
2993
2970
2957
2969
2665
2995
3026
2975
2806
3010
2993
3013
2984
2995
3001
2986
385
2977
2997
3025
3038
2970
2988
2961
2984
2993
2947
3015
1001
2997
2966
2989
2253
3010
3009
2991
2995
2951
2999
2969
2918
3026
2995
2933
2980
2970
2960
2947
2974
1537
1608
3002
2975
2970
3001
2989
2950
2969
2983
3006
3015
2978
2966
2964
2977
2968
2994
2953
3017
2625
2982
3015
2988
2940
2987
1757
2973
2968
2969
2993
2874
2994
2204
2936
3022
2984
2948
2686
2982
2982
2977
2968
2956
3006
2984
2997
2993
2997
3021
3011
2970
2974
3006
3003
3021
2989
2977
2973
2980
2954
2973
2980
1335
3032
3002
2957
2484
3015
2981
2982
3039
2966
2957
2961
2996
3065
2967
2997
3021
2992
2206
2944
1989
2960
2975
2970
2957
2973
435
3015
2987
2993
2550
2995
3006
2975
3012
2964
3001
2965
3016
2940
3073
2981
2980
3002
2980
2970
2965
3011
3047
2986
270
2969
2983
2979
2096
2966
2742
2991
2989
3005
2988
3014
487
2963
3005
2976
2964
2982
899
1002
3003
2971
2989
1635
2953
2996
2962
2988
3018
2971
2984
679
2923
3032
2972
2998
2970
3041
2968
3009
1684
411
758
3019
3046
862
2859
2990
2980
2987
2556
2951
2947
2966
3003
2971
2983
2953
2957
2999
3002
3000
2989
2956
2970
2923
638
3013
2993
3021
2993
2972
2990
2967
2899
1359
2986
2942
3025
2976
3041
2981
2965
3026
2979
2991
3006
3003
2970
2980
3019
2954
2971
2981
2968
2942
2997
2958
3012
3000
284
3003
2993
3015
2959
2999
2981
3017
2992
3006
2903
2253
2958
2964
2983
1129
3029
2973
3024
2995
254
2963
2986
2968
2986
3011
2982
3006
2968
2968
2960
2964
2978
2967
2981
2982
2942
3025
1423
2951
2981
2977
2992
2966
2990
2992
2943
2959
2956
2957
2978
2984
2993
3002
2985
2825
2992
3005
3013
2994
2961
2994
2961
2933
2862
3002
2977
3003
2857
2538
2948
2991
2954
3004
2945
2963
3014
2882
2991
3020
2975
1256
3000
2976
2995
3000
2997
2936
3048
2961
2980
1113
3008
2506
2984
504
2984
2969
2993
2949
2987
2963
2949
2974
2969
2984
2963
2963
2977
3000
2962
2981
2965
2941
2953
2953
3014
2916
2971
2965
3008
2902
1494
3011
3015
3007
2968
2997
3003
3007
381
3020
2990
2985
2997
2992
2990
2798
2969
3013
2986
2985
2959
2962
2945
2964
3002
2978
2977
2968
3004
3050
2963
2979
2553
2969
2993
2958
2956
2998
2988
2918
2965
2237
2978
2974
2989
2954
2989
3022
2972
2967
2986
2995
3007
2999
3000
2971
2932
2961
3055
2966
2972
2993
2962
2994
2542
3004
3009
2986
2990
2952
2989
2980
2999
3009
3003
430
2954
2981
2991
2602
2987
3000
2946
2971
3006
3008
2997
3050
2938
673
2981
3004
2911
2667
2974
2986
2975
2470
2972
2952
3003
2932
2992
2961
2968
2976
3007
2989
2977
3079
2963
2974
2985
2963
2343
2492
3028
2975
2955
2969
2977
3006
2987
2973
2978
291
2978
733
2996
2982
2976
3011
2989
2985
3002
2989
2953
2980
2984
2937
2988
2966
2967
2967
2885
378
2982
3001
3007
2991
2968
2968
3003
1827
2982
663
2977
3002
2966
2979
2993
3012
1324
2970
1774
2841
2869
2961
3006
2960
2967
2962
2977
2978
2959
3016
3026
2980
2962
2989
2995
3001
3036
3007
2812
2958
2921
2988
2990
554
3052
2975
3006
2985
2990
2985
1212
3018
3003
2993
1765
368
2965
2986
2963
1975
2057
2989
2995
2928
2965
2939
2999
3026
2980
2982
2956
2996
3027
2977
896
1308
2997
2977
2934
2939
3014
2975
2987
408
2976
3000
2979
3006
2968
3005
2998
2935
2966
2946
2916
2928
2785
2943
2978
2409
1826
2942
2997
2986
2981
3063
2872
2943
2946
3007
2964
2992
2973
2997
2915
3004
2956
2973
2919
2898
3004
2976
882
2988
3009
2993
3001
2970
1733
2987
2979
2973
3010
2957
2956
2962
2995
2987
2986
3005
2985
3048
3004
3006
2854
2984
2970
2972
913
3009
2991
2977
2971
2930
3006
2977
2962
2950
2978
2991
294
2934
2971
2999
2991
3039
2999
2950
2884
2972
2982
3002
2965
2928
2987
2957
2914
2995
2948
2972
2982
2972
2969
2946
2975
3000
2988
2975
2974
2998
2981
2911
2959
2985
3022
2981
2989
2991
2937
2977
3051
2906
3023
3005
2998
1100
3001
2944
2985
2987
2989
2990
3015
2990
2986
2985
2943
3093
2970
2995
2970
2962
2971
2970
1835
2982
2974
3009
2961
3008
2988
3017
2685
2961
2946
2949
2945
2954
2966
2963
2341
2998
2979
3050
276
2977
3002
3010
2961
2970
1455
2985
2998
2991
3015
3014
2972
3001
3023
2984
2983
2943
2996
2978
3002
2918
2960
2978
2963
3016
2991
2989
2516
2971
2971
2961
2985
2977
2952
2698
3005
3000
1741
2652
1305
1203
2981
2987
2964
2985
2974
2983
2997
2958
2953
267
2944
792
2875
2977
2981
3028
3005
2972
2997
3001
3011
2968
2868
3020
3011
3015
2957
2968
2979
2998
2967
3011
2986
1362
1727
3006
2944
2958
2995
2417
2994
2903
2921
2952
2971
2984
1698
2994
2984
2981
2957
3002
3020
1681
2974
2979
299
2989
3007
2998
2946
2981
1243
2971
2940
3011
2988
2984
2719
3001
2976
2992
2977
2930
1827
2991
2984
2997
2947
2992
3002
2964
2995
2950
2933
2974
2986
2664
2978
2990
3023
2927
3000
2970
3024
2994
2746
2997
2986
2948
2985
3014
2978
2983
1526
2938
2999
3006
282
2988
3009
3008
2945
2976
3006
2959
3004
3043
2971
2972
2998
2956
2993
2979
2980
2973
2967
2942
2967
2971
2981
2979
3000
2996
2961
2980
2976
2697
2947
2987
2963
2952
2972
2994
2950
2966
1491
2994
2969
2998
2910
2931
2993
2707
2013
2947
2960
3003
3001
2976
2486
2980
3002
3011
2983
3001
3013
2896
2983
2981
2904
2958
3001
2956
3020
2963
3003
2997
2987
2941
2996
2970
353
2969
2994
2956
2964
2993
633
2959
2969
2956
2951
3001
2994
3012
3021
2992
2916
1595
2963
2962
2974
2975
3001
2971
2999
2972
2984
2991
2951
3003
2960
2837
2992
2969
2992
2963
2944
3015
2911
2986
2990
2920
2994
2955
2632
2961
2980
2985
3003
2586
2964
2994
2997
2981
2987
2975
2969
2718
2971
2988
3013
2983
3005
3000
2973
2983
2967
2984
2992
2120
2999
2878
3092
1082
2983
2850
2690
2972
3010
3006
2862
2994
2978
3009
2953
2995
2991
2990
1179
3004
3035
2964
2964
2985
2995
2973
2981
2996
2967
2999
2979
2972
2980
2958
2992
2894
2994
3005
3020
2987
3028
2936
2974
2990
3008
2965
2996
2976
2985
2969
836
2920
2937
2991
2991
2987
2998
2960
870
2991
2960
2977
1661
3012
2994
2943
2986
2934
655
3012
2967
2950
3002
3003
2991
3008
2959
2954
2967
2978
2954
3018
2951
2991
2981
2808
2955
2936
2985
2987
3005
2995
3036
3029
2998
3022
3000
2966
2995
831
2995
2956
2966
2962
2997
2913
2939
3011
253
2989
2973
3006
2954
2964
2998
3034
3027
2962
2979
2996
2996
2968
2969
2935
1443
2025
2938
2894
2981
2958
3018
2992
1723
2952
2965
2981
2985
2965
2972
2976
3036
269
2979
2993
2989
3010
2959
2955
2968
2910
2955
3006
2960
2968
3009
2974
2982
2928
3010
2989
2999
2988
2997
2944
2917
370
2952
2967
847
3024
3017
2950
2962
2988
3016
2993
2968
3022
1594
676
2960
2978
3003
2927
2966
2920
2967
2702
2934
2987
2985
2888
3006
2688
3002
2911
1237
2996
3018
2538
2792
2655
2994
2937
2884
3009
2954
2960
2991
3007
3014
2969
2920
3007
3005
2954
327
2971
2976
2981
2996
2940
2985
2984
2974
2921
2978
1191
2964
2989
2928
2945
2961
2874
2832
3013
2965
2967
2995
2996
2966
1293
2974
2861
2991
2969
2987
1294
2975
2948
3018
2989
2945
2968
1576
2812
2948
3013
403
3008
2969
3011
3025
2951
2983
2945
2869
2937
2997
2998
2974
2989
2278
2972
2995
2216
2981
2995
2978
2963
3001
2973
2969
3020
520
2993
2960
2966
2965
2994
3010
2955
3006
2915
2982
3024
2981
2860
2960
2968
3006
2995
2978
2978
2972
2958
2984
2986
2960
2971
2977
2963
2986
2981
3003
3024
2965
2975
444
2961
2976
2980
2970
3023
2998
3026
2998
3014
1897
3012
3023
2989
2977
3008
2820
2980
2944
3052
2976
2994
1899
3023
1792
3003
3007
2999
2975
2510
2942
3010
2972
3003
3010
2996
3010
2988
2974
1341
3030
2970
2994
2996
2970
3035
2989
2977
2940
759
2982
2970
2994
2729
3000
2986
3009
2986
2985
2981
2992
2986
2985
3018
2971
2974
2990
2963
2979
2299
2958
2999
2943
2973
3040
1634
2973
2969
2970
2985
3017
2982
2971
2963
2969
2987
3023
2994
2993
2983
2981
2997
3007
2988
2996
2936
2974
2127
3024
3000
2993
2955
2974
2975
2994
2952
2969
2997
2970
2976
483
2786
3002
2970
2975
3017
3014
1517
3009
3004
611
2969
2947
3016
2997
1066
2991
2953
3015
2988
2983
2918
2939
2970
2990
2978
1487
2932
3063
2993
2981
2951
2921
2979
2984
3010
2993
2982
2956
1160
2978
2982
2938
1169
2985
2980
3007
3004
2981
2956
3013
2984
2973
3016
2986
2947
2993
2969
2980
2970
2939
2994
252
2969
987
2277
2955
677
2941
3000
2973
3011
941
2995
875
3003
3001
2992
2942
2955
2975
2964
2974
2804
2984
3009
3006
2952
3024
2954
3001
2956
2520
3005
2994
3017
2952
2929
2985
2999
2870
2675
2972
2938
2981
2982
2968
2999
2958
2972
2993
2967
2990
2988
3010
2969
3018
2959
2961
2959
2300
2992
2991
2943
2990
2988
2991
2972
3022
3063
619
3024
3001
3008
3008
2997
2995
3009
2976
2958
3009
3003
2999
1726
2997
2982
2929
2960
2966
2958
2976
3098
2990
2972
2975
2996
2968
2962
556
2973
3027
2973
2987
3010
3037
3014
2992
2589
2990
3016
2964
3012
2974
2967
2968
2993
2976
2969
2978
3000
2965
2996
3001
3000
2986
2990
2981
2992
1862
2951
2994
2990
2993
3019
3003
2978
2966
2991
2957
2812
2987
2986
2535
3005
2995
2986
2992
2958
2974
3053
2955
2973
1040
2950
3015
2989
2967
2999
2966
2972
2953
2984
2950
2968
2981
2972
2974
2953
2996
2993
2947
2969
2980
2981
2970
2983
2991
2988
3062
3026
2994
2966
2344
2976
1378
287
2994
2997
2995
2532
3027
2967
362
2998
2971
2987
2992
484
3019
3010
2943
3002
3010
2963
3010
2986
3006
2984
2963
3015
2904
2991
3022
2987
3011
2977
2729
2960
2997
2980
2952
2966
2583
2960
2954
2982
2980
3013
2969
2986
2998
2987
2976
2935
2865
2918
2979
3011
2983
2982
2985
2973
3028
2928
2956
3001
2901
3040
2728
2939
2978
2943
2980
2912
2989
2982
2955
2992
2992
3000
3002
2987
2939
2835
3016
2973
2967
1451
3012
2996
2984
2999
2998
305
2994
2992
2980
2972
2960
2976
616
2925
