3012
3015
2391
3016
2982
2978
3008
2672
3078
2980
3021
3020
2992
2995
2982
2994
2988
2972
2999
3013
2955
3028
3013
3007
2954
2993
2956
2987
2995
3015
2980
872
2982
2998
2926
2995
1194
2969
3015
3007
3011
775
2976
3021
3037
2963
3082
196
2949
2971
2982
2983
3011
3012
3037
3028
266
1709
3079
1999
2974
2935
3039
2996
2951
1775
2966
2975
2986
3020
1752
3031
3026
2993
1994
2984
2996
623
3031
2999
2130
2976
3018
3009
3000
3032
3005
3006
2992
2979
2981
3018
2985
3032
3034
2990
3025
2980
2984
3010
2977
3024
3000
3018
3022
2981
3012
3029
2996
2997
2971
2238
3013
2938
2956
2976
3025
2986
3017
2989
2991
2936
3009
3005
3063
3000
3016
2985
716
2873
1765
2972
2979
2975
3015
2947
3013
263
2999
2993
3015
2990
2957
2530
3045
2969
2947
2662
3045
2965
2982
2995
2907
3009
2992
2966
3029
2988
2953
3008
2925
1459
2977
3007
2987
2971
2988
3018
3011
2943
3024
2981
3043
1949
2675
3013
2958
2970
2975
3009
3012
1729
2977
3003
2961
2981
3002
1868
2992
2993
3040
2704
2997
3008
2975
3026
2987
2974
3016
3033
3016
3002
1456
2989
2938
3002
2970
2980
3040
3025
2967
2094
3039
3012
2986
2992
2996
3076
2991
3000
2623
2999
2987
3018
260
3049
1000
3007
2746
3025
1946
3006
1408
2474
3016
3007
2992
3008
3013
2971
2973
3028
3003
3011
214
2979
3004
2984
2948
3000
3009
2983
2972
3032
2985
3008
2962
2983
2967
3031
3033
2983
3027
3000
3018
3022
3014
3013
3016
2989
3032
3034
3048
2990
2966
3013
2992
526
1764
2996
2995
3021
2994
3057
2992
2985
3027
869
2930
3013
3011
2057
3023
3005
2399
1497
1234
2998
2981
2992
3036
2974
3016
2967
3011
2984
2998
2804
3012
2556
1620
2857
3008
3026
3002
3042
2454
2996
3010
3047
2984
2949
2968
3011
2983
2945
2967
1119
2989
417
2999
508
368
3056
2987
2803
2988
3034
542
3031
2981
3006
2992
3084
2981
3011
3025
2982
601
2991
2994
3019
3046
2967
3017
2967
2998
3006
3023
3020
3005
2999
3000
3015
3119
3021
518
2989
2998
2996
3008
3026
2995
3048
2988
3025
2983
3010
2965
2992
2990
2968
3035
3010
3042
2991
3032
2958
3005
3014
2994
2984
3006
2994
2937
536
2978
2956
3040
2982
3005
2938
3015
2972
2967
2992
3024
2965
3015
186
3002
3032
3010
3003
3035
3006
3029
2968
1847
2550
2990
2990
2996
3004
3024
2966
3002
2952
3004
2995
2970
3020
2981
2890
2968
3027
2909
3076
2994
3015
2978
3019
3012
2990
2982
2984
3005
2953
3011
2985
2980
3035
3015
3027
2914
3010
3022
3040
3028
2375
2999
2795
2995
2974
2074
3039
2995
3021
2947
3018
2983
3024
2984
3013
3011
3025
3016
3005
2255
3060
3029
3008
2962
3010
2984
2971
2986
2989
2997
2778
2084
2862
2985
207
2974
3025
3020
3004
3057
411
2985
3024
2965
2970
3001
2996
2991
3011
3039
3066
3009
2458
2983
3010
3014
2950
3105
3025
2531
2977
3007
2987
2990
3034
2943
3002
3001
2984
3035
2976
2922
3024
2972
3005
2888
3068
2997
3045
2999
2515
2966
3049
3015
3064
3013
2992
3022
3016
2954
2962
3044
2992
3030
2997
1083
3013
3027
267
3029
3015
3028
2992
3004
2972
2984
3013
3031
872
3012
3008
3016
2948
2991
3027
2977
2993
2625
3020
2957
2992
3073
2916
3024
2995
776
2977
3005
2741
3001
2362
2976
3015
2924
566
3028
3002
2992
2982
3011
3028
3011
192
3020
3017
2994
3009
3014
3014
2964
3002
3008
2999
2997
2972
3004
3022
3053
3022
3006
1240
3009
3011
3012
2588
3006
3006
2980
2991
3002
2981
2990
2397
3034
225
1716
2958
2961
3031
3000
603
2945
3011
1790
3013
2985
3019
3029
2992
2979
2993
1207
3028
2994
3004
3003
3063
2976
2987
3002
2974
3009
2440
3016
3031
3014
3014
2980
3015
2975
2991
2983
2983
3008
3024
3011
3035
3044
2994
2944
3008
2984
2965
3025
3021
2992
3039
2995
2981
2999
2955
2960
2452
3013
2999
1274
2975
3016
2964
2190
2994
1483
3011
2978
3012
3018
3003
3001
3004
3015
2999
3005
2115
2997
3056
3013
2995
2987
3005
3014
3002
3011
2996
3016
2985
3041
2837
3035
2979
2976
3042
2975
2995
3042
2978
2983
642
2998
2915
3025
1763
3097
2983
1997
3005
2986
3005
2978
3005
567
2997
3020
2991
2965
3022
3009
3018
3005
2982
3015
3022
3022
3012
1950
2987
3020
2971
2951
3016
2961
2974
3017
2995
2994
3022
3032
3019
2992
3013
3013
3012
2992
2905
3026
3039
3012
3034
3023
3023
3056
2985
2968
3000
3013
607
3007
2999
3024
2960
3015
3021
2835
2993
2994
2410
2959
3019
3061
1669
2925
3047
3006
2987
2987
2944
2979
2869
2993
3036
3021
3015
3026
2994
3080
2917
3024
3024
3028
1145
2995
3011
2973
3005
2976
2989
2973
3018
2966
2955
3025
1889
3009
3001
3004
3012
3028
2989
2151
997
3028
1954
1141
2983
3018
2982
2978
2144
3027
3022
2976
205
3044
243
2976
2990
2968
2700
3025
2989
3001
2966
3005
374
2965
2993
3013
2978
2968
2999
2966
3043
3008
3038
2992
3005
2998
3014
2987
2994
2986
2968
1115
3003
3001
2601
2991
3027
2933
2970
2979
2991
1587
3000
2986
3042
2036
3060
2968
2978
253
3029
2990
3005
1792
2979
3008
3044
3002
518
2152
3018
2969
3020
3000
2999
3008
2992
2961
2960
3015
2976
3007
3075
3029
3072
2978
3023
3088
2982
2990
3027
3003
3036
3010
2988
2995
3029
327
642
3016
2961
2992
3041
2905
2160
3006
3017
3019
2995
2394
2912
367
2766
3020
2990
3025
3013
2522
2999
3021
3032
3031
1192
2988
2981
3012
3036
3002
2964
202
2969
3008
2939
3034
374
2984
3008
2987
3027
2945
2983
2978
1188
3017
2987
2994
2994
2985
3021
3033
2952
2987
164
2988
3047
2995
2967
2980
3000
2977
2702
3028
3025
3014
1608
3007
2985
2954
3056
3022
2960
2943
3027
3025
3028
2967
3009
2333
2966
2996
125
1565
2987
3015
3048
2991
2977
2995
2968
3016
3025
3042
3015
1998
2953
2480
215
3013
3008
2981
2122
1760
3013
3004
3004
2925
3008
2986
3010
2619
239
625
3021
2192
2295
3001
399
2985
2995
2945
3001
3014
3000
2958
209
3020
2997
539
3007
2990
3050
3001
3005
3014
3035
3004
3019
2991
2965
2960
3012
3002
3008
2998
2744
3012
2996
2981
1526
2998
542
242
2987
2987
3017
3047
3008
2963
2971
1346
2982
3013
3036
3005
2949
3006
2950
3023
2967
3015
1074
3027
2995
3020
3024
2992
2981
3025
3031
2965
3007
3020
3006
2964
2979
2329
3028
3013
3016
2890
3000
3014
3003
1456
2995
2878
2970
2916
3009
2962
2067
1542
2992
3096
3029
3013
2979
2998
2996
2801
3003
849
2979
3029
2973
1290
2962
1687
3055
3063
3034
1850
3003
2997
2994
3018
1531
3008
3025
2960
3007
3043
3010
3028
577
2943
3020
133
2987
3002
3003
2999
2983
2999
3010
3050
3063
2988
2972
2989
2978
3022
2973
3006
3021
2978
2985
2987
2998
3024
3004
2992
2963
2971
2548
2995
2924
3021
3009
2506
3001
1822
3037
2991
3024
3009
3053
3009
2994
2992
2998
2970
3000
3012
2978
2658
3007
2988
3000
3017
2983
2938
3001
3034
2939
1147
3025
3042
3026
3008
2973
2996
3012
2999
3015
2980
327
3002
2996
2976
2981
3013
1607
2983
3015
2982
2974
2942
3030
3025
2959
2997
2981
3098
1902
2997
2988
2742
2079
2998
2998
2998
3003
2993
2995
2972
3002
2973
3008
691
2803
2992
2990
3005
3011
3033
3012
3004
3014
3007
2996
2995
3046
3037
3002
3007
2975
3021
3021
3015
3045
3086
2977
3017
3001
3022
2976
3011
2988
2964
1285
3015
3025
1995
3006
2995
3003
3013
3041
2992
2988
3039
2515
3005
3020
2969
2996
3003
2984
3029
3014
2957
3028
1505
3010
2967
2986
2395
2972
2978
2999
3025
3009
280
2971
3022
3023
3006
3012
3026
3031
3018
2985
2980
3004
3026
3004
3007
2965
3014
2993
3057
3020
2983
3019
3012
3005
2973
3004
3006
2993
1082
3083
1390
2980
2959
3023
3005
2997
2999
2997
2976
2990
3002
3016
3018
3033
2733
2342
2976
3019
3014
2996
3026
3013
3010
3020
2993
2971
2950
2975
3008
694
2983
3030
2981
2986
2970
2990
2979
3025
2994
3031
3017
3017
3014
2988
2977
2991
3000
3004
3009
2948
3020
2966
2993
827
2991
2961
2993
210
2950
3063
3001
3011
3008
3017
3022
3008
2989
2949
2922
2963
3002
3031
3009
3008
3024
2933
2982
2999
3006
2737
2982
2998
1154
2956
3010
3028
2944
2842
3024
2967
2969
1694
2981
2982
2958
3010
228
3000
3009
3013
241
3026
2937
3010
3021
3016
1921
3033
3019
2983
2044
2981
2998
2973
2999
2983
3018
2992
3017
2999
3057
3013
3027
3019
2208
3007
3018
3004
3003
2964
2998
3012
2965
2995
2985
3012
3030
3083
2021
2990
3046
3032
2975
3008
2983
3026
3020
3008
3000
3017
3008
2963
2987
3022
2941
3023
3001
2983
3002
3045
3041
3007
3028
2980
2995
2974
2994
2964
3035
2975
2992
3080
3038
2992
1097
3015
3026
2983
2954
3008
3029
3009
3014
2983
3018
3029
2981
2982
3035
2962
3011
2950
1619
3042
2969
2989
3020
2973
2965
3001
2988
3005
2951
3023
3033
3003
2958
601
2326
2990
2968
2980
2912
2967
280
315
2975
3012
3035
3010
3016
3007
3012
3003
1787
2996
3019
3078
2963
2979
2910
3070
3018
831
673
3043
2981
2986
3071
2907
3019
2396
3017
2980
3008
3018
3003
3000
2851
3005
2958
3019
3023
2980
2193
3079
2961
2996
2976
3031
2998
2896
326
3038
2931
2999
3033
2989
2966
3014
3010
2952
3021
2991
2974
3033
2964
486
2986
2672
2494
2937
2982
3013
3033
2996
2733
3005
2999
2968
3007
1136
1650
2996
2995
2986
2992
3010
2980
2966
2968
2993
2837
3003
579
2566
1442
3040
3016
2890
3017
2998
3021
2993
2986
3012
3023
2958
2942
2956
1559
3018
3002
3040
2974
3013
2972
2981
3009
2975
2985
3021
3010
3008
2974
2825
3010
3005
2317
3019
2914
3003
3015
3000
3024
316
2967
2919
2977
3010
3024
2997
2939
3004
3018
3002
2987
3019
3013
2962
2996
2988
2957
3018
3013
3000
3024
2984
2965
2854
2980
2971
2995
2984
3022
1759
2997
2992
3035
1937
1428
1312
2988
3018
2984
3032
3026
2543
2979
3035
639
2992
3014
2975
2996
3021
3021
2960
2713
3011
3026
3051
3053
2966
3005
2990
2985
3016
3008
3019
2997
3000
2977
3005
3023
2996
2994
3042
2989
2991
2981
3031
3004
3018
2991
3027
3020
2991
2835
2950
3030
3001
2995
2993
3005
749
2949
3015
2995
3067
3035
3023
3013
3026
2977
2978
3022
3022
2997
2993
3026
3016
2992
2971
3005
3025
3034
2221
2972
820
2968
3057
3000
2991
2991
3015
2967
2967
2997
2996
3022
2962
3019
2969
2451
2995
3027
2778
2986
3014
3026
3004
2998
3018
3026
2954
3011
2987
2990
2147
2989
2969
2996
2973
2944
2976
3014
413
3001
3020
3019
2985
2974
3049
3013
2931
2861
2997
2990
3053
3070
2971
2979
3008
3007
3034
3028
3012
3000
2973
2985
3017
3031
2999
3009
3013
2997
1244
3090
3001
2990
3025
2976
2939
3018
1651
2991
2979
2970
2993
2996
1819
2998
3010
554
2976
2969
3036
3029
2992
3006
2988
2942
2936
2990
2847
3001
1908
3024
562
2968
3024
2998
2980
1027
2982
3039
3022
3011
3024
3009
3008
3065
2985
3024
3031
1723
3007
3031
3004
3011
3004
2988
2980
3010
3004
3009
3036
3020
3052
3024
2994
2998
3053
2979
3011
3020
2993
2964
2993
3003
2990
1265
2980
2979
2991
3011
2996
3011
3026
3019
3001
2982
2988
3002
2986
2989
3007
2994
2980
3012
1059
3024
3018
2986
3011
2973
3022
3013
3006
1448
3032
3016
3013
2059
2992
3030
2872
3058
3050
3023
3037
3002
2974
3008
2975
2999
2149
3006
3001
2973
3041
3000
2864
2973
2965
3002
3006
3027
3026
3055
2983
3028
3089
2996
2988
3006
3016
3001
2982
2994
3026
2999
2993
3007
3032
2978
866
2991
3041
2992
3002
3023
2975
2984
3000
2995
2941
3006
2999
3051
2990
2996
2929
3013
1703
3027
2999
2945
2989
3021
2971
2980
3037
3004
2540
2984
3018
2975
2521
2996
3035
2812
3016
3013
3001
3002
2963
3016
3099
2984
3063
3042
3027
3005
2982
2985
3032
3016
3024
2984
3034
862
2993
2048
3026
2997
3022
268
2968
1068
2990
2989
2984
3018
3023
2994
3006
726
2954
3011
3018
3024
3008
2987
813
3036
3010
3000
3045
3010
1584
3015
2987
3007
3026
3009
3024
2405
2185
3013
2991
3011
3007
3010
2985
3029
3004
2993
3022
2999
3009
3012
3022
2998
3009
3015
2944
3005
2933
3011
3035
2992
3087
2934
3023
366
2096
2972
3009
3017
2991
3058
2987
2982
2997
669
2990
3031
3032
3003
2968
2980
2989
2948
2992
3019
3000
2970
3000
2981
2992
263
2999
3003
3037
2962
2998
2992
2965
3010
3015
3050
3018
3004
825
2844
2974
3002
3011
2937
2967
681
3038
2931
3018
2992
2987
2989
3008
2993
3026
3016
3007
2991
3022
2998
3017
2990
3025
2952
1394
2999
2618
2978
3033
3014
2989
2981
2992
2997
361
2253
2992
2998
3001
2984
2941
3008
3002
2706
3043
3012
2983
3033
3009
2973
2961
2932
2689
2989
2999
2963
3053
2969
3024
2985
2991
2989
3012
2979
2997
2989
3012
2988
2980
2974
3017
2984
3008
2965
3005
3024
2963
2956
2986
1210
2986
3001
2985
3017
2306
3022
3003
2970
2996
1837
2974
2997
3011
3008
3030
2997
3004
3030
3036
2044
558
3052
3016
3021
3011
2079
3039
3004
3013
2993
3015
3028
2989
2981
3021
2970
2970
3004
3038
3043
2990
3044
2986
3082
3004
2699
2991
3020
3003
3003
3004
3012
271
3005
3032
2991
2976
3001
2998
2864
3021
2949
3007
3013
3014
3069
3031
592
3011
2982
3005
788
3009
3000
2992
3011
3021
3000
3003
2989
2015
3009
1617
2978
3019
2110
2994
2988
2989
3024
3041
3024
2995
2992
3011
3017
2874
3044
2228
3016
2997
2999
3010
672
2545
2942
3009
2973
2987
2981
3004
2980
2965
2982
3003
3008
3031
2955
3010
733
2920
2968
3008
3002
3042
3020
2983
2984
2458
1385
3005
2997
3001
2994
2992
3019
1951
1991
3005
3001
2991
2980
3088
2987
3002
728
2990
2995
2956
3035
3026
2991
3015
3003
3000
2954
2862
3013
3027
2991
2934
3003
3023
2993
3029
3001
3003
3009
2951
2997
3013
2991
2986
2748
3015
2966
2890
3024
2940
3009
2997
2971
2957
2991
2343
3001
3011
3015
2994
2996
2974
3037
3030
2992
3062
143
2996
2998
2698
3007
2944
2953
2156
3033
3002
2969
3014
2997
3002
3010
1803
3022
2992
2981
2973
2980
2291
1502
3003
3011
3009
2966
2974
2984
3012
2158
1417
2963
2958
2962
2969
2990
2975
3023
2901
2996
3033
3001
3005
3018
538
3010
2940
3018
2972
391
3025
2983
3012
3036
3015
3008
2984
3023
2981
2714
3003
2994
2973
2967
3016
3001
3007
2279
3038
2997
2886
392
2989
3023
3004
3013
2960
3015
2991
2974
2974
2965
419
2893
2948
3034
2996
2995
1763
2991
848
3011
2623
3033
2956
2992
2982
2971
2996
2994
2990
2947
2793
2985
279
2977
3008
3016
2970
2970
3031
2392
2812
1526
2963
2995
2980
3015
261
2933
3001
3048
2997
3039
2292
2976
3009
3010
2979
2719
2175
609
3008
3048
3015
2994
2976
2987
3032
3002
2944
2993
2968
2996
3009
3009
3025
3021
3047
2296
3003
1333
3004
1767
2974
3001
2940
2999
2982
2983
2972
755
3013
2992
2997
3035
2994
2998
2999
1220
3033
2722
2926
2963
1806
3010
2996
3021
2997
3018
3049
3075
3008
2988
2970
2949
3032
2981
3022
2986
2986
3005
3016
3019
2999
3038
3030
2998
3020
3000
129
3006
2975
3014
3042
1989
440
3013
3009
2992
3007
2588
3015
3001
3025
2975
3056
2933
962
3010
3012
2948
2778
3038
2964
3015
3009
3001
3009
3051
2323
3006
3019
2976
3038
2922
3020
2983
2991
2989
3006
2997
2179
832
3010
3028
3037
2948
3016
2989
2996
1818
2676
3001
3029
2986
3027
3006
2966
2974
3068
1716
3010
2936
2992
2997
3027
1054
2995
684
3009
3008
3023
3015
3012
2981
2676
2980
3019
2983
3011
3026
2976
2546
2984
3002
3021
1989
3017
3006
2999
2169
2973
2989
3022
3006
2210
3040
3019
2932
2994
2962
2996
3018
3031
2742
3013
2978
3032
3002
3018
3023
2362
2974
3016
2955
3011
2953
1858
303
2988
2998
2552
2972
3011
2991
3004
3036
3001
2995
2986
2975
2975
3049
2241
2982
3093
3019
2916
3020
2982
2974
2909
2998
2999
3017
2992
966
3000
3046
3018
2941
2959
2973
2879
3013
2993
2977
2994
2994
3035
2992
3050
2989
3056
2986
2954
2532
2983
2974
3025
3012
3020
2998
3015
3004
1989
2931
2973
3008
2974
3019
3002
3009
3034
3032
3018
3004
3008
3017
2926
2302
3012
3020
3032
3045
2991
1599
2986
3014
2962
3002
2972
217
2970
2940
2988
2977
2979
3030
3006
2293
3034
3000
2992
2980
2994
3014
2215
2997
2977
2977
3026
3011
2703
2993
2987
3039
3039
2989
3015
3026
3006
3023
3021
3007
2981
3007
3006
2989
2969
3010
2867
2331
3012
2970
3000
2957
3000
670
3022
3021
3013
3019
3021
236
2990
2963
3014
2997
3030
2974
2967
2998
2110
3006
3001
2999
2999
3023
2964
3016
3001
3018
3010
3029
3021
290
2966
2975
3003
3020
3034
3018
2974
3088
3005
2993
3032
2999
2949
3019
2989
3008
2986
2993
2985
3003
2961
3023
3020
3018
3000
1678
3084
2997
2780
2983
3028
2987
3000
2915
3011
2927
3002
3008
3003
2995
2979
3003
3036
3026
2980
2985
3039
2998
1594
3023
3016
2990
3025
2930
3014
1212
3041
3010
3036
3021
668
3016
2968
2990
2993
2981
3016
3011
2956
3000
2984
3008
3005
2996
238
2248
3005
2990
2968
3080
2652
2888
3058
2993
2281
3001
2989
2967
3037
2983
2972
3003
3004
1729
2998
2980
2956
3010
3008
3010
2973
2022
3000
2923
3028
3000
2985
2997
3047
3002
2976
3008
2972
3009
2943
3009
2991
2991
3023
3008
2953
3030
2967
2978
3001
2971
2997
3037
2971
3010
2969
3003
2988
2985
2980
2984
2959
2932
1404
2977
3004
3015
2980
2895
3018
3006
3007
3012
2978
2983
3012
2971
2975
2976
3014
2995
3030
3021
3026
3025
2992
3010
169
2999
2985
3029
3019
3027
2995
2976
2626
1537
2998
2722
3024
3050
3011
2991
3000
2976
2998
1840
2990
3016
2987
2958
2992
846
2991
3006
2981
2995
2974
1994
2970
2998
3012
3006
2985
3022
2974
3007
3009
3037
2995
3086
3007
3005
3023
2974
3007
2997
3030
3011
2974
2972
2972
2554
2996
3020
3002
3020
3009
2993
2171
3008
2954
2978
2966
2983
2935
2989
3035
2999
2994
2991
568
2956
3066
2987
3078
290
2978
3017
2987
3040
3048
3059
2997
2974
3026
3023
3025
2941
3016
2767
3002
2980
3000
3009
3034
2992
2995
3004
3043
3010
2988
2991
3027
2946
3026
2981
2981
3001
2984
2999
1621
1624
3012
3016
3028
3028
2084
2961
2996
2982
2967
1569
2976
2478
2976
3025
2997
3010
3021
2959
955
2984
3032
2995
3006
3046
2997
3036
3030
2993
2997
3005
3028
3026
2998
3010
3004
3004
1262
2934
3005
2987
2989
3005
2104
2977
3015
3027
3009
2995
3002
2986
3004
2973
3013
3001
2954
2950
2783
3022
3011
2974
3017
2994
2957
1289
2997
2988
3000
3020
2985
2964
3024
3070
2996
2968
3022
3003
2978
2696
2997
2993
3014
2997
2975
2983
2989
2978
3015
3018
3026
3020
1553
2957
2975
3007
2945
2949
3032
3017
2948
3005
2982
2999
2954
2943
2965
2983
3088
2893
3000
2964
3016
2977
2991
2983
2963
3006
3100
3017
2971
2987
3037
2831
3005
595
3007
2935
3012
2999
2945
3010
3103
3012
3023
3001
3025
2969
3011
2986
497
3002
3034
1857
2990
3016
3034
3009
3012
2986
3024
3000
3005
3012
3012
3013
2999
2977
2987
2997
2990
3000
3002
2991
3024
254
3026
3029
3014
3006
2969
3017
3022
3021
3019
188
3012
3029
2879
2962
3000
2644
3020
3043
913
3003
3001
3036
2976
3011
3004
2861
1701
3006
3002
214
3010
3029
3000
2171
2976
3032
2970
3096
2955
3008
3003
660
3011
2988
2995
2985
3010
2737
791
3098
3052
3033
3039
2936
3018
3022
2999
2998
2980
3006
3033
2970
2988
3013
2974
3026
2985
3023
2996
2526
1548
1552
2947
2980
3003
2988
2809
2967
1763
3014
2988
3008
2990
2998
2999
3038
2982
871
3024
1252
3008
2961
2970
3056
2991
3067
3008
2980
1481
2998
2967
3022
3004
3005
3046
3030
3007
3017
3003
2984
3023
3017
2993
374
469
2029
3031
2985
3017
3017
3049
3033
2963
3038
3018
3013
2965
3019
3035
3052
2991
2984
2998
2961
2990
3002
2974
2998
3037
1123
2978
2953
2883
3022
3012
3040
2953
3004
2980
2990
325
2971
2987
806
2986
3049
3003
2938
2999
3027
987
2972
3023
3051
3010
2985
3003
1857
3019
2995
2999
2969
2969
2986
2939
2982
3022
2984
3019
3026
1094
2994
3010
3012
2970
2993
2742
2955
3016
235
2976
2989
3026
3015
2997
2989
3008
3007
3021
2983
3004
3009
2912
1930
2726
3037
1250
3021
2998
3075
2997
2889
2987
3008
946
3026
3004
2980
3001
2993
2966
2993
2990
2946
3012
3011
3037
3010
2993
3027
3017
3000
2998
3004
2987
3010
3031
2992
2978
2995
3007
2972
3003
1612
3035
3009
3035
2962
3008
2999
229
3013
3030
2972
3016
2987
3009
2982
2978
3003
2986
3002
2973
2994
3020
3014
626
3002
2937
3006
2992
3013
3026
3015
3006
2981
3001
2866
2992
2965
3014
2963
3009
2953
341
2913
3028
3013
2988
3040
3026
3013
3029
2947
2975
3010
3031
3009
3037
3005
3002
2969
2977
3032
2973
2997
1321
3012
2980
2947
3004
2670
3033
2999
3003
3039
2984
3008
551
3015
2912
3004
2947
3026
3052
3008
1526
3037
3000
3059
2372
2957
2982
3013
3073
2901
3007
2968
3004
2971
3023
3021
2980
3008
3002
3015
3003
3026
3029
3022
3049
2989
3005
3006
3017
3000
2931
2973
434
3003
2984
2953
3013
3012
3006
794
3026
3007
2997
2994
3001
2999
2990
2988
2961
3032
3002
3059
3007
3012
3006
3075
3012
3033
3030
2994
2953
3005
3028
3041
2969
329
3026
3038
1067
3033
3053
2983
2989
3031
2984
2994
3038
3011
2242
2979
3029
2945
3001
3024
2388
2870
1370
3021
2962
3004
2997
2972
2981
2993
2988
3012
3036
3007
3006
2959
2994
811
328
2997
2519
2993
3035
3017
3006
3004
3007
3003
3005
2981
3029
3001
3002
3034
2993
2997
2991
3006
2986
3050
2983
2982
2976
3019
2993
297
3048
3004
3031
2210
2109
273
2978
2987
2988
2931
2958
2997
3003
2981
3018
3029
3044
3012
3006
2998
3034
2957
3005
2984
3018
2958
2974
2994
539
2945
3014
3012
3033
3044
3004
493
2955
3003
2992
3006
3013
3004
3010
2990
2980
2949
3038
1269
3010
3099
3020
2981
2771
2982
3016
3007
3005
2560
2977
3017
3023
3016
3004
2506
2979
3046
3007
2974
2999
3002
2990
3031
3012
2527
3042
3021
3031
2997
3022
364
2976
3031
2983
3021
3047
2145
3012
2972
2982
2956
3043
970
1029
3012
1464
3000
2885
2997
3010
2999
2984
3005
2989
3008
3025
3004
3089
2958
2986
2986
3021
2959
2996
2985
3006
2992
2989
3012
3030
3021
2983
438
3010
2941
3010
2333
2972
1204
3021
3026
3014
3014
3011
2039
2998
2999
149
3010
2967
3008
3007
3017
3009
3003
3019
1078
2408
3008
3012
3006
2498
2983
1507
2990
2935
2992
2972
3041
2982
3012
2913
2993
3006
2924
3000
2997
3034
2948
1104
2982
2994
2961
2961
2984
3014
2989
3001
2991
488
2713
2999
3016
3004
690
2994
3002
2978
2996
2991
3035
1242
2939
2969
3018
3014
2978
3013
3016
2930
3009
2996
3015
3003
3006
2939
3017
2999
2975
3016
278
3013
2990
2960
302
3031
2986
823
2983
3025
3003
2986
3040
2997
3013
2964
3002
2969
3003
3022
2912
2983
2984
3035
3024
2983
3018
3022
1152
2976
2998
3015
2599
3005
2986
3026
3010
1563
2979
2996
2938
3023
2953
3016
2980
3048
2989
2401
2999
482
2993
2961
3017
200
2980
3012
2992
3065
2992
2980
2974
3019
3005
2976
2990
3018
2985
980
3004
2997
3037
3067
3006
3003
2993
1161
2984
2964
2939
1234
954
3020
2986
3043
3018
2982
2981
3010
2960
3010
2987
2979
3025
3006
2964
3019
2965
2984
2996
2996
3006
3044
2838
3001
2975
3026
3022
2966
2982
3023
2993
3000
3043
3025
2938
3006
2985
2978
3029
2958
2941
1915
3019
2984
3011
3002
2997
2190
3014
2208
3044
3031
3019
2996
2995
2988
2972
3058
2987
2997
2998
3014
874
3003
2980
3033
3017
3005
2967
3026
3032
2535
2979
3019
2985
2881
3012
2986
3026
2983
2987
2872
1161
2797
3003
3047
2188
3014
2983
2972
2968
3026
3037
2982
3006
3011
3008
2972
2995
2276
2992
3041
1014
2974
3008
3001
3013
2990
1924
2974
2949
3012
2967
2990
3027
2928
3014
1008
3011
2992
830
2979
3040
3017
2989
2983
3001
2986
3004
2981
3007
3031
3018
2975
3010
3040
3017
2977
2987
3017
3046
2597
3034
3013
2982
3009
2704
2981
2593
3034
2994
2972
2893
2996
3014
2993
3026
3000
785
3006
3035
3074
3013
3041
3043
2999
3025
2989
2978
2975
3016
2978
3018
2989
3013
3018
3017
2961
3001
2892
2963
2998
2981
3002
3002
2644
3008
3006
2995
3001
2864
1948
2968
3002
2969
2969
3082
3017
3018
3002
3012
2962
3005
1379
2997
2998
2953
2409
3002
3071
2989
2947
2989
2997
3015
2989
3013
3017
1660
2995
2988
3009
3016
2956
216
3001
1624
2922
3029
2974
3024
3036
3018
139
3003
3005
2943
3045
3020
3002
3020
2891
740
3013
3007
3011
3020
2991
2979
2980
3001
3028
1578
2999
3010
2967
2715
3016
873
2954
2997
3006
3011
2990
3010
3017
2993
2968
3015
3021
2996
2991
2992
161
3015
3011
3004
2996
2978
2997
2981
1667
3046
3019
3010
2957
2989
2994
1949
3009
3031
1480
2979
2049
2997
2996
1374
3036
2998
3023
1329
2987
2996
194
806
2931
3006
2946
419
3029
2945
3001
2995
3001
3030
2979
3013
3002
3001
3014
2980
3019
3008
2994
2993
3014
2988
2990
2994
3019
3001
2989
3033
2993
3026
2429
3013
3010
3013
3007
3030
1097
3008
2982
1643
2790
3002
3025
2998
2988
2990
2996
3004
2901
3020
2997
2971
1974
3035
2996
2992
2854
2992
3005
2973
3038
3025
3046
3021
957
3029
2965
3036
2987
3024
2966
2954
3006
2987
2966
2803
2283
2998
2980
3000
1269
3013
3006
2925
3010
2995
2987
3010
3006
2940
2999
3097
3002
2998
2956
2150
3023
2207
3014
3036
3014
3011
2994
3001
3002
1762
3004
3001
2952
3006
3051
3013
2564
3000
2978
3025
289
2992
3015
768
3000
3000
3014
2984
3004
2910
3008
3031
3020
3115
3019
2992
3012
2956
2993
3011
3018
3005
3002
1331
3015
1851
2976
2989
3044
2989
2986
3016
2988
2750
2997
3032
3013
2916
2897
2987
3016
3040
3026
2990
2773
2968
2969
3060
2998
2731
2961
1960
2991
3031
2990
3023
2982
3047
3026
3019
2969
3010
3025
3033
3012
3024
3013
3006
2994
2986
2373
1766
2999
2957
2973
3013
2987
2985
2949
3062
3035
2900
3010
3014
2979
2949
2967
2988
3025
3015
3036
3006
2991
3002
3008
3029
3041
3011
2972
2993
3030
3014
3020
3039
2847
2960
2556
2983
2957
2986
3018
2959
2006
2998
3030
3035
3006
1190
2975
3006
3003
3002
3015
696
2999
2976
3025
2379
2988
3004
3002
3024
2969
3018
2952
2996
2997
2974
3029
3031
3024
3012
3041
2996
3004
738
2985
2964
3013
3019
3020
3019
3032
3022
2978
2976
2962
3044
2999
3017
2972
3038
2951
3010
3024
3030
2995
2896
3027
2992
3010
407
2985
2988
2979
3004
2994
3032
2984
3007
3054
3043
2954
1284
3041
2992
2994
3030
3007
3079
1435
3016
3013
2970
3008
3007
2997
3034
2967
3023
2519
3011
2955
1460
2319
2968
2995
2997
3000
2978
3012
2431
2972
3043
3026
2944
3033
3006
2997
3016
3006
2983
3105
2893
3029
2963
3086
3028
3033
3005
2962
3021
2045
3015
2969
3030
3005
3003
3046
2994
3007
2980
3083
2982
1679
2988
2972
3006
3056
3018
3024
2981
2995
3006
3006
2968
2974
2966
2993
2857
2697
3038
2994
2962
3016
3004
2972
2983
3004
2954
2938
2954
3012
3038
2726
3040
3028
3004
3010
2993
3000
3039
368
2991
2965
3044
2990
2268
3028
3020
2974
2968
2984
2994
3022
2999
2991
3022
3004
1994
713
2998
2727
2901
2989
2962
2990
2984
3043
3029
3070
2992
2993
1455
1423
3032
2989
3041
3040
3005
3021
3087
3000
2996
3022
524
3012
2999
2996
2981
3013
2982
3021
3004
2997
1173
2056
3034
2900
3024
2579
3038
2989
2997
3014
2969
2083
2993
3026
3019
2996
1319
3001
2915
2993
3013
3010
2977
2735
2994
3026
3028
2996
3023
3017
2992
3000
2987
1515
3017
3022
3005
2946
3021
3035
3027
707
2998
3022
2938
2997
2996
3018
2164
3011
3067
3017
3017
216
3018
3012
3024
328
2970
3024
2950
2983
3009
2976
3010
3043
2983
3042
826
2988
1802
2988
2994
3010
3007
3026
2999
3006
2315
1281
1390
3012
2990
3005
2993
2849
2956
3007
2983
422
906
3020
2956
2998
2995
2986
3013
3041
2933
3008
3050
2855
857
2970
3003
2558
3003
2996
3033
2960
1676
3019
3008
2905
3024
2988
3018
3028
3001
3001
3017
3015
3012
3018
2985
2972
162
411
2979
3020
3018
3024
3027
1209
3006
3002
3008
3042
586
3016
2997
3036
2999
2971
3018
3112
2990
2949
1472
2709
2944
2999
3008
3019
2976
3088
3020
534
3003
3009
3001
3003
3012
3010
2985
605
2962
3009
3053
3043
3033
3005
2967
2999
3045
3009
3013
3048
3017
3065
1149
3027
3034
2993
3006
3003
2978
2978
3005
2978
2907
3015
3024
2955
2966
3015
2964
3082
3014
3010
2992
3033
2979
3038
2999
2954
3000
2992
2984
3012
2976
2988
3020
1620
3026
2969
3008
3005
2974
3018
2336
2975
3009
523
2970
3017
2987
2996
2971
2941
2983
3019
2990
2993
3027
1813
2998
2963
2983
3010
2995
3001
1043
601
2987
2979
3034
2978
3002
3018
3034
2994
2999
2982
3002
2989
2965
3018
3015
3042
2944
3010
3063
2960
2222
2967
3026
3023
3013
3015
2992
3008
2998
2995
2999
3044
2720
3024
415
2143
1057
2989
2997
3008
3034
2960
3012
3015
3026
2557
2996
3011
2924
2994
278
3003
3009
2980
3013
2105
2951
3022
2983
2940
3070
3026
2969
2978
3078
2971
3021
2180
3010
3023
3057
3015
2962
3034
2649
3005
2984
3001
2997
2995
2972
2994
2977
2983
3043
3036
2119
3008
3013
2776
3024
2995
2778
2978
3006
2991
2943
2993
2974
2990
3014
3004
2987
2980
2385
3022
3036
2964
3062
3016
1067
3016
3036
872
2976
2969
3016
2532
914
2997
3009
2610
2975
2779
3009
3002
2993
3017
2993
2986
3017
2996
2990
2985
1330
3013
2963
1129
3010
2998
2918
2990
3026
2998
3014
619
2987
3044
2993
2977
3022
3051
3045
3004
3060
3041
3038
3013
3016
3010
3018
3006
2991
3017
2999
2914
2992
1143
2989
3047
3075
2930
3055
3026
3011
3006
2973
3012
3000
3030
2949
2984
247
3011
3016
2651
3009
3029
2973
2970
3011
3035
3005
2996
3013
2955
3015
2985
3019
3026
3028
3027
3007
3023
3008
2999
3028
2978
2998
3010
2989
2984
3009
3002
811
2940
3020
2967
3001
2982
2986
2980
3005
3001
2970
3021
3013
3017
3017
2959
3001
2996
2998
3000
3044
3011
3003
3004
2996
2995
1565
2989
742
3019
785
2964
2989
2977
2995
2942
1486
3099
3072
2820
2978
2997
3035
3015
2953
3029
3025
3039
705
2975
3029
3010
2983
3027
3026
3026
3001
3009
2973
3012
2995
3033
220
3054
2984
3011
3017
2122
3009
2970
3002
2980
3095
3013
3006
2968
3013
3042
2987
2980
2440
3027
2986
3007
3012
3022
2992
2985
3028
3027
2553
2951
3019
3003
3009
2996
3018
2934
2993
2994
3064
1452
2988
2013
2983
3010
376
2962
1473
3024
2986
2998
3035
2965
3029
2991
2991
3045
1983
2937
2997
2980
3064
2973
3017
2387
2248
2972
3024
2993
3002
3004
2988
3028
2065
3029
2977
2966
1122
2680
3008
3023
2815
3003
3026
3011
3000
2993
2982
3003
2990
2979
2978
3027
2971
2994
2968
2971
3004
2710
2996
3020
3000
3015
2962
2983
3020
2972
2970
2999
3006
2989
3010
2939
2983
2966
3000
2987
3039
3020
3026
2974
2964
2998
1544
3002
2988
3016
3040
3004
3008
958
1047
2983
180
3014
2958
2977
2996
2085
3024
3011
3007
1377
3010
2994
2994
2993
2192
3031
3019
3001
3014
2998
2989
3035
3008
3002
3025
2991
2977
3003
2966
3016
3034
2999
2977
2996
2081
3016
2982
2966
3005
2972
3020
3039
3027
2950
3080
2988
1247
2975
3030
3000
3018
3062
3011
2986
3003
2920
3024
3027
2755
2988
2987
2995
3014
2970
3000
3001
1183
913
2967
2932
3020
3002
1586
2990
2992
2994
2085
2971
3022
2978
2991
3008
3009
3006
3034
3015
2999
2983
2956
3034
2994
3040
3021
3020
2960
2990
2953
3031
2949
3037
2988
2991
3013
3059
549
609
2945
3008
2977
2985
3032
2957
2946
3008
1120
801
2982
2965
3034
3008
3020
2982
2987
3003
3012
3003
2970
2988
2981
3025
3000
2714
3010
3008
2921
3011
2962
2998
3017
3001
2988
3015
3010
3022
2977
493
2993
3008
3007
2923
2991
3025
3016
2849
2143
877
2879
3048
3039
3003
3030
2994
1845
2995
2987
3006
2974
2927
2876
2979
2976
3009
2983
3023
3022
308
3009
3002
2999
2992
3019
3014
2962
3065
3001
3011
2984
3000
1933
3075
3016
3006
3045
3017
3015
2960
3024
2986
3005
775
2973
3036
2980
2948
2992
2972
2967
3039
2983
2987
2988
3003
2999
2378
3019
3024
2994
2977
2979
3036
3019
2596
3019
2936
1454
3011
3020
3006
3025
3007
3034
3000
2982
3036
608
2998
2991
2667
3007
2873
1422
3014
3023
2967
3024
2474
2987
2995
3005
3070
3029
3014
3017
2977
2998
3035
3006
3014
3011
2777
3024
3030
3033
3024
2999
2983
2644
2992
2968
2989
3005
2263
3017
2986
2995
3055
3006
2971
3000
3029
2975
2989
2989
3005
2122
1168
2999
3002
3052
3008
3002
3078
2886
2978
2972
2985
3007
2989
3017
2879
2993
2979
3019
3003
3015
3001
2162
3008
2980
3052
2984
3022
2988
2463
2991
2498
3015
2966
3008
2963
3029
3015
3008
1776
2983
2992
3082
2846
3024
3014
2987
3018
3024
2991
2956
3038
1791
2998
2994
3025
3040
3004
3009
2975
3035
3000
2993
3009
3041
3023
3009
2842
2615
2786
3028
3014
2991
3015
309
3014
2984
3012
2978
2994
2987
2982
3008
2999
2998
2589
3008
2994
2990
2338
3001
2995
3003
3048
2988
3004
2980
3032
3001
3001
3001
3038
2925
2934
3003
3000
3007
636
3008
3016
3002
2976
3021
2982
2946
3005
3050
3046
3013
2956
1693
2895
3005
3005
434
3009
3016
3037
3013
2130
2874
3034
2986
2938
3026
3009
460
3004
3000
2962
2832
459
3018
3016
2986
2992
2985
2853
3014
3010
3005
3013
3012
2973
3003
238
3019
3003
3016
3018
2976
2996
3030
3033
3047
2999
2992
3000
2502
2985
3000
2965
2864
2960
2944
2995
2995
2989
3014
3024
2968
1872
2983
3010
253
3006
3008
2983
425
3018
3036
771
3023
2974
3029
2996
3015
2479
3003
3006
2990
2994
3007
2985
2961
3028
2987
3011
2969
3014
3007
3023
2981
2987
3021
3011
2973
2994
3010
2981
2982
3012
3032
3006
2992
3021
2964
397
2994
3003
2996
2977
2983
3014
3019
3002
3004
3030
3005
3007
1511
1193
3037
3019
2977
2584
2996
2970
2999
3022
2985
3014
3002
3027
2986
3018
2981
2679
2998
514
2999
3024
1418
2946
3034
2987
2961
3029
3006
2634
2990
2993
3027
3001
3014
2999
3028
3010
3020
3040
2985
2940
1505
2952
3007
2997
3045
2995
2938
3000
3011
2820
3014
3002
3005
3019
2998
3011
3011
856
2986
2957
3009
1170
2810
2983
2515
3019
2993
3025
2997
1940
2989
2987
2941
2985
2949
3005
2829
3026
2983
2983
2940
2982
2995
2993
2937
3002
2985
2983
3024
2936
2988
2993
1233
2993
2959
2985
2983
2980
2981
3029
2882
3015
2976
2990
2965
3020
2908
1467
3038
2986
3009
2322
3072
2993
2979
2988
3027
2930
2989
2986
3031
3033
3003
3089
2125
2982
3020
3024
2989
2968
3016
3003
2996
3014
2994
3021
2958
2934
3010
2971
2995
3030
432
3028
3024
3065
3011
3033
2996
1774
3005
3006
2988
2978
3017
2984
1555
2965
3004
2990
2978
3093
3002
3032
2995
2979
2086
2992
3005
3042
3000
2993
3017
2998
3038
3050
2997
3009
3050
2994
2999
3006
3015
2996
3013
374
2998
3015
2986
2978
3026
3090
2987
3013
2952
3014
3008
2049
3017
3023
3013
1093
3022
2978
3045
3012
2971
3017
3004
2993
2997
2981
2728
3029
3007
3029
2994
3025
3022
3033
3033
3001
3027
2992
3020
517
3012
3010
508
2101
2983
3043
2987
2969
2977
562
2965
2952
3014
2958
2993
2977
2969
3009
1626
3016
3034
2991
3000
2995
3004
3095
2998
2991
2989
3003
2967
2981
3002
