1077
1559
1549
1558
1562
1551
1552
1552
1560
1561
1551
1563
1562
524
1552
1551
1557
1552
1547
1523
878
1409
1554
1553
1545
1558
1560
1556
1557
1549
1458
1550
1550
1554
1553
1537
1557
1551
1554
1561
1551
1541
737
1549
1556
1559
1545
1432
1561
1541
1545
1564
1562
1562
1554
1021
1566
1562
1560
1558
1566
1396
1567
1561
1563
1564
1261
545
1560
1557
1558
1561
1567
1544
1548
1565
1564
1549
1547
1565
1523
1562
1542
1560
872
972
1560
785
1556
1548
1554
1131
1560
1560
1555
1554
1559
1559
1556
1555
1554
1556
1188
1552
1553
1555
1087
1557
1561
1563
1563
1525
1555
1545
1554
1558
1554
1551
1540
1374
1556
1556
1550
1566
1539
1558
1553
1556
1557
1553
1559
1562
1562
1537
1554
1555
1554
1554
1561
793
1516
1552
1546
1560
1564
1183
1556
1567
1553
1560
1429
1558
1563
1551
1569
1556
1542
1539
999
1562
1536
1562
1543
1536
1564
1561
1541
1537
1555
1541
1558
1555
363
1555
1560
1558
777
1557
1559
1541
1555
1558
510
1554
1556
1556
1558
1458
1551
1552
1559
1555
1557
1536
1550
908
1545
1548
1558
878
1563
1550
1532
1558
1555
1567
1182
1465
1549
1560
1557
1543
1543
1430
1561
812
1567
1558
1508
1564
1449
1551
1562
1561
1572
1557
1558
613
1557
880
1544
1043
1550
1555
1548
1566
1543
1557
1546
1556
1553
1285
1554
1557
1540
876
1556
1540
1555
1558
1565
1518
1555
1563
1546
1554
1550
1395
1556
1555
1561
1567
1556
1565
1559
1561
1553
876
1554
1554
1557
1537
1558
1554
1562
1553
1562
1559
1559
1552
1560
1561
1550
1563
1553
1559
1565
1558
1553
1554
1562
1552
1550
962
1551
1243
1549
1069
1547
945
1542
1552
1546
1558
1553
1551
1553
1559
1549
1557
1387
1558
1554
1560
1554
674
403
1566
1557
1548
1550
1559
849
1550
770
1560
895
1564
1563
1556
1559
1559
1558
1565
1555
1561
1552
1560
1554
1350
1555
1564
1552
1478
1556
783
1553
1552
878
1543
783
1548
1558
866
1563
1559
1527
1561
1176
1535
1550
1557
1559
1553
908
1564
1561
1554
1550
1522
1538
1544
1549
1557
1560
1562
1558
882
1571
1558
1060
1561
1553
1569
1531
1556
1550
1559
1554
1551
1558
1561
892
1566
1560
1554
1542
1551
1557
1554
1539
1556
1562
1563
1555
1555
1565
1564
1547
503
1561
1535
1559
1563
1559
1560
1564
1558
1565
1565
1564
604
1558
1549
1542
1545
1557
1556
1499
1552
1560
1559
1561
1557
1559
1553
1550
1556
1556
1541
1518
1557
1551
1553
1551
1520
1553
1564
1555
1559
378
1566
1084
1536
1546
694
1555
1554
701
1554
1562
1543
1559
1550
1561
1559
1562
1532
1554
879
1554
791
1565
1244
1561
1565
1543
1554
1551
1560
1556
1556
1553
1550
1202
1560
1552
1530
1526
1042
1568
1547
1456
1432
705
1550
1549
1447
1559
1562
1543
1565
3176
1539
1551
1546
1546
1541
966
1549
1543
1546
1550
1539
1551
1546
1556
1553
1558
1553
1544
1547
1558
1552
1560
1552
1551
1538
1551
1553
1556
1556
1560
1556
887
1564
1553
1560
1553
1557
1546
1560
1551
691
1557
1554
877
1535
1549
1182
1556
1553
1563
1374
1544
1554
1553
1552
896
1556
1549
1544
1554
1552
1559
1537
1552
1559
1549
877
1554
1552
1549
882
1554
1539
997
1559
1559
1555
1556
1538
796
1547
1553
1555
1557
1532
1548
1554
1562
1541
1563
1554
1557
1555
1552
1554
1557
1412
1545
1551
1560
1556
613
1566
1531
1556
1560
1267
1554
1569
1563
1566
1562
1544
1556
1562
1563
1547
1542
1554
1533
1547
1554
1560
1533
1557
1559
1561
1412
1557
1581
1556
1549
1552
1543
1539
1563
1409
1551
1563
1561
1550
1547
1031
1548
1558
1560
1553
1555
1559
1557
1554
1543
1550
1542
1528
1558
1554
1560
1555
1556
1505
1320
1561
1558
1556
1551
1551
1555
1559
1564
1546
1539
1566
1552
1090
1540
1559
1536
1551
1549
1561
1548
1556
1553
1547
1558
1556
1539
1547
1555
1553
1543
1553
1553
1002
1552
1550
1552
1548
604
1546
1549
1557
1022
1551
936
1492
1543
904
1560
1558
1549
1542
1560
1557
818
1555
1535
1563
1559
1140
1563
1555
1558
1556
1559
1559
1563
1533
1304
1560
1562
337
1558
1552
1559
1560
1555
1550
1556
1565
1555
543
541
1558
1563
868
1559
1557
1552
1550
1555
1565
1550
1554
1560
1546
1567
1558
1557
1555
1556
1548
1558
1552
1560
1559
1556
1559
1555
1553
1550
1550
1555
807
1559
308
1563
1552
846
1554
1555
1560
1558
1541
1525
1556
1565
1554
1554
1552
1551
1551
1558
1558
1554
1555
1550
1555
1539
1539
1521
1551
1547
1557
1263
1556
1559
1560
1556
1558
1548
1551
1554
1549
1556
1564
1075
1556
1541
1556
1553
1556
1529
1548
1508
1548
1550
1558
1549
1545
1553
1556
1556
1559
1548
1557
1551
1527
1552
1554
1555
1556
1556
1560
1563
1561
1554
1556
1548
926
1387
1551
1560
1552
1556
1533
1560
1549
1544
1552
1545
1556
1319
1555
1559
1523
1563
1554
1544
1564
1561
1563
1552
1561
1540
1540
1553
1566
1557
1561
1539
1546
1551
917
1543
1510
1551
1560
1556
1554
1536
1530
1483
1553
1562
1557
1549
1550
1548
1530
1548
1554
545
858
1551
1563
1564
1554
869
1563
1559
1562
1560
1558
1560
1559
1540
1549
1552
1556
1568
1340
856
1561
1566
1560
1558
1555
338
1548
1330
1556
1563
1555
1557
1551
1561
1519
1562
1542
1542
1550
1559
1545
1563
1559
1553
847
1549
1551
1560
1543
1552
1550
1539
1556
493
907
1539
980
1531
1556
1556
1555
864
1551
1558
1169
1200
1553
1525
1559
1554
1557
1558
1413
1554
1562
1560
1574
1553
1548
1538
1557
1561
1560
778
1554
1004
1544
1552
1554
1555
1561
1018
1565
1560
1557
1556
1541
1559
1554
1559
1554
1551
1410
1556
1548
1552
1554
1559
1559
843
1561
1355
1562
1552
1554
1564
1177
1561
1561
1472
1553
874
866
1559
1558
1560
1564
1348
1537
1544
1567
1561
1449
1565
1565
1562
1554
1551
1537
1562
1550
1561
876
1559
1107
1542
1564
1557
1082
842
1551
1567
1554
1562
1564
1559
1556
1225
402
1576
1546
1552
1560
896
1567
1550
1555
1557
1550
1519
1553
1498
1560
1554
1566
1540
1551
1529
1539
1552
1554
1550
1560
1560
1569
1565
1522
1551
1551
1555
1547
1561
1545
1551
1559
1550
1563
1548
1525
1555
1542
1550
1535
1556
1565
845
1553
1529
1545
1554
1554
1553
1557
1523
1559
1550
305
1561
1557
930
1554
1555
1079
1560
1557
1546
766
1557
1556
1557
1552
1560
1560
1148
1519
1544
1556
1538
465
1566
1556
1558
1553
867
1559
1032
1541
1557
1520
1544
1558
1564
1558
1561
1544
1547
1552
1560
1555
1555
1559
1557
1559
1552
1559
1560
1558
1557
1558
1233
1543
1544
1559
1555
1549
1540
1550
1559
1553
1555
1546
1543
1545
1561
1557
1561
1502
1555
1560
1555
1555
1561
973
1556
902
1107
1555
1555
1557
1554
1559
1557
1249
1559
1557
1559
1553
1554
1188
1561
1528
1438
1505
1076
1545
1556
1550
1546
1524
1543
1562
1540
1552
1560
1545
1546
1435
1563
1149
1556
1550
1554
1542
959
1557
1562
1563
1562
1564
1527
1555
1561
1557
1456
1549
1545
1489
333
1567
1021
1561
1551
1532
911
1543
1561
1555
1555
1551
1560
1560
1546
1554
1554
863
1555
1528
1555
1420
1555
1548
1556
651
1567
1554
1551
1555
1540
1558
1564
1552
1560
1557
874
1557
1559
1563
1489
1556
1546
1551
1556
1552
1527
1559
1557
1552
1559
825
1559
1548
1559
1560
1559
1561
1570
1563
1551
1306
1552
1560
1548
1551
1553
1552
1565
903
1558
912
1564
1077
1555
1561
1554
1557
1559
1548
1559
1542
1563
1339
1556
1550
1282
1560
1550
1550
1556
806
864
790
1541
1550
1560
1562
1133
1558
1554
1542
1553
1541
1557
319
1550
1556
899
1556
1553
684
1558
870
1550
1560
1557
330
1562
577
1548
1459
1541
1558
1554
1560
1547
1542
1575
1097
1547
1543
1554
1557
1562
1562
1552
1438
1538
1557
1559
1524
1549
1570
1550
1562
1557
1557
1553
1554
1553
1559
1562
1548
1503
1521
1538
913
1553
1553
1553
1563
1555
1556
880
1460
1542
1543
1556
1549
1559
1548
1242
1558
1562
1544
1551
1563
1554
1558
1536
1558
1555
1554
1564
1552
719
853
1557
802
1553
1554
1559
1560
1540
1551
1530
1552
1552
1555
1565
1557
1274
1544
1559
1551
708
1544
1557
1558
1555
1558
1556
1544
1552
1555
1522
1545
1562
1555
1560
1558
1555
1558
1542
1554
1553
1563
1556
921
1407
1553
1536
1554
1557
1206
1553
1558
1561
1549
1555
1553
649
1251
1564
1559
1554
1553
1555
1532
1539
1550
1547
1554
1555
1040
1544
1562
1066
1548
1552
1558
1557
1558
1552
1559
1554
1546
1556
1556
1554
1545
1563
870
1551
1561
1556
1577
1557
1555
1549
1556
1552
1553
893
1552
1559
1555
1522
1560
1487
1555
1559
1550
1555
1048
1551
885
1553
998
1557
1553
1558
1557
1555
994
1532
1427
1555
1544
1562
1561
1551
296
1563
1560
1556
1556
1552
1541
1553
1552
1556
1559
1550
1562
1561
1562
1559
1552
1559
1557
1554
868
1557
1523
1543
1560
1555
1557
1556
1548
878
1563
821
1545
1558
1566
1036
1541
878
1558
1561
1562
1557
1564
1556
1578
1551
1504
1565
1556
1554
1558
1554
1220
1552
1557
1513
1549
1554
1553
1565
1561
1563
1540
1563
1554
872
1560
843
1560
1564
1549
1567
1556
1149
1563
1551
1556
1555
1569
761
1563
1144
1570
1556
1556
1556
1557
1560
1563
1558
1554
1557
1569
1560
1545
1558
1557
1546
1569
1162
1550
1550
1545
1559
1517
1556
1549
1552
1559
652
1555
1556
1560
1539
1546
1561
1544
1557
1548
745
1562
1025
1523
1561
1548
1559
1558
1539
1553
1550
1556
1546
1558
407
1565
1113
1560
1541
1555
1552
1554
1558
1128
1552
1554
1562
1326
1547
1554
1560
1549
1558
1560
1334
1569
1553
1534
1558
1566
1551
1556
1545
1558
1552
1559
1557
1548
1547
1560
1563
1553
309
1548
1558
1549
1551
1571
1558
1546
903
1536
1565
1563
1563
1139
1561
1556
1560
1562
1547
1554
1107
1547
1002
1558
1561
1551
1548
1555
1555
1560
1563
1552
1557
1541
1552
821
1559
1564
1557
1552
1557
1548
1552
1555
1396
1552
1438
1561
1528
1550
1534
906
884
1539
1552
1523
754
1556
1546
1559
1556
1554
1547
1041
1554
962
1561
1559
1543
1565
1554
1551
1553
1543
1546
1357
1548
1563
1545
1556
1558
1556
1558
840
1545
1546
1556
1540
1547
1554
1548
1544
1556
1563
1555
1557
1561
1555
1557
1541
1548
1560
1533
1544
345
1559
1562
1556
1570
801
1559
798
1551
1548
1557
1543
1544
1556
1555
1559
1561
1289
1549
1554
533
1532
1549
1556
1558
1552
1542
1563
1550
1553
1559
1552
1551
1061
1557
1562
1555
1555
1560
1549
1551
1550
1554
1539
1548
1556
1457
1554
1562
1550
1555
1554
968
1559
1560
1562
1553
1561
1551
1563
862
1553
1541
1045
1557
1554
1553
1549
1554
1558
887
1554
1349
1553
1553
1555
1556
1093
1560
1539
1556
1573
1544
1561
1384
1554
1556
1556
1000
1562
1489
1559
1554
1556
1555
1557
1566
1552
1565
1545
1565
532
1541
1555
1554
1558
1314
1557
1553
1558
1560
1561
1566
1550
1560
1565
1558
1545
1529
1524
794
1556
1563
1374
1547
978
1558
1551
1555
1558
1295
1562
1562
1555
1484
1562
1550
1554
1556
1572
1313
1565
1556
1545
1554
1539
1558
1554
1546
1263
1558
1558
1553
1559
1551
939
1553
1565
1476
1556
1544
1553
1535
1557
1563
1552
1551
1555
1563
1558
1563
1554
1558
1536
1559
1549
1554
556
1552
1556
1558
1556
1561
1554
1535
1491
1556
812
1554
1542
1553
1538
1553
1545
1553
1562
1550
1560
1561
1555
1556
1543
1547
1420
1559
1534
1559
1559
1560
1523
1563
1545
1523
1559
1551
1562
1560
1554
1555
1555
791
1554
1546
1529
1079
1561
1560
1565
1564
1562
1566
1556
1558
1553
1563
1158
1558
1550
1553
1560
1546
1558
1563
1561
1546
1553
1033
1562
1565
1554
1551
1558
1562
1554
1565
1562
1558
1558
1561
1558
1545
1553
1557
1552
1556
1555
1562
1540
1557
1558
1558
875
1553
1549
1560
1535
1557
1558
1540
900
1565
1334
1547
1339
1564
1562
1558
1562
1556
1552
1559
1557
1564
1553
879
1542
1554
1497
1537
1563
1557
1560
1540
1561
1557
1556
1564
1556
1567
1557
1565
1544
1514
830
1565
1558
1563
1004
1548
1558
1561
1566
1559
1556
1558
1553
1553
1557
1550
1552
1559
1540
1561
922
1550
1548
959
1553
872
1562
1486
1230
1553
1562
1314
1534
1555
1558
866
1538
1552
1554
1559
1556
1554
1556
1549
1554
1561
1556
1543
1546
1546
1539
1556
1543
1554
1558
1557
1543
1556
730
1549
1556
1554
1325
1553
1555
881
1560
1545
1562
649
1560
1490
1557
1555
1547
1560
1563
1550
1548
1554
1545
1551
1047
1560
1557
1554
871
1554
1557
1551
1555
1552
911
1550
1333
1563
1554
1559
1337
1552
1560
781
1554
1550
1552
1549
1561
1565
1525
1556
1557
1561
1552
1553
440
1554
1535
1390
1553
1562
1546
1553
1217
1559
1539
1557
1552
978
670
1555
1550
1542
876
877
821
1552
1562
1553
1561
1570
1549
1173
1558
1558
1559
1545
546
1557
1544
1411
1529
1558
1559
1556
1548
949
1559
1552
1550
1553
1557
899
1557
1551
1517
1153
1556
1547
1561
1558
1553
1062
1541
1553
1553
1557
1553
1539
1550
1555
1552
1551
1246
1552
1559
1438
1553
1554
1530
1559
1563
1562
1559
1555
1559
1570
750
1562
1557
1554
1564
1565
1558
1563
1560
1543
1554
705
1307
1564
1558
1545
1534
1546
1554
1541
1547
943
1556
1553
887
1559
1553
1559
778
846
1019
1561
1560
1543
1028
1554
1560
1564
1557
1537
1564
1557
1544
1558
1564
1555
1544
1551
1296
1566
1557
1553
1561
1542
1583
881
1558
1553
1559
1559
1563
1564
1563
1053
1556
1560
1563
1554
1559
1556
1067
1554
1543
1563
1560
1542
1549
1165
1552
1560
1277
1552
1564
1555
1549
1568
1532
1552
1518
1564
1543
1545
1548
1556
1559
1559
1559
1548
871
1541
1557
1540
1542
1559
1557
1559
524
1563
1554
1551
1542
1551
1541
1543
1541
1256
1540
1567
1552
1549
1554
1564
1548
1556
1568
1558
1554
1561
1550
1548
1556
1551
1549
865
368
1556
1557
1540
1563
1555
1557
1559
1561
1564
1101
816
1562
1566
1520
1565
574
1543
1565
1549
1562
518
1559
1564
1567
1561
1550
1562
870
1549
1537
1552
1554
1544
1558
1537
1281
1547
1557
1564
1560
1559
1559
1560
1551
1530
1556
1029
1560
1561
1526
1553
1556
1555
910
1541
547
1566
1559
1555
1561
1094
1560
1549
1558
1535
1544
1559
1550
1560
872
1544
441
1558
1545
1542
1559
1545
1502
1557
875
1551
1560
1548
1552
1556
1558
1537
1549
1553
1542
1538
1552
1562
1563
1557
1556
1557
1555
1551
1524
779
794
1553
1556
1539
1552
1555
1545
1555
1555
1555
1558
960
1539
1546
1554
1269
1553
1542
1518
1552
1562
1551
1558
1551
1544
944
1545
1517
1560
1559
1546
1558
1061
1558
1554
1552
1536
417
1558
910
1558
1545
1557
874
1535
1552
1553
1563
1561
1558
1558
1553
1538
1552
1554
1549
1529
1556
330
1555
1559
1550
1558
1559
1563
1557
1538
1556
1557
1556
1557
1559
1558
1549
1552
1553
1560
1430
1534
1552
1557
1552
1555
1561
1542
1553
1559
1550
606
1409
1560
1558
1530
1544
1562
1552
1559
1562
1548
1557
1548
1555
1495
1557
1563
1239
1566
1551
1564
1525
1556
1553
1555
1521
1550
1552
1553
1566
1560
1558
1551
1561
1555
1556
1561
813
1559
1557
1564
1557
1551
1532
1564
1554
1562
1566
1563
1548
1560
1545
1545
1550
1553
1558
1560
1559
1561
1172
1547
1246
1207
1539
1555
1562
866
1561
1550
1553
1561
1558
1556
1557
1557
1553
1561
1551
1566
1554
913
880
1556
1542
1540
1442
1223
892
1559
1557
1548
1539
1553
1550
1559
1549
1561
1560
1558
836
1552
886
1560
1558
1561
1565
1558
1556
1553
1529
1354
1560
1559
1559
1564
1552
1546
1555
1187
1555
1146
1557
1553
1557
1006
1559
914
1547
1559
1561
933
1517
1524
1543
1543
1538
1562
875
1562
1528
1546
1545
889
1564
1561
1530
1556
1559
1548
1559
1555
1545
1555
1549
1552
1552
1554
1541
1547
1548
1550
1552
1553
1555
998
1559
1542
1539
1557
1554
1561
1558
1551
528
1557
1551
1542
1551
1553
1541
1556
880
1440
1544
1554
1556
1559
1557
1552
1559
1553
787
1563
970
1565
1561
1563
1563
1547
886
1547
908
1559
1553
1550
1569
1541
1554
1540
1557
508
1554
1539
1561
1553
1554
1556
1558
1539
1556
1541
1551
1555
1554
1542
697
1553
1555
1560
1558
1555
1545
886
1542
1561
1553
1553
1555
1018
1554
1559
1564
1560
1552
1556
1554
1551
1554
813
1557
1552
1555
1525
1548
1562
1560
1558
1540
1557
1557
1560
1539
1560
1561
1561
1534
1548
1556
1548
1555
785
1554
526
398
1566
990
1010
1560
1553
1544
1553
1420
1560
1552
1559
1541
1552
1529
1551
1555
1558
1561
1558
1561
1540
1543
1551
1539
1551
636
1558
1563
1558
1283
1562
1556
1545
1557
1553
949
1450
1557
1538
1561
1543
1552
1554
837
1556
1553
992
1558
488
1553
1557
1555
1567
1560
1552
1523
1563
1555
1542
1547
1541
1559
1557
1557
1542
1555
1556
1557
1554
1556
1511
1549
1549
1565
1558
856
1561
1523
1561
1556
1565
1550
1558
1539
1554
1556
1546
1554
1559
1553
1561
1552
1561
1558
1555
1542
1536
1548
1549
1567
1550
1558
1281
1559
1558
857
1545
1554
1525
1552
1557
1552
489
1525
1531
1543
1542
1230
1558
1555
774
1554
1544
1558
1554
1564
1562
1553
1549
1559
1557
1554
1562
1548
1551
750
1546
1565
1554
1548
556
1153
1562
1554
1560
1553
1558
1557
1559
1557
1567
1559
1557
873
1558
1527
1553
1466
1552
1555
1571
1547
1555
1544
1554
1554
1550
1392
1555
1556
1555
1556
819
1547
1555
872
1551
1267
1557
1558
1556
1546
1553
1552
1556
1566
868
1557
1563
602
1565
1544
1549
1553
1021
1466
1553
1540
1560
1555
1558
1549
1553
1561
1547
1553
1539
1556
1046
1553
1553
1560
1557
1140
1558
1542
1559
1546
1556
1571
1554
1557
1554
976
1395
1489
1547
1559
1547
1552
1227
1542
1554
1555
893
1564
1555
1455
1557
1560
1546
1554
1555
1550
1256
1564
1557
1545
923
1552
1564
1546
1556
1164
1541
1559
1033
1537
1563
1527
1535
1563
856
1531
1553
1562
1565
1562
1568
1564
1552
1559
1560
1006
1554
1518
1559
1555
1557
1543
1555
1564
1559
1564
1548
1561
1558
1564
1563
1558
1554
1560
1561
1558
1562
1559
1547
1560
1551
1553
1561
722
1556
1559
1550
661
1506
1560
1035
1509
1563
1561
1560
1560
1559
1549
1564
1559
1006
1425
1561
1550
835
1557
1564
873
1559
1542
1554
1549
1555
1557
1397
1551
1556
1025
1134
1551
1557
1561
925
1549
1537
1561
1561
1564
1563
1559
1555
1555
1567
1559
1084
1562
1553
1559
1560
1554
1547
1549
1554
1558
1557
1563
1554
1558
1560
1563
1554
1558
848
1560
1566
1552
1553
1555
1559
1563
1563
1554
1555
1560
1552
1548
1521
1558
1561
1557
1556
1553
1560
1557
1553
1255
1553
1560
1565
1561
1565
1562
1552
650
1554
1555
1550
1551
1528
824
1551
963
1551
1558
1563
1558
1557
729
1554
1554
1552
1554
1565
1475
1562
1563
1572
1543
1543
1545
872
747
1549
1310
1558
1555
1562
1422
1547
1560
1553
1542
831
901
1563
1564
965
1331
1352
1553
1558
1562
1556
1562
1557
1558
1551
1558
1541
1559
1491
1560
1546
1558
1560
1558
1553
1555
1554
1546
1556
1553
1560
1543
1555
1561
1011
1556
1130
1550
1231
1560
1556
1557
1546
1552
1549
1545
1550
1562
1552
450
1562
1315
1554
1556
1550
1553
1554
903
1542
1549
1539
1551
870
1553
1551
1554
1553
1539
1558
1549
1547
462
1553
1545
1556
1561
1522
1555
1552
1555
1483
1558
1552
865
1563
1557
1556
1560
1560
1567
1564
721
1561
1560
1546
1557
1554
1551
1557
1559
1544
1545
1554
1557
1550
1540
1547
1561
1550
1547
1544
1554
773
1554
1556
1562
1557
1547
1549
1557
1554
1552
1554
1556
1559
1549
1562
1558
1550
1555
1476
1557
1553
1559
1554
799
1095
1556
1550
1555
1554
1549
1555
1078
1556
1552
1549
1562
1547
1558
1558
1553
1555
1553
1560
1553
1558
1550
1552
676
1555
1552
843
1554
1560
1037
1543
1548
1554
854
1554
1555
1550
1549
1549
875
1569
1556
1554
1538
1550
1567
1537
1556
1560
1556
1556
1552
875
748
1511
1585
1549
1557
1562
1561
1566
1546
896
1568
1543
1537
1545
1535
1518
1171
1497
1559
1548
1561
1563
1556
1553
1565
1559
1560
1543
1556
1557
1562
1549
1540
876
1536
1542
1552
1548
1549
1545
1553
1523
1554
509
1554
1556
1559
1559
1555
1556
1553
1549
1553
1556
879
1554
1395
1553
820
1558
1549
1556
1544
1573
1559
1557
1555
1561
1554
1547
1550
1540
1546
1544
1555
1542
1559
1561
1541
1557
1551
1556
1547
1559
1480
896
1550
1545
1541
1554
1548
1540
849
1549
875
1558
1564
1539
1559
1560
1524
1549
1565
1526
1559
1556
1116
1084
1551
1551
1520
1565
1566
1335
1564
1559
1560
797
1556
1561
879
734
1568
1563
1565
1557
1572
1558
1544
1558
1567
1556
1562
1558
1286
1568
1559
1559
1562
1556
1561
1551
1540
1522
1553
1380
1556
1558
1539
1523
1562
1558
899
1558
1550
1552
1551
1558
890
1535
1553
1544
1560
1553
1545
1545
691
1553
1555
1563
1563
901
1549
1549
1551
1559
1557
1143
1554
1549
1008
1543
1517
1553
1528
1556
1560
1564
1543
1556
1112
1223
1563
1353
1551
1553
1550
1096
435
1543
1561
1550
1551
1548
1559
1384
1531
1551
1558
1561
1562
1556
1559
1558
1556
1556
1562
1556
1557
1558
1564
1548
1555
1557
1549
1557
1532
1549
556
1558
1561
1564
1539
1557
1560
1557
1564
1557
1549
1555
1549
1563
1548
1539
1551
1557
1296
1561
1560
1557
1555
1556
1558
1555
1540
1540
1544
1554
1558
1550
1525
1529
1553
1548
953
1551
1542
1553
1554
1557
1558
1014
1554
1550
1551
1556
1554
1047
1560
1022
1557
773
816
1569
1559
1552
1523
1556
1557
1542
1558
1557
1541
1557
1542
1557
1551
1563
1551
1558
1541
1548
1563
799
1544
1548
1526
1551
1554
1554
1551
1554
1558
1557
1553
1557
1472
1558
1548
1562
1557
1551
1552
1553
1525
1561
1554
1542
1555
1037
1556
1540
1560
1553
1554
1548
1557
1552
594
1525
1565
1555
1530
1550
1550
1558
1555
1556
1548
873
1556
1556
1553
1550
1560
991
1558
1556
1559
611
1556
1474
1550
1546
1556
1558
1562
1564
1556
1554
1553
1553
1554
1547
1544
1559
1042
1561
1553
1560
1560
1560
1440
1563
1552
1549
1555
809
1556
1544
1545
1452
1561
1054
1559
1565
1548
1559
1558
1554
1564
1547
347
1556
1560
1534
1550
1557
1545
1539
1565
889
1545
1543
1296
1555
1558
1554
1545
1557
1550
875
1560
1548
1538
1548
1567
1553
1536
1556
1550
1539
1558
1562
1560
1514
1562
1543
562
1547
1523
1546
1462
1541
1538
1552
1549
1557
1558
1557
1561
1514
1557
1553
1538
1558
1557
1540
1553
1552
1553
999
1548
1544
1519
1558
1430
812
1553
1554
1555
1550
1549
1047
1550
1555
1557
1553
1552
1548
1537
1547
747
1152
1558
700
1550
1540
1559
1546
993
1557
1503
1558
1548
1564
1559
1559
1560
828
1556
1544
1556
1564
1561
1565
1554
1553
1556
1565
1539
1557
1529
1558
1537
1556
1558
1553
1556
1539
1540
968
1548
1550
1566
1559
1539
1004
1556
1553
1556
1536
942
659
1564
1564
1513
1548
1543
1546
1564
1556
1555
1559
1560
1334
1555
1543
1150
1558
1552
1553
1559
1529
1350
1554
1559
1561
1557
1564
1552
1051
1553
1552
1559
1557
1563
1564
1551
1053
1545
1555
941
1546
1530
1542
1560
788
1541
871
1558
1396
1540
1538
1550
1549
1558
1249
1552
797
1561
1560
1556
1557
1554
1563
638
1565
1560
1462
1567
1550
1554
1562
1564
1540
1556
1545
1560
1558
1562
1551
1544
1556
1559
1483
1488
1554
1311
1550
1534
1551
1504
1547
948
1542
1555
1540
1542
843
1561
1559
1541
1551
1557
1554
1551
1560
1550
1557
1556
1557
1556
1566
1545
1556
1556
1558
794
964
1549
1559
1544
1552
1546
1292
1563
1561
1543
1333
1191
870
1431
1545
1561
1562
1558
1557
1558
1234
1560
1547
1549
1546
1548
1547
1440
1568
1551
1554
1559
1554
1553
1555
1553
1311
1547
1004
1513
1556
1556
1525
1517
1555
1546
1559
1550
1576
1553
1439
1557
1557
1549
1553
1549
1554
1560
1558
1554
1554
1553
1555
1551
1543
1538
1547
1386
1551
1548
1557
1549
1171
1559
1542
1546
1548
1556
1559
1548
985
1003
1559
1546
1524
1548
374
1542
1542
1551
1540
1548
1548
1553
1554
1558
1540
1033
1564
1536
888
1554
1553
1550
1545
1550
1556
1552
1571
1558
1557
1541
1552
1544
1547
1318
1543
1443
1560
1556
1551
878
1559
1565
1562
1099
1525
1552
857
871
1553
1560
1553
1555
1555
1561
1553
1557
1558
1559
1558
900
1553
1549
1560
1562
1549
1553
1554
669
1548
1556
1553
1559
1550
1565
1146
1562
1529
1560
1510
1550
1552
1560
1560
1552
1551
1563
441
1546
1531
1552
1558
1550
1545
1543
1556
1534
1554
1552
755
1259
778
1543
1547
1557
1541
1543
1551
1559
1559
1555
1558
1567
1557
1544
1557
1550
1561
1560
1541
1543
1548
1548
1554
1547
1561
1555
1543
1561
1557
1552
1255
1555
1535
1550
1554
1542
1557
1557
1553
1568
1557
1534
1555
1554
1553
1541
1048
1556
1562
1561
1522
1308
1556
1536
1541
1552
1564
1558
1558
1557
1107
1329
1549
1563
1554
1541
1561
1562
1524
1559
835
1348
1561
1558
869
1534
1536
1561
1554
1556
1555
1550
1557
1548
1551
1500
1257
1554
1546
1019
1553
1548
1558
1545
1556
1019
1556
1556
1556
1558
1549
1560
1549
1554
1555
1558
1560
1553
1555
919
1561
1557
1553
1558
1551
1540
1015
1559
1561
388
1531
1565
1548
1559
1491
1557
1556
1552
732
1538
1537
1065
1558
441
1545
1561
1557
1557
1550
1548
1557
846
1539
1560
1558
1563
1282
1554
1555
1551
1529
1558
1555
1555
1552
1552
1551
1562
1485
1553
1559
1558
975
980
982
1556
1553
1556
1557
997
1547
1544
1356
1559
1552
1546
1553
1552
1552
864
1558
1552
1555
1560
1552
1532
1546
1565
1552
1554
1551
881
1548
1554
1553
923
1555
1553
1553
1543
1506
1558
884
1553
1541
1558
1539
1540
1555
1020
1552
1560
1553
1537
1537
1553
1549
1477
1561
1558
1550
1557
1196
395
1557
1562
1547
1533
1559
1363
1559
1554
1556
1557
1556
1558
1545
1561
1543
1007
1565
1555
1561
1556
1548
1550
1557
1548
1559
1564
1540
1557
1555
1552
1537
1548
1549
1548
1555
1520
1562
1563
1383
1526
1552
1555
1558
1548
1539
1562
1420
1551
855
1548
1369
1554
1544
1562
1515
1552
1558
756
1549
1559
774
1553
1560
1557
1453
1315
1554
1548
1567
1551
1551
1559
1559
1557
1557
1545
1327
1550
1558
977
1555
647
1547
1122
1559
791
1562
1559
1536
1560
1566
1563
1567
1552
1539
1577
1563
1546
1555
1550
1558
1551
1555
903
1158
1560
1547
1551
1542
1563
1514
1556
1552
1555
1490
1560
1558
1566
1569
1563
1561
1560
1548
1558
1564
1554
1517
1555
799
1553
1556
1533
1561
1537
1557
1446
1565
1553
1558
1556
1557
1550
1560
1562
1577
1540
742
1549
1552
1558
1557
1564
1561
1555
1552
1544
1025
428
1551
1546
1550
1552
1178
1541
1015
879
1054
1550
1545
1547
1558
1514
1557
1548
1558
1407
1534
1561
1506
1558
1556
1562
1495
1555
1553
1553
1554
1563
1556
1559
1542
1541
1558
1559
1555
1561
1550
1556
1553
1561
1557
1553
1479
1550
1561
1554
1557
1552
1548
1557
1559
1558
1557
1553
1375
1556
1555
1533
1557
1555
1564
1548
1535
1164
1556
1557
1549
825
1565
1547
1561
1564
1563
1556
1449
1547
1559
1567
1557
1563
1549
1562
1552
1557
1536
1563
1554
1556
1542
1563
1561
1558
1556
1544
1564
1576
1089
1562
1561
1560
1564
1555
1552
1519
1570
1548
406
1554
1565
1561
1565
870
1561
1554
1563
1543
1313
1087
491
1109
1554
1555
1555
1228
1558
1555
1551
1555
1545
1557
1554
1569
1553
1294
1557
1540
1552
1558
1536
1563
1308
1546
1561
1551
1555
1554
1555
1557
1554
1548
1552
1552
1576
1549
1548
1219
1540
1550
1556
1551
1542
1549
1554
1549
872
1552
1562
1533
1551
1556
1550
1553
1543
1558
1561
1474
1330
1552
1557
1532
1554
1559
1294
1555
1550
1562
1556
1555
1547
521
1547
1554
1538
1549
1533
1541
1557
805
1546
1519
1552
1552
1557
1531
1555
1554
1558
1550
1347
1549
1552
1546
1553
1551
1545
1553
1551
1533
965
1539
1097
1493
1541
1545
1556
340
1557
1558
1553
1530
1163
1536
1558
1554
1559
1556
1548
1539
1549
1541
1555
1551
1557
1205
1550
1556
1560
1555
1553
1553
1538
1554
1511
1555
1552
1551
1551
1542
1560
1554
1557
1236
1555
1561
1558
1564
1552
1554
1547
1540
1556
1553
1563
1558
870
1558
1530
1551
897
1557
1526
1507
1558
1562
1542
1229
1563
1551
1545
1543
1561
1559
1561
1567
1558
1561
1567
1546
1555
1561
687
1562
1551
1544
1554
1562
1546
1560
1562
1548
1560
1526
1556
878
1524
1556
1561
1564
1554
1557
1535
701
1561
1557
1472
1556
1538
1551
1562
1270
1547
1544
1540
1544
1564
1556
1554
1522
1556
1551
1556
1548
1559
1294
1559
1555
1555
1560
1558
989
1556
1553
1559
1542
1550
1550
1522
1552
1559
1537
1563
1556
971
1556
962
1555
1556
1543
1563
1556
1563
1519
724
1557
1558
1550
1561
1558
1562
1530
1551
1550
1558
1564
1549
1556
1544
1560
780
1562
1561
1551
1547
388
1558
1561
1553
1551
1556
1557
1555
1561
1545
1576
1560
1094
1550
1565
1539
1551
1519
1504
1563
1554
1556
1555
962
1545
1557
1561
1111
1551
1527
1269
1562
1559
1556
648
1556
1560
1535
1560
496
1565
1555
1557
1558
1560
1553
1560
1556
1559
1565
1559
1555
1360
1551
1554
1550
1555
1553
1560
1558
1554
1552
1559
1546
1554
1551
1545
1543
1552
1540
1551
1548
792
1555
1554
1555
1552
1537
1552
1554
1556
1555
1099
1555
1556
1553
1568
1546
1561
1555
1554
1547
1558
1544
1555
1546
1563
1554
1539
1547
1555
1553
1553
1542
1557
1544
799
1552
848
1553
1552
1558
1542
1554
1450
1452
1553
1557
1543
1251
1478
840
1228
1548
1549
1552
1567
1554
1560
1555
1560
1552
1564
1558
1553
1558
888
1557
1555
1513
1551
1554
869
1559
1546
1451
1563
1551
1563
1547
1554
1565
1556
1560
1564
1552
1545
1558
1554
1066
1550
1550
1560
1547
1557
1554
1557
1561
1555
1561
1556
1564
1552
1552
1563
1560
1552
1115
1574
1557
1555
1545
1537
1553
1558
1559
1554
1550
1555
1563
1557
1557
1550
1554
1561
1565
1557
1544
1552
1561
1585
1562
1299
1556
1561
1563
1559
871
1559
1566
1557
1558
1558
1558
1561
1561
1552
1555
1548
1550
1562
1548
1563
314
1561
1333
1543
870
1546
433
1539
1544
882
1562
1560
854
803
1572
1565
1557
1558
1560
1332
1559
1553
1558
1550
767
1563
1554
1561
1556
1556
376
993
1554
1560
1557
1558
1557
1555
1554
1552
1516
1567
1558
1547
884
1564
1547
1555
1558
1544
1554
1555
1565
1557
1562
1556
881
1556
1558
1553
1555
1553
1533
1538
1550
1499
1560
1543
1550
1549
1185
1553
863
1537
1564
1565
1558
1558
852
1554
1557
1560
1556
1573
870
1548
1581
1547
1549
1559
1551
1561
1559
1549
1540
1553
1471
1557
1344
1556
1566
1550
1552
870
1563
1562
1556
1070
1564
715
1560
1558
1556
1554
1540
1555
862
1536
1546
784
1560
879
1559
1556
1558
1561
1429
1562
1029
1553
1550
1554
1547
1551
1551
1553
1554
763
1548
1540
1555
858
1552
1561
1558
1407
1349
1551
631
1559
1564
1561
1562
1561
1559
1521
1550
1551
825
1555
1528
1560
1558
1530
1548
1560
1560
1556
1542
1556
1560
1530
765
1563
1543
1557
1553
1547
1552
1567
1550
1536
1562
1561
1552
1556
1555
1556
1557
1559
1550
1548
1557
1551
1556
1555
1557
1551
350
1561
1557
1452
1534
827
1569
1564
1543
1563
1566
1551
1554
1550
1557
1485
1561
1557
1558
1539
1552
1563
1545
1557
1566
1556
1559
802
1093
1560
1558
1562
1563
1554
1554
1538
1553
1557
1550
871
1550
1554
1563
1562
1567
1557
1559
1549
1560
1551
1556
1530
1558
1554
1548
1546
1548
1557
1199
1538
1551
1556
1019
1558
1551
1558
1559
1553
805
1555
1560
1553
1549
1555
1551
1548
1546
1535
1555
1537
1520
1553
1548
1552
1551
1552
1549
1549
1077
1548
1560
1539
1560
1324
1552
1552
1504
1559
1554
1553
1558
1542
1558
1557
1561
1559
1552
1561
1555
1552
1543
1549
1555
1561
1439
1563
1555
1555
1548
1555
1556
1389
1549
1550
1559
1557
1548
1547
1557
321
1555
1553
1522
1549
1556
1063
1558
1550
839
1562
1554
1556
1547
1554
1553
1563
1552
1555
812
1572
1560
1079
1555
1552
1554
1550
1540
1555
1560
1557
1553
1561
1567
995
1559
1565
1543
1552
1291
1555
1547
1549
1555
1545
1554
1555
1541
873
1555
1547
1554
1541
1558
1547
1541
1555
1120
1558
1553
1549
1566
1396
1553
1548
1559
1561
809
1544
1026
1554
1562
1121
1556
1556
1560
1559
1543
1559
1553
1251
1559
1389
1552
1557
1556
1571
1542
1545
1544
773
1545
1541
1559
1546
1540
1562
1557
1525
1525
1558
1555
1552
1445
1556
1556
1554
1563
666
1556
1544
1553
1558
1555
1565
1556
1559
1563
1550
1553
1486
1557
1537
1556
1559
1557
1539
1556
1565
1557
1555
1557
1428
1548
1558
1553
1536
1561
1082
1558
1337
1568
968
1558
1554
1560
1552
1544
1565
1559
1550
1556
1562
1551
1558
1564
1554
1547
1550
1559
1552
1561
1526
1555
1549
1554
1564
1566
1554
1558
1556
1562
1558
901
943
1547
1542
1562
1563
1559
1545
1559
1559
1562
1551
1559
1590
1548
1552
1551
1553
1532
1561
1560
908
527
1547
1549
1527
1549
1558
1560
1558
1555
1560
1556
1554
1568
1557
1558
1563
1549
1557
1528
1537
1539
1558
1551
721
1560
1562
1525
1067
1558
1529
959
1565
1558
968
1561
1541
1519
1357
1552
1560
1550
1560
1549
1549
579
1551
1558
1551
1557
1540
1550
1299
1556
1556
1559
1548
1445
815
1564
1551
1528
1550
1555
1423
1532
1545
1556
1554
1563
1548
1551
1556
1559
1553
757
1564
1555
1559
1546
1557
1555
1561
1551
1556
686
1553
1552
1236
875
1551
1539
1551
1559
1006
1539
1524
1555
1563
1033
1558
374
557
1551
1548
1560
1554
1560
1561
1557
1561
885
1551
1560
1552
1553
826
1402
1548
1558
1565
1549
1536
1558
1562
1557
1561
1433
1558
1549
1558
1561
1039
1558
1540
1334
1551
1527
1518
1558
1537
1555
1556
1548
1553
1569
1528
1558
1349
1553
617
1553
636
1117
1557
1556
1544
1557
1556
1560
1522
1558
1555
1557
1559
1550
1554
1536
1549
1543
1552
1555
1539
1563
1434
1557
1553
1558
1560
1558
1561
1548
1561
1558
1260
1557
1567
1559
1547
821
1561
1556
1560
1560
1561
1555
941
1552
1564
1522
1563
1552
1561
1559
1548
1556
1562
1549
1551
1550
1551
1532
1091
1560
1549
883
1550
1561
1552
1551
1551
1559
788
1155
1559
1558
1540
1548
1560
440
867
1576
1546
1531
1560
1565
1315
1101
1557
1535
1565
1563
1569
1561
1561
1554
1546
1558
1545
1554
1560
1556
411
1552
1558
1551
1552
1554
1552
1557
1550
1548
1562
1555
1551
1539
1559
1555
1558
1555
1554
1109
1553
1558
1554
1559
961
1546
1569
1563
881
1559
1559
1541
1558
1556
1561
1552
1562
1550
1551
1545
1551
1554
1557
1544
1551
1544
1554
1545
1556
1556
1556
1480
1539
1506
1559
1560
1551
1551
1554
1539
1555
846
1553
1562
868
665
1552
1554
1540
1555
1529
1556
1547
810
1553
1549
1547
1558
1553
1554
1546
1527
1548
1555
1544
1554
1199
1554
1244
1561
1537
1131
1550
1552
1547
1552
898
997
1563
1070
1562
1553
1558
1558
1546
1557
1542
1558
1549
1555
1557
1553
363
1550
1557
1025
1554
1550
1562
1547
1539
1559
1554
1557
1550
1549
1559
1554
1550
1558
1556
1560
869
1556
1557
1536
1398
1541
1552
1557
1553
1539
1539
1556
1539
1538
1553
1544
933
1547
1551
1554
1561
1555
1549
1558
1551
1551
1564
1543
1554
1555
1554
1559
1546
1552
1541
1559
1560
1560
1553
1553
1556
1559
1554
1552
1560
1511
1552
1558
1548
1556
1317
1555
1546
1559
1553
1554
1549
1556
1559
1558
1553
1555
1558
1557
1549
1558
1563
1553
1545
1555
1555
1547
1546
1546
1548
1557
1553
1551
1554
1544
1561
1551
1548
1551
1552
1531
1501
1555
1548
1534
1546
1556
1549
1559
1547
1557
1552
1541
1558
1554
1547
899
770
1556
1555
1554
1559
1550
1554
551
1553
1550
1454
949
1553
1555
812
1555
1552
326
1556
1534
1554
1550
1559
1562
1558
1556
1557
1551
957
1551
1551
1552
678
609
877
1550
1557
1441
1566
1562
1552
1557
863
1560
1558
1512
1552
1564
1553
1551
1551
1551
1537
1550
1555
1550
1546
1546
848
1558
822
1567
1557
1562
1542
1561
1558
1552
1555
1568
1552
1554
1557
1554
1555
1555
1527
1559
1540
1551
1560
1007
1554
1557
1557
1557
1538
1558
1559
1558
807
1563
1546
1555
1551
1545
1556
1566
1146
1436
1547
1568
1558
1558
1556
1569
1562
1576
1555
1560
1557
1556
1543
1556
1558
1540
1559
1559
1548
1244
1551
1526
1582
1541
1556
1552
1558
1558
1554
1552
1559
1545
1560
1553
1564
1522
1551
1549
1545
813
1558
1555
1556
1555
1503
1395
1553
1548
1549
1557
897
1543
1561
1551
1556
874
1559
782
1553
1557
1556
1563
1350
1554
1546
1542
1552
1312
493
1556
1542
1562
1557
1555
1552
1546
1555
1071
865
1556
1347
1564
1555
1560
1179
1552
1564
1566
1559
1550
1413
1572
1558
1553
1559
1549
1525
1538
1541
1552
1524
1558
1556
1549
1554
1554
1558
1556
1562
1552
1558
1541
1550
1545
1540
1539
1547
1548
1555
1561
1541
1553
856
1544
901
1545
1555
1555
1557
1548
1561
1555
1551
952
1554
1553
1081
614
1561
1564
1554
1549
1558
1555
1562
873
1556
1524
1555
1540
1528
1558
1564
1553
1570
1556
1552
1562
1553
1539
1307
1558
1555
1560
1553
1551
1548
1559
1559
1554
1552
1556
1558
1557
1551
1551
1556
1545
879
1557
1559
1549
1552
1561
1554
1518
1564
1555
1555
1552
1562
1554
1552
1552
1523
1545
1559
1553
1553
1543
1558
1544
1549
1564
1560
1557
1557
1551
1549
1533
1554
1535
861
1556
1550
1548
1540
1546
1539
1559
1556
1554
994
1538
1554
1539
1548
397
1555
1559
1557
1559
781
1555
1566
1561
1559
1556
1561
1545
1557
1564
1555
1544
1560
1552
1536
1559
1560
870
1525
1562
1536
1559
1555
1550
1433
1560
1547
1554
1355
1561
1160
1558
1549
1556
1544
1324
1543
1541
1553
1554
1557
1565
1540
1555
1552
1560
1551
1555
1542
1542
1551
1554
1554
1527
873
1214
1552
1551
1543
1507
1533
1556
1541
1546
1519
1542
1550
642
815
1552
789
1533
1552
1550
1554
1551
1550
1554
1551
1541
1540
1545
1543
1552
1549
1544
1548
1549
1552
1546
1553
1555
1557
1562
1546
1557
1555
1565
1555
1556
1557
1554
1555
1556
1554
1557
1541
1561
1559
389
1559
1543
796
1541
1561
1552
971
1250
1442
1564
1560
1562
1559
1557
1554
1555
1554
1547
1563
1543
1544
1241
988
1552
870
1551
1552
1541
1550
1557
1550
1555
1484
1554
1561
1523
1548
1547
317
500
1569
1556
1563
1561
1562
1559
1563
1553
1554
1225
1557
1490
882
1524
1563
1552
1535
1543
1549
1546
1029
1548
1170
1561
1560
1551
1552
1564
1563
1542
1555
1554
1030
1552
1538
1557
1552
1544
1554
1553
1555
1542
1558
1538
1550
1556
1553
1545
1552
1550
1559
1534
1514
1539
812
1556
1544
1546
1547
1549
1553
1554
1558
1549
1544
1542
1553
1553
1524
1554
1546
1537
1554
1551
1547
1547
1552
1059
1554
834
1315
1519
1546
1536
1551
1550
884
1551
1025
1560
1443
952
748
1542
1526
1560
1560
1555
1551
1557
1560
1552
923
1549
1557
1549
1562
1556
1558
1565
1561
969
1559
1557
1556
1552
1545
1561
1554
1546
1551
912
1322
1551
1546
1550
1550
1558
1557
1554
1552
1539
1543
1553
1550
1319
1360
1072
1546
1546
1544
1549
1529
1548
1517
1557
1549
1544
1548
1556
1554
1552
1558
1549
1555
1544
1550
1553
1065
1560
1556
1554
1561
1555
1551
1559
1558
463
877
1552
1560
869
1556
1549
1566
1561
1539
1551
1550
1555
832
1558
1564
1563
1555
1565
1547
1247
1537
1562
1552
1545
1559
1559
1533
1551
1552
1543
1554
1550
1091
1562
1551
1557
1529
1235
1557
1522
1240
1559
1315
1527
1526
1559
1348
1556
1548
1555
1551
1552
1551
1542
1566
1557
1553
1328
332
1550
1557
1550
1545
1549
1553
1545
1556
1553
1552
1172
630
1567
1559
1546
1550
1560
1101
1530
1562
1554
1551
1552
1552
1549
1545
1050
1558
1555
1551
1559
1553
1544
1547
1549
1564
1542
1321
1549
1082
1576
1562
1555
1557
1532
1555
1553
1541
1557
1559
1493
1551
1558
1555
1545
1554
1558
1559
1555
1549
1562
1544
1558
758
1550
1563
1562
1542
1548
1560
1552
1552
1546
1543
1082
1552
1562
1259
1535
1562
1564
1554
1548
1556
1553
1568
1556
1556
1556
1559
1554
1571
1551
1554
1556
1549
1540
1554
1073
1258
1543
1550
363
1554
1546
1550
1557
1553
486
1563
1541
1556
1556
1564
1296
1560
1555
1559
1552
1554
1554
1559
962
1559
851
1558
1537
1547
1538
1561
1558
1547
1545
1543
1557
1556
1551
1555
1396
1544
1560
972
1543
1549
1557
769
1558
1557
1554
1536
1557
1527
887
1553
456
1553
1160
1552
1555
1564
1548
1540
1560
1563
1556
914
865
1556
1553
1558
1548
1551
1553
1561
1555
1560
1558
1554
804
1531
1556
1561
1550
1554
1555
873
1553
1549
1546
1556
1555
1533
1548
882
1536
1557
1556
1551
1546
1328
1532
1554
783
1545
1562
1559
1561
1558
1564
1563
1558
1549
1542
1555
1553
1544
1557
1526
1553
1534
1040
1551
1521
1536
1545
1555
1562
1552
887
1552
1558
1547
1552
1556
1561
992
1550
1554
1551
1566
1551
1557
1559
1548
1552
1553
1554
1547
1554
1551
1557
1288
979
1561
1546
1552
1556
1560
1558
1559
1555
1540
1552
1563
1550
1545
1561
1540
1558
1531
1548
1554
1563
1542
1560
1562
1555
1391
1554
1555
1558
459
1556
1565
1556
1547
753
1560
1545
1555
1527
1560
1559
1550
1563
1543
1560
972
1558
1563
1554
1562
1552
1543
1554
1561
868
1543
824
1359
1561
1015
1558
1558
1560
1564
1555
1560
1559
1479
1552
1567
1542
1548
1137
882
1537
1555
1562
1553
1540
1553
1420
1553
1545
1555
1544
1563
1467
1556
747
1546
1559
1559
1555
878
1550
1553
1555
1521
1556
1552
1555
1368
1562
1560
1560
783
1538
1557
1558
1564
1556
1557
1558
1549
1068
1557
1542
1560
1553
839
634
1553
1561
1558
1557
1375
1553
1543
1553
1414
1561
1551
1559
1563
1546
1556
1526
1556
1551
1550
1557
1561
1556
1546
1561
1552
1558
744
1455
1559
1559
1559
1552
1562
1553
1156
1511
1541
1457
1565
1555
1557
1569
1552
1554
1539
1541
1546
1489
1559
621
1558
1553
1555
1547
1559
1551
1551
1549
874
1048
1559
1550
1555
1564
1556
1557
1555
1551
969
1564
1561
1559
1550
1552
1558
1556
1550
1556
1555
1541
1560
997
1555
1552
869
1553
1556
1559
1472
1553
1560
1553
1549
1516
1559
1550
1549
1558
1551
1308
1551
1538
1554
1563
1015
1550
1559
1544
1551
1554
1554
1553
1539
1556
1550
1560
1555
1558
1554
1553
1555
1548
1562
1546
879
1419
872
1556
894
1542
1556
1052
1521
1545
1569
1561
1545
1558
1552
1552
1393
1549
1549
444
1541
1551
1553
1543
1549
1546
1549
1551
1557
1557
1556
1557
1558
1542
1557
1534
1552
1546
1550
1554
1550
1542
1563
1554
1555
1558
1560
1554
1560
1550
1558
1270
1536
1537
576
1557
1562
1566
1553
1546
1556
1543
1557
980
1554
1547
1149
1564
1557
1541
1559
1554
1553
1554
1562
1546
1543
1562
1552
1551
1558
880
1565
1556
1555
1547
1552
1557
1021
1557
1556
1557
944
1105
1553
1555
1534
1055
1136
1267
1572
1560
1552
1273
1559
883
1556
1269
1559
1554
1565
1561
1556
1413
1556
1559
1554
1537
1555
1416
1547
1555
1562
1224
1544
1558
1565
1544
1553
1540
1452
1543
1557
1561
1552
1560
373
1562
1564
1556
978
728
1560
1543
1548
1549
1555
497
1567
999
1554
1559
1559
934
1555
1551
758
873
1562
1561
1558
1564
1569
1553
1549
1542
1550
1564
1569
1565
1561
1564
1548
1539
1553
1550
1560
598
1561
1553
1544
795
1528
1257
1567
1557
1548
1545
1552
922
1543
1008
1548
1561
1564
1554
1524
1568
1550
1553
465
1548
1555
1561
1556
1549
1553
1551
1553
966
1551
1558
1558
1535
1315
1565
1556
1550
1557
1549
1549
1551
1545
1545
1557
1521
1541
1551
1551
1548
1553
1554
1532
1549
1141
1533
1547
1551
452
1542
341
1568
1552
1557
1544
1551
928
1554
1548
1557
1555
1541
1561
737
1558
1563
1567
1035
873
1560
1291
1553
697
1559
1555
863
1550
1552
1353
1564
1562
875
1564
1563
1406
1551
1555
318
1559
1562
1560
1554
1560
1565
1545
1559
1558
1559
1557
1553
1557
1552
1551
871
1562
1415
1561
1561
1550
1555
1558
1549
1528
1561
1554
882
1549
1531
1070
1555
1240
1192
1550
1553
1549
1563
1539
1548
1555
1557
1556
1187
1541
1557
1561
1550
1556
1553
1551
1565
1550
1555
1548
1548
1550
1531
1561
1543
1473
1553
1388
1545
1565
1552
1551
1561
1553
835
1558
1528
1557
1560
1563
1560
1159
1557
1561
1545
1558
1085
1556
1536
1561
1551
1548
1548
1553
1554
1559
1553
1555
476
1552
1553
1553
1557
1555
799
1541
1556
1560
1559
1567
1557
1554
1558
1554
1550
1540
1556
1559
1554
1558
1559
1558
1547
1554
1556
1560
1557
1543
1560
1554
1553
1544
1550
1549
1545
1541
1567
867
1563
1554
1555
1560
1463
1560
1560
1543
1555
1539
1557
1547
1050
1551
1548
1552
1552
1553
1545
1554
1553
1544
1553
1280
1555
1549
1548
1538
1558
1559
1535
1560
1547
1558
374
1555
1542
1564
1567
1552
1554
1552
1542
1557
1564
1557
1553
1451
1185
1554
1556
1546
1555
1555
1558
1549
1561
1486
1538
1554
1233
1556
1546
1546
1559
1549
1547
1557
1562
1557
1551
1555
1555
1156
1557
1553
1556
1553
1555
1552
1536
1567
1559
1560
1554
1555
1558
1550
1552
1559
1200
1234
802
1273
1559
1532
1545
1553
1548
1557
1519
1554
882
1566
1558
474
1561
1543
1564
1569
1542
1558
1185
1558
875
1070
1435
1560
877
1533
1554
1540
1551
1549
1555
1552
1548
1551
1556
1542
1556
1551
1549
1543
1537
744
1556
1555
1538
1542
1562
1553
1550
1553
1522
1553
1555
1553
1551
1466
1554
1552
1544
1555
1557
1552
1536
1222
1533
1543
1556
1552
1551
1551
1551
1551
1556
1526
1553
1555
1553
1555
1555
869
1564
1547
1518
1563
1554
1555
772
1559
1364
1555
1565
1550
1397
1560
1555
1559
1520
1552
1554
1481
1555
1391
1545
1526
1543
1550
1536
1549
1548
1553
1545
1550
1554
1555
1419
1559
1553
1552
1550
1081
1550
1148
1545
1552
1526
1542
1547
1559
1551
1553
1553
449
1561
1546
1566
1402
1384
1550
1558
1544
1560
1538
1559
1556
1552
966
1559
1540
1556
1549
1521
1541
1552
1540
873
1467
1564
1249
1544
1415
1567
1562
1562
1557
1553
1553
1554
1552
1560
1551
1470
1547
1557
1550
1559
1536
1551
1559
1556
1559
1552
1557
1543
1547
1556
1554
1556
1562
1559
1546
1562
1554
1553
1557
1554
1549
1554
1550
1549
1558
1556
1561
879
1557
1562
1558
1554
1550
1560
1556
1045
1561
1552
1524
1562
1541
1561
1550
1552
1563
856
1565
1548
1552
1561
1559
1543
1226
1558
1555
964
1553
1038
1560
1560
1554
1557
1555
1537
1558
1550
1552
1560
