643
3000
2994
2944
2990
3022
3022
2994
2671
2990
2992
2960
3017
3004
2965
2946
3034
2844
3005
800
2991
2912
2975
3005
2936
3028
2977
3008
3002
2966
2921
2982
3003
3025
3015
2996
2967
3021
2723
2993
2948
2994
3039
3006
2989
2983
2601
2756
3000
3027
2313
2934
1599
2945
2980
2980
2992
2970
3001
1175
2971
3019
2970
2989
2992
3004
563
2999
3005
2981
2997
2964
2011
2990
3023
2976
2869
784
2971
2850
2993
3015
2983
2990
1205
3015
2996
3020
2986
3030
2951
2979
3059
2789
3001
2999
2744
2994
2982
2993
3001
2955
2989
3023
2979
2982
2943
3015
3023
3006
2954
3016
484
2983
3010
3009
3003
2965
442
1957
2989
3015
2911
2304
2936
2317
3027
3014
3040
3001
603
2984
2990
2762
3013
443
1967
3017
2944
2987
3030
3001
2996
2979
2992
3029
2978
3018
2995
2516
3024
3002
2975
2632
3013
3015
3007
3032
2895
3002
3028
2964
3019
3000
3009
2956
3052
3000
2990
2999
3014
2995
2989
2998
3014
2957
3012
3008
2996
838
3009
3009
2243
2973
3035
2974
3000
2435
3058
3010
2977
2844
2985
2997
2991
3000
1410
3011
2920
730
2925
410
2944
3002
2982
2964
3084
3031
2908
2979
2995
2968
3026
3023
2961
2989
3027
1574
2925
3013
3023
3049
2993
463
3012
2969
3029
2964
2964
2923
2999
517
2983
2932
3038
3014
2986
2988
2976
3020
3000
3015
1074
2997
2952
2986
2902
2989
2995
2988
3010
3028
2957
3017
3011
3004
2960
3015
2961
3018
3023
3043
2992
1207
2983
2995
3021
633
2990
2950
2990
2988
3006
2955
2987
2976
1372
2950
3003
3035
2984
572
2935
3024
3001
3045
3024
2921
3040
2977
3013
2980
2510
2976
2990
3010
3003
2754
2959
2530
2992
3003
3027
2945
2971
3016
3037
2988
2979
2912
2987
3010
2994
2999
3022
3022
3052
2983
2998
3011
2679
1444
2982
3041
3013
2933
3023
2980
2963
2990
2663
3003
3003
2988
3022
2996
3038
3029
2983
2975
2287
3024
2972
2963
2956
2984
2994
2983
3029
2938
3024
2955
3012
2494
2990
2972
3015
3037
2961
3030
2985
3018
2113
2983
1765
3007
2998
2987
3003
3085
3038
2986
2998
2989
2964
3024
3001
2859
3022
2888
2972
2986
2993
3001
3004
3007
3014
1897
3022
2893
2990
2990
2968
2877
3001
3018
2975
3029
2983
3042
3002
2888
3001
3013
2987
2848
2997
3034
2977
495
2990
2957
2992
3004
3041
2994
3010
3028
3001
2988
2989
3002
2979
3010
2958
3005
3028
3016
2999
788
3020
3029
3007
2996
2944
2999
3022
2997
2971
2939
2972
2968
2956
3005
2997
2975
2991
2991
2975
3029
3022
2997
3006
3034
2985
3006
2977
3010
2999
3039
1044
3002
3007
2968
2997
3006
2992
2980
2988
3039
2965
2954
3004
2947
3003
3023
3021
3016
3023
3023
3007
2994
3020
2986
3022
2954
2899
3009
3005
3018
2975
2970
3011
3008
3030
675
2984
2957
1188
3026
3008
3009
3011
2984
3015
2996
3004
3000
3029
2974
3005
707
3023
2997
3010
2973
2981
2929
3077
2490
3025
2990
2997
2996
3026
2935
2974
2974
3045
2962
3033
1684
2973
2991
2972
3013
2975
3002
2995
3019
3000
2991
2995
3000
2970
2982
2535
2971
2988
3019
3034
3014
2987
2982
2994
2950
3024
3021
3028
2882
3006
3025
2987
2998
846
2968
2985
2996
3001
2965
2985
2985
2995
3011
2966
2952
3004
1465
3003
3027
2975
3032
2980
3000
3003
2982
3016
3019
3014
2948
2992
2952
3014
2987
2981
2992
3053
2514
3015
2946
2983
3012
2975
3034
3016
3005
3053
3030
2998
3001
2990
3027
2978
3009
3016
2963
2912
2998
2516
3006
2453
2996
3028
2946
2978
3026
2981
3012
3024
2989
3005
3014
1329
2998
2977
2993
2685
3043
2977
3024
3043
2379
3011
3004
2997
2997
3022
585
2966
3030
2974
3022
3009
2998
1472
2993
3004
2959
2986
2991
2862
3008
448
3032
3013
2982
2997
2981
3004
2987
3044
2997
2991
2969
2969
2982
3030
3013
2997
2925
3037
2975
3006
2766
2949
3051
3010
3031
2980
2987
1843
2995
3062
3014
2992
2998
3034
3026
2987
2959
3001
3002
2985
2957
3021
2994
3029
3003
3043
2932
3021
2981
2977
3028
1752
2984
2977
3000
3040
3017
3071
3032
2992
2987
3006
2981
3049
2979
2731
3025
2767
2976
2984
3013
3021
3008
3021
2973
2995
2916
2971
3027
2813
2982
3019
3017
2967
2967
3007
3012
3025
3004
2998
2564
2985
2993
2980
3035
2992
3012
3033
1067
3031
2987
2988
3021
3013
3008
3008
2976
3012
3035
2989
2934
3005
2551
3003
2990
3016
3012
3002
3054
2815
3029
2997
3001
2998
3009
2993
3021
2966
2993
2972
2996
2230
3048
3017
3002
3031
2980
2993
2952
2956
3044
2915
3084
3038
2986
2990
3062
3011
3019
2999
2639
2957
3013
2997
2848
2997
706
2948
2914
2985
2793
3001
2979
3015
3040
2957
3005
3016
3036
2684
3011
2943
2987
3093
1779
2995
3012
418
2968
2969
3034
2991
3000
3005
2945
3009
2963
3018
3021
2992
1455
3032
3024
3008
3041
2963
2961
2990
2995
3021
2975
3020
3006
520
2989
2985
3006
3016
1203
2991
3045
3004
569
3007
2951
2991
3013
2975
2928
2987
2979
3018
3062
3018
498
2975
3011
2781
2386
2956
3014
2966
2975
2914
3029
2976
2986
3038
3021
2983
3046
2956
2995
2993
2983
2372
2992
2947
2989
3005
2991
1115
2977
3061
2988
3005
2844
3019
3039
3012
3082
2991
3104
2989
3014
2977
3027
2999
3039
3031
2959
2989
3008
2988
2666
1659
3032
2979
3043
2971
2996
2881
3022
417
3034
2812
2971
3007
2973
2960
2983
2963
2974
3004
2162
2960
2990
3021
3036
2985
2991
3032
2960
3020
3006
2983
2460
2980
3074
2900
2997
3025
2942
3004
3017
2987
3038
3038
3027
3012
2980
2664
2962
3014
3001
3035
3014
2758
2999
2486
3019
3029
2989
2968
2940
3007
2985
3009
3009
3031
3001
3035
3019
3002
2987
3041
2960
2828
3005
3009
2989
2955
3012
2966
3029
2947
3011
3006
2986
3005
3006
3010
2972
2979
2992
3000
3004
2995
3014
2960
2937
3001
2980
3017
3003
3007
3006
3010
3016
2845
2991
2995
1505
3032
3022
3018
3031
3000
3017
2209
3002
2967
2984
3013
1884
3027
2774
3014
2960
2989
2881
3019
2965
2962
2998
3103
2977
2872
2976
2923
3015
3012
3005
3021
2979
2867
3016
3025
2977
2954
2991
3003
2972
2965
2226
3055
2999
2782
567
2411
633
2963
2151
3000
3021
2931
2637
2973
2992
3053
2118
982
2971
2988
3009
2993
2997
2997
3033
3022
2973
3001
2960
2981
2993
3008
3035
2942
3017
3011
3000
2993
2909
3028
2972
2583
3016
3000
2629
2971
3001
2996
3016
3049
3021
3017
2988
3014
3009
3009
3008
2963
2823
1990
3003
2963
3062
3004
3003
2943
3009
2952
2984
3040
3009
2964
2686
3015
3058
2972
2407
3020
2993
3014
2985
3001
2977
2945
3019
3003
3013
1273
3004
2895
1696
1750
2951
3031
3064
3025
3003
2972
2987
3001
2964
2994
2954
3007
2168
2684
3022
3012
2955
2920
2277
3023
3005
2999
3023
2978
1618
3022
3003
3036
3018
2982
2999
1430
3013
624
3006
2991
3022
2949
2956
3026
3035
2991
3004
2953
3001
2967
2996
2994
2994
3019
3018
3016
3012
3052
2941
2408
2975
2079
3027
3013
3009
3001
2970
2971
2997
3089
3044
2989
3040
3033
3014
2986
2986
3021
2963
2960
2973
3002
2994
3001
2912
2972
2958
2987
2950
3041
3004
2958
2984
2987
3037
2979
618
2997
2973
3004
2890
2969
3051
3025
2960
3014
2989
2987
3013
3007
2821
3013
3037
3035
2980
2985
3009
3018
2934
3009
2807
2956
2970
3039
2994
2865
3011
2985
2972
2992
2953
3007
2988
2006
2971
3015
3008
2965
2974
3090
2966
3017
2965
2809
2996
3012
3006
2945
804
442
3015
2994
3001
3000
2981
2974
3010
2993
3010
3010
2987
3018
3018
1351
2971
3003
2989
2997
3008
2955
2996
2999
3016
3003
2990
2985
2977
638
2991
3015
2997
2881
2980
3010
2998
3038
2998
3018
3001
3015
3015
3026
2970
3009
576
2992
3024
3027
2996
2983
3007
2998
1247
2688
2796
2989
3012
1296
2980
2769
2968
2987
2992
3003
2986
2954
2990
3007
2918
3020
2997
3022
3022
2152
2980
2942
3019
3044
2990
3059
3032
2998
2971
2957
2962
2986
1535
3051
3002
3020
3011
3023
3012
1337
1161
2991
2985
2999
3008
3012
818
2963
3011
3013
3005
2975
3022
3034
2999
2584
2943
2914
2960
3025
2990
2972
558
3010
3017
3028
2991
3040
3017
2974
3049
2978
3029
2957
3015
2152
619
2977
3070
2998
497
3011
2995
3014
2995
2953
3010
2972
3014
3004
3016
3024
2961
2988
3043
3044
3021
2830
1228
2954
3020
2764
2979
3006
2996
2992
2833
3038
2949
2994
2986
3068
2976
2996
2991
3018
2999
3015
2996
3030
3001
3039
2984
2977
2999
2955
3019
3014
3023
3012
3014
3107
3016
2969
3029
2985
2870
2906
2985
1592
3011
2991
3012
3033
2950
3025
3016
2933
1778
2971
3014
3066
3008
2847
2994
2990
3011
2883
3021
2974
2987
3001
3033
2987
1360
2948
2956
3030
2973
3027
3035
2962
2976
3019
2971
2981
3071
3017
2850
1004
2983
1826
3001
3011
2985
3007
2975
3002
3031
3031
3017
3006
2829
3051
2989
2946
3014
3028
3006
2969
3022
3012
2967
1289
3034
3007
2492
2982
2975
1847
3016
3039
1370
3023
3002
3043
2973
2989
2984
3030
2970
3004
3031
2992
2993
3005
2989
2984
2936
3021
2950
2986
2963
2984
3031
2997
2999
3042
2996
2951
2834
3032
2976
3039
2980
3011
2960
2976
3025
2951
2953
2968
2999
2981
2980
3018
2936
3018
3028
3004
2975
2992
2660
2932
3025
2899
2893
3030
2924
3006
3057
2992
2556
456
3012
2977
1448
3011
2036
2983
3044
3006
3003
3016
867
3000
2982
2978
3036
2909
445
3006
2996
2966
2959
2995
3011
2940
2985
2992
2964
2987
2983
3003
3025
2988
2990
3005
2138
3023
3021
2996
3007
2997
2968
2977
3035
3011
3004
2978
2980
2995
2620
3010
2999
3025
3000
3017
2179
3049
3028
2026
3000
3002
3017
2973
3026
3011
2982
2985
3028
3011
2987
2467
3012
3004
2948
3012
3002
2955
2996
1299
2949
2783
2982
3022
2986
2967
2987
2965
2972
1578
2976
3004
2959
3022
3013
1886
2998
3017
548
2970
647
3007
2820
3033
2217
2991
3019
2815
2301
2973
2916
2963
2983
2410
3010
3030
3005
3043
3010
2976
2991
502
2974
3032
1898
2978
3017
2979
3017
2982
2959
3016
2967
2985
2977
3026
3002
3004
2988
3055
3031
3027
3029
1169
2992
2988
3019
2975
3007
2953
2966
2972
2989
2931
3014
3006
2937
3002
1442
2262
3017
2983
2992
2966
2378
3017
3017
3018
3000
2379
2972
3009
2959
2994
3009
2991
3038
2971
3020
2983
3007
2993
3007
3097
3034
3004
2443
2979
3006
2995
2635
3013
2994
2976
2966
3000
2985
2889
3009
2991
3033
2982
2974
3029
2957
2997
2935
2976
3016
3000
3015
2985
3059
3022
2977
3034
2565
3022
2947
2996
3023
2979
2996
2994
3000
2989
2899
2997
3025
3006
2021
2994
2996
2975
3022
2996
2961
2980
3000
1473
2993
3015
3023
2964
3003
2967
2991
2988
3040
3017
2970
3009
2970
2992
1586
2992
2997
3027
3043
2961
3003
2978
2999
2970
3038
3018
2982
2972
2998
2977
3021
2976
2999
2998
2992
3043
2991
2952
3000
2980
2982
3056
3021
3015
2975
2989
2081
2978
2999
2170
3036
2976
3071
3000
3025
2980
2985
2994
3003
3019
3027
3074
3023
3014
2980
2979
1153
3006
2996
2971
2985
632
2987
3041
2996
3007
2989
2976
2987
767
2991
2961
2603
2997
3010
3047
3031
2995
2153
3020
2098
2951
2914
2933
2960
2251
2977
2983
3030
3057
2847
3022
3003
3027
2980
655
2688
2989
2997
2974
2998
2882
2960
3012
2952
2713
2966
2966
2997
2972
2990
3023
2979
2978
2996
3023
2976
2007
3023
3041
2985
3021
3004
771
2995
2979
2989
3008
2931
2935
3024
3019
3053
3063
2947
2974
3015
3004
3015
2992
1408
3003
3022
2983
3016
2753
2989
2948
3019
1466
2789
3004
2981
2817
3020
2986
3033
3003
2970
408
2979
2968
3024
2994
3008
2950
2959
2982
2995
2997
2990
1988
3045
2998
3005
2980
732
471
2985
2999
3020
2977
2913
3023
3037
3035
3002
2997
2966
2959
2998
3015
2948
2985
3011
2937
2993
3021
2607
3012
3003
3036
2965
2982
2993
3009
3019
1768
2998
3020
3079
2984
3056
2999
2989
3025
3012
2912
2975
3009
3005
2984
3006
1091
2989
2971
2989
3040
2987
2990
3008
2999
3035
3010
1901
3003
2987
2336
2044
3060
2989
2954
3022
2670
2983
2941
2993
2963
2867
3004
2896
3033
3020
3021
3002
3014
2951
1733
2956
3017
2958
2990
2942
2989
2972
3060
2949
3017
2996
3065
2921
3000
511
2992
3035
2960
2964
3005
2810
3039
2968
3019
3044
3023
3008
3002
3052
2986
3013
3014
2654
3022
3025
2968
2999
3011
2981
462
3012
2978
2916
3019
2684
3027
2990
2991
2985
978
2376
2976
3014
2926
3001
2149
3041
2986
2980
3021
1793
3022
721
3018
2961
3001
2994
3051
2995
3035
3009
2983
487
2998
2002
2997
2995
3000
3008
2971
2419
2955
3033
2994
2944
3000
2971
3039
3035
2981
2997
2998
3022
3026
3007
2988
3003
2957
3016
929
3003
2982
3072
3001
772
3046
2991
2991
2993
2634
3014
2768
2984
3006
2939
3013
2971
2948
3026
2921
1509
3015
3002
3058
2963
3012
3013
3016
2993
3094
2980
2969
3037
2960
3025
2996
2981
2952
3030
2987
3010
3015
2894
2966
2981
3014
2976
2818
2709
1739
2987
2985
3022
1493
2946
3015
2954
2975
2956
3022
2746
3039
3001
2974
3035
2997
2998
3004
2977
2998
3000
2987
3003
2993
3005
3008
3046
2979
1980
3000
2990
2958
3009
3044
2965
2956
3008
2989
1835
3036
3015
2971
3019
3015
2489
3009
3025
3026
3000
2433
3007
2988
2990
2995
2947
2992
2985
3034
3003
2535
3009
3012
2983
2983
3035
2998
2996
3005
2981
2999
3022
2969
3003
3016
2975
2957
3002
2950
3003
3006
797
3014
1013
2989
2993
2951
3042
2971
2997
2928
2029
1297
3017
2407
2096
2986
2866
2976
3038
3013
3026
2962
2427
2956
3058
2973
3016
3034
3021
2947
2720
2968
3004
3026
3018
2972
2907
2997
3005
2995
2969
2970
1847
2971
2980
2995
2981
2979
3010
2965
2993
3039
2973
2410
3012
3007
2967
2978
2994
2995
2965
2986
2847
2957
3009
1396
3035
3023
2998
2982
2997
3010
2984
2991
2991
3003
529
3026
2998
3037
2983
2984
2557
3015
2858
3003
2968
3002
2985
2983
3001
2991
2984
2970
2979
2992
2994
2952
3023
3002
3008
440
2995
3019
2977
3008
3039
2990
2985
3010
3039
3027
3019
3048
3007
1669
3025
2958
2966
2988
2905
2982
2972
3000
3000
2996
2974
2985
2989
1117
3019
2990
3009
1584
2998
3002
1906
2958
2966
3009
3008
2998
2989
2999
3033
3009
2973
2980
990
1613
2996
3024
3002
3050
3013
3107
1904
2998
2988
3053
2990
2976
3006
2991
3005
3032
2992
2993
3015
3004
2793
2976
3012
941
2967
2951
2239
3006
2880
2945
2990
3022
3017
2976
2978
2970
849
785
3006
3017
2976
2954
3004
2951
2954
2967
3015
3016
2980
2953
3003
2982
3016
2991
3013
2968
1689
3021
2624
3014
2961
2994
2648
2974
2938
2640
2996
2982
3022
2958
3011
3019
2978
3008
2710
2993
2982
3001
2983
3002
2995
3011
3045
3036
2974
3023
2997
3010
434
2973
2981
3047
3017
2994
2981
3046
2981
2991
2997
3028
3027
3007
2956
1457
3001
2984
2988
3037
2928
2948
3012
2971
3001
2245
3021
3024
3029
3030
2976
2898
3077
3017
2973
2990
2989
3019
2926
2977
3007
2831
2989
1132
3005
455
2985
2982
2996
2965
2987
435
2962
3001
2994
671
2985
2990
3029
2966
2972
2999
2913
2997
2985
2994
3010
2958
2966
3007
3004
2865
3002
2988
2091
2932
2842
2991
3042
3037
2985
2957
3033
3002
3004
2987
3029
2994
2966
3019
3027
2971
3020
2974
3006
2992
2995
3003
2985
3006
2951
2999
2620
2989
3031
3003
1308
2963
2974
1591
2979
2967
3030
3019
3045
2993
2989
2974
3042
3012
3008
2992
2870
3032
3025
2975
2971
2990
2962
3024
556
2922
3071
3016
2925
3080
2978
3022
3049
2945
2962
3018
2985
2993
2982
3024
3051
2984
3006
2954
3016
3009
3057
3031
3016
3007
2961
3011
3049
3022
2978
2859
2960
3015
3014
1561
3023
2991
2970
1721
3014
3003
3014
3022
2992
3003
3017
3002
2982
3017
3015
3020
3045
3008
3003
3011
3011
3007
2993
949
2973
2807
3028
2987
2963
3005
1115
3035
2978
3020
2912
2992
2877
2968
3010
2971
3020
2961
2953
2965
2969
3025
2996
3079
3007
3026
2995
2999
2994
2399
2330
2966
1256
2948
1701
2968
3004
3029
3001
2956
2999
2980
709
3023
3024
2997
3040
2975
1836
2992
768
3038
2992
3034
2955
3012
2998
2941
2990
2966
2994
2966
2986
2096
3001
3001
2989
2987
2959
3013
409
3005
2972
1380
2985
2990
1048
3026
2315
3020
2982
2986
3000
3023
2919
2763
3030
2999
3041
745
2990
2840
3023
2973
750
2701
2989
3012
2961
2998
2944
3034
2528
2998
2969
2965
2965
2994
3006
2962
2973
3023
2976
3006
2983
3026
2982
2958
2970
3003
2971
2973
2993
2972
2964
3018
3002
3007
2988
2985
2977
2994
3037
3011
3029
2995
3025
2985
3022
860
2994
3016
3099
2973
2968
3040
3025
3033
2989
2967
2981
2973
2990
2966
2999
2965
3021
2977
3008
1504
3034
3010
2993
3004
2141
2984
3038
2989
3010
3046
3003
2950
3019
2905
2988
1727
2813
3008
2995
2964
3011
3038
2963
2927
2977
3006
753
3014
3022
2966
2465
3032
2990
3011
3067
2958
3004
2327
2986
3020
2988
1441
3009
2960
3023
2998
2970
2990
3021
2983
3028
3038
3022
2452
3020
3015
3010
2993
3002
2996
3039
3001
1206
2970
3004
2983
3019
2992
3040
2989
2985
3010
2993
2738
2974
1158
3013
2998
3006
2971
3036
3004
2966
2985
2954
2981
3034
2986
2921
3012
2976
2929
3011
1400
3006
3019
3010
2928
3017
2991
3004
3016
2979
2984
2993
2902
2990
3013
2931
2924
2954
3005
2966
2994
2999
3017
2993
2997
2960
2981
2955
2988
3007
3045
3010
2992
2999
3005
3002
3007
3008
3031
2959
2975
2984
3000
2944
2973
2923
2841
2992
3015
2064
1560
2970
2982
2983
3012
3008
2985
2983
3021
482
2988
3009
2977
3033
3009
3025
3028
2568
2968
3014
2971
422
2988
2939
3028
2983
2981
2965
2980
1214
2310
2992
2978
3020
3004
3013
2746
3017
3004
3026
3021
2985
3004
1239
3001
1593
2993
3001
2125
2975
3043
3023
2981
3006
2758
869
3010
3020
3084
2988
2974
2974
1195
2444
3022
2926
2983
2967
3005
3002
2520
973
2975
2603
2882
2918
3007
2995
3015
2985
2970
2833
2807
3002
2957
3027
2948
3020
3009
3049
3001
3005
2933
3022
3007
3000
2957
2983
3028
3009
3046
3011
2978
2966
2998
3005
2996
2990
3012
2972
2969
2964
3011
3012
3019
2945
1966
2952
2988
2800
3004
3013
3018
3025
2981
2971
2957
3027
2992
2992
3018
2940
3016
2990
2725
3015
3035
2968
3040
3027
2991
3017
3004
2984
2996
3000
2969
3040
3012
2955
3003
2994
3035
3012
2959
2320
2998
3022
3015
3032
3002
3072
3020
2998
2097
3023
3017
3012
2999
2991
2984
2998
2963
2942
2979
3007
2962
977
2959
2967
2997
3005
2986
1010
2899
3011
2973
3003
2962
414
2966
3014
2988
2019
2996
2971
2983
2983
3035
3002
1494
2995
3003
2970
2943
2961
3006
3021
3016
3014
2965
3027
3007
3015
3001
2998
2984
3066
3009
515
3036
2994
2959
3010
2980
3032
2959
3016
3030
2947
2995
3004
3002
3007
2823
2997
2903
2825
3030
2984
2994
2991
3009
3019
687
2985
3034
2978
2968
2990
2900
3017
3030
2981
2990
3027
3017
2994
2960
2979
2992
3025
2973
3014
2983
3028
3001
3042
2972
2987
2953
2984
2981
2981
3014
3013
2990
3015
2982
3005
2958
2189
2983
2978
3013
3050
3001
3002
981
2989
2970
2690
3024
3013
3001
2982
2949
1805
2998
3008
3046
2964
1822
2983
3004
2977
2983
2994
3029
2988
3018
3027
2969
2992
2971
3016
2093
2994
3031
3021
3007
3017
2940
3009
2983
2969
2993
2996
2997
2980
932
3009
3017
2833
3041
3001
2972
2857
3011
2272
3023
3025
2986
2971
3040
2993
3019
2974
1841
2939
1167
3009
443
2981
3008
3009
2281
3022
2997
1596
2952
2953
3021
2609
2978
3028
2999
2987
2983
3000
2997
847
3035
3029
2940
2492
2950
2992
3003
575
3031
2991
2997
3006
3011
2993
3013
2989
3027
3045
3039
3001
3035
2913
3014
2990
2979
3002
3027
3025
3001
3011
2466
2990
3012
2992
2975
2991
2950
2987
2977
2442
2981
2970
2997
2978
2963
3046
3006
2994
2996
3023
3019
3050
3018
2986
3007
3015
758
2985
2998
3022
2975
2994
2330
3012
3032
3022
2934
2977
2982
2984
2990
2973
2982
3007
2354
1993
2210
3023
3000
2952
3005
2980
2997
3009
3017
2981
2983
2976
2926
2986
2991
3022
3030
2982
3000
2959
2982
2957
3023
3006
2990
3003
1585
3024
1737
3048
3006
3033
2983
2986
2966
2976
3002
2770
2986
2971
2998
2994
3035
2978
2987
2893
3006
2966
2991
3001
3032
3027
2950
2991
3005
2263
2996
2974
2864
2844
2991
3031
3073
3020
3016
2972
3014
2987
3025
2974
2991
2912
3014
3026
3000
2982
3025
3022
2980
2995
2937
2973
2745
2994
3008
3036
2952
2979
3019
2996
3008
3019
3005
3040
2988
3028
2986
3019
3017
2989
2970
3068
3003
3008
3034
2970
2951
3046
2375
2429
3006
2977
3011
2985
3023
2959
3022
2997
2951
2992
2906
2990
2984
3011
2991
3010
2980
3010
2983
3015
522
3014
2989
3012
2960
2980
3056
2978
3003
3091
2991
2995
3003
2963
2958
2826
3005
3034
3001
2970
2990
2975
3007
2984
2996
3009
2989
2982
2948
3038
3054
3007
3019
3023
3002
995
3005
3011
3006
825
3008
2438
2948
3009
2947
2975
3019
3007
2991
2990
3000
3025
3048
3027
2979
3023
2972
3013
3009
2973
695
2991
3032
3019
2994
3018
3017
2994
3054
2995
2991
3019
3010
2997
2973
2996
3011
2974
2995
2989
3047
2917
3062
3005
2970
2999
2994
2980
2954
3002
2972
3017
2974
1621
2958
1316
2965
3004
3026
2993
1789
2229
3019
2969
3027
2955
2985
3013
2997
2981
2986
3001
2940
2990
2990
3008
690
2991
3007
2946
2979
3028
2985
3004
3010
2978
3047
3005
3004
3050
2985
422
3005
3026
3022
2985
2994
3001
3001
3004
2938
2992
3013
3013
2969
2970
1251
2978
3001
3046
2977
3045
2988
3003
2987
3008
3041
1658
3040
2981
2379
2982
2986
3010
3004
3002
3004
673
2988
2980
3009
3032
2859
3017
700
2256
2968
2651
2859
3003
2996
3036
3016
3001
2981
3000
3020
3002
3002
2962
3014
3022
2993
3013
2786
2956
3020
2568
3013
2991
2992
2842
2981
3009
1646
2750
2938
2976
3014
1367
2144
2916
3003
2990
3034
3022
2971
3008
2979
460
3032
2771
2989
3044
3018
2981
2958
2913
3027
2986
2946
2956
3000
2974
3031
2977
3011
3072
2958
3019
3017
3007
999
2981
1769
2982
3039
3073
2963
2970
3017
2990
2950
2973
3017
2986
3023
2998
3029
3007
2993
2975
3007
2966
3017
3005
2839
2972
2954
2997
2829
2964
3010
2981
687
2962
2733
3018
3015
3002
3059
2984
2998
2996
2996
3040
2991
2996
3010
3017
3040
3079
3018
2983
2547
3001
3014
2774
2988
2902
3008
2952
3004
3015
2996
2992
3016
3049
2950
2994
3028
2988
3008
3025
2989
2996
2921
2964
3020
3001
2990
3018
3012
766
2999
2996
2998
2883
2998
3023
3003
3024
2965
2939
3032
3013
3027
3001
2935
3006
2986
2998
3025
3020
2927
3006
1483
3001
2993
2987
2989
2966
3012
3010
2991
3017
2981
3010
457
2994
2963
2979
2983
2935
3001
1953
3021
2997
3002
2982
2591
3020
3025
3026
2986
3009
3014
2798
2401
3036
3004
2976
2140
2993
2997
2991
2935
3015
2977
3053
1567
3006
3018
3016
3011
2996
2963
426
2983
2978
2988
3009
2962
2958
3019
2995
3024
3005
2998
3013
3039
2943
2991
1920
1373
2842
3008
3013
1183
3011
2979
2952
3010
2951
2999
3026
2213
2972
3000
2967
3009
2976
2940
3038
3006
3014
2986
3028
2945
2992
2968
2983
3019
3095
3017
2998
2980
3029
2993
2343
3004
2977
3197
2905
3025
2981
3036
2986
3101
3010
2956
3009
2926
1736
1162
1625
3033
2922
3014
3009
2908
2977
3036
3050
2984
2839
2988
3004
2014
3005
2969
3029
3042
1685
2988
3001
1195
3015
2978
3025
684
2996
2945
575
1583
2952
2975
1489
3000
2996
2983
3008
2986
2229
2982
2936
3027
2989
2967
1239
3001
2962
2986
2924
2978
3010
2968
892
840
3025
3010
2985
2994
2936
3016
553
1346
3020
3004
3016
3004
2970
2999
3002
2964
2951
3000
2992
3009
2990
3018
3001
2966
3020
2968
3017
2991
3023
2997
2868
2913
2987
2971
2978
3011
2959
2999
2996
2999
3005
2996
2998
3010
552
3004
2937
2981
2968
1021
2984
2976
3015
3020
2938
3023
2999
3015
2994
2696
2967
3012
3017
2976
2924
3011
2693
2981
2536
3013
3013
2979
2979
2970
429
2998
2997
2997
3011
2950
2948
2996
3000
3017
3018
2559
2982
2973
2929
2375
2993
2974
3024
3006
2963
3028
3019
2953
2995
3009
3009
3017
3009
2946
2953
2993
3013
2950
2966
2981
3015
1085
3011
3014
2796
3035
3044
2993
2947
2998
821
2943
3009
3044
2977
2998
3005
2996
3009
2960
2997
2918
2983
2780
2943
2166
2993
2514
3022
3056
3025
3076
2979
2978
3025
3006
3013
3014
2989
2460
2962
651
2997
2990
3009
3024
3009
2198
3023
3014
2981
3020
3071
2973
2016
2987
2982
3022
2947
2991
3030
3019
3041
1300
2963
3016
2977
2971
2973
2992
2997
2995
2972
3014
3028
3022
3040
2994
3027
3005
3031
2973
3045
3011
3023
2957
3012
2974
2985
3032
3006
2987
2982
2984
2974
2963
2998
3031
3001
2992
3017
3039
2988
570
3008
3011
3008
3019
2974
2990
3008
2985
2941
683
3002
2994
3023
2968
1425
2717
3018
3014
3024
3011
2966
2986
3001
2964
2974
2703
3025
2971
2986
2995
3001
3097
2947
2864
2988
1046
2929
2949
3036
3047
3002
3056
3010
2573
3015
2958
2977
3028
3000
3010
3020
2953
3005
3014
3018
406
3009
2969
3040
2967
2942
1173
2993
3004
2104
3027
3011
3021
3007
3039
3008
2997
3000
2970
1609
3021
2991
3030
2922
3034
2993
2972
3005
2963
2952
3006
466
2965
2992
2975
3036
3000
3053
2995
3005
2989
2998
2977
3025
2980
3013
3004
3010
2977
2986
3002
2977
3021
2994
2963
2955
2925
2974
851
2975
2961
2968
721
3004
644
2997
2990
2994
3009
3041
2991
3023
2972
3006
1099
2989
2997
1537
2971
2992
2981
3038
3020
2990
3086
2843
2996
1126
562
3007
2973
3009
3022
2999
2987
1610
1336
3014
3035
2983
2995
3005
3043
3017
2978
2957
3023
3026
2991
2964
2971
3016
3014
3018
2967
2968
887
2955
2986
3016
3020
2984
2930
2681
3026
3030
2982
3042
2627
2502
2988
2983
2877
844
2992
3010
3050
2971
3011
3000
2983
2974
2996
2984
3033
3020
2966
2989
3012
1664
2999
3016
2995
3024
3021
3031
2942
3026
2979
1906
2996
2960
2955
2938
3023
2980
3020
2998
1527
2928
2981
2975
3007
2991
2994
2975
3120
3017
2987
2997
2999
2984
1156
2996
2981
2989
3031
3033
3006
2969
2815
2956
3038
660
3004
2976
2971
2619
3040
2206
2979
2950
3029
2982
3000
3000
3030
2917
3030
2948
2970
2997
3046
2948
2979
2422
3021
2980
3028
3028
2987
835
2979
3015
3001
1971
784
3005
2069
1963
2991
3030
2439
2983
3021
2993
2937
2994
2800
2973
3016
3003
3019
2983
2983
2986
3038
2984
1791
2988
3008
3000
2943
2952
3017
3013
3027
2971
3081
2976
3012
1445
3012
558
2973
2978
3020
2997
3007
1087
2968
3000
3022
3004
2986
2981
3010
2972
2992
3030
3045
3013
2975
3019
3036
3080
3022
3042
2998
2985
2944
3001
3009
2075
2996
3003
3004
3012
763
3000
2981
3056
2947
2983
2953
3004
2982
2917
2998
2671
3004
1307
2945
3001
2633
2955
2984
2957
2963
2602
2992
2997
2965
623
2219
2994
3007
3035
2977
2999
2984
3005
2966
3025
2979
2972
3059
3003
3010
3012
2767
2999
2696
2748
3023
2615
3024
3001
3012
3019
2981
3045
3063
3002
3011
2993
3046
3014
2979
2993
3038
3030
2960
828
2971
699
2591
3012
2949
2862
2921
3038
3008
2975
3011
2993
2980
2961
3038
2994
2999
2964
2439
3012
3036
2984
3026
3013
577
3004
2989
2322
2839
3043
3042
3019
3037
2966
2997
2944
2990
3009
2976
2964
3030
3002
3034
2925
2677
2941
3006
3036
2998
3052
2993
2989
3036
3021
1455
2995
2840
3014
3037
2983
703
1521
2977
3013
3007
3018
3018
3020
3012
2981
3005
2705
2976
1373
2913
2979
2908
601
3023
2943
3037
2974
2990
2998
3013
3009
2990
2260
2993
2973
3031
2975
1944
3010
3014
2930
3012
2981
2976
2992
3015
536
2994
3019
3011
3048
2892
2979
3042
2987
2996
3015
2985
2986
2992
3007
2999
2994
2975
2971
2986
2982
2983
3019
3012
2429
2992
3028
2965
2234
2939
1728
2964
2941
3020
2992
2958
3034
3029
3017
2952
2532
2987
3059
2195
3000
2988
2986
3005
2949
2989
3019
2961
2958
2420
3035
2761
2992
3008
3007
2992
3041
2972
2999
2210
2994
3042
3011
2631
2989
3010
2958
2043
2977
2993
2998
625
3033
3009
2995
2998
2994
2998
2990
2728
3004
2976
2992
2948
3004
2988
2963
2988
3011
3009
3100
2981
2981
2981
3026
539
3018
2995
876
2814
2987
3009
3044
2981
2944
2910
3022
2672
2997
3015
3018
3038
3015
2997
2958
1813
547
3001
3025
2975
3003
2520
3010
3001
3010
3020
1033
2976
2969
1784
2982
3028
3012
3027
2990
2973
2987
3064
2517
2889
2983
2968
3021
2989
3004
3026
3031
2987
2968
2990
3027
3019
2939
3027
2985
3000
2399
3004
2974
2976
2978
2986
2991
2959
2383
2944
3040
3045
2968
2568
2986
2995
3030
2988
2984
3019
2997
2792
3032
3029
3021
2986
3017
3028
3044
2998
2990
2994
2976
2946
2983
2988
3023
3025
2960
3032
2994
3003
3026
3030
2990
3008
406
2991
3015
3039
3007
3011
516
2946
2975
2996
2286
2986
2974
3007
3023
3032
3009
3010
3016
2992
2473
2970
2533
2985
2994
2469
2970
2973
2985
2987
3011
1830
3016
2979
3050
2991
3087
2875
3037
3027
2945
3036
3080
2975
2994
2996
3013
3027
2996
2359
1298
3034
3041
2969
2988
3004
3026
3009
3016
2981
2995
561
3020
2973
2981
2974
2998
2982
2991
2985
508
2954
2984
3012
2993
3002
3015
2994
3003
2681
992
2967
2979
2988
2997
3007
2986
3028
2965
2191
2976
2985
2985
3017
3013
3031
2995
3002
2994
2997
3038
2975
3216
3015
2701
2578
2997
3036
2967
2969
2959
3021
3005
2945
2958
2990
3010
2972
3033
2972
3003
2964
2809
2994
2986
3014
2960
2968
2965
2989
3018
3019
3020
3011
3020
3037
3016
2993
3016
3007
3020
3000
1643
2057
3027
3029
3054
3012
3039
2984
3039
2955
2998
2953
2977
3018
3013
2999
2996
2958
2990
2972
3031
3018
3024
3028
3000
2962
3014
2997
2948
3018
2666
3014
3041
3038
2963
3034
2722
3017
2969
3006
3044
2989
2981
2999
3004
2988
2969
3003
3029
2986
2990
2957
2413
3000
3043
2990
2377
2997
2979
3040
2967
2942
3010
2990
2986
2957
2941
2994
3007
2942
3001
3006
3009
2986
2977
2974
2941
3030
2996
2988
2834
1827
2975
2971
3020
3012
2971
3014
2945
3038
439
1387
2984
2974
2954
3030
3021
3040
2983
2997
2997
3004
3019
2999
2949
2981
3008
2925
3053
3003
2999
1209
2972
2998
2879
3054
3006
3048
3084
3004
3030
3018
2958
3021
2951
2992
2033
2971
3024
2975
2984
3008
2970
3017
3016
2994
2996
2248
574
2987
3028
2970
2925
3017
2954
3012
2990
3028
3018
2975
3040
2994
1818
3051
2992
2992
2965
2981
3001
2097
462
3001
3042
2949
2999
2960
2966
1909
2980
2963
2985
2988
2997
2999
2981
3018
2999
3023
2934
3024
3029
718
2993
2916
3000
2956
3003
2998
2987
2995
3000
2967
2958
2995
2999
3002
3014
1324
2965
3001
2955
3019
2987
2980
3042
2974
2948
2994
2913
2990
3022
1564
3005
3024
2979
3015
2979
2979
3008
3022
3049
3037
2978
2541
2957
2970
3028
2440
3013
3022
2998
2991
2980
2990
2970
3001
2922
2960
2949
3022
3020
2961
3003
2951
2959
3036
2986
3005
2999
2988
2987
3011
2350
2981
3033
3005
3052
2996
2973
2975
3000
3016
2981
2991
3010
3016
2978
3012
2966
2987
3001
2959
2976
2964
3081
3018
2949
3024
2983
3033
2928
3044
3008
3029
2969
3000
3010
2511
3018
2958
2997
2975
2962
2977
2997
2973
2991
2982
2992
2961
3036
3007
3016
3006
2976
2911
3006
2954
2341
2983
2991
3007
3029
2923
734
2993
2808
2993
3010
2999
3018
586
3028
1493
2957
3002
2949
2955
2973
3018
2977
3002
1663
3023
3034
762
3010
2995
3010
3010
3001
2954
2995
3010
1873
2960
2987
3035
2993
920
3039
2989
2994
2936
2982
2976
2965
2827
2985
3000
3005
3026
2975
2995
688
2975
3005
2437
3018
2953
3021
2997
3016
3010
2961
3011
1972
2988
2987
2986
2977
3024
2967
3003
2988
3011
3034
2971
2984
2990
2838
3001
3007
2989
2986
2371
3005
2972
2970
3003
2999
3021
2983
2490
3056
2672
3005
1451
3001
2994
3013
3016
2970
3009
2980
2992
2942
2963
3027
2939
2996
2999
3004
3021
2980
2960
2745
2997
2968
2995
2981
3016
2949
3039
2139
2995
1857
3013
1767
2956
3025
3030
3021
2984
2990
2977
3015
440
2422
2950
3016
2984
1227
2982
2904
3017
2966
2966
3028
3018
3023
2987
3029
3019
3041
2957
2975
2996
2996
3001
3008
2981
2976
2948
2972
3046
1576
3007
3000
2936
2972
2935
3028
2957
2998
2964
2209
2993
2965
3064
3005
3014
3092
3016
2964
1465
3002
3010
2944
2981
3022
2990
2980
2973
2985
2992
3026
3005
3027
2988
2972
2987
2959
2988
2995
2947
3007
2997
2986
3003
2995
3050
3000
2944
3022
3040
3017
1900
2987
1050
3003
2986
2966
3013
2992
3052
3012
3001
2980
3009
3010
2935
3001
3000
2939
2998
3000
2998
2969
2960
2987
2036
3036
2983
3001
3000
2960
3003
1564
2953
3004
2971
3009
2519
2976
3017
3001
2981
3045
3009
3009
2854
2967
2898
2943
2947
1751
3016
3018
2947
2349
2978
2970
2501
2979
2971
3011
3047
3002
2978
2637
2947
3018
3007
3008
2938
2989
2980
2982
2996
3005
2991
1782
2990
3001
3005
3011
2997
890
2985
3054
2999
2978
3005
3013
3028
2997
2509
2997
2992
2785
518
3025
3049
2981
3014
2076
2990
2974
2976
2974
2992
1779
2993
3019
3025
3000
2990
3011
3014
3025
2976
3018
3001
2968
3022
2995
2949
3006
3000
3013
2978
2969
3021
2992
2993
2992
2979
3009
3053
3007
2998
3034
2972
3004
2987
2989
3060
3014
2397
3010
3027
2946
2981
2972
3002
2987
3027
2998
3000
2967
3008
2987
3022
3011
3007
3002
2980
2971
3028
2979
2959
3024
3078
3011
3018
3048
2851
2985
3024
2981
3026
2928
2814
2246
3006
2996
2984
2973
2953
3016
3000
2984
2976
2987
3009
1250
2823
2975
2993
2985
2992
3021
3000
2974
3015
3021
3020
3007
2090
3008
2992
3032
2999
2560
2019
2849
3019
472
2994
2989
560
3001
3019
3038
3029
3018
2992
3013
3025
3024
3055
2901
3021
1768
2977
1048
3027
2951
2952
2980
1919
2987
2974
3006
3029
3001
3019
3015
2991
1080
3045
2960
2849
2995
577
3019
2971
2992
2955
3007
3022
3016
489
3000
2973
3002
2935
3011
2985
3003
2948
2956
3006
2961
3014
1450
3036
3007
3002
3010
2990
1066
2972
2990
2980
2961
3010
3012
3006
3007
2682
3051
2967
2974
2967
3027
2986
2996
2990
2974
3014
2600
1273
2971
2974
2928
2982
2926
2892
1578
3101
3013
2079
2940
3021
3013
2977
2954
2749
466
2985
2991
2967
2982
3016
3014
3020
2991
2983
3006
2949
3018
1774
2990
2958
2997
2246
3038
3017
2771
3030
3012
3004
2982
3017
3005
2965
3013
2949
2991
2889
2985
2958
2998
2986
3007
2999
2984
2990
2987
2987
2989
3003
3004
2984
2951
2954
2951
2973
1418
2976
2957
2977
2873
3023
2989
1483
2986
3022
2992
1264
3021
2994
1438
1361
3024
2987
2976
2968
2972
2998
2968
2744
3001
2965
2525
3026
2985
2749
3006
3013
3050
2991
2963
2951
2996
3011
2419
2999
1917
2996
3006
3016
2993
2760
2828
2952
2954
3004
2926
2925
3012
1244
2976
1203
2938
2992
3024
3016
3019
2969
3077
3001
2987
2988
2988
3010
3020
2997
3008
3032
3013
2976
2960
3031
2976
2915
2981
2975
3009
2971
3013
2996
3024
2962
3005
2924
2997
3013
3016
3000
2993
1482
2964
2992
2973
3012
2983
2996
2955
3006
2922
2955
2992
2989
3019
3033
3052
2984
3024
2959
3006
2557
3010
2975
3002
2983
2984
3005
2946
2978
3029
3010
2999
3012
3028
2300
3005
3077
2994
3023
2996
3015
1272
3006
2999
2979
2987
2973
2952
3008
3011
2994
2979
896
3010
2998
3002
2875
2969
2951
3004
3002
2992
3027
2956
3012
2986
1331
3044
2223
2946
2966
2993
2135
3011
3016
2960
3023
2989
3045
3014
1820
2984
3011
2999
3009
2977
2980
2964
2964
3040
2974
2973
3011
2989
2993
3007
3003
2975
2853
2953
3009
2967
3090
2998
3016
3071
3000
2990
2963
2924
3011
3008
3012
2984
3000
2988
3002
2989
2992
2993
2871
3024
2995
2957
468
2995
3008
1660
3012
2997
2339
3039
3032
2986
2968
3007
3047
3020
2992
2973
3000
2993
2960
3009
2970
767
2984
2981
2973
1052
3010
2996
2983
3003
2855
2962
3016
3005
3015
2965
3037
2976
3029
2971
3076
3006
2986
2946
2979
3071
1609
2953
2991
3011
3010
2935
3002
2976
2986
2983
2998
3000
3032
846
2967
2976
2957
3009
3033
3020
2508
2994
2989
2974
3034
703
2955
2963
2879
3012
2956
2036
3001
2984
3016
3045
3009
3006
2984
2984
3019
1804
2996
3006
2988
3055
2499
2844
3018
3081
2996
3030
3050
1251
3029
2952
2994
2799
2981
2999
3010
3020
2973
2994
3018
1741
3013
2998
2926
2754
2971
2990
3002
482
2994
3013
3012
2992
2478
2983
2998
3028
2917
3008
2955
2995
2370
3018
2977
3007
2987
3067
2981
2945
2986
3013
3025
3003
3011
2979
2986
2993
2150
2990
705
3024
2979
3005
3027
3034
2981
2981
3005
2965
2595
2984
2636
2962
2974
3004
3034
3023
2999
2945
3033
2997
2664
3024
430
3026
3017
2945
2984
3031
2945
2976
2990
2989
2739
1328
2978
3042
3005
2993
3013
2982
3011
2940
2992
2978
2209
2896
3001
3023
3007
3016
1010
3076
2973
2990
1598
3010
2981
3006
2988
2994
2983
1511
2993
3023
2986
2979
3025
2969
2947
3009
3009
3001
3006
1575
2927
2426
426
2969
3005
2971
3003
3022
2991
3016
3008
3001
2984
3022
2973
2989
3014
2987
2996
2975
2970
2953
2985
3001
3004
3002
3017
3015
2925
2988
3001
2975
864
2991
3006
3018
3018
2986
2958
2992
2730
2973
2982
3027
2995
1779
2991
2984
2993
3006
3038
2927
1344
2984
709
2998
2973
2987
2972
3008
2985
2911
3011
3020
2933
2958
3014
2834
2106
2995
2974
2983
3017
2958
3001
2958
2991
462
3001
3015
2998
2954
3003
3026
2999
2996
2973
3008
2875
2985
2998
3008
3015
3033
3018
3032
3048
2961
2966
3000
3018
2967
3035
3021
3016
2976
2999
3022
2999
2998
3088
3004
3030
2964
3015
3001
3019
2989
2969
3000
3004
3005
3040
3033
2966
3013
3021
3016
3025
3010
2509
2982
2982
3006
2597
3032
3047
3026
3001
2992
2930
1824
2980
2986
2998
2980
2957
3012
3005
2968
3000
2996
3024
3013
2606
2966
3027
2979
3021
3012
3000
2975
3060
2988
2879
1726
2978
2910
3014
3004
3088
2993
2998
3016
2993
2977
2984
2959
904
2981
3024
2991
2921
2928
3024
3033
3018
3028
2977
2996
2973
2981
498
3011
2994
3018
3001
3018
2963
3015
1702
1333
2978
2928
3008
2962
2946
2990
2982
2929
2943
2987
1733
2558
944
3042
3010
2927
2973
3000
3063
2199
3001
2995
2953
3001
2985
3004
2981
3002
2987
3007
2941
3001
2852
2984
3003
3016
3005
3006
2965
2966
3008
1802
2954
3004
3002
2989
2987
2980
3006
2990
3001
988
2966
3101
3003
2968
2986
2996
2891
3013
3024
3113
3037
2985
2995
3014
2977
2981
2983
898
2977
3026
2987
2971
3008
3023
2838
3012
2956
3015
2936
3031
1898
3011
3010
3003
2990
3011
2962
1683
3034
2979
1965
3008
3016
2566
3011
3032
3008
3033
3068
2999
2986
2965
2727
3030
3008
2965
2994
3016
2958
2909
2997
3008
3011
1260
2850
2986
3034
2986
3047
3001
2618
3024
2992
2998
2998
2987
3065
3046
2978
2995
2968
2707
3003
2996
1538
3000
2979
3036
2975
3006
2980
2974
2985
2957
2990
2953
2965
2995
2962
2982
2987
3005
2962
2974
2987
2982
3014
1033
2998
3053
3027
3000
2987
3007
3028
3026
2919
2942
3028
2105
2927
2998
3019
2980
2982
3008
703
3093
1575
2985
3027
2997
617
2950
3026
2874
2986
2921
3000
2994
2994
2982
3002
3026
2691
2998
2999
3046
3018
2361
3002
3009
3017
2956
2987
3035
2982
2970
2999
2988
3009
2984
2992
2967
2981
2987
2981
2981
3004
2978
1090
2983
1117
2966
3024
3004
3043
3025
2938
3012
2988
3030
2945
1375
2950
2985
3013
3020
1579
2990
2638
2985
2991
2995
3011
3005
2996
3019
2975
2991
3021
2977
3018
2985
3046
3012
2986
2998
3035
2978
2968
3010
2952
2894
2899
2991
3004
3032
2955
3002
3033
1545
3050
2983
2844
3053
587
3016
3026
2894
3012
2995
3002
3032
3021
2981
3036
2959
2970
2959
3018
2987
2975
3010
3013
3021
2989
2951
1224
3021
2994
2977
3043
2978
3098
2998
2977
2990
3032
2984
3026
3035
1897
2988
3000
910
2224
3036
3027
2907
2981
2995
2983
2973
3003
3013
2864
3084
3006
3014
2962
2999
3039
2980
3010
2641
3020
3000
2985
3017
3010
2992
2969
2218
2982
2989
3004
2984
2955
2925
2982
2902
2978
2955
3017
3021
899
2766
2989
3019
1507
3032
2960
3005
2944
474
3034
3027
3012
3039
3034
3033
2999
2983
2973
3028
3026
2989
2993
2963
2947
2992
3040
3025
555
2980
3015
3017
3004
3009
3069
3001
3017
2992
3015
3000
2993
2976
3010
2489
2979
2953
2982
2894
2977
3026
3006
2995
3000
3013
3015
2870
3027
3022
2979
2967
3055
2054
3004
2984
2993
1189
2983
3016
1118
2967
3002
3033
2994
3005
3002
2944
3029
3006
2984
2992
2977
2992
2973
3101
3025
2985
3022
3017
2992
2987
3014
2990
2772
3002
2823
3031
737
2933
2993
2987
2978
1185
3000
2972
2988
3018
3020
2970
2990
3012
3016
2994
2948
2829
2977
3010
1875
2998
3003
3053
2986
679
2974
2915
2989
3009
2989
3008
3009
2955
2665
3027
3017
3002
2823
3083
3003
3034
2952
2957
2868
2977
3011
2994
2987
2981
2473
1292
2969
3027
2962
2945
2996
2995
2991
2970
3030
3006
2998
3017
3021
3014
1775
2980
2973
3026
3021
2989
3026
2069
2992
1393
3012
2976
3006
2727
2993
2987
3028
2972
2342
3035
997
906
2972
2996
2992
2984
3011
2895
2982
3009
3010
3013
3001
3019
3007
3018
2981
2949
2940
3011
2938
3002
2991
2986
3003
3003
3008
3055
3006
2794
3041
2962
3008
2984
2934
3000
3012
3037
2863
2975
3022
2988
3030
2958
3005
2978
3005
2961
2950
2987
528
2993
2501
2981
2988
3013
2989
2989
3013
3033
3016
3001
2977
3083
2979
2984
2958
3019
2994
3006
3002
3034
2995
2933
3024
2445
2956
2194
3022
3076
2995
3002
2959
2986
2949
2996
3000
2975
679
2971
3013
2975
803
2982
2992
3010
2955
2995
3020
2751
2988
3025
2957
2991
2989
2989
3007
2992
2999
3047
2998
2961
2953
3013
2758
3003
2992
3040
3015
3011
3040
3009
2978
2994
2985
2978
2993
2997
2985
3017
2968
2983
3021
2978
3076
2998
3044
3005
2974
2990
2983
3011
3000
2975
3028
1200
2975
2971
2971
3000
3017
1825
3016
3026
3007
3010
2988
3018
3001
3024
876
2987
2971
3043
3006
2976
3017
2984
3039
3028
2938
2987
3024
3009
3005
2981
3024
3005
2960
2999
3017
2989
2924
2969
2996
3016
3007
2986
3016
2201
3014
3029
3040
2996
3032
3011
2961
3018
2951
2967
2986
3024
3006
3041
2988
3011
3022
2979
3008
2972
3013
2982
3035
2948
3020
3009
3013
3019
3005
2985
3007
2980
3013
3001
2993
2998
3003
2987
3032
3042
2996
483
2946
2991
3021
2923
2971
3004
2979
2952
3013
3000
2998
3022
3010
3002
3024
2967
2979
3014
2982
2991
2968
3035
2962
3003
3015
2952
3000
2996
2639
2993
3005
2963
3012
2982
2988
2555
2993
2975
3023
2979
3013
3042
2967
2312
3005
3012
2987
3047
2995
3027
2972
3013
2964
3006
2980
3034
2988
2997
3000
2899
2967
2978
2982
3031
571
2823
2958
2976
2858
2955
2991
2984
3028
3008
2989
3013
3022
2831
3033
2991
3035
676
2986
2975
3010
2999
2957
2996
3029
3007
3024
3025
3003
2963
3021
2934
3006
3041
2676
2941
3028
3002
2986
2999
3002
3005
2997
2996
1068
2988
2991
2968
3056
3019
3024
2926
2953
3023
3000
3012
2815
3031
1125
2956
2978
2943
3015
2993
2986
2975
3033
1112
3022
3019
3006
3024
2943
2944
3023
3013
2954
1131
3009
1626
2998
3003
2951
3001
3007
3010
2993
3010
2919
3031
2997
3011
3048
3011
2980
2954
2997
3017
3006
2946
3007
2967
3038
1424
2041
3014
2542
3028
2994
1072
3000
3037
2979
2991
3005
1055
2950
2988
3001
2896
2984
3041
2976
3005
2982
3032
1015
2981
3057
2991
3045
2798
2964
2995
3011
2989
3010
2985
2727
2988
3027
3036
3001
2988
2936
1988
2910
3013
2995
3004
2972
2936
2973
2996
3019
3021
3004
2992
2967
939
2995
3014
2997
3060
3004
3041
2954
2983
3005
2989
3043
2998
2999
2954
3002
3052
2974
3048
3000
2961
1953
2999
1977
3002
2954
2976
2993
3017
2975
744
2985
2980
3020
2999
3025
2982
2984
2974
2974
2999
3036
2989
3002
3007
3019
2940
2917
2962
2976
3003
3028
3018
2928
1305
2955
2963
2965
2970
3004
2987
2993
2996
2955
2990
2878
2933
3027
2880
2805
3001
2942
1516
2991
2997
2939
2952
3003
2975
3013
2949
2995
3036
3006
476
3016
2977
3001
2962
2993
2863
2939
2565
2998
2979
2959
1552
3030
416
2750
3009
3014
3000
2963
3025
2983
2982
2976
2976
2979
3024
3036
3019
2233
2988
2998
2811
3019
2958
2944
3064
2958
3022
3073
2970
2935
2990
2985
3035
3032
2992
3000
2969
2802
542
3014
3052
2999
2937
3016
3028
2939
2981
2993
3003
3055
2972
2982
2909
2973
3002
3014
2994
3000
3029
2958
3016
2992
2997
2984
2957
3003
2812
2998
3000
2954
2989
2798
1495
503
2996
3010
2949
2997
2998
2979
3004
3033
3007
2977
3011
3037
3007
3041
2963
2958
2999
2456
2992
3038
3002
3005
3012
2964
2996
2242
2999
2439
2993
2981
2869
2983
3002
2969
2973
545
3006
2785
2975
3003
3022
2896
3010
2658
3029
2602
3017
2963
2976
3001
3029
2946
3007
3031
1009
2980
3038
2480
2985
2480
2992
2975
2986
3011
3054
2929
2979
3030
2830
2942
3020
3002
2999
2974
3002
2998
2952
3028
2989
3026
3013
2996
3018
2981
3012
497
2952
2989
3044
3000
2986
2476
3020
2489
3011
701
3012
3000
3013
2987
3016
2996
2961
2959
2948
3061
3027
3010
2924
3014
3031
2984
3033
3012
3008
2960
2746
2966
3002
2983
3026
2981
2971
2986
3024
2689
3012
3005
3035
3032
2983
2987
2993
3031
2816
2707
2966
550
2900
2941
2968
3018
2993
3038
3000
2998
2397
2466
2953
2997
2970
3009
3009
2970
3020
3007
3000
2995
3034
3001
3010
2851
2574
2996
3018
2967
1025
3009
2668
2966
2980
3030
2973
1823
3012
3018
3004
2308
3036
2993
3020
2985
2965
2992
2998
2827
2994
2993
2999
3004
3009
3031
908
3014
2962
3003
3008
2980
3016
2564
3013
3059
3010
3023
3013
3016
3009
3001
2978
3013
2984
3017
3037
2309
3009
3004
3050
2999
1312
2968
2997
563
2984
3005
3012
3045
3011
2996
2506
2962
3024
2996
2947
3000
3001
2997
3020
3034
2980
1870
3011
3037
1882
3023
2980
2991
3004
3023
1523
2963
3052
2930
2973
3006
2999
2980
3033
3050
2940
2943
3023
2944
2999
3028
497
2954
3008
3037
3019
2956
2983
2988
3004
3011
3039
2992
2961
3018
2995
2984
2979
3011
2992
2997
3028
2990
2934
2978
951
2981
2973
3004
2987
2957
2970
2992
3023
2985
2921
402
2982
2842
2957
3011
2965
3057
2997
2978
2985
2980
2964
2987
676
2988
2862
3022
3006
3056
3006
3005
2978
3020
3013
2987
3024
2978
2985
2985
2329
979
3023
3002
2996
3022
3014
3003
3045
3022
2989
3006
3022
2975
3009
3016
2980
2992
2946
3019
2969
3011
3023
2974
3006
2964
2986
1042
2974
3009
1797
3020
2988
3028
2988
3021
988
3042
2978
2998
1494
2994
2933
2970
1755
2926
2966
3040
2958
2998
3001
3062
3011
2945
2984
2722
2998
3015
2963
3018
3000
3009
3005
2982
3006
3008
2978
3003
3014
2908
2972
2452
2986
2976
3031
3022
2997
3006
3027
2991
2849
3019
2946
2973
3041
2966
2995
2968
3022
2974
3021
2995
2959
3007
2733
3023
2964
2994
3001
2989
3006
447
3002
2646
3016
2960
3020
2990
3005
2986
2852
2939
2308
2998
2985
2935
2973
1357
2964
3009
2988
2971
951
3023
2674
422
3003
2994
3009
2975
1246
2992
610
2996
2966
2943
3041
2992
2993
3021
2939
2993
3235
3007
2998
3027
2952
3023
2948
2451
3007
2976
3050
3013
3010
2990
3012
2955
2603
3049
3037
1644
2985
3007
3009
2990
3039
2986
2958
2978
2992
3044
2998
2027
3003
2992
2859
2963
2944
2980
3016
3031
3059
3017
2973
2989
2927
3008
3007
3001
2952
2256
3001
2943
2985
2956
2992
3035
2997
439
3033
426
3027
2919
2964
1967
2454
3014
3034
1289
2946
2968
2995
3015
2640
2993
3007
2984
2997
3044
2994
3040
2959
2997
2976
2989
3075
2976
1476
2953
1399
2985
3039
2695
3018
3078
2985
3006
2974
3018
3025
2971
2959
2995
2996
2982
3011
3003
2994
2993
2965
3018
3025
569
3008
2994
3038
3018
2967
3012
3028
2997
3011
3021
2992
913
2997
2980
2968
1471
2975
3010
3005
3049
3007
1264
3049
2956
2965
3003
3041
3025
3028
2988
2859
3003
2979
2992
2978
3004
3035
2947
3016
3027
2994
3000
2972
2997
3015
3021
3006
3021
2979
3012
3000
2991
2642
2988
3000
3034
1258
2974
3023
1916
2978
3012
3034
2942
2978
2995
3008
2977
2975
3028
3013
3001
2949
3017
3006
3037
3075
3046
3004
2996
3020
1975
1982
3012
2997
2996
3027
2994
3056
2998
2995
3013
3024
3030
3001
2992
2959
2997
2974
2973
2998
2989
2999
3003
2968
3061
2977
2998
1219
2922
2980
2971
2972
2997
3054
3008
3020
715
2974
2993
3047
2636
1809
2963
3004
3024
3005
3012
3011
3030
2977
2990
3017
3005
2990
2963
2649
3007
1754
3015
3048
3001
3006
3018
3002
2932
2679
1379
2977
2989
3007
2999
2986
1034
2989
3020
2989
3004
3255
2971
3008
2998
3012
2950
2386
2974
3012
2883
3000
3014
3029
2999
3010
2959
2992
2973
2933
3019
3001
2964
2996
2936
2978
829
2994
3008
3005
3004
2983
3010
3019
2977
2969
3084
2990
2956
2975
2997
2983
1305
3022
2997
3014
3013
3017
2962
2960
2045
3030
3060
2999
2989
2666
3051
2979
3023
3276
464
2994
3020
2840
2989
3007
3001
2974
2991
3003
3004
2957
3037
2980
2606
3005
2995
3014
2977
3000
2806
3008
2974
3009
3005
3002
2985
2978
2967
3003
2968
2992
3004
2922
2936
2983
3041
2977
3014
2979
3003
2987
3015
2990
2970
3016
3005
2372
3057
2984
2964
2420
2961
2983
498
1098
2961
3012
489
2998
3057
2978
3003
3020
3032
2962
2964
2995
2970
3010
3006
2971
3018
2990
3045
3013
3018
2956
2997
3043
3000
2996
2971
3016
3011
2966
2835
2993
2998
2988
2966
2998
3022
3027
3039
3016
3055
2989
3010
3028
3003
2983
2973
1549
2991
2975
2995
2707
2976
3011
3038
2985
2974
2989
3006
3001
2966
3004
3005
2926
2995
3026
3001
3027
2946
2969
877
2963
2981
3024
2980
2997
3004
2989
2978
2988
3002
3025
3000
2908
3065
2936
3028
2921
3002
3025
2949
2974
3000
3005
2984
2978
3019
2935
2975
2992
2940
2981
2975
1392
2981
3028
2956
3036
2975
3003
3010
3016
2963
2917
3075
2423
3034
592
2955
2232
2956
2983
2906
2992
2990
2989
2984
3003
2827
2843
3005
2956
3016
3025
3027
3008
2975
838
2980
2984
2976
2977
2858
2998
2929
2988
3000
3001
2969
3004
3004
3030
2979
476
2864
2997
3018
3023
2973
3004
3025
2976
3004
3004
2990
3019
2647
2447
1442
2979
3004
2974
3045
3035
3017
3015
2997
3013
2943
1813
2907
2969
3006
2988
2959
3007
2977
846
2994
3064
2971
2979
2990
2999
3007
2966
2961
2978
2546
1910
3003
3019
3008
3021
2996
2973
2994
3005
1132
3019
2594
3001
2983
2980
3000
2979
3027
2994
3010
3002
3030
3023
3075
3037
3028
2998
3011
2999
2980
2918
2973
2824
2999
3027
2986
2986
3041
3009
3026
2988
2609
2998
3018
2321
2989
3006
2980
2914
3068
3017
2992
3018
2815
3022
2967
3009
2019
670
2980
1116
3013
3036
3047
3031
2962
2991
2997
1702
2981
2813
2910
3053
2999
2605
3032
3000
3021
2972
2977
2963
2987
2967
3010
2956
842
2936
2981
1455
2356
2948
3014
3023
3013
3014
2626
532
3003
2998
2999
3015
2611
2252
2415
3002
2913
3007
3000
2948
2993
3009
3023
2995
2985
2997
2426
3011
2972
2989
2999
2983
2976
3003
3024
2973
3015
3014
2975
3009
3041
2995
3044
3010
3006
2992
2144
2987
3010
3024
2987
2991
3016
3037
2980
3015
3032
3005
2894
2993
2963
2971
2953
2894
1571
2065
2965
3004
2966
3030
3022
3047
2996
3026
3017
3013
2907
2985
3028
1076
2388
3026
3022
2832
3002
1166
2995
2968
3028
3015
2950
2998
3013
2980
3016
2970
2987
3040
2983
2987
3019
3094
2951
3012
2993
2967
2992
1253
2958
2985
2966
3025
3021
3018
2964
2904
3022
2981
2922
3022
1536
3014
2283
2966
2961
2982
3007
3027
2962
3008
2947
3001
1655
2998
2977
3014
2977
3023
2999
3072
3005
3028
2965
3024
2996
3032
639
3036
1128
3011
2959
1741
3010
2993
3031
2960
3027
2976
1565
2996
3001
3009
2992
3023
2700
3036
3022
3034
2970
2166
2995
2977
3017
3009
2965
3018
3009
3042
2981
3006
2979
3030
2986
2980
3004
3006
2982
3006
3010
3018
2954
2992
3023
3034
3059
3009
3000
2975
3014
1316
3024
2973
3008
2973
3002
2983
2922
2931
668
2984
2901
3018
2988
2976
2987
3044
3048
2989
3028
2762
3073
3003
2991
2974
2958
3005
2974
2974
3025
2995
2940
2998
444
2992
2974
2994
979
2414
2987
3018
2980
2990
3008
2998
2954
3041
3022
3022
3043
3003
3003
3026
2976
2950
3002
2966
3006
3027
2988
3000
2982
3001
1488
2980
2958
3001
2990
2985
2894
2605
2928
3038
2988
3037
2840
2991
2974
2351
2984
2999
3003
2976
2946
2987
2982
2982
2967
2951
3006
2990
3038
1699
2993
3019
3009
3010
3002
3003
3008
2946
2974
2999
3008
2952
2962
2978
2978
973
3004
3020
2970
2964
2955
2987
3013
2999
3018
2991
3018
3018
3008
3004
2987
3009
2980
2991
2993
2990
3026
2983
2137
3050
2963
2969
3025
2973
1992
2955
2993
3008
3004
2998
2970
3014
3025
2989
2792
2987
3031
2984
3015
2996
3035
3006
3010
2942
3020
2981
3026
3022
3021
3000
2267
2947
3045
3009
2981
2988
3023
3015
2963
2993
2940
2976
2977
3006
2942
2985
2954
3023
3015
525
2980
3025
3005
2997
2878
2999
3031
2999
3015
2978
2975
2985
2958
3038
2175
3022
3021
2967
2958
2964
3073
2551
2981
2890
3040
2996
2988
3028
2999
2947
2610
1761
3012
3022
2986
3012
2974
3016
3002
3056
845
3011
2974
2997
2991
2928
2028
3015
2475
3045
2975
3017
2461
3007
2998
2980
3008
2996
2987
3013
2972
3019
3003
2982
2336
2993
2979
2988
3012
3031
3029
2978
2973
2997
2962
3005
3019
2999
3018
2994
2990
2997
2975
1942
2980
3011
2941
2245
2851
3050
2986
2985
3024
2984
2550
2991
2979
3011
2392
2973
2994
2986
3000
2949
2995
2998
2988
2966
2983
2922
2970
2991
2994
2993
2994
3003
2985
2991
3013
3026
3022
2904
2627
2967
2312
562
2939
3012
3029
2978
2711
3004
3001
919
2986
3008
2996
2990
2785
2999
2992
2961
3089
3011
3016
2960
3014
3011
2949
2974
3007
3026
3000
2948
1659
2210
2966
2996
3061
2989
2991
2965
3021
3026
3042
3005
1417
3024
2992
3020
2981
2662
551
1076
3025
2909
2974
3028
3009
2995
2993
3078
2986
2952
3034
3033
3038
3015
2987
2984
2887
2985
3005
2046
2987
2992
2979
2967
3022
2961
2974
2990
1932
3018
2958
2995
3056
2848
2982
3006
3003
2991
2982
2975
3026
3026
2087
2961
1498
2998
3042
2974
2976
2997
3085
655
970
3012
2996
2995
2992
3015
3007
3040
2984
2963
3000
2064
2967
3013
2473
2962
3014
2945
3021
2961
3007
1088
2935
3047
3001
3001
3008
3040
2962
2983
3018
2001
2966
3021
3005
2823
3001
3004
2984
3026
2949
3001
2946
2989
2989
3040
2939
3010
3046
3013
2941
3018
2996
3003
3009
2965
3003
2968
2963
1134
2997
424
2991
2981
1563
2848
2979
2479
3025
2920
2974
3021
2999
2990
3007
2998
3046
2975
2988
3027
3047
408
2994
3010
3082
780
2391
2479
2987
2992
2972
2962
2952
2979
2962
2971
2961
2598
2522
2010
2997
2932
2964
2987
2999
3001
3031
2998
1292
3010
3028
3050
2996
3048
2966
2995
2990
2995
1913
2163
2973
3082
2896
3015
2991
2985
2977
2948
2960
2959
2979
2995
2976
2959
3034
3030
2928
3013
1415
500
934
2866
2969
3018
3016
3052
3015
3044
3019
2968
2965
2991
2975
2867
3033
3014
3018
2972
2918
3017
2997
3008
2988
2953
2882
2985
2946
3004
2999
3046
2971
3001
3013
3010
3014
2961
2476
3051
2992
2951
3003
3002
3049
3000
2993
3005
2984
2971
2996
3030
3013
3007
3004
2990
2996
3007
2894
3008
2819
3028
2985
3011
2998
2995
3015
2984
3003
3016
2985
2995
2994
3017
2982
2993
2959
3007
3020
867
3018
2999
3039
2628
3032
2988
3005
3004
2976
3029
2994
2992
2966
2990
2982
2986
2979
2952
2963
2984
2934
2996
2975
3022
690
2990
2976
3004
2979
3023
2339
2971
2969
2988
3038
2990
3033
2933
2975
2985
2997
3021
2999
3017
795
2995
2989
650
2990
3016
2945
3039
3014
2986
3073
2930
2991
3014
3016
447
2977
2977
2230
2494
3060
2857
2991
2502
581
2966
1553
1033
3008
3052
2995
2990
3017
3012
2991
2988
3000
3003
3016
3016
3017
3032
2446
2981
2987
2976
2943
2981
3013
3073
3001
2989
2969
2999
2991
2187
2996
2984
3037
550
2967
2724
1595
2983
3008
3023
3027
3023
3078
2928
2940
2946
2953
494
2823
2945
3027
3019
3010
2961
2265
2970
3010
3008
2995
3079
2997
2879
2997
3011
2986
3011
3078
3031
3002
2969
3001
3023
2765
2995
2958
3001
2345
2996
2964
3014
2994
2978
2970
3002
3010
2994
2996
3038
2779
2974
3000
2995
438
2995
3005
2990
2986
2951
3007
3010
3001
1639
449
2982
3080
2842
3043
3002
2982
2817
3015
2351
2957
2770
2957
2989
3010
2959
3026
2986
3023
3005
3002
3018
3036
2955
2980
2981
2952
3025
2980
3011
2959
3007
2985
3011
3001
2955
3004
1054
429
3022
3029
2986
3026
2755
3012
2982
3000
3019
3001
3012
2975
3079
3009
2997
2992
3035
2994
2979
3017
3026
3028
2957
2998
2987
1119
2979
3027
2967
2981
2989
2949
2936
3000
3016
3006
3000
1399
2956
2996
3077
3034
3030
2836
2967
3050
2955
3005
3064
3043
3028
2987
3023
2997
3007
2983
2996
2940
2945
2989
2923
3044
2974
2964
3004
3008
3015
2966
3013
3016
3060
3008
3004
3008
3009
3020
3021
1008
2954
2995
2985
3028
3026
2993
3002
3028
2985
3007
2992
2960
2989
2967
3007
3017
3011
3022
3000
3015
2311
2978
2996
2990
2985
3093
1922
3027
3030
2983
3023
2933
3019
3006
2975
3003
3008
2973
3037
2989
3017
2860
2999
2938
2982
2986
3015
2999
3023
3014
2964
2954
2992
2986
3000
2965
3089
2745
3012
2993
3026
2959
2994
2985
3001
2978
3007
2990
3001
3028
3018
3028
2970
2955
3006
3012
2933
2757
3038
1579
2537
3020
3045
900
3011
658
3027
3008
592
2990
2996
2720
3032
2978
2708
3010
3046
3015
2945
2992
2954
2987
2997
3007
2970
2988
3005
3009
2973
2988
2998
3017
3015
615
2143
3007
3004
2967
3016
2984
2936
579
2994
2970
3045
3028
3021
3028
3011
2988
3009
3014
3025
3003
2949
3013
2973
2996
2974
2984
3033
3001
2996
2988
2998
2999
2906
2997
2840
3030
2993
3017
617
2979
3006
3031
425
1680
2992
3006
3006
3026
3068
2978
3014
3025
2992
2853
3032
2992
2975
3008
454
3006
2996
3021
3008
2488
3051
3082
2994
2882
2979
3020
2991
3029
3000
2986
2995
2973
2986
3008
2980
3000
2967
2982
3019
2992
3027
2979
3028
2963
3029
2991
2949
2981
2985
3001
3013
762
2994
3053
2887
3001
3021
3025
2986
3005
2981
2984
2770
407
2953
3003
3016
654
3005
2974
1686
3046
3005
2965
2990
3008
3010
2967
2977
3004
2998
3019
3015
3031
3017
3004
2958
2947
2980
2994
2980
3012
2957
3039
3009
2991
3020
794
3008
3011
3036
2333
2994
3006
3021
2974
3005
2955
2987
3102
2915
3014
3002
2985
3022
3012
2986
2493
2987
2977
2998
2977
3005
1607
2991
1039
2990
2972
2988
2990
3036
3010
3018
3027
3020
2947
2989
2983
3008
3004
2935
2975
3051
2965
3064
1054
3012
3011
2975
3014
2940
2178
3045
3014
2707
3008
2486
2989
3048
3014
2986
3014
3027
2225
2982
3039
2624
3003
2997
3008
3026
2013
2976
2970
3011
3006
3026
2993
3025
2981
3000
2981
3034
2992
3033
3011
3022
2990
2987
2998
2969
2954
3007
2994
3009
2989
2607
1627
2971
2958
2682
3012
3023
2882
2786
2974
518
2749
2914
2983
3016
2983
2996
2951
2985
2977
2969
2985
3039
2974
3006
3025
2968
3003
2993
2960
3052
2969
2950
1018
2984
2921
2994
2999
2998
2926
2986
2986
3028
2931
2953
2983
3024
2654
2986
3012
2984
3030
2987
2944
3030
2912
3040
2975
2978
3044
2868
2974
2664
3036
3021
2705
2994
3007
2958
3018
3019
3015
2970
2974
3033
3014
2958
3012
3031
3002
3006
2932
3017
2473
3015
2945
2972
2969
2964
2976
2955
3043
2991
3001
3005
3025
2048
2997
2984
2976
3003
2964
3033
2970
3006
3098
2952
2908
2981
2993
2260
2607
2989
3014
2954
2986
3015
2979
2361
3012
1788
3018
2984
3009
3007
2976
3045
2999
2950
3024
3012
2979
2572
2509
3024
2991
3038
2751
3017
2969
3010
2926
3005
2972
3003
3004
3014
2908
3031
3020
3001
2976
2992
3001
3071
2983
2975
451
2965
3106
3000
2989
2998
3015
3026
3001
3012
2253
3023
3053
2967
3002
2997
3029
3044
2967
3002
3003
2991
3012
2998
3021
3000
3005
2984
2889
2964
2996
3010
2974
2960
3004
2990
3008
2928
2888
2999
3004
2991
2981
2989
2987
2985
2984
3012
2964
3025
2984
2982
2957
2930
3002
3024
2972
3025
2996
3016
3004
2992
690
3029
2971
2974
549
2668
3014
3021
3011
2966
3009
3022
2999
3048
2907
2963
2980
3010
2992
3012
2986
591
2937
3026
3034
2996
3007
2994
1167
3016
3011
758
997
2993
3099
3010
3035
3025
2979
2968
2980
1876
2955
3031
2981
3039
2985
2017
2969
2954
2955
2976
3002
3018
434
3018
3012
2729
3026
3027
2965
2978
2975
2955
2965
2994
2454
3024
2966
2354
3029
2917
2979
3045
3004
2999
3009
3005
3019
2983
3053
3018
3035
2952
3064
2972
3008
2991
3008
2994
3014
2977
3005
3012
2929
2997
2999
3040
2999
3003
2980
2995
2995
2359
3034
2985
2966
3019
2945
2954
2988
3021
2982
2805
3025
2994
2997
1796
2984
3024
3007
3003
2992
3018
2943
2900
3027
3007
2998
1272
3004
3004
2971
3020
3030
3005
2776
2980
2957
2991
2973
3008
3001
2997
2983
2970
3040
3008
2992
2999
2799
2975
3051
3019
3003
3018
2983
2970
1672
3015
3009
3007
2956
2970
3034
2999
3023
2944
3004
2992
2973
3010
3022
3003
2984
2775
1781
2990
2986
2975
2977
2996
2980
921
2942
3023
2999
3003
2831
2985
2999
3027
2984
2987
3004
3012
2363
3048
3009
2986
2966
2967
2980
2970
2963
3001
2945
3007
2940
3009
2985
3030
2977
3058
2999
3015
2996
3022
2983
3000
3037
508
2956
2995
3089
2847
3024
3049
2985
2997
2763
3015
3025
3010
2999
2981
2980
3021
2977
2976
2996
2971
3078
2907
2928
2939
3016
2986
3034
3001
2976
3013
3016
3084
2817
3020
2973
3031
3027
3025
3004
417
3015
2369
2984
3008
2958
3011
2974
2147
2977
3003
3011
2982
2987
3021
3015
481
1943
2949
2976
2985
3060
2977
2994
1672
2998
3010
2991
2947
2986
3010
3014
3024
3033
2991
2996
927
2990
3011
2977
2995
3008
607
2982
859
2999
3018
2851
3023
3007
3036
2976
3006
2992
2983
604
3020
3019
2984
2991
2987
3036
2947
1929
3001
910
3004
2972
3008
3001
2956
3002
1879
2916
2965
3026
2995
3021
2998
1851
3027
2979
3010
2986
3018
3061
2992
2805
1732
3009
2996
2973
2982
3030
2957
3012
3021
2966
1362
2994
2986
2954
2927
2950
3006
3031
3024
2992
2993
2981
2927
2508
3020
1523
3013
2977
3013
597
2986
3019
2989
3000
2967
2982
3035
488
2826
2994
3013
2995
3008
3064
2950
2978
3004
2984
3003
3002
2975
2958
3018
2987
3002
2985
2994
2998
2985
2992
3004
3008
3000
3031
3000
2994
2989
3025
2950
3005
2957
3014
3016
2925
3000
2983
2992
3019
3000
3019
2919
2991
2971
2984
2850
3043
2986
2964
2923
3001
3008
3015
2998
3052
2375
2964
2986
2965
3023
2985
2982
3022
3034
2964
2996
2770
3013
2996
2937
2966
2977
2953
2977
2991
2978
2945
3014
3025
3036
2981
647
3007
3011
2791
2988
2966
2978
3041
3013
2767
3025
3005
3035
2971
3040
2990
2019
3009
2987
2984
2988
1736
2991
3011
3033
2980
3014
2998
2994
2990
2984
3012
3015
2992
2953
2981
2055
3065
2963
3038
3019
2997
2969
2984
2966
2998
3015
3012
2998
2963
3019
3019
2982
2988
1496
2952
3001
2988
3053
2976
2981
3003
2760
2999
3028
3024
2995
3054
2770
3021
3008
3006
1302
3033
2984
2977
2978
3023
2990
3043
3004
521
2997
3055
3002
2984
3025
2720
2985
2974
2997
3009
2987
2951
3010
2994
696
2966
2986
3004
3015
3021
3001
2986
2973
2973
3022
3016
3063
3005
2967
3041
1979
2930
2992
2988
2938
2789
2989
2983
3009
3034
2974
2976
2991
3010
1776
3012
2947
2738
3008
3008
3001
3007
2953
2996
3030
3009
460
2802
3032
2978
2680
3028
3036
3024
2955
2993
2917
3031
3001
2994
3002
3014
3001
3011
2982
2984
3022
2999
2892
2965
3012
2982
2989
3009
3003
2976
2983
2993
3013
2976
3015
2995
2951
2984
2988
2960
2903
2987
3017
2953
2965
3002
2973
3028
3019
2958
2987
3024
3005
3016
2996
3024
794
2991
3029
3005
3026
3011
2069
1888
2993
3024
2991
2998
3008
733
3019
2992
2993
2945
2986
1794
3018
3018
761
2892
3024
3018
2986
3012
2991
3016
2682
2996
3008
3016
3020
2995
1001
2999
2992
2959
1452
2976
2999
2998
3019
3035
3032
1058
3015
3012
2972
836
2985
2968
2987
3001
3013
2997
3002
1153
3007
2983
3033
2989
2998
2971
3026
2996
3005
2979
2959
3047
1912
2995
3003
3052
3003
3010
1315
2968
3010
571
3009
3002
2992
2538
3008
2985
1006
882
2988
3005
2988
2958
1928
3022
3001
2963
958
3030
2963
3006
3005
2889
3011
2843
2976
2942
2150
3051
3017
2986
3024
3003
2986
2958
2976
1838
3024
3043
2974
3064
3018
2995
3022
2987
2974
2994
3040
2997
3001
3000
3023
3022
3008
3073
3046
2577
2980
2968
3000
3021
3061
2990
2994
2993
2983
3012
2968
2973
850
2948
2988
3012
3016
2980
1374
3023
2935
2986
2992
3027
2923
2972
3000
3016
2980
2962
819
2487
700
2997
2998
2994
2971
2991
2997
3020
3024
2979
2698
3083
2994
2963
3003
2998
2995
3031
3011
3012
2980
3002
2981
2994
553
426
2990
3016
3012
2976
2918
2962
2992
3033
3033
3001
2981
3015
2983
2974
2994
2984
3006
2973
2981
2979
2942
2859
2986
3010
3003
2990
2988
2243
2988
2998
3014
3009
1283
3010
2971
2968
2988
2994
2984
2985
3004
1106
2994
3003
3012
3008
3003
3026
3048
2884
2976
2973
3040
2992
2987
2997
2976
2955
2991
3022
2962
3029
3023
3025
3014
3001
3013
2999
2979
3046
3039
2998
2952
2937
2997
2987
3004
3058
2484
2975
3088
2994
2981
911
2991
3011
2944
2989
3036
2997
3032
2979
3015
613
2989
3028
2650
3021
2981
3007
3023
3024
414
3003
2972
973
2926
2999
2837
3011
3026
3022
3008
2999
2975
3034
2843
3017
3033
3016
2979
2956
3011
2957
2407
3002
2997
2941
2984
3034
2998
2971
2985
3007
2983
3020
3004
2947
2955
2995
3013
2469
2973
2968
3018
2971
3019
2970
3022
3008
2976
2971
3027
3008
662
3012
2994
2950
3001
3040
803
2983
2833
2990
3005
2981
2976
3006
2966
2968
2977
2839
3020
2992
3020
2712
3019
2932
2985
2970
3004
2966
3018
2981
3077
2990
3024
3010
937
3008
2995
3070
3018
2984
2770
2998
2995
2984
2979
3047
3039
2983
2991
2959
954
2826
3002
491
2787
2982
3016
2992
3017
3027
3031
3017
2965
3016
2987
1191
2976
3001
3019
2966
3021
3035
2993
2985
2760
2552
3014
2985
2971
3018
3020
3025
3004
1097
2553
3018
3025
2975
3025
3031
3045
2996
2327
2577
3021
2961
3000
3045
2956
3008
1915
3005
3033
3025
2972
2961
2990
2485
2313
3009
2994
3060
2885
2992
2970
2764
3029
2988
3006
2978
3002
3081
3021
2984
2993
3002
2995
3029
2991
2999
3019
3032
2986
2961
2998
3033
1925
2965
3013
3010
2953
2975
3022
2992
3033
1509
2858
3008
3009
3015
2974
3002
2967
3017
2987
3020
2998
3033
3005
2964
2949
2738
3000
2631
3028
3065
3008
2978
2802
3025
2988
3019
2936
2996
2960
2971
3016
2985
2567
3071
2970
3001
2941
2994
2942
2978
2991
2970
3023
3022
3024
3043
2983
3006
3028
3002
2989
2996
2969
3002
2993
3026
3001
952
3021
2981
2998
3011
3002
3004
2524
3001
2750
1328
751
2989
2970
655
2992
2993
3018
2964
3028
3021
3005
2950
2999
3011
2988
2983
3013
