1535
1498
1556
1552
1538
1543
1553
1540
1552
1516
1561
1558
1562
1522
1556
1536
1557
1550
1058
1553
1092
1547
1541
1554
1562
1514
1545
1556
1555
1470
1556
1545
1553
1533
1549
1551
1521
1540
1548
1015
1546
1542
1554
1561
1556
997
1540
1549
1551
1526
1534
1279
1314
1521
1548
1554
1531
1551
1528
1545
1505
1539
1553
1556
1551
1537
1544
1104
1548
1521
1549
1534
1513
1463
1542
1535
1514
1552
1546
1120
1288
1547
1535
1557
1524
1530
1541
1536
1545
433
1552
1552
1541
1543
1548
1550
1545
1534
1511
1548
1548
1536
1545
1536
318
1512
1549
1552
1504
1078
1541
1546
1512
1524
1547
1553
1554
1553
1538
1517
1544
1558
1548
1542
1559
1554
1480
1532
1547
1487
1555
1486
1537
1549
1547
1534
1515
1532
1490
1547
1457
1235
1559
1552
832
1558
1533
1545
1544
1541
1534
1569
1566
780
1557
1552
1551
1500
1526
1535
1124
1531
1548
1548
1355
1485
1554
1545
1465
1557
1545
1550
1561
1500
1547
1557
1546
1557
1549
1458
1552
1556
1552
1546
1439
1543
1003
1551
1406
1038
996
1554
954
823
1556
1526
1560
1549
801
1540
1551
1547
1524
1562
1535
1552
1553
761
1516
1557
1557
1547
1319
1529
1564
1510
1547
1474
1548
1516
1554
1554
1552
1263
1546
1556
1506
1544
1554
1551
1540
1550
1511
1537
1272
1537
1532
1555
1545
1535
1546
1550
1049
1546
1556
1523
1555
1531
1536
1552
1559
1547
1551
1553
1553
1556
1526
1550
1529
1554
1554
1533
1533
1267
1550
992
1516
1558
1509
1540
1066
1546
1545
1544
1550
1552
1545
1550
1548
1559
1555
1530
1528
1550
1530
1500
1552
1519
1538
1542
1276
1419
574
1548
1540
1538
1532
1564
1551
1549
1546
1554
1524
1535
1500
1531
1540
1540
1549
1560
1533
1526
1509
1538
1508
1543
1536
1517
1527
1534
1548
1544
1514
1518
1555
1530
1531
1557
1516
1544
1559
1554
1552
1546
1537
1544
1546
1551
851
1550
1550
1536
1498
1551
1551
1552
1532
1526
1545
1558
1555
1545
1560
1552
1546
1536
1525
1511
681
1555
1542
1548
1553
1492
1547
1542
1550
1536
1551
1547
1003
1555
1557
1524
1546
1541
866
1500
1533
1561
1513
1544
1539
1483
1519
1534
1516
1534
1544
1554
1546
1540
1546
1545
1543
1087
1548
1547
1536
1530
1548
1552
1529
1546
1545
1556
1525
1555
1500
1544
1490
1543
1548
1537
1485
1546
1547
1495
1540
1540
1541
1532
1542
1549
1550
1543
1509
1550
1545
1546
1553
1463
1545
1545
1554
1543
1550
1536
1549
1539
1555
1550
1527
1513
873
1501
1532
1516
1552
1502
1551
1549
1558
1525
1548
1500
1534
1553
1536
1554
1317
1548
1556
1564
1557
1548
1556
1527
1545
1537
1502
1557
1512
1551
1509
1544
1501
1544
1559
1539
1536
1545
1551
1525
1550
1544
1547
1036
1510
1551
1553
1553
1557
1548
1541
1543
1534
1520
1543
1546
1544
1550
1536
1525
1541
1490
1533
1530
1540
1549
1547
1547
386
1555
1526
1547
1560
1539
1560
1515
1542
1542
1521
1563
1524
813
1492
1510
1531
1519
739
1547
1576
1509
1503
1556
1551
776
1553
1548
1549
1522
1555
1551
1526
1532
1556
1530
1557
1547
1526
1557
1127
1542
884
1557
1540
1519
1552
1518
1525
1541
1545
1543
1549
1525
1553
1545
1552
1541
1549
1473
1552
1551
1524
1555
1528
1528
1530
1556
1501
1512
1556
1544
1547
1520
1544
1555
1533
1532
1549
1558
1542
1522
1542
1545
1559
1539
1525
1543
1552
1551
1520
1546
1242
1539
1538
810
1497
1542
1546
1555
1560
1513
1511
1537
1180
1486
1460
1550
1550
1543
1557
1547
1523
1537
1025
1550
1493
1523
1561
1561
1550
1556
1538
1550
1563
1536
1554
1490
1558
1565
1563
1529
1547
1449
1546
1544
389
844
1539
1519
1546
1555
1553
884
1526
1540
1556
1561
1553
1559
1555
1189
1558
1478
1558
1548
778
1552
1560
1533
1427
1554
1517
1538
1522
1556
1537
1553
1544
1531
1558
1554
1484
1554
1526
1355
1561
1167
1556
741
1535
1542
1550
1549
1509
1542
1561
1545
1555
1531
1539
1551
1019
1553
1469
1549
1517
1491
1531
558
1530
1537
1553
1135
1545
1296
1359
1176
1550
1180
1551
1558
1552
1554
1508
1557
494
1556
1073
1554
1526
1550
1550
1385
1498
1557
1545
1551
1554
1475
1548
1546
1514
1551
1542
1524
1538
1548
1529
1547
1557
1517
1550
1528
1553
1514
1544
893
1490
1543
1540
1537
1544
1540
1549
1557
1546
1497
1543
1548
1532
1505
1544
1537
1558
1507
1547
1533
1530
1556
1548
1551
1545
1454
1545
1557
798
1412
1519
1566
1534
703
1483
1525
1560
1553
1557
1516
793
1545
1545
1551
1543
1545
1562
1551
1540
1067
1555
1531
1188
1560
1485
1454
1561
1556
1541
1546
835
1550
1528
1549
1527
1552
1533
1256
1548
1504
1437
1495
1536
1542
1553
1555
1543
1547
1373
1547
1552
927
1545
1555
1558
1545
1561
1528
1555
1536
1556
1538
1518
1513
1564
1555
1528
794
531
1546
1554
1387
1494
1557
839
1427
1510
1549
1537
1553
1545
1553
1542
1548
1546
1551
1483
1533
1548
1543
1192
846
1527
1537
1155
1542
1549
1563
1539
1550
1491
1547
1563
1555
1543
1550
866
1561
1550
321
1534
1150
1518
1526
1440
1225
1512
1567
1513
1560
1547
1544
1550
1536
1544
921
1540
1545
1541
1531
897
1557
1508
1545
1553
1547
807
1555
1559
1556
1568
1538
1551
1555
1517
1552
1551
848
1554
1556
1556
1255
1540
1562
1553
1547
1542
1549
1176
1549
1558
1546
1547
1555
1550
1521
1548
1541
1554
1552
1546
1562
1546
1562
1552
1534
1522
1553
1552
575
1564
1513
1552
1545
1554
1502
1506
1531
1345
1553
1553
1523
1529
1554
1544
1548
1528
1551
1312
1526
1545
1548
1558
1533
1560
1534
1506
1553
1508
1560
1550
1554
1544
1548
1197
1556
1551
1555
1548
1547
1011
1183
1344
1553
1564
1557
1546
1540
1537
1517
1545
1545
1554
1535
1515
1553
1549
1549
1547
1511
1544
1420
1551
1546
1546
1557
1540
1287
1554
1565
1512
969
1555
1561
1549
1545
1553
1547
1548
1556
1551
1053
1550
1546
1420
1541
1219
1559
1550
1522
1558
1542
1549
1534
1543
1561
1563
1547
1564
1554
1547
1362
1566
1557
1538
1549
1528
1534
1544
1448
1535
1548
1546
1547
1546
1550
1554
1541
1544
1559
1554
1547
1544
1538
1559
1528
1514
1541
1551
1536
1543
1551
1545
1511
1525
1528
1557
1476
1549
1557
1552
1540
305
1552
1515
1511
1536
491
1545
1528
1509
1541
1549
1562
1540
1549
1547
1554
1543
1554
1546
1541
1520
1537
1535
1218
1549
1528
1551
1508
1537
1547
1542
1526
1555
1538
1493
1551
1542
1546
1550
1512
1543
1548
1549
1542
1553
1462
1548
1546
1542
1547
1509
1550
1522
1534
1556
1528
1521
1537
1490
1543
1551
1533
1554
1547
1516
1559
1460
1526
1552
1497
1542
1556
1535
1542
1521
1519
1561
1546
1555
1560
601
1548
1496
1542
1531
1549
1532
1516
1551
1535
882
1455
1516
1548
1560
1555
1542
1535
1512
1563
1551
1555
1533
1531
1544
1522
1529
1528
1544
1542
369
1556
1549
1540
1538
1538
1016
1526
1557
1548
1547
1554
1559
1505
1544
1525
1549
1542
1546
1533
1558
1553
1544
1551
1552
1547
1548
1546
1551
1537
1543
1535
1524
1504
1527
1558
1503
1443
1547
1552
1480
1265
1529
1537
1335
1542
1554
1555
1499
1554
1531
1500
1549
1546
1534
1418
1553
1529
1520
1211
1551
1533
1543
1542
1544
1552
1552
1560
1552
1553
1537
1554
1529
1548
1550
1541
618
942
1561
1551
1549
1548
1557
1545
1524
1539
1552
1552
1553
1549
1545
1125
1547
1486
1531
1540
1516
1551
1546
1542
1514
1469
1540
1550
1542
1565
1553
1495
1550
1550
1290
1523
1551
1540
1062
1559
1542
1542
1512
1552
1540
1513
1549
1541
1549
1560
1546
1547
1546
1548
1533
1545
1527
1553
1543
1228
788
1535
1549
1412
1546
1552
1552
1553
1550
1544
1545
1510
1549
1544
1545
1451
1542
1544
1548
1556
1524
1553
1516
1529
1557
840
1546
1545
1546
1538
1538
1538
1544
798
473
980
1553
1544
1541
1557
1407
1553
1557
1535
1538
1560
1561
1536
1180
1537
1549
1557
1559
1552
1516
1547
1543
1556
1510
1553
1530
1540
1547
1510
816
1559
1549
1553
1552
1541
1534
1531
1468
1505
1546
1556
1543
1552
1545
1543
1527
632
1517
1545
1544
1522
989
1522
1537
1535
1534
1503
1540
1546
395
1522
1543
1541
1552
1534
1547
1562
1498
1562
1544
1350
1553
1337
1549
1551
1550
1507
1557
1558
1538
1242
1553
1515
1543
1559
1555
1553
1527
1508
1555
1532
1527
1553
1547
1087
1537
1240
1543
1524
1557
1543
1508
1550
1552
1509
1548
1552
679
1552
720
1513
1482
1546
1550
1534
1551
1536
1528
1547
1499
1540
1305
1550
1555
1542
1547
1558
1025
1545
1555
1550
1523
1560
1553
1549
1528
1255
1545
1541
1547
1499
1551
1366
1517
1551
1554
1549
1551
1547
1549
1540
1549
1549
1551
1499
1542
1554
1522
1537
1536
1555
1510
1508
1546
1548
1546
1533
1552
1038
1554
1544
1539
956
1552
1524
1549
1532
1540
1547
1548
1507
1549
1557
1556
1512
1546
1161
938
1559
1544
828
1540
1539
1548
1520
1551
1545
1543
1520
1546
1565
1545
1551
1542
1542
1518
1545
1542
1550
1547
1532
1515
1510
1548
1553
1548
1549
1552
1553
1551
1533
1545
1547
829
1544
1535
1557
1537
1553
1560
423
1540
1542
1209
873
1544
1558
1554
1534
1554
1142
1544
1560
1548
1548
1551
1557
1553
1535
1552
1535
1555
1551
1542
1539
1556
1540
1553
1534
1537
1555
1541
1546
1528
1555
1323
1555
1513
1536
1551
1539
1554
1544
1543
1525
1557
1546
1532
1554
1555
1550
1501
1541
1546
1548
1537
1553
845
1549
1537
1540
1532
1550
1535
1489
1554
1547
1546
1512
1561
1565
647
1490
709
1550
1552
1557
1544
1541
1538
1524
1564
1557
1556
1548
1551
1533
1545
1550
1487
1543
1548
1551
1540
1548
1537
1477
1545
1525
1536
1533
1540
1550
1543
1547
1515
1552
986
1542
1056
1548
1023
1554
1462
1553
384
918
1544
1505
809
1545
1575
1552
1556
1033
779
1510
1474
1544
1553
1564
1558
1552
1515
1545
1554
1561
1551
1234
1542
1503
1552
1552
1546
1549
889
1552
1540
1514
1550
1551
1543
1175
1506
1536
1526
1479
1524
1522
1553
806
1504
1537
939
1549
1530
1545
893
1553
1551
1540
1529
1549
1559
1550
1562
1543
1556
1547
1547
1534
1531
1541
1555
1517
1549
1550
1385
1563
1545
1541
1548
1507
1547
1551
1549
1558
1556
1546
1540
1545
1566
1531
1553
1541
1532
1540
1529
1540
671
1524
1547
1551
1549
1538
1549
1528
1532
1547
1535
1561
1511
1543
1551
1558
1553
1559
1549
1175
1535
1538
1555
1559
1555
1547
1010
1538
1554
1555
1551
1533
1552
1549
1547
1518
1550
1546
1537
1515
1522
1549
1530
799
1539
1551
1558
1540
1104
1551
1539
1521
1537
1508
1286
1546
1521
1517
1554
1537
1550
1556
1553
1553
1552
1553
1538
1561
1556
1544
1544
1506
1524
1503
1518
321
1417
1541
1552
1548
1549
1548
812
1550
1079
1509
1561
1544
1498
1534
1552
1532
1533
1556
1545
1385
1545
1520
1548
1555
1563
1543
1531
1509
1540
1553
1563
1291
1558
982
1547
1504
1548
1544
1535
1544
1488
1547
1536
1540
1125
1531
1543
1543
1544
1380
1555
1209
1546
1544
1545
1554
1505
1553
1547
1546
1554
1538
1561
1542
1542
1533
1486
1565
1543
1545
1534
1554
1541
1522
1550
1543
780
1548
1554
1527
1511
1522
1554
1112
1545
1539
1527
1553
1557
1533
1514
1546
1538
1538
1542
1505
1562
1541
1547
1545
1558
522
1538
1546
1537
1544
1549
1547
1558
896
1527
1549
1561
1547
1549
930
1532
1554
1559
1547
1546
1556
1554
1556
1565
1557
1558
1561
1544
1547
1537
1493
1543
1522
1547
1541
1542
1530
1548
1551
1544
1550
1556
1533
1545
1547
1536
1514
1550
1523
1505
837
1541
902
1539
1544
1551
1511
1537
1557
1537
1557
1553
1540
1504
1526
1551
1542
863
1496
1542
1548
1534
1526
1539
1543
1526
1549
1557
1262
1547
1544
1519
1495
1540
1552
1558
1551
1532
1551
1554
1554
1545
1537
1525
429
1536
1497
1549
1558
1551
1550
1555
922
1544
1551
1547
811
1560
1557
1548
1536
1013
1230
1505
1558
1436
1552
1548
1537
1537
1556
1525
1558
1558
1514
1548
1548
1561
1533
1536
1524
1564
1346
1549
1548
1551
1547
1481
1531
1541
1554
1560
1502
1557
1542
1545
1563
1540
1552
1037
1555
1535
1515
315
1236
1561
1550
1528
1538
1562
1557
1546
1542
1553
1538
1083
810
1547
1547
1525
1551
785
1543
1547
1561
1549
1533
1554
1505
1547
1552
1200
1554
1545
699
1219
1534
1557
1548
1557
1556
1524
1546
1560
1555
1552
1544
1515
1536
1552
1542
1546
988
1555
1554
1551
1548
1538
1548
1513
1564
1547
884
1538
1549
1555
1144
1344
1509
1558
1554
1558
1549
1553
478
864
1558
1554
1539
1553
719
1551
1551
1544
1564
1536
1457
1568
1541
1547
973
869
1548
1551
1454
1506
1557
1539
1557
1206
1547
1552
1550
1549
1526
833
1548
1555
786
1559
1538
1515
1490
1553
1547
1548
842
1558
1485
1555
1495
1544
1548
1549
1551
1541
1526
854
1557
1561
1545
1533
1534
1554
1473
1541
1554
1554
1517
1541
1555
1540
1547
1550
1029
1540
1558
1556
1547
1555
1542
1547
1545
1556
1540
1517
1557
1549
1501
1540
1557
1550
885
1530
1511
1546
1540
1544
1493
1553
602
951
1541
1535
1121
1540
1543
1548
1550
1526
1544
1541
1426
1555
1495
1572
1511
1551
1555
1554
1331
1536
1555
1559
1558
1557
1560
1535
1549
1553
1563
1498
1500
1552
1553
1565
1549
1541
1521
1536
1561
1523
1527
1543
1509
1557
1550
1566
1551
1560
1530
1553
1555
851
320
1546
1547
1556
1529
1551
1496
1549
1540
1548
1549
982
1520
1518
1544
1541
1543
1551
1548
1550
1551
1508
1547
1539
1558
1550
1522
1540
1034
1546
1537
1307
1558
1552
1548
1545
1542
1553
1544
1560
1521
1531
1534
1515
1551
1543
1546
1520
1559
1551
1393
734
970
1547
1526
1547
1560
1557
1551
1553
1547
1549
1544
1520
1549
536
1554
1538
1553
1070
1559
1536
1556
1539
1556
1547
1555
1545
1181
1566
1555
1511
1552
1524
1548
839
1548
1547
1541
1553
1033
1547
1561
1524
1512
1559
1523
1558
1531
1544
1559
1558
877
1548
1551
1543
1547
1515
1551
1557
1517
1553
1561
1545
1558
1531
1546
1547
1560
1532
1531
1523
1545
1558
1523
1552
1526
1548
1546
1030
1546
1173
1546
1544
1512
1488
1500
1548
1542
551
1533
1522
1556
1551
1556
1541
1451
1558
1552
1531
1547
1544
1558
1539
1552
1550
1117
1485
1550
1552
1546
1507
1263
1537
1542
1511
1544
1538
1546
1536
1519
1556
1554
1556
1509
1549
1550
1458
1553
1540
1549
1548
1507
1518
1546
1555
1553
1555
1549
1554
1104
1542
1557
1545
1301
1507
1545
1548
1543
1550
1545
1549
1530
1545
1283
1536
1557
1542
1539
1554
1531
1543
1561
1548
1550
1274
1557
1550
1324
1478
1549
1543
1557
1545
1555
1482
1527
1567
1532
1496
1566
1541
1534
1546
1548
1535
1559
1546
1500
1553
1502
1544
1557
1545
1552
1544
1552
1549
1545
864
1550
1516
1543
1545
1547
1545
1557
1536
1547
1542
1545
1533
1538
1556
1543
1534
1552
1545
1519
1536
1536
1218
1540
1541
930
1552
1549
1369
1560
1058
1554
1548
1552
1544
848
1558
1531
1538
1546
1548
1547
1545
1553
1551
1549
1568
1546
1544
1513
1530
781
1519
1481
1544
1541
1552
1550
1546
1558
1545
1302
1540
1539
1554
1539
1544
1014
1223
865
1551
1556
1541
1540
1540
1551
1508
1545
1484
1542
1255
1544
1543
1552
1513
1553
1116
1546
1555
1552
1060
1544
916
1542
1545
1545
1551
1537
975
1560
1536
923
1552
1543
1545
1562
1451
1530
1541
772
1524
1550
609
1553
1552
1555
1552
1548
1541
1554
1543
1539
1539
1557
1547
1556
1545
1498
1533
1558
1520
1550
1536
1560
1549
1547
1511
1412
1552
1353
1561
1560
1544
1553
1547
1538
1537
1497
1531
1553
1543
1524
1541
1537
1442
1546
1545
1541
1512
1549
1545
1498
1547
1534
1553
1544
1543
1362
1550
1525
1550
1545
1558
1555
1554
1541
1554
938
1533
1554
1545
1547
1547
1533
1521
1539
1555
1531
1550
1558
813
1008
1529
1536
1556
1562
1548
1540
1558
1536
1542
1500
819
1525
1552
1549
1549
1557
700
1539
1552
1555
1549
1502
1526
1556
1556
1523
1552
1546
1544
1552
1552
1527
1549
1554
1553
1548
1549
810
1526
1546
1509
1530
1534
1541
1527
1534
1539
1291
1554
1539
1537
1526
1545
1553
1515
914
1544
1552
1559
1540
1515
1537
1509
1553
1558
1522
1545
1553
1546
531
848
1561
1220
1548
1552
1541
1537
1547
1546
1552
1554
1545
1538
1545
1545
1547
1490
1544
1546
1551
1532
1562
1540
1520
1533
1525
1553
1548
1514
1546
1530
1535
1546
1546
1503
1548
1552
707
1538
1499
1350
1554
1546
1550
1529
1556
1551
1308
1553
1559
1554
935
1556
1533
1550
1522
1488
1543
854
1531
783
1502
1548
1551
1551
1533
1547
1554
1549
1532
1554
1036
1537
953
1551
1538
1549
813
1541
1545
747
1533
1548
1506
1535
1556
1531
1023
1555
1549
1546
1557
1558
1545
1031
1553
1549
1532
1540
1555
1546
1537
1545
1553
1551
1545
1559
1546
1550
1555
1546
1547
1549
1546
1562
1547
1546
1548
1537
1548
1545
1553
1509
1535
1547
1550
1549
1538
1323
1549
1530
1543
1543
1531
1503
1062
1549
1541
1548
1542
1547
1549
1543
1544
1171
1484
1530
1537
1548
1549
1531
1546
1541
1487
1547
1547
1548
1552
1549
1486
1543
1547
1513
1535
1532
1531
1541
1540
516
1550
1554
1546
1491
1553
1511
1531
1546
1545
1535
1542
1500
1545
1542
1547
1545
1537
1544
331
1554
1552
1529
1543
958
1550
1551
1516
1526
1541
1535
1531
1539
1556
1516
1561
1553
1552
829
1499
1550
1499
1546
955
1548
1494
1561
1562
1508
1557
1507
1533
1539
1551
1545
1539
1551
1545
900
1546
1549
1562
1517
1541
1536
1524
1532
1541
1546
1556
1523
1546
1513
1424
1554
1524
1552
870
1549
1547
1539
1556
1518
1534
1545
1540
1546
1550
1497
1550
1489
1542
1527
1550
1556
1488
1550
1544
1554
1513
1546
1534
1544
1548
1523
1561
1548
1543
1556
1552
476
1550
1541
1525
1554
1549
1534
1554
1543
1540
1540
1542
1557
1542
1548
1549
1534
1550
1137
1545
1502
1531
1537
1538
422
1369
1546
1549
1558
1104
1512
1556
1543
1549
1552
1568
1562
1539
1560
1535
1555
1514
1565
1552
1541
1553
1558
1553
1548
1549
1557
1551
1497
1528
1569
1560
1557
1540
1509
1566
1534
1532
1525
1544
770
1486
1550
1550
1548
1483
1560
1547
1556
1046
1563
1510
1387
1554
1552
1514
1546
1551
1550
1499
1517
1547
1545
955
1531
1550
1542
1532
1543
850
1552
1556
1554
1540
1555
1532
1552
1545
1552
1539
1548
1545
1534
1546
1543
1554
1221
1545
1554
1522
1381
1524
1549
1556
1548
1549
1552
1498
1536
1558
1548
1527
1547
1553
1522
1547
1513
1542
1531
1494
1553
1543
1554
1542
1541
1544
1535
1533
1524
1539
1550
1546
1456
1544
1321
1466
1555
1548
1508
1552
1542
1541
1542
1533
1519
1541
1551
1533
1550
1302
1530
1064
1520
1522
1543
1552
1515
1548
1529
1384
1525
1545
1548
1561
1551
1536
1545
1549
1546
1546
1521
1502
1525
1555
1548
1483
1540
1546
1550
1545
1532
1541
1551
1551
1558
1539
1537
1553
1544
1541
1549
782
1544
1550
1549
1543
1306
967
1545
1545
1544
1547
1532
1505
1518
1558
1496
1550
1525
1533
1253
1395
1555
1519
1552
1532
1488
1506
1534
1559
1217
1543
1557
1530
964
1537
1549
1557
969
1558
1547
1480
1506
1086
1541
1563
886
1558
1555
1500
1554
1555
1541
1556
1539
1560
1553
1542
1542
1555
1549
1381
1564
1551
1545
1554
1511
789
1547
1553
318
1536
1541
1539
1541
1546
1549
1548
1487
1537
1549
1555
1547
1546
1550
1552
1557
1537
1526
1508
1549
1453
1519
1555
1521
1554
1561
1545
1546
1527
1557
1531
1548
1547
1546
1514
1505
1551
1519
1533
551
1559
1554
1550
1554
1546
1495
1551
1554
1540
1517
1514
1540
1553
1551
1547
1560
1532
1441
879
1551
1552
1558
1544
1536
1529
1551
1225
1554
1544
1543
1548
1556
624
1541
1553
1525
1556
1528
1552
1548
1559
1555
1556
1552
1547
1537
1549
1226
1547
1538
1546
1531
1549
1499
1517
1395
1543
1539
1545
1539
1402
1545
1540
1543
1546
1563
1531
1549
1543
1559
1545
1553
1539
1539
1459
1542
1543
1535
1493
828
1551
806
1550
1504
1428
1565
1233
1550
1543
1237
1524
1562
1542
1549
1541
1551
1543
1552
582
369
1553
1548
1556
1538
858
1553
1005
1550
1501
1515
1549
1524
1553
1531
927
1546
1198
1549
1160
1506
1421
1514
1551
1561
1554
1561
1534
1543
1533
1552
1535
1551
1505
1522
1549
1546
1531
1551
1529
1554
1183
1565
1549
1550
1547
1547
1540
1536
1558
1549
1516
851
1486
1539
1550
1551
771
1407
1558
1551
1402
1557
1557
1554
1493
1554
1556
1547
1556
1552
1562
1556
1540
1537
1551
900
1539
1479
1553
1547
1439
1565
1535
1531
1527
1552
1553
469
1542
1551
1552
855
1552
1500
1538
1539
1480
1565
1546
1551
1555
1558
1541
1548
1525
1550
1219
1551
1542
1556
1512
1553
1545
1276
1546
1535
1118
1519
1520
1512
1547
1548
1556
1507
1517
1544
1547
1547
1463
1543
1543
1541
1302
1555
1533
1534
1541
1537
1554
611
1556
1546
1544
1550
1548
1558
1546
1556
1467
1554
1551
1517
1560
1036
1557
1548
1535
1534
1562
1555
1552
1553
1551
1414
1564
1555
1543
1530
1529
1518
1542
1527
1531
1531
1542
1244
1539
1554
1546
1309
1553
1529
1020
1551
1532
1534
1515
1505
1554
1455
1517
1546
1539
1498
1548
1554
1541
1562
1552
1554
1551
1568
1561
1506
1529
1507
1562
1523
1540
1542
1529
1520
1549
1549
1543
1524
1544
1540
936
1534
1543
1493
1551
1549
1539
1517
1542
1513
1548
1546
1542
1550
1553
1543
1553
1565
1536
1512
1549
1550
1545
1271
1542
1551
1527
1526
986
1545
1490
1545
1545
1543
1551
1544
1548
1562
1542
1549
1549
1503
1549
885
1331
1542
1531
1549
1559
1002
1567
1511
1561
1530
1561
1550
1562
1555
1552
1517
1564
1540
1553
1520
1542
1522
1545
1523
1541
1540
1210
1559
1514
1556
1541
1528
761
1547
888
1530
1498
1550
1550
1545
1561
1556
1514
1549
1496
1562
1542
1553
1541
1550
1309
1543
1533
1547
1547
1532
1533
1547
1484
1553
1538
1556
1265
1546
1540
761
1558
1552
1530
1547
1550
1499
1553
1541
1551
1547
1549
1552
1535
1555
1547
1538
626
1193
1549
1548
1548
1552
1546
1537
1525
1549
1553
1559
1541
1546
1547
1051
1263
1059
1543
1547
1554
1548
1507
786
1562
1549
1544
1533
1545
1553
1519
1557
805
1563
1548
1517
1449
1528
1542
1492
1551
1537
1551
1551
1545
1499
1541
1548
415
1553
1545
1434
1514
1547
1554
1551
1550
1542
1548
1541
1483
1551
1530
1313
1550
1555
1557
1546
1107
1544
1545
1554
1552
1542
1534
1544
1522
1549
1210
1542
1507
1532
1543
1528
1560
1537
1547
462
1546
1016
1540
1537
1548
1553
1544
1554
1541
1533
1494
1481
1546
1521
1548
1547
1543
948
955
1521
1552
1548
1546
565
1549
1516
1511
1536
1550
1548
1554
1551
1540
1550
1553
1545
1561
1552
1556
1523
1556
1502
1550
1558
1131
1550
1548
1285
1546
1545
1496
1550
1547
1547
1547
1553
1549
1544
1547
1559
1552
1546
1516
1525
1536
1537
1562
1414
1524
1553
1534
1539
1549
1546
1518
1321
1006
1458
1564
1545
1548
1515
611
934
1519
1543
1561
1550
1545
793
1558
1553
1550
1547
1553
1545
1552
1534
1566
1547
1262
1539
1539
1546
1479
1456
1545
1553
853
1512
1497
1548
1554
1556
1560
1541
1556
1549
1548
1517
1489
1537
1520
1559
1560
1518
1547
1546
1544
1552
1519
1521
1209
1550
1546
1511
858
1540
1558
1553
1546
1535
1562
1542
1566
1552
1524
1204
1552
1552
1539
1556
1552
1521
1552
1558
845
1560
1543
1518
1558
1555
1534
1548
1554
1538
1545
1559
1534
1557
1552
1533
1516
1551
1556
1528
1544
1504
1554
834
1542
1492
1526
1556
1555
1551
1145
1556
1531
1556
910
1550
1512
1549
1543
1549
1557
1543
1529
1523
1512
1554
1541
1549
1538
1552
1548
1541
1549
853
1525
1237
1221
1515
1538
1517
1533
1531
1539
1526
1540
1539
1553
1544
1533
1541
1545
1542
1531
1168
1529
1542
1558
1514
1546
1545
1542
1503
1505
1540
1539
1548
1500
814
1544
1555
1514
1549
1547
1544
1551
1538
1557
1548
1551
1547
1541
1544
1514
1545
1348
1539
1542
1555
1532
1553
1536
1542
1542
1531
1549
1536
1553
735
1178
1530
1554
952
1360
1553
1535
1516
1546
1517
1534
1533
1518
1554
1558
867
1549
1532
1547
1550
1535
1221
1549
1543
1505
1546
1547
1525
844
1528
1539
1490
911
1544
1551
1550
1514
1517
1549
1305
1538
1559
1567
1554
1547
857
1554
1540
1558
1505
1546
1233
1556
1532
1558
1555
1193
1541
970
1544
1550
1551
1555
1556
1509
1543
1554
687
1534
1178
1542
1558
1530
744
1555
1502
1533
1536
1450
1548
1503
1535
1547
1549
1549
1544
1547
1542
1543
1540
1530
1541
1547
1526
1546
1545
1538
1539
696
1521
843
1545
1521
1532
1512
1537
1541
1547
1527
1549
1537
1554
1548
1537
1426
1147
1546
1549
1559
1545
1558
1533
1551
1550
1453
883
1537
1513
1546
1558
1550
1552
1504
1554
1546
1549
1531
1555
822
1561
1551
1552
1442
1559
1538
1473
1543
1509
1549
1543
1549
1533
832
1555
1547
1557
1554
1556
1051
818
1550
1524
1544
1534
1543
893
811
1554
742
1551
1546
946
1551
1570
1559
1554
1547
1563
1545
1107
1247
1548
1492
1055
1522
1556
1562
1552
1514
1555
1496
948
1487
1532
1503
1558
1505
1543
1560
1545
1561
1539
1548
1163
1540
1557
1523
1530
1494
1545
1532
1547
1557
1348
678
1194
1556
1532
1555
1545
1550
1549
1553
1550
1553
1543
1549
1553
1547
1565
1516
1504
1387
1547
1538
1535
1514
1560
1520
1516
1550
1538
1555
1540
872
1538
1523
1509
1522
1541
1542
1556
852
1548
1279
1449
1535
1520
374
1544
1545
1549
1507
1557
1531
1542
1450
1549
1513
1557
1553
1535
1534
1181
1535
1518
1538
1549
1551
1520
1550
1087
1559
1559
1516
1542
1546
1527
835
1563
1546
1534
1485
1543
1551
1561
1553
1194
1549
1167
814
1557
1552
1538
1206
1557
1555
1528
1509
1545
1557
1546
1551
819
1537
440
1554
1561
1557
1561
1250
1550
1548
1546
1532
1550
1530
1546
1543
1546
1524
1533
1558
1544
1516
1549
1546
1544
1547
1546
1537
1546
1524
1510
1552
1529
1556
1558
1549
1523
1551
1551
1559
1555
1513
1545
1557
1542
1533
1502
1535
1556
1550
1522
1533
1544
1542
1570
1531
1554
1556
1556
1032
1347
1549
1536
1539
1508
1469
753
1550
1555
1548
419
1269
794
1558
1562
1555
1549
1547
1564
1548
1522
1544
1555
1541
1550
1542
1524
1545
1543
1548
1567
1548
1537
1549
1546
1490
1321
1538
1549
1519
1537
1503
1558
1545
1475
1517
1556
1553
1540
1539
1524
1549
1549
1553
1549
1546
1461
1541
1555
1542
1532
969
1545
1552
1551
1537
1549
1543
1511
1553
1549
1560
451
1551
1544
1543
1483
1541
1553
1550
1557
1537
1552
1549
1544
1555
1549
1549
1550
1548
1560
1553
1514
1545
1547
1547
618
1548
1536
1544
1546
1538
1546
1526
849
1550
1555
1528
1267
1564
1533
1551
1519
1546
1458
1548
1541
1552
1536
1549
1542
1135
1547
832
1559
1536
1539
1532
1536
1537
1548
1560
1546
1546
1552
1554
1556
1557
1552
1491
1526
1548
1531
1539
1549
1551
1532
1546
1555
1551
1571
1542
1553
1554
1554
1531
1525
1557
937
1553
795
1567
1563
1554
1557
1472
1558
1531
1487
1526
1535
1531
1542
1543
1113
1422
1534
1528
1552
1540
1214
1556
1413
1550
1558
1533
1541
479
1557
1565
1546
1548
1543
1545
1545
1568
1554
1513
1534
1560
1420
1548
1554
1523
1564
1512
1553
1502
1551
1541
1267
1513
1545
1558
1534
1509
1552
1555
438
1522
1555
1552
1547
1533
1527
1538
1560
1549
1526
1550
1529
1562
1545
1548
1558
1550
1547
854
1515
1553
1532
1552
1562
1548
991
1520
1549
1519
1552
1539
1560
1539
1561
432
1552
1292
1551
1564
1557
517
1557
1540
1546
1510
1563
1523
1518
1553
1549
1528
1557
1540
1540
1555
1534
1523
1528
1547
1540
1546
1513
1545
1531
1547
1364
1530
1551
1543
1549
1568
1264
1360
1543
1554
1526
1546
1567
1552
1543
1537
1526
761
1553
905
1563
1541
1548
307
1155
1555
1561
771
889
1513
1554
835
1535
1559
1547
1556
1546
1552
1538
1554
1549
1556
1551
1547
1534
1533
1551
1547
1007
1541
1527
504
1549
1552
1520
1387
1350
1558
1549
1543
1551
747
1512
1532
1558
1543
1547
1556
1547
1551
1504
1534
1530
1566
1493
1556
1535
1550
879
1522
1561
1554
1547
1546
1522
1552
1535
1546
1547
1553
1546
1560
1548
1547
1175
1543
1550
1487
1558
842
1021
1532
1550
1523
1516
1359
1542
1540
1558
1558
1544
1561
1527
1505
1545
1545
1539
1547
1099
1524
1538
1559
521
1543
1561
1551
1435
1499
1531
881
1547
1381
1506
1554
1547
1484
1547
1554
1541
1556
1547
1554
1557
1551
1525
1501
1351
1542
1550
1426
1266
1542
1556
1551
1104
1452
1554
1552
1562
1553
1508
1543
861
1562
1560
1525
1493
740
1548
1491
847
1559
1556
1391
1542
1555
1541
1543
1553
1548
1285
1538
1561
1496
1553
1557
1543
1552
1549
1544
1531
1129
1533
1554
1540
1508
1536
1559
1548
1536
758
1555
1562
1539
1540
1539
1549
1545
1537
1542
1549
1545
1570
1560
1566
1558
1554
1539
1001
1499
1564
1524
1513
1387
1547
1545
1558
832
1553
916
1549
1558
1534
1508
1557
1560
1506
1555
1504
1320
1549
1558
810
1006
1560
833
1535
1564
1551
1558
1507
1557
1554
1521
1545
1546
824
1549
1508
1545
1559
1550
918
1513
1544
1564
1500
1552
1544
1539
1537
1540
1506
1499
1545
1563
1452
1555
1500
1506
1513
1551
1509
1550
1559
1538
1557
1558
1496
1550
1550
1550
1538
1548
1546
1525
1553
1552
1552
1551
1542
1512
1550
1547
1544
1545
1523
1543
1545
1536
1554
1544
1543
1524
1473
851
1524
1566
1554
1511
1500
1558
1564
1559
1548
821
1512
1027
1532
1550
1542
1540
1547
844
1002
1548
1554
1544
1552
1538
1543
1553
1555
1544
1488
1550
1544
1546
1509
1545
1561
1547
1003
532
1529
1532
1553
1560
1549
1548
1551
1552
1531
1554
1546
1542
1541
1552
1547
1542
1545
1040
1552
1530
824
1552
1549
1547
1545
1539
1531
1507
1539
1564
1540
1522
1542
1543
1520
1551
1556
1549
1507
1541
1553
1340
1563
1539
1561
1554
1545
1073
1546
1545
1510
1545
959
1499
1241
1575
1533
1559
1554
1507
828
1542
1552
1529
1496
1547
1218
1394
1543
1550
1562
1098
1535
1548
1548
1515
1557
1555
848
1521
1550
1552
979
1541
1519
1556
1555
1551
1540
1538
1387
1555
1544
1551
1501
1535
1539
1543
1554
1244
1551
1547
1547
1556
1553
1506
1518
1556
1551
1541
1544
1551
1552
1561
1206
1543
1554
1541
1555
1441
1545
1532
1545
1510
1551
1554
1551
1525
1562
1548
1535
1543
1543
1543
1521
1557
1555
1552
1542
1552
1547
1549
936
1547
1548
1546
1558
1546
1548
1150
1469
1567
1557
1546
726
1538
1537
1559
1547
1552
1550
1525
1520
1550
1558
1525
1535
1550
1519
1549
1553
1551
1539
1475
1544
1553
1544
1546
835
1542
1551
1541
1493
1545
1550
1546
1566
1553
1193
1496
1513
1533
1536
1543
1543
1144
1544
1551
1551
1051
1548
1550
1537
1556
1542
1560
1554
1542
1561
1550
1559
1565
1553
1554
1554
1548
1508
1550
1556
1546
1501
1501
1551
1549
1482
1554
1556
1554
1560
1549
1556
925
1562
1544
1552
1058
1534
1548
1538
1546
984
1551
1525
1552
1546
1547
1498
1565
1499
1542
1550
1528
1557
1549
1561
1542
1546
1548
1523
1539
1524
1536
1548
1532
1547
1544
1552
1554
1526
1561
1554
1545
1508
1552
1491
1541
1142
1554
1548
1543
1548
1533
1551
1513
1547
1556
687
1542
1563
1544
1553
1548
1551
1466
1546
1554
1567
1227
1556
1543
1553
1552
1398
1548
1553
1542
816
1522
1549
1552
1504
1540
1553
1546
1550
1551
1553
1541
1524
1547
1542
1548
1477
1565
1542
1537
1515
1550
1519
1532
876
1547
1546
1550
1489
1549
1508
1508
1528
1549
1539
1337
1549
1410
1526
1564
1546
1551
982
1502
1547
1534
1546
1550
1493
1545
1544
975
1529
1538
1547
1511
1543
1538
1543
1492
1487
1549
1544
806
1547
1517
1518
1550
1522
1553
1501
1548
1293
1535
1535
819
1543
1554
1514
1549
1513
1502
1551
1544
1548
1555
1527
1530
1563
1549
1559
784
1544
1541
1547
1549
1555
1557
1544
1542
1557
1553
1554
1539
965
1514
1556
1548
497
1546
1555
1567
1555
1533
1551
1540
1539
1545
1521
1557
881
1555
1540
1557
1536
1535
1533
1532
1544
1547
1561
1499
1559
1554
1548
1554
1544
1385
1546
1536
1545
1550
1324
1270
1502
1552
1494
1557
1553
1520
1532
1547
1552
1547
1551
1546
1549
1553
1502
1537
1500
1549
1540
1551
1533
1540
1537
1027
1553
1116
1528
1542
1547
1507
1538
1545
1517
1554
830
1528
951
1542
1557
1561
1553
1540
1540
1530
1547
1554
1555
1509
1546
1548
1535
1547
1537
1500
1540
1556
1553
1543
912
1554
1558
1555
1506
1559
1550
1546
1011
1539
1544
1537
1548
1170
1550
1554
1510
1536
1562
1545
1517
1559
1548
1553
1546
848
1539
1561
1520
1547
1557
1189
410
1546
1545
1556
1549
823
1532
1552
1555
1548
1563
1513
1548
1523
1546
1546
1552
1541
1514
1532
1546
1565
1550
1535
1552
1556
1541
859
1540
1545
1535
1550
1551
1554
1550
1507
1555
1078
1550
1541
1523
1556
798
1532
1551
1548
1542
1513
1490
1511
1552
1271
1549
1490
1510
1566
1555
1558
1550
1551
1535
1540
1541
1557
1488
816
1561
1556
1482
1545
1546
1540
1547
1532
1541
1551
841
1543
1546
1334
1551
1553
1549
1206
1520
1556
1550
547
1552
1539
1558
1516
1558
1546
635
1501
1554
847
1521
1546
1551
1532
876
1544
1519
1501
1563
1549
1544
1546
1542
802
1541
1545
1117
1534
935
1546
1556
1516
1547
1512
1555
1494
1540
1541
1542
1552
1539
1542
1532
1548
885
1550
1530
1517
1544
1489
352
1487
1486
1555
1551
1547
1555
1542
1548
1519
1545
1157
875
1546
1512
1553
1542
1504
1550
1553
1552
1557
1554
1547
1533
1535
1535
1544
1549
1554
1546
1491
1547
1535
1545
1554
1549
1545
1549
1499
1527
1532
1513
1547
1551
1488
1537
1500
1546
1556
1555
1541
1536
1540
1215
1540
1544
427
1517
1548
1528
1549
1558
1551
1552
1555
1531
1565
964
1547
1507
1550
1556
1164
1553
1523
1540
1547
1505
1546
1550
1516
770
1459
1550
1557
1511
1545
1503
1557
883
1535
1553
1552
1535
999
1508
1201
1437
1560
1556
1538
1542
1487
1506
1545
1553
1487
1498
1551
1523
1581
1464
1553
1058
318
1319
1526
1547
1561
1544
1550
1513
1545
1554
1527
1525
1545
1544
1541
1544
1531
1544
1549
1562
1524
1499
1547
1557
1546
1525
1540
1542
1539
1542
1550
1552
1535
1549
1543
1551
1543
1530
1539
1543
1538
1546
1543
1511
1543
1529
1532
1548
1553
1548
1546
1530
1549
869
1535
1555
1552
1553
1482
1517
1558
1555
1544
1545
1508
1535
1514
911
1549
861
1071
1536
1553
1552
1525
1549
1546
1522
1505
1544
1493
1560
1546
823
1548
1536
1548
1554
1446
1548
1350
1552
1523
1556
1530
1557
1515
1524
1552
1528
1426
1529
1556
1402
1549
1545
1543
1536
1554
1557
1524
1562
1506
1553
1553
1541
1537
1553
1557
1531
1556
1560
1543
1490
1514
1515
1497
1548
1545
1415
1545
1556
1542
1542
1498
1558
1554
1532
1550
1508
1536
1530
1527
1554
1532
1543
1539
1494
1506
1541
1549
1544
1534
1548
1539
1558
1537
1450
1555
1503
1537
1527
1553
1540
1400
1548
954
1528
1553
1546
1536
1552
1543
1536
1543
1527
1525
1555
828
1543
1543
1543
1412
1543
1546
1509
1544
1525
1542
857
1550
990
1558
1556
802
1549
1559
1146
1551
786
1531
1544
1533
1411
1557
1552
1543
1551
1556
1543
1543
1548
1544
1435
1556
1513
1509
1538
1560
1522
1552
1538
1537
1517
1548
1526
1550
1551
1552
1549
1502
1535
1553
1531
1524
1448
1548
1552
1545
1546
1137
1553
1524
1550
1541
1558
1557
1550
1561
1562
1546
1553
1565
1545
1554
1554
1558
1562
1550
1529
714
1512
1537
1555
1514
1548
1539
1545
1550
1556
1522
1539
1552
1547
1553
1544
1543
1554
1528
1554
1548
1555
1545
1518
1494
784
1544
1550
1546
1547
1562
851
1553
1558
1533
1549
1546
1551
1552
1560
1393
1518
1555
1547
1552
1547
1485
1538
1552
1538
1536
1560
1542
1548
1495
1547
1558
1444
1545
1221
1560
1552
1552
1548
1558
1549
1543
1555
788
1545
1556
1542
1536
1547
887
1237
1506
1551
1508
1529
1552
1543
1543
1525
1556
1347
1562
1551
1550
1551
1559
1548
1548
1514
1538
1549
1554
1499
1549
1554
1026
1549
1553
1539
1317
1132
1523
1282
1550
1552
1549
1541
1518
1555
1550
964
1553
1554
1545
1556
1475
1552
1523
1545
1512
1558
1539
1549
1121
1550
1541
1498
1550
1533
1541
760
1508
1545
1454
1486
1562
787
1510
1548
1553
1550
1553
1534
1551
1550
1544
1549
1535
1547
1540
1543
1542
1520
1555
1551
1547
1535
1539
1542
1547
1549
1539
1549
1385
1538
1512
1550
395
787
1556
1561
1534
1553
1536
1539
1544
1524
836
1422
1555
1540
1548
1512
865
1503
1559
1516
1554
1523
1521
1444
1555
1537
1561
1478
1553
1554
434
1552
1221
1132
1499
1539
1548
1548
1543
1535
1547
1553
1551
1540
1555
1555
1546
1546
1555
1546
1550
1558
1547
1540
1542
1544
1535
1558
1553
851
1551
1558
1540
1551
1529
1557
1515
1535
827
1512
1511
1553
1553
1553
1315
1549
1536
1535
1533
1505
1550
1499
1558
1541
1535
1533
1527
1552
1236
1552
1537
1516
958
1563
1557
1544
1554
1533
1556
1556
1557
1547
1558
1554
1545
1558
1551
1218
1520
1533
1508
1495
306
866
1561
1513
1547
1542
1537
1560
1510
1558
1552
1547
1513
1563
1562
1553
1547
1552
1560
1544
1541
1539
1546
1542
1557
1491
1564
1530
686
1542
1537
1558
1553
1543
797
1555
1538
1531
1567
1549
1548
1547
1555
1536
1554
1559
1549
1552
1543
1533
1507
1547
1517
1547
1549
1546
1554
1555
863
1544
1544
1546
1552
1549
1539
1478
1544
1561
982
1547
1528
1530
1560
1505
1558
1560
1548
1538
1557
1545
875
1567
1560
1562
1544
1546
1526
1555
1159
1571
1554
1563
693
1393
1567
1548
1551
1551
656
1549
1556
1548
1448
1553
1558
1548
1548
1557
1552
1532
1483
1519
1538
1538
1551
1558
1202
1540
1547
1553
1502
1544
1544
1550
1556
1553
1523
827
1550
1509
1548
1543
1133
1495
1541
1521
1555
1556
1558
1549
1550
1520
1551
1553
1552
1553
1535
1552
1537
1544
1549
1547
1554
1543
1126
1168
1530
1559
1549
1512
1194
1551
1563
1530
1228
1535
1554
1556
1304
1555
1546
1163
1565
1554
1559
1531
1547
1571
1532
1555
1551
1560
1519
1554
1548
1554
1563
1522
1542
1539
1547
1550
779
1529
1534
1015
1560
1555
1550
1559
1554
1551
1542
1510
1520
1539
1544
1309
1077
1549
1546
1533
1546
1549
1507
1543
1560
1559
990
1555
1550
1548
1539
1508
1511
907
662
1543
1551
903
1549
1563
1556
1545
1551
1542
1549
831
1555
1549
1553
1437
1554
1492
1530
1553
889
1512
1547
1542
1545
821
1548
1522
1497
1556
1545
1340
1515
1563
1533
1554
1286
1555
1550
1552
1545
1552
1509
1551
1561
976
1549
1505
1525
1549
1545
1540
1559
1555
1486
1549
1554
1545
1545
1552
1535
1548
1534
787
1559
1549
1478
1553
1554
1540
1546
1552
1538
1545
986
1509
1415
1548
1549
1553
1553
1555
1510
1551
1549
1539
1549
1542
1560
1555
1499
1542
1548
1549
1525
1501
1532
1553
372
1540
1547
1547
1551
1498
1490
1529
1550
1532
1540
1540
1542
1476
1548
1032
1558
1513
1554
1541
1548
1526
1543
1507
1522
1549
1535
1539
1486
1544
1507
1549
1519
1547
1441
1015
1536
1545
1552
1520
1554
1548
1541
1542
1495
1521
1545
1540
1521
1540
826
1546
1526
805
1545
1545
1522
1564
1179
1553
1544
1553
1526
1494
650
1547
1550
916
1559
1516
1555
1512
1547
1457
1483
1534
1540
1551
1543
1546
1519
1540
1549
1556
1464
1541
1542
1547
1559
1554
1508
1549
1548
1535
941
1550
1553
1537
1544
1404
1546
1558
1554
1541
1545
1556
1524
1496
1509
1547
1544
1521
1541
1521
1534
1558
1545
1546
1527
1552
1539
1551
1553
1542
1545
1528
837
1547
1548
1549
702
1545
1536
1543
1544
1525
1548
1555
1552
1555
1539
1540
1534
1545
1514
1541
1548
1526
1407
1550
1550
1541
1547
1543
1544
1556
1525
1563
1463
1544
1556
1553
1511
1550
638
1528
1555
1555
743
1545
851
1498
1552
1534
1549
1542
970
1550
1541
1536
1552
1520
1550
1552
1548
1548
1531
1031
1530
1553
1550
1558
1003
1542
1554
1542
1552
1546
1538
1541
1549
1536
1496
1528
1547
1547
1556
1549
1544
1558
1539
1548
1564
822
1553
971
1551
1543
1545
1553
1495
1548
1550
1517
1503
1517
1556
1543
1527
1546
1553
1542
1554
920
1550
1551
1537
1514
1553
1550
1560
1495
1524
1558
1561
1518
1543
1548
1513
1553
1502
1546
1559
1524
1551
1514
1553
1551
1546
1502
1551
1537
1545
1541
1547
1550
1550
1552
1545
1535
1547
1512
1551
1553
1528
759
1520
1516
1546
1081
1561
1547
1545
1552
1550
1540
1513
1544
1551
1534
1544
975
1521
673
1544
1569
1534
1552
1542
1545
1546
1550
1199
1559
1543
1549
1550
1539
463
1562
1514
1562
1539
1508
1529
1545
1548
1539
1542
1555
1547
1549
1515
1498
1549
1521
1553
1537
1471
1533
1508
865
1545
1549
1537
1548
1539
1546
1538
1549
1554
368
1473
1552
1552
1552
1550
1519
1521
1507
1564
1526
1532
1542
1544
1552
1526
1538
1541
1542
1558
1556
1515
1513
1547
1542
1561
1545
1554
1552
1538
1491
1547
1543
1548
1551
1529
1516
1548
1516
1292
1553
1557
1555
1536
1533
1388
1558
1504
665
1545
1547
1543
1548
1553
1528
1552
1509
1532
1535
1556
1553
1550
1526
1553
1547
1558
1552
1557
1541
1550
1543
1540
1271
1553
1542
1548
1553
1535
1548
1541
1549
1549
1545
677
1549
1554
1553
1530
1545
1548
1533
1546
1550
1092
1546
1475
1555
1545
1539
1559
1033
1532
1533
1538
1520
1518
1536
1510
1557
1529
1550
1542
1545
931
1557
1417
1540
1529
1555
1497
1532
1485
1549
1516
1288
1546
1544
1539
1519
1547
1553
1504
1553
1537
804
1533
1554
1553
1552
1559
1550
1534
1539
1543
1551
1543
1395
1551
1550
1561
1541
1544
1553
1488
1531
1548
1554
608
1316
1540
1532
1519
1567
1502
1503
1543
1554
1556
1504
1546
1540
1421
1541
1532
1533
1535
1547
1561
1518
887
1188
1541
1510
1492
1521
1124
1537
1523
1526
1521
1551
1542
1539
1564
1544
1544
1528
1560
1527
1529
1550
1525
1553
1562
1515
1539
1532
1539
1547
1554
1525
1547
1556
1528
1539
1499
1548
1494
1545
1556
1546
1541
1557
1499
842
1516
1551
1551
1509
738
1526
1533
1554
1536
1548
1552
1542
1545
873
1547
1556
1548
1504
1561
1530
1495
1541
1547
1549
1558
1549
1554
1422
1546
1543
1322
1570
1559
1554
1559
1526
986
1502
1398
1551
1546
1557
1547
1502
1524
1547
1552
1566
1308
1559
1557
1554
1531
1538
1558
1570
834
1554
1534
1545
1552
1522
1554
1549
1538
1047
1560
1549
1564
1551
1548
1550
1547
1545
1564
1562
1499
1540
1550
1557
1511
1538
1533
1551
1535
1556
1547
1558
1543
1553
1523
1571
1536
1547
1541
1547
1547
1551
1543
1558
1553
1480
1543
1551
1551
1555
1546
941
1553
1559
1546
1515
1556
659
1545
1534
1555
1487
1533
1522
523
1539
1548
1560
649
1545
1536
1537
937
1522
1534
1559
1546
1553
1543
1500
1504
1544
1550
1545
1554
1547
1533
1547
1557
1511
1541
1552
1544
1552
1531
1501
1568
666
1485
1548
1559
1554
1416
1554
1539
1560
1557
1559
1558
1491
1320
1556
1558
1527
1552
1560
1555
1549
1451
1536
1344
1518
1561
1554
825
1551
1534
1545
722
1545
1552
1562
1518
1543
1543
1551
1553
1547
1545
835
1547
1551
1548
1549
1557
1540
1550
1537
1197
1545
1365
1547
1550
1547
1543
1422
1560
1024
1531
1551
1542
1497
1537
1561
1505
1504
1539
1544
1538
1546
1560
1034
1558
1556
1534
1500
1551
1548
1543
1547
1547
1548
1497
1548
1526
1538
840
1546
624
1349
1563
1546
791
1538
1534
1561
1554
1526
1551
1553
1553
1555
1543
1565
1544
1546
1558
1496
805
1525
1553
1546
1530
1540
1549
1542
1550
1551
1557
1551
1551
1545
1549
1558
1545
1549
773
1538
844
1506
1544
1509
1496
1564
1534
1548
1554
1521
1504
1522
1551
1553
1561
816
1539
1557
1539
1549
1543
1564
1548
1560
1554
1482
1540
827
1554
1549
1545
1557
1553
1330
1525
1525
1562
1531
1534
1557
1551
1544
1553
1549
1545
1531
1540
1543
1544
1552
1541
906
1557
1551
1534
1135
1544
1531
1532
1530
1521
1546
1546
1556
1550
1545
1102
1544
1546
1014
1552
1543
1545
1543
1557
1549
1501
1234
1546
1542
1549
1553
1544
1544
1529
1561
1554
1547
1537
1548
1554
1544
1537
1544
1557
1544
1550
1549
1479
1525
1523
1546
1547
1545
1549
1142
1537
1530
1562
1562
1516
1552
1502
1524
1509
1529
856
807
1520
1541
1559
1551
1542
1546
1554
1497
1546
1544
1544
1569
1540
1547
585
1089
1552
1524
1480
1567
1534
1558
326
1356
1493
1543
1421
1322
1541
1515
1552
1552
1550
1525
1542
1544
1560
1545
1549
1537
1557
1548
1544
780
1551
1530
1544
1552
1535
1550
1492
1300
1529
1549
1119
810
1547
1554
1559
1511
1542
1554
1554
1548
1543
1552
1366
1547
1534
1524
1009
1548
1556
1553
1547
1533
1547
1066
1547
1524
1532
1563
1548
1516
1563
1558
1541
1537
1549
1546
1564
1477
1558
1541
1553
1494
1543
1558
1533
1045
1524
1556
1527
1543
1557
1539
1546
1519
1543
1556
1540
1487
1544
721
1545
1546
1505
1518
1135
1552
1546
1492
1545
1548
1532
1546
1545
1517
1507
1542
1539
1543
1543
1544
1544
1507
1514
1457
1521
1529
1563
1555
1547
1456
1538
1512
1523
1434
945
1542
1555
1546
1542
1543
1181
1555
1542
1190
1481
1545
1548
1531
1537
338
1543
1493
1550
916
1198
1549
1523
1545
1526
506
1563
1557
1544
1545
1550
1546
1546
1542
1284
1511
1538
1058
1557
1545
1532
1558
1551
1477
1536
1550
1523
1515
1234
1554
1496
1554
1503
1547
1511
1550
1530
1543
1547
1537
1541
1556
1006
1559
1557
1546
1548
1552
1549
767
1545
1526
839
1549
1543
1540
1534
1555
826
1555
1550
1552
1533
828
1548
1542
1552
1550
1514
1561
1485
1559
1551
1534
1026
1520
1552
1558
1554
1547
1498
1560
1555
1543
1514
844
1551
1540
1551
1554
1522
1542
1553
1561
1546
1227
1551
1545
1551
1553
1545
1545
1544
1450
1512
1531
1499
1525
1547
1550
1509
1537
1542
1534
1513
1541
1556
825
1528
1559
1541
1550
1251
1545
1544
1536
1515
1535
1544
1542
1551
1514
1043
1551
1546
1528
1550
1549
1553
1553
1525
1555
1520
1531
1546
1529
1554
1514
1547
1550
1538
1546
1526
1547
1056
1530
1493
1552
1538
1549
1502
1510
1558
1421
1512
1533
1535
885
1526
1539
396
1559
1523
1535
1534
1547
1022
1561
1551
1550
974
1545
1539
1551
1499
1562
1535
1546
1547
1540
1557
1548
1360
1546
1516
1547
1556
510
1560
1540
1551
1559
1549
1271
1556
1525
1526
1547
1543
1511
1545
1559
1244
1533
1095
1565
1547
1559
581
1556
1557
1505
1558
1560
1534
1566
1554
1511
1548
1525
1555
1554
936
1572
1554
1098
1519
1562
1563
1536
1537
1558
1528
1541
1554
1513
1543
1386
1554
1541
1545
1555
1530
1525
1515
1444
1541
1008
1547
1538
1543
1179
1515
1533
1537
1562
1545
1525
1510
1404
1547
1518
1550
1549
1543
1555
862
1552
1534
833
1387
1550
1552
1524
1547
1377
1543
1533
1554
840
1550
1523
1523
1551
1549
1544
1517
1559
1545
1555
1555
1506
1553
1502
1542
1555
1554
1504
769
801
1204
1544
1556
957
1550
1538
1543
1523
839
1547
1550
1552
1556
1558
1550
1541
1507
1556
1551
1536
1553
1535
1553
1545
1489
1553
1548
1553
1507
1498
1533
1547
1546
1528
1536
1544
1544
938
1525
1518
1544
1507
1549
1536
1549
1488
1524
1548
1553
1542
1546
1546
1110
1541
1514
1056
1549
1537
1563
1499
1540
1509
1548
1553
1532
1568
1541
1557
1540
1549
1544
774
1521
1507
1528
1544
1539
1550
1545
1540
985
1518
1549
1548
1531
1540
1532
1537
1524
1533
1500
1557
1134
1556
1541
1545
1517
1551
1548
1540
1250
1545
1534
1540
1439
1546
1538
1543
1521
1545
1556
1544
1554
1546
664
1561
1377
1465
1544
1549
1546
1555
1551
1558
1543
1556
1545
1534
782
1545
1558
1511
1553
1549
1521
1536
1554
1544
1544
837
1547
1530
1551
1545
336
1542
1545
1544
1543
1537
1552
1498
1518
1548
1543
1546
1502
1540
1497
1539
1547
1530
1508
1539
1550
1553
1546
1488
1551
1555
1548
1532
1534
1506
1541
1549
1258
1556
1550
1559
1526
1536
1557
1521
1561
1556
1544
1520
1501
1535
1560
1536
1509
1515
1560
1557
1550
1552
1410
1553
1525
1525
1564
1555
1553
1562
1538
1521
1535
1539
1533
1206
1565
1546
1566
346
1532
1554
1161
1559
1556
1557
1550
1548
1549
1517
1224
1549
1546
1551
1497
1556
487
1552
1557
1559
1549
1513
1531
1529
1516
1554
1546
593
1494
1505
1550
1562
1554
1558
1546
1557
1532
1023
1545
1548
1016
1541
1526
1560
1536
1504
1551
1548
1534
1545
1545
1548
1555
1517
892
1500
1542
1483
1504
1551
1549
1531
1558
1544
1238
1537
1544
1544
1520
1556
1553
1550
1552
1529
1537
830
1520
1550
1540
1543
1531
1541
1550
1533
1545
1558
1411
1551
1517
1557
1550
1179
1554
1537
1509
1523
1541
1550
1496
1530
1522
1530
1548
1097
1543
1531
1521
1544
1552
1533
1558
1553
1551
1557
1547
1523
1495
1547
1531
1545
1543
1539
1552
1541
1534
1063
1535
1535
1543
1535
1530
943
1541
1511
1534
1211
1541
1549
1550
1173
1542
1541
1531
1360
1550
1516
1251
1543
1549
1491
1493
1538
1531
908
1542
1508
1538
1524
1558
1526
1555
1549
1458
1562
1538
1048
1557
1557
1118
1565
1567
1544
1552
1503
1563
1559
1532
1448
1555
1533
1534
1548
1554
1543
1549
1541
1068
802
1524
1438
1550
1555
1527
1544
1550
1378
1549
1529
1553
1547
1514
1555
1556
1542
1504
1552
1511
1533
1557
1522
1547
1523
1552
1549
1549
1524
1016
1514
1536
1530
1537
1522
1553
1524
1045
1541
1542
1555
1513
1441
1552
1541
1541
709
1553
1474
1548
1512
1556
1528
1558
1548
1064
1555
1540
1527
1544
1556
1549
1497
1547
1543
1554
1548
1555
1486
1544
1138
1556
1553
821
626
1544
1556
1539
1555
1543
1546
1554
1559
1493
597
1540
1555
1534
1556
1563
1543
1537
1549
1563
1552
1554
1561
1544
1560
1516
1544
1544
1546
1550
1542
974
1546
1535
1561
1551
1545
1551
1521
1470
1562
1550
1545
1544
1543
1549
1550
1551
1495
1539
1561
870
1540
1553
1547
645
1521
1547
1552
1544
1521
1077
1565
1544
1545
1557
1550
839
1134
764
1524
1553
1550
1556
1550
1529
1551
1555
1553
845
1550
1562
927
1550
985
1514
1550
1559
1538
1333
1472
1522
1496
850
1555
1512
1557
1547
1514
1510
1241
1552
1542
1550
1548
1542
1551
1542
1558
1499
1093
1542
1524
1548
1532
1548
1510
1531
1525
1556
1550
1549
1553
1556
1530
1549
1507
1542
1546
1560
800
1556
1536
1564
1547
1557
1554
1564
1251
1553
1548
1547
1554
1539
1555
1545
1554
1532
1527
1546
1553
1557
1550
1549
1545
1552
1544
1554
1517
1544
1546
1535
1546
751
1546
1562
1523
1541
1554
1553
1544
1534
1558
1555
950
1555
1530
1550
1549
1550
1552
1550
1558
1563
1555
1563
1552
1555
1530
1541
1535
1514
1555
1552
1543
1556
1542
1499
1515
1560
1555
1041
1488
1542
1504
1528
1550
1551
1553
1548
1524
1554
1554
1491
1509
1517
1535
1549
1531
1548
1545
1545
1548
1545
1544
1553
1552
1563
1538
853
1544
1534
1540
1258
1563
1520
1546
1556
1539
1532
1546
1552
1558
1547
1532
1538
1199
1548
1148
988
1539
797
1549
1555
1546
1181
1556
1528
789
1553
1530
1522
1537
1502
1547
1210
1554
1558
1558
1541
1551
1559
1484
1554
1555
1553
1545
1566
1525
1546
1545
1543
1483
1551
1531
1541
1549
1542
1533
1553
1526
1531
1542
1551
1540
1527
1535
1551
1556
1542
1519
1502
1534
1540
1556
1520
1539
1530
1562
592
1136
1544
1559
1552
1558
1548
1546
1502
1544
1542
1060
1537
1558
1518
1554
1080
1538
1558
1525
1511
1539
1553
1513
1549
564
1408
1560
1550
1545
1552
1542
1344
1555
1046
1554
1545
1543
1561
1418
1167
1559
1533
1523
1503
1546
1549
1529
1545
1551
1543
1542
1542
1547
1542
1285
1545
1562
894
1542
1481
1554
858
1554
1549
1526
1408
1509
1551
1552
1547
1503
1552
1551
1553
1555
1542
1564
1530
803
1551
1558
1532
1094
1255
1556
1521
1492
1542
1557
920
1558
1520
1550
1548
1544
1555
1465
1550
1554
1556
1543
1523
1494
1546
1555
1567
1553
1533
1516
1553
1551
1552
1566
1561
1534
1550
1550
1554
1534
1520
1541
1531
1558
1553
887
1551
1550
1552
1537
1533
1557
1508
1522
1564
1549
1541
1482
1055
1508
1175
1549
1515
1557
1526
800
1525
1539
1523
1553
1148
1555
1497
1522
1474
1551
1558
901
1516
1521
1539
1511
1558
1557
1561
1547
1543
1533
1525
1539
1540
812
850
1544
816
1551
1541
1545
1507
1553
441
1534
1561
1558
1538
1548
1545
1133
1548
1561
652
1547
1559
1555
1541
1555
1544
1553
1552
1396
1525
1540
1554
1528
1566
1564
1511
1552
1555
1549
1415
1543
1547
1535
1531
751
1542
1311
1488
1557
1526
1508
1546
1542
1538
1514
1551
1558
1113
1560
1554
1560
1504
1551
1549
1557
1427
1554
1556
1554
1531
1551
1548
1543
1494
1541
1543
1557
1522
1553
1548
1554
1484
1551
1367
1493
1515
898
1559
1547
1550
1510
898
1553
1548
1553
1555
1552
1552
1511
1549
1509
1516
1433
1550
1578
1546
1542
1567
1551
1505
1553
1547
1563
1496
1543
1554
1536
1536
1531
1558
1202
1520
1551
1553
1523
1549
1553
1556
1533
1543
1521
1547
1546
1512
1542
1553
1550
1541
1542
1488
1537
1550
843
1558
1544
1543
1539
1538
1554
781
1520
1141
1517
1553
1545
1549
1549
1551
1545
1533
1542
1539
1535
1551
1552
1062
1559
1545
1550
1548
873
896
1553
1557
1509
1545
1555
1559
1557
1543
1558
1534
1538
1553
1554
1555
1497
1534
1549
1555
1561
1510
1556
1546
1545
1482
1543
681
1550
1520
1552
1533
1551
1534
1553
1527
1539
1549
1555
1553
1551
1546
1543
1544
1351
1399
1540
1513
1528
766
1549
1515
1540
1556
1546
1521
1543
1530
1491
1548
1524
881
1507
1550
1539
1554
1547
1550
1550
1550
1072
1556
1496
1553
1499
1449
1563
1548
1553
1546
1548
1546
1577
1541
1558
1554
1563
1544
1491
1546
1559
1541
1551
1545
1541
1552
1528
1061
1554
1545
1550
1546
1501
1539
1546
1563
1537
1521
1542
1537
1546
1549
1554
1522
1544
1513
1552
1545
1558
1502
827
1557
1550
1538
1517
1468
1528
1500
1497
1412
1529
1551
1412
1547
1555
846
1548
1463
1540
1549
1548
1547
1533
1543
1232
1530
1555
1541
1416
1514
1552
1556
1540
1494
1546
1501
1352
1537
1546
1519
1548
1536
1549
1512
1535
1537
1547
1505
1547
1556
1022
1535
1550
1553
1545
1558
1562
1567
1531
1541
1552
1555
1548
1499
1551
1553
1554
1555
1534
1536
1544
1554
1562
1520
1504
1557
1419
1517
1544
1549
1548
1565
1558
1535
1557
1504
1462
1545
1557
1491
1534
1547
1555
1546
1537
1514
1540
880
1550
1507
321
1546
1186
1557
1560
1552
1548
1526
1562
1544
1538
1559
1546
1557
1529
1543
1550
1519
1544
1536
1528
1540
1521
1540
1522
1539
1520
1516
1554
1548
1524
1543
1500
1554
1485
1542
1544
1546
1555
1543
946
1536
1551
1542
1552
