3009
2992
3021
2942
3033
2960
3000
3035
3025
3041
657
3012
3032
2989
3006
3055
3040
3018
3056
3041
1497
3016
3025
3008
3025
3009
82
3027
2976
3028
3019
3024
3026
3005
3021
3041
3029
3034
2035
3010
3005
3016
1238
2985
3022
3007
3016
3013
697
3040
2993
3033
3025
1854
3013
2684
2553
3004
3053
3018
3017
3013
2988
2283
2986
3015
3025
3028
3018
3013
3008
2992
3006
2988
3030
3010
2946
2986
3013
3039
846
2989
3008
3014
3048
3005
2967
3007
3001
3014
3026
3039
3016
3002
3014
3031
2957
3016
3035
3024
3025
3003
392
3056
3100
3014
3021
3030
3021
3025
3023
2622
3041
3011
1026
387
3015
2996
3030
3021
3044
3002
3013
3004
3009
2937
3030
3000
330
3051
3033
3016
3040
2984
3001
3002
3034
3021
2989
3030
3014
359
3035
3016
3008
2978
2968
3032
3005
2951
3023
3019
3003
3015
2959
3020
1283
3025
2981
3020
3026
3044
3072
3031
3009
561
1953
2979
3022
2997
3032
3013
2992
3027
3015
3020
3010
2988
3008
2973
3012
3036
3017
3012
871
2442
3030
3035
2298
3011
3026
549
3000
3044
3003
3007
2957
3049
2990
3020
3034
3023
3002
3022
3017
2966
3000
2985
3009
2321
3026
2979
2996
3007
3011
2993
3057
2877
3019
2822
188
2991
3020
3022
3015
3032
3023
3016
3039
3023
3037
3009
1645
3015
3020
3047
3026
3041
3016
3036
3028
3035
3036
3044
3019
3022
3030
2993
3040
81
3041
1703
3007
3012
3003
3020
112
2998
3032
3012
3028
1535
3016
3004
3010
3044
2641
1932
2937
3002
3015
2997
3071
486
377
3105
3032
3027
3024
3001
3044
3004
3001
3015
1657
3024
3021
3026
3017
3022
1874
2982
3036
288
3019
3009
179
3030
3035
3017
3023
2980
3035
3021
3022
3043
2990
3034
2924
3020
3041
3003
3012
2981
3039
3031
77
3033
3038
3006
2705
3050
81
3031
3007
3010
3016
3094
2581
2678
3001
3028
3003
3011
2534
3025
3000
3000
3012
3019
3046
3021
3000
1573
3010
3009
3007
3076
3022
2997
1228
1229
3010
1417
3038
2998
2976
3033
3016
3099
3010
193
3006
3007
2963
3010
3019
3022
3011
2503
2984
2795
2953
3019
3017
3030
3018
240
3034
3038
3011
2990
2974
2114
2997
2998
3015
3043
1550
3005
3014
3006
179
3016
2981
110
3027
3035
227
3009
3045
3035
3015
2995
3010
3054
3040
2988
2986
3038
3010
3002
3023
3037
1340
3034
1796
3025
3037
2964
3013
3003
3011
3010
2977
2988
3010
3030
2990
3020
2997
2991
3034
3028
3000
3024
3027
3036
3074
3055
3001
3058
851
446
3007
3023
3007
3014
2996
2994
3023
3031
3044
3030
314
3075
3016
828
98
3019
3030
3002
2989
3032
218
3028
3027
2049
3006
2597
3011
3031
2997
2197
2288
3040
3010
3011
3016
3012
3046
3011
2653
3046
1205
3039
3016
2974
2988
3028
2998
3052
3015
3017
3046
3011
230
3033
3008
3019
3000
2990
3008
3039
3068
3019
1136
3022
3020
3002
3071
3029
3017
3013
3008
2992
3017
3006
2959
2991
3037
3014
3028
1631
2988
3006
2757
3027
3021
3050
3050
3025
3026
3018
3014
3039
778
3029
3009
3023
3017
2999
3028
3024
3002
3017
2985
3028
2975
1439
2973
3034
2986
1215
3037
3008
3042
3028
3026
3018
219
3016
971
3038
2995
3010
3009
169
3007
3023
3003
2966
2690
3027
3008
1713
393
3025
3022
2982
3044
3029
3038
2960
2994
2807
3058
3024
3021
2648
3025
3034
3027
3030
2926
3026
1453
2966
3042
3000
3013
188
3011
3047
3012
3041
3005
2221
3035
3021
3020
3019
1451
173
3030
2956
3048
3016
2978
3014
3022
3018
3031
2875
3039
3017
3016
3013
2984
3005
3002
3040
3016
2998
3019
3039
3030
2997
3022
3018
3007
3031
3006
3050
2289
3041
3012
3049
359
3026
2997
826
913
3033
3006
2996
3020
3034
3016
3030
2982
368
2469
3035
2725
3022
1551
3008
3026
3023
3003
3034
715
3038
2964
3020
2967
2970
3101
492
3002
3036
2990
869
3022
3013
3013
2995
2563
2990
3043
2998
3016
2787
2507
3027
3017
2978
3034
3009
2987
3017
3009
3042
1081
941
2978
1681
603
2457
1149
3020
3003
3038
3029
3014
3012
2977
2984
3007
3005
3038
3039
3027
3028
3024
3026
2910
2364
3021
3039
2654
3028
3052
3080
3033
2988
3030
2987
3047
3023
3013
3023
2980
2366
3016
3047
3026
3025
3010
3011
3011
3029
2985
835
2943
2989
3014
2964
3022
1604
3043
2987
2986
3025
3024
3032
3034
2993
3016
113
2930
3027
1870
3020
3032
3028
3032
3000
557
3093
3027
3024
3002
3022
3020
2992
2890
3034
174
2996
3015
1844
3040
3006
3030
2976
3043
3023
3024
3030
562
3018
3012
2817
3086
3008
3005
3008
425
2987
2835
3020
3011
3035
2969
3002
3030
3029
2997
3027
369
3024
2987
3000
3031
2960
3039
3027
3029
3011
231
2988
3008
3029
2950
2998
3039
3027
2851
3018
2983
3018
2921
3039
2994
3018
3024
3010
3003
3015
3017
2553
3051
3035
3019
3013
3035
3032
3016
1382
2997
3017
3002
3027
3013
3017
2980
3031
3027
3040
3015
3009
2767
3048
3009
2996
3046
3025
1530
3040
2992
2957
2975
3017
2940
3011
2972
3036
3025
3028
2992
3033
3019
3043
3027
3025
3038
3008
3007
3036
2989
3043
2995
3018
3002
2695
3023
2945
3024
3011
2990
2963
3039
3067
3004
3008
3017
3044
3027
3021
2972
1602
3001
3002
3030
871
3026
3035
3007
2997
3003
3038
2997
3041
3041
3040
3054
3057
3023
3013
1299
478
3042
3038
3029
3030
3023
3026
3036
2625
3011
3002
3053
3022
99
2686
3007
3022
3091
3034
2886
3033
3014
2993
3013
577
3016
3017
3028
387
3056
335
3012
3026
3002
3001
3019
3020
2773
1751
3034
3013
3028
2991
1110
2985
3001
3023
3028
2993
2643
3036
1200
2936
3033
219
3008
520
2996
3024
2993
2999
3011
3025
3051
3025
2985
3028
3035
3012
621
3046
3022
2992
2587
1828
3013
2999
3031
3018
3013
2888
3009
3023
2994
185
3010
2990
2990
2263
3044
3007
2997
2967
3022
2990
3005
323
3011
2127
2988
3019
3017
3017
3034
3036
2986
2983
3001
3022
3019
2312
3033
3025
3010
2987
2984
3018
3029
2999
3015
2978
3004
2809
3010
3047
3030
3022
3016
3049
3026
3009
3071
2837
1298
3036
3037
3006
3026
3129
3042
3005
3023
3027
3007
3016
3018
3007
3025
2998
3010
2996
572
3010
3053
2959
3005
2542
3014
3018
3060
3027
3040
2635
2650
2751
1841
3010
3004
3034
3009
1227
2997
3032
3017
2984
3012
2985
3038
3008
3013
3048
2219
2892
2197
3027
2994
2991
3009
3034
3011
3018
3032
3017
3030
3021
3005
2181
3025
3018
3029
3011
2993
2980
3066
1914
3031
2991
3026
2984
3023
3023
3001
3033
2997
3008
3026
3031
3016
3044
3015
3019
3026
3010
3019
2995
2979
3052
3023
3002
3044
2980
2996
3042
2853
3001
3022
2995
3016
3031
1499
3040
3020
3021
2860
3019
2967
2997
2992
3022
1988
3037
3018
3052
3017
2964
3008
2220
3020
3033
3011
2382
3002
3023
3014
3044
3005
3020
2984
3048
3011
3025
2899
2706
3029
3022
410
3018
2979
3020
3004
2944
3010
3022
2444
3013
3004
3000
3028
3027
2960
3023
3025
3056
128
3018
2993
3026
3047
3034
3031
3007
3039
3006
170
3028
3033
3040
3029
3005
3017
3008
3072
3022
3016
3054
3053
2166
3012
2983
2993
2586
2988
3007
3016
2997
2974
3000
3042
3021
3053
2960
3005
3051
3013
2063
2975
3031
3014
3010
3006
3000
2972
3036
3022
3013
3039
3026
2997
3027
3034
2261
3003
3038
3008
1928
3007
3015
3031
2990
3011
3036
2995
2960
1393
3012
1573
3034
3041
3021
3043
3015
3003
3047
3001
2898
3028
3057
3034
2708
3011
3033
2973
3031
3030
3032
3018
1408
3013
2980
3054
3024
3039
3030
3003
3025
3000
3040
3042
2996
3016
2995
3020
3035
3047
2625
3064
3010
3029
3030
2813
3004
120
2949
3012
3024
3027
3037
3011
2992
3001
3082
1711
3013
3075
3033
2409
2614
2969
3016
3019
1937
2990
2990
2999
2812
3018
3033
1533
3033
2980
3025
2099
3021
3031
3027
3021
3018
3022
3004
3026
3026
3023
3030
3026
3021
3024
3003
339
3034
1362
1118
3041
3032
2439
2742
3025
3042
2999
1223
536
3008
2983
2488
3034
3043
3026
2992
3035
3048
2994
3009
2248
3023
3022
3030
3011
145
3029
2915
3021
3013
2995
3001
3012
3059
3041
1686
3026
3024
3024
1136
2985
356
1065
3075
3028
3000
3023
3003
3009
3028
3012
3033
3024
3000
285
3014
3014
3010
3028
3038
2976
3006
3004
3041
3015
3048
3009
3024
3027
3047
2976
2985
3007
3007
2764
3018
2989
3027
3000
1853
3016
1846
2912
3036
2307
3017
3012
3004
3024
2997
559
3039
3011
3041
3018
3033
2364
3025
3034
2985
815
3022
2999
3078
3022
3037
3027
2968
3031
3023
83
3033
3061
3025
3002
2997
2948
3017
2999
2954
3004
3033
3021
3010
3019
3022
2306
2980
2798
3051
3033
3002
3018
3009
455
2982
3003
2983
233
3044
2967
3018
3031
3023
3035
2303
3001
3019
3033
2914
3041
3017
2975
3022
1808
3031
3032
3002
3043
137
3013
3012
3007
3003
2614
2997
3004
2989
3015
3029
2991
3015
3007
3041
3028
3023
3001
3024
928
3022
3014
513
3029
1311
2990
3017
3032
2923
3029
2953
3007
3027
3009
2995
3021
2986
3011
3029
1401
3031
2991
2930
3022
3026
2646
1716
3021
3040
2969
3013
1251
3040
3023
741
3032
2995
3038
3027
1470
3030
2979
2958
3043
3026
2313
3026
452
3031
3046
291
2928
3023
3015
3027
3030
3042
3024
3033
3022
3026
3040
120
2974
3039
3032
2281
1440
3014
2367
3039
3014
3026
3022
2994
3027
3014
3028
3025
3022
3002
2991
2974
1428
3002
3022
3024
3001
2998
3014
3055
2996
1453
3042
3026
2252
3015
3131
2994
3011
3012
3015
3044
177
3021
3037
2986
3049
3036
949
3066
3009
90
3013
2990
3004
3040
2971
3041
3007
2019
361
3025
2987
3010
3023
3035
3028
3043
3030
2986
2991
1796
412
3035
2879
3035
3031
3026
3032
3029
2988
573
2988
3001
101
2992
1372
3051
3019
3023
2995
3004
3068
3005
3020
3034
1176
3009
2967
2997
3025
2948
3001
3015
3007
3022
3027
814
3060
3019
3020
3019
3001
3027
3012
3017
3013
3035
2982
3039
2959
127
3012
3006
2965
3010
3024
3005
3005
2792
3041
2967
2995
3019
2967
3036
3020
3026
2958
2996
3039
3039
3022
3018
2867
3004
2817
3014
3080
2989
3016
310
3025
3021
3015
3021
3009
2987
1708
1106
3002
3023
3043
3039
2992
2984
3011
3026
3018
3062
3010
3025
3000
3016
3011
1444
3012
1427
2972
3023
3024
3009
3007
3015
3028
2954
2963
343
3037
3029
3033
2993
2956
3027
3037
3019
2920
146
3034
2592
522
3020
3003
2988
2998
2984
3028
2933
1607
3052
3019
3024
3025
3051
3003
3020
3025
3020
3032
3018
3056
551
3047
259
3008
3016
3044
3032
2979
3001
3003
3006
3043
3017
3036
3038
3040
3028
3036
3026
3003
3007
3008
3021
3023
3008
3004
541
2985
3017
757
3005
284
3030
3011
3030
3019
1407
2070
2492
3023
3016
3020
533
3014
3002
780
3029
3040
3009
3016
1882
3020
3025
2422
135
3016
3027
2997
3002
3025
3002
877
3022
1685
1730
2787
2993
3026
3029
2957
3033
3029
3018
2995
3002
3000
3020
3025
3018
3032
3000
3007
3023
3022
3009
2987
3020
3019
2970
3022
3032
2993
2997
3026
3014
2994
3009
2932
3103
2938
2999
152
2996
3020
3008
3023
2997
606
3031
3037
916
3012
2713
2961
3032
3007
3022
2935
3014
1163
1048
2082
3022
3028
3022
1074
3013
3025
3001
3010
2996
3021
3009
3014
3026
1982
2859
2985
2985
126
3029
2996
3000
2986
2984
2968
3043
3040
3023
3027
3005
3052
3062
2994
2980
3011
3029
2987
2927
3007
3012
2456
3039
2999
2984
3023
2954
2984
3002
2998
3020
3023
2015
3024
3035
3039
3013
3016
2961
3016
3010
3023
3027
3006
3009
2998
3013
3016
3050
3016
172
2973
2981
1694
2983
3008
3014
3032
3029
2992
3009
3003
3010
2887
2943
2957
3009
2996
3015
2996
3007
2988
3032
299
3039
3006
1519
3019
3003
3015
3010
2985
3018
3007
213
1674
3028
3024
3006
1102
3019
3031
3009
3021
3058
2991
3016
2997
3018
2485
2997
3002
3036
188
3019
3013
2981
3008
2844
3009
3024
2975
3018
2978
2975
2989
3012
3038
2995
3034
3029
2983
3033
3016
3015
3038
3014
3039
3029
2987
2992
3024
3035
3046
3012
241
3023
2996
3029
3019
2942
3010
3030
3036
2989
3024
3006
3014
3055
3017
3028
3005
3017
3016
3026
3005
3009
3016
3027
2995
3012
3036
3019
3035
3015
3040
3016
3013
3021
2994
3004
3019
3032
3028
3040
3031
3029
3042
3029
151
3045
3005
3019
3019
251
3023
2476
3022
3020
2988
3010
2981
3014
3010
3013
2550
2974
3011
3016
3026
3032
3025
3016
1219
808
3033
2997
3022
3004
3049
2988
3018
3017
2996
3026
3014
1434
3024
2820
2990
2992
3038
3009
3033
3013
2995
2988
3050
826
675
2946
3031
3026
3009
3080
3000
3041
3009
3028
2655
3024
2613
3036
3003
3021
3011
3008
2990
2999
3031
3023
2982
3027
3005
3019
3010
2999
3029
3023
1812
3011
2964
362
3019
3005
2835
3009
2999
1597
3059
3021
3043
3005
3041
3018
3032
3042
2995
3002
3018
3039
3022
3038
1860
2978
3045
3038
3020
3025
3000
2993
2876
1256
3003
3049
3051
3026
215
3017
3011
3039
953
3000
3036
2785
2999
2937
3026
300
3029
3015
3015
3005
3046
3039
3032
3006
3025
2978
3012
3006
3040
2987
3024
3022
2995
3039
3006
3011
3037
3069
763
3042
3021
3037
2996
2995
3087
3007
3050
3013
3006
3034
3019
3027
2190
3006
2990
3043
117
3044
1968
2153
2911
2990
3017
3026
3012
3034
90
3027
2985
3005
3005
3010
3040
3035
3029
3017
3006
3035
3030
3006
2985
2994
3078
3009
3008
2994
1044
3025
3034
3005
117
3002
3044
2992
2314
122
2997
3016
3026
3002
3001
3030
3026
2891
3020
3020
3020
3035
2994
3022
3077
794
3027
3032
3048
3023
1359
3013
3023
3006
3023
415
3035
3027
2992
3029
3015
3033
131
3033
3036
3016
592
3019
3012
3039
3025
2997
3024
3029
3045
2969
2872
3003
3039
3014
3031
2212
753
3022
2851
3029
3078
3003
3013
3016
2999
3021
2987
3031
2987
3024
3021
3027
3028
3017
3017
3024
3012
3006
116
3016
3007
2999
3031
3089
3043
1854
3031
2994
3015
3045
3042
3009
941
2981
3036
3014
3011
3013
3008
2967
3015
3028
2989
3011
3012
3014
3089
3001
2765
3008
3004
3032
3038
3025
3005
3023
3036
3074
2943
907
3017
2986
2033
105
3025
2284
3010
3008
3017
3024
3024
2978
3049
3027
2989
3024
3026
2938
3015
3026
3014
2998
3025
3007
3032
3013
3035
3009
3010
2979
3041
2983
3023
2954
3038
2918
2951
914
3015
1847
3018
2604
3043
3052
3045
1141
2991
3027
3027
2992
2983
2974
3039
3025
2862
3015
2993
3000
3036
2999
2995
3042
3008
2920
3023
3016
3025
104
3021
3005
2965
3057
3022
3035
2745
3025
3019
2997
3006
3013
196
3013
3043
3010
2988
3045
3043
2918
2968
3028
1792
3026
3032
3038
3024
3022
3058
3035
3015
3022
3018
3028
3004
3006
3021
3017
3037
3021
3017
2989
3040
3014
2983
3015
3037
965
3003
3030
2968
3031
3009
2897
3011
2107
3019
2961
2966
3031
3040
3048
3011
3021
3004
3037
3030
2994
3027
3005
2197
3049
3030
3013
2917
742
3006
3020
3002
2997
2957
3027
2999
2781
2908
3018
3013
3058
2995
2976
3030
3036
229
3034
3015
3020
3004
2978
3045
3009
3021
3002
3019
2637
2984
3001
2891
2991
3031
3024
3012
3026
3037
3005
425
3001
3010
3026
3015
332
2993
2993
3007
3055
278
3007
3010
3046
3033
3018
2974
3022
2996
3028
3030
3033
2971
2954
3010
3002
3051
3026
3016
3018
3020
3044
3024
3021
2983
3020
3005
3019
3019
3018
3033
3030
3036
3030
3022
3016
2971
3024
2761
3007
3038
3031
2908
401
3042
3026
2438
3013
3023
3003
3049
3060
2997
3020
3072
3011
3017
432
3004
3011
3025
2997
2961
3021
3020
3026
3037
2944
3021
3045
1097
3022
3053
2950
2931
2882
3005
2986
2985
2985
3014
3007
3024
3026
2387
2988
3000
3015
2976
3010
3030
3006
2981
2996
3010
3029
449
3041
3002
3008
3042
3035
785
3026
3024
3015
2991
3022
3051
3034
2841
3033
3003
2997
3030
3046
3013
3015
3050
2983
3035
3040
3025
3007
2893
2996
3004
3026
1269
1418
3022
3043
3042
2223
3024
3041
3041
3004
1041
1985
2976
3023
3018
3021
2993
1101
423
3043
2690
2992
3021
3037
3006
3002
3000
2748
3015
2931
3018
1903
3035
135
3010
3032
2929
2976
3016
2995
3031
2732
3010
3025
2980
3111
3040
2776
3034
3000
3084
3009
3032
3008
3020
3023
3028
962
3036
3036
3031
2976
2978
3006
1499
3045
2956
3031
3032
3025
3056
3015
2986
3011
2997
3035
3037
3021
3020
3039
1429
3027
2999
3011
3030
2999
2631
3028
3032
3035
3038
3023
3019
3010
2997
3001
701
3084
3029
2982
2857
3027
3034
3044
3017
3016
3013
3026
1013
406
3030
2963
3021
2999
3016
3026
3023
3007
3035
3062
3011
2999
2979
609
2985
3038
3039
3033
3025
3006
3021
3020
2705
3022
3020
3020
3033
1085
2238
3033
2643
3024
3024
3033
3014
2926
3011
2988
3004
3036
3017
2539
2951
3035
3028
3033
3031
3021
3060
3044
3027
3030
1300
3017
3018
3024
3028
3040
3024
2999
3041
3018
3016
2861
2979
97
2992
3035
3036
3011
2918
3010
3016
1356
3009
3028
2989
3023
3004
3033
3108
3031
3027
3010
3043
103
3014
3000
3031
2927
3022
1234
3012
3007
3037
603
3003
2984
3036
2437
3005
3029
3144
2939
3042
3042
3036
3019
2985
2995
3023
3029
3018
3011
3014
3018
3040
2971
2243
2994
2986
2964
3007
1456
2954
3003
3015
3023
3028
3006
2973
3000
3022
2978
3028
2997
3019
3029
3026
3009
3011
3012
3013
3023
3003
3001
3011
3008
3030
3049
2989
3029
3038
3083
3030
3031
2966
2998
2984
2998
2969
3051
3003
1688
3004
3027
3002
3016
2991
2977
3029
3086
3021
3038
2981
3007
3051
3021
3029
2563
3027
3035
1627
3045
3020
3011
3051
2990
2991
3041
271
3072
3038
3023
3006
3032
3018
3007
2939
2696
3025
3008
3041
3019
3114
3037
3032
3005
3004
3007
3024
2974
3011
3011
3040
2974
2928
3016
3003
3049
3005
3007
2992
3003
2962
3003
2995
3031
3047
2986
3015
2978
1306
3019
3021
3030
3094
3062
3037
2994
3042
3023
3059
3025
2831
3053
110
3026
3035
3001
2996
3019
3000
3023
2978
3023
396
3024
3015
3009
3022
2999
3044
2991
3008
3015
3027
3031
3042
2978
3001
2866
3009
3028
2831
3046
3012
2973
458
3044
2991
3013
3031
387
3017
3020
2983
2997
2948
3014
3032
1260
3028
3029
1653
1617
3003
2625
2989
3027
3025
3014
2736
312
3016
3008
3007
2989
3010
3025
2996
3026
3037
3097
3019
3007
1446
3032
3002
2359
3020
3021
3052
2346
3027
2542
3037
3047
3000
3008
3008
3013
3003
2983
3037
3011
3001
3033
3039
3014
1399
3035
2460
3024
3036
2987
3019
2983
3002
3024
2865
3032
3012
3016
2858
2962
131
3010
3013
3084
3026
2297
2882
3023
137
3025
2963
3047
2638
2991
2973
876
2952
3036
3025
3044
3028
3036
2983
3010
3020
3027
3020
256
3001
3007
2984
2992
3037
3008
3010
2941
2970
3011
3061
2899
206
2970
2989
3014
1948
154
3051
2995
3017
3025
1629
3006
3019
3033
3020
3041
2996
3024
3045
3006
3018
3007
2997
3008
217
2996
3010
969
3026
3016
3044
2941
2997
978
3021
2698
3093
2908
3047
3015
3036
687
3028
2993
2988
3042
3018
2231
3003
2999
3014
3043
1661
3042
3013
2251
2677
3029
3004
2992
3035
2342
3036
3040
3028
3017
3033
3015
3013
3045
3020
3010
2983
3024
2990
3032
2182
3033
3024
3024
3005
3009
3070
3071
2994
3065
3035
2807
954
3024
3043
3032
3031
3019
3007
3029
1775
2939
3027
3026
3046
3003
3006
3035
2987
3041
3009
3052
3012
3012
3015
3006
3059
3002
3036
3038
3046
3025
2027
3027
2983
3011
3039
2998
2774
3028
3022
3022
3013
3012
3027
3014
3023
3034
3019
3040
3022
3009
3012
3010
1407
3002
2967
2984
3027
3030
3039
3059
3017
3055
3019
3031
3036
202
3019
3030
3030
2997
3008
2008
3058
3037
3005
3026
3034
3042
3001
3031
3017
3032
3009
2992
789
3005
3028
3037
158
3020
350
3027
3011
2990
3021
3002
3008
2952
3021
3044
1479
270
2965
273
2847
3036
82
3003
3028
3004
3031
3036
3016
1723
3009
2984
3014
3001
2988
3018
3051
3036
1738
2999
3009
3018
3026
134
3047
3002
3030
3034
2745
2988
3030
3006
3032
749
2939
2998
2978
3043
3029
3023
3044
3008
3022
3017
3031
3027
3025
2371
3029
3039
2989
3011
2881
2982
2998
3034
2662
3030
3070
131
2994
3043
3005
3003
3007
3016
3001
3038
3021
3048
2773
128
3043
3019
3025
1949
3026
3038
3019
3023
3014
3029
3033
3041
2993
3013
3027
204
3029
3016
2958
3034
3035
3038
3022
3007
3012
3004
3034
3022
3024
3009
3034
3012
2391
3010
3025
3029
3025
3007
3039
1853
3003
3010
3006
2989
3013
2544
3019
3060
3054
2976
3013
2997
3010
2999
3034
1464
3037
3010
2965
2939
3025
3014
3000
3040
3036
2994
3007
2635
3007
85
3018
3023
3032
2988
3039
3025
2970
2962
3050
3042
3019
3005
3040
3003
2546
3014
2994
3028
3027
3025
3016
1303
3014
2999
3016
2991
3038
3024
3013
3009
3096
3029
3024
3004
3040
3007
3061
3002
3029
3036
3028
3051
3028
2988
2962
2989
2988
1260
3019
3036
3023
2989
2990
2988
3014
3034
3010
2983
3011
3071
3034
2990
3018
2993
2900
2975
2971
3033
3001
3011
3033
3036
3000
3043
3035
2998
3013
2987
118
3015
3013
3019
2995
2985
2981
2602
3000
2989
3037
2964
1398
185
3017
2971
3029
3022
3008
3029
3025
3039
3020
3008
3009
3041
3024
3014
3020
2550
3086
3029
3028
1083
3030
3012
3039
3020
2981
3042
3034
3015
3002
3041
3014
3030
2706
3016
3023
3019
3016
2987
3055
2993
2971
3021
2990
603
3017
3019
2973
3002
3018
3019
2967
2987
3010
3021
3011
2958
2964
3014
3013
2993
3004
3024
2329
3023
923
1938
2986
2991
2999
3014
3080
3024
2997
3022
2985
373
1913
2984
3041
3028
2364
2977
3010
3031
3012
3020
3036
3027
3014
2990
3002
3001
3056
3016
2969
3030
3024
3008
2991
3008
135
3030
3015
2969
2990
2955
3005
3042
3009
2994
1930
169
2998
3011
3028
3014
3049
3027
3010
3015
3006
2208
2964
3020
3021
3010
3010
3026
2953
863
3000
3015
414
2972
3026
1307
304
3030
655
3022
2330
2998
3009
3007
3005
3008
2980
1481
3026
3004
3025
2998
3009
2987
3041
3003
3007
3057
3031
3023
3009
3042
3040
3059
3017
2800
3018
3031
2985
3017
2462
3036
3014
3019
3074
207
2976
3030
3040
3064
1202
3018
3002
3060
3007
2993
1722
3008
3009
644
3029
3045
3004
3000
3027
3002
2967
3032
2935
3016
2981
3035
3010
309
3054
3028
916
3020
3021
3038
2348
3012
1320
3026
3031
2999
2992
3015
3001
2988
3022
3018
2980
3017
3043
3050
1199
3003
2984
3031
3002
3036
3049
3024
3022
3009
2980
3033
3021
3091
3022
1112
3023
3039
3021
488
3002
3015
2301
2593
3024
3058
2994
3026
2030
2988
2952
2936
199
3014
3018
2969
3035
3003
3025
3001
3031
2960
3022
3000
2988
2762
3048
2969
3079
2990
3006
3031
156
3025
3021
3034
3010
3062
3026
2989
3044
2984
3018
3024
2996
3034
3009
2175
3031
3029
2986
2582
3042
3036
3026
3011
3013
2999
3004
3035
2758
3039
3013
3010
3034
3006
1611
3043
3015
3021
3020
2243
2993
3018
2973
3023
3020
2979
2999
3018
2993
3017
3018
2978
3005
3028
3021
3026
3008
3025
3024
3033
3016
2859
3044
2920
3053
2996
3040
2997
3000
3034
2354
3020
3017
2996
3025
1162
3024
3026
3015
1742
2342
2947
3028
3013
3039
2990
3020
2931
1519
3008
3017
3018
3029
3069
3035
2896
3006
3018
2241
3044
3061
3012
3047
3022
3050
3019
2508
3018
3024
2838
3031
3047
3023
367
3017
3028
3010
2992
3052
2955
3016
3026
3027
3026
3009
3039
3013
3021
3037
3018
2983
3001
2177
3030
2977
3036
3037
3024
3017
3043
3024
3027
2993
3035
3001
3011
3015
2999
3033
3001
2744
3031
3016
3016
3021
2887
3041
2987
508
3028
3010
3009
3012
3003
3005
2988
3035
3020
3023
3038
2978
2995
3010
3035
3004
3009
3031
2959
2996
2991
2998
3037
3029
134
3017
3023
3018
3038
2997
3010
2881
2983
3006
3042
3015
957
2972
955
3020
2123
3046
2993
3052
3029
3016
3024
3024
3023
3006
3056
3015
3027
2984
3009
3006
3029
2982
3014
3013
448
3031
3103
3017
2989
3023
1809
3023
3041
3036
3021
2995
3017
746
3016
2993
3026
3038
3034
3012
2852
524
3008
3111
3011
3017
3026
3025
257
3000
3033
3027
3050
3000
3086
3028
2998
3003
3007
3028
3000
3022
2605
3024
2763
3025
3022
3059
3009
2954
2954
3020
3021
3031
3091
3037
3033
3061
3019
3045
2966
3023
3016
3033
2933
3006
3024
3023
3003
3028
502
3013
2965
3049
3014
3038
595
3024
3010
3020
3010
1309
2579
3016
2830
3019
3017
392
2991
3029
3023
3093
3049
3020
3025
3047
3027
3034
3014
3013
2946
3040
3027
3032
490
3022
3022
3006
3016
3013
3022
3052
3017
3052
3019
3005
2976
3101
2975
2404
3013
3045
299
3019
3024
3018
3032
2892
3019
3014
2995
3037
3043
3032
3018
3038
3017
2993
3028
3004
2981
78
3014
3030
2986
3019
1477
3015
3035
3009
3030
3031
3083
3034
270
3017
3007
3061
1439
2980
3016
3031
2988
808
3029
3029
3045
3011
3037
2978
3019
3031
2709
148
3015
2986
3043
1963
3008
2024
1258
2967
2978
3001
3055
3020
2989
3006
3039
2999
3028
3011
3032
2016
3080
3048
3002
2977
3020
3023
3025
3021
3011
1356
3035
3034
3024
873
3020
3028
3047
3021
3028
3002
3022
2993
2978
2970
2872
3011
2997
3028
3025
3014
1676
3113
141
3011
3021
3001
3013
3041
3000
3013
2993
3026
3011
3029
3009
3023
3007
2999
3001
2988
3016
3014
3006
3036
3043
408
3011
3033
2999
3048
3021
3049
2998
3028
3019
2977
2883
3047
3035
3025
3005
3019
3002
3027
2997
3022
114
3005
3029
3024
3016
3024
2994
3001
3006
1839
3013
1993
390
2907
3025
3025
3041
3047
3011
2999
3030
3018
3011
3033
3028
3010
3060
3042
3027
3021
359
2986
3002
1297
3022
3034
3011
3004
3034
734
2914
3037
2999
3009
2693
3011
2997
3014
3050
3006
3043
3014
3010
2133
3051
3020
2999
3032
2981
3022
345
3024
3032
2979
2468
3034
2954
2972
3025
3034
3005
3012
3027
3030
2573
3026
2983
827
2953
3026
2984
3028
2310
2466
2973
3009
3028
3030
3007
3023
3006
3029
2983
3038
1279
2661
2169
3019
3030
3017
823
2995
3052
3019
2968
3027
344
440
2456
3002
3015
3004
3019
2983
3021
3026
3019
209
2988
3036
3020
3032
2990
3022
3029
2953
3033
3036
3032
3034
3046
3035
3017
3038
3009
3030
2995
387
2999
3019
3024
3016
3027
2998
3001
3017
3017
3007
3012
3087
3038
2990
3004
3078
3049
3017
2992
3001
3036
3022
3025
3011
2094
2996
3011
2582
3049
3023
3036
3007
2075
3029
3010
2634
3026
3030
3017
3033
1785
2978
3033
3040
2407
3025
3005
2264
3001
2993
2929
3025
2988
2997
2997
2897
3016
3009
3014
2967
3010
798
3007
3008
3003
3024
3024
2941
3041
3003
3010
3034
3007
3018
2446
2983
3004
2943
3045
3005
3024
761
2982
2992
3014
3026
3030
3013
2994
3042
3108
2945
2139
3013
3004
3004
3016
2980
2994
2058
3007
3009
2659
3016
3017
3117
3016
3049
795
110
841
3007
3035
2998
3042
3030
2992
3003
2471
3018
2997
3012
2984
3007
3028
2917
3016
2851
1231
2995
3027
3003
3016
3020
3031
2946
2507
462
3055
2954
3009
3032
3034
3015
3035
3018
3014
145
3004
3024
3018
3025
3013
1876
3022
3019
2907
3049
3073
3006
3058
3045
2995
3039
3029
3019
3038
3042
2811
1473
3023
3031
3008
2988
1614
3021
493
3054
231
3024
3012
3022
575
3020
3033
3038
3018
3029
2961
3011
2974
3021
2992
1587
288
3025
3004
2996
3021
2899
3016
2994
3020
2981
2991
3023
3021
3008
1916
3002
3007
3021
3019
3028
2994
2975
2989
3032
3025
3024
3000
3016
3025
3014
3029
1644
3001
3042
3017
332
2999
3040
3013
3015
3006
3027
1129
3029
2981
3032
3020
3000
3017
3038
3013
3034
2947
3007
2395
2976
3039
3000
2996
3023
3023
3014
2917
3014
3015
3038
2998
2999
336
3014
3019
3034
3024
2976
2920
3037
3023
3021
3043
3059
2982
3031
3030
1946
3051
3023
2989
3023
3039
2969
3030
3040
2999
2953
1587
3030
214
3020
526
3003
3032
3000
3003
2980
3019
1149
536
3017
2991
3041
3048
3031
2987
3000
3032
2820
3023
3008
1265
3034
3000
3009
610
2799
2007
3051
3031
3025
3013
2846
3011
2988
3016
2993
2981
2986
2998
3006
2997
3029
3044
2867
2979
438
3017
2994
2151
3013
2998
3008
2970
1446
3007
2987
2977
3016
965
3023
3026
3012
2912
3019
2973
2974
2984
3021
3013
3013
3024
2967
3012
3011
3010
234
2018
3031
777
2625
3042
3041
2991
3056
3015
1307
3007
2978
2963
3042
3025
3019
3001
3031
2981
3017
3025
3016
2983
3040
3037
2998
2951
2999
3034
2998
2988
522
3037
3007
3012
3006
3035
3012
2148
3015
3013
2590
3038
3012
3009
2991
3016
3025
3042
3003
253
3011
2982
3014
2985
2994
2983
3017
103
3007
3006
2994
3038
3021
3021
2982
3012
3012
3003
2266
1551
2965
3020
3094
2994
3017
3015
2939
3025
3031
3009
3038
3107
3036
3035
3024
2982
2994
3029
3023
3006
3045
3013
2984
3029
3024
3003
3053
2990
3032
2620
3006
2995
3015
3030
3007
145
236
2980
3004
3025
3009
2971
3004
3029
3071
2999
2934
2991
3005
3016
3014
3018
3009
3013
2998
3011
2994
3054
3004
3027
3003
3019
3004
2828
2995
3056
3020
2991
1427
88
3035
3019
2995
3011
3026
3026
2974
3007
3021
3031
2257
3043
1683
2024
2995
1760
3015
3029
3000
2201
3039
2985
3023
3012
3039
3009
3059
3028
3022
3036
3027
3028
2920
3037
2968
2996
2993
3031
3023
3051
3019
3012
2970
3051
2957
2994
3025
3014
2983
3049
3036
3013
3036
274
3029
3044
3008
3027
3021
3013
3015
3033
2526
2521
3017
3005
3017
3026
2911
3048
3013
2995
1806
3014
3016
3002
2997
3046
2397
2993
3026
2718
3034
2867
3050
3015
3027
2997
2985
3014
3036
3026
3011
2997
2297
3041
2995
3023
3017
2254
3038
2989
3026
3023
3045
3037
3039
3025
2990
2988
2996
3046
2983
2996
3010
3021
3003
163
3004
3007
3011
3018
3041
3013
2959
3007
3013
2998
3044
3019
3015
2999
3032
3036
3103
3034
2994
3057
3031
909
2904
3024
2979
3009
3076
2968
3016
3008
3048
3022
3020
3027
3030
2985
2367
3018
3039
2984
3035
3026
3030
3044
3036
3020
2921
3038
2982
3011
3052
3034
3031
3006
3033
2990
3008
3036
2026
3017
3020
2054
3008
3037
3031
3030
2985
3021
3009
3053
3022
3007
3101
2454
2970
3006
3030
3034
2994
3025
2975
3019
3036
3015
3035
3011
3010
3036
3004
3041
3028
3026
3053
2978
3028
2974
3031
130
3022
412
2998
2983
2968
2987
3012
3047
3034
2991
2982
3017
2993
3006
3055
3029
3027
3015
3005
3004
3112
3025
3028
3020
3025
3000
3003
2995
3009
3006
2979
3028
3005
3031
3045
2477
2975
3019
3077
2989
1363
3017
3037
3003
3011
3040
3017
3032
1788
3019
536
126
3003
2994
3007
2987
3032
3012
2993
2997
3029
3007
3028
3024
3008
3023
3057
2709
3029
2999
3017
3031
2986
2149
3038
3024
2994
3033
3023
3010
3026
3006
2406
3010
3014
3012
1482
3003
3028
3029
3049
3065
3089
1505
94
2997
3003
2991
3025
3020
1229
3004
3005
3080
3036
2978
3035
3030
2974
2912
3012
3030
2977
3016
3013
3031
3063
3001
3013
3020
3027
3033
3007
3008
3018
3008
3052
3027
3005
3013
2998
2995
3039
3035
2932
3020
3042
2960
3038
3030
3015
2966
3015
3004
3041
3047
3010
3020
2979
1434
3006
3027
2982
2977
3020
3024
2998
2860
3007
3033
2968
3001
3045
2975
2978
3032
3017
3022
957
2256
3009
3028
3027
3018
3023
3004
3014
3126
2998
3024
3009
3024
3002
3019
3021
3014
2974
3007
2511
3019
3010
2999
3021
3033
3017
3019
3040
2780
3032
3006
3004
339
3004
3029
2992
3043
3012
3000
3014
2702
1380
2979
2993
3026
3007
3013
3004
3008
3029
2985
3035
3031
3000
3009
3042
3051
3013
2603
3038
2948
2971
2984
3046
3010
2901
3045
3024
3021
3024
3013
3008
3024
3031
3017
3012
2447
1863
3001
1825
180
3031
2948
3023
2998
3039
2709
3050
3007
2962
2972
3005
3019
2972
3017
1642
3039
3030
3038
2993
3039
3026
3029
477
2995
3046
3035
2975
3020
3034
1817
2964
555
3014
3040
3016
2862
3029
3037
3004
3013
3020
3025
2989
2961
2931
3042
3044
3011
1988
3001
3004
3035
2982
3018
2986
3024
3020
2987
2988
2999
2335
3031
3024
3020
1487
3019
3024
3026
3048
3046
3033
2973
2972
540
2999
3018
3016
3019
3025
2997
1568
1036
995
3003
3041
3011
3043
2809
3055
105
3067
2984
3003
3024
2997
3017
2987
2332
3005
2963
2998
3018
3016
3016
880
3017
2659
2989
2992
3033
3010
3036
3018
3018
3066
3025
3010
3049
2574
358
3064
2992
3007
3036
3037
2981
3020
3031
2787
609
3065
3016
3000
1428
3015
3002
3014
2967
3011
3014
3016
2941
3059
3025
2473
2970
3014
3024
3113
3097
3018
3032
3031
3014
2465
3015
3012
180
3040
3004
1989
3023
3010
3019
3038
3003
3009
2802
3034
3010
2993
3029
3010
3023
291
3014
3005
2993
3017
3011
2999
3008
2986
2998
1771
3047
2976
3010
3028
3015
3016
333
2651
3017
2215
3041
2982
3022
3028
2346
3012
2969
3015
3038
3023
2994
3019
1751
3018
2867
3109
2996
3048
3015
3020
2984
2255
121
3006
1723
3024
2999
3051
3025
3000
3016
1819
3022
3076
3023
3048
948
2980
3009
1480
3009
2986
3018
3021
2976
3039
3010
604
3025
3019
3002
3026
3002
3005
3006
3013
2897
3029
2980
3029
3018
3006
3039
3009
2870
3003
866
2999
2996
3052
3041
2994
2931
3024
3030
3022
3011
3034
3009
2997
2960
2988
3020
3016
3016
3023
3047
3019
3025
3001
1734
3027
3024
3003
3019
3012
3022
3033
3005
2988
3038
3058
3019
2995
2968
3017
3029
3042
3053
1156
2986
3043
3032
2992
2948
3010
3021
3013
3019
2944
3004
2997
3015
3025
3038
2986
774
3024
2999
3021
3011
3011
2949
2992
2964
3011
2994
3031
3019
2298
3009
3004
3025
3008
3014
3016
3031
3034
1288
3027
3021
610
2054
565
3043
3008
3088
2478
3031
3027
3024
3026
3025
2966
2973
1650
3017
3023
3021
3018
3023
3003
3025
3017
1109
78
3025
3014
3025
3019
3014
2938
3015
3040
3035
3035
2988
2949
3010
3032
3027
2975
3016
3014
2976
994
3035
3031
3017
2999
3036
2998
3032
2963
2589
2808
307
266
3018
3015
2966
3035
3005
3020
3017
385
2971
3005
3015
2995
2977
2993
3028
2948
2951
3029
3008
3042
3027
3015
3020
3010
3000
3015
3003
2994
3010
3025
3011
3028
3018
3022
188
3023
3018
2138
2998
3020
3035
2991
3010
3028
3035
3019
3004
3009
3040
3030
2970
3058
3033
2977
3020
3052
3020
2991
3032
253
3002
2975
3023
2992
338
3031
2998
3018
2982
2503
3028
3026
270
2997
3025
3053
3003
2979
3034
3048
3044
3020
3003
3025
3033
2999
3040
3012
2668
3027
3042
2992
2931
3025
3043
3022
3042
2988
3006
3001
3026
3016
620
2965
3015
2996
2464
2975
3011
3014
2565
3036
3021
2937
3014
3007
3022
877
3046
3030
2993
3021
3034
1617
2999
2221
3013
3061
1626
3026
3053
3032
3047
3010
3010
3010
3002
3027
3000
3015
3023
3034
3035
3038
3028
3025
3023
651
3001
3016
2994
2990
3007
3009
3022
3023
3030
3022
3052
3010
3021
1690
114
3054
3042
3033
3029
3020
2254
3028
3039
3040
2997
3023
3027
3001
3023
3013
3016
3017
2951
3019
3034
2991
2986
3024
3012
3012
2992
3018
2585
2997
3033
3010
3030
3005
2772
3018
3003
3008
2959
3041
2671
3034
3030
3032
2992
3026
3002
2963
3025
3018
3022
3012
488
2998
86
3010
3027
1670
3013
3006
3028
3030
2997
3015
3028
746
3030
3001
1146
3021
2816
2899
2417
3011
2995
3010
2982
1687
769
3036
3058
3035
3032
3011
3010
3082
1153
2962
1226
3019
3027
3016
2957
3003
3015
3022
3026
2994
3013
3013
222
3036
2068
3032
3015
3018
2996
2955
3045
2903
3013
3008
349
2998
3031
3022
2949
3021
3003
2977
3001
2994
3021
3053
3032
3029
2719
430
3006
2972
2833
2999
1288
2984
3013
2331
3030
3014
2960
2967
3021
2755
3027
3030
3041
3011
3010
3006
3032
594
3017
2958
2999
2996
975
3061
2819
3010
3024
3009
3004
3013
3012
3035
3016
3017
3045
3029
3025
2957
3023
3012
416
2695
3014
270
3064
3021
2971
3024
3026
1922
2539
3001
3046
3011
3016
3042
3022
3018
3031
2956
2957
2970
3007
3042
3032
3018
3027
3027
3008
3033
3015
3089
3012
252
3006
3015
2367
3004
3013
3012
1407
2027
3033
3043
3033
412
2906
2994
3049
2390
3011
3011
3011
2764
3010
3006
2927
2981
2977
3031
3011
441
3020
3047
3044
3007
582
3030
3052
3028
2812
3067
3032
3019
3018
3042
3082
3010
3012
3029
2985
3002
3003
3018
3034
1233
3035
3012
2950
3001
3024
3043
2501
3023
3033
3019
399
3034
3026
2518
2983
2998
2987
2959
3033
2973
3025
3088
3049
3013
2993
467
2957
1842
3036
141
2991
3009
3008
3032
2998
3031
3030
2938
3023
3009
3030
3013
2850
924
3027
3010
3000
3018
3087
3024
3007
2962
3055
3018
3006
3008
3030
3019
3010
687
3023
2968
593
248
3026
3016
2985
3035
3020
2295
3032
2987
3033
2269
3028
3011
3021
2997
3024
3001
3010
3000
2919
3037
3036
3032
3012
3019
3042
3025
3058
3002
3030
3022
3044
2857
3044
3018
2525
3027
2645
2994
2136
214
3014
235
2975
3010
2990
3039
3027
3027
3034
3037
3012
3030
3026
3026
3031
3013
3047
3028
291
3007
3012
3024
3011
2449
2916
3028
3032
3018
2958
3009
3021
3007
3003
3017
3014
3019
3042
3048
2974
2998
3017
3028
3028
3028
190
2992
2631
3013
3012
2985
3030
3015
1052
2972
2979
2971
3036
3043
3016
3020
2988
2979
3019
3021
3030
3031
2383
3021
3019
3012
810
3032
3031
3030
3002
2252
2988
2994
3017
2994
3043
3008
174
2970
2989
3007
2979
2986
3028
3011
3030
3028
3024
3026
3098
2990
3056
3003
3042
3033
2978
3024
2943
3025
3015
3026
2816
3036
3028
3043
2878
3018
2989
3046
2996
3012
3014
3041
2970
3031
3053
3025
3030
3022
2990
1967
2011
3028
3028
3084
2654
2986
3008
2244
2978
2983
2920
2488
2986
1084
3014
3014
595
3014
3031
2483
2974
3009
3043
3035
3021
456
1607
3017
2972
2072
3002
3003
2887
3027
3018
2994
2993
2990
3034
3027
3033
3030
2759
3022
2998
3029
3046
2917
3026
2997
2998
2993
3008
3013
3058
3034
3027
3028
3045
3025
3021
2989
2994
3010
2995
3003
2998
3025
3009
2981
3019
2997
3024
1991
1001
2974
3011
3009
2996
2996
3031
2947
105
3007
2909
2154
3041
3025
2999
3037
3034
3012
3000
3002
1027
3009
3027
2982
3028
2918
3030
3003
2999
3037
2351
2881
3014
3026
3004
2979
3007
3031
3019
3024
3032
3082
3047
3015
2982
2996
3031
432
2994
2897
3026
1222
2051
2997
3020
2949
3029
3026
3044
2994
3028
3026
3020
2987
3013
3026
3023
2970
3000
3022
3006
3022
3014
3020
2991
3041
260
3004
1034
3026
2983
2973
3005
3009
2989
3006
3076
2994
2918
3033
2981
3028
3035
3003
2996
3031
3011
3005
3081
3029
3016
3048
1548
2558
2966
2996
3004
3031
1209
3027
3017
3025
3024
3025
3024
2997
3028
3038
2992
3035
3002
3022
3039
3003
2988
3026
3041
2921
3011
3018
2798
3024
2979
3023
3020
3009
3018
3018
3006
3008
1225
3022
2958
3021
3016
874
2722
3020
2995
3031
2984
2977
3016
443
3018
3015
3028
3060
3004
2126
110
3014
2987
3005
3006
3018
3016
3005
2971
3016
3009
3031
3023
3098
2926
2941
3034
3013
3020
2912
3032
3018
2961
978
3016
870
3026
3037
3009
3021
2991
2969
3034
3019
3034
3024
3013
3025
3023
3049
2946
3018
2999
2984
3003
3014
295
2986
3027
3024
3025
3011
3019
3039
2978
3005
3040
2968
3047
3018
3023
3026
3028
3024
3003
3091
3014
3047
2974
3032
3037
3006
411
3014
3023
3005
3021
169
3032
950
3023
2968
3035
2946
3057
3024
3008
3041
1043
3030
3010
1181
2765
3001
2995
3053
3031
3001
3032
3012
3031
3028
3001
3029
2983
3018
2422
2999
3018
2275
2954
3015
3009
2968
3015
3004
3038
3034
3000
3030
773
3019
3038
3033
92
726
254
3039
3010
3013
3029
2985
3011
890
3022
3018
2976
3015
3007
3019
3007
3009
2983
3047
3019
3002
3008
3020
2983
2971
3018
1329
3009
3027
2983
3019
3024
3044
3022
3016
2976
3009
3003
3009
2863
3023
2976
2951
3006
3039
698
3024
3027
3020
3028
3028
3022
2972
3034
3009
3028
3007
3030
3024
3029
3033
3035
3034
3033
3014
2943
3038
271
3018
3024
3052
3040
2992
3020
3017
2512
3042
2969
2984
3029
3050
3017
3002
2994
3021
3002
2981
3012
3031
2383
2232
2419
2345
3017
3052
3040
2109
3035
3010
3084
2960
3023
2977
3028
2999
3034
3015
3006
3048
3027
3037
3029
3021
3012
3001
2999
3022
2242
3014
3014
3025
3014
3023
3020
3030
3003
216
2998
3081
2952
3024
3017
3028
3028
3006
3032
3019
139
2988
2988
2993
2989
3024
3005
3021
3054
3003
2989
2303
3017
3014
3007
2989
3009
3001
3015
2996
3012
3016
3027
3007
3028
3018
3028
2999
2986
2673
3039
3025
2968
3018
2997
3039
3007
3037
3034
1545
753
3001
3035
3039
1982
3019
2992
3013
2999
3063
2997
2968
3036
3021
2962
3035
2973
3005
2963
1165
2983
2159
2927
2994
3013
3032
3009
3009
2988
3017
3014
3034
2116
2997
1534
3022
2989
3016
3013
2998
3026
3020
3014
2999
2994
3009
3025
165
3001
2983
2690
2981
3056
881
3032
2765
3003
3002
2804
3017
1749
3001
3000
436
3029
3022
3031
3059
3050
3042
3046
1046
3017
3005
3022
2994
3037
3020
3015
3011
3002
3031
3018
2993
3034
3041
3026
143
3044
2985
1179
3015
2978
3007
185
2992
3043
2996
3035
3035
3016
3029
3007
3020
3025
3026
906
3098
556
3006
2984
3015
3020
3024
3008
3081
124
3000
3032
3025
3024
3023
2523
3047
3012
3024
2990
3022
3036
2983
3025
3009
3030
3031
2960
1757
2997
3027
2960
3031
2997
3027
2970
86
3016
3007
3048
3002
3027
3013
2979
3019
1411
2895
3019
3028
3023
3020
3036
3022
2996
2989
3028
2134
3021
3037
3029
3022
2995
3001
3000
3001
3110
3022
3023
3009
2994
2628
3027
3037
3025
3025
3021
3013
3004
3018
161
3037
3021
2997
3001
1982
3019
3026
3001
3011
3013
3010
3031
3023
2995
3035
3005
3022
2977
3000
885
2944
3026
3025
3004
2990
3003
3035
2974
1708
2964
3013
1994
3002
3020
3009
3022
3036
3013
3007
3009
3026
3033
3047
2979
3004
3009
3017
3018
3044
3041
2990
3017
863
2716
2254
3001
3007
3032
3046
3019
3013
