3028
3041
3058
3044
3066
2992
2969
3033
3022
2974
2997
3013
132
3006
3035
2969
2987
2995
2985
3003
3003
2973
3022
2932
3012
3033
3012
2705
3038
3018
3004
3019
3029
3011
3009
2999
630
3033
3033
2965
3029
3006
2996
3057
2986
3005
3035
3027
3003
412
3022
3092
3034
3023
3001
3049
2993
3015
3009
3015
3015
3000
3004
3012
3004
2139
3050
1660
3025
3018
3025
3040
3002
891
2999
3007
3044
2985
3036
2355
2496
2326
1073
3021
3035
2990
649
3013
3033
3023
3033
3004
3016
3023
3030
3035
3044
3019
3010
3074
3021
3027
3038
2998
3002
3093
3028
2985
2993
2994
3037
3023
3001
2439
2559
3019
3021
2848
2976
3021
3007
3001
3041
3015
3009
421
3017
3037
2983
3043
643
3021
2945
3034
3024
3025
2951
2864
3022
3035
3040
3019
2112
3047
3007
3018
3037
3031
3033
2998
3013
3017
2448
2992
3026
3003
3005
3032
3049
3042
3014
3011
1589
2999
2995
1826
3025
3014
2196
3029
2962
2967
2961
2986
3025
3019
3044
3019
752
3004
2974
3025
3014
3000
3033
2986
2967
2644
3010
2925
3012
3015
2955
2989
3017
2993
2831
2958
3019
2822
2986
3027
3044
3033
3025
3015
3037
3001
2969
3038
2998
3003
2990
3036
2740
2998
2248
3055
3010
3019
3027
2885
3010
3014
3047
3006
3004
3013
2921
2968
3018
2998
737
3051
3019
3025
1691
3006
2996
3040
3004
3015
2999
3032
3029
3023
3043
3035
2991
3009
3034
3043
2979
761
2999
2490
3043
3037
3005
2948
3036
3037
2990
3039
3030
3011
1411
3016
3024
197
3002
3002
3060
2982
3039
3025
3029
3004
2978
3017
3032
3002
3076
3024
3025
3014
2992
2051
3036
2998
3036
833
3032
3017
3019
2974
3099
3019
3066
3020
3037
3023
3019
3019
2983
3026
3026
2567
3000
2957
2982
3043
3015
1502
3011
3037
704
3035
3025
3068
2997
1054
3006
3033
2397
3027
3044
3007
3030
3051
3035
3006
3048
775
3039
3028
3027
3047
3035
2998
3016
3016
3018
3019
3013
3000
2992
2930
2977
3023
694
3016
3014
1538
3010
152
3007
930
2472
3046
2346
3027
3031
2988
2950
3012
3016
3019
3034
3007
3021
3116
3058
3028
2949
3014
3000
2994
3007
3018
3004
3041
3059
3015
3036
3010
3013
3034
2985
3008
2941
2994
3106
3063
3038
1814
3025
3013
3027
3000
276
3034
2985
3004
3043
3008
3073
3034
3039
3013
2986
3015
3029
3008
3001
2994
3038
3030
413
3067
3015
2985
3019
3034
425
3045
3072
3009
3011
661
3014
3031
3028
3034
2978
3037
3036
3077
3001
3092
2985
726
3000
2315
3022
3000
3000
2990
3020
2970
1774
3041
3033
3044
3019
3018
2955
2662
3032
3029
3041
3004
3042
3002
3011
3005
3027
1052
3036
3038
3004
3000
2997
3024
1810
3030
2991
2990
3016
3089
3032
2973
2642
3023
2973
2992
3043
3017
3005
3007
3013
3042
725
2841
3028
2990
3028
3021
3014
2221
3015
2992
3039
776
1860
3023
3033
2963
2423
1098
2738
3037
2999
2983
3009
2982
3039
2993
3014
3117
3023
3102
398
3045
2971
2989
3030
260
3037
3024
3010
3017
2994
3022
2977
3011
2988
3041
3025
3033
2999
3007
3075
3043
3018
2462
484
2986
3027
3006
3056
3002
2983
3011
3025
3038
434
1948
2993
196
3037
3115
3029
3029
3026
3005
3000
3019
2981
2981
2963
3018
3028
2934
3000
3033
3010
3020
3015
3051
256
3055
2702
3013
3041
3051
3012
3008
3032
3005
2936
3009
3031
3036
3021
3051
3020
2981
3039
3015
2975
3032
3029
3024
3004
2997
2973
1727
3027
2992
3024
1890
2172
3034
2994
3048
3010
3022
2998
3020
3015
603
3019
2991
2997
2972
3041
2998
3036
507
2986
521
3053
3008
1675
3095
3011
261
3009
3049
2981
2813
3001
3021
2998
3065
3002
3021
3056
2915
2884
3026
3002
3052
2998
2504
3027
2979
3017
3020
3018
2968
3008
3025
3008
3029
2829
3043
3018
2994
2988
2949
1012
3009
2995
2951
3003
3005
3002
3014
3002
3013
3025
3048
3030
2578
3022
3032
3019
1191
3032
2888
3015
3036
3008
287
3000
3032
2027
3090
3025
3007
3056
3006
3010
3020
3002
3013
3023
922
3014
3048
3028
3042
2977
3064
3074
2983
3001
2982
3024
2914
3034
3042
2168
3067
149
3030
3042
3022
3017
3000
1986
3003
3036
3003
2996
3022
3027
2995
3016
3023
3055
3042
398
3021
2826
3015
3026
3043
2994
3024
2954
465
3001
3019
3019
3023
2983
1558
3020
2651
3013
3011
3023
3013
3054
3019
3105
3046
3040
3008
2994
3037
3035
2994
3003
3005
3037
468
3023
2992
2988
3011
3010
3019
3007
3020
2983
3010
3010
3050
3002
3048
371
3029
2988
2965
2895
3023
304
3017
3044
2981
2993
3030
3006
2986
3022
2877
2988
3038
2993
2985
2707
3035
3007
3036
3002
1997
2981
2979
3017
3032
3068
1825
2004
2901
3008
3050
2111
3019
3043
3030
3006
2999
3026
1356
3049
3022
3033
2998
358
3031
3038
2938
3006
3010
3021
2991
2945
2951
3003
3054
3000
3019
2329
2999
3034
3042
3035
2974
2973
1186
3042
2982
3049
3011
2992
3009
3030
3031
2971
3030
3059
3029
3035
2981
3001
2946
3006
3038
3006
3019
365
3012
3048
3003
3057
3042
2962
928
3003
3045
3029
2994
2978
3044
3036
2989
2993
3008
3058
2989
3044
3033
3016
2073
1625
3050
3038
548
2989
1968
3029
3034
3015
204
3023
3005
3053
3027
3024
2923
3022
3028
2993
3000
3017
3018
3025
3016
3055
3015
2994
3066
2392
2300
3025
3012
2997
3023
1168
3040
3018
959
3007
3006
3018
3013
2972
3005
3008
3034
2991
3062
2970
3013
3037
3021
3024
3025
3015
3020
3047
3021
885
1022
3012
3032
2781
1155
2996
647
3049
2495
3049
2987
3019
3036
3026
421
3005
3034
3007
2662
3026
3026
3023
3006
3003
3086
3026
3015
3004
3003
3031
3001
3025
2996
3030
3036
2972
3022
2986
3007
3024
2953
3019
3046
3020
2997
2992
3032
3006
3014
3051
3027
2301
3009
2991
308
3037
3013
3055
3027
2996
3036
952
3034
3009
3001
3007
380
487
1487
1913
1264
1123
3029
2768
3031
3037
3036
3019
3045
3043
3000
2877
2827
3038
3036
3017
1238
3028
2999
3020
2990
3021
2960
3032
2999
3004
2494
3018
3010
3020
1772
3028
3020
3003
2992
3000
3040
3020
2926
3034
3017
3020
3015
3034
3024
2996
2993
3003
3030
3061
300
3026
2971
3017
2668
3000
3012
3020
2998
3047
3017
3004
3028
3023
3021
2993
3015
3041
3021
3020
3097
3056
3047
3005
3039
3041
2961
3023
3057
2925
3035
3029
3030
3039
3026
2990
3026
3016
3036
3025
3005
3037
3004
3002
2706
3011
2809
423
3014
3045
3044
3019
2814
3033
3004
2041
3035
2577
3025
3012
3038
3003
3017
2245
2969
3021
3005
3035
3012
2984
3015
3045
3023
3012
3023
3003
3004
197
3034
3005
3011
3031
2893
3013
2690
2814
2996
3063
2981
3014
3034
1733
2993
3004
2968
3008
3021
3065
3025
3043
3023
3008
3040
3035
2727
3022
3008
2982
3034
3039
3029
3018
3034
3021
3007
2995
2936
3052
2925
3011
3022
3034
3032
3018
3027
3019
3006
2988
3014
3000
3053
2804
3036
3006
3016
3028
3025
3087
3014
3008
3017
357
2981
3009
2994
3030
3038
3007
2038
3008
3103
3021
539
3035
3052
2997
3028
3038
2998
3016
3047
3025
3033
3030
953
3000
2913
3014
3010
3005
3024
3008
3013
2998
2995
3030
3062
3005
3049
2534
3026
3025
3042
2997
2837
3028
2999
3007
2663
1266
3038
2970
3040
3008
3008
3036
3019
3005
3007
3008
2981
2974
3029
2986
3027
2998
3009
2995
250
3024
3010
3022
3036
3026
3022
3020
3035
3040
2951
3023
3029
2972
3019
2949
3041
3034
3012
3001
3035
2995
3047
3018
3020
2996
3009
2995
3023
2974
2985
3033
2887
3032
3018
2997
3032
3043
2971
3031
2931
2984
2899
3006
3049
3014
2952
3015
3016
373
3017
2978
1733
3014
2998
1144
3027
2915
1591
3028
3017
2988
2997
3053
2967
3039
2949
3012
3005
3035
3053
3017
2974
3015
3002
2964
3009
3016
3032
3012
3008
3030
3045
3022
171
3057
1692
2958
3020
3007
2088
2489
3019
2692
2960
3029
3038
3042
3055
3011
2968
1131
2112
3031
3022
1848
3014
3024
3011
3010
3024
2022
3013
1064
3039
2995
3004
3018
3003
2983
3009
1860
3008
2805
3046
3059
2293
3041
3021
2933
3028
3011
2957
3021
2983
3026
658
869
2994
3007
3023
3017
3016
3005
3017
2956
3046
3035
3027
2985
3034
2995
3024
3010
2953
3017
3022
3014
2994
3019
3002
3018
2214
2940
2981
3004
3039
2967
642
3011
2827
3003
2996
2947
3024
2870
3038
2986
1629
3015
3030
2633
1126
2982
2986
3022
3040
3125
2966
3019
3001
3046
2965
2978
3016
3063
2992
892
3058
3044
2986
2010
3023
3062
3019
2984
3029
2999
3024
2972
3054
3016
3000
1096
3015
269
3041
3018
2978
2934
2993
2957
960
3043
2236
3000
3038
2964
3006
2989
3027
2998
3002
3027
2315
1730
2975
3011
3031
3007
714
2973
3044
3013
2952
3014
3020
3032
3036
3041
3030
3013
3042
3035
2986
2922
3045
3043
2931
2937
2996
3003
3042
2985
2658
3018
3020
2052
3023
2997
2979
2995
3022
3039
3015
130
3053
3039
3027
3000
3022
2962
3002
2978
3020
2984
2989
3045
3001
3034
3000
1770
3019
3023
2969
3022
3026
3007
816
3026
165
2998
3052
3006
3042
3036
3023
3038
2817
3020
3006
3016
2073
2992
3014
3026
2972
3029
281
3043
3017
3012
3009
3042
3019
2968
3008
3012
2971
3031
2984
3063
2925
3009
2895
2434
3024
3055
2982
2965
2996
3027
3014
2558
3009
2990
2979
3051
2348
3016
2994
3001
3057
2678
3033
3018
3003
2989
3019
3004
2933
3055
3045
3047
2978
2998
3047
3015
3021
3015
3040
3080
3003
3041
3004
3069
2969
3017
3014
2981
2960
3004
3007
3015
263
2966
3006
2957
2991
3089
3022
2980
3026
2996
2953
3049
2980
2976
3005
3018
3021
3036
3035
2971
2931
3060
3022
3011
3004
2991
3020
2015
3004
3067
3016
141
3025
2964
2998
3027
3048
1178
3033
3007
3050
2999
3067
3004
3072
622
3038
2993
3004
3005
3025
3052
3029
2704
2995
3029
3048
2933
3025
3028
3029
3013
3025
2995
520
3026
2998
3020
3001
2944
2984
3001
3044
2960
3000
221
3027
3027
3050
3023
3048
3022
3043
3019
3032
3046
3064
3005
831
2999
3020
3027
3020
3030
2987
3023
3028
3022
3039
3017
3008
2516
3007
2996
2973
138
2997
3016
715
3022
3020
366
3048
3027
3001
3035
2998
3023
3033
3013
2989
2982
3021
3013
3093
551
2952
3019
3027
3028
2984
2992
3042
3033
3002
3036
3042
3017
3006
3009
494
3017
3035
3036
3009
3009
3011
2998
3046
3038
3033
3020
2992
3011
2999
3033
2998
447
3010
2996
2997
2979
3033
2978
3026
2984
2951
2999
1291
3003
3046
2985
3028
3041
3014
3042
3040
2993
3023
811
720
3028
3041
3004
3003
3022
3017
1447
3036
3048
3027
2962
3031
2978
3038
2973
3026
3005
3006
3043
3013
2964
470
2938
2991
2965
3021
3037
2983
2965
3033
2988
3041
2991
3027
3011
3016
3018
2990
3020
2984
3006
3003
3005
3038
3010
2286
2996
3007
3018
3031
3036
3038
3015
3013
3025
3014
3036
3009
3014
3023
3053
3010
3041
3012
3046
3022
2930
3044
2924
2974
2929
3011
3052
3042
3049
1886
3037
3006
2947
2953
3037
3001
3029
3047
3017
3004
2999
168
247
2995
3033
3009
3022
3037
3007
2681
3018
3029
2990
269
3014
931
752
3038
2907
3037
3027
3015
3042
3025
2951
3022
3043
3018
2974
3009
3017
3013
3010
3020
3004
3014
3025
3026
2541
1811
3005
3018
2981
3035
3023
1780
3039
3040
2831
3020
3020
3064
3007
745
3006
3022
3032
3046
3010
2998
3035
3050
2963
3087
3039
3026
3018
2989
1735
2497
3050
3008
3027
3039
3046
3010
2977
3015
2733
3002
2138
667
3010
3013
3029
2997
3027
3020
3050
3031
410
3034
3012
3027
3017
3026
3014
3017
2982
2977
1440
2957
2998
2974
3030
3023
3024
3019
3058
1911
3005
3036
3002
2992
3005
2979
3014
3016
2971
3002
1380
2972
2988
3031
3012
2959
2930
2946
3015
3041
3018
2836
2774
3004
2911
3032
2998
3035
3038
3046
3023
2993
2494
3025
3024
3012
3002
3035
3016
3006
3013
3009
3023
3035
3004
3005
3010
2949
2248
3029
2985
3014
3035
2992
2989
3040
3008
3013
3005
3015
2977
274
3041
593
2982
2982
3003
3018
3029
3029
3049
2991
2975
2840
3046
3009
3011
2998
3006
2987
3033
3039
3051
184
2996
3015
3032
3027
3015
3018
3039
2990
3004
2991
1825
3026
3029
3029
2792
3010
2660
2993
3020
3013
2996
3003
2996
2994
2966
3028
3025
2997
3032
3014
2989
3023
3012
3037
3030
3023
3037
3025
3022
3031
3027
3015
2981
2998
3024
3045
2072
239
3028
3016
3039
3029
3036
3015
3000
3030
3019
3019
3011
3013
3056
2979
3037
2988
2997
3027
2996
2707
2936
3037
3026
3000
2987
249
3029
3030
1345
3011
3008
3042
2976
2995
3010
3047
3019
3018
3015
3035
3015
3006
2865
3009
2995
3007
2958
3030
2910
3023
3059
2976
3020
3008
1904
793
3014
3024
3008
3080
590
2959
3020
3016
2895
3038
3044
3042
459
3020
2998
3029
3042
2407
3065
2994
2983
3035
2631
3020
3040
3038
3008
3010
3088
3022
2714
3025
2990
2998
2954
3026
3025
3043
3012
2727
3011
2985
3019
3014
3008
1131
3019
2994
3037
3024
2982
3016
3054
3032
3006
3003
3026
403
2994
3009
3015
3000
2999
3005
3033
3004
3027
1497
2999
3030
3022
2900
3012
291
3040
2713
2828
3027
3019
3009
3019
3010
3011
3030
3019
2991
2992
3077
3000
2845
2943
3040
3006
2958
2991
3033
3000
3007
3038
2961
3013
3026
3057
3054
2998
3030
3033
3019
3030
2999
2076
3033
3018
3050
139
3051
3011
3009
3042
3035
3036
2319
3040
3004
1343
3007
3038
329
132
3026
3046
2928
3064
2639
3004
3014
3008
3004
2998
3038
2973
3007
3013
3028
3013
3039
2995
3036
1800
3049
3018
3016
3047
3019
2981
1946
3027
3023
3024
3018
2358
2979
3011
638
3005
3008
3042
3057
2450
2964
3034
3011
3053
3019
2945
3001
3031
2982
3002
3023
3023
2987
3054
281
2995
3035
2991
259
3020
3016
3003
3015
3029
3004
3028
3007
3021
2814
3033
3015
3031
2061
3044
3051
3022
3079
368
3029
3039
3005
3040
3004
2990
3043
696
2991
3008
2983
3023
2998
2982
3029
3040
2998
3003
2965
3030
3044
3051
3022
3008
3006
3006
3039
1814
2963
3031
3026
3034
3037
874
2990
3007
1071
2966
3031
3023
3027
962
3024
3044
3020
3017
3057
3009
3024
2991
2978
3004
3106
3017
442
2936
909
3048
3026
2998
3041
3020
2034
3027
2997
3014
359
2989
3012
3040
3036
3040
3004
3025
3035
418
2937
3012
3022
3007
3003
3040
3023
2986
3007
3017
3008
2969
2997
3002
3007
3029
2535
2662
2987
3010
3039
3067
3010
3013
3012
3039
3010
3015
3018
2993
3009
3011
3035
3050
3030
2994
2978
3018
2969
3035
3029
3040
2950
2967
2996
3024
3025
3063
3020
311
2989
3047
3043
3015
3035
3027
3014
3068
2989
3035
2971
3025
2988
2910
3017
2958
3009
3018
3043
3040
2975
3053
3000
3019
3027
3046
3000
2951
3005
3026
1900
3088
2967
2968
3007
2964
3016
3046
3049
2992
434
3005
3036
3011
2797
2996
3054
2997
3044
3039
178
3009
3004
3026
3025
3003
3004
3035
3031
2996
3010
3019
3031
3024
2991
3040
1487
3017
3002
3022
3035
3019
2991
2931
3000
2810
2954
3018
2530
975
2981
3050
3017
3070
3035
3004
3007
1826
3030
3052
3061
627
3024
3034
3023
3003
3004
2983
3000
2422
3012
3002
3006
3015
3021
276
3019
3027
3013
3035
3031
3009
3027
3009
3014
2992
2988
3025
2579
3025
3032
3014
3039
3037
2993
3022
3030
3017
2992
3001
2977
3018
3008
2945
3023
3028
3022
403
3001
3028
3012
2978
2999
2976
3007
1936
3034
2999
3046
2824
3012
3024
2972
3007
3033
2992
3026
3017
1276
3038
3049
1057
2769
3077
3017
3102
2991
2914
1301
1008
3012
3040
3035
3008
3008
3002
3043
624
2962
3004
2985
2956
3021
2985
3030
3026
2991
2719
3036
2991
3049
3020
3018
3048
3095
3029
3015
3031
3035
3012
3004
2994
2994
3013
3026
3023
2994
3022
3040
2963
3015
3009
3014
3058
3014
3019
2984
2615
3030
3021
3008
3017
3044
3013
3036
3060
2985
3018
3041
3009
3004
3027
3034
3026
2211
3027
3026
3011
1480
3024
3011
3001
3013
3031
3008
3044
2987
3000
2983
2959
2990
2993
1874
3049
3008
2935
3028
2977
2976
3028
3026
1417
3031
3010
2211
2985
3025
3001
3014
3002
3040
3100
2271
3048
3023
2998
3033
3021
3018
3009
3003
1897
3037
3075
2993
3067
3033
3005
2628
1627
3018
2992
2199
3010
3022
3008
1139
2936
3015
3024
2983
3024
3017
1603
2900
3032
2991
2919
3031
3044
3038
2996
3038
3009
3003
2612
3027
208
3039
2977
3037
3032
3008
3049
3034
3022
3020
3012
3007
2986
3053
188
3049
3043
2786
3041
3030
2978
3018
3009
2836
3003
440
3023
2991
1951
2999
3024
3018
3016
3030
3047
3004
2567
3095
3035
3007
3020
3074
3004
3015
3038
3001
2997
3032
3028
3006
2978
3016
3024
2763
3039
3029
3016
2998
2995
3024
2976
3016
3051
3007
3026
3033
3038
2993
2275
3011
3012
3000
3011
3044
3004
3011
2919
2982
3004
3023
3023
3017
3018
3027
2993
3000
3004
2978
3004
3008
2994
3024
3023
2584
3017
3023
3014
3030
3022
2990
3000
3029
3022
3005
3014
3019
3003
3008
3010
3029
3019
3009
2944
2991
1499
3016
2994
3024
3012
2998
3000
1950
220
3022
2999
3023
2936
3019
3035
2818
3016
2986
3019
3018
3040
2972
2996
3016
3029
3040
3000
3046
3004
2545
3037
3025
3031
3004
2989
3100
2996
2928
3039
2699
3051
3031
3008
3016
3032
2997
2993
2919
2990
2984
1274
3032
3013
2996
2995
3002
2507
3006
3019
3025
3003
3027
3029
3023
2070
3026
2771
3036
3012
1328
3003
3035
3034
3000
3028
771
3025
3012
2998
3051
2456
3005
3025
2988
2955
3020
3007
3040
388
3041
3011
3031
3025
3013
391
3010
2925
2986
2771
3024
131
2994
3007
2980
3018
3025
3023
3015
2961
3045
2980
3035
2988
3018
3021
2899
3030
582
2195
385
2962
3013
3016
3007
2963
2353
2995
2999
3048
3007
925
3049
3004
3042
2984
2987
3048
3035
3041
1054
3008
3008
3013
2974
2999
3018
2989
3037
3020
3037
2996
3009
299
3032
3022
2990
3014
3032
2998
3027
3021
3040
2597
207
3046
3034
3027
3019
3028
2960
2766
3011
3012
2983
2991
3008
3000
2983
1695
2636
2960
299
3036
3018
139
3025
3042
3020
3023
3051
3021
2817
3006
2972
2684
3032
3013
738
3038
452
2967
2943
3013
3033
2992
3074
2251
2981
3041
3018
907
3038
3032
3035
3001
3024
3031
2992
3016
3026
2991
3028
3008
3027
149
1644
3008
3011
2986
2046
2972
2214
3004
2915
2354
335
3025
3031
3063
3030
3018
3030
3030
3038
1134
2994
3022
3043
3024
2997
2339
2871
2979
3032
3114
2938
3014
1461
3063
1172
3015
3003
3032
3031
3011
2991
3019
3032
3025
3016
3010
3004
1143
901
3033
3004
3042
3008
3038
3007
3016
2996
2169
3027
2993
3006
3035
3027
3098
187
3016
3040
3001
2951
3002
3035
3038
3011
3028
1096
3029
2988
2936
2871
3006
3034
1872
3014
2996
2993
3003
3037
3028
3109
2909
3017
621
3004
3022
3021
2998
3066
3021
3003
2211
3040
3030
3010
2997
169
3043
2994
3011
3008
3028
3044
2995
3020
3024
3025
3042
3019
233
2987
3031
3017
2967
2963
3030
3038
3010
360
3024
3078
3016
2994
2998
3045
3050
3019
3006
3005
3018
3084
3033
3065
2970
3007
3011
3018
3043
3029
1162
2950
2989
2994
2962
3026
2971
3012
3034
2992
1574
3039
3011
2990
3019
2997
2437
3026
2750
3019
3021
3022
3005
3017
3012
1791
3036
3011
2976
3010
3052
3029
3028
3013
3002
3014
2984
3024
3003
3025
3040
2581
1608
3064
2992
3016
3020
3022
2981
1402
3024
3035
1476
1247
3010
3034
2987
3031
3008
3011
3031
3020
2981
3026
3024
275
3020
3040
2951
3013
2997
3007
3042
3006
3034
3014
3023
1064
1778
2972
1942
3001
3018
2991
3023
2988
3020
2971
3038
2755
3045
3018
3036
3052
3009
3019
3016
3033
3036
3030
3032
3037
3034
2931
3051
3002
968
3036
3046
2997
3032
3043
3004
3122
3000
2715
3018
2978
3046
3021
3110
3015
3046
2970
3038
1671
3116
3003
2987
3029
3030
3052
3062
200
2966
2994
2987
2978
3031
3032
3006
3011
1402
3037
3014
3028
2997
2970
3034
3014
3054
3012
922
2980
3040
3020
3087
3059
3039
3013
3017
3031
3003
3058
2996
680
3016
393
3004
2988
2985
3035
3025
3017
3002
3016
2968
3012
2986
3043
3036
2728
2979
2979
2838
3007
3009
1228
3040
297
3026
3046
3026
3018
2848
2970
3039
3014
3032
3030
2966
3008
3014
3007
2966
3026
1959
3007
3012
3025
3008
3030
295
3008
3007
2232
2175
3034
2973
2969
3013
3009
2965
2996
323
3021
1070
3007
273
3008
3023
3036
3005
3036
3019
2987
2017
2963
3029
3017
3008
3016
3040
3017
3052
3027
3015
2966
3019
3008
3033
3050
3007
3023
3013
639
3019
3012
3003
908
1158
3016
368
3000
3024
3020
2998
3025
3008
3027
3030
2967
3017
2948
3032
3043
3023
739
3014
3001
3025
1485
3012
2402
3029
3015
3032
3019
2956
3024
3037
3036
180
3010
3030
3005
3014
2686
3012
2760
2792
2873
3004
2979
3030
2998
3039
3026
3043
502
2566
3058
2926
3026
3028
1264
3060
3027
3007
2971
3003
3002
3010
3023
3051
2956
3030
3019
3013
2996
475
3039
3045
1380
3024
2995
1947
3029
2703
3039
2998
2987
3071
3023
3032
3028
604
3031
3020
3026
3031
3047
3033
3113
3009
3044
3014
2997
3010
3052
2997
2998
3032
3002
3013
2658
3034
3025
1107
3036
2012
3021
3021
3032
3058
3021
732
3009
2375
3028
3028
3012
2923
3061
2985
3029
2981
3019
3034
2997
3029
3022
3029
2968
3026
3034
1159
3051
3012
1439
2926
2987
3038
3023
3009
3000
3028
2985
2996
3001
3060
3021
3010
3038
3006
3028
301
2997
3017
3001
814
3013
3022
2913
3013
3016
2361
3039
3039
3034
3041
3016
3034
322
2992
3044
2994
3034
3107
2881
3001
2995
3026
3000
3033
2992
2992
3005
3042
3009
2980
3019
3038
2984
3020
3017
2971
3043
3052
3010
3047
3036
3006
2987
3041
2976
1055
3017
3023
1923
3012
3008
3002
2647
3022
3019
3021
3038
3012
3040
3021
3027
3106
3000
3039
2997
3005
945
2997
3028
432
2968
3041
2994
3025
2980
3009
3055
3033
3026
3012
3012
3059
2930
3015
3022
3040
280
3048
2978
3013
3032
2090
3044
2982
165
3017
3012
161
2976
3001
2970
3039
3023
3009
2906
3031
2929
2974
2987
2994
3031
3004
1840
3027
2998
3014
3029
3007
3042
3000
3063
2969
3006
2988
3022
2966
2999
3022
3032
2942
3015
3021
3035
3021
3006
3018
3012
3031
632
2996
3006
3040
2472
3022
3011
2433
3003
3019
2778
3032
1071
3023
2986
3009
3020
2984
3028
3012
1462
3016
3006
2992
3009
657
2975
3055
3036
3018
3039
2657
3004
3032
3027
2991
3007
3022
3006
3003
3002
3033
2187
3033
2977
2638
3077
3017
3020
2988
2999
2988
3006
2978
2982
3028
2978
3036
3004
3016
2998
3018
2999
1250
3027
3019
3036
2963
3009
148
3032
3042
2739
2982
2978
2988
3003
3051
3016
3035
2998
3045
2999
3019
2968
3041
3033
2221
3017
2995
3018
2458
3005
3018
3031
2974
2997
3024
2981
3050
2983
1320
3020
3011
2980
2963
2999
3020
2868
3044
3005
3030
3025
2511
3015
3023
3054
3005
3050
2950
3021
141
3026
2991
3027
3002
3016
3034
3011
2991
3036
3057
3017
3040
3042
3013
2748
3014
3015
3054
227
3018
3016
2993
2947
3009
3046
3037
3042
3021
3019
2098
3018
3035
2981
2998
2994
3035
3048
513
3024
3021
3035
3026
3019
3008
3013
3093
2986
2993
3015
2981
3040
3010
2568
2674
2685
3067
3019
3016
2758
3013
3038
3040
2964
872
3023
1926
3001
3026
3020
3001
2691
3026
2988
3017
314
3023
3027
3035
3036
3028
3040
3040
2444
3016
3015
3024
2972
3013
2996
2977
2993
3020
2975
3025
623
3013
3010
250
3001
3026
2992
2975
702
3029
2981
3001
2997
3038
3022
3015
1225
3049
3012
2563
430
3017
3039
3045
974
3048
3083
1700
2506
3045
3012
3014
3011
2717
2998
3016
3026
1805
3011
2973
3020
3005
3025
2996
2978
3027
3026
3048
424
3029
3012
2972
2990
3029
2972
3050
3014
3017
3019
3054
3032
3029
3014
3031
3000
3012
3026
3001
3015
3029
1371
1012
2099
3024
3059
2994
3031
3022
2988
1790
3046
3020
3031
2999
2978
2973
3018
3027
2967
3009
3019
3056
3003
3003
3040
3010
3012
3036
3002
3040
1939
3008
3047
3029
3043
3015
3039
3036
2997
3024
2810
2979
2995
3011
3032
3034
2993
3038
3089
3028
3023
3038
1724
3011
144
3020
3028
3028
3014
3028
3029
2987
3016
3033
3001
3018
3016
3021
3053
3063
2989
3037
2059
3026
3046
3028
3043
402
2991
3036
3023
2947
2997
3001
3036
3014
3026
2254
3023
342
3016
2951
3002
3013
3022
3027
1746
600
3011
3025
2984
3018
2994
3008
3034
3018
3013
3001
3026
2734
3000
3015
3038
2982
2344
2944
1521
3017
3025
2997
2461
2980
2151
138
3016
901
2993
3017
3090
3022
3020
2994
238
3020
3032
3037
3018
3001
2948
3029
3012
3026
1861
3011
3038
3003
1518
3019
3012
3017
316
814
3005
3028
3018
2993
3003
3027
3024
3038
2787
3009
3003
3003
3030
3029
2990
3022
2915
3017
1980
3016
901
3029
3027
2972
3027
3027
3048
3018
3021
2996
2961
2993
3011
3006
201
3042
3005
3005
3007
3028
3035
3058
3045
3004
3007
2825
1296
3022
3061
3024
3021
3010
2981
2995
3036
3039
3036
2992
3018
142
2996
3025
3010
3040
3015
3012
3005
2988
3037
3025
3032
2991
3004
1666
3034
3043
3073
1577
2994
3019
3011
3023
3010
3032
2996
3017
2461
3047
3003
3034
3017
1265
3014
3016
2994
273
3037
3050
2988
2977
3017
2938
3028
2980
3017
3037
2998
3003
3027
1921
3010
3036
3043
2983
3009
3041
3034
2993
3035
3027
3029
3015
3000
3005
3005
2976
3030
3016
1973
3017
504
3056
3065
3011
3015
3003
3021
3017
3007
3035
2990
3044
3021
3018
3022
2969
2990
3025
2979
3008
3027
3002
2998
3032
3054
2996
3019
3018
3010
2934
3032
3003
2998
3019
3017
3005
3013
3027
2885
3025
2937
2994
3047
3030
824
1855
3008
3024
3041
3038
760
3039
3030
977
3091
3014
2989
2424
3028
2997
3013
3034
788
3032
2612
3029
3028
3042
2978
3002
3021
2976
3023
3045
2745
3024
2458
3032
3010
3078
3010
2976
3014
2995
3028
2623
3022
2917
689
2989
3023
3009
1403
2998
2999
3041
3033
3035
2978
3035
3047
3036
3020
3003
470
3024
2981
2969
3032
2994
2784
3022
3004
3023
3013
3038
3003
3010
3022
345
3021
3014
3017
3028
717
222
3044
3003
2977
3015
3026
3000
3025
3031
3034
3025
3014
1074
3016
2984
3034
3037
2996
3001
2999
3040
3015
3022
3000
3000
3006
3004
3044
2991
1464
3045
3010
2996
2971
3017
3022
2979
3015
3028
3029
3024
3017
2440
3054
3053
3022
3030
3048
2988
3014
3025
3036
3014
3061
2991
3033
3029
2889
3012
3039
2995
3032
3006
2963
3038
325
3005
3034
3032
3026
3054
2985
2990
3024
3028
3032
3019
3031
3002
3019
3048
2965
3005
490
541
3038
3041
3020
3027
3030
3007
3029
456
3029
3098
2962
3030
3078
2946
2989
2994
3045
3006
3006
3010
3024
3010
3053
3051
2977
1673
2999
2996
2921
1300
3020
3031
3017
1685
3017
3036
3054
2997
2989
3033
3028
2986
3029
3052
3019
3000
3039
2989
3006
3045
3011
3015
2991
2994
2982
3020
3022
3017
3036
3006
3023
3000
3012
1576
3041
1836
3040
2962
3024
3022
2969
3023
3027
3017
3017
3012
3029
3037
3026
2965
3029
3006
3010
3017
3035
3047
3006
2994
2968
3112
3016
3006
3005
2992
3047
3045
3003
3044
3014
3030
2987
3016
3004
2604
3036
3006
3003
3020
2842
1827
3031
3040
3046
3018
2992
3034
3044
3011
2743
3045
3033
2371
2989
3041
3013
3002
3006
2955
3018
3051
3038
3022
3001
3052
3041
3039
3056
3027
3016
3050
3034
3022
2969
1469
2976
3008
2998
3008
3015
3025
3049
2446
3031
3007
3050
3037
3031
3009
3023
2998
3019
2959
3019
3020
876
3038
3002
3046
3045
3032
3046
3011
2555
301
2999
3043
3012
3033
3025
3013
3039
1784
3019
2992
2956
3046
3004
2632
3025
3023
3009
3063
2990
3015
2988
3021
2996
3027
2233
3016
161
1262
2575
1199
3028
893
2992
3021
3020
1935
2990
962
3047
2984
2407
808
2376
456
3016
3030
3056
2996
491
3027
3018
3025
3078
3048
3008
2984
3045
3016
3021
3026
3010
3008
1285
3012
2947
3042
3048
2961
3032
3043
2673
3021
3013
526
2017
3033
3025
2461
3079
3020
3040
3027
2934
2221
2941
3003
3024
2090
2956
3016
3055
2914
2995
3020
2982
3040
2999
3008
3038
3031
2986
2978
3022
294
3000
3067
2999
3049
3014
2810
3051
3019
3025
3033
3012
3041
3005
3046
2991
3041
1901
2962
3083
3025
3052
2995
1011
2955
3022
3063
3022
3021
3007
3020
3013
3019
3015
1328
3005
3042
1691
3024
3059
3034
2970
3015
3026
3024
2966
2995
3003
737
3041
3035
3032
3013
3017
3010
3043
3035
3028
3032
2638
3012
3024
3021
3018
2970
3022
3085
2986
3006
3047
2988
3028
3034
2985
3040
3060
3017
3025
3026
3034
2996
3040
3029
3044
3040
3051
3112
2966
3020
2983
2396
3037
2999
3031
137
3023
3039
3019
3015
3028
3028
3000
3009
3032
3028
3008
3019
3003
3038
3000
286
2995
3037
3052
3020
3036
2970
3016
3032
3005
2992
3035
3018
2398
3036
3041
3016
3002
2075
2962
3046
3027
3006
2986
3031
2988
2948
1837
3020
3050
3048
366
2981
145
3039
3045
3009
859
2940
2998
2990
3015
3005
3040
2617
3019
3042
1411
3046
2975
3011
2989
3023
3062
3023
3005
3020
3029
927
2053
3020
3032
3007
3000
3018
3021
3035
3021
3013
3036
3033
2996
3033
1142
3014
3001
3033
3034
3008
2990
3036
3025
3016
2970
3013
3029
3005
3015
3036
2980
3038
2489
3030
1301
3068
3000
3041
3023
3024
3039
3035
2974
3034
2996
2999
2988
2999
2987
3035
2035
3033
3085
3045
3016
2987
3060
3019
3017
3013
3052
3013
2999
2985
3017
3003
3027
3008
3022
3013
3003
393
3048
2972
3007
2747
726
3061
3015
2983
2309
2739
3035
3005
2987
3020
2935
3000
3045
3009
3008
3029
2974
3050
3000
2684
3014
3027
3017
3021
3012
3058
3026
432
2985
3004
1144
3028
3047
2968
3029
2005
3029
2993
3029
3013
3027
3039
3039
3007
3024
3037
3066
2984
3045
3039
2995
3034
3034
3043
2941
2973
3031
3007
3042
3024
118
3023
3043
3028
2896
3067
3030
3041
3040
584
2995
3010
3028
3035
3025
2990
3011
442
3007
3028
1368
3043
3041
2654
3024
3045
3025
3021
3007
2993
3011
2989
2996
2293
2712
602
2981
3054
3008
3036
3023
3018
3001
1352
539
2572
2993
2919
3045
3018
3069
3007
3007
3000
3008
3025
3015
2999
3018
3007
2992
2974
2982
2902
3012
2656
3019
3051
240
3040
2661
3076
2188
3026
3019
3008
3030
852
3074
2976
3015
3002
1170
3003
3026
3007
3009
2995
3052
3019
3015
2716
2973
2983
510
3040
2345
3054
3029
3064
2274
3037
787
3014
3035
3001
3038
3010
231
2708
3019
1765
2977
2971
2996
3011
2977
3086
3017
461
3051
3009
3042
2964
3015
3036
3047
3023
829
3035
3016
3042
1692
3044
2875
1124
3016
2999
3041
3044
3004
2457
2277
3026
560
932
3030
3010
2878
1153
152
3040
3014
3018
3047
3023
2817
1884
3040
2979
2624
3059
3001
3020
3035
2393
1240
3006
857
3014
3046
2996
3037
3032
2974
3018
3045
3024
3005
3031
2973
3010
3036
322
3040
158
3016
3039
3012
3037
3016
3016
3010
3032
3035
3024
3057
3017
2994
2996
2986
2999
3037
3027
2690
3015
3001
3016
1189
3031
2699
2985
3022
3004
2932
3008
3051
3033
1063
3025
2938
3028
2940
3096
3107
3035
2978
3014
3023
2943
3018
3041
3023
3019
3028
3028
3018
2996
1563
3011
3011
2500
3029
3007
3016
2971
3028
3023
3011
2993
3024
2222
3001
3014
3026
3021
2992
2983
3009
3003
3028
3037
3025
2927
3043
2957
3043
3023
3002
2996
3018
441
2955
643
2985
3047
2984
3007
3025
3025
3023
3033
2162
3034
2999
3026
2995
3024
3049
3016
3045
3043
3028
3028
2995
3030
2609
3051
3028
3016
2986
3058
2945
3032
3015
3008
3005
3035
2976
3005
3019
2977
3022
1059
3044
3026
3015
3009
3043
3020
3034
3019
3027
3028
3007
3009
2992
3038
3002
3047
2973
3030
3019
3028
3017
2997
3036
3025
3035
2999
3018
3012
3009
2990
2925
3015
2999
1858
3018
1386
3045
2012
3031
2987
3017
2957
2956
3007
3005
3037
3002
2975
3013
3040
3017
3052
3033
2703
2984
2999
3024
3025
3039
3026
2995
3038
3036
677
3034
3050
3052
1981
3003
3022
2365
2998
3029
3017
3051
2999
2999
2997
2994
3020
3008
3124
3032
2997
3026
3033
3051
3033
2954
3011
3001
3066
2945
2952
3004
2987
2990
3008
3017
3036
301
3011
2972
3007
3003
3051
3033
3029
2988
3028
3029
2997
3088
208
3010
3047
3020
3001
3013
2995
3024
3028
2335
896
3017
2994
3033
3031
3040
3029
2468
3032
3018
3031
3024
3007
3048
2403
3050
3009
3023
3047
3011
3008
3009
3027
3058
3071
2952
3019
3024
3018
3028
3008
3016
2998
3057
3034
3016
2013
3044
3009
3021
3024
3029
3035
3016
3001
3097
3028
3033
3020
2999
3046
3041
2980
2999
3020
3012
3000
3023
3029
2954
3004
3018
3020
3025
1599
2950
3007
2995
3018
2492
3016
2997
2996
3011
3030
3023
3016
2960
3043
3013
3030
3030
3019
3016
2920
3014
3042
3014
2955
3021
3051
3032
3018
2978
2985
3027
2863
3035
2976
2622
3054
2995
2989
2970
3009
3036
2987
3006
3019
3029
2993
2695
2801
2982
3031
2965
2569
3013
3017
3073
3038
3006
3024
3035
3019
3024
3113
3001
2997
3010
3009
2984
3030
3021
3018
3037
3020
3005
3006
3053
3046
3004
3021
3026
3015
1831
664
3008
2996
2974
3022
3033
2949
3010
2997
3005
3020
3022
3113
2718
3043
3009
2982
3020
3038
3002
3037
3015
3004
3034
2850
3043
1389
3023
3002
3023
3046
3027
3029
3041
3035
3008
3001
3004
3025
3021
3015
3037
3040
1454
3022
3003
3002
3034
3002
3046
3033
3023
3027
3037
2952
3021
3039
195
3103
3041
3043
2998
3032
2966
2956
2936
2696
3056
2999
3012
3045
3052
402
3035
3025
640
3014
379
3033
2984
2999
3027
3013
3030
3040
3008
2955
3005
161
3033
3020
3019
2994
1007
3010
3020
2981
3012
3013
2990
3021
3001
2960
2699
3035
3039
3036
2776
3026
3045
3014
2965
3002
3005
3016
3013
3042
3017
339
3034
3055
2925
3050
2991
3043
2993
3042
3006
3004
3026
2953
2999
1149
3078
3018
3035
1117
3013
2969
2965
3023
3031
3028
3020
2931
3033
3027
3017
3018
3016
3048
2819
3029
2994
3036
3025
2981
2221
3004
3014
2997
560
3016
3021
3006
3022
3036
3030
3006
3002
2987
3030
3010
3011
2781
2994
3041
2990
3014
3009
3018
3028
2738
3009
2994
3016
2996
3009
3011
3025
3039
3018
2985
3011
3013
2985
2461
2994
3028
3016
3041
3018
3039
3072
3025
360
2480
3000
3038
3012
2999
3009
3006
3025
2951
3039
3023
3017
3095
3024
3027
3030
3012
2945
2472
3048
3038
3015
2989
3025
3051
177
357
2995
3030
3011
2991
3084
3010
2936
3009
3025
3015
3044
3001
3020
3010
3044
733
301
3034
3030
2985
3032
3056
3040
2985
3026
3009
3049
3024
3008
2611
2977
3025
3025
3009
2992
3043
3020
3004
3026
3010
3024
360
3027
3004
2187
3021
3023
3013
3003
3019
2989
3007
2999
3037
2894
2987
3009
3029
3027
3011
2997
3039
2964
2991
3025
3020
3014
2986
2997
3009
3019
3032
2093
2978
3091
3023
3051
3023
1531
3010
3040
3032
3031
3002
3009
2991
2809
3015
2415
3037
198
3046
2957
3030
3007
3035
3018
3016
3034
2973
3033
3022
3045
3011
3049
2963
3022
3017
3013
3016
741
2992
3025
3009
3012
3027
3003
3004
2994
3027
3099
3032
3092
3036
525
3009
2994
2983
3030
2907
3057
3044
2976
3012
3011
3046
3023
3034
3004
3009
3020
2973
2991
3051
3018
3015
3034
3049
3011
2912
3001
2899
1770
3012
3027
3027
3009
3013
3041
3038
3011
3097
3022
3022
3022
3003
3004
3006
3021
3044
3020
3006
3050
3029
3032
3011
3006
3031
3006
2995
3036
2176
3024
3005
3044
3006
3039
3010
2801
1933
3031
2933
3021
2998
3031
3040
3036
2976
3016
2979
2959
3022
3028
2946
3021
3025
3033
2982
2998
925
3009
2804
1573
2988
3017
3041
3012
2997
3019
3039
2999
3029
2951
3023
2998
3014
2446
2997
3023
3008
362
3028
3027
3011
3022
2975
486
3058
2899
2965
3031
3042
2996
3027
3037
3027
3025
2836
3040
3012
3002
3034
3010
3016
3016
3012
3015
3043
1502
3008
2984
3059
3036
2991
3008
3029
2983
2958
3037
3029
3041
3017
3024
3020
3032
3043
2295
3044
2980
2953
3018
3017
3055
1482
3017
2976
3031
3008
3000
3002
3034
3020
2993
3014
2731
2981
3025
3025
2999
3066
3058
3008
2945
2614
3051
3024
3039
3026
3039
3055
2986
2948
3054
3034
2992
317
3017
3010
3031
3039
3022
552
2965
2457
3017
3028
3017
2968
3012
2337
3007
3008
3050
3019
1824
1507
3031
3017
1590
3030
3013
3052
2998
3035
3023
2963
2990
2998
2920
2994
3026
3011
3016
3049
1799
3027
3010
3025
3059
2955
3029
3001
3010
2959
3058
3082
2939
3030
3042
3041
1549
1410
3041
3038
3006
3010
875
3005
3023
2912
2994
3045
3021
3035
3057
3052
3005
3029
3011
3038
2949
3020
3005
3030
3020
3039
136
2022
3019
3005
1107
2984
2987
2048
3028
2952
2988
3039
3019
3027
3015
3017
2953
3025
3101
3018
3031
3017
3048
3036
3043
2997
3010
3056
3003
3024
3030
880
3016
3028
3011
3031
3023
2936
3014
3010
2995
2065
2991
3044
3000
3001
3033
2873
3010
2994
3018
3023
1532
2998
2621
3043
3098
2986
3014
3022
3053
3009
3049
3025
3031
3012
3060
3024
3022
2972
2479
2981
3026
3035
3061
3041
3026
3026
2991
2991
3034
3018
206
1953
2995
3037
2995
3016
2991
2993
3019
3047
3013
2976
186
3035
3052
3019
3004
3040
2997
3041
3022
3029
2964
3101
3025
3020
3014
3037
3016
3028
3032
2892
3026
3006
2994
3035
3010
3043
2947
3049
2989
3000
3018
3032
3021
2305
3028
3045
3002
548
3043
3001
3014
3007
3026
3042
3011
2992
3015
3012
3027
2995
3030
3027
1362
3021
2035
3039
2993
2984
2995
3034
850
3006
3097
3016
2045
3106
3003
3057
2992
3015
3039
3021
3021
2919
3057
3005
3018
3034
3039
3044
2998
3020
3012
3033
3045
3050
3042
3017
3025
3040
3002
2792
3016
3007
2977
2668
3063
3052
3029
3019
3005
3016
2629
3026
3039
2972
683
348
3033
3008
3023
3015
2267
474
3008
205
3019
2986
3014
2963
2992
3025
3008
3050
411
1229
3003
2976
3019
2992
3020
2167
3005
3019
3021
2998
3051
3034
2999
3058
3029
1119
3032
3022
3024
3022
3005
2977
2993
3017
2202
3026
2967
3048
3021
3013
2972
3011
3043
3058
3013
3018
2984
3038
3026
3025
3005
3038
2992
2908
3055
3008
2981
3006
2995
2977
3105
894
3027
3019
3041
3035
961
2976
2820
3022
3031
2846
3007
2983
3010
3033
2985
3040
3038
3035
2997
3011
3027
3007
237
2893
3008
2984
3022
3036
3058
3036
3034
3029
2999
2002
2995
2902
3017
2928
3008
3019
3038
3018
2900
3012
437
3016
3049
3024
3028
3025
3021
3016
3023
3025
3005
3012
2997
3044
274
3007
2981
3022
3027
3042
3011
3026
2993
3024
3033
3024
210
3024
2995
3015
3012
3023
462
2989
2775
3001
3017
2996
3013
3049
3013
3020
789
2994
2998
251
3030
3039
3004
2981
2989
3027
2954
1462
3007
3020
3037
3009
3010
3029
2988
3050
2927
2999
