3027
3012
2972
3001
2037
3012
3001
2971
3016
2954
3024
3017
2975
3013
2985
2998
2997
2064
2899
2981
3008
3018
3042
2997
2952
3001
3013
3020
2974
3005
214
3021
2498
997
3037
3019
2998
2994
2970
2970
2986
3026
129
3011
2999
2999
3074
3026
2964
2906
2994
2983
1632
3027
2999
3003
2986
334
2978
3024
2988
2943
1505
3007
3012
2987
3018
3027
2993
2974
2986
2956
1631
3021
2964
2844
2957
2979
3031
3027
3034
2945
2974
3005
3024
2999
3004
3011
1646
3006
3017
3019
3005
2984
2984
2985
2980
3018
630
3005
2892
2980
2986
2974
3000
2150
3009
2935
2971
3026
3028
3039
2962
2986
2994
3012
3012
2960
3018
1877
3012
3008
2517
2669
2990
2995
3012
3028
2979
3017
3013
3026
3004
436
3008
3012
3012
2974
2999
3003
3019
3012
3040
2959
3017
2963
2980
2960
3007
3029
3007
2104
2994
3029
3008
247
2984
2987
3007
3027
1247
3015
3036
3034
2966
3021
3019
3035
2976
2997
3014
3028
3034
3015
3027
3027
2945
3026
2981
3021
2993
3022
2988
2999
3027
2989
3034
3028
142
3025
3025
2992
3003
3004
2978
3031
2975
2014
3008
3019
1686
3024
2984
2994
3019
2994
2019
3004
2998
3005
3009
3009
3002
3013
134
3049
2996
2973
1142
3035
3042
3011
2880
836
3038
3008
3001
513
3049
3000
2982
3011
2994
3026
3030
2998
2996
3022
2973
2995
3004
2768
678
3015
3044
2977
3033
3007
3030
2999
3011
3004
2988
3007
2995
2990
3017
3023
3018
3043
2988
3004
2984
3009
2977
1691
3022
2991
3060
2963
2991
1551
3004
2999
3005
123
3042
3002
3007
3005
2988
3009
3005
3010
179
2988
3009
2996
2996
3018
2968
3007
3005
2993
3002
3004
3001
2818
2915
3016
3038
3002
2824
1155
2998
3016
2987
2997
391
3013
2977
3024
2958
2977
3013
2994
2967
2967
3008
3027
2976
3011
159
2603
544
3027
3001
2971
2975
2272
3019
2997
3018
3008
3015
2512
3030
3035
2972
3005
2815
3026
2997
2985
172
2986
2992
2991
3013
2966
3043
2997
2995
2917
3026
3020
3000
3013
3007
3004
3032
3021
3003
3015
3022
350
3000
3003
3044
200
2090
2988
2988
3034
2986
3046
2988
2790
3004
2993
968
2984
2760
3042
2995
3031
2951
3034
3010
3031
276
2955
2990
2731
3024
3014
3012
2573
3003
3015
3109
3043
3010
3007
2961
3014
2950
2713
3027
3006
3029
3016
3024
3024
2965
2870
2999
2335
1931
3011
3008
1797
3022
2450
3023
2995
3006
3018
3015
3031
3000
3018
197
3003
3051
2998
3025
2982
3013
3027
2992
3031
2934
3019
3008
2929
2756
2867
416
3002
2996
2819
2962
2998
3000
3022
3021
3006
2992
1491
496
2992
2985
2959
3031
3018
3000
2383
3009
2977
2994
2994
2984
3006
2995
3013
3054
3022
2996
2993
3000
2996
2978
2991
3023
3072
3022
2992
2995
2996
3019
3016
2982
3017
1674
3029
209
890
3018
3015
3074
2986
3028
3019
2996
3047
3056
2993
2045
3016
3010
3003
3002
3019
3011
2233
3020
3009
3014
2981
2995
3020
2988
3022
3017
2998
3038
3024
3001
3063
3016
3024
2997
3003
2987
2518
3019
3010
2216
2999
3003
3005
2999
2983
3032
2979
3004
3021
3014
2983
2323
3020
3018
3013
3010
3017
1886
2951
3021
2984
3025
2628
2999
2979
3015
2969
3021
2994
3025
3028
563
3069
3004
2999
3007
3006
3015
3013
3029
3017
3006
3014
3023
3013
3017
2976
2990
3027
3001
2977
2976
2979
3017
2988
3008
3022
775
3090
3002
3012
3028
2979
211
2972
2955
2795
245
3002
2838
3033
2982
2946
2953
2983
3016
3005
3033
3011
3013
3016
2039
3019
2981
2984
3011
3002
3026
2982
3005
2971
3015
2989
2984
2984
3012
2969
2991
2995
2031
2986
2991
1204
3013
2994
2735
3034
272
3016
3030
3019
3017
2260
3005
3004
3011
3023
3004
3015
2963
2995
2198
2993
2980
3007
146
3017
3017
3000
2968
3015
2999
2305
3005
3006
2998
3007
2999
2985
1398
831
3003
2997
3028
3034
3024
2983
3016
2994
3040
3014
3003
2365
3030
3013
3034
2979
3025
3001
3019
3021
3014
3011
2932
659
3011
3000
2970
3017
2983
3017
2998
397
137
2983
3036
3017
3021
217
3018
3018
2976
2973
3010
3018
2953
2985
3022
3024
3008
2984
2089
2996
2995
2960
3012
2981
2992
3010
3012
3022
165
3002
2903
3014
2961
3024
3019
3021
3019
2993
2998
3096
2994
3005
2999
3035
3014
3023
2990
2206
3016
2970
3022
2977
2983
2977
2997
3008
3035
3031
1249
3004
609
2988
3006
3038
3009
3025
576
2991
2982
3026
2989
3030
2512
3016
2989
3026
2975
2984
2969
3004
3023
3033
3015
3012
3023
2675
3021
3036
3027
3000
3039
3028
2988
3025
3039
1639
2992
3015
3033
2361
3020
3023
2994
697
2977
2975
2990
3002
3036
3024
200
3023
3010
2991
3011
3018
3000
3026
2989
3012
3010
3019
3026
2957
3029
2981
3008
3024
2964
2990
2990
3006
3015
2984
3009
2986
2945
125
3004
2982
3016
3002
3007
136
135
3007
3016
3026
1760
2971
3003
3000
3027
3026
947
3002
3000
3007
2658
379
3020
2962
2974
2972
2114
2976
2997
3011
2988
3014
2206
3019
3005
2970
2490
2996
3024
3017
3005
3002
3006
2993
3023
2168
3012
3015
2950
1904
3005
2837
2966
3032
3007
2966
2997
3009
3043
3011
2939
3004
3042
2997
2965
708
2999
3072
2985
2975
3005
3022
3013
3010
2988
2990
2133
3016
2984
3055
3014
3005
3000
217
3018
2968
2998
2979
2994
2998
3012
1425
3045
2947
3015
3007
3007
141
841
2989
3006
1772
3008
482
1813
3004
3012
3001
3008
2987
2992
2998
3013
2947
3012
3009
2996
3000
2742
3043
2958
3024
2995
3017
290
3014
2976
3014
3042
2681
3021
1856
3010
2306
3008
3001
2982
2986
3024
3001
3025
2991
3023
2982
3003
3002
905
2983
1431
2998
2988
3024
3011
3018
3004
2998
2991
2985
3010
3011
2152
3012
3014
3005
2875
1646
3002
2039
886
3010
2964
2988
675
3023
3015
3038
3011
3005
3040
3030
3000
2996
3035
3004
2980
3011
2998
2885
3082
3015
3023
3014
3002
2990
3016
3005
3018
2991
2967
3000
2983
3014
3008
3016
3027
3004
3026
1291
2959
3032
3016
3009
3004
1608
2000
2987
2993
3008
3033
2995
2995
3020
3003
2964
3003
333
2987
3005
3022
3021
3010
2993
2975
2205
3006
3019
3008
2981
3020
3066
3039
3014
3022
3024
3007
2974
3017
2973
3018
3027
3006
2999
3000
3001
3025
3030
480
843
3024
2909
2987
3023
3020
3021
2994
2479
2998
2988
2964
2995
3000
3010
3014
2992
3025
1055
2996
3019
2973
2999
2990
3018
3005
3019
3033
3002
3026
3012
3005
2989
3025
3011
2993
417
2984
3019
974
2985
3024
3016
3011
2983
3011
2954
3009
1455
3021
2574
2987
2988
2926
3021
2990
2068
3016
2133
2981
3002
3032
2989
3009
3023
3013
2136
3008
3015
3019
3014
3016
2987
3016
2995
3027
989
2990
3009
3030
3014
474
3026
2955
1431
3007
2998
2963
3063
3018
2962
3004
3014
3009
3026
3016
2959
3013
3014
3001
3021
2397
3014
2273
2581
3022
2952
2069
3026
3046
3012
3017
3006
3001
3012
3024
3024
3005
2578
2936
1582
2473
2977
2957
2577
2984
2946
3045
2917
1086
3015
3019
2951
2999
2953
3007
2983
2964
3020
2994
2347
2990
3020
3016
3009
3030
2963
3012
2983
3000
3011
3028
2342
2994
2980
2995
2971
2981
2997
3022
3015
2985
3008
2943
3030
3020
3044
3032
2971
3012
3055
3023
2726
2996
3006
3026
3036
3015
3060
2947
3017
2217
3007
3000
2708
2575
2966
788
3033
3010
3014
3031
1877
3013
299
3010
3025
2140
1741
3014
2977
2974
3005
1110
2884
3029
3007
2991
2998
3016
2994
3006
2918
3028
2924
2989
139
2983
3017
3022
3021
3003
1836
3012
3070
2815
3032
2996
3013
3005
3027
3005
2980
2962
3032
2997
3011
2985
2998
3029
729
3011
214
3029
3003
2967
3039
3004
3023
3016
3006
2993
2976
2993
2994
3008
2979
2996
3002
3002
3039
3068
3036
2929
593
3031
516
776
2725
2953
2989
3007
3012
3013
2979
3013
3012
2082
3018
3046
2985
3026
3020
2999
2972
2984
2993
2980
2999
2961
126
1055
2991
3008
844
2881
3013
2867
2985
3024
3023
3010
3002
3017
3030
3027
2993
3019
3009
3024
3056
1784
3001
2990
3012
3018
3014
3010
2964
549
3015
3013
3021
195
3009
2559
3006
3023
2995
2999
3005
2970
3008
2988
3028
689
343
3002
368
3027
2974
2809
3050
3000
3007
2984
2956
3029
3017
1710
265
3007
3016
2995
3023
447
3000
3028
2050
3006
3005
3039
3012
3010
3012
3004
3019
2993
2963
3011
3019
3078
3009
154
3018
539
2155
3012
2967
3032
1042
3036
2952
2998
2991
3026
3010
2997
3022
3024
2662
2984
2997
3004
2994
3002
2997
2995
3016
2493
2996
2945
3012
3006
3004
3024
2986
413
3022
2999
3016
3017
3045
2997
2984
3002
2984
2992
3017
3021
2990
3008
3011
2970
3000
3019
2938
3035
3016
2974
3030
2999
3025
2977
3007
2998
2984
171
3013
2989
2046
3032
3051
3033
3032
1735
2915
3012
3019
3024
3001
2991
2996
2992
2989
3006
3010
3019
3039
3031
3019
3001
3017
3022
3019
3035
3024
3001
3024
3013
2972
2977
3006
2993
3035
3019
2984
2986
3029
2949
3015
3008
1276
3036
2998
3013
283
2966
2991
3004
2608
3009
3010
3003
1309
3045
3017
3019
2993
3017
2990
2995
3012
2987
3025
2921
3004
2996
2931
1155
3003
1314
3070
3000
2997
2499
3037
3022
2927
3038
2989
1169
2967
808
2967
2976
2972
3023
3041
2999
3078
3022
2982
3003
3018
3001
3013
2959
3020
2989
2989
2997
1027
2968
2989
3011
3008
2936
3022
3022
3013
2990
1923
3005
3014
2998
3064
3008
3003
2985
2997
2696
2992
3015
3028
1412
3021
3030
3003
3022
3008
3015
2596
2994
2989
2977
3003
3009
2934
3025
3032
2989
3010
2995
3024
2996
3014
3010
2531
3017
3020
3009
237
3032
481
2999
3019
2903
2978
456
3030
2991
3018
3012
2971
3016
2975
2984
3013
3034
2998
3028
3011
3022
2975
3021
3024
2999
3015
187
2931
3020
3009
2980
3004
3085
3073
2995
3023
3027
3013
3014
2990
3010
3009
2983
3010
3050
2967
3038
766
2977
3044
3025
3013
2005
3016
1978
3020
3004
3058
3024
3027
2938
2955
3005
1252
1538
3027
3028
3011
3024
3007
2959
2954
2702
2927
3014
3017
347
3032
2647
830
3012
3016
2970
2980
3021
3032
3031
3026
3011
3015
2965
2873
3003
3008
3002
2953
3000
2998
3003
3020
3010
3002
960
2991
3024
3013
2991
3014
3034
3017
2993
2991
2996
3013
2991
2982
3041
2932
3097
3014
2992
2966
2976
2984
3012
2994
3010
3030
2603
3012
3050
2971
3034
3023
3030
2847
2996
3039
2998
2969
264
3051
2995
2992
3000
453
3001
3009
2995
3014
2999
1764
3013
3022
3020
798
3035
2994
3031
2974
3006
1287
3023
2987
3006
2910
3018
3053
3010
2993
3007
2994
2976
2993
3006
3027
3029
3010
2990
1607
2996
2993
2977
3030
2996
2991
3007
2962
3022
3008
3048
3019
1305
3019
475
2986
3001
2996
2987
3041
3005
3026
2976
1638
3011
2958
3024
3018
2985
2997
3023
3038
3005
3027
3020
3010
639
504
1854
3020
2980
2923
2971
3004
3002
2959
2977
3020
291
2996
3016
2998
3012
3002
2995
3025
3042
3009
3047
3026
2975
3026
2968
1940
2977
3020
3020
3034
200
3044
3017
2996
2994
505
3015
3006
2990
3012
3084
3003
2989
3013
3015
3020
3022
1420
3002
3003
2983
3027
3018
2986
3028
3007
3027
3036
3015
3024
3011
3033
1819
2998
2977
2307
3017
2996
3027
2956
2984
3022
2946
3025
2991
3029
2986
3015
3008
174
3010
233
2979
2984
3003
3043
3003
2571
2989
2999
3032
3038
1390
2994
2994
3019
2298
3000
1678
3032
3004
3009
3006
2969
2979
3044
3034
3030
2982
3030
3013
3009
3023
2998
3009
169
3024
3023
3024
3021
2993
3010
3002
3005
2582
3015
2989
2225
2995
3005
3005
3041
3007
2989
2946
1938
1765
3004
1160
2994
3000
2985
3018
2982
973
3025
3048
3001
2987
3003
3028
3008
2978
3029
2976
3036
3008
3061
2998
3009
2999
3010
3016
2973
2986
3009
3005
2772
3036
3040
3008
2984
2590
3013
3013
2997
3002
3013
2984
3004
3004
3014
2999
2963
533
2995
2929
3011
2985
3006
3098
3013
462
2985
2997
3000
3031
2964
3031
3034
3021
3069
2985
3017
3003
3023
3009
3035
2994
3011
3024
3036
2980
3014
2972
3010
3009
842
2994
2993
3009
2518
2909
2999
2995
2976
2934
2967
3020
3007
3018
3078
2987
3010
3027
2994
3014
3016
3008
3028
3007
3011
3022
3015
2995
2998
3012
3028
2979
2986
3012
2991
3002
3013
3003
2997
3015
3012
2991
355
2993
3023
2891
809
2020
2996
2989
2995
2958
3021
2989
3008
579
3010
3001
2995
3009
2998
3027
3004
3012
3000
2987
3021
2760
247
3023
2997
3012
1921
3010
3031
2991
2999
3031
2979
3006
2907
3005
3032
3043
3055
3017
2973
3025
2983
3005
2952
3035
3010
3037
2996
2990
3022
3013
1906
2986
3014
3000
3005
2683
2972
3042
3008
3006
3008
3013
3024
1515
3030
2989
3002
2497
3023
3013
3016
3029
3023
2588
3011
3004
3007
2998
2982
3028
3012
2997
2973
3007
2994
2047
2993
3021
3015
3016
2985
3024
3025
3016
2985
2997
1724
541
2782
2983
3001
3000
3008
2982
2972
2994
2996
2968
2990
2962
3026
3018
2986
3003
3019
3038
2986
3035
3042
3009
2981
1977
2996
2996
3056
2998
3002
2993
1396
2975
1805
1545
2962
2986
3021
2975
3023
3006
1860
2991
2992
3008
881
3023
3003
3027
3011
3014
3015
3031
2990
3009
3012
3022
3012
2986
2992
3005
3002
3014
2967
2979
2970
3008
3018
2999
1391
3002
3017
2987
1506
2933
3036
3021
3017
2222
2953
3016
3022
2961
2984
3030
1603
3034
585
3004
2986
3058
3008
3019
2995
3003
3022
3019
2984
2966
3007
1055
2981
3007
2975
3000
3014
3073
2970
3038
3013
2941
2984
1169
3009
2946
3007
2987
2997
3015
449
3019
2993
2755
1006
3029
3002
2994
3035
3009
3011
3006
712
3001
3013
3020
2949
3002
2189
2979
3001
3014
3004
3001
3006
2998
2957
3021
2998
2995
3024
3016
2993
1706
2988
3011
3015
3002
3004
2986
3002
3034
3012
3031
3002
3006
3016
3026
3006
2996
3002
2990
3028
2441
2944
3019
3035
2915
3017
132
3059
3006
3025
3007
3012
3016
3043
2971
3009
2994
3037
2051
3004
3000
3022
2983
3016
3007
2990
2980
692
3006
3056
3012
2562
2961
2947
2985
2993
2998
3042
2050
2964
2984
3022
2926
1030
1448
3005
2981
3017
3017
3032
3002
2982
3025
3003
2981
3031
3036
2986
2998
3028
3032
3009
523
3030
833
2979
2972
3039
2957
3011
2834
3037
2993
3023
3018
3006
3005
3006
3023
3004
3020
2963
3009
3045
3007
3027
3018
2372
2979
3020
3046
3002
1029
3017
2993
3027
3026
2974
3018
2995
3015
2984
2981
3008
3000
3016
3024
3010
2992
3021
3015
3020
204
3015
3016
2993
2981
3027
2935
3011
3028
2931
3022
3030
2997
3015
2992
3057
3015
3039
2977
3017
2985
3010
3004
2992
3014
3010
3017
3020
2965
2989
3022
2249
3007
3016
2989
2994
3010
2920
3032
3074
2998
2983
3000
3033
3021
2971
3026
3030
3012
2831
3013
3000
3004
2864
3003
3024
3038
3020
3001
3015
2989
3011
3020
2984
3004
3004
2946
3007
3021
3014
2964
2997
2999
3002
2970
3026
3019
3010
3021
1062
3016
2803
2965
2875
3006
2999
514
2993
3008
1383
3030
3004
3003
3016
3027
2984
3029
2993
3004
3017
3058
3018
3008
3006
2970
617
3015
3020
3046
3002
3024
3023
3016
3017
3009
3084
3012
2700
3037
2993
2883
3021
2977
2998
3064
3001
3018
198
3014
2986
3001
3000
3035
3011
2997
2985
3000
2946
3021
2998
2989
2958
2977
3028
2999
1366
3032
3010
2990
2915
3009
3021
2996
3004
2998
3011
3027
1909
2963
3010
3015
2898
2971
2949
2998
3035
2969
2984
3020
1559
2981
2992
3009
3027
3001
3010
3024
3004
3011
246
2592
2910
2985
3017
1393
3004
3012
3018
2994
649
2830
2975
3006
3002
2971
2996
2994
2964
3010
2965
2989
3028
2992
441
3033
3016
3006
2992
1399
3038
3001
3044
2891
3006
186
3004
2996
2962
3014
2921
3011
1062
999
2999
2991
2998
3009
1679
2998
2994
675
3006
3023
273
2998
3000
3024
3001
3010
3028
533
3035
2977
3002
3001
2996
2955
2997
2915
3043
3046
3004
3026
3036
2980
3016
3009
3013
3008
2989
2934
2321
3018
3020
3006
2987
3025
2998
2947
3000
3005
2994
2892
2925
3010
3017
3014
1008
2998
3024
2983
1890
2990
2990
3040
2997
3003
2999
2976
2982
3025
3019
3013
2993
3040
203
2598
3020
2996
3014
3025
3019
3000
2841
2990
3033
3003
3015
3023
3007
3020
2974
3038
3020
3016
3014
2999
2990
2999
2880
3013
3001
3003
3032
2500
3019
2987
3001
2959
3014
2999
2986
3022
3011
3035
3004
3007
3005
3014
3025
3017
2991
2950
3037
3038
3003
3014
2979
3009
2998
3001
3000
3015
232
2976
2975
3015
2994
2991
2988
3015
2991
3001
3003
2947
728
2993
2986
3022
2403
2166
1352
3008
3027
3028
3002
880
2981
3001
2982
3020
2989
3014
552
3032
3028
3001
2999
2849
3008
3015
2978
2983
3005
2021
2989
3030
3023
3046
3016
3023
3003
3010
2975
3007
3068
1670
3010
2993
2418
3009
3028
3009
2982
1382
2986
3013
481
3021
3010
3024
3014
2946
3055
3046
2987
3002
2988
2988
3020
2011
2964
1587
3004
3041
3002
3022
2931
2326
3019
2973
2550
3007
3014
3015
746
239
2971
3038
2982
3019
2992
2979
130
2908
3013
2971
3006
3023
721
3009
3027
952
3011
3019
2982
3038
3013
3088
3016
3027
3027
3022
3023
3023
3009
3005
3028
2978
3019
1900
3004
3002
3016
3008
3014
3010
2995
2947
2972
3008
2983
3023
2996
3019
3009
3060
3033
2997
3012
434
2999
3007
3009
2873
3022
3016
3005
3011
3018
122
3032
3017
3004
3016
3048
2984
3014
3030
3021
3001
2977
2977
3025
2979
1229
1170
2975
3006
3000
2893
3009
2985
3007
2949
3009
2990
3021
3021
3011
3023
3024
3021
3008
3011
2920
3030
3017
2988
3014
3000
3038
3020
2990
3035
3013
2975
3030
3016
2987
3051
2987
3006
1780
2972
2137
3034
1550
3008
2981
3000
3072
3032
3006
3004
2997
2988
3011
3025
1714
3040
3016
2986
3002
2961
3001
3018
2990
2330
2979
3014
2985
2685
2956
2999
2821
242
3012
775
2997
3004
2674
2955
3024
2996
2994
3031
3012
3002
3015
3038
545
2995
1066
3039
3000
3004
3029
3017
3031
2998
2983
2991
2982
3023
3000
3016
2224
2989
3008
3026
3040
3040
3002
3018
3010
2999
2942
3022
765
3031
3040
3011
3032
2999
3006
3007
3007
3004
2954
2994
2997
3011
3001
2844
3055
2999
3023
889
1861
3005
3004
3009
2991
3009
3010
3011
3016
3018
3001
2997
444
3022
3032
3014
2970
2994
384
2980
2978
3021
2177
2971
2942
3000
3044
3003
3018
3020
3034
2998
2008
3038
3032
543
3003
3013
2960
2991
3001
3025
2907
2994
2962
3016
3004
3026
3007
2993
2952
3022
3019
2996
3017
609
3030
3007
2994
2993
1220
394
3027
3010
3036
3007
3017
2622
3008
3010
2996
219
3041
1709
2971
3034
3028
2966
3030
3032
3004
2960
3007
1171
3073
3002
2854
3012
3008
3068
2943
3034
2997
3004
3024
3011
2978
3026
3087
3022
3025
2999
2973
3017
2938
2938
2972
1203
2919
3009
3000
3014
3008
3004
3017
2195
2971
2980
3029
3006
3005
3024
3029
2344
3003
2993
3001
3009
3014
1610
3039
2960
368
686
3020
3025
337
2971
2989
3002
3006
3020
3018
2674
3017
3030
3029
2986
3029
3004
2911
2994
3012
3022
1536
1677
3026
3007
1578
3028
3005
512
2816
3043
3016
2925
2938
3003
3006
3038
2991
3047
2934
2440
3007
3033
3023
3014
2925
3034
3019
2983
3008
2997
3025
3035
3027
2993
3006
3007
3025
3015
2469
1834
3016
3000
3013
2978
2977
884
1072
3025
3006
2992
2979
3013
2989
2980
2995
3021
3003
3037
2994
3037
2970
3001
1430
3000
3007
2999
3023
2983
2995
2914
2980
2999
3003
3006
2984
2964
3012
3002
3010
3025
2987
3006
2996
257
2996
2962
3014
3012
3027
2972
3005
3009
3008
3020
1790
3024
3007
2802
3027
3007
3005
3006
3009
3034
3000
3010
3018
3026
2049
2967
3004
2167
2980
3001
2919
3018
2822
3005
3007
3021
2961
3002
2930
3022
3007
3004
3016
2995
3002
2983
773
2944
2970
3011
3016
3087
2987
3071
2996
3023
2660
3050
1918
3014
2965
3004
3017
3009
2982
1918
3011
2999
3010
2947
2982
698
3010
3006
2999
3014
3029
3026
153
3088
3053
3042
3047
2992
3007
2981
2967
3023
3025
2981
2894
2998
2984
2995
3033
3027
3006
2954
2991
294
153
3009
550
3007
3015
1223
3016
2888
2991
3029
3078
2659
3018
2998
2986
3016
2973
2921
2995
3022
2972
3004
2966
3006
3009
2999
168
3000
2975
3009
2983
2996
3021
3029
2067
3014
2955
3013
2944
3023
2998
2994
3022
2986
3008
1034
2719
2999
463
2696
3026
1499
3008
3009
2983
3039
3011
3003
2986
2999
2854
2033
3005
2974
3001
2998
3003
3006
2992
3015
3000
2260
3015
2491
3026
2972
2961
2950
3021
3025
2971
3007
2995
1728
2971
2987
2999
3028
2980
3023
3018
3015
3013
3029
3013
2986
3010
3014
3081
2971
1896
2974
3038
3018
3003
3000
2988
2973
3005
2983
3003
3018
3012
3020
2992
2469
2997
3000
2994
3038
2976
1703
3009
3011
2986
3015
3022
3018
2982
3032
2996
2982
2964
3022
3032
3001
3032
3014
3002
3019
2957
2993
2985
3022
2999
3023
2286
409
2985
2988
2996
1752
2991
1727
2833
3033
3001
2995
2998
3012
3043
3011
3019
2984
2998
3027
2990
2252
3047
3007
3026
2966
2999
2989
2898
2963
3028
3029
3000
3043
2963
3009
3014
3039
2922
2996
3007
3024
2765
3024
3010
2984
3037
3036
2978
3014
2963
3009
2969
3015
1854
3004
3013
2995
1198
3007
3012
3014
1499
3010
2928
3007
2971
3007
3010
3014
2996
3021
3009
3026
3019
3043
2991
3012
3013
3017
2986
3018
3028
3021
2984
3066
3015
3035
2993
2169
3015
2986
2999
3006
2995
301
2993
2979
3013
2540
3004
3017
2953
1041
3005
2997
2981
2866
3008
3007
3019
2952
3012
2991
3012
3038
3004
3013
3007
2994
2994
2990
3019
3039
3009
2974
2976
2997
3003
3017
3016
3012
3003
3100
2921
2993
2990
2981
3000
2952
2949
2987
3014
2909
2986
3036
3018
2941
3020
3026
3021
3002
1079
2989
2912
2503
3005
3017
3007
2434
3006
3027
3018
1195
1578
3006
2989
245
2996
3030
2982
3000
3022
2852
3011
2989
3004
3012
2997
3012
3010
2993
3005
3005
3011
2756
2935
3032
3032
3019
3018
2983
2841
3001
3018
353
3018
2989
2981
3007
2950
3002
2999
3021
2982
2946
3011
2968
3050
3009
2992
3004
3016
3006
2987
3082
3022
3004
3000
2971
3008
2845
3013
2989
3004
3030
3021
3007
2987
3005
3023
3045
3009
1072
3002
3021
2980
3032
3008
3003
2960
3009
2967
2344
187
3012
252
2511
3003
210
3017
3003
3041
3009
3014
2974
3021
3000
2971
3010
3026
2949
3019
3029
3023
3011
2969
2976
2959
3016
2964
756
3016
3022
3007
2584
2976
3014
3100
3017
3015
3015
2996
2979
2973
3028
2996
2980
2997
1737
2990
2612
2981
3021
3006
3030
2937
2990
2929
3089
2967
2975
3016
3031
1706
3007
2969
3002
2987
2976
3021
2937
3012
2377
3029
3016
3003
3015
3047
3003
2995
3009
3024
3007
2997
3004
2980
3026
2989
3007
3011
3009
2926
3001
3029
2878
3018
2985
3006
2999
3001
3007
3015
2985
2986
3005
2990
3001
2995
3015
3006
3044
2998
2996
2982
3012
3018
3020
3002
3070
2552
3025
3009
3006
2974
3013
3014
2997
2968
3030
2982
2980
3007
3037
2998
2975
3012
332
2991
3007
3046
2841
3001
3015
3033
3035
3001
3013
3022
2990
3003
3019
2937
3016
3003
3011
3020
2976
2996
2987
2991
3006
3031
2835
3008
2557
3000
2978
744
2953
3010
3004
3004
3005
2987
3005
1009
3004
3006
2996
2957
2993
2958
3014
3003
161
2998
2994
3002
3000
3011
3006
3015
3000
3003
3002
3011
3025
531
3011
3001
2373
3039
2958
2991
3003
2999
2998
2997
2948
2986
2990
3021
3017
2793
3034
3028
3019
2989
3002
3036
2989
3030
2998
3021
3003
743
3015
1600
2990
3005
3005
3014
3029
3018
3013
2291
3010
3012
2608
3004
3022
2968
3011
3010
2953
3001
2965
2981
2996
3022
2989
2971
171
3032
3012
1036
2988
1650
3014
3006
3006
3025
2999
3025
3006
3023
2967
3032
2997
3016
608
3037
1046
3007
143
3008
2978
2971
2991
3032
2957
3022
3039
3023
3009
3005
3028
3011
2996
2223
408
3028
3023
3031
1114
3005
3009
3041
3014
3014
2962
3002
3021
2990
2971
3013
1765
2996
3020
2342
3041
3002
1634
3036
3021
3022
2995
3014
3031
2994
3019
2963
3005
3028
1730
2995
3008
3034
3029
3003
3011
151
3021
2990
3032
3018
2987
3007
2957
2287
3021
3030
2962
3025
2389
3010
186
2997
3015
2968
3027
2988
2978
3029
2959
3014
2961
3010
3012
2983
2977
3018
3041
2995
3010
2978
2999
2973
2965
3011
2979
137
2996
3025
2953
2963
3009
2982
3027
287
3000
2994
698
2992
3001
2999
3001
3017
3013
2996
3011
3028
2962
1485
2021
3026
2951
2966
3013
3006
2989
3007
2987
3008
2983
3028
2981
3009
2395
3001
2107
2977
2960
2990
2986
3009
3043
3003
1030
3009
1293
2988
2921
2985
820
2394
2991
2999
2831
3030
3014
3004
2997
1197
3009
3025
1088
3020
819
555
3035
3015
3010
3003
3040
3002
3000
3006
3034
3005
3008
3002
2098
3012
2987
2997
2983
3020
3015
2753
2960
459
1356
2994
1958
3007
507
2993
2980
2981
2950
2989
3017
2999
2973
3012
2991
3012
3001
3020
2994
950
3028
3027
3026
3006
3028
3025
3037
3020
3014
3018
3029
2791
3010
3001
421
2993
3029
2999
3021
2970
3029
1500
3013
1242
2991
2980
3003
3022
3009
2995
3010
3013
3034
2939
2948
2980
2993
2969
3013
3035
1928
3018
3014
2967
3016
3015
3018
3036
3007
2295
3018
3051
2885
603
1540
2997
3016
3025
2987
3014
2993
3036
2844
3025
2984
157
3022
2999
2997
3006
3009
2997
3015
3021
3018
3002
2998
2972
3024
3024
3033
2727
2683
3007
2991
3029
2975
583
3029
2998
3032
3027
651
3016
2989
2974
3018
2859
2968
3050
2991
2998
2975
2987
3018
3008
2974
2995
2995
2989
3024
3033
3000
3009
3001
2908
3045
3009
3029
2977
2983
2994
3061
3028
3005
2980
3020
2988
3053
3001
3026
3034
3024
3003
3006
2997
2980
3012
2991
3047
3008
3020
2980
899
2996
3005
3041
3022
3017
2983
3024
3028
3028
3026
3004
2993
3034
622
2964
3007
3055
3004
2949
3015
3003
3032
3014
2993
2994
505
2971
3019
3008
2987
3011
3013
550
397
2998
2995
2994
3019
2981
2356
3028
3027
2993
3010
2943
180
3021
3025
3091
2986
3002
3044
3021
2999
3012
2978
3027
3006
3020
3038
3036
3040
2993
2977
3015
3004
3029
3030
3022
199
3032
3017
3018
3016
2989
2994
3038
2645
1730
3006
2999
2991
1254
2971
2997
2984
3022
3025
3017
2973
2949
3032
208
3016
3020
2997
2986
2927
2993
2984
2997
3017
2966
3021
2875
3038
3021
1179
3027
3012
2032
2883
3030
3022
3012
3024
3011
2974
3017
3017
3017
3026
3021
2998
2987
3039
3001
3032
3006
1789
3003
2986
3023
3013
3011
3009
3023
3029
3002
2844
2322
3001
2999
3026
607
3009
3001
720
3007
3014
3007
3021
1844
2949
3041
185
2804
2993
1255
2062
2992
2988
2975
3018
2974
3006
2958
3009
2988
3029
2719
3027
370
3004
3008
2992
2972
3023
3003
3006
3015
3009
2943
2991
3036
2992
2913
2518
2967
3014
3016
2990
2984
121
3007
2423
3030
3012
2959
2914
3005
3018
3010
3019
2994
3007
3020
2966
2954
2996
3024
2964
2241
3071
2998
3030
3005
3021
3026
3010
3030
2928
3018
2992
189
3028
197
1604
2972
3036
3014
3012
2994
197
3019
3001
3099
421
1809
3018
528
1975
2997
3008
3092
3010
2976
3006
3027
2534
2989
2977
2990
190
3004
2991
3006
3008
3005
2984
3015
3036
2938
3006
3003
3027
3026
3020
2992
2664
3018
1002
708
3034
351
3023
3013
2980
3002
3008
3007
3018
3003
3011
2999
147
3012
580
3027
3027
3014
2991
3022
3022
2978
3021
2706
3021
3006
2969
3010
996
3002
2979
3027
3010
3007
3029
3000
3016
3009
3011
2992
3022
2986
2981
3019
3006
2989
2997
2991
3004
3012
3007
2936
3005
2401
2989
2992
2943
3014
2753
3037
3058
3016
3007
3012
2174
3006
3017
2993
2507
2987
3001
2820
2677
287
2889
2981
3021
3004
3031
3033
3047
3045
3012
2990
3017
2986
3019
3042
3006
320
2965
3032
2997
3008
2974
3010
3000
1034
2941
3002
3033
3001
3033
2966
3018
3015
2996
2972
3008
2965
2997
3024
2993
3010
3016
3009
3034
3002
3021
3011
2938
2974
2886
2998
2996
2998
2984
2987
3012
3021
2902
2982
3004
3009
2996
3013
2968
2991
2538
3008
3026
3002
2905
3011
3002
3035
3018
2983
771
3053
757
3001
3000
669
3024
3071
3027
2970
3013
3010
3018
3007
3001
3009
2977
2941
2994
3013
3029
3035
3019
3019
3020
3004
3012
2996
2080
3012
2932
3020
2946
2298
3026
2998
2979
3010
3005
872
2996
3019
2997
2905
3007
2995
3010
2994
2980
3011
3008
3005
2991
2994
3015
3023
3028
2577
3010
3002
3008
3054
2920
3020
3021
3010
3033
3028
3010
3002
3006
3023
2770
2966
3018
3001
2978
3005
2953
3021
3030
3026
3008
2992
3016
2992
3014
1475
2980
3014
2973
2984
3022
3036
3012
3009
3017
2984
3010
3014
3033
3046
538
3044
2961
3027
2980
3024
3012
3032
3048
3019
3032
3025
3035
3021
3011
3062
3082
3015
3006
3003
3032
3006
2991
2961
2984
2956
3028
3009
3052
2873
3041
3020
2346
3006
2998
2983
3013
3021
2987
3010
3015
3029
3035
3010
3008
3064
2967
3058
1725
3005
3002
670
3023
2995
3000
3018
2992
2302
3036
2977
3018
2991
3008
3024
2986
3011
1398
2999
3006
3027
3011
2979
3017
2944
3007
2998
3025
3043
3038
3007
2987
1585
3036
3008
2991
3024
3002
3014
2991
3011
3023
3040
3041
3002
2996
2983
2990
3038
2960
3017
3073
2918
3018
3027
3006
3005
3019
2961
2993
3000
3018
2998
3011
2967
2993
2996
3014
292
2987
3006
686
3008
3032
2957
3018
2987
2786
3021
3026
3019
3023
3028
165
3025
3035
3009
1564
3037
2985
3076
3010
3007
2991
1993
2948
2989
1566
3015
3033
394
2970
2985
3014
2839
184
3029
3020
2998
2960
3007
3018
2997
3002
965
1392
2840
3017
3027
2972
3031
3002
3028
3042
3018
1344
3017
2989
3008
2969
3031
2969
3009
3014
3012
2563
2195
217
3037
2845
3019
3004
2996
1441
3043
2952
3022
472
3021
2960
3022
2977
2995
3011
3001
2956
2981
3018
3004
611
3026
3024
3021
3014
2970
3031
3009
3004
3007
389
2980
3041
3044
3003
3012
3002
693
2999
2742
2983
2977
2975
3017
3023
2996
2995
3000
3027
3024
3006
3010
2987
2728
2875
3029
3028
1936
3041
3021
2763
1897
3044
2975
1118
3017
2993
3015
3012
2999
3003
2849
2996
3022
3007
2546
3027
3001
3013
871
3001
3001
3027
2851
161
3035
2951
3019
3008
2981
3013
3014
2982
2997
1814
3016
3009
3012
3010
2998
3005
2999
3026
2996
3002
3007
2996
3017
3013
3005
2996
2989
3000
3011
3006
3021
3013
3026
3027
2445
2963
3012
3000
3005
3011
3002
2992
3016
2973
3019
2076
3039
329
303
3004
2990
3011
3025
3027
3024
3013
2997
3001
3026
2616
3000
3014
3003
2997
3003
2998
2911
1374
3039
3005
3049
3015
888
3012
3033
2980
3008
3019
2994
3022
2989
2996
2965
2966
1057
2975
2972
3035
3008
1282
3011
3019
3006
2992
2957
2970
3019
3016
3035
3027
3027
2991
1780
3005
3003
2950
2769
2996
3033
3016
253
3002
360
3025
2992
2973
3020
3010
3007
3021
2977
3024
3002
3011
3011
313
3004
2998
3013
2991
3033
3004
2998
2968
2981
2991
3034
3020
3007
2986
563
2979
3034
3076
3041
3027
3004
3002
2798
3006
2993
2888
3017
2888
3008
3002
3010
2978
2982
3014
3017
1269
1802
2980
2988
3031
3006
2566
3022
2986
2990
3038
2980
2696
2972
2965
3001
3044
3012
3016
2977
3009
3000
3015
3013
3007
2683
3023
3011
3023
3019
3006
2967
3029
3001
3005
3014
2483
2985
2240
2939
2994
2851
3051
3088
3037
576
3032
3008
2997
2978
1545
206
3027
2991
2986
2964
367
3062
3038
367
2967
3021
2969
3009
2655
3017
3017
2992
2988
3000
3021
3005
3038
2990
2994
3036
3015
3040
2988
2994
3007
3014
1372
3041
3031
2970
2964
3010
3015
2971
1858
2991
2976
2997
2987
2994
3001
3012
3000
3024
2997
3000
3000
3023
3011
2984
2565
3020
2994
3013
1457
2988
2964
462
3016
2968
3024
3016
2194
3014
2971
3005
2978
2986
2849
3024
2981
2773
2963
2996
2996
3012
2983
3006
1177
696
3038
3009
3017
3026
3022
3032
3003
3027
2985
3014
2988
3012
1587
3001
3007
2984
1868
3014
3013
136
1995
2991
3002
3003
2994
2548
3038
3024
3014
2997
3024
2494
309
3013
3037
3022
2984
3017
3035
942
3005
2789
2991
3031
3007
2984
2999
3020
2850
3008
2998
2995
3024
3032
3041
3004
180
2980
3023
2979
2969
3099
2994
3017
2974
3025
2467
2986
3080
2985
2992
2992
3016
3007
3001
3014
3007
3002
3008
3015
3018
2954
2994
2846
2971
3010
2994
2975
3004
3035
752
3013
2990
3003
3022
1150
2999
2982
3023
679
3109
2978
3028
3025
3020
3089
3009
3038
3031
2993
2953
2990
3028
3000
3025
3016
2977
953
2994
2964
3029
3016
2987
3009
2993
2980
3021
3020
2987
3010
3004
3012
3035
443
2986
3005
2998
3006
2998
3005
3019
3030
3001
148
2929
2741
3023
3014
3004
3006
2960
2830
3057
2996
2996
2997
2983
2983
2965
3013
3002
3036
3033
2954
3023
3001
3001
3016
3009
3002
3019
3023
3026
3011
3002
522
3024
3004
2989
2972
2928
3002
3067
2948
3014
2997
3002
3025
2992
3016
2961
3010
2687
3013
3002
3044
3032
3041
3007
2996
2983
3018
3020
2720
2204
1880
3006
3016
2985
3022
3038
3025
3020
2964
2948
3023
2981
3016
2520
2990
3004
3024
3021
3038
2984
2971
3027
3011
3009
2999
602
2996
2955
3056
2895
3019
3005
3012
3002
3015
3019
3003
2986
3012
3014
2981
3020
3032
166
3024
2991
3032
324
2995
3025
3010
3017
3021
3017
3039
2976
2993
3014
3000
3004
3056
2990
3014
2998
3004
3012
3028
3001
2978
3031
2916
2977
597
3010
3002
2986
3060
3009
2988
2252
3024
2965
3028
3023
2986
3001
1341
3027
1720
2578
3011
1229
3006
3017
2998
3021
1841
3036
3022
3021
3000
3004
2994
3024
2990
2981
2998
3000
3026
3011
3004
2998
3009
955
3034
3024
3002
3029
3019
3001
3015
3008
2991
3017
3011
3011
2989
2987
2990
3016
3029
3001
3036
3037
3007
3014
3045
2533
3026
3015
2905
2973
3000
3013
3026
2991
3025
3011
3004
3012
386
2982
2993
2988
3031
3031
3008
2988
3020
2940
2987
2997
3009
3079
1112
3038
2980
3001
3010
3005
2982
3024
3011
3014
2968
2961
3022
3004
3022
2980
3021
3021
3036
3022
3007
3002
3019
3032
2804
2462
3021
2049
3008
2999
3014
3028
3022
3024
3028
2986
3005
3030
3012
2560
3002
3005
3020
3015
3028
2967
3005
3036
3022
2703
3003
3000
2996
3014
3002
3000
2966
2681
656
2748
3016
2987
3004
2653
3020
3023
287
3019
2703
2979
3028
3008
216
2999
2997
3028
3011
3008
452
3006
3029
2995
3028
2999
3016
3037
3020
3027
3023
2999
3031
3003
3018
3022
3012
1161
3020
2992
152
953
3002
3012
3020
2989
2992
2991
3030
2912
3012
3004
2961
3007
3057
2984
3090
263
3009
2959
3005
2998
3000
3004
3001
3022
2999
3024
3024
3014
3024
3010
3015
882
2991
2958
3025
2933
2941
2999
2927
3009
3020
2994
3038
3092
3014
3018
3015
3016
1776
3027
344
3097
1151
3001
3018
2968
170
3035
2104
2970
2997
3027
2985
3005
2981
3025
3006
2996
3054
2979
2989
2825
2969
2008
3053
2998
755
2978
842
2982
2981
2945
3010
2991
2989
2976
2981
2893
2987
2964
2981
3029
430
3020
2996
3025
3004
3012
2975
3003
2996
3028
1641
3025
3016
3023
3014
2975
600
3017
2994
1805
3025
2975
3015
3038
3017
2984
1601
2994
3025
3025
3003
3009
3090
2989
905
3008
3027
2940
3020
3019
3007
2954
3009
3021
3038
2730
2706
1930
3070
2998
2980
3002
2961
1848
3034
2974
2998
3032
2914
3010
2974
2992
2955
2997
2984
2998
3089
3018
150
1888
3019
3013
2880
2983
3007
2959
3009
2957
3030
2994
1050
2998
3042
3036
2978
2977
2969
3017
3008
2034
2984
3004
3001
585
3005
3007
2731
2995
2999
3009
3026
1674
2995
2392
513
3063
2982
651
3015
3018
2981
3002
2991
2992
378
3000
2986
3003
3034
3034
3001
3012
3008
2954
2991
2930
2996
3003
3041
3007
2997
1984
3032
2983
2990
2994
3021
2970
3002
2968
3013
3010
3020
3031
328
2988
2740
2625
2994
3086
2973
3031
2981
3007
3006
1924
3033
3065
3021
3015
3016
3009
2983
3014
2987
3020
3008
2688
2977
3022
1202
2986
3013
3051
2898
2975
1729
3028
2995
3017
2732
2998
3008
2987
3017
2978
3004
2998
3003
3013
3013
845
2979
3012
3070
521
2983
3012
3002
3035
1928
3034
2971
2751
3005
3021
3012
3007
3027
3015
2992
2998
3003
3008
3003
2986
2983
3033
3020
3064
3014
2997
3030
2987
2993
1911
2545
3009
3004
3035
3000
3008
2998
3031
3025
3005
3007
3024
3002
3019
3016
2989
1761
3005
3016
3026
3008
3033
3035
3019
3009
1345
3001
2977
2990
3004
2985
3003
2991
3010
3010
3035
2995
2962
3030
2989
2998
2997
2991
3038
2768
3007
2975
3014
3027
3016
2388
3023
2995
3003
3012
3037
3034
2989
2992
3020
2990
3005
2993
3015
261
3029
2971
3012
3018
3020
3002
3032
3007
3059
2979
2979
3001
2998
1895
2995
2991
3020
2965
3013
3015
3015
3010
3006
3018
3011
2991
2990
3003
3004
3004
2989
3017
3008
2924
2951
3021
3028
3007
3024
2993
3006
3001
3015
3026
188
2948
3000
3015
3022
3003
2996
3025
3008
897
3020
3008
3015
3022
3009
3029
2971
3006
2993
3012
3027
2952
3025
1904
2994
2981
2972
3029
2949
256
3024
2963
2053
3011
2982
2991
3009
3029
3009
2950
3018
3003
2818
3021
3022
393
3015
2991
2997
3011
3093
3010
3043
2950
3015
2986
2997
2994
2974
3026
3029
3029
2999
3008
1755
1000
1137
3015
2987
2999
2981
3035
2997
2881
3013
3008
3021
3081
3019
3010
2950
3010
3013
2997
3016
2989
2988
3001
3025
3016
2992
2962
365
3006
2843
2983
3018
3007
2997
2973
2942
3001
3087
1629
226
2763
3004
3005
2994
3018
2728
3010
3028
871
2974
2817
2976
2991
2978
2972
3001
3008
3034
3005
3016
3002
3015
2978
3018
3013
3004
3010
2998
3033
3014
3007
2954
3000
2978
2757
2995
3000
3011
2970
3011
2521
2987
2980
315
2967
3045
2815
3016
3026
2977
2986
2983
3023
2999
2998
3004
3002
3005
2986
3007
2972
2997
2994
3011
3027
2994
3055
3032
3012
3014
3029
3005
2984
3090
2437
2965
3006
3007
183
2998
3012
2985
3004
2988
3019
2994
3004
3014
3002
2994
3066
1879
2969
3015
3008
270
3016
3007
3021
676
3013
3005
3023
3007
3014
3027
213
3025
3019
3018
2998
3060
2934
3000
2978
2998
3009
3019
3035
3018
2779
602
2994
2991
3071
3006
3029
460
2988
3025
2981
2993
2982
3025
968
2978
2999
3039
2793
2986
145
2992
3021
3025
3015
3019
3022
2993
3025
3020
3039
3004
2998
3018
1300
3002
3006
3006
2454
3002
3009
3025
3003
3008
2994
3007
2989
3021
3012
3014
2975
3010
3014
2602
3016
3026
2998
3012
3011
2976
3024
3015
2995
2990
198
3014
3014
2990
3020
1546
2537
3005
3029
3018
3021
861
2950
2968
3005
2975
3001
3027
3014
2913
3014
3014
3026
2954
3010
3005
2987
2997
2994
2997
3037
1010
232
2961
2989
2997
3002
3017
691
3062
3015
3036
3023
3015
3005
3002
2986
3009
1018
3011
3011
2915
3031
3040
3010
2624
3039
2980
3018
717
3003
2997
3020
3030
3013
2997
3003
3012
3024
3001
3011
2980
3043
2979
2977
3004
3006
2998
2987
3006
2760
3019
3032
3043
3002
3041
2979
3022
2999
2991
3009
3034
3016
3014
279
3035
3001
2993
3016
3035
2167
3003
3014
3008
3047
3024
3023
2995
3008
3010
2992
2446
3007
3048
2996
2992
3029
3031
3020
1708
2975
3013
3013
278
2981
2979
2994
3006
3017
3024
3002
3030
3013
563
2992
3025
3005
166
3004
3003
2971
3084
3010
3011
3004
3028
3011
3017
3033
2562
3019
2988
2957
3017
2999
2997
2998
2968
237
3019
3027
3011
3012
3007
2990
2980
2972
3039
2712
3007
3013
2994
3046
3011
2967
3007
3001
3009
3003
2997
3015
2997
3019
2968
2987
2989
2943
3082
3025
2972
3024
3022
2996
3013
3001
3007
311
2966
2987
2941
3010
2976
3004
3020
1882
3020
3027
2977
1842
3010
2998
1630
3008
2994
3031
2996
2995
2996
3007
3012
2988
368
144
2972
1544
3001
3001
2987
2946
2990
3018
3028
3021
2091
3021
2959
3022
2348
3002
3031
2970
3036
2977
3043
3009
3011
2076
3005
3001
2985
3010
3009
3052
2984
2999
2984
3007
2965
1237
3018
2029
3001
2978
2986
1903
2981
3021
3002
3030
2979
3022
2992
2974
3027
3009
3015
244
2995
3073
3011
3043
3002
3026
3010
3002
2992
306
2740
2974
3015
2634
2236
3038
2971
3021
2976
3020
3033
3010
1334
2932
3000
3047
2987
3001
2996
3014
2970
3001
3015
2230
2274
3031
3020
3011
3011
3000
3023
3028
3037
3011
3061
3015
3004
2980
3037
3025
2997
2994
2357
3026
3017
3023
3037
3003
2984
3002
3031
3012
3004
2987
3009
2989
2908
2984
2965
3027
2982
3044
2444
2994
3020
2989
3035
3025
2956
3043
3049
3026
3015
3001
3008
3020
2467
2914
2321
3013
2983
3032
2859
2981
3031
2796
3015
3010
2947
927
3023
3014
3007
2975
2995
3050
3017
2750
3011
3002
3021
749
3023
2983
2986
3017
2979
3012
2913
3041
3021
3007
332
3009
3000
2967
2727
2983
2997
3034
3015
3010
3020
3072
2913
2420
3009
3041
2944
3037
2993
3006
3013
3017
2999
3029
2997
3001
2990
3014
3020
3002
2766
3026
3019
2295
2913
3015
2977
3008
3029
802
3025
3009
2969
2994
3008
2978
3005
2994
2825
2983
2996
2985
738
2891
2997
3027
3005
1956
2985
2992
2954
2995
368
1794
3011
3018
2957
2596
2999
2986
3013
3015
2995
3034
325
2969
3023
2928
1606
2974
3003
2492
3001
2988
1133
3014
2977
1887
2871
3018
3003
3002
2992
1737
3004
3012
3019
3035
920
3008
3020
3034
3038
3052
3026
2969
2998
3015
3000
3030
3013
3000
3052
1549
2993
3002
2982
473
2987
3022
2998
3003
3007
3027
2974
3003
2336
2530
3003
3010
3090
3010
3013
2723
3015
3023
3002
3001
3027
3032
274
3000
2997
3012
3017
3012
2975
3013
3030
2969
2993
3052
2695
2994
3033
2986
3018
726
2982
344
3003
3003
2118
2014
3024
2973
3037
3016
2983
3026
2983
3025
3032
3015
2990
3006
3015
2982
3007
3019
2917
3037
3018
2991
506
3006
3025
3008
3004
3004
3016
2973
654
3048
2963
2990
3005
2990
3017
3001
3007
2981
280
3017
3025
3018
2812
2988
3006
3005
2981
3016
3019
2998
2994
3045
