2979
1057
2991
2978
540
2963
2940
2936
2977
2977
2936
2980
2987
2998
2991
2924
2969
3014
3005
2977
2991
2970
2932
2945
2987
2978
2962
2980
2986
2964
2414
2969
2986
2972
3006
637
3014
2956
2979
2967
3002
2982
2971
2920
2917
1609
2988
2989
2973
2992
2980
2968
3003
2973
2655
2835
2982
2904
2978
2953
193
2987
2943
2976
2987
2976
3031
2994
2994
2979
2980
2960
2954
2979
2978
2985
2959
2936
1500
2990
2980
2986
2946
3007
2962
2975
2974
2991
2989
2982
296
3009
2979
2970
2957
3016
2980
2998
2982
2966
2960
2997
3000
2992
2957
3007
688
2989
2971
2569
2972
2979
2960
2936
2968
2942
2965
3006
2989
2500
2954
2959
2969
2958
2959
2976
2952
2999
2985
2992
2977
2951
2979
2964
3031
2933
2975
2980
2985
2960
123
3007
3074
2974
3000
3022
2934
2982
2980
2978
619
2945
2957
2952
2984
2980
2151
2996
2987
2936
2956
2989
2967
2959
2819
2958
2991
2935
2902
2978
2921
2963
2973
2979
2996
606
3004
2975
2999
2965
3007
283
2936
2990
2964
422
2558
2897
3028
2967
2988
2927
2954
2927
3016
2936
1156
2949
3022
1999
2915
2980
2967
2966
2987
2841
2978
2940
2971
2992
2982
2992
2997
2947
2989
2972
2965
2972
2973
2996
2988
2981
3001
921
2987
3009
163
2974
2975
3034
2991
2955
2987
2978
3009
2965
2988
2988
2986
2991
3017
2982
2963
1383
2995
635
2976
3008
2640
2974
1355
2963
2927
2999
2982
2935
2761
2995
2990
2950
2963
808
2570
2967
2280
3011
1354
2991
2995
2952
2971
2990
383
2992
2941
2960
2981
2984
2988
2980
2540
2976
3014
2975
3015
2994
2970
2979
2980
2969
2963
2931
2981
2998
2987
3011
2990
2972
145
2980
2971
2992
2861
2979
2987
2380
1672
3080
2967
2975
2999
2994
2991
2985
2994
2976
2953
676
1995
2949
2960
2949
2982
804
2998
485
2957
1358
2990
3005
2961
2978
3001
3004
2976
1374
2984
1071
2964
2982
2979
2951
2989
2997
2980
2989
2977
2922
2951
155
2957
2992
3036
2436
2378
2980
2946
3015
2958
2903
2966
2339
3008
2963
2990
2966
2973
2973
2994
2924
2998
2965
2972
2991
2953
2983
2985
2936
3007
2795
2963
2969
2979
3020
2699
2984
3001
2976
2995
2971
2982
2969
2927
2969
2958
2973
2975
2942
2958
704
2980
2991
2975
2962
2964
3006
2846
3000
2971
2992
2971
2981
2990
2981
2984
2538
2969
2828
2955
2964
2980
2958
2967
2996
2960
2800
2979
2978
2320
2982
2979
2998
1110
2974
2991
2999
2997
2978
2961
2718
2988
2983
2994
2944
2970
3081
2986
2987
2981
2924
2979
2991
2992
2972
1008
360
2992
3012
2992
2955
2962
3005
2982
2686
2957
2987
679
2997
3002
2907
2944
2980
2983
2999
1618
2981
2990
2997
2993
3010
3017
2998
2980
2993
2955
3001
2979
2968
695
2989
2989
2986
2985
2982
3056
3018
2988
2999
2980
2955
2970
2956
2465
2982
2975
2987
2996
2990
2958
2942
2975
2973
2972
2975
2971
2969
3012
2947
3012
3021
2953
2975
2991
2973
2998
2987
2972
2965
2981
2974
2957
2773
2972
2994
2962
2928
2936
2981
2980
2970
3009
3007
795
2978
2976
2996
2934
3006
2947
2991
2968
2991
2960
2967
2984
2978
2989
2975
417
2987
2967
2972
1567
2984
3003
2968
2980
2843
2979
2977
2947
2974
404
3017
2957
3007
2985
2975
2964
2972
337
2994
2936
2974
3009
2956
2974
493
2943
2955
2996
2963
2987
759
2931
2993
2461
2974
3017
2998
2987
2977
2989
2986
2990
2958
3013
2980
2992
2958
2976
2926
2970
2960
2965
2971
2951
1784
2597
2964
2910
2898
2879
3009
2955
2966
343
2423
2990
1996
2957
2963
2970
2849
2963
2986
3002
3004
3009
2984
3030
3015
2976
2974
2958
2969
2966
2975
2975
2878
2983
3024
2965
2998
2973
2980
2971
3008
2975
564
2972
3003
2976
2286
2961
2953
3011
2697
2983
2983
3001
2989
2967
2991
2994
2976
2982
2928
2980
2979
2864
2973
1635
2972
2994
2958
2958
2953
3000
330
2950
2965
2982
2951
2975
2978
453
568
2688
2973
3001
2965
2977
2200
2901
2997
2984
3003
2982
2988
3000
2984
2969
2974
1592
1466
1647
3006
2969
2966
2912
2968
2989
2984
2977
2993
2992
2978
2990
2992
2976
2360
2987
2979
2977
2983
2986
2945
2973
2914
2985
2980
2985
2958
2965
2995
2965
2873
3022
3003
3005
2990
3028
2979
3010
2973
2947
2957
3007
2950
2967
3008
443
2977
693
3007
2971
2967
2999
2971
2992
721
2989
2976
3012
3041
2979
2989
2975
2976
2959
2938
2977
2988
2978
467
2195
737
2826
2946
160
2992
2956
2997
2960
2980
2984
2957
2987
2945
2953
321
3037
2190
2934
2995
2985
2983
2996
2909
2978
2975
2993
2994
161
251
2953
3016
3028
2993
2978
2965
2591
2897
2749
2974
3020
2997
657
2997
2885
3013
2982
2984
2997
2210
2973
2985
2997
2978
2717
1732
3010
3015
2929
2972
2924
2987
2939
2996
2984
2992
2973
2991
2979
2959
3012
3019
2980
2922
3081
2998
3008
3007
2968
2958
2986
2990
2961
2993
1777
2977
2966
2966
3051
2995
2946
2986
2974
2978
2978
2976
2971
2986
2967
1401
2855
2972
2992
2990
2971
2969
2988
2974
2969
2796
2987
2967
3062
2923
1319
3000
2997
2992
2977
3053
2955
2958
2964
1597
3002
2991
3015
2992
2834
1120
2981
3007
2685
2971
2953
3003
2999
2976
2971
971
2965
2969
2943
2995
3014
2979
2998
675
2973
1405
2934
2985
2960
2950
2989
2961
2966
2985
2937
2976
2933
2955
2999
2982
2912
144
2977
2991
2984
2988
2939
2980
2459
2992
2999
2945
3004
3007
2908
2873
2951
3000
2972
2926
2972
2981
3019
2641
2982
1898
2969
2975
3011
2990
2970
2970
2975
2946
1475
3057
2950
3004
1758
3000
300
2990
2110
2911
1706
2954
2988
2987
3052
2969
3008
2976
2989
2988
3038
2971
2970
2973
2992
2917
2974
3004
477
2963
2996
3019
2944
3004
2977
1249
2985
2955
2955
2981
2953
2528
2989
2973
3000
2994
2971
2934
1252
2979
2973
2987
2995
3036
3009
2968
2981
3013
2983
2691
2965
2980
2975
2963
501
2982
2988
2987
3003
3010
2966
2957
2985
2975
2995
3003
3007
2968
2965
2995
3040
2975
2972
3002
2942
2972
2203
2986
3007
2982
2971
2936
3007
2996
2992
3011
1705
3055
2972
194
2977
2927
2967
2999
2610
2762
3004
2748
2976
2984
2981
2992
3004
195
2987
2892
2991
1319
2985
2908
2949
2961
2974
2985
2961
3017
2960
2361
2972
3006
2959
2994
2975
2964
2981
2977
2972
1320
2931
2952
2990
2956
2965
2974
2975
2771
2996
2965
2975
2963
2997
2958
2983
870
2927
2972
3010
2954
2996
2987
2988
2982
2967
2974
2962
3048
2893
3064
2962
3000
999
2995
2982
2212
2256
2978
662
2470
1021
2968
3016
2982
2976
2982
3008
2648
2990
2980
2937
2986
2991
3000
3017
2992
2988
2981
3025
2988
2980
2948
2982
2985
2985
701
2969
2984
154
2967
3003
2997
2273
2984
2624
2495
3020
3009
2967
2924
2975
3011
2967
2028
2989
2970
3002
2997
2960
2987
3009
3006
2988
2990
2988
2984
2982
3002
2969
2987
2998
2945
2986
2965
2964
2922
2949
2991
2951
2985
2947
2930
2973
2919
2959
2988
2957
3016
574
3002
2995
2949
2939
3008
2980
2983
2980
2980
2990
2957
2965
2998
174
2993
2973
2974
2956
2957
2974
3021
2981
2843
1038
2985
2997
1545
3057
2973
1205
1797
3046
3006
2957
2972
3008
3000
2987
2975
2401
2999
1320
2990
2985
3006
2971
3014
2979
2939
2981
2966
2792
3010
2993
141
2990
2998
2982
2310
2912
2990
2800
2857
2891
2675
3067
2909
3019
2683
2968
2971
2958
2950
2972
2978
2989
2972
2991
2983
3003
2972
2832
2984
2989
2966
2965
3008
2917
2984
2988
2935
2988
2990
3022
2965
159
2936
3001
2984
3015
2980
345
3009
2996
3014
2981
2931
1030
2975
2981
2989
2904
2469
2977
2987
2992
2969
2957
2991
2978
2790
2999
2973
2996
2969
3001
2966
2945
3013
2958
2320
3008
2982
2971
2941
2988
2928
2996
3001
2985
2993
2737
2970
2987
2987
2979
2956
3001
2946
2974
2980
2990
2980
2985
2878
3007
2930
2954
2989
2997
2978
3000
2108
2943
2959
2142
2981
2953
2980
2990
2996
3013
2929
3005
2953
2973
2968
2968
2970
2993
2971
3033
2971
2969
2944
3002
2967
2902
2979
2990
2895
2953
2996
2999
2951
2983
2983
2964
2999
3065
2904
894
2991
2930
2984
2971
2991
2950
3009
2978
2990
2965
2969
2995
2936
2929
2983
2990
2951
3010
2855
2982
2989
2956
3011
2999
2969
2993
2969
2963
2977
2144
2936
3005
3009
2991
2941
2967
2956
2981
1114
2877
3007
2982
2962
2967
2847
2609
3001
2151
2961
2911
2973
2974
2979
2991
2975
2975
2989
2997
2955
2969
2984
2945
2949
2941
3000
2975
2980
3055
2946
2993
2990
2986
2991
2982
2971
2991
2999
3019
2978
1457
2982
3004
2980
2972
3057
2956
497
2976
2989
2989
2970
2956
2996
2945
2998
2952
2967
2946
2936
2984
2954
2969
2945
1696
625
2970
3021
3009
2975
2995
2977
2979
2938
2969
2995
2970
404
2980
3008
3003
2949
2945
2906
354
2989
2994
2930
3003
2983
2975
2993
2976
2980
2970
2978
2996
2976
2632
2952
3023
2974
2951
3013
2970
2973
2988
2984
2974
2970
147
2983
3014
3005
2991
2977
2963
2983
2197
2984
2947
2950
2970
2960
2928
2985
2982
2980
3011
2650
2963
3007
2999
2974
2969
2301
3006
2941
2898
3004
2957
2948
2988
2958
2974
2986
551
2995
3022
2974
2995
2964
2976
2966
2994
2951
2993
2954
2988
3017
2970
2979
1815
2964
3009
2971
2982
2961
2964
2974
2868
2991
2981
2973
2944
2941
2990
2997
3011
2979
2989
2966
2967
2979
2937
2997
2966
2991
2955
2987
2983
2953
2949
2923
2997
2985
3003
3034
2969
2987
3007
2983
2985
2981
2998
2964
3059
2978
2978
2919
2959
2905
3001
2997
3008
2962
1599
3014
2993
2981
3018
2928
2969
2994
2975
3003
2963
2977
2942
2965
2971
978
2987
2948
2964
2996
2991
2970
2966
2954
3082
2945
2971
3010
2969
2953
2999
2957
893
2951
2951
2926
2952
3021
2960
2998
2969
3000
2977
2900
2960
2554
148
3011
2909
2996
415
2949
2975
1804
2892
1485
2973
2984
2958
2995
203
2957
2997
2958
1685
2968
1290
2950
2980
2986
3001
2985
1369
2977
2974
3012
2787
2972
2960
2961
2952
2990
3058
2957
2994
3008
2976
3012
2972
2999
2947
2947
2989
2948
2999
2954
2990
2979
2987
3007
3010
2975
2127
2967
697
2942
186
3012
2991
1475
2979
2981
3007
2500
2964
2977
2977
2979
3000
2973
2987
2976
2959
2994
2964
2993
2982
2940
3024
2963
2991
2950
2977
577
2986
2991
3000
2982
3015
966
2987
1400
2961
2982
2989
2984
2987
2985
2979
1565
2993
2751
2964
2986
2963
2996
2994
2980
3017
2959
2977
2992
1308
2961
203
2944
2941
2948
2996
2985
3014
2982
3010
2979
2953
2979
2935
2981
2872
2999
3011
2996
2964
2976
3002
2983
2917
2927
2352
2984
2971
2988
3007
2991
2966
2943
2959
2975
2934
3003
408
2962
2975
2979
2948
2951
2820
2966
2972
2993
2920
2943
3014
2995
2996
2995
2972
2970
2941
2000
2968
2987
3002
3018
2988
2988
2978
2982
3027
2975
2984
2982
2981
2980
1942
2972
2975
2971
3027
3030
2969
2984
1936
785
2993
2949
2973
2989
2960
2475
2968
3032
2969
3009
2993
2999
2959
2984
2990
2994
2971
2853
2975
3032
2972
2956
2985
2986
3003
2983
3007
2868
2985
2990
2980
2984
2985
2117
424
2969
2955
2963
2977
2981
2978
2992
2989
2961
3018
2991
2929
3002
2971
2984
2868
2992
2962
2985
2965
2973
2985
2971
2990
2991
2999
2963
2952
2990
2931
2991
2987
2975
3016
2995
2981
2833
2975
2974
2938
2959
2953
2987
2935
3051
976
2991
2973
2960
3004
3009
2947
1850
2997
2984
3016
3030
1458
2952
2873
2964
2944
3014
2966
2998
2687
2883
2976
2991
3001
2973
2996
2954
2959
2992
1475
2930
2950
2982
2929
3005
2961
2972
2995
2978
2984
2978
1933
2995
3015
2924
2485
2943
3011
2951
2988
2982
2957
2998
2939
2960
2967
2995
2999
3011
2969
2989
2985
2972
2987
2990
2970
2962
3006
2964
2990
2982
2925
2987
2947
2939
2025
2958
2405
2572
2967
2993
2976
3007
1368
2972
3031
2998
2976
1455
807
2997
2997
2960
2970
2979
2983
2927
2907
694
2979
957
2844
2959
2949
3009
1553
2999
2992
2964
2996
2992
2983
2976
2994
2940
2132
2975
2996
2987
2971
2999
2985
3063
2961
1225
2950
2992
2993
2996
2944
2989
3004
470
2983
2958
2953
2964
2999
3009
3004
2993
2933
2941
2963
2960
3001
2966
3031
1141
2962
2985
2993
3002
2976
363
2990
3007
3014
2991
2976
3002
2989
2975
2996
2990
2999
2970
2996
2988
3001
2973
2977
2968
2997
2955
2990
3006
2971
1220
2880
2958
2994
798
2986
2842
2932
2920
2999
2128
2990
2975
2979
2962
2994
2985
2982
2979
636
646
2995
3001
2968
2986
2967
3034
3012
1422
2998
2981
2977
2965
2981
3007
2956
3012
2966
3018
2980
2964
2943
3084
2985
3006
2171
2930
2988
2796
2980
2934
3003
2958
2958
2985
2904
3005
3045
2959
3012
2960
2963
2991
2976
2672
2986
2994
2992
2976
3031
2957
2987
2976
2973
2073
2997
2950
2890
2973
2994
2986
2984
1849
2945
2216
3003
2961
2975
2971
2976
2987
2990
3008
2964
2946
2991
2971
2980
2947
2965
2962
2995
2936
273
2954
2269
2959
1723
651
2954
2976
2969
3012
2999
3000
3002
2987
2957
181
2918
2971
2969
2966
2972
2964
2993
2969
2997
3003
3005
2973
2952
3008
3011
2943
2970
3007
2961
3050
362
2980
2989
2947
3007
2939
2987
2998
3019
3001
2988
2974
2998
3003
3012
1743
2983
2979
2968
3013
2965
2421
2967
2960
2969
2002
2427
2959
1669
2960
2969
2999
3004
2984
2997
261
2969
2980
2977
3089
963
2959
2980
3008
2915
3015
2990
2929
2929
2952
3000
3006
2990
2957
821
822
2971
2912
2999
2986
3001
3004
2987
2951
3013
2951
2934
2981
3000
2964
3027
2856
2947
2956
2987
2979
2988
2944
2999
2988
3087
2978
3001
2967
2967
383
1162
228
2944
2969
2982
2996
3000
2980
2959
2976
2991
3014
2578
3027
2960
684
3005
2984
2976
2955
2988
2960
2272
2978
2967
2970
1719
2969
2979
2968
2959
2979
2999
3051
2975
2994
2997
2946
2984
1368
2946
2978
2765
2996
2984
2992
2994
2969
2953
2196
2998
2954
2962
2967
2964
2996
2960
2975
2964
3005
2902
2994
2935
3009
647
2976
2970
2966
3000
2999
3016
2950
2945
2968
2994
2971
2991
3014
2996
2999
3007
2970
2967
698
2991
2987
2996
2993
2990
2927
844
2993
2990
3007
2996
2962
2981
2915
2966
3009
196
2977
2895
3019
2935
2985
2864
2693
943
2923
2961
3007
2976
2961
2182
2995
2972
2944
2963
1750
2974
2976
2985
197
2980
2984
3004
2988
622
3017
2695
2965
211
2986
2994
3003
192
2976
2950
2991
2960
2977
2943
3014
2957
2995
2985
2951
140
3032
2979
2943
2948
2983
553
2979
2981
2946
2958
3008
2995
2574
2497
2969
2989
2983
2874
2952
3017
2884
2982
3015
3010
2992
2984
2958
2972
2970
2724
1086
2983
2104
2991
2924
3006
2959
2994
2984
2962
2958
2944
2982
2958
1095
2950
3002
3023
2945
2928
2985
2985
2977
2990
2961
2945
2945
3009
2957
1522
2976
2987
2985
2974
2983
2967
3008
689
2971
3034
2920
2996
2950
3048
2988
2968
2948
2986
3000
2997
2961
3009
2990
2959
2973
213
3004
2890
2987
2992
2975
2983
2998
3020
2995
2987
2990
2973
2952
2990
2998
2997
2982
2468
540
2958
290
2995
2978
2961
2984
2978
2919
2962
2936
2935
2987
2998
3009
2992
2429
2983
2981
1733
3013
2986
3028
1171
2977
2985
2970
2986
2756
3000
2979
3006
2990
2976
2975
2981
2973
2968
2987
3000
2990
3001
2566
2986
3056
2906
2989
2999
2970
2996
2568
2934
2968
3005
492
1349
2958
3003
2656
2990
2737
3015
3007
3005
531
3001
2923
2976
443
3018
2983
2983
2873
2972
2936
2972
2531
2968
2993
2933
3009
2963
1214
3000
2988
2247
2997
2985
2980
2990
2973
2972
2973
2990
2994
2989
3015
3039
3002
3010
3017
645
2985
2991
2970
2986
3042
2950
2951
2993
2998
3022
2950
2985
2994
2979
2944
3014
2983
2945
2983
2973
2966
2981
2964
2990
2986
2921
2983
2996
2996
2995
2980
2967
2984
3041
3014
2994
2988
3026
2985
1071
2963
2997
2963
3014
2983
2963
2963
2974
2902
2969
2987
3028
2938
2962
2964
2964
2970
2975
2986
2981
2939
2995
2939
629
3000
2983
2987
3008
2984
2979
2995
2968
2996
2777
2667
2949
2982
3012
2975
2984
2982
1573
877
2969
2953
2371
2949
2937
2963
2997
2996
3015
2986
2975
1823
1951
1453
3058
2952
141
2978
2990
2975
2972
2979
1132
2973
2982
2977
2962
2984
3001
3009
3003
2980
3012
2998
2962
3005
703
2072
2946
2963
2966
250
2969
2981
2982
2949
2977
2934
3000
2978
2997
1111
3028
1125
2989
2974
2998
3009
2982
2969
1726
2962
2952
2655
2987
2959
2976
2982
2936
2965
3020
2963
2939
2983
2953
2986
2977
2059
2980
2961
2950
2993
2938
2735
2991
840
2980
3005
2959
2989
690
2976
2968
1077
2981
2963
2984
500
2969
2919
2929
2931
2981
3001
3009
2998
3010
3011
2961
3014
2975
2946
2987
2965
2982
2941
2999
2989
2988
3020
2954
2965
2989
249
2996
2978
2922
2993
2975
1062
3001
2997
2996
3027
1097
2992
2988
3003
3006
2952
3031
3038
2956
2999
2973
2995
2981
2977
2977
2999
2958
3001
2994
2981
2993
3017
795
2981
199
3019
2980
2770
2995
3011
2956
2975
2979
2997
2987
2962
2960
2984
2967
2976
2961
2947
776
2969
2989
2960
2968
2960
2991
2966
2936
2995
2952
3017
2970
2961
2995
2975
2716
2979
2980
2981
2841
1285
3021
2971
2999
2952
2906
3004
2965
2977
2948
3015
2986
2959
3021
3005
2993
2855
2988
2996
3022
2972
2971
2972
2966
2972
2958
2980
2992
663
2979
2924
3019
3007
2948
547
2955
2992
2960
2990
2995
2980
2970
2983
2317
3002
2980
2807
2994
2947
2961
2994
2988
2967
3011
2994
2962
1760
2969
2569
2966
2959
2969
2976
2985
2998
2931
2952
2992
1924
2964
2988
2970
2996
2973
2985
2978
2970
3014
3001
2954
2353
2993
3002
693
2974
2987
2983
2976
3008
2980
2962
2881
2990
2969
2997
2976
2982
2983
2986
2560
2942
2926
3012
2962
2969
2970
2994
3003
2945
2969
2976
3002
2976
2981
2986
3006
3034
2947
2983
2967
284
2982
2979
2961
2960
2954
2986
2966
143
2979
2956
2977
2975
2975
2986
2987
1794
2998
1858
2971
2959
2990
2960
3001
2999
2966
2954
476
2729
2984
2987
2983
2952
2985
2904
1224
3008
2981
2978
2908
2998
2981
2960
3000
2993
2993
3010
2991
2943
2224
2977
2824
2973
2959
2921
2991
2985
3002
2966
2956
2972
2957
2933
3003
2903
2949
2992
2997
3006
3007
2853
3006
3003
3013
2986
3005
2999
523
2981
2915
2972
2990
2981
2986
2995
859
2951
2978
3014
2845
2982
2961
2988
2989
2961
2965
2979
2969
1482
3009
2984
2990
2947
2959
2934
3045
2998
2970
2980
172
1881
2987
2990
2979
2975
3005
2974
1496
2925
3002
2983
2981
2957
2948
2940
2972
2958
3002
2941
311
2988
2963
2980
2940
2693
2993
2793
2950
2979
2967
2970
2995
2957
2977
2992
2975
2965
2978
2722
2963
3000
2942
2990
2984
2979
2941
3019
2975
3005
253
849
2984
2963
2992
2993
552
2960
2939
3005
3011
2999
2939
3011
2957
2914
2992
2981
2988
2886
2961
2975
2964
2978
2937
2941
2965
2988
2979
2963
3018
2990
2973
2904
2997
2991
2977
2975
2418
2960
2986
2992
2858
2989
2978
2981
2992
3004
2998
3008
2991
2979
3008
1496
2990
2938
2975
3009
2989
2993
653
3001
2978
2967
2956
2999
2979
2991
436
2997
3010
3004
2976
2993
2675
2975
2960
2983
2899
2956
2983
2986
2943
2917
1244
2974
2980
2999
2987
2984
3007
813
2993
2907
2986
2999
2938
2976
3007
1338
2972
2970
2981
381
2969
2996
2985
2970
2983
2979
3008
2952
2924
2932
2980
3006
2964
227
2954
2998
2937
3017
2996
2957
2990
2998
2975
2991
2900
2953
246
2932
2955
2999
3005
772
2996
2963
2929
2970
2970
2979
2970
2995
3002
2897
2962
2931
2967
2955
3001
3008
2976
2994
3010
1633
2997
2989
2911
2975
3004
2975
2914
2983
3002
2926
3003
3010
2970
3003
2987
2969
2991
2995
2989
2976
2991
2954
3026
2982
2974
2978
3008
2994
2989
2996
2968
2207
2965
2977
1310
2726
2979
2959
2983
2980
1382
2991
2991
3032
2963
2937
2989
3012
2972
3034
582
2955
2974
2968
3000
2974
2794
2975
2990
2938
3038
2954
2995
2989
2985
2984
2963
2980
2982
2964
2943
2961
2979
2947
2976
2751
2359
2932
2946
2971
2997
2994
2955
3007
1394
2958
2999
2342
2992
2976
2972
2943
3013
3005
2942
2991
2983
3007
2997
2627
2969
2971
2991
2902
2980
2998
2975
3005
803
2952
2958
2978
2958
3003
2971
2976
2977
2888
2941
1946
2998
2816
2985
2965
2971
3000
2962
3000
2995
2966
2962
2958
1148
2988
2983
2687
3071
3009
2982
2980
3010
2985
2985
2206
2955
2956
2965
2077
2804
2975
3011
3016
2972
2990
2950
1222
2946
2979
2961
2998
2968
236
2966
2994
2629
2944
2992
2562
3008
1109
2959
2954
2950
2947
2981
1997
2999
3014
3002
2960
2989
3002
2962
3017
2992
1406
2994
2993
2996
2978
2962
2971
2976
2887
2947
2992
2395
2990
2967
384
2983
2992
2945
2990
2953
2934
2974
2989
2954
2998
2970
3007
2995
2962
2981
2981
2968
2965
2985
3014
2981
2408
3006
2996
2964
2960
3002
2983
2992
2980
2975
2569
2932
2997
3000
2555
2968
2995
3006
1285
2993
2995
2924
3007
2980
2934
2952
3003
2908
2997
3038
2975
2945
2945
3001
2990
2971
2982
2958
2220
2970
3010
3002
2997
2973
2996
2996
2982
2985
2913
2975
2976
2989
2923
2994
2981
2976
2960
386
760
2980
2993
3006
3003
872
3011
2990
2956
2991
3007
3008
2986
2963
3004
2982
2968
3006
3008
428
3004
2968
1062
2983
2965
2970
2975
2786
2978
2949
2974
2907
3021
2960
2999
2992
3003
2979
2958
2996
3002
2998
1949
2986
2952
2959
1896
3018
2966
2965
2934
2913
2964
2974
3002
2985
2937
2958
2981
2987
2996
2974
2990
1198
2952
2973
1117
2967
2968
2989
2992
2962
3061
2269
2998
2939
2967
2957
2974
2983
2971
2981
2973
2974
2986
2959
3006
2953
2984
2965
2974
2924
2989
3012
2971
2995
2986
2991
2937
2983
2920
2989
2985
2966
2932
2971
2996
2972
2251
2963
2978
2956
150
691
2954
2974
2963
2489
2971
2969
3002
2952
2992
2982
2970
2957
3007
2920
3005
2978
3003
2986
2996
2953
3012
2977
2978
2976
2986
2976
3008
2928
2946
2979
3004
2937
2972
2990
2992
2936
2977
2993
2993
2996
2785
2980
2995
2980
1566
2994
2977
2993
2963
2963
2954
2971
1702
2996
2988
2944
2982
2984
2305
2965
2963
2960
2974
2999
2950
2971
2978
3057
2975
2952
3000
2999
2981
3001
2942
3064
2979
2978
2959
2979
2968
2945
2972
2987
2958
2953
2624
2967
2035
2949
2979
2809
2990
2975
3005
1316
2984
2976
2971
2965
3012
2981
2954
2965
3003
2986
2120
688
2998
2992
352
2974
3004
2972
2975
3050
3009
2986
2958
2829
2934
2983
2955
396
2989
3000
2991
2948
2987
2990
2969
2569
3005
2978
2970
2955
2979
3009
2977
2964
2919
2924
2949
2923
2991
2971
3012
2988
3011
2966
2999
3012
2973
2974
3024
2980
3000
3073
2977
2012
2649
2942
2987
2963
2991
2980
2979
2978
2986
1279
760
3002
2976
2986
2966
2988
2975
2952
2995
2997
2967
2985
2979
2994
2989
2974
3007
2991
2941
2994
2968
3025
2985
2968
3020
2988
2965
3020
716
2946
2946
2942
2951
2976
2975
2997
1161
160
2460
2971
2981
949
2273
2977
2998
2933
2958
3014
3017
2953
166
2959
1800
2735
2956
2985
2977
2923
2993
2994
2989
2990
2968
2932
2899
2930
3018
3009
2961
2991
2997
2978
2980
2991
2941
2578
3001
2977
2966
2563
2960
268
2953
3011
2992
841
3037
3002
2973
2966
1833
1798
2983
2953
3009
2954
3000
2957
2997
2995
3007
2526
3039
2995
2997
2981
2964
2971
2969
726
3008
2908
2957
2420
2993
3003
2923
2985
2820
2948
1680
2909
2975
2975
3000
3000
2946
2981
2779
3009
2984
2933
2959
1824
2966
2971
3007
3023
2965
2978
2968
2974
3006
2968
2986
2967
2994
2933
236
3016
2999
2987
2984
2958
2969
2967
2997
3013
2978
2949
331
2944
2439
2977
3011
2973
1833
2987
2941
1627
2937
2963
2962
2996
2958
2958
2373
2981
2929
2983
377
2961
2901
2997
2974
2957
2554
2966
2958
2956
2985
2931
2992
3050
3016
2945
2989
2987
3007
2747
2986
2990
2954
2968
3036
2988
2985
2686
2997
2963
289
2962
2311
2768
3010
2983
2961
2952
2991
2991
2943
2925
2975
2946
2982
3007
3028
2971
2990
2968
2997
2998
3019
2953
1874
3002
3002
2976
3015
2977
2987
2977
2984
3012
2882
2973
2955
1275
1634
2966
2983
2998
2962
2983
2959
2980
2989
2913
2936
2999
2993
2981
2983
1376
3003
3025
211
2859
2973
2982
2974
2976
2160
2971
2969
2943
3006
3006
2973
2970
2990
2948
2589
3026
198
3002
2959
2991
3015
2054
2963
2984
2996
2996
2939
2967
2075
2993
2981
2999
2988
2942
3026
3004
3043
3002
704
2973
2976
3015
2976
2991
2984
2981
2995
2998
2999
2969
710
757
2991
2949
2919
2946
2976
2984
2236
590
2998
3000
2966
3016
3001
645
375
2955
2961
2985
3023
3004
2994
2982
3019
3050
1248
2991
1811
2998
2970
456
2994
2995
2990
2978
3000
2970
3009
2980
2987
2962
2906
3007
2982
3000
2932
2981
2979
2987
2962
2046
2997
2973
2965
2972
2953
2992
3045
2956
2977
2976
2967
2990
2970
2033
2982
2975
2960
2929
2987
2973
2974
2957
2960
2956
2959
2986
2957
2979
2953
3011
2974
2790
2981
2965
2960
2046
165
2968
3002
2993
2947
2947
2982
2996
946
2978
2997
2972
2966
3024
2738
2988
2970
160
344
2983
3006
2980
2980
2952
2971
371
2990
2978
1219
2967
2680
2990
2997
2969
2983
2959
2981
675
2998
2918
2945
2962
2959
2956
2994
2975
2941
2992
2981
2913
2915
2938
2966
3025
2991
2861
2987
3003
2978
2970
2955
2986
3011
2963
2963
3002
3005
2979
2996
2988
2993
2999
2996
2914
2994
2985
2024
2968
2982
2978
2986
2963
2954
2977
2968
1042
3026
2982
2930
2980
2989
2995
2999
2999
2997
2951
2982
400
3013
2961
3015
2961
2954
2993
3007
2970
2974
1460
2953
1560
2999
2995
2995
2477
2985
2993
2919
3021
2985
3004
2868
2958
2990
282
3006
2986
2975
2986
3015
3008
2990
2965
2969
1821
2968
3002
2957
2977
2980
2943
1167
2834
2986
2981
3000
2989
2978
3010
2993
2976
2985
2980
2966
2980
2981
2970
2880
3001
3022
633
2977
2951
3039
2983
2939
2046
2986
2960
2990
3017
2933
2975
2485
2804
2960
2974
3021
2956
2977
2990
2988
2279
2941
2988
2984
1571
2980
137
3012
2994
2992
2994
2961
2967
2913
2996
2913
3007
2943
2960
2951
2933
3036
3001
2977
3009
2992
2973
2531
3059
2994
2977
2958
2978
2989
2997
2980
2969
2959
3002
2985
2954
2970
2986
2959
1850
2974
2929
3045
2980
2993
2995
2980
2968
2988
611
2971
2974
2969
2980
2984
2977
2940
2968
2907
2978
2744
2958
2973
2845
3010
3023
2977
2890
2966
2950
2972
2997
2974
3019
2965
3000
2958
2982
2978
2960
2998
2971
2936
3004
3009
2955
3023
2898
2960
2970
2985
2971
3018
2944
1509
3036
2954
3018
2964
2983
2975
2963
3009
3004
2995
2948
2979
861
2980
2944
2971
2981
2992
2990
2992
2976
3017
2998
2987
2982
2991
2983
3016
2999
2997
2978
2984
2983
2976
2973
2953
2990
3016
1738
3006
2981
162
1434
2987
2922
2952
2091
2994
2953
2995
3006
2993
2969
3005
2973
1516
3014
2957
2948
2984
2871
2958
2440
2995
2921
3002
2995
2965
2983
2990
2986
2987
2959
2984
2993
2993
3001
2968
2982
2980
3018
2952
2947
2991
2998
3027
3008
2942
2951
2991
2735
2968
2772
2933
1667
3006
2927
2957
2990
1415
2994
2909
2999
3006
2980
2969
2974
2976
2970
2967
2614
3019
2936
366
2782
2987
2885
2969
3006
2955
2942
2956
2991
2931
2975
3011
128
2982
2968
2975
2966
2982
2621
2962
2982
2971
2941
2942
693
2994
2988
2962
2965
2974
2955
2982
2943
2943
2991
2962
3011
2982
3006
2932
2957
3013
2987
2979
2978
2964
3016
2939
2957
2994
1886
2981
2994
2984
2929
2983
3008
2995
2936
3003
2102
2873
2950
2986
3085
2927
2727
2985
2985
2992
225
3069
3017
2977
2956
2933
2994
2946
2982
2981
3000
2969
2962
2991
2965
2852
2971
3002
3001
2988
2969
2947
3010
2945
2541
2987
579
2987
3015
2915
2964
2983
2991
2978
2991
3003
3012
2959
2987
2957
2971
2982
2980
248
2978
2933
2960
2977
2979
2951
1445
3020
2869
2962
2987
2348
2977
3001
2977
2972
2814
2519
192
2998
2970
2965
2987
2978
808
2977
2942
318
2950
2876
2950
2976
2983
2998
2986
2995
2946
2981
3005
3008
2995
2950
2972
2983
2994
2969
2990
148
2994
3037
2956
2970
2980
2965
3012
2969
2966
703
2973
2999
2959
2999
2993
2952
2999
3001
2988
2633
2550
2580
2990
2959
2953
1524
3015
2982
3009
3009
1990
2931
3004
3008
3009
2952
1888
2491
2973
2953
2974
504
2999
2995
1418
2993
3011
2961
2985
2902
2986
2982
1175
2964
3035
2961
2930
2988
2969
2975
2985
2972
2944
2988
2962
2939
3004
2980
2958
2985
2986
2993
2939
2991
2938
2994
2934
2021
2964
2991
3024
2985
2972
2974
2968
2991
2998
2957
2942
2992
2982
2982
2975
2699
3008
2008
2996
3000
2944
2976
2966
2918
1665
2973
2953
2994
3023
2988
2969
2993
2288
2960
2991
2984
2947
3000
2997
2979
2997
3009
2854
2967
1013
2787
2989
3007
2986
2972
2957
3005
3008
3024
2987
3050
2961
2990
2981
2999
2275
3014
2976
2815
2970
2924
2995
3011
2954
2917
2962
2985
2978
3052
2980
3009
2968
2956
2844
2972
2965
3008
2989
2924
2995
2992
3009
2960
3002
401
2967
2978
2485
2993
2988
2942
2989
3005
1430
3001
2982
2981
2949
2976
3010
2987
3016
3003
2452
1197
2956
2995
2987
2939
2956
2981
2965
2975
2983
2935
804
2904
3035
2976
3030
2980
2970
2944
3002
2963
2993
2949
2982
2969
2870
2985
2999
2954
3014
2974
582
2983
2971
1325
2987
2946
2974
556
3001
3004
2977
2973
2988
3007
1819
2989
3005
3006
3007
2970
2469
3043
2970
2983
2987
2932
1763
2970
3017
2346
2974
3012
2630
2993
2972
2975
2511
2996
2944
2969
2568
2975
616
2992
347
2965
3027
3007
2983
322
2845
2787
2954
3012
3003
2996
1153
1976
3008
2341
2975
2983
2225
3002
2947
694
2951
2932
2932
2991
3014
3011
132
2942
2953
2992
2999
2950
727
2957
2937
2960
2973
2990
3067
2944
2948
2418
400
774
2980
2953
2983
2985
2973
3011
2978
2989
2981
2979
2943
3019
2989
2989
2985
2991
2985
2975
3005
2975
2966
2954
3000
2976
2987
2976
2931
327
2963
2982
1776
2994
2978
3012
2789
2958
3010
3001
2952
2998
2991
2964
1730
2975
2991
2994
2993
2970
2988
2974
2965
2978
3011
2973
3001
194
2988
2945
2965
2456
2998
3008
2971
2930
3070
2961
2979
2977
2980
2997
2999
2985
3005
2981
3006
2941
2971
2991
1593
2976
2975
2935
2990
2967
2966
2947
2978
2951
2960
2982
2967
2974
2654
2975
2985
2983
2952
2955
2993
2968
2959
3025
2840
2513
2982
3000
2833
2997
3007
2986
2995
2997
3052
2977
3030
2974
2981
3002
2964
2977
2995
2994
3019
2992
1487
2973
2394
2968
2974
2983
3005
2961
2978
2069
2982
2977
3021
2990
2992
2981
3012
3009
2986
2966
3001
2958
2955
3010
2993
2999
2934
2967
2891
2987
2957
2999
2961
2985
2998
2992
2965
224
2132
2336
3004
2977
2988
2978
2969
2948
2987
2970
2973
2944
2952
2975
2962
2966
2948
2916
2994
2969
2941
2183
2980
3010
2990
3015
2951
2844
2362
1524
2983
2948
2995
2934
2966
2988
2994
2998
2957
1046
2981
2952
3000
2999
2991
2958
2960
2748
2843
2527
2975
3012
2974
3015
2977
2975
506
2940
2979
741
2245
2985
1164
2995
2986
1892
2988
2341
2991
3015
2976
2979
2932
2977
2940
3001
2842
2955
2982
3000
2976
2993
2426
3022
2948
332
3021
2984
2917
3012
2995
2993
2978
3007
2981
1431
831
719
3026
3005
2968
1971
2959
2969
3065
2998
2977
3008
2909
2980
2931
3029
2989
2958
2937
2962
2255
2972
2994
2970
3010
3040
2994
644
3018
3007
2927
2962
2984
2983
2975
2965
2999
2961
3016
2976
2973
2989
2941
2999
2972
2972
2973
428
2979
2962
2774
2946
3046
2981
2994
2957
2965
3017
2937
2881
3008
2996
2981
2995
2927
2609
3017
2988
349
2982
2983
2988
2990
2993
2985
2958
3002
2998
2990
2977
2971
3007
2974
2918
2991
2987
2951
2955
2920
2978
2990
2981
2975
2928
2994
2974
1293
2977
2902
2731
794
3009
2964
2972
2999
2976
2976
3004
142
2957
2949
3003
2926
3005
3004
2935
2527
2969
2991
2967
2973
2991
2994
2966
3014
2930
3003
2924
3002
3020
2993
2978
2988
2950
2997
3011
2966
2943
2998
3013
856
3010
2965
2944
1590
2974
2970
2966
2971
2939
2986
2984
2975
2986
2974
2986
2970
2541
2965
2993
2997
2995
1005
2945
2979
2983
2976
2914
2954
1287
3027
2985
2981
2981
2924
2969
2984
2969
2999
2993
2996
2978
2943
3011
2976
2962
2988
2942
2993
2975
2987
2984
3006
2985
2996
3017
2980
2971
2317
2995
2983
3004
2986
2971
3015
2980
2954
2909
2984
3003
2977
2938
2964
2944
2965
2917
2991
2981
2959
648
2969
2961
2980
2929
2989
2971
2972
2964
2916
2975
2973
3012
180
2976
2969
2942
2952
2981
2967
3020
3011
3003
2976
3009
3001
2600
2944
1570
2968
2966
3020
2968
2952
2961
2978
2980
2982
2922
2990
2947
2966
2972
3000
2054
3005
2981
2589
1396
2987
3005
2934
2969
2987
2768
2913
2988
936
2995
2983
2951
2994
3001
2940
3008
2997
2957
2956
2980
2979
2959
2975
2043
2979
2926
2984
2983
2985
2944
2975
2963
2999
3014
2978
2993
2963
2980
2978
2989
3008
322
1659
2969
3002
2985
2967
1445
2990
2991
1664
3000
2994
2983
2958
2978
2996
2998
2991
2979
2970
2249
231
2948
2956
3001
2970
2994
1435
2994
3009
2947
2934
2982
3014
142
3003
2982
195
1514
2933
2955
2999
3012
2957
2978
2940
2985
2981
232
2966
2998
3006
2998
2980
2972
3007
2987
2509
2980
2967
2961
3009
2936
2971
3004
770
3002
2924
2993
2955
3000
2999
3009
3012
2956
2940
643
2244
278
2988
2988
2992
3001
2982
2939
2923
2976
2970
3000
2994
2952
2842
2984
2987
2915
2994
2973
2993
3012
2968
2969
3004
491
3008
2927
2991
2982
2995
2369
3023
2965
3063
2988
2977
2978
2935
2945
2971
2962
3003
2991
939
3002
2988
3006
3017
2908
3001
2972
2978
2981
1451
2992
2757
2950
2926
3001
2936
2974
2980
2985
3002
2976
2966
2992
2997
2994
2997
2994
2993
3006
336
3013
2945
2963
2931
2985
2988
2943
2993
2968
2983
2970
2982
3014
3005
2996
2981
2960
2986
3008
2263
2195
3000
1788
2987
2953
2948
2950
2988
2265
2959
2999
2914
2965
2965
2962
2993
2891
2974
2996
2971
3007
2988
2991
2993
2939
2955
2977
2961
3008
2939
2954
2917
2999
2959
2979
2945
2956
2979
2966
2300
2989
2919
2937
2976
2987
2966
2967
2973
2978
3002
2979
2425
2220
3008
3012
1290
2959
2976
3000
2966
2952
3024
2987
3009
2602
2983
2964
2971
2993
1621
573
2913
3000
2954
2952
2992
265
2909
2949
3046
2959
2957
2977
2947
2937
2947
2986
2976
3003
2891
3021
3013
2986
2990
3000
2058
2991
2968
2977
3008
3061
3002
2971
2985
2967
2557
2977
2983
3005
2963
2984
2937
2978
2974
2950
2997
2913
2996
2931
204
2999
2395
2826
2950
2937
2948
161
2955
2962
2983
2984
2934
2975
2954
3009
2980
213
3067
2943
2991
2979
2954
2978
2963
1382
2981
1659
2988
341
283
2957
2934
3015
2953
2964
2995
2783
2981
2972
2959
2991
636
3017
2987
2973
2809
2973
2969
2969
2928
2918
1454
3006
240
2991
2963
2941
3014
2975
295
3017
2955
2981
2974
2985
3000
2966
2871
2957
1925
2984
2988
2986
2100
3015
2981
2986
680
2994
2947
2983
3002
2997
3002
2975
2959
2956
3002
386
2960
2993
2994
2956
361
2853
2927
2967
957
2977
3010
2967
2977
2962
2906
3016
2957
2852
833
2972
2994
3009
1625
2879
2962
2975
2962
2983
2972
2969
2989
2989
2916
2996
2952
2974
2986
3002
2954
2972
3020
2990
1051
3022
3004
3009
2926
2948
223
2996
2977
3053
3007
2998
2937
3005
2982
2967
2975
2961
2990
2985
2873
774
3069
2991
2984
2996
2958
2992
2921
2991
2976
2939
2948
2995
2979
2974
3006
2964
2964
2983
2973
2339
2951
2975
2990
2981
2917
2964
2861
2932
2986
3020
2966
2972
3000
3012
2829
2991
1168
2973
2980
2969
2966
2983
2979
2969
2991
2981
2975
2996
2988
2979
2959
2981
2996
2960
2983
2978
2989
2988
2980
2988
2986
1980
2941
2996
1763
2759
3068
2959
1459
2998
2971
3019
2997
2932
3007
2942
2974
3023
3013
3013
3024
2940
3013
2991
2982
2989
3023
2973
2868
2932
2978
2979
2986
2968
3004
2957
2375
2372
751
2986
2960
3003
3008
2995
2949
2973
2292
2979
2947
1225
2990
2988
2952
3004
2985
2973
2957
2988
2975
3063
3002
2950
2987
2993
2954
2993
