2 1 0.00391331 -0.466126
2 2 0.0461856 -66.6205
2 3 0.00587159 -3.60272
2 4 0.0285749 -39.1058
2 5 0.00172384 2.80903
2 6 0.00175355 2.78998
2 7 0.00147425 3.22101
2 8 0.00172286 2.82793
2 9 0.00168549 2.91951
2 10 0.00170191 2.88891
2 11 0.00347491 0.0664649
2 12 0.00190932 2.52867
2 13 0.0014706 3.22967
2 14 0.0017685 2.75337
2 15 0.0295977 -40.6437
2 16 0.00286855 1.02074
2 17 0.0376563 -52.5731
2 18 0.0270933 -36.567
2 19 0.00963875 -9.51921
2 20 0.0275041 -37.4191
2 21 0.00142652 3.2969
2 22 0.00142417 3.29214
2 23 0.00360907 -0.146994
2 24 0.00390188 -0.639051
2 25 0.00324329 0.440369
2 26 0.00353157 0.0589969
2 27 0.0346182 -48.3181
2 28 0.00464141 -1.5923
2 29 0.0340352 -46.8098
2 30 0.0292801 -39.8373
2 31 0.00592798 -3.70288
2 32 0.00301432 0.849641
3 1 0.0126235 -32.5505
3 2 0.0130015 -33.7268
3 3 0.0157343 -41.5722
3 4 0.0150809 -40.2849
3 5 0.0144653 -37.9734
3 6 0.0110432 -27.8532
3 7 0.0141512 -36.8284
3 8 0.0137064 -35.6504
3 9 0.0127623 -32.6642
3 10 0.0132192 -34.2424
3 11 0.0107052 -27.017
3 12 0.000993637 2.45062
3 13 0.00983424 -23.645
3 14 0.0121782 -31.1045
3 15 0.000996656 2.46463
3 16 -999 -999
3 17 0.0108125 -26.9607
3 18 0.010053 -24.5211
3 19 0.0117529 -29.5385
3 20 0.0115016 -29.0185
3 21 0.00807406 -18.8216
3 22 0.00439134 -7.35285
3 23 0.00417623 -6.52653
3 24 -999 -999
3 25 -999 -999
3 26 -999 -999
3 27 -999 -999
3 28 -999 -999
3 29 -999 -999
3 30 -999 -999
3 31 -999 -999
3 32 -999 -999
4 1 0.0121344 -30.7042
4 2 0.0125676 -32.2955
4 3 0.0125992 -32.1843
4 4 0.0128093 -32.7708
4 5 0.0129028 -33.2887
4 6 0.0156055 -41.3009
4 7 0.012404 -31.4512
4 8 0.015318 -41.0459
4 9 0.0139312 -36.2564
4 10 0.0158241 -42.3106
4 11 0.0143568 -37.7498
4 12 0.0131649 -34.0218
4 13 0.0111052 -27.9342
4 14 0.016098 -42.6499
4 15 0.0136487 -35.3808
4 16 0.0135281 -34.9916
4 17 0.013584 -35.4168
4 18 0.0106661 -26.6588
4 19 0.0110857 -28.001
4 20 0.0139433 -36.5804
4 21 0.0104785 -25.9463
4 22 0.0147527 -38.9222
4 23 0.0122494 -31.3847
4 24 0.00937981 -22.7432
4 25 0.0131811 -33.9054
4 26 0.00973799 -23.8601
4 27 0.0124125 -31.796
4 28 0.0133786 -34.8826
4 29 0.01085 -27.1603
4 30 0.0106589 -26.4272
4 31 0.0108641 -27.2498
4 32 0.0111211 -27.9086
