2 1 1521.09 4.83298
2 2 1561.14 4.92225
2 3 1546.79 5.69855
2 4 1560.51 4.96039
2 5 1552.99 4.71561
2 6 1537.52 4.48607
2 7 1536.39 4.99286
2 8 1542.9 4.74973
2 9 1522.74 4.68253
2 10 1526.03 4.48654
2 11 1559.6 4.99674
2 12 1548.99 4.17342
2 13 1534.58 5.29253
2 14 1545.19 4.2916
2 15 1558.49 7.90418
2 16 1556.65 5.3791
2 17 1541.88 5.43566
2 18 1552.24 8.33001
2 19 1556.33 5.26982
2 20 1559.9 5.41803
2 21 1534.4 6.19506
2 22 1540.4 5.95854
2 23 1560.19 6.98626
2 24 1569.38 6.36654
2 25 1554.93 7.90117
2 26 1536.02 7.64708
2 27 1553.92 6.17273
2 28 1524.52 6.67219
2 29 1536.38 6.53385
2 30 1547.76 7.41054
2 31 1549.41 7.30333
2 32 1538.79 6.19538
3 1 3012.69 17.7225
3 2 3015.76 17.4678
3 3 2990.67 17.7438
3 4 3034.81 17.3975
3 5 3004.18 17.6239
3 6 3018.69 18.1738
3 7 2989.68 18.8926
3 8 3001.05 19.5565
3 9 2989.18 19.6436
3 10 3005.13 19.2895
3 11 3036.63 20.0274
3 12 3053.97 19.9956
3 13 2962.68 20.3961
3 14 3004.33 21.1397
3 15 3030.42 20.9156
3 17 2999.55 22.069
3 18 2983.6 22.8778
3 19 2979.96 22.4969
3 20 2999.79 23.9792
3 21 3010.16 24.1335
3 22 2933.11 73.5454
3 23 2880.64 80.3308
4 1 2981.61 19.7731
4 2 3006.71 18.8208
4 3 2990.63 17.6146
4 4 2986.09 18.1016
4 5 3004.22 18.2023
4 6 2998.13 17.1723
4 7 2977.97 17.2719
4 8 3037.24 17.515
4 9 2996.49 17.9434
4 10 3019.96 16.5552
4 11 3011.56 17.0683
4 12 3000.74 17.4403
4 13 3010.05 16.7646
4 14 2990.21 16.7736
4 15 2994.21 16.8706
4 16 2991.93 16.5555
4 17 3011.39 19.039
4 18 3013.3 18.2997
4 19 3020.35 18.8642
4 20 3016.83 18.225
4 21 3000.14 18.7598
4 22 3010.09 18.8391
4 23 3009.72 19.2752
4 24 3008.76 21.3191
4 25 2987.16 22.6242
4 26 3013.69 20.8552
4 27 3003.5 21.0822
4 28 3017.3 19.837
4 29 3008.55 21.8202
4 30 2995.32 19.5228
4 31 3014.16 21.5465
4 32 3003.35 22.2735
