2 1 8344.7 4.83298
2 2 8564.43 4.92225
2 3 8485.71 5.69855
2 4 8560.95 4.96039
2 5 8519.73 4.71561
2 6 8434.81 4.48607
2 7 8428.65 4.99286
2 8 8464.33 4.74973
2 9 8353.75 4.68253
2 10 8371.81 4.48654
2 11 8555.94 4.99674
2 12 8497.73 4.17342
2 13 8418.7 5.29253
2 14 8476.89 4.2916
2 15 8549.9 7.90418
2 16 8539.8 5.3791
2 17 8458.73 5.43566
2 18 8515.61 8.33001
2 19 8538.02 5.26982
2 20 8557.62 5.41803
2 21 8417.74 6.19506
2 22 8450.61 5.95854
2 23 8559.18 6.98626
2 24 8609.6 6.36654
2 25 8530.32 7.90117
2 26 8426.61 7.64708
2 27 8524.81 6.17273
2 28 8363.52 6.67219
2 29 8428.58 6.53385
2 30 8491.04 7.41054
2 31 8500.09 7.30333
2 32 8441.8 6.19538
3 1 16527.6 17.7225
3 2 16544.4 17.4678
3 3 16406.8 17.7438
3 4 16649 17.3975
3 5 16480.9 17.6239
3 6 16560.5 18.1738
3 7 16401.4 18.8926
3 8 16463.8 19.5565
3 9 16398.6 19.6436
3 10 16486.1 19.2895
3 11 16659 20.0274
3 12 16754.1 19.9956
3 13 16253.2 20.3961
3 14 16481.8 21.1397
3 15 16624.9 20.9156
3 17 16455.5 22.069
3 18 16368 22.8778
3 19 16348.1 22.4969
3 20 16456.8 23.9792
3 21 16513.7 24.1335
3 22 16091 73.5454
3 23 15803.2 80.3308
4 1 16357.1 19.7731
4 2 16494.8 18.8208
4 3 16406.6 17.6146
4 4 16381.7 18.1016
4 5 16481.2 18.2023
4 6 16447.8 17.1723
4 7 16337.1 17.2719
4 8 16662.3 17.515
4 9 16438.7 17.9434
4 10 16567.5 16.5552
4 11 16521.4 17.0683
4 12 16462 17.4403
4 13 16513.1 16.7646
4 14 16404.3 16.7736
4 15 16426.2 16.8706
4 16 16413.7 16.5555
4 17 16520.5 19.039
4 18 16531 18.2997
4 19 16569.7 18.8642
4 20 16550.3 18.225
4 21 16458.8 18.7598
4 22 16513.4 18.8391
4 23 16511.3 19.2752
4 24 16506.1 21.3191
4 25 16387.6 22.6242
4 26 16533.1 20.8552
4 27 16477.2 21.0822
4 28 16552.9 19.837
4 29 16504.9 21.8202
4 30 16432.3 19.5228
4 31 16535.7 21.5465
4 32 16476.4 22.2735
