3041
3014
2783
2942
3021
3000
3010
3032
2946
3012
2962
2935
2862
3014
2999
3004
3011
3026
1179
3003
3010
3013
3029
2967
3090
2983
2986
3021
2987
2978
3006
2999
2988
3004
2993
3080
2988
3002
512
2967
3020
2301
3004
3030
2978
3003
3020
3018
2987
2916
3001
3023
2815
2878
3024
2993
3020
3003
2969
3034
2992
2981
2965
2978
1336
3036
3016
3011
2984
943
2986
2991
2954
3023
3005
2790
3018
2990
2989
196
2966
3007
3026
2630
2948
3020
2992
3066
3010
2740
2984
2708
2968
1645
2159
3042
3024
3007
1910
2981
3071
3046
2996
2993
2989
3014
3010
2958
2953
2966
3057
2972
2994
2994
893
3014
2991
2918
2840
3017
2966
3028
3049
3003
2346
2997
1678
3017
3014
2979
3002
2999
2807
3001
231
2982
3073
3021
3001
3013
2972
2998
3085
3004
2998
2977
3025
3007
3013
2973
3025
3008
3026
2995
3022
2990
2982
2943
2983
3026
3017
3013
2841
2982
2986
2988
2998
3006
3020
3068
2987
2070
2983
2997
641
2974
2999
3003
526
2986
2415
2956
3002
207
3038
2999
3006
3001
2666
2998
1676
2979
3036
3008
2834
2994
3030
2994
2989
2954
3028
3016
3000
3023
2950
1721
2983
2985
2986
2921
3023
3006
2300
2996
2968
2753
3011
2999
2982
3000
2994
2997
3016
2981
2457
2965
162
2962
2951
2972
2996
2984
3012
3017
3025
2997
3030
2921
2987
2994
2265
3026
2979
2977
3005
2914
2989
2993
3005
2937
2965
3005
3006
3015
2998
3003
2991
2994
2993
3013
3014
2990
447
3005
3009
3000
2975
3004
2996
3033
3034
3001
3015
2944
347
2959
2933
2825
2979
441
3017
1459
2972
2976
2994
2987
356
3026
2994
3005
2999
2920
3002
2963
3028
2980
3008
2912
2936
3013
3016
2981
3000
2999
3015
3010
2992
2053
3018
2257
2984
2985
3002
3010
2969
1899
2198
2992
2997
3015
3031
3010
3023
3004
2977
1072
1692
3009
440
3005
3007
3016
2973
2954
2990
2947
2958
2963
882
2977
2984
3013
2976
2947
179
2988
3015
3008
3018
3008
767
3011
3007
2987
2980
2666
3003
3011
2995
2994
2999
2956
2985
3010
2980
2115
171
2360
3002
3006
3022
3000
3020
2968
2369
3008
3008
1118
3023
2958
2990
1141
3011
2955
2973
3027
3004
3019
2983
2968
2974
3006
2973
3016
3044
2971
3018
2995
3000
2896
2974
3001
2997
3008
2994
1849
1328
3025
2929
2993
252
3020
2982
981
1113
3003
3023
3032
3002
2912
2889
777
2989
1146
2984
2997
3013
3022
3029
2996
2990
3031
3012
3013
2975
356
2986
2994
2998
3021
2974
3002
3007
2988
3001
2698
3004
3029
1928
2986
2977
3043
547
3016
2996
3007
3027
2990
2949
2990
3017
2213
2986
2985
3005
2981
3030
2986
3026
3030
2968
2978
3026
2944
2976
1259
2777
2992
2988
3015
3010
3016
2991
2972
2980
2229
2976
3009
3036
3011
3001
2939
3010
3031
2968
2992
2981
2997
3019
2999
3013
3008
2978
3037
3014
2982
2998
3006
3012
2778
3006
2967
3012
3015
3007
3010
2978
3002
3016
3008
3029
2983
953
1376
2998
2990
3017
2990
2972
2966
3013
2983
3003
3006
3013
2970
2763
2489
3022
3000
2986
3025
3001
2992
2985
752
2454
2989
2987
3009
2985
3004
2962
3029
1361
3032
2969
3000
3009
3017
2964
223
1199
2560
2976
2972
2978
2990
2995
2921
2987
2981
3009
2202
2963
2985
3041
2982
2993
2998
2984
3012
3022
3073
3011
3023
3013
2995
2998
2992
2961
3009
3015
3011
3016
3002
2999
2977
3002
2993
3004
3012
3013
2990
2994
3006
2995
3016
2995
2457
2735
2992
2996
2956
2955
2989
3000
2998
244
3003
2995
3001
2856
2971
2992
3019
3004
3032
3010
2996
3010
3016
3028
2970
2987
2961
2986
2939
2975
2983
2989
2982
2961
2994
2967
3009
2990
3021
3020
2964
3041
3014
3011
2995
3012
2945
2998
2993
3014
2488
3015
3002
2952
3010
3008
3009
2980
2949
3018
271
3037
2942
2984
3022
2980
2988
2999
2951
3000
2982
2966
2962
2404
2723
2963
2999
3006
2927
2991
2988
3005
2988
3013
2961
3010
3013
3003
2985
2979
3004
1239
3015
3038
3023
2983
2991
3005
2983
3013
3002
2987
2699
3014
636
2995
2980
2127
2998
2969
3000
2978
2236
2990
2989
3010
3003
3003
2987
2963
3003
3008
2903
3001
2986
129
2751
3004
1828
916
2994
2925
628
3022
2790
596
2998
2961
3010
3002
2979
2969
3049
2368
3049
2991
3004
3008
2871
2992
3014
3035
2448
2987
2986
3033
165
2975
2978
2994
2992
2995
3039
3009
2770
3011
2925
1895
2983
2984
2977
2992
3008
2993
3024
3000
3026
3026
2858
3036
3012
3008
2969
3057
2991
2987
2975
105
3003
3010
2990
2969
2369
767
2992
2960
124
2264
2987
2982
3013
3003
2974
3013
1910
3000
2981
2994
3036
2960
3001
3014
2988
158
2995
3028
3012
3008
261
3003
3004
2997
2666
2769
980
2998
2981
3004
2973
3013
3089
3016
3013
1635
3005
2994
3011
888
2981
2988
2915
3031
2999
2615
3007
2983
2997
3077
3000
3004
3021
3029
3010
2986
2480
496
2973
3010
3018
2983
2878
2975
3002
3065
2984
2982
2999
2990
3000
2953
3002
2982
3002
2996
3004
2987
3019
2999
2995
2986
3002
3003
138
3069
2934
3001
3018
1427
2965
2969
3003
503
3022
3015
2759
2968
1476
3001
662
2567
2995
2975
2994
3092
2993
3006
2989
2998
3004
3022
2292
2955
2958
3007
3014
3011
791
2993
1415
3090
637
2992
3002
2992
3017
2884
3013
2990
3006
2989
3001
2981
3020
3021
2984
2999
2998
2956
3008
2983
249
2964
3020
3016
3001
3035
2980
2682
2999
2965
2977
3003
2996
3105
3020
2984
3019
2910
2426
3008
2179
2099
2937
2955
2999
1742
2983
3017
3013
3047
3010
3034
3024
3001
2929
3008
2998
2394
2988
2813
2989
2998
2981
2952
2994
3014
2285
3002
3007
2971
2996
3022
3007
2986
2975
2949
3006
2804
3040
3008
2980
3013
3024
3005
2984
2912
2284
2969
3018
3003
2946
3031
3010
3018
2441
3016
2993
3004
3007
3011
2978
2996
410
406
3017
2913
2939
1775
2979
2986
3042
2964
3035
2992
3012
2814
3004
3002
3013
3011
2997
2998
1411
2803
3054
3022
3004
3018
2963
2978
3003
270
2977
2964
2973
3038
2940
2991
2985
2668
2985
3034
2998
2969
3011
2741
2994
2078
2992
2969
3012
2976
2977
3024
2999
2998
2960
2980
1284
3006
332
3019
2974
2900
3004
1239
2996
2962
3001
2952
3002
3032
2980
1572
3020
2984
2957
2969
2982
3003
1940
3005
2957
2993
3006
1846
448
2969
3001
2995
2962
3005
3012
3031
3043
3011
3009
2995
2991
3006
2986
3002
3007
220
2981
2971
2990
3002
2965
1874
1525
3031
3020
3010
2979
488
2736
2971
3039
2992
2991
3006
2986
3010
2985
3005
3010
3036
2993
858
1435
2989
3035
3007
2987
2989
2351
3023
2943
3031
3001
2979
3017
2951
3020
2985
2954
1708
606
1728
2967
2991
3006
2976
3002
2988
3036
2930
3031
2960
3000
3008
2996
2963
2974
3031
1412
2981
3021
3011
3019
2973
2942
2996
2998
3025
2991
3012
2989
2984
2991
3010
2963
2998
3011
2998
2993
3004
2990
3024
2991
363
3002
2986
276
3008
3025
3015
3077
2996
3008
1522
3008
3012
3018
2985
2998
3003
1259
3004
3006
3025
2964
3011
2978
2990
2996
3028
3017
2940
3012
2998
2990
3006
2994
2999
641
1412
2999
3005
2990
2795
1310
2966
3010
2984
2977
3032
2997
2030
2950
3012
2547
3004
3014
2986
3020
3018
1893
439
3010
464
3004
2998
3001
2997
2973
3009
2967
2575
3020
2898
2965
2978
2681
159
3015
2978
3018
2980
3015
3017
2993
447
2994
2951
2978
3006
3003
3015
2769
3004
2992
2992
2981
365
3025
2983
883
2998
3002
2995
3007
2978
211
3063
3002
3016
3013
3013
3012
3019
2984
2989
2988
2991
2989
2992
3016
2845
2989
2964
3031
2989
2959
1797
3004
3040
3012
1630
3016
2993
2985
2998
3006
231
3028
2995
2985
2995
3015
3005
3009
3065
130
2338
2990
3022
3006
3109
3019
3023
2950
2990
3018
3005
3000
3011
2966
2997
2992
3007
2085
3026
2973
2998
2996
2993
3000
3006
2994
3003
2982
2978
2971
3010
2930
2997
3016
2981
2963
2982
2997
3025
3014
2966
2966
2994
2993
2997
3003
2955
3018
3073
2327
724
3014
3004
2969
2999
2954
3008
2973
3011
3038
2998
724
3004
2981
2969
3001
3004
2972
3015
2993
2745
2185
3003
3022
2969
2938
2978
2982
2779
2992
2974
3000
2998
2985
3003
2992
2996
2978
2951
3022
3002
2990
1794
3020
3004
3008
3000
3009
3015
3037
2907
3004
2873
2956
2916
215
438
3014
1605
2995
311
3024
2965
3029
2982
3025
525
2984
2996
3000
1289
1935
2992
2969
3002
2991
2993
2927
3030
2976
1985
3003
3006
2992
2966
2921
2964
3003
3044
190
3010
2951
2951
3014
2994
2977
869
3002
3022
2987
2841
2980
2987
3028
2989
570
2986
2979
3002
1663
2985
2978
2409
3013
3009
3031
3000
2985
2985
245
2988
3006
2984
2998
2160
2990
2978
2988
2998
3020
3015
763
2988
2996
2964
2974
2982
2978
1472
2971
123
3012
2991
2916
3030
3014
2956
2935
3007
2996
3011
2500
2975
2974
3021
2988
3002
2981
2938
3000
2997
3027
306
2994
3001
3007
2942
3008
2975
3019
2942
2967
995
2989
2994
2996
3009
1032
3026
2948
3012
2902
2976
3007
3008
2961
3031
2993
3008
2969
2420
3002
2965
3007
1133
3037
224
2999
3006
2977
2999
3017
3009
2983
3004
3035
2505
3004
3000
2993
3023
2990
2972
2973
2971
3025
3003
2984
3024
2999
2991
3025
2994
2987
3019
3019
2989
320
3020
2994
2971
2426
2993
3054
3000
3004
3011
3023
2992
2995
3011
3031
2936
2980
2998
3032
2960
3002
3006
434
2996
3004
2989
2962
3015
3014
3023
2982
2984
2960
3010
2990
3007
2969
2982
2974
2982
2993
993
3003
3016
2964
3021
2993
2996
593
2995
2997
2993
2997
2982
3011
2992
2983
3041
391
3011
3014
2977
2992
2970
3010
3006
832
2992
3010
3001
2996
2989
3035
2545
2970
2995
1373
2955
3062
3031
3010
2953
2971
592
2991
3011
2968
2953
1078
2601
2994
3019
3009
2983
2560
3007
3006
3015
2984
3010
2689
3016
2966
2992
3000
2997
3012
2982
3007
2980
2354
2974
2977
2988
3005
2927
368
2999
3018
3073
3020
3005
3002
2971
2960
3010
3017
2964
2985
3027
3002
1428
1361
3006
3028
3017
3005
2428
3023
2995
2983
3019
2958
3017
3008
2897
2989
2984
3050
3007
2872
3027
3017
3006
2994
2844
3009
3009
2998
3018
2981
1255
3000
3003
3005
2998
1099
3006
2990
2996
2967
3022
3028
2987
3030
2959
2997
2458
3023
2985
2996
2986
3033
3011
1994
2987
2991
3001
3037
2995
3012
2994
3005
3014
2971
3000
2661
2957
2986
2990
2915
2933
3005
3020
2950
2999
134
2992
2999
3067
895
3025
2980
2983
169
2986
2178
3068
3014
3006
3020
2965
2979
3008
3003
2094
2999
2994
2998
2987
3003
3001
2999
2992
3001
2996
2991
3022
2986
2660
3030
2989
3018
2969
2968
2968
2921
2991
2998
3043
2983
2952
2991
2974
2983
3012
3024
2984
2959
2978
2997
3019
3012
2494
149
2989
2996
1546
1988
1269
1035
2986
3008
3015
3015
3013
1180
2918
3018
3006
3018
2296
2988
2996
3009
3015
2992
360
3002
3085
3007
2990
2998
2943
1160
3092
2996
2007
3003
2979
3000
2999
2894
2964
2883
2977
3004
2972
2951
2975
2996
2692
2989
2992
3014
3005
3006
2987
2994
2995
2976
3020
3044
2993
2948
2968
2969
2970
3009
2988
3019
2980
2965
3026
2995
2972
2999
3010
2282
2513
2963
3015
3010
2996
2996
2985
3007
2996
2977
3032
3014
2892
1829
2963
2988
2996
2992
3030
2975
2997
2969
3016
3056
2989
2972
3014
2986
1673
3018
2983
3024
2974
3002
2981
2977
3031
3002
2973
2971
3008
2548
3004
3013
385
1049
2657
2969
3019
2996
3026
2976
2999
2998
3023
3000
2992
2976
2969
2962
3020
1880
2993
3024
2981
3092
2210
3010
2997
3006
3001
2989
3063
3028
3002
3007
3011
2981
3025
2998
1117
3014
3082
2993
3005
3017
2964
2997
2985
2980
2998
1521
2990
2973
3007
3071
452
2986
3012
3009
2969
2988
2993
3017
2980
3000
2980
3013
2997
3002
2973
3046
2976
2961
2575
2987
2860
3013
637
3012
2995
3015
3000
3013
2939
3016
3004
3005
3011
2941
3034
3012
2983
3037
2999
2724
3011
2996
3030
2992
2997
1171
2970
2984
3005
2961
2972
2957
2994
3000
2982
2995
3016
2967
2987
3000
2988
2994
2974
2991
2991
1074
2937
2981
3001
2981
206
3048
2986
3017
306
2999
2995
2983
3017
3004
3004
2975
2995
2986
3018
3017
2995
2989
3005
3006
3003
3003
3002
2984
3020
2969
2929
2943
2974
2987
446
3020
3016
3012
2977
2991
232
2992
2993
2977
2984
2998
2886
3007
3024
3006
3025
2998
3029
191
2986
2996
2956
3020
2978
3024
3007
3007
2975
2972
2969
2962
3022
2999
2647
3078
2972
3019
2978
3025
3049
3038
3011
2990
2993
2982
2996
2986
2997
2971
2968
2994
3021
2980
2999
3021
2989
3008
2978
3019
3002
3006
3007
3024
3026
3025
3002
3010
2989
2971
3019
3010
3013
3022
3000
2990
2984
2942
2952
2987
2980
2993
3011
3014
2976
2973
2985
766
2985
2984
2105
3013
2993
2990
3010
2883
2984
2004
3000
3009
2232
2993
3002
2999
2983
2988
1124
3019
2989
2969
3092
2592
2973
2994
2991
2996
2975
2981
3027
2956
2997
199
2946
2976
3017
2985
2966
2656
2903
3085
2771
3011
3040
224
3026
3004
2995
3021
2982
2975
2983
2982
3022
2997
2983
2981
2971
3001
3032
2711
2957
1214
3012
2982
2980
2996
2995
3015
3004
3014
3024
2977
3030
2997
2991
3010
2893
3023
3011
2962
3065
2982
2983
3009
2976
2988
2982
1844
2993
2962
2930
2993
3020
2947
3004
3025
3036
3009
3005
3016
736
2989
3022
3006
2987
3001
2993
2815
3025
2922
3019
2984
1344
2989
3004
3008
2314
2996
2978
2965
2968
1758
3011
2978
2963
3001
3022
304
1132
2955
2987
3024
2998
3016
155
2935
3016
3022
2941
2999
3064
3026
3052
3005
2854
1649
3013
3088
2971
3006
168
3020
2988
3016
3059
3006
3029
3021
2949
2988
2983
2984
2997
2981
2459
3010
2961
183
1251
3007
2962
2034
2959
3013
3003
3002
2999
3023
3016
3024
2981
2986
3020
3010
3014
2791
2895
2990
3009
2987
2950
2984
2997
2973
3077
3003
2964
2911
2142
3022
3077
2910
2991
3030
2991
3041
2990
203
2998
2979
2993
2957
2990
2998
2996
2989
2996
3023
3000
2999
2982
3003
3089
2736
2992
1884
3022
3006
2703
2259
3003
1563
2019
3030
1469
3007
2996
3010
3032
3014
2999
2994
2948
2993
2986
2976
3011
2964
990
3026
2977
3025
3020
3016
918
3022
3012
3000
2977
404
2995
2996
2913
2982
2986
3004
3013
2997
2979
2988
3010
3000
2994
2981
2997
3002
3073
3006
2985
2976
2975
3009
607
3010
2993
3006
3022
2811
2998
2994
3006
2989
2897
1790
2988
3003
2959
3002
1903
2992
522
2975
3026
2964
3028
3014
3003
2992
2975
3050
3016
2953
3003
1597
3016
3006
2950
2930
2036
3005
2960
3019
3029
3019
255
3012
2996
2979
2965
2948
3018
2869
2971
3006
2989
2443
2984
2982
3008
3008
3015
2974
2944
267
2999
3001
2971
3033
186
2944
1182
3013
2950
3017
2977
2993
2939
2969
3002
2989
2975
2980
2962
3003
2969
3099
1687
3014
2991
2972
3017
2934
3004
2998
3002
2982
2990
3020
3010
3017
3029
2078
2971
3014
2991
651
3007
2988
2995
3018
2992
2999
2982
2990
2958
2992
3034
1967
2994
3009
2706
2822
3016
3000
1535
3024
2845
2592
2962
2997
2988
3000
2984
2950
3023
352
2974
2950
2769
2936
1536
2848
716
2988
3003
2987
2978
3002
2996
2989
3013
2998
1281
3007
2953
2595
3030
3011
2992
2959
2984
2979
3117
3021
3001
2730
3010
2997
2999
2999
2976
3007
2995
405
2998
214
3057
3012
1987
2957
2991
3018
2996
3008
2991
2978
3034
3001
2931
2991
3028
2940
2990
2975
3024
3030
2996
3000
2990
3022
3015
3030
2994
3019
1880
3014
2974
760
3033
2872
2977
2976
2959
2981
2988
3005
2989
3007
3022
3016
2983
2923
1409
3008
2942
3037
336
2875
2995
3004
3005
3027
347
2999
3000
2989
2972
2360
3036
3006
2088
2989
2998
2965
2998
3006
2986
3009
2973
2986
3025
2757
3007
2995
2704
494
3001
2994
3009
3000
3017
3018
3004
2986
3027
2594
2991
3003
3018
3027
2947
3016
2991
2971
3002
2973
302
3008
3060
2969
2973
2972
2992
3002
3011
3022
2995
102
3008
689
2979
2996
3011
3026
2976
2973
2998
3010
2983
3011
3027
3012
3009
2976
2999
2981
2508
2073
2988
520
2952
218
2995
2984
2963
3023
2999
2984
2954
3009
2953
3024
3021
2972
2958
3015
2134
2971
3016
2978
3037
2929
2980
3027
2808
3009
3011
533
2985
2975
2944
2950
2999
3016
2952
2996
3000
2966
2972
3000
3017
3027
3010
3034
3014
2985
3016
3006
2950
2972
2974
2981
1192
3083
2958
2582
2986
2996
2992
2947
2977
2995
553
3002
2991
3020
2981
1836
3001
2987
3026
3003
3003
2784
2998
2986
2989
3046
2981
3014
2959
3013
2793
3007
2987
3005
3021
3009
2986
3003
3004
2277
369
3036
3019
3020
2989
2992
2981
3004
2972
3000
2961
2992
2961
3035
2980
2965
2989
3011
2978
3028
2997
504
2979
3002
3023
3031
2993
3070
3072
3004
3009
2988
184
3009
3019
3081
2963
2977
2985
2983
3034
323
2970
2975
2444
3061
3027
2994
2998
666
3001
2996
2984
3003
3009
2978
2981
2993
3023
3006
3017
3011
2983
2953
3006
3023
2995
2997
3029
2995
2975
1671
2984
2720
2980
2983
2812
2825
2999
2987
2990
2989
2969
2999
2974
2978
3013
2995
2922
2996
3031
2746
2990
3009
2968
3001
3015
3043
2996
135
3014
723
2995
3005
3002
3012
2985
1061
3003
3014
2404
2980
2878
2994
3030
2954
3028
2047
3000
906
3002
3009
1535
2998
3021
2992
2997
3026
2991
2983
2990
2972
2933
3012
3003
3012
2839
3013
2790
1446
2972
3012
3006
3020
2872
205
595
3017
3003
2785
3006
3003
2241
3007
3021
2997
523
2985
1512
2628
2896
2988
2963
398
2985
1573
3004
2991
2987
2371
1410
2940
3013
2998
3040
2967
3006
3010
2986
2982
2983
2988
2980
723
3047
3028
3009
3000
2770
3000
2013
2977
3016
2963
3029
2969
2987
2969
2999
3025
2970
2998
2996
2990
3027
3015
2584
3019
2994
2980
2957
2932
3010
384
3011
3000
2361
2990
3005
2997
3003
2986
2851
3020
2975
2966
2260
2434
2994
2992
2958
3002
319
3032
2993
457
2987
2956
1794
2999
3011
2099
2984
3037
2982
3017
2972
2997
289
2970
3058
3023
2992
3016
2962
2240
3067
3034
2923
2979
3003
3002
2995
3032
2966
3004
2994
1976
3001
2963
2982
2976
2951
3002
2933
2970
3018
3012
683
2943
2999
2997
3004
2986
3002
2936
2984
2941
3001
2991
3017
2607
2979
2982
3013
1847
3008
2899
3001
2972
1775
2978
2993
3029
2996
2988
3013
3016
3023
213
2557
2973
285
3012
2953
2994
3057
2413
236
2972
3008
1525
130
3014
3022
3013
2708
2996
977
2996
3013
1445
3000
2980
3024
3021
2984
1902
2953
3016
799
3011
3001
3008
2883
3002
3023
3007
3061
2845
2961
3017
3018
3016
3016
2903
3017
2912
2993
2993
2866
3021
266
2977
3008
2967
2979
2989
1723
3000
2258
1786
832
2978
2993
3077
3014
3036
2963
3022
314
2984
1931
2971
2864
541
2933
3020
1883
3008
2990
3021
3024
3027
3001
3010
3012
2971
2975
2951
3087
2994
2936
3007
1984
3001
3022
2950
3008
3009
2999
3012
2972
3004
2974
2986
2884
2996
3007
2997
3001
3028
3009
2689
3082
2963
2958
2992
2925
2979
2969
3043
2997
107
3006
2982
3019
2977
2951
3005
3000
2972
2971
2987
2995
3063
2999
1374
2856
2987
2986
3014
3064
3013
835
2989
2975
2984
2971
3007
1165
3034
3008
2957
3023
1679
145
1831
3022
2990
2974
2981
2981
3016
3031
2979
3014
2994
2995
2960
2974
3016
3007
2470
2995
2402
2405
2978
2970
200
3009
3004
3010
2995
2981
3011
3013
2997
3031
3014
145
2982
2992
3022
2965
2996
2973
2986
3000
2969
2984
2964
3011
3016
2960
2963
3026
2990
3028
2864
3030
2985
2999
2942
3019
2991
2967
3006
2983
3013
3023
3016
2984
2968
2983
1623
2987
1913
2992
3012
878
3059
3030
2977
2994
3013
3010
2991
3014
1693
2990
2990
271
3020
2962
2979
3005
2978
131
3010
116
3025
2977
3007
2190
3027
2994
2990
651
2396
3010
3023
3001
3014
724
3022
3028
392
2997
3003
3004
2992
2936
3018
2975
2990
2992
3004
2989
2991
2975
2996
3010
3027
2996
3070
662
3000
2995
2985
3024
3013
3022
3012
2561
2983
3014
1164
2975
520
3005
3012
3000
2535
248
2994
2970
3004
1838
2987
3002
2998
2996
3005
2997
3022
2967
3002
2957
2941
2998
3022
2941
2993
2311
2990
3019
2979
2951
3066
3013
3003
3006
2968
2996
3030
2997
2987
3017
2969
2984
2989
3063
2973
3029
3001
3034
3015
2988
2987
379
2987
2963
3005
3033
3033
2981
2001
2999
3004
2421
2995
3019
2961
3024
3024
1541
2996
3015
2999
3017
2986
3012
2997
3017
3002
3031
2980
3028
3018
2993
3011
3007
2883
3019
2957
2978
2969
1666
3009
3016
3007
3003
3001
2944
2977
3024
2978
3003
2975
3019
3044
2967
775
290
1090
2972
3012
3028
2959
2993
2986
3034
3013
3034
3000
2961
166
3001
3030
3011
3019
2993
292
2991
2998
3000
2976
2937
3009
2975
2956
2956
2999
2972
2955
2985
168
2997
2954
2981
2947
2993
3003
2987
1671
2976
2979
3004
2970
2992
2999
198
3033
2989
3013
3013
2982
1354
2996
2969
2691
3006
2989
3007
3016
3022
3002
1276
2945
2991
2991
3032
2999
3027
1603
3024
2972
2975
2937
3010
2989
3013
2986
3020
3027
2550
2991
3004
2970
873
2995
3005
2992
548
3039
2991
154
2284
3018
2944
2986
2961
2990
2895
1948
3000
2992
3043
1620
2162
2990
3002
2964
2998
2492
3030
3015
3011
3011
2982
2976
2983
2955
3019
2791
3018
2474
795
2975
2985
3018
3016
3003
2858
2953
3023
3001
3085
3011
3007
138
2994
3017
2995
3025
874
2988
3023
2594
2980
3024
2968
3008
2681
2992
2407
2993
3003
2993
2996
3003
2965
3030
3010
3016
3008
452
2954
2973
174
3020
2978
3041
1810
549
3010
2975
2980
3053
2982
2965
3012
3023
2986
3021
2997
2976
3009
3012
3001
2982
237
357
2974
3000
754
1185
3015
3023
2976
3021
3002
3027
2991
3009
3006
3031
2978
2963
3036
2991
3012
2994
2966
2684
3013
2994
2959
2979
2433
3016
3003
3026
2971
2987
2988
3019
3001
3002
2961
2999
136
468
2992
3002
2990
2980
3027
3017
2991
2982
3025
3074
2991
3009
3026
2986
2996
3016
2976
2951
3009
2919
2998
3029
2924
2962
2985
3002
3015
3014
2960
2998
398
3001
3010
2998
2987
2994
2340
2998
2986
2988
2974
2971
3028
2962
2996
2977
2017
3005
3028
3045
3008
2621
2995
3010
3038
2994
3021
2976
2990
2998
2997
1086
2995
2973
3015
2997
2958
2990
2997
2955
343
3001
3001
392
3033
2983
2974
3003
3013
2992
2530
2995
2965
3015
2962
2981
3011
2983
2972
3008
2987
2980
2990
3016
2989
2989
2972
2986
2452
2995
2930
2989
2998
2989
1811
718
3044
3029
3008
3010
2989
3018
2934
3002
2976
2999
2821
2978
2983
1743
2950
2976
3034
2980
2985
2993
2988
2974
3010
3007
2972
2772
2962
3002
2982
3036
2906
3013
3004
2950
3002
590
2990
3039
3011
3015
1748
2999
2973
2992
3008
3012
2993
3008
3017
2955
2764
3004
3022
3002
2985
3006
2952
2498
2995
2984
2991
2991
3033
2988
2975
3068
728
182
3008
2984
3030
3018
578
2966
2982
3011
2991
3021
2994
624
2984
3021
1206
2996
2989
2987
3023
2129
2917
3003
3009
1697
2961
3005
2982
2998
3007
2988
3008
2993
2982
2987
3012
2214
3027
3014
3060
2983
1489
3000
3013
3001
2979
3009
3012
3048
3005
2976
2966
2948
2987
341
3019
2952
3005
2989
2998
2068
2967
2994
3028
2846
2998
3001
2970
2996
3004
2998
3016
439
722
2958
2995
2994
3007
2994
2995
3006
2978
3000
2940
2983
3049
2989
2996
3004
3002
3018
3019
3001
2818
3022
2979
2991
2954
3017
2970
2991
3004
3002
2992
2998
2947
2942
2963
2992
2988
114
2780
3008
2958
2996
339
2986
3010
2991
2975
3034
3047
2963
2988
2989
2960
3010
3011
2966
3030
2992
3018
3025
3072
2978
3012
3011
3005
2997
2966
3017
2942
1420
2981
1723
2979
2979
3024
2997
3043
3004
3009
3025
1754
3013
2998
2976
2951
3016
3004
2572
2971
2391
3037
2998
3027
2977
3012
2945
3001
2985
641
3012
3026
3002
2991
3017
2996
3002
2990
2981
2999
3008
2970
2989
1330
2940
2970
2994
3011
2998
3006
3009
2393
3002
3014
2998
3019
3002
2979
2982
3003
3016
488
2977
3003
2968
2986
3001
3004
3007
3002
1211
2983
3032
3016
3067
2963
2000
2952
2980
3020
3029
2958
2983
2925
2924
3005
3007
3001
3020
3018
2956
2991
3009
2997
2960
2969
2592
2768
3006
2990
434
3003
3029
481
2995
3014
2464
3008
296
2889
3006
3009
3045
2976
2986
3019
2988
3026
3011
2958
2993
3016
3002
2981
3014
2969
1845
2993
3003
3009
2979
3020
2986
2990
2976
2985
2973
2941
3023
2975
3003
2954
2993
2997
3004
2944
3004
2965
3007
2993
1986
3010
2991
2998
2991
2924
3003
2996
2996
3025
2963
2979
2998
3026
2738
325
2990
2983
2972
3019
2996
2903
3009
2990
2992
2979
3013
2925
3010
2985
2998
2182
2986
2988
2928
2980
2978
2924
3002
2992
2998
3007
2990
733
2978
3013
3000
2998
3003
3019
2987
2983
2962
3007
2975
3009
2974
2976
2989
3006
3008
2964
3017
2926
3001
3029
3028
2201
2977
2998
3002
2997
2988
1726
3032
2996
3028
2963
2964
2968
2943
2729
2965
2983
2291
3025
2957
2999
2989
3021
2994
2991
2998
2991
2275
2983
2968
3006
2996
2963
2982
2920
3027
3020
3033
1334
3000
2827
2971
2852
2927
868
2977
2980
3005
3005
3009
2991
2989
3008
2983
394
434
2985
3010
2629
3009
2993
2763
3078
2449
2994
297
124
2972
2976
2978
2972
2986
2962
2992
2924
3006
2999
3008
3016
2954
2986
3016
2795
3011
3013
840
3008
3035
2992
2996
3003
2312
2993
2959
2969
2992
2659
2783
2969
2980
3004
3019
2942
2996
2984
2964
2968
2948
3028
2977
3013
2855
3018
3014
2996
3002
2985
3017
3010
2638
3009
3014
2961
3020
2994
2954
2992
2992
3003
3021
2995
3007
2772
2991
3010
2989
3086
3040
3023
2983
2937
2997
2959
3017
2998
2991
3030
2934
3002
2984
2964
3019
2956
2979
2966
2997
3006
2969
2987
3015
3001
2005
2973
3001
3009
3012
2966
3000
2954
3030
2973
3003
2986
2993
2997
2998
2982
2967
262
2959
3036
3013
1976
2983
3025
3017
2993
3030
2983
2278
3011
2970
2986
3002
3012
2987
3039
3005
3000
3002
2990
2729
3005
273
2985
2984
2986
2930
2957
2992
3056
2982
2991
3003
2971
2982
3023
3040
568
2956
2991
2996
3030
1049
2974
952
3008
2996
2983
1748
2992
3046
418
3004
2982
2954
3033
2965
2988
2969
3020
3012
2687
2996
3000
3038
3010
2999
3005
3016
2980
2780
2995
3008
2985
3006
2996
2996
2990
961
239
3007
3014
3018
2997
2970
2995
2984
3011
2997
2999
3066
2979
2989
3009
868
3080
2996
2996
3008
3003
3014
2974
3063
3006
489
3002
2991
2995
2989
2992
2964
3008
2994
1126
3026
3000
2984
2998
3002
2441
2998
2989
3002
3014
2965
2029
3009
321
2999
2989
3015
2977
3007
2983
3021
3024
3001
3007
2991
3015
2993
2978
3009
2967
3011
2998
2935
2997
3012
3002
2976
3001
1130
2964
3015
3036
1882
703
3002
2966
2972
2994
2981
701
2992
2999
2927
2546
2999
3003
2996
3018
3030
3007
3000
2973
3003
3013
2973
3017
3023
526
2963
3000
2958
2938
2932
3027
2998
3015
3054
2930
3007
2980
2994
3020
2666
986
2972
3004
2971
3008
2951
2737
3030
651
3012
475
3005
2241
2995
2997
2929
2905
2976
3063
205
3002
2974
2952
2964
3017
3006
2967
2977
3074
3002
2996
2984
2999
3008
3044
3006
2125
3001
2978
2994
2968
2957
2997
2981
1052
2977
2987
2986
2996
3030
2985
3035
3016
3003
3000
2963
225
2996
2993
3001
3004
2475
2716
2998
3019
3026
3030
3017
3002
184
1146
2950
2994
3013
2953
3005
3010
3032
2995
2981
2986
3007
3018
3030
2984
3001
1678
2998
3070
2963
3025
632
2999
2994
3009
2979
3017
1087
1411
2746
1931
2974
2988
3008
2997
3034
3012
3013
2934
3010
2999
2918
2985
3017
3021
2999
2994
3007
2992
2968
2978
2966
2998
2987
2962
2998
2980
520
3015
1903
3012
3006
3015
3019
3017
3008
1410
3013
3007
2999
3021
3000
3046
3006
2994
3004
2962
265
3010
3030
3027
2998
1798
3041
2852
2985
2995
2439
3020
2989
731
2987
3006
2999
2969
3034
151
3012
3008
3009
3017
2985
3026
2397
1711
2997
3014
1199
3007
2970
3012
3017
466
2979
2959
2996
2998
1133
2947
3027
3006
3017
1295
3019
153
3004
2987
3018
3018
3029
2991
2971
2984
3016
3000
3009
2924
2993
2993
3003
3014
3057
2960
2982
3005
2419
3010
2994
2732
2951
2985
2981
2987
2970
995
2973
2994
3016
3013
3016
2993
2955
2978
2984
3006
3001
2972
2289
1221
3019
3003
2981
2998
3020
858
2982
2772
2931
2852
455
2981
2983
3018
3015
3029
2045
2986
2994
3000
2988
2873
3010
2982
3013
2990
3000
3016
2962
3001
2977
2992
2940
3024
3022
3013
3040
2982
2990
2656
2978
2006
2987
3000
1628
2911
234
2931
2996
3003
3012
3023
3023
3008
2958
3004
3008
3022
2992
2989
2987
912
2990
3024
2968
3017
3006
2976
2987
2995
3046
2995
2961
3008
3003
2971
2882
2997
2978
2972
2999
3002
3010
3008
3012
2970
1041
3017
3006
3005
2987
2983
2990
2993
3008
3015
3014
2969
2980
2976
3037
2987
3006
2997
132
2998
3006
2997
2992
2987
3037
2998
3022
3006
3011
2999
3014
3088
2966
633
3007
2967
335
2983
2954
2999
2988
3034
3035
3005
3019
3008
3009
1485
2961
302
3012
2978
3016
2981
2980
3041
3008
598
214
2994
2937
2969
2981
2985
2989
332
2980
2990
3032
577
2922
2098
2975
3006
2566
2991
3007
2986
3055
2997
3000
2981
3014
3025
2963
3011
2987
3023
3034
3037
3045
3018
2979
3013
2978
2999
2998
1282
2999
2994
2975
2983
3017
3024
426
2994
2995
3004
3016
3032
231
2989
3045
479
198
3011
3008
3006
801
2991
2996
2985
2992
2931
3001
3017
3006
2978
2996
2954
3002
242
2999
2969
2942
3029
2988
2996
3076
2768
3001
2972
1963
3003
3019
3011
3006
2994
3007
3005
2993
3026
3002
1641
258
3004
2992
963
3024
2999
3019
3024
2989
572
3012
3000
2984
574
1435
2965
2993
2995
2980
448
2971
3018
2924
2985
2987
3007
3000
3007
3018
2965
3013
2989
3002
2997
2984
3064
2994
3001
2999
2969
2969
2980
2954
2967
2987
1705
182
2998
2941
2990
3013
3003
2929
2968
3000
3002
767
3023
3001
3004
3000
2972
2955
3007
2942
2999
3020
3025
2993
3018
2998
3011
3014
2979
2971
2996
2965
2965
3020
3013
2997
2985
2981
2979
3009
302
3049
3001
3002
2965
2790
2983
3010
3002
3010
2997
3001
3001
2991
3070
3003
2984
2970
3004
3009
3031
2980
2782
3003
981
2998
2989
2201
3009
2990
2982
2389
2983
2994
1799
3018
2978
295
2982
3007
3002
2990
2966
2972
3016
2972
2943
2965
2997
681
3032
3003
2987
2982
2946
171
2972
300
3025
2646
3051
2988
3010
3035
3082
3000
972
2936
2995
3004
2999
2966
2996
2540
3012
2992
3007
3016
3006
2979
2971
3000
2985
2972
2290
307
2980
2955
2984
3026
707
3014
2976
2988
2957
3016
2992
2994
2998
3005
2978
2999
2965
3026
2988
3078
2982
2988
3013
2996
3000
3013
2988
2994
2556
341
2976
2988
2989
3012
3041
262
3018
2979
3004
3003
2963
2997
2998
2976
3019
3028
2997
3005
2944
3007
2988
2989
3007
2987
2915
2992
3003
2992
2989
2966
3006
2975
2953
3006
3032
2977
2993
3014
2991
2993
2982
267
2973
3003
2996
2859
2898
3017
3021
3010
2994
3006
2687
3000
2993
3002
3030
3013
1525
3012
3021
2978
1846
3014
2996
2981
3000
2993
2976
3012
2976
3002
3030
2975
2990
3013
2996
3009
2964
2998
3017
2081
1380
3048
2990
3015
2997
2943
2986
2966
2768
1644
2914
3017
2964
3017
2980
3004
2993
1509
2112
2946
3012
3026
3038
551
3000
2990
2788
2985
3014
2994
2855
2987
3014
3010
3009
2979
3017
2946
3013
3011
2909
2262
2967
3003
3014
2946
962
3029
2984
2996
2981
3002
3010
1680
3035
3003
2982
3033
1363
2968
2972
2920
2980
2986
769
142
2991
2990
3027
3009
2975
3016
3016
3011
2992
2972
3010
3027
3014
3039
2991
572
3007
2976
3017
2344
2951
2996
3009
1908
2990
2980
2960
3011
3007
2963
3028
2971
3034
184
2941
2998
3007
2974
2988
3005
3018
3011
2995
1810
2933
2702
3001
3026
2973
3015
3047
2996
2974
2040
3025
2959
3021
3033
2992
2974
2653
538
2936
146
2491
2994
3005
2979
211
1160
3028
3019
2974
3003
3078
3006
3002
2994
2992
3031
2965
2982
2984
3016
2988
2992
2978
2994
2973
2977
2957
3025
2778
3018
3000
3021
684
161
3024
3017
3005
3014
2993
2984
2979
2998
2973
3005
2993
2967
2997
2989
2960
3013
2999
3036
3001
3022
2997
414
3017
3031
1711
2961
2985
186
2989
3020
2971
3004
3009
3071
2979
3024
2991
2969
3014
3080
134
2918
2991
2993
3009
3014
2979
2944
3013
2964
3019
3001
2998
3002
3019
2969
3019
2982
2966
3030
2996
3015
2981
3019
3031
2949
2974
3004
2956
3012
3005
3007
2563
3011
2886
2983
2992
3000
3013
3025
2499
2959
3027
3020
3030
2962
2997
3013
2980
2999
1252
2980
3003
2913
3039
3006
2992
3007
3019
3016
3001
2983
2994
2981
3030
2981
2972
1268
3003
3026
754
2993
2990
3007
3016
2985
2991
2974
3023
2992
2970
2975
2992
3002
3013
3001
2975
3040
2984
3004
2980
2953
3005
2955
2998
3027
2987
2995
2963
3012
2997
2948
3025
2973
3000
2992
2996
2963
3034
3002
3003
2996
2962
1500
2990
3010
3011
3004
1320
2999
2943
3004
2980
470
2966
3025
2991
3026
2994
3006
3019
2996
2995
426
3012
2971
2088
3007
3004
2990
2991
2996
3022
3000
3000
3005
2819
3031
2994
307
2974
2415
2947
3008
3020
3003
2958
2986
2986
3026
2975
2918
2946
2986
2990
2985
3002
3018
2998
3022
2991
3009
3026
2985
876
2995
3002
577
2961
2947
3013
3006
3014
3035
1953
3099
2055
2991
2986
3001
2850
3025
3020
2993
3039
3017
2999
3018
3026
2994
2989
3003
3007
2990
1618
3021
3020
165
1032
3007
2609
2982
3016
2983
2985
2994
2959
2985
3000
3021
2995
2466
2983
2991
3011
3056
2984
2996
2961
2927
3016
207
3005
3002
2998
2982
3003
3086
3008
3007
2907
3019
3004
3014
2969
2713
1173
3018
3016
2988
2976
3010
3040
2919
408
2986
2981
3024
2967
2991
3034
1005
3020
1643
2981
3007
2914
2985
3024
2954
2975
3038
2957
2998
3002
2986
2967
2990
2904
491
3016
2992
3020
2979
2974
3003
2715
3008
3001
3015
2850
3004
3037
3005
2989
2994
3023
3015
2983
3005
3000
2983
3009
2980
3001
682
2991
2970
3032
1671
2987
1195
3000
3000
2959
3021
1468
2981
2991
3007
2968
2986
2997
2993
608
3015
1049
3008
2992
3033
2993
344
2979
2999
3028
3021
3001
3014
3005
2967
2960
3000
1118
3017
1358
2976
3008
2989
2999
3018
2966
2993
2985
3015
2962
3011
2939
2971
2975
3028
2969
3001
2965
2991
3023
3011
3027
2990
2996
3004
3022
3016
3000
2978
2992
2996
2117
3023
3028
3021
855
1115
2931
3016
3021
2963
2936
2990
3018
3007
2991
2980
2985
3049
3004
2965
2994
2321
250
3008
2790
2123
3004
3033
3001
2944
2978
3000
3009
3001
3100
2971
2977
2974
2977
3009
3020
3005
3040
2995
3015
2992
3009
3013
2953
3023
2966
2502
2983
3004
2519
3011
2972
2979
3010
3012
3009
1564
2725
2999
2992
3010
2975
3033
2975
3012
3039
3036
303
2980
3020
3021
3012
3015
3020
2974
3005
2964
2972
2940
3060
3006
2958
2923
3006
237
3026
3021
607
2974
2971
2533
3026
2978
2729
3009
2923
2797
3009
403
3005
3001
3007
307
2992
2987
2774
2994
2966
2994
222
2993
3012
2786
3005
2990
3020
3000
2985
2247
2994
3001
2995
2983
2997
2982
3034
2947
2973
3013
3001
3006
2986
2989
2976
3003
2984
3008
2970
1201
2278
2982
2995
3001
2965
3033
2887
2973
2996
2892
3022
436
3015
2957
1608
2995
3000
3042
3007
3052
3013
3033
2952
2994
3015
3001
3031
3003
3052
2986
3006
2980
2967
3014
2983
2966
3008
2948
2991
3017
2991
2996
2477
2998
2927
2978
3014
2960
3013
2994
2995
3050
3018
3009
2785
312
2986
3005
3042
3004
3020
2399
2921
3007
2942
2986
3004
2990
2997
3008
793
2981
2945
3005
2508
2995
3001
3009
2916
3026
3014
3007
1886
3003
2995
497
2843
2976
3009
2984
3019
3024
2966
3011
2989
2999
2977
2997
3016
3001
3033
1878
2999
3025
411
2903
2812
3027
3025
3012
2979
3003
3021
3029
2978
3026
3010
2945
2999
3000
1882
3003
2535
2937
3000
3000
2972
3024
3007
2091
3001
1428
3000
3082
2950
3015
3010
3008
2978
2992
3097
3005
2970
3006
2998
3015
2971
2980
2978
2777
3006
2966
2990
3015
2967
3001
2964
2914
3025
1157
2936
2491
3001
205
3011
3018
3004
3015
2973
2795
3022
2983
121
1907
3029
1766
3012
3004
2669
3023
1351
3043
2904
3003
3047
3020
2997
2997
2980
2987
2990
3004
2995
2989
3010
3019
2981
3014
2979
2999
2969
3006
2993
2985
2910
1088
3012
2955
2984
2023
3005
3007
2982
2983
2997
3005
2993
3010
2990
2976
2947
2983
2998
3002
3025
3014
3011
2984
3003
2989
3014
2967
3008
3034
2996
3026
3013
2934
3001
2993
2986
1602
3012
2986
2982
2942
3036
1475
2995
2985
3023
3000
225
3061
2985
2930
3025
3010
2999
2993
286
3006
2988
2991
2920
1574
2955
196
2955
2980
2982
3015
2955
3030
3010
1264
2984
2960
2996
557
3005
2972
3014
2988
824
2059
3017
2997
3067
2994
709
3007
3017
2982
2450
3007
2051
799
3009
2980
2984
2995
3041
3034
3009
2999
3004
2984
2974
2991
2997
2631
2993
2974
2999
2992
2840
1438
3002
3000
3015
292
3005
2988
2998
2987
2953
2995
2996
2988
2935
2987
3011
3010
3005
2991
2997
3020
2985
2986
3001
3002
2988
3007
3012
2999
2978
2992
3001
3012
3001
3000
3005
3025
2997
3001
2995
2989
2975
2985
412
3000
3036
1758
3008
633
2995
2987
2974
2957
2943
3036
3002
2997
3012
3013
2261
3057
2988
3016
1027
2974
2976
3002
3078
3016
2983
3024
2998
2997
3016
3028
2903
2970
3001
2983
3019
3001
2991
2994
3032
2966
2931
3003
2999
3010
2984
3009
2965
2681
2966
2928
2976
3028
2998
3016
2977
3011
2954
3014
3017
211
2985
2982
2383
3003
3031
3004
3009
3002
3004
3011
3018
2974
3020
2991
3014
3009
3007
2993
2995
3001
3020
2954
1748
3006
2993
2951
3014
3009
2995
3008
2965
2975
3005
2990
2979
162
3029
3004
2960
2904
2945
3006
2990
3024
2997
2878
2958
922
2985
2964
124
3012
2948
2973
3002
2999
2998
3033
2991
3008
2909
1107
