1155
1373
1423
1272
1249
1539
1423
1456
1559
1558
1281
891
1259
1544
1559
1546
2191
1157
963
1557
1524
1539
1259
1557
1571
1415
1559
1226
1331
1563
1518
1300
1342
1550
1169
1560
1568
1534
1505
1542
1552
1306
1550
1544
1510
1252
971
1443
1265
1555
1551
1545
1077
667
1558
1351
1559
1275
885
1564
777
1519
1459
1555
1538
1412
1553
1535
1556
1071
1560
1553
1564
1249
1556
1552
1032
1560
1344
1542
1266
1544
1554
1557
1323
1553
731
1557
1512
1537
1544
1252
1555
1351
1560
1542
1548
1105
859
844
1265
1554
1554
1555
1742
1542
1449
1559
883
1557
1318
887
1259
1513
1325
667
889
1295
1551
925
1558
1531
771
1263
1286
1554
1499
1551
1284
1545
1300
946
1553
1279
1555
1254
1121
1029
782
1562
1552
1532
1309
1556
1393
1385
1920
1539
1555
1558
1543
1560
1281
342
1499
1082
1551
1272
1555
1266
1765
1475
1499
1560
1530
1553
501
1502
1544
1553
1542
1185
1553
1644
1548
1337
1235
1550
1541
1296
1402
1565
1510
1260
1552
614
1552
1561
2153
1466
1559
1558
1561
2106
1559
1557
1555
1381
1560
1558
1266
1278
1277
1291
1548
1804
1560
1263
1565
1338
1566
1542
1278
1441
1560
1522
1551
1544
1545
1556
1561
1552
1547
1410
1279
1399
796
1255
1559
1562
1557
1555
2032
1316
1542
1555
1260
1281
1557
1294
1265
1501
1557
1559
1553
1231
1497
1549
1537
1551
1275
1522
1556
1314
1327
1547
1560
1560
1549
1546
1558
1249
1197
1251
1553
1341
1562
1564
878
1450
1559
779
1553
879
1556
1558
1544
1559
1557
2026
1554
1336
1494
1493
1565
1346
1561
1403
1467
845
1554
1554
1288
1248
1565
1527
1233
1557
1483
478
1354
837
1373
1543
1444
1299
1557
1536
1556
1551
1543
1516
1555
1566
440
1560
1568
1540
1534
1253
1252
852
1569
1427
1540
1558
1487
1055
1383
1457
1500
1258
1556
625
1550
1542
1355
1453
1076
1565
1561
1469
517
1502
1551
1273
1422
1354
670
1266
1536
1262
1524
1378
1287
1517
1260
1557
1539
1208
1524
1481
1553
1464
1444
1557
1557
1334
1555
1530
636
1559
1560
1552
1557
1547
1557
1565
886
1554
1543
857
1551
1541
1559
965
880
1558
1552
1403
1264
1526
1518
1546
1530
1305
1480
1500
1230
1539
1550
905
1538
1521
1485
1555
1545
1556
890
1016
1559
1541
1554
1549
1520
634
1560
1533
1304
1554
1461
1553
1559
1184
1551
1561
1540
1564
1312
1518
1157
1372
1367
1265
1554
1770
1220
1305
1551
1560
1266
1275
1554
1569
1201
1563
1548
1552
1336
1252
1560
815
1554
1536
1540
1528
1144
499
1554
1273
1275
1426
1551
1560
1279
1265
452
1556
1557
1734
1223
1561
1222
1551
1262
1362
1553
1552
1555
1566
1557
1553
596
1554
1264
1342
1557
873
1560
1554
1546
1558
1541
1392
1558
1548
892
1556
1542
1557
1545
1553
1488
1557
1355
543
1550
1273
1562
1559
1543
1553
1346
1357
1746
964
1558
1562
1277
1540
1519
1544
1405
1338
1528
1256
779
1551
1549
887
2113
1498
1295
1553
1521
1328
1423
1561
1556
1255
1271
1558
967
1556
1561
1555
1273
1507
770
1312
1788
1361
1545
1385
1555
1261
1493
1428
1557
2120
1538
1560
1557
1551
1324
1556
1430
1463
1501
1518
1560
882
1705
1254
1548
1540
1553
1558
1256
1373
1555
1475
1489
851
1558
1540
1829
1550
1551
1561
1557
1472
1164
1554
1371
1557
1553
1556
1556
1514
1551
1557
1562
1560
1561
1286
1534
1262
1357
1564
1548
1255
1430
1542
1568
1554
1554
1557
873
1205
1165
1515
1548
1404
1554
1548
1552
1546
1554
1428
1441
1557
1564
895
1246
1551
1544
1555
1129
1524
1461
1557
1539
1544
1368
1574
1528
1295
1377
1271
2140
1373
1444
1557
1264
1264
1539
1546
1551
1555
1563
1281
1543
1559
1543
1433
826
1562
1517
1560
1562
1422
846
1561
1561
1557
1255
1255
1523
1549
1562
1526
1961
1545
1963
1233
894
1556
1533
1552
1270
849
1538
1554
523
1255
1562
1516
1557
1051
1545
1540
1540
772
1558
1571
1417
817
1534
1456
1256
1273
1553
1353
1881
1474
1517
1544
1521
906
1043
1179
1557
1261
1558
1479
1396
1547
1558
1546
1557
1139
1563
1398
1545
1282
631
1560
1548
1566
1889
1529
1563
796
1557
1438
1538
1173
1546
1274
1562
1531
1565
1323
1560
1557
1548
1556
1541
880
1557
1549
1558
1406
1559
1560
1559
1368
1558
1265
1541
1228
1551
499
1529
1350
1551
298
1532
1507
1325
1555
1551
1554
1466
1546
1557
1388
1209
1510
1569
1550
1329
1264
1272
1264
1513
1569
869
1557
1546
1544
1559
782
1558
770
1505
1452
1556
1502
1529
1557
1212
921
1559
1287
1520
1558
1267
1563
1447
1071
1556
1556
1556
1440
1560
1559
1387
1524
1481
1530
1310
1547
1572
849
1540
1568
1320
1053
1552
1033
1449
1207
1543
1451
1549
1557
1074
1559
1558
1384
1559
1546
1294
1237
1530
898
1481
1556
1545
489
893
754
1435
511
1543
1558
1268
1163
1553
1550
1292
1298
1562
1471
1562
1562
1554
1463
1290
1550
860
1560
1557
1549
1565
573
1031
1089
1560
955
1314
1562
1548
1539
1543
1555
1390
844
1565
1398
1562
1280
1099
1560
1559
1558
1554
1542
1363
1570
1575
1284
1536
1528
1563
1551
1560
1554
1555
1548
1550
345
1288
1556
1393
1562
1260
1039
1145
1499
1554
1557
1282
1566
1562
1559
795
1364
1553
1544
1568
1542
1379
1414
1558
1539
1314
909
1392
1558
1157
1410
1554
1551
1483
1545
1557
1557
1561
1285
1543
1557
1547
1557
1252
1221
789
1350
1530
1554
1564
2136
1358
878
1554
1552
1555
1147
1560
1259
1370
1551
1408
1573
1032
1558
1557
1546
1458
1553
1552
1524
1395
1674
672
1549
1435
1344
1575
1353
1436
1554
1551
1296
1293
1275
905
1492
1558
1516
1262
787
1283
1562
1554
1544
807
1551
1558
854
1186
1555
898
1533
1560
1551
1258
1559
1430
1542
1551
1421
1255
1529
1517
1081
1543
1665
1495
1335
1556
1528
1560
1298
913
1559
1550
1562
1323
1570
1283
1553
736
1482
1410
2083
1554
1328
817
1564
1544
2194
1545
1550
1522
1554
1556
1544
1280
1565
1548
1559
1541
1564
1551
1556
879
1549
1439
1741
1558
1383
648
1560
382
1547
1262
891
1221
1254
1328
1563
1565
1544
1521
1509
2066
919
1322
1549
1349
1543
1539
860
1225
1563
1562
1556
1523
1462
1560
1464
1547
1558
1299
1367
1561
1540
1559
1553
1559
1526
1539
1557
1529
1556
1545
1235
1505
1299
1556
1512
1555
881
1310
1289
1552
1539
1553
1550
1118
1261
1544
1149
1560
1560
1295
1353
1541
1254
1251
1544
1553
1083
1377
1077
1546
1147
1438
1539
1548
1311
1520
1553
1442
1454
1492
1487
1275
1561
1547
1552
1082
1345
1372
1562
1422
1547
1565
1561
1546
1167
1395
1321
1297
868
1293
1269
1558
2147
1321
1557
909
1027
1266
1387
1172
1491
1477
1562
1278
1555
1529
850
1553
1558
575
787
1274
1561
1271
1494
795
1552
1373
1560
1548
1542
1253
1561
1310
1554
1549
1555
1559
795
1303
1271
1566
1520
1354
1555
1551
1266
1375
1373
1562
1405
1305
1263
1552
520
1253
1557
1556
1074
1248
1561
1425
2128
1431
1561
1556
1365
1310
1564
1537
1556
1288
1549
944
1411
1514
1562
1419
1394
1562
1540
1285
1555
2009
1547
1553
1105
1562
1019
1561
1557
767
727
1332
921
1426
1559
1520
1442
1267
1331
1540
1564
1402
1166
1280
1396
1426
1555
1295
1561
835
1236
1556
1270
800
1743
996
1550
1375
1138
1556
2143
1280
1561
1553
1260
900
1557
1262
1286
1549
304
1549
942
781
1551
567
1552
1547
1461
1564
1250
1543
1554
1147
1298
1561
1393
1472
1466
1258
1494
1550
1631
1558
1553
874
1524
1169
1446
1545
931
1563
1559
1247
1555
1256
1562
1204
1562
1559
1556
1554
1319
1552
1446
811
850
1542
1258
1548
1581
1563
1543
1547
1563
1553
1557
1548
858
1321
1551
1153
338
1546
1527
1559
1334
1558
1349
582
1555
877
1560
1561
1557
1557
1520
1553
867
1521
1554
1557
1544
1557
1252
1126
1549
1559
1555
1412
1311
1554
925
1567
1520
1330
1433
1351
1552
1257
896
1553
1538
1543
1085
1209
1518
1556
1508
1296
1391
1535
1554
1526
795
1300
1497
1548
648
1550
1085
948
1544
641
1555
1561
1551
1525
1562
1559
1530
1562
1254
1553
1550
1542
1344
1316
1291
1250
1561
1552
1421
1552
1294
1562
1553
1534
1307
1555
1275
1467
1279
1557
1174
1557
1553
1543
1403
919
1555
1553
1482
1552
319
1397
1555
1674
1561
2117
1054
672
1557
1325
1062
1555
1325
1554
1161
1278
1559
1562
1558
1308
1512
1567
1566
1308
1522
1538
1559
1557
426
826
1554
1541
1571
1068
1560
1497
1555
1558
1119
1557
1338
1556
1557
678
1558
1559
1296
1554
1413
1546
1558
1558
827
1544
1571
1560
1553
1340
1553
1561
1310
1559
1553
1545
1427
653
1743
1381
1554
1550
1100
1554
1431
1080
1276
1558
1450
1275
1434
1435
975
707
1375
1550
1551
1323
1550
1555
1560
755
504
1100
877
315
1554
1268
1335
1278
1545
1559
1556
820
1555
654
1356
1280
1264
1555
1552
1525
1562
1546
1562
1474
1290
1276
1546
1489
1300
1029
1067
1299
1538
1240
1551
1547
1560
1534
1555
1557
1555
1553
1342
1347
1543
1549
1532
1552
1547
1230
919
1539
1489
896
1321
1533
1372
1071
1325
370
1327
1559
1550
1561
1353
1181
1387
1488
1557
1562
1551
518
1164
1561
1511
1291
1256
1555
1553
1552
1253
1556
1552
1217
1430
1336
1432
1255
1552
1428
1276
1302
1559
1366
1552
1563
1561
1513
1551
1235
1510
1566
1411
1044
552
1392
1559
1536
1558
1552
1556
1516
1532
1549
1563
1262
1559
1154
888
1564
1556
1158
1553
1547
1331
1489
1554
1382
1555
1569
1555
1369
1523
888
1554
1552
359
1431
899
1544
884
1557
1550
1515
1553
1536
1561
1349
1055
1550
1480
1375
1551
1164
1560
1545
1519
828
1564
1305
1559
1323
1567
1555
1514
1542
1245
1463
1459
1554
1557
1559
1187
1555
987
1465
1550
1413
1551
773
1309
352
1394
1323
1490
1566
1561
1548
1555
1287
1552
1310
1268
1524
1535
1534
1559
1552
1544
1254
1552
898
1568
1513
1557
1556
1266
1428
892
1548
1560
1553
1552
1290
1516
1384
1468
1561
1554
1564
1550
390
1461
1557
1556
1381
1559
1240
1267
855
1494
899
1557
1553
1556
1563
1559
1526
890
1561
1565
1546
1418
635
1549
1461
1551
1554
1560
1181
1052
1396
1546
1297
1546
1558
883
1285
1551
1559
1328
1000
1557
1537
1352
1558
1504
1557
1574
1503
1344
1397
1561
1519
1381
1549
1263
1299
1408
1033
1562
1563
1105
1547
1005
1518
1556
1285
1190
1532
1524
1557
1548
1267
1552
1372
1477
906
1322
1499
1515
1548
1336
1522
1286
890
1557
1269
1567
1444
890
1563
1504
1562
1555
1547
1556
1542
1348
1509
1550
1539
1721
1559
1425
1552
1558
1556
1534
1315
1280
1235
1256
1554
1549
1412
1116
1269
2202
1559
1266
1532
1554
1548
1364
1489
363
1274
349
1298
1385
1255
1558
1564
1548
1352
1416
1478
1558
1556
1539
350
1555
1567
703
1560
1547
1542
1027
779
1489
1555
1555
1469
849
1562
1558
1561
1562
1544
1546
1547
1535
1563
1452
1564
1557
1524
872
1360
1528
1297
1556
1260
1562
1263
1555
1558
1500
1560
1554
1263
1247
1263
1290
1520
1544
1546
1546
1511
1444
1563
777
1568
1269
1564
1557
1489
1548
1554
1411
1548
1559
1267
1185
348
1267
1328
895
1506
1274
1403
1536
1267
1137
1265
1566
1551
1167
1256
1559
1331
1432
1547
1181
1545
1402
1553
1256
1563
1554
1429
1550
1448
1781
1037
1543
1541
1549
1558
1557
996
1493
1519
1560
1493
1270
1563
1384
1260
1282
1416
1447
1555
1205
1240
1251
1556
1392
1557
1425
1266
1553
1548
1258
1537
1554
923
1546
1554
1555
1423
1559
873
1563
1538
1557
1295
1537
1541
1380
1516
1361
1545
1226
1562
873
1554
1371
1559
1557
1270
1556
780
1455
1748
1090
1543
1487
1560
1531
1559
1548
1544
1104
1487
1378
1252
449
1391
1549
1250
1270
980
1447
1556
1790
1543
1551
1344
1096
1555
1562
458
1423
1555
1545
1556
1560
1556
1277
1555
1235
1552
1292
465
1544
1554
1559
1260
1314
1558
1521
1480
1534
1545
1541
1316
1241
1451
1451
1028
1141
1281
1556
1055
1562
1550
839
1547
1555
1560
1440
1368
2038
1551
1450
1557
1551
1507
1525
1553
1560
1549
1561
1559
1262
826
1557
1555
1291
1393
1250
1536
1286
1422
1539
1553
1555
1258
1270
1563
1252
1281
1556
1560
1551
1470
1547
944
1553
1550
1275
1565
1555
1562
1436
1552
1399
1564
1261
1380
2159
1515
1286
1561
1552
1503
1855
1108
1493
1561
1523
1312
1356
1268
1400
1556
1554
1285
1537
797
1383
1555
1348
1555
1216
2062
1131
904
1563
1556
1405
1557
1441
1554
1028
1264
1544
1257
1553
1272
904
1554
1549
1557
1354
1345
1551
1314
1326
768
1097
1065
1556
1432
1328
1250
1264
1548
1260
878
1394
1559
1303
1499
1275
1541
1566
1551
1556
1372
1560
775
1552
2205
1151
1511
1294
746
1078
1291
1534
1566
1423
1249
1455
1244
1499
1039
1536
1275
1552
1560
803
1320
1264
1223
1759
1266
1556
1552
1554
1557
1271
983
1399
1458
1542
1558
1375
1549
1555
1551
1552
1043
1530
1564
1496
1911
788
989
1528
1251
1323
1550
1524
1559
1456
1342
1543
1554
1535
1544
1325
1441
898
1261
1478
1541
1557
1391
1549
1550
1298
1561
486
1552
1548
1253
1430
1551
1557
1414
1563
1550
1561
1544
1554
879
1156
1299
1544
1556
1561
1561
1557
315
1530
1467
1566
1405
1433
1393
1052
1237
1558
1561
1507
1410
1470
1559
1280
1299
1919
1555
1550
352
1561
1282
1324
1379
1300
719
1250
1265
1349
1546
1562
890
1272
1557
1549
1547
1230
877
409
1265
1544
1554
1263
1528
1563
1551
1531
1458
1481
1515
1555
1234
1514
1545
1261
319
1260
1559
1565
1559
1560
1570
1551
1522
1556
1556
1260
1377
1290
1546
1542
1278
1555
1525
1441
1014
1240
1434
1556
1544
453
1265
1554
1565
1554
1290
1246
1568
1452
1476
1259
1194
1562
1479
1519
364
1452
789
1273
1562
1535
1558
1542
1375
1440
1515
1553
1561
1273
2011
1324
1258
1375
1548
1499
865
1557
1078
1622
1321
1396
1548
1297
1562
1464
1322
1530
1536
1558
1438
1366
1561
1554
833
1558
1540
1357
1554
1562
1444
1443
1131
1541
1408
1212
1261
1558
1546
2039
1480
1071
1264
1553
1561
1421
1105
1415
1546
1560
1539
1562
1250
2006
1558
1566
1551
1548
1559
1561
1457
1547
1543
1560
1556
948
1479
1341
1233
1548
1560
1153
1666
1368
1554
1444
1422
774
1255
1011
1554
1567
1325
1549
1308
1356
1022
1548
1528
1558
1562
1567
1554
967
1553
1559
1554
1556
1554
1559
1259
1193
357
1559
1560
1565
1560
1330
1348
1551
1558
1567
583
1386
604
1531
1546
1260
1420
1555
884
1556
1554
1250
1339
1565
1229
403
967
1545
1507
1561
1556
1525
1253
1375
1551
1546
1559
1278
1346
1555
1464
1547
1559
1344
987
1249
1482
1563
1466
1443
1336
1559
1555
1181
1570
1388
1540
1551
1025
1306
1544
1560
1042
808
1561
1562
1555
1303
1549
782
1020
1546
1355
1532
1562
1267
1313
1514
1281
1547
633
1549
1556
1538
1556
1425
1552
1261
1528
1548
1550
1529
1553
1534
1559
1337
1554
1553
1554
1546
1544
1535
1548
1248
1380
569
1361
1151
1523
1541
1415
1547
1340
1553
1263
686
1558
1220
1035
1559
1306
1564
1551
1048
1559
1154
1552
1492
1320
1552
1464
1547
1383
1385
1555
1089
1264
1514
1554
1541
1529
1526
1503
1268
1555
1555
1621
1458
1503
1377
1486
1554
1443
1542
1462
1230
1557
1262
877
1246
1563
1563
1551
1560
1251
1255
1270
1554
1558
1391
1553
1555
1261
1556
1365
913
907
1368
1557
1214
562
1563
1558
1561
1436
1562
1554
1272
1538
1558
1563
1340
1561
1559
1423
1555
1552
1259
1357
1561
1560
1551
1233
1275
1207
1260
1680
1227
1071
1326
1530
1551
1091
1553
1270
1281
1560
1521
1551
1497
1558
1275
1472
461
1192
1540
1552
1556
1502
490
1046
1560
328
523
1558
964
1547
1529
1556
1559
1532
1241
1540
1354
1314
1353
1269
1536
1565
1263
1267
812
1561
1557
1558
2059
1544
1553
1518
1249
1563
1491
1546
1276
1555
1560
931
1557
1001
1284
462
1565
1554
1560
1307
1550
1500
890
1549
1070
1561
1274
1561
1482
1544
1552
1023
1557
1553
1254
1224
1352
1544
1564
1558
1361
1547
1526
1311
1243
1352
1563
1540
1544
672
1364
1561
1541
1556
378
1532
1288
1543
1557
1281
1271
1248
1560
1188
1261
1259
1424
1264
1557
1552
1265
1397
1552
1560
1405
1269
1424
1218
1279
1323
1549
1557
1160
1266
1009
1553
1558
1289
1562
1077
1278
1557
1553
1540
1557
1555
1142
1553
1563
1560
1562
1480
1325
1521
1872
1103
1545
335
1264
1568
1561
1558
1288
1465
1548
986
1550
1283
1557
1308
1567
1562
1285
719
1555
1548
1548
1529
1529
1269
2101
828
1512
1566
1161
1542
1392
1553
1529
1948
1500
984
1556
962
1558
1552
1396
1560
1389
1552
1551
1196
1462
1551
1213
1551
1557
1559
1268
1100
1563
1554
1293
866
1564
870
1533
1545
1548
1562
908
1254
1562
1251
1558
968
1292
2025
1564
2037
1524
1324
1163
1640
1555
1548
1560
1519
1414
1480
1039
824
1304
1269
1471
1545
1554
1335
1546
1572
1561
1556
1554
1516
1266
1532
1543
964
1540
1549
1538
1559
1559
1567
1446
1908
1526
1417
1565
1265
1416
1550
1546
1554
1298
1304
1361
1546
1568
1552
1561
1567
1442
796
1536
1561
1554
1554
1264
1508
1556
1252
1560
1562
1293
1546
1435
1498
1535
1489
1556
1355
1542
1544
1557
1557
1448
1555
1867
1551
1457
1424
767
1556
1304
1568
1552
1556
1551
1277
1559
1557
1531
1565
2125
1386
1195
1561
1548
1557
1206
1556
1305
1032
1528
1537
1560
1526
1558
892
1168
1560
1554
1274
1251
1550
880
1545
1536
585
1548
353
1269
1558
1359
1559
1427
1302
1561
1295
597
1510
1562
1253
1411
1174
1559
1558
1540
1544
1295
1560
1544
1551
1510
1099
1553
1555
1552
1319
1315
1541
1555
834
1208
1562
744
1298
1971
2132
1524
1274
1557
1274
902
1385
1557
1554
1560
1553
1376
1554
1266
1537
1553
1556
552
1561
1285
1256
1567
1557
1564
1560
1553
1553
1561
1552
1557
1554
1251
1553
1161
1334
1169
1424
1552
836
711
1560
1526
1405
1559
2015
1552
1555
1561
1261
1335
1551
1560
1552
1266
1558
1417
1550
1558
1556
1281
1560
1673
1554
1540
1542
1541
1306
1675
1559
1454
1257
1201
1517
1550
1561
1277
457
1552
1510
1360
1020
1552
1504
1895
828
1556
881
1559
1560
1389
1552
1290
591
1557
1549
1559
1289
1323
1533
1565
1552
1267
1557
1303
1399
1540
1420
1518
1302
1563
1258
1058
883
1555
1561
1562
1553
1555
1348
1543
1552
1270
1220
1555
1553
1558
1394
1300
817
1271
1375
1255
1491
1254
1627
1291
1532
1338
1296
1444
1281
1344
1527
1559
1542
1514
1995
1558
1542
1551
856
1270
1522
1404
1199
1561
1558
1284
832
1551
1532
1434
1310
1308
1562
1555
1555
592
1361
1559
1499
1557
1556
1553
1324
1296
1554
1553
1561
1498
974
802
2169
1344
872
1555
897
1268
1259
1276
1550
1557
1247
1547
790
1323
1574
1565
1563
738
1253
1148
1554
1657
1560
1554
1607
1512
1543
1316
588
1535
1558
1413
1556
1257
1253
1549
1555
759
1552
1554
1560
1263
1386
1558
1556
1543
1557
1266
2127
1557
1374
1551
1562
1550
401
1564
1563
1392
1980
1789
1562
1560
1416
914
1559
939
1552
1525
1545
1552
1538
1545
1244
1330
1565
1561
1413
1551
1183
1546
1367
1547
1546
1550
1559
1561
1515
1561
1561
1553
1559
1485
1266
378
1406
1280
1459
1555
1483
1559
648
1540
1541
1560
1267
1133
1515
1550
1553
1553
1555
571
784
1404
1560
1553
1557
1486
1569
1378
1533
1561
885
1384
1545
1548
1561
1530
945
1556
1188
1557
1557
1286
1492
2186
1113
1265
1689
1547
1559
1500
1225
833
1265
1284
1419
1541
1560
1544
1535
581
1550
1276
1274
959
1564
1490
890
1284
1205
1463
1562
874
1562
1560
1429
945
1549
789
994
1573
1564
777
1560
1355
1418
1375
1480
763
1313
542
1562
1272
1559
1555
1554
1547
1272
1254
1307
904
1414
1553
1559
1444
1562
1557
1554
823
1552
1442
548
1311
1544
856
1555
916
1558
1556
1267
907
1521
1576
1561
1396
1557
1448
1279
1556
940
1272
1102
562
1549
1558
1538
1468
337
338
1253
1488
456
1555
1551
1547
1225
1561
1018
1516
1404
1530
962
1315
483
637
1249
1556
1546
1533
1543
1552
1546
1554
2094
871
1537
1266
1556
1561
1555
1541
1229
1214
1244
1504
1555
1556
1824
1552
1458
1279
1424
1261
1490
1549
1533
653
1552
1185
1131
1562
1377
1394
1296
1404
1195
847
1170
1555
1412
1556
1274
1249
1551
968
925
1546
1548
1558
1330
980
1373
330
1557
1279
1292
1541
1120
1552
1527
1556
1545
350
779
1275
838
1550
1557
1545
1557
1550
1308
1553
1661
1554
1326
872
1477
1540
1541
1291
1549
686
1563
1555
1553
1545
1547
1557
1436
1560
1535
900
1549
1535
1433
1550
413
1468
1256
2097
1552
1557
1048
1044
1440
1553
1341
999
1559
1456
1545
1562
982
1462
1478
1498
1392
1550
1257
1551
1156
317
1561
1240
1526
1304
1295
823
2140
880
373
1556
933
824
1561
1551
1566
1290
1402
1533
912
2178
1252
1552
1285
1424
1558
1554
1559
1429
1543
1302
1551
834
1443
1085
1569
1554
1558
1555
1419
1556
1260
1312
1300
571
1561
1547
1557
1378
346
1558
766
1577
804
1539
1555
1298
1549
1552
1543
1301
1429
1561
1452
1559
1558
1559
1531
1541
1559
1564
1432
1563
708
1563
1551
1322
1450
1501
1554
1538
1500
1552
1464
1559
1561
1562
1557
999
1392
1554
779
1560
1416
1311
1346
1301
1249
1290
1158
1539
1293
1568
1542
1375
1555
1283
1254
1557
946
831
1557
1549
1284
1507
893
1551
1566
1260
1557
1465
1554
1558
1560
1260
1009
1551
1472
878
1512
1556
1479
1404
1553
1342
536
792
1243
1780
1138
1415
1263
1561
1309
1511
1263
1154
2169
1214
783
1536
1468
1270
1550
1557
1555
1345
1556
1559
1552
799
1106
1537
1431
1558
1398
1538
1560
1558
1567
1524
1555
1297
882
1265
1158
814
1181
1505
1239
1560
1564
1549
1562
1418
1552
1274
1557
572
1563
1559
1552
1900
1468
876
1278
1507
1543
882
1433
820
1549
1536
1537
786
1408
1031
1470
1541
1289
1533
1559
1564
1551
1537
792
1251
1558
1349
1544
1559
1305
1289
1354
1360
1551
1561
1529
1556
997
1553
1385
1541
1425
1556
1418
1525
1469
2093
474
973
737
1471
1546
1327
1465
1543
1555
1852
1366
1453
1559
1370
1047
1326
1965
1766
1887
1558
1560
1502
1569
1423
1557
1431
1554
1338
1957
892
835
1280
911
1561
1554
1549
1298
1525
1545
1293
342
1554
1547
1566
1294
875
1262
1552
1218
1543
1555
1554
1419
1459
1163
1511
1315
1552
2090
1489
1298
1553
1504
1429
1479
1291
886
1616
1552
1545
1462
1545
1480
1024
1024
1565
1575
1274
1564
1554
1561
981
1565
1567
1556
1436
1439
1264
1551
897
1291
1331
804
1255
1566
1558
2015
849
1550
1367
893
1559
1259
1552
421
1266
1561
1548
1511
1408
1548
1533
1560
1175
1386
1551
876
1544
1560
1551
1270
1291
1568
1553
1554
1556
1558
1371
1547
1342
1191
1553
1426
1556
1563
1000
907
1564
1548
1563
776
1553
1557
1550
1555
1449
1550
1347
1542
841
1508
345
1549
1555
1295
1371
1489
972
526
1559
1547
1560
1213
1273
524
1171
1563
1561
1560
1563
1559
1550
1561
1528
1548
1249
1551
1558
1552
1114
1387
1529
1418
1557
1452
1397
1555
1193
1311
1527
1520
1116
597
1384
1549
1182
1550
1553
1555
1549
1560
1557
1532
1560
1550
1496
1307
791
1301
1558
1562
1549
1274
1327
1231
1556
1420
918
996
1258
1559
1558
1433
1261
1557
1194
1538
1557
898
1541
1025
1559
1531
1870
486
1563
1565
1553
1551
786
1556
1525
1553
1553
1554
1551
1300
1321
1272
1372
1430
1558
1555
1263
1733
1552
1558
887
1556
1083
1277
1558
1267
1201
1298
1290
1562
1551
1167
1532
1534
1252
1506
575
1521
1552
779
1292
1565
1534
1554
1415
1553
1558
1558
1532
1415
1382
1557
1294
1561
1564
787
1488
1552
1560
1563
1308
1553
1461
1284
1205
415
1563
1344
1556
1557
1557
1422
1544
1472
1436
1543
1417
1460
1550
1560
1183
1549
824
1547
1557
1300
663
1553
1544
948
1506
1537
1561
1033
1039
1250
1289
1540
1554
1365
1290
1550
915
1554
1348
859
1557
1548
1558
1555
1555
1442
1260
1540
1554
1286
1548
1544
1540
1262
1484
1565
1549
1554
1429
1255
1226
1561
1559
1553
1267
1558
1556
1254
1554
895
1115
1556
1447
1504
1539
1554
1563
1555
923
1259
1527
1561
1091
1552
1482
888
1044
1313
1252
835
1083
1537
1549
1533
1554
1143
1271
1562
1560
1551
1559
1543
1287
1554
1559
1553
2069
1557
1555
1553
1545
1338
1559
1264
1559
819
1571
1554
1339
1560
1558
973
1457
1559
1348
1546
772
1744
1567
1440
1433
1558
1263
1556
1301
1555
1554
1255
1283
1314
1329
1542
1386
1535
1568
1261
1545
1011
1237
1556
1269
1560
1539
1556
1557
995
977
1524
1551
1556
1284
1351
1246
1281
1366
1656
1564
2106
1471
1558
1553
1530
1562
1561
1229
1559
1549
896
1552
1555
1293
792
1557
326
1303
1182
1368
1253
1539
1350
1553
1450
1558
1564
1547
1362
1569
1443
877
1458
1565
1328
1614
1506
1568
1560
1382
1462
1531
1554
1548
947
1509
1539
1269
1104
1182
1554
1306
865
1559
1550
1405
1566
1542
1452
1549
1458
1539
1492
1553
1550
1562
2017
1552
1556
1367
1559
1205
1554
1545
1277
1207
1508
1497
1257
1557
1342
1561
1557
1381
1557
1554
1249
1558
1260
1551
345
1547
1298
1409
1553
1252
1307
1562
1526
1551
931
1550
1550
1430
1243
1554
1563
1551
1556
1300
1551
1289
1268
1924
1549
1556
839
1555
1251
1559
1548
1556
1560
1464
1226
1555
1258
1557
1010
1567
879
1552
1283
1438
895
1545
1558
1556
1560
1553
1563
1555
1546
1081
1564
1555
1235
1551
890
1551
1536
1556
1433
1257
1550
1544
1246
1259
1284
1265
1526
1481
1562
1182
1558
1047
1533
1558
1274
1276
1555
1542
1554
1557
1550
1557
1289
1284
1421
1555
1557
1451
1558
1369
1260
1482
1297
1545
1276
1549
1550
1525
1459
1553
1419
1542
912
1559
1393
1378
1457
1259
1282
985
1552
1566
834
1533
1204
1554
1557
947
1561
1553
955
1562
1566
1435
1391
1558
1545
1565
1269
673
1551
1553
1555
1554
1557
1254
1344
1562
1558
1559
1363
1514
1279
1268
1490
1250
1553
1558
1553
1111
1555
1555
1284
1386
1503
1557
1366
1551
1266
1456
1561
1551
1552
1556
1266
1565
1407
1459
1543
1489
1551
1548
1543
1392
1286
1558
1557
303
1570
1285
985
1264
1562
1554
1414
1551
1264
1510
1560
1482
1564
856
1535
1398
1503
1549
1487
1259
1254
1552
1515
1268
1267
886
1403
1557
1558
1552
1560
1556
1327
1555
1560
1422
1413
1009
1387
1431
819
1477
1559
1553
1550
1456
1553
1560
1555
1534
1551
1431
1516
1116
1561
1257
1541
1553
1741
1553
1552
1559
1572
1177
1314
1558
874
1549
737
340
1551
1541
1310
866
1268
1554
1267
1522
1548
1558
308
1545
1287
1550
1556
1526
1559
1278
1443
1547
1556
1267
1556
1596
1263
1557
954
1537
1516
1555
1203
363
1540
1556
1332
1483
1540
1557
1560
1544
1488
1547
1553
876
1362
1563
430
1558
1556
1561
1230
1548
1541
1239
1547
1561
1544
1997
1573
1562
1556
1600
1341
1278
1565
1740
1277
1434
848
824
1254
1187
1563
1246
1557
1555
1561
1552
1556
1263
1562
1192
1359
1551
1332
1552
1560
1553
1272
1540
1546
1546
1555
1437
1810
1291
1522
1357
1332
1546
1562
1486
1524
1413
1326
1554
1560
1530
1312
1453
1537
1254
1548
1411
1486
1559
1289
1257
1424
1094
1996
1533
1189
1292
1553
1521
1557
1558
1561
1564
1291
1548
359
1485
1558
1563
1304
1553
1546
1753
1388
1967
324
1560
1551
1225
1559
1561
1552
1271
1412
1545
1551
1256
1432
1342
930
1556
1528
1425
1250
1077
1470
1553
1562
1305
1541
340
1535
1549
1562
1508
1543
1252
1557
1371
1547
1497
1559
1398
1553
1556
1571
1273
1261
1556
1270
1244
915
1567
1566
1549
766
359
1553
1264
1553
1495
1550
1264
811
1551
1561
1555
1714
1553
1328
2125
1324
1424
1559
1284
723
1550
1544
1560
1554
1554
1557
1393
1620
1263
1201
1359
1351
1331
1388
1309
1549
1263
892
1433
1348
1561
888
1558
1243
1542
1501
1555
1560
1528
1258
1383
1518
1552
1237
1561
1557
1551
1566
1557
1388
1555
1562
1556
1557
884
1551
1550
1446
1553
1384
1286
1309
1537
766
895
1339
1554
1559
1560
1552
1559
1561
1026
1562
1388
1316
1548
1557
1553
1555
1553
1529
1561
1563
2158
1551
1566
1536
1543
1410
1238
1553
809
1141
1552
1542
1552
1544
1529
1551
343
1574
1551
1533
1450
1568
1536
1557
1560
1530
1448
1553
965
1291
1552
1262
1536
872
1551
1553
1554
1519
1549
1295
1555
1558
1545
1542
1555
513
616
1507
866
1558
1554
1559
1557
1498
1567
1550
1368
1487
1564
1330
1277
878
1123
1538
1560
1173
1554
1563
1259
1432
1560
1563
1261
1553
1561
1563
1557
1557
834
1446
1550
1276
1559
1241
820
1193
1317
1409
1215
1560
1453
1553
1262
1310
1420
800
1538
1558
1553
821
1378
878
1545
1554
1560
1551
1045
1436
1563
1555
1361
727
1817
1374
1566
1554
1422
619
1553
1545
1560
1530
1508
1645
1267
1557
1563
1270
1532
1551
1557
1295
1562
303
1477
1336
1413
1265
1260
1542
1567
1560
1557
1558
1561
2004
1550
1539
1560
1349
1559
1558
1527
1485
1558
464
1559
1560
1560
1443
1566
1072
1542
870
1466
1555
1558
1556
1555
1554
1349
1550
1293
1562
1250
1560
1516
1404
1552
1559
1447
1209
1548
1542
1333
1561
1184
1424
1279
1529
1543
1008
1557
1563
1432
1549
1560
1322
1386
1562
1539
1551
1049
774
1557
1555
1560
1551
877
1027
1559
1532
1287
1566
1559
1552
1388
1560
1561
1536
1553
1506
1553
1441
1550
1558
1446
1557
1645
897
1828
1350
1559
1550
1559
1558
1557
1555
1252
1557
1551
1546
1428
1554
1485
878
1311
1544
1552
729
1555
1554
862
1322
1419
1438
1431
1247
1554
1272
1564
1545
1558
1552
1483
1443
1532
2005
1555
1557
1447
1555
1264
1556
1549
1528
1512
1511
1375
1314
1265
1556
1561
1157
1537
1548
1567
1256
1554
1488
1551
856
894
1564
530
1168
1555
1254
1556
1555
1557
772
422
2120
1291
1373
1541
1557
1554
1205
1518
1323
1561
1238
1493
1540
918
1496
1543
1255
1398
1564
1276
1548
1563
1559
1024
1267
1471
1539
1093
1558
1311
1405
1553
996
1502
1562
1558
1571
1500
1556
1551
1253
1251
1553
1564
1035
1542
1554
1555
1559
1541
1524
1565
1544
1510
1544
1119
2049
1558
1081
1292
987
1517
1355
680
1555
1563
1268
1522
1324
1401
1255
1307
1222
1293
981
1560
1560
1537
1530
1491
1177
1557
1275
1562
1551
1272
1564
1285
1549
1552
1553
1558
1258
1274
1501
1541
1555
1347
1165
1312
1276
1533
1551
1557
853
1523
1539
1554
897
1409
1386
1310
1558
1533
1244
1558
1556
1303
1543
1383
1558
1247
1362
1567
981
1424
1552
815
1283
1403
976
1549
1556
1571
1420
1256
1559
1262
1555
1564
1576
1537
1559
1311
1271
1443
1256
890
1507
1550
761
1516
1556
1473
1557
1386
1550
1561
1549
1506
855
1547
1546
1559
1552
1559
726
1279
1165
1562
1426
890
1529
776
1545
1518
844
1557
1424
852
1548
1555
834
1521
1556
1261
1246
1359
1592
1425
1562
1294
1552
1556
905
1542
856
1556
1268
1343
1482
1378
1259
1511
1528
900
1558
1261
1552
1362
1551
771
1551
1561
1565
1558
1556
1557
776
1310
1558
1398
1562
1547
1543
1284
1549
1556
2045
1557
831
1445
1260
1525
1408
1249
1528
1543
1514
1544
1077
1553
2011
432
1554
1275
1277
1555
1548
1545
1561
1561
1549
1264
1017
1455
1023
1062
1539
1566
1414
1258
1560
1203
880
1406
1291
1548
1374
1496
1304
1555
1528
1552
1551
1550
1552
1379
1431
1652
1535
917
1551
1565
1558
1549
1552
1467
1552
1553
1555
1129
1545
1447
1374
1556
1567
1558
1560
1548
1418
1545
1561
1406
1261
669
1256
1279
684
1551
1554
573
1556
1549
1556
1563
1242
1451
1555
1196
1554
1420
1559
1213
1560
1565
1551
1314
1569
1549
1567
1527
1546
1561
1545
1279
1445
1548
1545
818
1034
1164
1545
335
1466
1552
1567
1507
1463
1552
1555
1556
1553
1562
1330
1312
1557
1084
1285
1476
1314
1550
1535
1258
1558
1429
1277
1202
1561
1411
788
842
1489
1548
1560
1290
934
1511
1128
994
1557
1554
1334
1557
1420
1368
363
1556
1280
958
1559
1545
1479
1363
1549
1119
1281
1296
1398
1548
1356
1572
1559
1549
1231
1332
1558
1555
1089
1403
1438
1540
1541
1727
1158
1553
1531
1550
1295
1256
496
1556
1408
1561
981
1555
1552
1536
842
1542
1555
1482
1531
872
1552
1548
1553
413
1527
1701
1544
1547
1414
1551
2106
1542
1468
1561
345
1553
1551
830
1212
1275
1286
758
1559
1292
1555
1561
1397
1567
1568
1227
1265
1537
1532
1555
1391
1547
1563
1564
1537
1541
1559
935
1550
1899
1543
1564
1545
1561
1545
1552
1275
1539
1555
1552
1556
1559
1260
1558
1553
1266
1337
1205
1553
1561
1406
1550
1270
298
1402
1264
1247
1251
1565
1263
1541
1533
1493
1285
1552
1279
1450
1563
1549
1170
1560
1557
1534
1553
1171
1451
1577
1351
1541
1552
1560
1557
1555
1343
1554
1559
1110
1557
1270
1266
813
1122
1555
1256
1562
874
1504
814
1550
1266
1354
1299
1263
1273
1561
1308
794
1533
1557
984
1552
1561
1280
1251
1289
1263
1557
802
1556
1556
1248
1542
1310
1552
1556
1562
1262
1549
1349
1261
1541
1551
1541
1528
1093
1496
1567
1423
1545
1545
1021
1022
1556
1488
1546
1471
1558
1557
1249
1527
352
1521
1436
1537
1564
1555
1549
1555
1916
1309
476
1558
1267
1547
1544
1554
1889
1559
1189
1178
1537
1557
1556
1561
1432
1201
1467
1546
1554
1559
904
890
1395
1091
1456
1560
1537
885
1553
1414
1567
1404
1551
1554
1280
1561
1295
1551
1533
1553
1549
848
1746
1254
1555
1417
1548
1554
1474
1562
1552
1248
1411
1240
1555
1400
1267
1560
1555
1892
1545
1288
1528
1555
1560
1280
1561
1285
1561
1550
1252
1357
1556
1396
1564
1467
912
1560
1272
1129
1356
1485
1547
1302
1945
1310
1256
1359
1561
1228
1400
1551
1560
1339
445
1558
737
1539
892
1548
1559
1501
1539
1551
1556
379
1381
1207
1306
1552
1380
1558
1538
885
1553
1347
1302
1255
1559
1069
1559
1820
1548
1555
1547
1261
1549
1407
1516
1562
1548
1365
1409
1151
1059
1263
1523
1555
422
1565
1817
1554
299
1564
1558
1278
1563
1561
1547
784
1121
1556
1555
1535
873
1052
1557
1557
1563
1559
1274
1560
1241
1530
1563
1562
1559
1260
1559
1491
1551
1413
457
1560
1557
1545
1264
1534
750
1553
626
1304
1556
1554
1557
1502
1509
1384
1551
1559
1263
1264
1254
1553
1535
1562
1273
1028
1470
1346
1486
1175
1562
898
1255
1559
1561
1303
1559
1544
1323
1559
1561
1035
1548
1271
1094
1269
1555
1553
1559
1304
825
1559
1528
1257
978
954
1541
1146
1552
1549
1287
1559
1270
1055
1528
1550
1370
1508
1204
1511
1560
1550
1277
1251
1392
1441
1346
904
1569
1451
1513
1564
1560
1289
1271
1560
1541
1251
1479
1566
1559
795
1554
1562
810
1214
1559
1558
1556
1565
1560
1554
1552
1460
1553
1525
1269
1544
1065
1567
944
772
1548
912
1558
1557
1549
1297
1512
1307
1554
1267
1437
1551
1545
1553
1546
956
1424
1545
1553
1559
1061
1449
1556
840
1302
1305
1053
1263
1341
1555
489
1564
1540
1552
1255
1564
1560
1576
1543
1538
1559
1555
953
1560
1555
1320
1290
1525
1270
1278
1251
1358
1322
1526
1554
1560
1281
1555
1545
1251
1558
1423
1550
1557
1267
1571
1541
1270
310
1439
1537
1554
1368
1295
1556
1555
1562
1556
1456
1549
1480
1558
1390
1523
1500
1290
453
1562
1295
1297
1856
1557
815
1289
1557
886
1562
1545
1299
1559
1540
1529
1205
1549
1558
323
1550
1010
1547
890
1557
1553
2090
1545
1034
1259
1253
1370
1555
1546
1541
1550
432
1252
1346
1515
1509
1345
1556
1558
1524
1554
1495
1559
323
1556
1538
1558
1549
1545
977
1560
1558
1556
1560
1305
1560
1420
1451
1546
1281
1561
1492
1554
1301
1548
327
1443
1246
1559
1293
813
1560
1436
1554
1553
2193
1262
799
1236
895
1554
1161
1571
1388
1558
1264
351
793
1525
1551
1550
1559
1534
1551
1559
1562
1549
1502
1535
1461
1551
1416
1560
1553
968
1999
1349
1550
1558
1562
1557
1556
913
1558
1266
1553
1563
1260
1543
1528
1490
1558
1489
1337
1542
1270
1555
1515
1555
1144
1565
1556
1564
1281
1558
1554
1556
1439
1520
1252
1544
1408
1994
1353
1238
1541
1384
1557
1542
1310
1923
1552
1244
1541
1553
1558
1393
1298
1532
1768
1567
1530
374
1453
1540
1284
1558
1552
1187
1546
1268
903
1566
1557
1396
1436
1057
1544
1416
1399
1285
1559
568
1282
1552
1543
1500
2083
503
1556
1545
1556
1379
1555
1556
772
1985
1365
1557
1438
1281
1558
1566
1474
1562
804
1029
1251
1578
1551
1263
1270
394
1369
1349
1398
1423
1523
1267
1303
1509
1549
1540
1560
1538
1555
1559
1566
794
1525
1340
1550
1394
1274
855
1343
773
894
1545
1542
1557
1562
1563
884
1561
1566
1558
1548
1558
1561
1538
1487
1492
1546
713
1531
1151
1018
1487
864
1553
1551
1522
1559
1552
1549
1263
1301
1372
1123
1445
1563
1558
1557
1288
1319
1555
1255
1550
1521
1552
1698
897
1551
1554
1560
1544
1313
1482
1548
1551
1397
1549
1549
1555
686
1560
1558
1559
1251
1305
1550
366
1336
1549
1365
1418
1561
1344
858
1253
1554
1545
1071
1538
325
1259
1562
1536
1566
1394
1555
2013
1555
1510
1563
1557
1452
1883
1557
1549
1553
1550
1557
1543
1515
1522
1542
1552
1550
1547
336
1235
1552
1431
1537
1484
1560
804
889
1547
1538
1556
1551
1052
1555
1553
1560
1551
1296
1561
1560
1512
1301
1959
1294
1539
1556
1556
1533
1559
1558
1468
1556
1555
1555
1553
1551
1260
1554
1555
1561
1559
1166
1406
1556
1384
1561
1550
1557
1554
754
1538
998
1557
1563
1317
924
1507
1549
741
482
1506
1575
1564
1550
1542
1552
1560
1493
790
1313
1289
1342
1558
1558
2189
1382
1542
1549
1564
1561
1559
1539
1558
1125
1549
1209
1552
1561
1557
1538
1535
1564
1534
1275
1557
1476
1555
1558
1556
1380
1539
1521
1535
1562
1544
874
1336
1564
339
1492
1537
1558
1556
1538
1272
1552
1309
1555
1145
1098
1549
1561
1554
1566
1370
1526
1548
905
1556
1556
1355
1265
1274
1558
1292
1399
1087
1563
1537
1114
1377
1557
1321
1555
1245
1552
1557
890
1326
1260
1266
1015
1337
1558
1476
1454
311
1556
1558
1559
1553
1556
1541
970
1559
1210
1552
1555
1257
1528
1319
1267
1237
1260
878
1553
439
1289
1202
890
1852
1550
1292
1559
1556
1560
1571
1286
472
1561
1557
1217
1554
1553
1537
1567
1441
1563
1254
1543
888
1502
1389
876
1546
1552
1556
1262
887
1527
1549
1167
1507
1657
1502
1130
1451
541
1559
1561
1264
1285
1345
1554
1539
1558
1560
1577
1553
1555
1342
1324
1447
1546
1054
1257
1551
1555
1567
1119
1555
1292
1331
1558
1192
1421
1293
1259
1558
1303
1563
1619
1229
1270
1267
1550
1545
1480
1492
1079
1012
1563
1434
1540
1559
1565
1524
1340
1532
1430
1554
1566
1555
1559
1368
1559
1719
1522
922
1539
1815
1552
1262
1541
1280
1379
1544
1262
801
1556
1547
1560
1543
1490
1563
1409
1554
1526
1557
1496
1278
402
1259
982
1256
1530
1838
599
1295
1565
1935
1479
1340
1437
1557
1265
1553
2102
787
1545
1531
1558
1548
1561
1264
1554
1313
1561
869
462
1501
1268
1025
1563
1516
1245
1418
1551
1555
1556
1563
1544
1552
1540
1286
1552
1523
1175
863
1552
1307
881
1530
1556
1551
1558
1554
1385
1547
1557
1413
1263
1559
1550
1559
1104
1555
1562
1505
1266
1302
1277
1556
1556
864
1280
1257
1558
1344
1671
1326
1259
1528
1554
1563
779
2106
789
1549
1419
1406
1563
494
1864
1547
1265
1478
1309
1565
1398
1556
1547
793
1514
1557
1560
1126
1549
1553
1547
1538
1566
1559
1489
1548
1553
1557
913
1466
1557
1560
1502
807
1554
1965
1553
1561
1272
1563
1527
1557
1487
1550
1492
1572
1258
1553
1544
1562
1234
1272
886
1557
1554
1248
1279
1280
520
1550
892
1548
1332
1559
1364
1401
1558
1556
1555
1555
927
1351
1297
1553
1444
1256
1557
1567
1549
1258
563
1552
1439
1523
1566
2028
1199
1552
1306
1308
1263
846
1532
809
1566
1554
1542
926
1560
1558
541
1553
1391
1552
685
1559
1554
792
1554
1552
1305
1541
1516
1556
1556
1546
1544
1261
977
1557
1418
1220
1552
1539
1379
1293
1559
1241
1267
899
1553
1566
1560
1558
1204
1498
1555
2151
1255
1490
1537
1497
1562
1449
841
1562
1553
1286
1258
1548
1526
2044
1559
1568
1542
1491
1277
1543
1563
1251
1559
1556
1497
1413
1545
790
1541
1395
1250
1415
1543
1552
1123
1048
1558
1496
1542
1256
1554
1270
1496
1259
1280
834
1140
1570
1285
1534
1555
995
1559
1558
1558
1550
985
1254
1508
1557
1562
1190
1544
1540
1375
1332
1398
1533
1265
1554
1561
1464
1345
1560
1404
1322
1278
1371
1541
1212
1556
1547
1556
1555
1246
1553
1566
1558
1291
1554
1750
1552
1561
1468
1495
1549
1565
1550
1560
1566
1330
1388
1363
1430
1554
1345
1335
1506
751
1560
1532
781
1264
1553
1682
1368
1254
1551
1551
1542
1061
1551
1647
1394
1554
1551
1541
1560
1549
1479
1544
1557
1528
795
1251
678
1540
1554
1534
1548
1554
1552
1527
907
882
1556
1544
1300
1552
1257
724
1557
1464
1551
1519
1055
1556
1556
1561
907
1416
1400
1551
1550
1551
1558
651
1242
1521
1560
1552
1296
1559
1547
1540
333
812
1283
1564
1285
1558
1548
779
1482
1556
1558
1546
1551
1520
1552
2071
1543
1563
1375
1553
1563
1547
1347
1528
1447
1409
1527
1259
1337
1549
1554
1422
1564
786
1551
1556
806
1558
1546
1115
859
1400
1526
1929
1862
1558
1538
1547
601
2120
902
1556
1569
1562
1891
1339
1281
1273
1536
878
1545
1547
1563
1881
663
1493
1555
478
1266
1098
1562
1323
1271
1271
1561
1556
1270
1552
1262
1253
1564
1536
1426
1523
1359
1072
1148
1419
1556
1263
929
1565
1268
1367
1563
1545
1553
1261
1352
1466
824
1542
1465
1353
1519
1571
1576
1474
1556
1556
1091
1569
1568
1553
1545
1557
1559
1548
1552
1101
1563
1556
1541
1547
1312
1549
848
1557
1548
1560
1563
1188
1552
896
1559
1311
1513
1556
1563
1257
1438
1592
1557
1542
1351
1558
2077
1564
1570
1260
1412
1556
830
1550
1559
901
1522
898
1555
1350
1552
1513
1303
1558
1563
1538
1553
1695
1332
1550
1317
1554
2200
1553
1540
1558
1519
1557
1559
1569
1554
1101
1265
1452
1896
1514
1512
1555
1564
1526
1560
548
1538
1456
982
1557
1024
1544
1388
1361
1428
1390
1560
672
902
1501
1557
1156
1539
1541
1551
1506
1549
1301
1565
1252
1288
1484
1555
1533
1549
1536
1548
1551
1260
1196
1561
1126
1243
1307
1307
1554
1635
1559
1417
1552
1526
1557
1565
1552
1553
1552
1554
661
1524
1558
1552
1332
1337
1560
1554
1536
1480
1539
812
1416
1555
1558
1557
1540
1552
1560
1243
492
1574
1561
1527
1362
1268
1460
1556
1560
1287
1557
1552
1375
1180
1555
657
1560
290
1554
1539
1464
1550
1556
940
1552
1168
1541
1555
1556
884
1561
1249
1557
1555
1549
1542
1247
1371
1520
1559
1513
1279
1562
1558
1235
1396
831
863
1319
1559
1450
1560
1477
1551
1548
1304
1482
1521
1561
1544
1559
1549
1270
1554
415
1309
1352
1503
299
1545
1531
1555
1345
1485
1252
1538
1554
1546
2144
1032
1254
796
1548
1363
1295
1552
1562
1335
1551
900
1228
1260
1563
1559
1542
1344
1122
1533
1554
1548
1574
1563
1262
1542
1524
1334
1404
1291
1563
497
1353
1555
1557
1540
1327
1555
1552
1562
1405
1549
1545
1294
1549
1278
1553
1462
1387
1553
1561
1283
1533
