1520
1180
865
1536
1541
1535
959
1551
1545
1544
1542
1541
1527
1543
1539
1533
1549
1532
1529
1537
1547
1540
331
1548
1545
1542
1546
1541
1548
1539
1538
1226
1538
1544
1116
1213
1548
1534
1542
1543
1543
1539
1545
697
1283
1532
1542
1540
1541
976
1541
1546
348
1542
1546
1536
1540
940
1540
1542
1544
1541
768
1531
1535
1525
1541
1534
1545
1547
1547
1541
1542
1545
1530
1364
1536
1556
783
1262
1545
1326
1534
1540
1537
1546
1537
1543
988
1534
1541
1508
1538
1552
1546
1545
1367
1546
564
1549
1516
1553
1528
1534
1550
1529
1520
1534
1548
1546
1536
1547
1532
1540
1548
1546
1543
1536
1547
1548
1537
1544
1535
1536
1533
1547
1546
1534
1547
1538
1536
1525
1541
1533
968
1475
1543
883
1521
1541
1532
1544
1547
1540
1544
1534
493
1541
1536
1546
1542
1534
1538
1544
1543
1533
1534
1541
1544
867
1527
861
1532
760
1548
1538
1542
1547
1529
1535
657
1541
1541
1551
1525
1051
1541
1527
1547
1545
1537
396
1549
1548
1548
1546
1542
831
1540
1528
1546
1520
1546
1535
1537
1539
1543
1540
1525
1543
704
1543
1545
1534
1516
1550
1539
1536
1548
503
1545
1537
1546
1540
1532
1519
1523
1548
1542
1539
1538
1533
1545
1547
1397
1537
1544
1544
1540
1544
1544
1539
1113
1019
1541
1550
1545
420
1550
1547
1542
1549
1544
1538
1537
1543
1545
1541
1546
820
1543
1556
1531
1549
1054
1541
1533
1528
1537
1551
1543
1543
1543
1542
1237
1543
1538
1541
1124
1535
1533
1532
1538
1545
1545
1490
1543
1537
1539
1546
1535
1540
1545
1529
644
1534
1540
1547
1535
1542
1541
1524
1528
1544
1542
1536
1552
1535
1543
1543
1531
1540
1532
1536
1534
1534
1527
1542
1545
1544
1095
1547
1548
932
1558
861
1542
485
1542
1549
1547
825
1533
1538
1535
1539
1543
1537
1545
1541
1546
1546
1536
1550
1535
1541
1537
1532
1544
1545
1494
1543
1540
1546
1533
1539
781
1538
1542
1544
1531
1543
1543
962
1539
1547
1541
1541
618
1540
1460
1542
806
1532
1127
1550
1545
1540
1544
1540
1540
1545
1540
1545
1551
1546
1538
1543
1532
907
1512
1550
1541
1548
1485
1548
1545
1542
1549
1530
1543
1536
1538
1537
1541
1543
1550
1547
1538
1541
1536
1387
900
1082
1527
1539
1536
1543
1532
1538
1551
1539
1539
1554
1536
1528
1548
1545
1502
1550
1537
1542
1534
1534
1539
1527
1545
1540
1540
1546
1541
1544
1543
1537
1537
1545
1535
1535
1535
1548
1533
1483
1546
1523
1540
1528
1537
1548
1548
1517
1461
1544
1535
1549
1535
1544
1536
1534
1539
1545
1535
1530
1535
1544
1533
1544
864
1542
1542
1540
1545
1537
1549
996
1536
1542
1564
1524
1550
1534
1551
1539
1537
1544
1544
1547
1537
1545
1544
1548
1522
1547
1487
1532
1529
1536
1536
1541
1052
1530
1545
1537
1543
1501
1526
1546
1552
1532
1544
851
1540
1540
1542
1533
1551
1543
1528
1537
630
1534
1541
821
1546
1542
1545
1545
1544
1546
1538
1537
1533
1540
1544
812
1532
1548
1539
1531
1529
1543
1536
1535
1519
1551
779
1550
1530
1543
1539
1485
1199
1541
1542
1227
1529
1533
1547
1546
1517
1541
1536
1543
1544
1532
1548
1553
1547
1546
1544
1538
1523
1533
1542
1546
1540
1542
1540
1543
1544
1536
1538
1529
1537
1542
1547
1544
1534
1532
1542
1540
1544
1519
1524
1527
1464
1546
831
911
1537
413
874
1520
1124
1534
1536
1544
1546
1528
441
1533
1551
1542
1539
1528
1548
1426
1525
1403
1134
1542
1550
1117
1532
1541
1549
1543
1546
1542
1533
1502
1537
1546
1530
1533
1543
1471
937
1540
1549
1525
1542
1540
1535
1530
1303
1544
1538
1539
1543
1542
1546
1543
1542
1538
1535
1547
1546
1514
1540
1536
1541
1536
1529
1541
1539
1542
1544
1536
1541
1527
1544
1539
1547
895
1546
1552
1542
1545
1544
1525
1531
1540
1311
1530
1546
1539
1545
1551
1549
1539
1406
1540
1541
1552
1538
1551
1544
1531
1542
1546
1539
1545
1545
1531
1539
1546
1507
1541
1539
1539
1546
771
1538
1538
1538
1542
1543
1537
1538
1545
1541
1546
1533
1488
1544
1544
984
1528
1531
1546
1546
1258
1534
1538
1453
705
1510
1534
1548
1540
1522
918
1543
1544
1552
1545
1544
1550
1542
1532
1536
1539
1543
1535
1545
1545
1549
1551
1543
1540
1539
1546
1537
613
1526
1529
1541
1527
1544
1542
1544
1536
1545
1542
1539
1536
1516
1537
1559
1545
1533
1528
1406
1539
1540
1544
1546
1441
1516
1543
1543
1544
1546
1543
1547
1543
1488
1541
1547
1545
876
1551
1522
1526
1529
1537
1541
1541
1544
1535
1543
1534
1542
1539
1543
1547
1535
1548
1551
1547
1532
1540
1544
1543
1541
1508
494
1540
1333
1531
1550
1524
1542
1528
1546
1536
1548
1550
1540
1539
1543
1195
1542
1540
1539
1514
1539
1551
1539
1541
1537
1536
1539
1542
942
1549
1544
1538
1542
1517
1547
1547
1537
984
1539
1551
1259
1547
1521
1531
1541
1539
1538
1547
1340
1537
1549
1540
1545
1538
1539
1537
1540
1523
1544
1533
1538
1529
410
941
909
1540
1545
1553
1521
1545
1194
1554
1541
1546
1545
1536
1540
1544
1541
1530
1540
1549
1544
1543
1459
1547
1535
1538
820
1542
1547
1531
1533
1542
1532
1536
1548
1541
1544
1539
1543
1342
978
1537
1545
1542
1542
1537
1541
1539
1539
1478
1509
534
1541
1304
937
1544
1333
1538
1540
1543
1542
1541
1547
1542
1514
1540
1496
1534
1550
1019
1542
1074
1516
1545
1532
1525
1540
1547
1537
653
1082
1545
1531
1522
1539
1511
1548
1544
1538
1501
1541
1527
1544
1540
1530
1544
1542
1538
1547
1538
1535
1452
1544
1543
1544
1536
1544
1542
1490
1548
1541
1536
1048
1544
1541
1532
1408
1527
454
1515
1538
1549
1545
1521
1515
1555
1546
1540
1536
858
1527
1545
1543
1541
1539
1538
1537
1526
1538
1515
1545
1539
1546
1544
1540
1541
1547
1544
1539
1536
1249
1538
1543
1525
1546
1537
1537
1541
1539
837
1542
1380
1548
547
1540
1545
1530
1533
682
1536
1544
1547
1484
768
1547
1538
1544
1538
1549
1552
1549
1527
1534
1538
1524
1544
1541
1551
1545
908
1538
1550
1210
1543
1544
1546
1540
1539
1545
1542
1527
1544
1531
1543
1538
1538
1540
1534
1548
1545
868
1133
1530
1547
1519
1542
1530
1543
1544
1542
1546
1541
1526
1541
1546
1542
1545
1549
1540
1545
1546
1376
1537
1549
1540
1538
1537
1545
1543
1535
1486
1537
1550
1500
998
1534
1535
1544
1537
1532
1537
1551
1548
1543
1543
1532
1546
1541
1549
1553
933
1507
1549
1404
1539
1541
1542
1305
1528
1546
1540
1547
913
1548
1543
1501
1545
1549
1542
1544
1525
1534
1534
397
1543
1534
1536
1522
1548
1552
1545
1525
1540
1552
1540
1526
1545
1547
1542
1549
676
1538
1546
1435
1549
1539
1543
1537
1543
1397
725
1474
550
1538
1536
1538
1544
1539
1524
1547
1535
1539
1538
1536
1448
1530
1548
1537
1546
1553
1545
1542
1553
1546
1547
1544
1530
1536
869
741
1541
1528
1541
1473
1545
1553
1549
1550
1536
1543
1547
1253
1536
1525
1540
1535
1538
1532
1543
1544
1546
1543
1541
1543
1541
1532
1543
1538
1526
1542
1528
1418
1546
1533
1437
1547
1537
1547
1544
1534
1539
1511
1547
875
1533
1544
1538
1543
1529
1536
1544
1546
1547
1541
1546
1548
1528
1027
1537
1545
1540
1546
1540
1532
1546
1542
1544
1547
1538
1097
1538
1546
1532
1533
1543
932
1536
1543
1544
1538
1542
1460
1551
1552
1539
1533
1529
1529
1533
1538
1548
1538
1545
1547
1542
1550
1549
1547
1543
1543
1541
1539
1548
1543
1544
1513
1551
1552
1546
1543
1539
1549
1103
1540
1538
849
1486
1545
1545
1540
1542
1543
1542
1535
1522
1545
1548
1540
1529
1526
1537
1543
1547
1540
1539
1536
1541
1540
1531
1545
1542
1546
1551
1545
1544
1531
1546
1543
1550
1546
1502
974
1542
1545
1539
1546
1468
1542
1534
1543
1532
1541
1536
1536
1535
1536
1533
1550
1542
1536
1277
1542
1537
785
1543
1541
1549
1536
1544
1544
1532
1548
1529
1546
1549
1494
1540
1546
1534
1538
1534
1550
1539
1531
1543
990
1549
1529
1537
1542
1517
1525
1531
1548
1547
441
1538
1547
1540
1395
1563
505
1541
1536
1541
1544
1527
841
1549
1541
1537
1547
1536
1542
1543
1524
1544
1544
1548
1543
1536
1049
1537
1548
1551
1545
1542
1545
1544
1085
1542
1534
859
1530
1545
1545
1389
1487
1541
1536
1540
1532
1548
1542
1551
1157
1544
1541
1546
1546
1541
1544
1542
1543
1547
1548
1550
996
1543
1548
1538
697
1539
1544
873
1541
1525
1536
1536
1544
547
979
1544
1540
1549
1547
1551
1547
1543
1542
1539
1123
1539
1533
1519
1541
1537
877
1545
1539
1542
1547
410
1542
1550
1536
1543
1162
1546
1540
1532
1541
1552
1564
1550
668
1541
1534
1535
1540
1547
1542
1546
1542
1535
1547
1539
1286
1545
1548
1495
1541
1539
1540
1545
1544
1532
1536
1532
1551
1534
1550
1540
1541
1545
1550
1463
1544
1543
1545
1546
1546
1525
1538
1542
1542
1537
1543
1535
1535
1535
1551
1547
1537
1539
1522
1544
1545
1522
1539
952
1542
1539
1541
1542
1547
1060
1545
1531
1544
1543
1539
1540
1542
736
1541
1544
1533
1521
1547
1389
1542
1531
914
1541
1540
1548
1543
1540
1541
1391
1542
1542
1522
1531
1532
1541
1512
1548
1541
1543
1548
1543
1535
1542
1543
1540
1531
1541
1512
1543
1546
1543
1540
1541
872
1529
1550
1409
1544
1543
1372
1543
1545
1543
1545
1029
1527
1542
1543
1004
1546
1548
1054
1546
1547
1516
1540
1545
1544
1545
1544
1540
1541
1539
1532
1545
1235
1533
1542
1541
1548
1530
1528
1543
1542
1553
1539
1534
1540
1526
1533
1541
1549
1542
1519
1518
1549
1547
1534
1532
1403
1553
1543
545
1533
1547
1543
1547
1529
1536
1537
1527
1528
1539
1541
1544
1539
1539
1547
1535
1275
1533
1525
1543
1540
1544
1534
1522
1551
1411
1542
1540
1535
1546
1551
1545
1542
1531
1526
1540
1528
875
444
1547
1534
1544
1522
907
1547
1548
1524
1525
1543
1548
1548
1199
1424
1537
1539
1544
1540
1543
1553
1349
1537
1489
1538
1550
1540
1544
1549
1554
1544
1534
1540
1441
1200
1543
1539
1551
1386
1547
1541
1545
1534
1527
1532
1519
1534
1539
1537
1545
1545
1528
1534
1188
1480
1543
1545
1498
1540
1539
1544
781
1546
1532
1537
1546
1547
1528
1530
1541
1543
1546
1051
1537
1539
1540
1542
1536
714
1542
1532
1535
1534
1546
1544
441
1546
1537
1543
1535
1511
1546
1545
1116
892
1544
1306
1534
1547
1529
1545
1450
1548
1544
1540
1525
1537
1538
1553
1540
1544
1541
1543
1537
1545
632
1541
1527
1537
1538
1126
1534
917
1539
1543
1537
1542
1545
1550
1547
1548
1541
1543
1554
1537
1538
1355
1537
1529
1029
1541
1527
1542
1547
1543
1540
1553
1546
1537
1547
1544
1544
1535
1539
1549
1079
1542
1533
1545
1440
1540
1395
1456
1537
1539
1540
1539
1532
1544
1534
1481
1546
1546
1052
1548
1505
1543
1543
1550
1527
1547
1552
1545
1535
1525
1052
1526
1545
1542
1536
1544
1425
1544
1539
1542
1542
1538
1527
360
777
1544
1543
1522
767
1529
1537
1531
1536
1544
1030
1539
1536
780
1547
1540
1539
1545
1544
1543
1525
1529
1529
1545
1539
1539
1547
1558
1541
1541
1545
1543
613
1368
1533
1540
1540
1545
1547
1549
1547
1545
1541
1542
1535
1511
1532
1536
1549
1540
1539
1378
1538
1526
1540
1534
1538
1539
1551
1545
1534
1544
1165
1552
1547
887
1538
1541
1541
1546
1521
1545
1547
1531
1537
1546
1541
1155
1543
1553
1533
1544
1541
1541
1413
1539
1535
1539
386
1545
1528
1548
1542
1532
1543
1540
1528
1537
1545
1551
1536
1533
1271
1550
1532
930
1540
1540
1549
1544
1522
1543
1538
1547
1538
1544
1544
1541
1538
1538
889
1537
1540
1547
1538
589
1548
1547
1543
1543
1385
1538
1542
1518
1543
1542
1549
1537
1546
1552
1546
1532
1547
1549
1527
1534
1545
1546
1047
1542
1531
1524
1538
1538
1530
1543
1547
1545
1549
1550
1529
1512
1542
1449
1542
1532
1533
1542
1538
1549
1538
1541
1543
1545
1545
1537
1550
1547
1542
1545
1538
1547
1521
1538
1535
1540
1542
1545
1527
1538
1534
1541
1539
1536
1553
1547
1541
1548
1545
1540
1544
1531
1528
1557
1548
1537
1165
1534
1541
1543
1545
1544
1546
1545
1268
1541
1011
1544
1535
1550
1544
1526
1011
819
814
1533
1551
1542
1532
1537
1526
1542
1551
1304
1538
1538
1541
871
1536
1418
1546
1543
1542
1532
1536
1531
1543
908
1526
1543
1535
1534
1544
1539
1543
1535
1537
1543
1544
1537
1540
1542
1123
1541
1519
1532
1540
1545
1544
1538
1541
1550
1534
1534
1549
1536
1543
1540
1544
1545
638
1544
1520
1543
1528
1534
1527
1512
1542
1536
1541
1505
1538
1547
1537
1548
1544
1541
1548
1547
1543
1527
1544
1540
1503
1548
1543
1545
1014
1535
1546
1541
1542
1536
1539
1530
1529
1530
767
1551
1541
1529
1530
1542
1543
1541
1542
1541
1545
1538
1541
1546
1542
1026
1532
1538
1539
1542
1548
1542
1541
1545
1536
1550
1538
1536
1531
1533
1542
1513
1547
1542
1517
1560
1542
1543
1539
1525
1520
1546
1545
783
1545
1535
1540
1545
1550
1028
1541
1535
1534
1367
1543
1541
1517
1541
1085
1550
1534
1529
1545
1527
1541
1529
1094
1370
1535
1546
1534
1528
1546
1541
1537
1540
1548
1539
1546
1548
813
1543
1520
1535
1541
1545
979
1547
1510
1542
1547
1393
1546
1530
1548
1544
1545
1540
768
1536
1537
1553
1537
1538
1540
1526
1047
1539
1518
1547
1545
1532
1529
1532
1532
1539
414
1543
1534
1549
1541
1282
1535
1534
1542
1536
1541
1538
1544
1541
1490
1544
1517
1546
1512
1541
1530
1329
1543
1535
1538
1534
1545
1541
1522
1549
1537
1509
1543
1517
1545
1546
1541
1551
1534
1515
659
1543
1540
1536
1539
1542
1548
1539
1540
1544
1530
1128
1541
1534
1530
1540
1293
1542
1544
1543
1542
1544
1437
1527
505
1542
1541
1546
1528
1535
1510
1550
1534
1547
1551
1543
1544
1516
1536
1058
1507
1544
1289
1551
1528
1544
1536
1544
1545
1540
1533
1160
1543
1545
1545
1538
1525
1542
1541
1518
1543
1542
1544
1544
477
1543
1544
1420
1551
1541
1539
1513
1542
1544
1547
1544
1544
1537
1545
1543
1531
1536
1282
1454
1532
1540
1543
1548
1483
1532
1541
549
1526
1554
1517
1536
1541
1543
1541
1552
1543
1532
1546
1549
1549
357
1535
1546
1542
1539
380
1539
1544
1531
1508
1517
1539
1540
1543
1543
1539
1539
1549
957
1546
1550
1545
1517
1545
1546
1529
1547
1542
1514
1541
1337
1538
1545
1549
1537
1544
1534
1529
1549
1544
1549
1545
1553
1540
1543
1544
1544
1548
1531
1539
1530
1545
1543
1541
1538
1545
985
1541
1549
1529
1548
1544
1538
1525
864
1548
1531
1538
1518
1543
1551
1529
1537
1534
1539
1539
1533
1540
1541
1545
1547
1540
1535
1548
1529
1547
1536
1521
333
1534
1529
1153
1538
1540
1535
1530
1531
1535
1542
778
760
1431
1541
1545
1176
1547
1541
1550
1542
1542
1543
1540
1548
1540
1534
1540
1540
1529
1546
1550
1540
1541
1545
1387
1492
1548
1549
1540
1521
1534
1544
1542
1546
1349
1550
1544
1539
1528
1550
1541
1535
1545
1542
1540
1369
1536
1540
1536
1541
1547
1539
1531
1530
1537
1532
1544
1546
1514
1440
1540
1533
1541
1543
1541
1540
1542
1538
1545
1547
1551
1543
1543
1543
1546
1542
1544
1539
1544
1543
1544
1535
1541
1525
1527
1518
1547
1548
1542
1547
1541
1555
461
1538
1532
961
1547
1539
1539
1541
1550
1539
1536
878
1545
1523
1533
1546
1544
1529
1543
1109
1539
1168
1540
1536
1537
1544
1542
1540
1539
1542
1550
1414
1532
1541
1544
1555
1535
1113
1527
1536
1538
1534
1541
1557
1548
1543
1552
1547
1047
1515
1535
1530
1541
1210
1543
1542
1535
1526
880
1544
1535
1535
656
1532
1544
1539
1519
1535
1542
1543
1539
1546
1539
1102
1521
1545
1546
1538
1545
1541
1538
1520
1534
1545
1545
1549
1545
1514
1248
1537
1109
1535
1545
1546
1540
1545
1489
1549
562
1531
1536
1539
826
1542
1539
1544
1540
1489
1544
1542
1546
1545
1539
1543
1541
1538
1520
1535
1517
1531
1545
1475
1535
1542
1543
935
1543
1554
1551
1263
1540
1543
1543
1540
1547
1546
1544
547
474
1548
1548
1520
1536
1546
1534
1543
1542
1536
1542
1541
1535
1540
1542
1538
1542
1529
1545
1542
1544
1541
1537
1539
1532
1542
1173
1546
1526
1537
1547
1519
1544
1365
1544
1547
1538
1545
1549
1539
1534
1531
1544
1549
1140
1536
1547
1543
1535
1537
1537
1531
1172
1540
1528
1540
1543
1545
1548
947
1532
1536
1542
1544
1158
1546
1546
1543
1536
1540
1540
1540
1545
1538
1549
1515
907
1540
801
1552
1537
1542
926
1544
1541
1544
1529
1543
1543
1535
879
1546
1536
1545
1543
1546
1544
944
690
1529
1550
1548
1215
1541
1536
1533
1529
1542
1533
1544
1531
986
1542
1536
1536
1545
1541
1529
1539
1544
1550
1540
1542
1545
1545
1528
1530
1541
1528
1529
1545
1535
1538
1543
1546
1555
1554
1547
830
1542
1529
994
1540
1547
1545
1546
1531
1538
1513
1529
1539
1551
1538
1516
1538
1543
1545
1545
1533
1538
1543
1514
1532
1542
864
1526
1524
1540
1538
1546
1541
1542
1554
1535
1539
1279
1545
1514
1545
1536
1370
1519
1546
1546
1545
1544
1542
1543
1553
1541
1535
1542
1536
1546
1033
1542
1541
1553
1548
1532
1540
784
1542
702
1546
1540
1404
1538
1544
1528
1547
1543
1551
1539
1532
1465
1549
1548
1543
803
1545
1528
1542
1540
1540
1533
1544
1544
1543
1545
1550
1528
1535
1548
766
1551
1543
1547
1540
1544
1542
1539
1535
1546
1537
1533
1547
1527
1544
1547
1551
1539
1537
1541
1534
1529
1540
1541
1537
1541
1546
1542
802
1328
1521
600
1541
1543
1543
1543
1533
1523
889
1546
1541
1541
1547
463
1536
1537
1541
1544
1281
1547
572
1532
1543
1538
1529
1541
1539
1540
1531
1539
1537
1541
1544
1551
1546
1551
1543
1543
1529
1538
1548
1540
1411
1543
1547
986
1541
1536
1526
1548
1533
1539
1540
1391
1327
1543
1544
1540
1554
1540
1545
1534
1549
1531
1544
1547
1549
1527
1534
1535
342
1539
1535
1332
1529
580
1542
1541
1547
1541
1537
1527
1536
1528
1538
1521
1535
1535
1541
1534
1542
1539
1553
1544
1539
1539
1516
1536
1544
1536
1542
1541
1543
1550
1540
1537
1542
1541
1541
1489
1546
1544
1536
1544
1529
1528
1542
1539
1537
991
1544
1539
1546
1541
1546
1541
1542
1544
403
1541
1549
1546
1541
1547
1544
1551
1545
1547
1545
1545
1541
1557
1363
1542
1544
1548
1406
1542
1512
1536
1547
1534
1545
479
1545
1549
1542
1523
463
1528
1525
1533
1540
1534
1210
1540
1396
1539
1552
1536
1253
1549
1539
1540
1511
1538
1543
1540
1542
837
1539
1528
1544
1530
1546
1535
1540
1540
1452
1539
1531
1545
1544
1540
1546
1545
1536
1550
1534
1546
320
1541
1546
1543
1315
1535
831
1002
1547
1538
1540
1534
1531
1543
1542
1540
1396
1528
1547
1544
1541
1534
1547
1541
1549
1545
1521
873
1522
1543
1545
1540
1545
1532
1524
1546
1539
1543
1541
1536
1532
909
1523
864
1541
1033
1526
1539
1536
1538
1360
807
1538
1535
385
1534
1542
1551
1531
1544
1542
1544
1529
1544
1543
1543
1542
1528
1545
1546
1548
1549
1521
1541
1534
1539
767
1124
1541
1538
1547
1543
1537
1551
1549
1541
1545
1545
1543
873
1549
1542
1224
1529
1549
1546
1544
1547
1544
1548
1546
1535
1543
1543
1540
1538
1543
1543
1536
1504
1541
1545
1545
1357
1544
1539
1546
1542
1539
1542
1525
1542
1528
1546
1540
1534
1549
1534
1550
1529
1539
1546
1529
1545
1546
1526
1530
1079
1554
1544
1186
1543
1541
1490
1519
1540
1547
1535
1544
1550
1540
1531
1544
1547
1537
1533
1535
1547
1528
1544
1543
1539
1539
1548
1547
1550
1539
1536
1540
1542
1549
1538
1539
1552
1542
1538
1541
1548
1543
1538
1543
550
1542
1527
1375
1541
1543
1531
1532
1533
1553
1539
1538
1543
1545
1549
643
1535
768
1542
1541
906
1536
1534
1529
1547
1540
1537
931
1545
1532
1542
1539
1544
1551
1525
1543
1532
1547
1509
1543
1530
1543
1543
1539
1545
1545
1541
1542
1537
1536
1542
1541
1539
1537
1239
1539
1512
1545
1274
871
1546
1542
1543
1545
1462
1545
1547
1544
1546
1539
1546
1547
1515
1539
1536
1542
1552
1161
773
966
1514
806
1539
1549
1542
1527
1543
1534
1541
1546
1538
1543
1542
1535
1440
1539
1544
1544
1536
1548
1529
1537
1535
1542
1544
820
355
1550
1538
1540
1549
1534
1550
1545
1547
1547
1544
1540
1542
1547
1500
1544
1541
1543
1544
1551
1528
1541
1303
1543
1536
1544
1542
1541
1538
804
1540
1548
1541
1534
861
1541
1547
1545
1545
745
1534
1551
1534
1532
827
1536
1546
1535
1540
1546
1548
1542
1543
1540
1549
1554
1539
1553
1539
1379
1543
1546
959
1527
1541
1533
1550
1541
1540
1540
1541
1545
1547
1540
1543
1539
1550
1534
1544
1525
1546
1543
1544
1543
1543
1543
1541
1541
1543
1544
1543
1545
1550
1525
1547
1323
1547
1522
1541
597
1541
1537
1531
1536
1541
1540
1496
1536
1526
1547
1530
1545
1543
1536
1540
1529
1526
1541
1537
1052
1542
1541
1544
1471
1541
1534
1543
1539
1542
1537
1540
1544
1545
1531
1546
1549
1547
1549
1543
1539
1544
1541
1542
1539
1543
1521
1549
1530
1540
1549
1545
1538
1517
1543
1540
786
1550
390
1541
1541
1534
1546
1541
1526
1543
1541
1531
1538
1529
942
1516
1404
1539
872
878
1549
1534
1545
1530
1416
1539
1478
1542
1541
1535
1534
1552
1537
1165
1557
1548
1531
1545
1535
1530
1543
1524
1537
1549
1541
1533
1550
1539
1543
1536
745
1541
1539
1538
1551
1291
1540
1529
1541
1546
1549
1543
1538
1548
1526
1312
1540
1545
1536
1547
1538
1542
1544
1535
1543
1552
988
1537
1543
1550
1538
1539
1532
1547
1527
1335
1532
1534
1539
1545
1541
1537
1533
1549
1540
1539
1530
1541
1535
1528
1544
1536
1544
1546
1541
1540
1544
1540
1537
1542
1543
1538
1540
1527
1541
1537
1537
1541
1529
1548
1545
1546
1528
1543
1541
1533
1538
1539
1542
1546
1538
1552
1546
1541
1540
1528
1545
1537
1551
1552
1541
1549
1543
1547
1538
1553
1545
864
1516
718
1545
1537
1528
1546
1330
1549
1464
1545
1545
1552
1543
1540
1531
1537
1545
1388
1548
1535
1544
1542
1543
1538
1548
1522
1525
1530
1541
1544
1543
798
1539
754
1540
1531
1542
1542
1543
512
1543
1548
1547
1542
1548
1542
430
1529
1545
1539
1534
1544
1533
1536
1538
1536
842
835
1540
1530
1548
1536
1549
1514
1542
1547
1550
1542
1542
1523
1521
1537
1551
1547
1537
1546
1530
1540
1540
1432
1544
1540
1485
1547
1555
1545
1545
1526
1545
1538
1538
1536
1545
1542
1526
993
1546
1541
1537
1544
1538
1288
1530
1356
1521
1529
1544
1543
1544
1529
1550
1543
1544
1547
1545
738
1547
1544
1537
1539
1543
1530
1511
1526
1537
1546
1528
1533
1553
962
1533
1540
1528
1552
854
1539
1109
1534
1491
1536
1540
1542
1542
1155
1537
1541
1521
1542
1550
1498
1519
838
1552
1257
1530
1525
1547
1525
1541
1536
1549
1545
707
1038
1541
1546
1537
1529
1059
1537
1527
1538
1533
898
1537
1539
1541
1289
1530
1543
1541
1542
1529
1549
1535
1046
1349
1540
1540
1546
1545
1540
1543
923
1538
568
1537
1547
1539
1535
1545
1534
1561
1538
1541
1143
1537
1539
846
1535
1549
1544
1542
1548
1545
1185
1547
1536
1553
1528
1548
1548
1538
1545
1539
1542
1541
1541
1543
1539
1539
1554
1536
1487
871
1545
1542
1551
1538
1542
1541
1542
1544
1527
1516
1550
1549
1526
1535
1543
1534
1540
1545
1542
1543
1134
1541
1550
1543
1548
1542
1533
1544
1544
1538
725
1540
1476
1543
1543
1551
1539
1536
1394
1538
1542
1519
930
1545
1547
1549
1539
1549
1540
1540
1524
1548
1544
896
1550
1553
1550
1550
1469
1535
1543
1543
1550
1542
1554
1535
1542
1536
1543
1549
1460
1541
929
740
1542
1550
1547
1542
1553
1536
1548
1547
966
1549
1546
1210
1526
1526
1544
1472
1540
1547
1542
1537
1545
1543
733
1556
1546
1543
1551
1547
1542
1172
1540
771
1543
1481
1542
1537
1540
1524
1523
1047
1546
1531
1540
1527
1355
1535
1544
1533
1548
1549
1545
1543
1541
1541
1545
1541
1556
1544
1536
1537
1535
1213
1542
1540
1552
1422
1541
1505
1532
1546
1542
1523
1532
1545
1551
1544
1540
1539
1543
1539
1544
1544
1532
1555
1537
1540
1542
1535
1213
899
1538
1541
1533
1539
1540
1545
1517
1524
1543
1546
1528
1523
1060
1546
1545
1547
1538
1535
1540
1534
1536
1527
1528
1542
1548
1553
1083
1548
1538
1540
1544
1530
1511
1538
1524
1541
1539
1532
1513
1537
1508
1546
1540
1538
1546
1520
416
1541
1533
1544
886
1540
1450
1535
1539
1535
1541
1539
1530
1540
1546
839
1544
1540
1535
1543
1546
1542
1121
1546
1544
1544
1542
1547
1525
1544
1546
1534
1537
1542
1543
1529
1540
1545
1544
1510
1527
1000
1481
1539
1508
1543
1544
879
1550
1538
1543
1534
1546
1547
1537
1267
1548
1540
1539
1186
1544
1549
1428
1525
1546
1535
1541
1540
1544
1522
1530
1539
1544
1544
1549
1557
1525
1501
1250
1546
1551
1541
1538
1545
1550
1531
1546
1538
1546
1546
1526
1532
1553
1524
1534
1530
1542
1507
1537
1533
1546
1426
1544
1523
1547
1523
1538
1533
1533
1540
1536
1540
1535
1545
1525
1541
1539
852
1551
1527
1535
1539
1545
1541
1538
1536
1541
1526
1538
1544
1537
1546
1538
1541
1541
1541
1539
1545
1516
1548
1533
1534
1543
1537
1541
1541
1535
1562
1542
1536
1541
1546
1542
1523
1542
1532
1545
1541
1543
1521
1540
1513
1307
1541
1544
1548
1536
1542
1539
1542
674
1473
1537
1542
1544
852
1544
1526
1546
1542
1531
1544
1539
1550
1534
1529
1453
1534
1532
1541
1545
1538
1543
1110
1541
1525
1533
1554
1537
1536
1530
1543
1541
1522
1531
1543
1532
1539
1541
1533
1534
1544
1545
1537
1543
1342
1543
1530
1543
1548
1535
1535
1538
1541
1544
1543
1530
1522
1545
1541
1291
1535
1537
1530
1544
1131
1535
1543
1546
1541
1435
1533
988
1536
1532
1533
1524
1541
1540
1538
1539
1538
1540
1540
1531
1551
1544
1553
1535
1536
1540
1541
1534
1549
1554
1536
1534
1535
1542
1539
1545
1546
895
1546
1534
1541
1548
1541
1411
1543
1549
1543
836
1543
1537
1522
1528
494
1528
1544
1552
1544
1529
1540
1540
1546
1529
1545
1545
1543
1267
1543
1070
1426
1550
1524
1549
1530
1508
1527
1533
1544
1537
1055
1536
1537
1528
1542
1544
1548
1531
1554
1135
749
1537
1545
1543
1543
1541
1539
1537
1546
1526
1548
1545
1542
1540
1542
1527
1538
1528
1515
1536
1541
1549
1286
1545
1546
1512
1549
1548
1541
1539
1545
1539
1549
1546
697
863
1544
1541
1546
1549
1547
1532
1547
1547
1508
1541
1539
1544
1539
1537
1527
1517
1542
1541
1543
1551
1054
1550
1545
1525
1540
1544
1414
1542
1557
1535
1530
669
1530
1548
1539
1548
1535
1541
1541
1530
1543
1530
1548
1381
1542
1535
1537
1347
1534
1543
1546
1554
482
1542
1551
1540
1539
1545
1541
1541
1544
1548
1553
1539
1542
1544
1542
1540
1536
1536
1538
1534
797
1538
1547
1541
1530
1536
1536
1549
1549
1525
1543
1510
1532
1543
1547
1538
819
1528
807
1539
1544
773
1546
1054
1542
1470
1523
1537
1545
1543
657
1540
1478
1547
1536
1546
1539
1531
411
1545
1545
1546
348
1537
1549
1541
1538
1544
1161
1541
1542
1542
1526
1540
1547
1553
1533
1533
1536
1541
1541
993
882
1027
1530
1542
1543
1488
1544
1546
1544
1544
1545
1542
1543
1523
1071
917
1549
1545
1543
1378
1530
1548
1548
1540
1548
1547
1540
1531
1541
1543
1545
1546
1525
1537
1537
1542
1543
1538
1545
750
1532
1534
1541
1541
1543
1550
1548
1551
1536
1549
1412
1536
1548
1549
1541
1545
1489
1541
1534
1543
1529
1547
1527
1524
1547
1542
1537
1541
1544
1541
1544
1541
1541
1555
1539
1546
1525
1543
1548
1534
817
1539
1537
1540
1538
1535
1546
1539
1536
1539
1550
1545
1537
1541
1548
1538
1507
1521
1540
1537
1537
1535
1533
1541
1547
1538
1547
1535
1533
1531
1517
1545
1541
1547
1554
643
1542
1533
993
1497
1533
1542
1559
1534
1540
1542
1531
1541
1543
915
1545
1532
1540
1547
1539
1542
1548
1022
1546
642
1406
1547
1546
1538
1544
1528
1544
1544
1543
1546
1538
1537
1529
1529
1537
1545
1537
1540
1534
1543
1544
1542
1544
1550
1544
1527
701
1543
1545
1538
1534
847
1547
1535
1550
1542
1059
1545
1543
1118
1548
1542
1534
1548
1542
1544
1255
1541
1537
694
1544
1546
1537
1530
1549
1537
1539
1542
1546
1543
410
796
1547
1546
1522
860
1511
1543
1284
1539
1542
1539
363
1542
1533
1541
1538
1539
1545
1538
1549
1546
902
1545
1533
729
1542
1526
1538
1542
1548
1541
1512
1539
1544
1546
1542
1544
1548
1537
1531
1536
1544
1551
1545
1544
382
687
1543
1546
1553
1400
1533
1545
1547
1534
1544
1539
1543
1544
1540
1546
1543
1512
1532
1531
1547
1536
1548
1541
1418
1551
1542
1541
1548
1538
1546
1533
1548
1301
1526
1527
562
1543
1537
1537
1524
1547
1546
1548
1540
1541
1543
453
1542
801
1538
1299
1550
1544
1544
1540
1535
1548
1083
1533
1544
1537
1543
1537
1527
1532
1551
1541
1548
1534
1543
1552
1532
1542
1546
1544
1542
1540
1549
1552
1535
1540
1532
414
1547
1535
1544
1527
1531
1524
1548
1546
1531
1522
1536
1548
1520
1544
1525
1541
1467
1539
1538
1546
1542
1538
1537
1470
1548
1545
1538
1540
1528
1531
1531
1546
1537
1545
1538
1541
1528
1544
1545
1537
1548
1537
1549
1539
1539
1543
1542
1543
1532
1546
1539
1063
1545
1542
1519
1537
827
1544
1539
1543
1545
1541
1541
1508
1541
1527
1537
1530
1342
1544
1540
1537
1547
1548
1535
1538
836
1543
1549
1545
1534
1542
1542
1536
1543
1063
1546
1540
1545
1526
1542
1539
1544
1536
417
1540
1550
1539
1542
1542
1539
1540
1541
1488
1538
1539
1537
1548
1547
1539
1415
632
1530
1543
1545
1530
1540
1541
1543
1549
1538
1543
1547
1545
1547
1543
1545
1545
1543
1290
1530
1538
1550
1530
1549
1545
1541
1535
1544
1538
1545
1530
1538
1548
1542
842
1535
1541
1547
1551
1546
1540
1546
1540
1556
1542
1540
1537
1550
1542
1543
1542
1539
1528
1541
1534
1543
1545
1546
1541
1537
1542
1542
1538
1543
1542
1542
1544
1546
1545
1538
1550
1549
1547
1435
1538
1536
1537
1469
1537
1535
1538
1538
1540
1539
1546
1531
1543
1539
1543
1539
1540
1542
1531
1535
1537
1546
1544
1531
1534
1537
1541
1531
787
1540
1544
1544
1532
1540
1552
763
1545
1549
1061
1546
882
865
1541
1537
1542
1542
1542
1544
1539
1540
1545
1546
1537
1542
1548
1539
1538
1553
1547
1532
1546
1544
1544
1534
1535
628
1541
1527
1474
1437
1549
1545
1541
1550
1544
1544
1548
1530
1528
1545
1543
1033
1544
1048
1542
1543
1548
1541
1542
1414
1544
1541
1548
1508
1541
1530
1548
1501
1536
908
1547
1543
1303
1544
1543
1545
1523
1546
1538
1546
1487
1536
1544
1551
1543
1544
1540
1538
1540
1542
1505
1536
1543
1555
1523
1548
1540
1526
1509
426
937
1543
1531
1541
1006
1535
414
1539
650
1540
1544
1539
1545
1540
1314
1535
1532
1543
877
1532
1547
1540
1541
1545
1538
872
1540
1093
1544
1551
1528
1494
1551
1345
1546
1541
1540
463
1543
1527
1547
1547
1547
948
1545
1543
1354
1532
1540
1541
1549
1540
1548
1542
1544
1536
1537
1542
1538
1542
1539
1538
1548
877
1541
1522
1537
1546
1545
1545
1022
1540
1511
1539
1548
1538
1043
836
1537
1532
1543
1381
1533
1550
1538
1529
1543
1546
1541
1534
1545
1325
1542
1544
927
1541
1193
1535
1538
392
1548
1548
1541
1545
1524
1552
1542
1527
1539
1547
1541
1535
1533
1538
1541
1002
1540
1542
1551
1555
1537
1546
1544
1534
1542
1546
1519
1544
1546
774
1544
1546
1515
1543
1552
1543
1525
1538
1542
1520
1542
1428
1543
1532
1543
1215
1547
1547
1532
1539
1538
1528
1070
1543
1546
1543
1541
1547
1550
1551
1541
1555
1545
817
1539
1532
1542
1469
1534
1543
1528
1546
1539
1525
1542
1544
1547
1536
1136
1543
1545
1541
1544
1539
1519
1543
1535
1549
708
1544
1541
1535
1547
1537
1537
1532
365
1542
1538
1550
1544
1540
1539
1535
1515
1543
1544
1539
1542
1547
1045
1542
1544
1530
1546
1534
1544
1528
1523
1522
1541
1536
715
1546
1522
954
1546
1541
1543
788
1553
1537
1544
1551
1037
1544
1540
1530
943
1543
1547
1471
1519
1544
1546
1541
1542
1537
1550
1545
1529
1535
1541
1544
1323
1538
1542
1538
1527
1529
1550
1546
1548
1523
1538
1545
1552
1544
1534
1546
1540
1508
1541
1540
1545
1536
1545
1536
1548
1545
1536
1544
1376
1529
1531
1538
1199
817
1548
1266
1543
1546
1363
1537
1390
903
1522
1544
1540
757
1540
1547
1547
1552
1547
356
1532
1543
1239
1545
1430
1541
600
1548
1539
1541
1156
1548
1536
1544
1541
871
1542
1543
1542
1548
1547
1526
1530
1542
1541
1546
1542
1545
1551
1532
1531
1543
1543
1549
1544
1547
1530
1548
1535
1542
1537
1324
1543
1073
1547
1551
1542
1545
1538
1529
1547
1547
1530
1540
1532
1144
1543
1552
1548
1487
1540
1533
1531
1535
1533
1545
1541
1542
1545
1546
1541
1523
1541
1542
1521
1546
1541
732
1542
1542
1531
1553
1530
1539
1550
1545
1539
450
1540
1547
1512
1540
1529
1520
1539
1542
1539
1546
1547
1545
1538
1548
1547
1542
1541
1543
1529
642
1547
1540
1232
1545
1548
1540
1539
1529
1543
1555
1541
1547
1537
1532
1529
1542
1540
1546
1507
1532
1546
1544
1082
1540
1542
1545
1538
1538
1544
1541
1539
1542
1540
1545
1537
1509
1538
1524
1547
907
1546
1540
1517
1544
1546
1544
1534
1547
1542
1550
1531
1538
1543
1540
1542
1548
1542
1521
1547
1549
1531
352
1540
1047
1550
1529
1544
1545
1543
1547
1537
1544
1545
1545
1535
1547
1542
1549
1538
1541
1550
1540
1548
870
1544
1545
1543
1541
1544
1549
1540
1549
1546
1554
1534
1546
1545
1546
1432
1534
1547
1552
1542
1530
1528
1559
1540
1535
1548
1546
1531
1549
1540
1542
1539
1541
1527
1540
1547
1302
1492
1550
1541
656
1538
1545
1540
1561
1536
1543
1539
1537
1547
1542
1550
1532
1203
1562
1557
1526
1542
1543
1543
1539
1543
1542
1545
1533
1541
1549
1537
1539
1536
1527
1539
1544
1532
733
1537
1540
1533
1519
1547
1535
1544
1543
1529
1542
1541
1544
1548
1521
1547
1531
1541
1538
1538
1536
1542
1553
1544
1552
1058
1540
1530
1542
1545
1540
1549
1553
1544
1537
1540
1548
1529
1549
1529
837
1538
1543
1538
1542
1545
1545
1544
1519
1541
1529
1540
1541
1527
1544
1521
1542
1543
1544
1539
1545
1535
1531
1536
1541
1542
1549
1532
1539
1534
1363
1364
1542
1547
1537
1537
1437
1542
1533
1553
1528
1523
1553
1551
1550
1543
1537
1518
1547
1542
1532
1543
1530
918
1541
1541
1546
1541
1543
1547
1544
1542
1542
1545
1543
1540
1543
1538
1535
1543
1541
455
1543
1543
1494
1549
1542
1189
1555
1545
1528
1017
1533
1543
1544
1526
1550
1484
1539
1547
1543
1541
1534
1520
1546
1538
1542
1547
1544
1531
1543
1532
1548
1538
1537
1526
1544
1534
1540
1541
1549
1492
1539
1542
1542
1543
1542
1529
1541
1533
1516
1533
1541
1536
1225
1064
1522
1544
1539
1536
1551
1046
1537
1539
1532
1536
1492
1539
1545
1540
1552
1528
1550
1542
1543
1493
1553
1540
1425
1540
1545
1544
1517
952
1543
1540
1544
1537
1551
1542
1548
1534
1536
1546
998
1538
1543
1545
1544
1532
1546
1528
1547
427
1542
1537
1535
1519
550
1543
1542
1545
1544
1523
1541
1548
1540
1544
1551
1517
1541
1537
1533
1529
1446
1538
1254
1536
1541
1521
1541
1536
1535
1535
1538
1304
1547
1547
1546
1543
1527
1532
1537
1534
1540
1545
1537
1547
1543
1516
1548
1535
1540
1548
1549
1460
1531
576
1539
1529
1535
1541
1536
1536
1535
1532
1546
1546
843
1543
1545
1533
1539
1539
1542
1535
1549
1530
1520
1541
1546
1543
1539
1512
1544
1530
1543
1549
1543
1112
1426
1548
1539
1542
1482
1540
352
1360
824
1543
1539
1540
1544
1542
1500
544
1534
1543
1540
1542
1551
1538
1533
971
1543
1540
1542
1540
1552
1541
1217
1540
1545
1545
1545
1537
1539
1533
1538
1541
1541
1540
1510
1544
1524
890
1103
1545
1534
1547
1534
1534
1539
1541
1540
1541
1539
1544
1547
1540
1546
1539
1544
1543
1540
1542
1454
1544
1539
1551
1542
1550
1539
1537
1545
1547
1545
1552
1229
1542
325
1546
1547
1528
1326
1525
1241
1540
1541
1543
1517
1548
1547
442
936
1519
1527
1536
1543
587
1539
1422
1539
1545
882
1535
1548
1521
1540
1551
1538
1546
1541
330
1533
1535
1545
1534
1543
1550
1533
1545
1547
1515
1534
1079
1543
1519
1538
1545
1526
1143
1535
887
1546
1545
1544
1525
957
1539
1548
1543
1540
1369
1543
1544
1544
1541
1468
1540
1557
1550
1518
1545
1503
1547
1547
929
1195
1539
1540
1537
1547
1097
1173
1542
1539
1320
1549
1546
1544
1403
1542
1551
1535
1546
1536
1543
1512
1536
1543
1546
1545
1542
1498
1541
1545
1544
1540
1538
1540
1542
1534
1540
1544
1522
1539
1543
1218
1542
1549
1538
1540
1526
945
1544
1533
1541
921
1539
1551
1549
1550
1546
1418
1399
1543
1007
1538
1514
1534
1539
1536
1547
1539
1518
1537
1529
1542
1538
1531
1545
1547
1534
1535
1539
920
1547
1538
1546
1548
1545
1548
1537
1539
1531
1546
1530
1545
1540
1525
1554
382
1525
1551
1542
1537
1533
858
1544
1258
1541
1541
1544
1535
1542
1548
1540
1537
1536
1538
670
1536
1543
1540
1090
1542
1549
436
1544
1543
1535
1093
1550
1542
1518
1532
1538
1533
1544
1528
1530
1540
1521
1542
1539
1546
1539
1539
1548
1543
1542
1550
1543
1493
1546
1549
1542
1539
1539
1475
1548
1543
1542
1552
1539
1540
1544
1529
1538
1534
1533
1545
1547
1521
1542
1540
1539
473
1530
1544
1549
1545
1543
1541
1544
1547
1527
1546
1545
1533
1541
1545
1537
1539
1521
1544
1548
1376
1540
1540
1126
1542
1540
1543
1540
1540
1541
1545
1551
1542
1485
1547
1535
1539
1181
1547
1539
1012
1546
1540
469
1547
1540
1546
1548
809
1548
1543
524
1549
1534
1539
1526
1349
1539
1548
1539
1544
1533
1533
1528
1531
1540
1543
1532
1547
1541
1539
1537
1539
1512
1548
1543
1545
1545
1537
1545
1538
1536
1533
1549
1525
1545
1549
1541
1543
1545
1527
1548
829
1534
1541
1548
1546
1535
1536
670
1538
1545
1548
1541
862
1539
1537
1550
1538
1543
1538
1540
1522
1540
1538
1543
1547
1544
1549
1541
1536
1549
1540
1536
1543
1535
1547
849
1537
1538
1543
1542
1535
1517
1542
1404
1548
1288
1545
1548
1541
1528
1087
1538
1539
1543
1544
1544
1540
1544
1541
902
1540
1537
1545
1538
1540
1541
1540
1528
1543
1510
1533
1543
1537
1540
1544
1544
1540
1542
1554
1547
1545
1552
1543
1541
1541
1531
1072
1211
1536
1541
1539
1537
1544
1544
1533
1543
1513
1544
1532
1555
1545
594
1275
1541
1538
898
1557
1458
1545
1485
1543
1282
1536
1532
1536
1543
1545
1527
1540
1545
1540
1541
1541
1538
1526
1537
1508
1530
1532
1540
1543
1534
1541
1546
1551
1542
1408
1555
1547
1543
1535
1538
1551
1545
1536
1537
1531
1539
1313
1542
1547
1026
1165
1533
1543
1538
1543
1521
1539
1524
1546
1530
1536
1537
647
1542
1544
1543
1538
1534
1541
1542
1543
1546
1197
1547
1082
1546
1540
1515
1221
1538
1282
1537
1517
1543
1543
1522
1533
1545
1505
914
870
1528
1536
1545
1546
1542
1545
1541
1538
878
983
1276
1529
1537
1535
1542
1536
1535
1544
1532
1542
1538
835
1545
1366
1545
1542
1541
1541
881
1539
1538
1513
1539
1543
1530
1545
1535
1540
1547
1531
1532
1535
1546
1542
1533
1547
883
1548
1549
1537
1537
1540
1539
1545
1551
1545
1368
1505
1554
1545
1547
1524
1527
1545
1545
1537
979
908
1541
1548
1533
1533
1536
1547
1533
1540
1533
1531
1542
1530
1540
1541
1544
1544
1541
1539
1547
1528
926
1537
1549
1545
1538
1543
1538
1541
1540
1540
1543
1556
1544
1535
1536
1540
1540
1538
1533
1530
1545
1540
1136
1400
1545
1550
762
1547
1463
1533
1550
1538
1534
1541
1536
1536
1525
1524
1543
1516
1541
1543
1548
1534
1547
1547
1527
831
1542
1537
1548
1547
1538
1547
1540
1530
1536
1543
1541
1544
1552
1545
925
1528
1549
1548
1342
1547
1524
1532
1537
761
1541
1538
1545
1548
1543
1551
1545
1547
345
1546
1534
1544
1531
1540
1547
1534
1540
1548
1532
1538
1545
1529
1005
1537
1540
1543
1545
853
1538
682
1533
1536
1539
1550
1540
1550
1544
1539
1541
1524
1551
1539
1545
984
1540
1542
1533
1544
1548
1543
1470
1541
1541
1545
1547
1543
1523
1554
1525
1543
1536
1543
1526
1536
1537
1551
1538
1544
1529
1020
1536
1536
1355
1543
1548
1541
1540
1542
1540
1553
1549
1542
1536
1544
1535
1549
1538
1544
619
1535
1550
1548
1545
1537
1538
1533
794
1539
1545
1536
1551
703
1542
1544
1540
1538
1538
1418
1535
1537
1504
1545
1534
1535
1531
1548
1540
706
1529
1550
1505
1538
1544
1544
1511
1547
1533
1542
1533
1532
1541
1547
1474
1551
1539
1543
1550
1532
1540
1532
1541
1538
1542
1541
1532
1546
1549
1542
1541
1508
1552
1531
1549
1539
1544
1526
1544
1529
1138
1550
1543
1532
1544
1540
1530
1544
1538
1544
1397
1546
1546
1536
1542
784
1540
1546
1546
1540
1537
1546
1532
1535
1539
1536
1541
1536
1534
1544
1538
1542
1539
1551
1527
1538
1549
1537
1541
1543
1537
1535
1537
1243
1534
1540
1287
1531
1448
1130
1533
1534
1544
1541
1523
1544
1546
1543
1547
1544
1541
1533
1542
1085
1527
1544
1546
1541
1533
1543
1543
1539
1507
1541
1542
1539
1538
1545
1532
1542
1547
1540
1549
1538
1542
1540
846
1542
1471
1548
1540
1540
1536
1543
1536
1542
1544
1488
1547
1544
1547
1535
1542
1530
1527
1544
1533
1505
1541
1538
1545
1538
1534
1544
1547
1345
1529
1548
1538
1543
1548
1546
1537
1539
1545
1536
1542
1548
1535
1555
1538
1540
1553
1530
1524
1338
1517
1543
869
1544
1547
1553
1535
1525
1551
1540
1551
1543
694
1540
1540
1541
1538
1542
1545
1546
1529
1532
1538
1532
1546
1533
1536
1539
1537
1543
1545
1540
1532
1429
1547
1546
1544
1535
1539
1547
1540
768
1545
1511
1532
1541
1552
1537
1535
1546
1532
1536
1535
1528
1545
1535
1547
1547
1544
1542
1520
1544
1540
1542
1547
1540
1543
1535
939
1535
1550
1536
1539
1538
1533
1539
1544
1550
1530
1548
1547
1542
1542
1539
1537
833
1544
1526
1550
1541
1536
1541
1544
1541
1539
1542
1532
1538
1548
1531
1542
1541
1537
1539
1545
1542
1530
1529
1545
1557
1550
1002
1542
1547
583
1541
1546
1542
1541
1539
1543
1535
1545
1542
1545
1542
1537
1545
1537
1536
1524
1503
1546
1543
1546
1542
1439
1546
1539
1532
1403
1544
1538
1548
1539
1547
1542
1539
803
1544
1462
1545
1535
1533
1542
1543
1539
1540
1540
1547
1545
1543
1550
1537
1535
1545
1527
1538
1545
1535
1542
1550
1517
1549
1545
1546
1544
1529
1537
1464
1540
1533
1553
1545
1548
1550
1543
1547
878
1541
1546
1527
1545
1534
1540
1545
1538
1544
1536
1539
1532
1543
1540
1541
1511
685
855
1531
1531
1546
1543
1528
1530
1349
1538
867
1544
1537
1536
1547
1542
1521
1524
1541
1541
1531
1534
1006
1546
1550
1533
1547
1540
1543
1533
1544
1539
1529
1541
1538
1536
1541
1543
1534
1548
1541
1555
1531
1542
1542
1526
1547
1540
1546
1531
1549
1547
1546
1528
1540
1529
1551
1540
1531
1546
1535
1170
1548
1543
1536
1549
1539
1479
1542
1538
1541
1544
1549
1540
1548
1552
761
1544
1375
1539
1532
1532
1546
771
1545
1528
1543
1551
1535
1532
1541
1539
1510
1544
1529
1536
1538
1544
1539
1543
1533
1454
1527
1527
1542
899
1550
1543
1555
1544
1525
1543
1545
1542
1139
1539
1540
1548
1181
1546
1533
1543
1519
1540
1548
1541
1540
1541
1547
1483
1547
1548
1543
1426
1544
1540
1537
1541
1528
1545
1533
1534
1540
1542
1537
1533
1541
1548
1390
1544
1225
1528
1545
1540
1537
1547
1553
1551
1544
1540
1546
1544
1538
760
1528
1543
1532
1546
1538
1547
1529
1543
1536
1516
1540
1543
1541
1542
1540
1531
1541
1543
1546
1550
1544
1540
1542
1543
1531
816
1038
1544
1542
1528
1537
1544
1541
1537
1543
1544
1541
1528
1541
1537
1528
1537
1532
1530
1542
1541
1530
1532
1530
1547
1540
1542
1531
1544
1549
1539
1388
1544
993
1541
1549
1549
1541
1534
1542
1540
1540
1551
1543
1539
1543
1550
1535
1543
1548
1539
1528
1535
1546
1539
1542
1547
1537
1530
1535
1549
1550
1541
1543
1366
1544
1532
1547
1158
1541
1536
1536
1493
1543
1549
1538
1520
1523
1540
1547
1547
1524
1549
1547
1519
330
1540
1536
1549
1546
1541
1508
1442
1547
1271
1512
1543
1540
815
1550
1527
1542
1530
875
1545
1538
1523
1520
1076
1534
1538
1548
1546
1528
1545
1546
887
1539
1536
1549
1550
1103
1544
1542
1515
1537
1538
1546
1556
1537
1549
1549
1545
1544
1545
1540
1544
1537
1548
1536
1540
1417
1525
1068
1546
1544
1332
1543
1531
1539
1543
1543
1542
1175
1541
1531
1542
1540
1441
1535
1529
1540
1542
1547
1564
1542
1542
1544
1535
1545
1540
1547
972
897
1535
1545
1545
1537
1423
1541
1546
1544
1540
1542
1059
1545
1539
1544
1543
1545
1543
1546
1530
1541
1544
1545
1541
1530
1538
1544
1536
1540
1535
1361
1532
1548
1548
1541
1541
1538
1541
1538
1535
1539
1534
1546
1545
1537
1366
1545
1531
1539
1517
1521
1537
1540
1546
1541
1534
1546
1540
1543
1521
1536
1545
951
1511
1540
1547
1532
1546
1541
1553
1536
1539
1542
1530
1540
1536
1460
1547
1536
1543
1084
1514
1532
1544
1516
1537
1544
1543
1539
1539
1543
1542
1514
1536
1545
1551
1531
1510
1540
1542
1551
1536
986
1545
1546
1539
1538
1545
1538
1543
1548
1552
1542
1548
1523
1479
1544
1528
1552
1542
1505
1548
1544
1548
807
890
1531
1537
1542
1540
1535
1545
1525
1534
1532
1543
1552
1544
1539
1544
1538
1542
1543
1035
1549
1543
1540
1549
1541
1532
1544
1540
1544
1254
1512
1540
1537
1538
1553
1534
707
1519
1481
1431
1526
1540
1539
1547
1160
1545
1533
1546
1538
1533
1539
1542
1545
1545
1346
1544
1522
1545
1540
1544
1512
1549
1543
1543
1540
1547
1541
1537
1526
1551
1539
1545
1526
1543
1533
1527
1220
1551
1531
1543
1540
1546
1538
1313
1545
1535
1540
1537
1543
1545
1530
1543
1535
1366
1550
1538
1531
1549
1543
1536
1542
1550
1538
1549
1551
1538
1546
1529
1545
1543
1536
1547
1515
1549
1219
1512
1547
1523
1546
1544
1535
1534
1539
1541
1543
1550
1536
1530
1521
934
1545
1535
1515
1540
1537
1540
1545
1538
1545
1537
1543
1539
1539
1528
1538
1176
1546
1540
1523
1541
1540
1548
1527
1535
1542
1543
1538
1543
1537
1553
1538
1537
1539
1551
1525
1546
1542
839
1210
1540
1542
1543
1542
1528
1548
442
1517
1539
1543
1539
1544
1549
1536
1539
1540
1409
1536
1540
1539
1097
1544
1542
1546
1516
1543
1539
1542
1561
1541
1546
1545
1549
1550
1545
1540
1533
1540
1540
1536
1529
1055
1536
890
1546
1541
1547
1170
1536
1541
1542
1542
1539
1535
1540
943
1538
1238
1532
821
1543
1533
1539
1542
1426
1548
1530
1543
1542
1548
1540
1517
1538
1524
1536
1543
1549
1549
1540
1545
1534
1477
1543
1543
1536
1547
1545
1118
1544
1527
1526
1538
1544
1546
1551
1540
1531
1524
1531
1538
1544
1542
1548
1549
1550
1517
1542
1517
1538
1538
1543
1544
1529
1542
1540
1546
1541
1538
1539
1529
330
591
1552
1547
1545
1546
1538
1545
1108
1539
1544
1544
766
1502
1540
1543
1543
1533
1542
1543
882
1067
1543
1549
1545
1541
1542
1537
1540
1551
1530
1546
1537
1518
1547
1536
1532
1542
1543
1538
1536
1545
1540
1538
1542
1536
1545
1549
1535
1537
1226
611
1547
879
1545
1163
1545
1538
1543
1543
947
1548
1134
1546
1557
1544
1534
1546
1537
1522
1544
1516
1540
1547
1532
1532
1451
1543
1540
1540
1538
1549
1548
1542
1540
1543
1543
1541
1541
1539
1002
1533
1537
1546
1531
1546
1539
1534
911
1543
1541
1545
378
1539
1535
1539
1543
1545
1545
1541
1546
1549
1541
1538
1546
976
1536
1545
1538
1529
1393
1543
1544
559
1547
1527
994
1545
1536
1186
1539
1547
1548
1547
1532
1536
1553
1148
1530
1042
1549
1526
1544
1546
1543
1542
1545
1543
1529
1538
1546
1542
1544
1541
1539
1539
1538
1538
1547
831
1530
1208
1526
1545
1544
1532
1544
1536
562
1530
1548
1550
1534
1545
1548
1543
1545
1539
1540
1540
1543
1541
1547
1529
1551
1549
1545
1542
837
1531
1463
1537
1550
1544
1537
1544
1544
1538
1540
1543
1548
1396
1542
1544
1529
1542
1526
1538
1541
456
1545
1547
1539
1536
1417
1540
1546
1528
1039
1544
1507
1539
1518
1542
1547
1541
1515
1552
1546
1321
1545
881
1537
1533
1475
1546
1530
1536
1527
1523
1537
1532
1554
1540
1537
1545
1539
1548
1549
1547
1522
1534
1544
1034
1539
1539
1541
1531
700
329
1544
1483
1538
1533
1525
1548
1541
1548
1543
1531
1544
1546
1546
1529
662
1535
1535
1532
1544
1541
1536
1534
1543
1539
1547
1541
1528
1544
1542
1543
1550
1546
1543
1549
1533
1391
1542
1543
1546
1393
1542
1540
1535
1546
1547
1541
1521
1537
1544
1547
1501
1530
1544
492
1539
1542
1542
1528
1526
1539
1547
1551
1547
1541
1548
1548
1540
1544
1549
1505
1545
935
1541
1505
1533
1540
1532
1543
1527
1544
1540
1544
1537
1438
1534
1500
1529
1540
971
1553
1532
1543
1540
1544
1549
1546
1548
1149
1278
1533
1537
1543
1540
1547
1543
1544
1544
1546
1485
1546
1534
1175
1544
1541
1536
1535
1543
1567
1536
1543
1542
1543
1533
1244
1536
1541
993
1530
1540
1540
1546
1552
1544
1530
1545
1537
1538
1532
1544
1455
1546
1542
1531
974
1543
1536
1567
1542
1529
1547
1548
1549
1547
1540
1538
1537
1512
1544
1532
1549
1543
1545
1544
1547
1541
1540
1546
1551
1541
1539
1551
1548
1543
1525
1544
1547
1536
1527
1543
1526
1544
1522
1541
1530
1540
1132
1550
1546
1545
1541
1547
1537
1530
1520
1546
1540
1533
1529
1510
1536
1542
1525
1538
1545
1540
1543
1538
1546
1148
1542
1521
1548
1533
1537
1531
1545
1548
1548
1539
1545
1540
1538
1545
1534
1541
1543
1529
1121
1529
1547
1548
1545
1540
1548
1025
1543
1544
1537
1542
1539
1538
1543
1507
1232
811
1406
1533
1544
1534
1548
1547
1554
1544
1543
1543
1532
1549
1543
1545
1507
1539
1305
1546
1538
1545
407
1528
924
1545
1541
1539
1543
1546
1539
1263
1545
1540
1535
1536
1544
1542
1545
1539
1539
1157
1533
1037
1546
1531
1542
1549
1546
1537
1542
1528
1542
1546
1544
1547
1550
1545
868
1544
1540
1537
1543
1533
1542
1537
1539
1546
1446
1547
1553
1527
1546
1525
1547
1531
1549
1518
1540
1542
1543
1536
1538
1547
1543
1533
1050
1541
1538
1450
1535
1541
1543
1541
1547
1549
1547
1534
791
1543
1506
1528
1533
1544
1540
1554
1536
1541
1528
1541
1141
1510
875
1543
1541
1534
1539
1541
1542
1538
1548
1545
1541
1543
1539
1540
1542
1541
1552
1544
1542
1549
1528
1546
1541
1513
1538
1540
1542
1543
1541
1542
1536
1543
1542
876
1533
1156
1542
1542
1541
1545
1546
1104
1540
1547
1531
1546
1544
1537
1536
1525
1536
1518
910
1522
1529
1545
1542
1490
1085
1518
1102
1538
1544
923
1544
1544
1550
1530
1539
1538
1536
1556
1536
1536
1542
1544
1538
809
1535
633
977
1169
1528
1528
1547
1554
1539
1536
1542
1544
1537
1539
826
1543
1544
1536
1549
1104
1526
1534
1524
1539
1536
1537
1545
1546
1544
1543
1547
1144
1545
1545
