3013
3002
3002
2973
3013
2993
2984
2971
3010
2896
2295
3008
2985
2966
2999
2996
2975
2980
3024
2996
3003
2941
2976
2970
2952
2962
3011
3000
2989
3000
2445
260
3009
2981
2995
3008
3002
3003
798
2910
911
2985
2974
3013
2986
2989
1841
3012
2752
3030
1140
2993
2998
3005
2990
2992
3027
703
3010
3015
3032
3002
3013
3086
2974
2989
2985
2970
3002
2942
2947
2984
2984
3003
3001
3031
3025
2993
3027
2998
2987
2988
3058
2986
1996
2971
2950
2954
1827
2997
3009
2973
2988
2976
2963
2991
2950
3055
2988
3024
3004
3008
3025
2998
2991
2994
3022
2992
2975
3011
2962
3007
2982
3025
3061
3009
3028
2994
3011
2990
1398
987
2998
3005
3022
2971
2981
2982
2986
2970
3019
2948
3013
3002
3012
2945
2961
2935
2996
2937
2988
2993
2994
2994
3013
3006
2956
2993
2994
2998
982
3000
2983
3016
2999
3007
2995
3019
2980
2995
3014
2999
3077
3037
3032
3003
914
3011
2916
3003
2979
916
2961
2996
938
2207
2976
966
2984
2979
1544
2921
3076
2975
3000
3006
2668
1461
2972
2994
187
2988
2618
2997
1783
2949
1063
1959
2974
3000
113
2982
2968
2994
3012
2980
3016
2964
2974
3005
2997
2977
3005
2973
2999
2979
2992
2999
2740
2993
431
2964
1103
2972
385
2996
2997
2995
2983
2991
1241
3023
2984
3062
2984
2995
2840
2999
3004
3008
3009
2996
2991
2231
3008
2969
2973
1854
2971
2974
3012
2999
2984
2984
3007
2993
2951
2997
2805
2997
2976
2988
3018
3001
2989
3047
110
2963
3022
3010
2964
2343
3004
2684
3012
2975
2946
3000
1072
2987
2980
3006
2976
2980
2972
1449
2977
3015
2991
2964
2992
2981
2998
2993
3009
2997
2972
1222
3001
3003
2999
3016
3016
2998
2988
2978
3010
2983
2972
2995
2987
3012
2961
3001
3024
3015
2979
3001
3003
1868
2979
3011
2995
2992
2964
3010
2994
3011
2995
2939
2977
3013
3016
2974
1599
3007
3002
2981
2989
2995
2925
3005
2980
2996
2981
3024
2975
2916
2998
3000
2949
2987
2963
2984
309
3005
2950
3008
2994
2002
2994
2988
2983
2976
2996
3000
2989
2746
3009
2982
3016
2962
2974
2954
2992
3027
2982
2953
2168
3008
2993
890
2558
2989
2969
2980
3001
3019
2964
3007
650
2987
2964
3045
3009
2991
3024
3002
2979
2996
2631
2968
2983
2964
3009
3005
2997
3006
2979
3015
2959
2965
3001
2959
2954
1175
756
2997
2974
3019
3017
2732
3020
1485
2991
2962
3011
2984
2986
2996
2926
2876
1091
3006
2992
1837
2995
2966
3002
1043
3000
642
867
3003
2999
2966
3027
3032
3008
2970
3003
2978
2954
3002
2996
3010
2994
2986
2995
2983
2975
3000
2969
2983
2999
2561
3000
3014
2614
2989
2994
2956
2981
2946
2975
3006
3013
2986
3012
3015
2980
2985
2992
458
3001
2991
3007
218
2944
2543
2992
2494
2879
3008
2973
3000
2961
3001
3015
3007
1970
3005
2984
3016
2999
3022
2978
2973
2930
2945
2986
2986
2970
2958
2982
1940
2907
2967
3010
2981
2966
3022
2909
3005
2974
2138
2952
3003
2963
2986
2989
2996
2943
2997
2629
2988
2967
2998
2994
2948
3031
2971
3082
2995
2987
3020
3010
2952
3021
2942
2961
2033
2964
3001
2982
3015
2993
2979
3000
2703
3003
3021
3002
2964
1789
3020
2993
3010
3000
2986
2979
3029
2999
3000
2956
2992
3001
764
2983
3017
2976
3010
3008
2972
163
2989
2992
2974
3003
2986
2989
2973
3012
2974
2974
2991
2998
383
2989
463
2991
3012
2966
2985
2989
2964
1554
3010
3016
2902
2971
2926
2440
2988
2941
3005
2986
3009
2999
2991
3001
2982
3006
2975
2992
3014
1083
2992
2950
2977
2976
3002
3017
2994
3065
2997
2982
938
2969
2991
2930
3024
2989
2994
2998
2621
2981
2952
2989
3065
3006
2986
3012
2973
2038
3014
3003
3029
2970
2992
2994
3068
3009
3000
627
3001
2975
2996
2991
2991
2917
3007
2984
2997
2964
2968
3001
2980
3011
2947
3000
3022
2972
3010
3005
2983
2969
2994
2973
3023
2977
3054
2999
3010
2992
195
2969
2980
2963
3004
2988
2802
2922
2987
2989
2990
2983
3005
2964
2958
2990
125
3018
2907
2944
1038
2958
2966
2980
3008
3024
3010
1584
3000
3045
2990
2989
3004
2962
3029
383
3032
3007
3006
2978
2992
2980
3002
2978
3005
2985
2991
3010
2591
2982
305
3011
2970
2972
2986
3018
2952
2994
3004
3006
2991
2960
3006
3012
2943
2985
2993
2481
2931
3002
2994
3005
2988
2984
2996
2428
2807
2979
2975
2997
2943
2983
3020
2304
2984
2974
3000
2981
2975
3025
2982
2968
3016
2975
2975
3007
2971
3014
3025
2985
2981
2929
2365
3024
2874
2978
3001
282
3024
671
3020
2947
3005
2966
2990
2972
3020
2967
2979
3023
2958
2888
2984
2965
2459
3001
2976
2982
3006
2956
3000
2993
2599
2995
3006
2947
3023
2946
3021
2970
2976
3021
2558
2972
2986
2989
554
3002
2996
2981
2992
2990
2998
1870
2972
2981
2953
2966
3019
2975
681
2921
2991
2987
2997
2982
2974
2963
3004
466
3008
3010
3007
2976
2985
1326
2988
2998
2962
2995
2985
2989
2971
3009
2975
3005
2962
2972
2979
2985
2970
3017
2914
829
3003
3007
2999
2964
3020
2962
3004
2976
2985
2729
2977
2932
2963
2988
2985
2961
2991
3016
2948
2990
3002
3010
3011
3032
183
2989
2973
2985
2994
2984
2995
2993
2990
3020
2988
3034
2991
3025
2990
2978
2993
3009
3003
3026
213
2764
2801
2973
3092
2985
3062
406
3005
3047
2678
373
3017
2999
2962
2970
2928
2956
3006
2984
3001
2981
2980
3000
2998
3010
2988
2988
2984
340
3012
3004
2988
2586
2962
459
2982
2985
2917
3013
2986
3021
3000
2991
3026
2962
3008
3012
3008
2964
2781
3021
2999
2998
1229
2949
2998
3003
1600
2982
3005
2999
2995
2956
2982
3024
2979
2972
2988
2984
2962
3009
3011
3010
2931
2971
2989
2930
2964
2993
2992
2954
1289
2981
2973
2976
2994
2979
3010
2993
3000
3005
2956
2991
2981
1698
3007
2965
2928
2995
2961
2979
2997
2952
3013
3024
2986
2905
2990
2975
2980
917
2991
2964
2965
2981
3021
2984
3003
2981
2994
2995
2992
2972
2991
3003
3014
2862
2993
270
2996
2996
2962
2922
2956
2993
2774
1445
2982
2354
3032
2989
1317
3060
3020
2988
3005
2992
2997
2990
3007
2998
3012
746
2988
2972
2999
2982
1901
244
2980
2991
2991
2949
3013
3014
2872
2972
2990
2971
1252
2967
1624
3002
2991
3056
952
3005
1975
2983
3020
3008
3017
1966
2991
2998
3049
2990
2974
3008
3011
2968
3008
3011
2989
2999
2976
2998
3018
2997
2875
2948
2985
2981
2989
2988
2951
3007
3013
2573
2978
424
2998
2965
3072
3008
2413
2996
2992
2303
3027
2997
2964
2986
2949
3004
2989
3000
778
2988
1016
2948
3000
2967
1847
2956
2988
2967
2997
2988
2992
2998
3030
3013
2979
2991
2966
3057
2997
2994
3023
2974
2300
2995
2973
2991
3016
3019
2955
2640
2997
3005
3018
3057
2956
2969
2996
2967
2962
3009
1927
988
2980
2979
2999
2959
2992
2965
3004
3001
1896
3043
3068
3001
3015
2996
2963
2927
2984
3006
2991
2911
202
1673
2975
2995
3006
3015
2989
2952
2963
2983
2987
3016
2982
2983
2081
3007
3003
2985
2981
2997
262
1724
2994
2992
2997
1936
2987
2988
2971
3002
3001
2964
2992
2210
2999
2652
2923
3024
2989
3022
2979
3013
2961
2992
240
2962
3011
3002
3000
2986
2994
2991
3003
2977
2970
2985
3018
2982
2968
753
1021
3004
3000
2984
2978
3003
3011
3026
2974
2975
2980
2987
2977
2973
2962
2977
3000
3002
2983
2997
2978
2971
2779
2989
2971
687
2985
3028
2966
2972
3008
2968
2971
2994
2984
3008
3003
2993
2875
3011
1644
842
2990
2967
2974
3002
1121
2992
2975
3009
2987
2983
2981
2231
2995
2957
3026
2998
2915
3003
2990
2952
2977
2925
2952
2991
2967
3014
2988
219
3005
2972
2979
3001
3011
3014
2978
2988
2998
2996
786
2974
2984
2989
2964
2968
3004
2992
2998
3005
2966
3011
2788
2980
3022
2985
2971
2995
2963
3015
2957
2980
2972
2986
2993
3015
3000
2877
3005
2985
3003
3014
2929
2972
2960
3069
2999
3004
2834
3006
3002
2971
1068
2975
2986
2885
3024
2992
2995
2969
2996
3005
2993
3021
3007
3002
2910
2939
2947
2984
3001
2930
2953
3009
2973
2974
2988
3006
2817
2978
2955
2985
2997
2994
1474
2995
2994
2965
2998
3081
3019
2984
2982
2942
2994
3028
2980
2997
2980
2565
2958
2957
3004
3003
2949
3012
2997
2985
3017
3001
3009
2994
2997
2996
2922
2962
3041
225
2967
3063
3032
2975
2569
2999
2986
2994
2986
3006
3016
2987
2978
3005
2995
599
3001
2976
3016
2998
3009
2016
2962
2991
2972
3004
2968
2998
2968
2974
2959
2977
3030
2982
2994
2942
2970
2978
2980
2990
2997
2287
2984
2985
2915
3029
3006
1570
2979
3013
1352
2507
3020
2437
2997
2932
3003
2927
2978
2995
2986
2967
2936
3004
2756
3022
2978
2983
3004
2993
424
2999
2594
2980
2972
3016
3004
2950
2983
2995
3005
2932
3004
3007
3010
2991
2972
2982
2985
3014
2992
2973
3001
3018
3002
2905
3025
2984
2904
2969
2988
2988
871
3007
3086
2917
2997
2974
2995
3003
2960
3006
2995
3007
3037
2996
2991
2991
3006
2976
2956
2989
2970
2968
3043
2962
2959
2989
3022
2965
3004
2939
3016
766
2958
3007
2986
2976
2991
2984
2211
2966
2973
2751
2966
2993
3019
2992
2375
519
2774
3011
2998
2998
2353
2998
3012
1704
2968
2990
3014
2949
3003
2988
2695
3001
2991
3003
3049
3002
1816
3020
2950
3006
2962
2935
3032
2756
2941
2990
2965
2995
2975
2994
3032
2981
3018
2986
2967
3021
2904
3022
2961
2965
2986
2997
3006
3021
3021
2995
2979
2995
3011
3002
2987
2951
3005
3000
2958
2998
2970
1251
2994
2976
1510
2978
2977
3023
2967
2998
3003
2875
2980
2990
2919
2977
3030
2418
2984
2981
3019
3006
2998
2992
2979
2968
3003
3002
3011
3006
2991
2993
3023
2990
2970
3007
3002
2963
2954
1891
3023
2999
2958
3024
2989
2993
3006
2981
2946
2983
2995
2987
3006
2996
2984
2985
3064
2984
2937
2985
3041
3016
2308
2961
2988
2704
2994
2507
2982
2970
2972
3017
2967
2348
2953
2957
2307
2991
2395
3032
2974
2984
3004
2986
2965
3004
2998
2958
2987
3013
2997
2971
3007
2979
2989
2995
2515
2976
3007
2952
3007
2966
2994
2978
3004
2961
2924
2984
2966
2985
2966
558
2962
2971
2990
3000
2980
2988
2966
3012
2989
2968
2998
2981
2985
2957
2981
1839
2953
2935
334
3013
2985
2989
3018
3012
3010
2961
2985
3071
2988
2947
2928
3022
2982
2997
2973
2996
2999
2981
2783
2973
2982
3006
2968
2977
2762
3001
2991
1619
3005
2963
1704
2992
3013
2991
2983
3001
2982
1782
3006
2975
2935
698
2993
2982
3000
3005
3000
2977
3006
2960
2996
2978
2982
2951
2955
3006
2994
3008
2969
2991
2072
2993
2720
3001
3008
3012
2974
2998
3043
2974
2976
2990
2897
2748
2967
3005
3015
347
3031
2955
3011
2886
1135
2997
2931
2981
3057
2971
3025
2965
1782
2912
2966
3011
2985
3016
3017
2138
2968
2995
2946
2998
3005
2578
3004
1828
2970
3004
3014
3000
2969
2902
3000
668
3017
3007
2981
2971
2984
3004
2991
2948
2989
2981
3010
3054
3003
2987
3002
3003
2996
1872
2987
2998
2963
1122
3015
2973
1513
3001
2972
2995
2994
2903
3020
139
1748
2992
2968
2968
2936
2990
3015
2993
3002
3000
2965
2978
3001
3005
2983
3016
2985
2959
3018
2981
2974
2982
2972
2983
2997
1731
2995
2993
3017
2978
2116
3023
361
3000
129
3010
2995
3026
2966
2952
2979
2997
2920
2779
2972
3000
3028
1982
3013
3008
643
2991
1554
3011
419
2974
2999
2983
3005
2992
2999
3079
2989
2767
2567
2914
3012
2975
3006
2960
798
2822
2968
3000
3011
3008
2964
3033
2998
3058
2990
3005
2989
3004
2960
2978
922
3007
1932
2954
3004
3004
2933
2994
3007
2996
2983
3047
2770
2959
3008
2996
3013
2983
3005
3011
2998
2985
3011
2988
2966
3003
3000
3004
3022
2962
2185
3009
3011
2982
3008
2991
2953
2987
2994
2991
2976
2467
2933
2986
2992
2981
2990
3012
2975
2986
3011
2971
3015
2212
3009
2994
2986
2995
2963
3014
2990
2959
2537
1387
2977
2987
3027
2214
2953
2981
2989
3004
2983
3008
2945
2967
2825
2975
2982
2989
144
2999
2996
2971
2992
3033
3009
2787
3005
2949
2993
2972
2888
2990
2943
3001
3004
2985
2985
3021
3003
1615
3014
2441
2678
2973
3007
3006
3011
2999
3018
1137
2968
3006
2451
3005
3007
3003
2974
2974
2979
2985
3002
2990
2977
2963
2989
2793
3003
3004
2963
2990
2983
2982
2948
2941
3024
3001
2958
3009
2995
2999
2995
3004
2975
836
364
2988
2985
3015
2998
2992
2999
2983
1346
2991
2958
2989
2948
2408
2965
3002
2963
2981
3092
3010
2957
2991
3017
2998
2973
3005
2993
2959
273
2966
2872
2990
3004
2974
3009
2887
2992
2117
2957
2483
3008
2985
3023
2998
2759
2996
2926
2991
2910
2994
2914
2975
2972
2867
2988
2996
2985
3001
3015
3015
2990
2955
1822
3018
2293
2993
2997
2991
2986
2971
2993
3026
3004
2943
3006
2985
3025
3011
2990
3010
2972
2984
2999
2996
3005
1376
2970
2990
2995
2998
3000
3023
2948
2992
2942
2999
3011
3004
3008
2990
3011
3012
2960
2980
3002
3000
2992
2998
2913
3021
3013
2992
2995
2972
2985
2990
3005
2979
2991
3000
162
3091
2980
2968
3022
2974
2993
2991
3008
2991
3005
1873
3006
2072
3011
2969
3019
2983
2996
2966
3017
2928
2955
2982
2994
2966
2875
2958
2421
3005
2998
2985
2955
2990
2994
385
2984
2979
2973
2924
2989
321
2996
3000
2978
2997
2969
2993
3002
3002
2988
3025
2969
3013
2950
3073
2986
2973
2992
2986
2788
2968
2996
2975
1461
833
2973
2999
3006
2988
3010
2983
3018
3003
2996
2985
2974
2977
2953
2983
2985
2974
2994
2957
1617
3026
3008
2945
3001
1906
2991
2987
2987
2999
1756
2999
2975
838
2564
3015
2970
3000
3012
476
2921
3014
2976
143
2983
2929
2993
2994
2998
3020
3004
2999
2986
3017
3004
2981
3004
3013
2966
3002
2993
3013
3019
3023
3005
2678
3018
2956
3003
2980
3011
740
2979
2960
2982
2985
3004
2996
2992
2993
2980
2948
2987
2975
2977
3035
3003
3007
2999
2328
2981
3008
2996
3045
3001
2313
2979
3024
2974
2997
2945
2846
2620
2972
2989
2985
2955
2851
2982
2973
2960
2963
3037
3015
2952
2981
2988
2991
2983
1192
2955
2973
2947
3017
3018
2998
2993
2994
3013
2997
94
2981
2988
3011
2833
2976
3001
3015
1216
2956
2989
2996
3018
2987
2990
805
2102
231
2937
3004
2816
3000
765
3010
3000
2961
3014
3008
168
2974
1264
474
3007
2998
2946
3013
1798
2984
2998
2999
2956
2973
3005
2985
2967
2986
1841
508
2762
2935
2993
2936
2958
3000
2988
3018
1817
2977
2983
3005
2774
3001
2994
2156
2992
2981
2997
2949
2965
177
3002
2980
3022
2972
3005
2992
3009
2983
2973
3000
2484
3020
2975
2952
2987
2977
2955
2977
2955
2982
2995
2997
2979
2997
2994
3008
3068
3003
1595
2996
2976
2987
2836
2953
2975
3010
2972
3014
2996
2982
3052
2997
2974
1107
2971
2997
3001
3008
2988
2953
2988
1013
2979
2979
3011
2994
2993
2980
3020
2994
2970
2960
565
2966
2864
2958
2845
3031
2467
3008
3091
2820
3077
369
2994
2987
2987
2977
3003
3005
2968
3008
2992
213
3006
2123
2968
2996
3013
2999
306
3010
2995
2992
2982
3003
3001
2965
3024
2977
2996
2957
2988
2631
2996
3002
3020
3019
2986
3013
2976
3026
2985
2998
3003
2241
2998
2985
2985
3008
2989
2995
502
2472
2999
2979
2950
150
3004
3003
2557
3027
2882
3013
2971
3008
3014
3006
2993
2966
2986
2976
528
2977
2988
3001
2983
3005
2927
3000
2989
2739
2985
2995
2966
2995
2963
2922
2985
2969
2951
2992
2953
2951
1707
2996
3018
2935
3006
2998
2983
2408
2975
2981
2967
3021
3017
2989
2985
3033
2983
2954
3040
2979
1930
3018
2395
3016
2640
2999
2971
3006
2606
2965
3012
3008
3006
2984
2989
2998
2988
188
2991
2961
2998
2971
2986
2996
2957
106
1387
2994
3005
2979
2958
2988
3015
2988
2991
1414
3042
255
3004
2966
3011
2114
2998
3010
3027
1497
2970
2941
2968
2987
2969
2990
2973
2970
3019
503
271
3000
2981
1113
2643
3009
2973
3014
1524
2986
2982
2990
3011
2973
3020
2997
3001
2982
3017
3003
3020
2964
2993
2948
2996
2974
3003
2987
2986
2981
2991
118
3003
2961
2997
3027
3001
2841
3014
2976
2958
3003
3010
2979
2981
3006
2938
771
2969
2995
2971
2987
2960
3001
2956
2996
3026
3003
2983
2977
3009
3006
2963
1936
3009
3003
2291
1476
3007
2828
3044
3013
2974
2991
2998
1448
2991
2996
2988
1288
1913
2962
462
325
2961
3008
3001
2987
2993
2985
2984
2649
2747
3012
2973
3046
2983
1494
2989
576
3017
3013
3014
2995
2991
3003
2996
2977
2976
3001
3017
2998
2984
2984
3001
2949
3070
1041
2989
3014
3002
2984
2977
2997
2992
2975
2980
2993
2985
3011
3010
194
2975
2967
2981
2900
2278
2993
3017
2971
3005
2981
3015
3005
3017
2966
2964
2770
2999
2960
2959
3001
2990
1247
3003
2985
3012
2989
2954
2947
2996
2895
3018
3019
3018
2973
2985
3003
3011
1072
3037
2996
2996
3007
1660
2971
1275
2990
3015
2967
2985
3001
1606
2992
725
2995
2606
2926
3003
3024
2998
2974
2951
2986
2430
2997
2991
2957
2995
2987
3003
3007
3054
2204
3026
1047
2937
2897
2991
3010
3013
3019
2955
1367
3001
2954
2978
3005
2968
3005
3002
3002
2969
2927
3029
2995
3017
3023
3011
2518
3019
2974
629
2997
3000
3005
2949
2980
2944
3013
2996
2966
2995
2976
3008
3009
3007
2938
2966
3024
2985
2951
2990
2979
3003
3028
2982
2997
1424
2963
3002
947
3003
212
2479
2978
2972
3007
3024
2988
2985
2958
2611
3010
3014
2987
3021
187
2975
2770
3008
2989
3001
1072
2985
3002
2994
2961
2978
2983
3008
3012
2982
3009
2962
2991
2978
2992
2954
2946
3015
3033
2970
3007
2985
2994
2989
2981
2986
3017
3008
2998
2985
2991
2988
2979
2961
2218
2956
3022
3014
3017
3006
2998
2998
2996
2992
214
2963
2966
2997
3012
2981
3004
2997
3005
2997
2630
848
2627
2997
3000
2982
2941
2972
2999
3060
2994
3013
2983
3011
3015
2972
2989
3005
2920
2549
3004
3007
2990
2676
2992
2993
2916
782
2993
3011
2998
2973
2982
2993
2991
1819
3062
2986
2992
2994
3002
2999
2482
2966
2989
2989
2984
2872
1518
3007
3002
1720
3003
2979
2961
3082
2986
3000
2985
3008
2980
2989
723
2501
1795
3013
2963
2992
3001
2969
2994
2979
2983
3028
2983
2989
2993
3007
2999
2999
2944
2964
2994
2934
2946
3012
3018
2498
3029
2973
2992
2967
2962
2976
2783
2998
2994
2981
2993
137
3057
3001
2960
3003
2957
761
2993
2998
407
2969
2962
2989
2991
3005
2980
2984
2982
3016
2924
2999
2976
2979
2957
652
1727
183
3021
2992
2992
3023
2998
3001
2980
3021
2962
3032
3021
2962
3014
2999
2982
1191
2990
3014
2998
2968
2908
2967
2989
3010
2973
2976
3014
3003
3012
2997
3006
2998
2958
2985
2992
2992
2999
2996
2858
2974
2999
2997
2976
2965
753
2969
2993
3005
3022
3011
3014
3002
2980
2988
2808
2989
3021
2999
2989
2981
2990
2988
2968
2959
2994
3000
3004
3018
1128
3008
3001
2963
3002
2987
3009
2675
2985
2989
2998
3003
2985
3025
2995
2982
2957
2994
2989
2989
2994
2959
2993
3008
3005
2989
3036
2975
2991
3008
2995
2958
2961
3013
2985
2950
2946
3007
2985
2971
3028
3020
3046
2980
3055
2999
445
2977
2988
2920
2976
2989
2997
2998
3001
2982
2878
2986
2946
3016
3017
2943
1144
2994
2994
2994
2988
1374
2989
2587
466
2965
3020
2988
2611
3005
2472
3010
3001
2980
2985
2979
2990
2978
3022
3014
657
3011
2997
2981
3001
2993
3008
2959
3011
180
2990
2946
1550
2986
3012
2548
2991
3043
2949
2993
2955
169
2944
3022
2996
3014
2908
1367
3073
2967
3007
2959
2990
2995
2992
3001
2975
3106
2988
2989
2535
2967
2987
2996
2984
3023
3010
2989
596
2985
253
2997
3015
2991
2979
2300
2996
2980
2976
2994
3004
813
3032
2981
2993
2959
3003
2882
2983
2993
454
2963
3023
1881
483
2953
2980
2960
2994
856
365
2981
3012
2998
3007
3008
2977
2980
3001
2992
3009
2991
3001
2987
2995
3002
2989
2963
2983
2663
2966
3023
2967
2981
3012
2991
2755
2980
2996
2985
2985
2994
2997
3011
2972
3013
2993
2972
2993
2921
2984
2988
3004
3011
2995
2994
2988
2996
2990
2440
2983
2988
2998
3018
2972
2990
2935
2995
3002
2996
2923
3026
2983
2986
2968
2984
2392
3027
2998
2983
3008
2962
2987
2823
3007
2994
3016
2999
3036
2413
2952
283
2947
2135
2904
2984
1255
2995
2990
3002
2980
2934
3007
2985
2995
2979
2983
2962
2964
3016
3015
2972
2961
2991
2973
2976
2996
697
3013
3003
3013
2997
3003
2946
2759
2998
3031
2967
2979
2989
2974
3058
3017
3004
2988
481
3000
2997
2971
2988
3005
2998
2975
2977
3003
3087
2995
3011
3029
2946
2975
2931
2500
3009
2978
384
2999
2939
2983
2989
3008
2983
3006
2999
2332
2994
2985
2990
3004
3010
2983
2842
719
2980
2948
3018
2933
2976
2970
2990
3004
2952
3017
1744
2990
2979
2992
2984
2980
2993
2976
2987
3000
2934
2995
2972
3006
3003
2991
3005
2962
2953
3000
2956
2978
3015
2970
3016
3017
2980
2532
3000
2964
2988
3011
1192
2979
2915
2958
2985
2997
2964
2960
2996
3002
3010
2990
2964
3007
477
2976
2990
2983
2990
2841
2983
3011
2165
2995
2981
2972
3004
3003
2986
2997
3003
2928
2961
2965
2983
3017
2991
2986
1591
2958
3010
2991
2994
2983
2009
3027
3014
3013
2990
2975
2993
2962
1516
2478
2992
3013
291
3005
2970
807
2785
2717
2924
2977
2990
3026
2187
2993
2992
2979
2658
3004
2981
2989
2980
2701
1591
2981
2937
2990
3000
3001
2996
2441
2963
3010
2991
3002
3015
3010
2942
2968
3069
3008
3027
2987
3006
2973
3011
3025
2992
2998
2964
2986
2996
2981
3014
469
2978
3001
3004
3002
399
2979
3023
2982
2212
2997
774
2953
2975
2986
2985
2990
2984
2979
3010
3013
3020
3001
2994
3020
2973
2932
3008
3002
2960
2986
555
2988
2999
2993
2450
2963
3010
2986
3036
2999
3019
2987
3003
3006
3000
2963
3004
2979
2986
2990
3001
2985
1684
3007
2948
2990
2992
2993
2983
2989
2963
3006
3005
2968
1518
2992
3006
2990
2962
821
2977
2994
3017
2995
3006
3001
2997
3014
2991
2979
2976
3005
3012
2994
2331
3005
2954
2983
2959
484
2958
2985
2975
2750
2977
3010
2994
3005
2958
3026
2423
2623
2971
2971
3011
2975
2966
2992
3015
3001
3007
3063
2992
2223
3015
2980
2996
2962
2997
2986
3003
2963
2639
2994
3008
2960
3009
2973
2994
2998
2992
2990
2991
1184
459
2973
2977
2989
386
2979
2992
2971
2966
3009
2999
1756
2970
2974
3004
2971
2638
2994
152
2466
2965
2594
2973
2948
3003
3016
3021
589
2974
1977
2965
2985
2982
3067
2988
2326
2997
2147
2999
2877
2976
2965
2987
2558
2978
2964
2974
2977
3004
3000
2998
2956
3013
2994
2900
1309
3008
3001
2996
1576
2187
3046
3003
2937
2527
3006
2402
2983
2998
2999
3013
3001
2987
1303
2986
2974
3005
3013
2987
2987
2950
3003
2969
2999
2994
2924
3011
2964
3008
1299
2978
2767
1786
2963
3011
2998
2983
2985
2880
875
2997
2991
2967
3024
2988
2979
2932
3010
2993
2975
3020
2998
2988
2996
2946
3028
2996
2996
2998
2361
2947
2993
2990
3024
1119
2978
2989
2999
3004
2975
2982
2984
3031
2969
2991
2985
2991
2978
1926
2985
1280
3072
2983
2996
2948
1192
2565
2963
2979
2948
2994
1405
2902
3000
2948
3006
2991
3017
254
2970
2982
2950
2995
3009
3004
2972
2996
2979
3010
2975
2981
2996
2999
2992
2997
3080
2540
3018
3040
3015
3074
2968
3019
2986
2954
267
3034
3013
3017
2990
343
2997
2996
2976
673
2978
3007
3014
2984
2977
3025
3008
3013
2990
3005
2970
2982
3016
2956
521
2992
1163
2374
2998
2994
2963
2983
3003
3001
2989
410
3000
1087
2991
3006
2938
3003
2974
3013
2959
3016
266
2966
2997
3006
2993
2484
1175
3006
3023
2974
3010
2991
2999
2976
3002
2948
2997
2987
2981
2980
2998
2992
2996
2997
2999
2972
291
3017
2990
2985
2963
3001
2857
3016
2970
2425
2966
2962
3025
2992
2973
1942
2982
2994
2985
2999
3012
2992
2983
2983
3017
2971
3011
2983
771
3016
148
2985
2995
2976
2988
2983
2977
2992
3014
3000
2983
2948
3001
3034
2978
3016
352
2975
2971
3003
3008
2994
2999
2967
3019
2945
2996
2986
2988
2997
2960
1344
3005
2998
2983
2973
650
2994
3023
1737
2989
1847
2963
2981
2989
3000
2985
3017
2978
2601
3008
1411
3008
2939
2973
3040
2995
609
3002
2966
2972
2951
2985
590
3012
3023
3006
2987
1543
2979
2947
2972
2967
2979
3004
3010
2978
2975
1844
2955
3001
1297
2983
2976
2995
2927
3044
2966
2990
3010
3009
3001
2997
2918
3004
2993
3004
3008
3004
2992
3020
2966
1232
2864
2992
498
2972
2984
3010
2995
2996
622
2992
2853
463
882
3008
2964
2304
2974
2978
3000
2991
2631
2992
3015
2966
3002
2994
2983
2995
2935
2949
3004
2999
3025
3013
2972
2975
2958
3006
2992
1189
2995
2971
2954
3003
326
3005
2986
2978
3025
2961
2993
2974
2963
3003
3029
2992
2976
2891
3004
3010
2901
2996
2986
2896
1019
2971
3002
2980
2978
3010
2975
3020
2996
2137
2997
2973
2974
3001
2980
2987
2992
2992
3008
2856
2988
2995
2996
3014
2490
717
3008
2968
3003
3065
2999
528
2980
2431
851
2997
2984
2915
2997
2990
3007
303
2544
3003
2977
2988
2994
3014
2974
2967
2975
3014
2993
2964
3003
2949
2973
2983
2974
2957
1049
2968
2997
3023
2965
2970
2234
3008
2508
2966
2986
850
1476
2991
2988
2997
2996
2983
3014
2000
214
2952
2987
3050
2991
623
3007
2996
2983
2989
2946
2957
2974
2949
227
3013
3020
3009
506
3024
2999
2995
2990
2929
2765
3006
947
2995
2971
3018
532
372
2975
2976
2996
206
2767
1431
2978
2983
2981
3017
2411
3010
2964
3026
3007
3003
2965
2991
3009
3069
2986
2645
2985
2990
2978
2774
3003
2995
3006
2981
2985
2976
2917
2382
3017
2993
2954
2995
2972
2976
3018
2974
3005
2986
2990
2974
2946
3017
301
2947
2881
2971
2995
2993
2989
3009
3028
2663
2990
3009
2995
2878
3012
3009
1772
2995
3010
2979
2988
2996
2963
3025
2985
3005
2990
3000
2999
3001
3004
3001
2973
3000
2522
3017
2938
3003
2982
2991
2951
3014
2985
2999
2976
3048
2987
3003
2992
2991
2995
3015
2997
2988
296
2945
2990
3010
2981
1953
2971
2825
2979
2986
3006
2981
2916
3001
2980
2999
2973
3009
2984
3048
2937
2997
3030
2708
2987
3018
2235
2970
2340
2973
2997
3004
3002
2987
2993
2954
3000
3006
2991
3002
2019
2983
2973
3014
3013
2896
2986
2997
2998
1565
2741
3070
2987
2968
2997
2988
2980
3024
2969
3006
3031
3000
3004
3021
3000
3061
3006
3028
3004
2821
2213
2939
2993
3006
2987
3004
2963
2980
3017
2954
2971
2999
3004
2985
2988
2987
2999
2988
2986
2983
3005
2984
2985
3009
3007
2980
3003
2952
3016
2981
2668
3013
3046
2994
3018
2998
1618
3019
1860
2995
2787
3008
531
2976
2971
2966
2996
2987
2993
2977
2972
2984
2979
2972
3001
2966
3008
2992
2992
2461
2950
2995
2993
2971
2974
2991
2985
2996
3004
2957
2981
3005
2790
2978
2994
2996
2989
2863
3009
2988
2993
2966
3001
2940
2978
2238
2937
3009
2986
3016
2978
407
2972
2996
2995
609
3002
2978
3001
2985
3013
2998
2944
2995
2988
2989
1509
2993
2986
2987
3000
2964
1587
2979
696
2971
2997
3016
2994
2976
2999
927
2990
3010
2994
2995
2933
2942
3003
1681
2987
3002
2986
2955
2991
3052
2991
192
3003
3006
3002
2993
2983
2086
2986
3021
2981
2965
2759
3016
2975
3016
3016
2982
3010
3002
3008
2989
2981
2970
3011
2996
644
2984
2961
2991
2993
2980
2972
156
2998
2978
2990
3025
2994
3007
3015
2984
2995
2953
2986
3002
2765
3008
706
2986
2992
2962
3011
462
2962
2946
2993
2981
2993
1500
2991
3000
3039
2992
2994
3009
2970
3011
2980
2986
3000
2987
3000
2977
2979
2989
3000
3005
2987
3010
2959
3005
2980
2961
2958
2902
3040
3010
2993
3009
2970
3001
2957
2982
2997
2915
2083
2962
2982
2997
2966
3030
2989
2977
3004
2898
2965
903
2947
2980
2998
3002
2971
2954
2930
2961
2961
2926
2997
2993
2981
2992
2985
3002
2981
3000
3010
2982
2953
2993
2976
3009
2944
2971
2945
2970
2925
3004
2953
2996
2998
2973
2856
3005
2988
2996
2993
2998
2983
2995
3017
2944
3020
2953
2026
3017
2975
2940
2746
2933
2964
2999
2960
3036
2991
2982
3003
2967
2999
2991
2973
2986
2971
2932
2995
2996
2987
2983
674
2992
2988
2981
2939
2999
2999
2984
2998
2989
2955
3001
2988
2983
2971
2970
3028
3013
3004
1777
1274
2964
3010
219
3009
2981
2982
3059
3011
3051
2992
2990
3011
2994
3004
2957
370
2996
2998
2998
2918
730
3006
2988
2979
2985
2992
2993
3008
2995
2856
2908
2990
2980
3000
2898
2956
2997
3009
2987
1861
3000
2984
2997
3017
2978
2972
2959
3011
2992
3011
778
2866
2979
872
2997
3028
3018
134
2983
2944
2987
2987
3022
2985
3018
2363
2983
3019
2979
2990
263
3009
2956
2990
3006
3003
2123
3013
2994
2997
2966
3003
3036
3007
2992
2939
2989
2933
2991
2990
2890
2967
2965
2967
2972
3008
3011
2997
2998
3006
1535
2984
3000
2993
1700
2987
2991
2992
3007
1130
2968
3000
2992
2987
1170
2945
2800
2983
3012
3090
3011
2978
3071
770
1998
3013
2921
2777
3003
2993
2587
3027
2922
2982
2966
3061
3016
3005
2997
2988
2989
3006
2936
2589
2498
3004
3005
2987
2996
2102
2948
3005
3005
2994
2997
1576
3002
2808
2996
3013
2974
2999
2987
2991
2997
1456
2992
3003
473
2993
2998
1407
2980
3004
922
2979
216
3012
3000
2969
3006
2965
2972
2975
2981
3003
171
3001
2985
2997
2989
2970
3065
2976
2990
3012
2973
2998
2983
2976
2961
3004
2940
2989
2875
458
2999
2976
2987
2986
2987
2995
1538
2988
3019
2990
3012
2997
2893
2981
2986
3004
3014
3005
2976
2972
2972
217
3011
2981
2919
2990
2981
2997
2980
2995
2969
2995
3025
3028
2996
3004
2993
3017
2974
3006
2990
2996
2996
2952
2987
2972
2995
2995
546
2955
3002
2974
2986
3002
2999
2990
3001
1253
2993
2946
2989
3001
2999
2977
2998
2939
2988
704
1980
2340
2979
2982
2990
2963
2984
2967
3006
3006
2991
2902
789
2983
2976
2980
2989
2920
118
3003
2907
2986
2979
3004
2945
1643
104
2954
2990
2980
2983
2959
2979
1875
2987
2988
3010
2996
2985
2060
3005
1112
2996
2950
2978
2985
3016
2952
3015
2943
2997
3018
3004
3014
2965
2982
3029
2999
2990
2976
1456
2992
2990
2979
3029
2981
981
2968
2979
3015
2330
2958
2971
3003
2990
2950
2963
3001
3010
2994
2992
2982
2999
2994
2996
3016
2985
2995
2970
3016
2955
2989
2957
2994
2977
2976
3003
2810
2970
2989
2994
2950
2997
2970
3002
2714
3044
2944
2980
2977
2951
2994
2976
2989
2970
2996
2973
3000
3001
2997
2985
2939
2978
2300
2992
2982
3004
2987
2963
2987
2973
3007
2348
2988
2931
2988
2996
218
2809
2097
2980
2993
2982
2981
2984
2996
2966
3033
3008
2991
2964
3003
2992
2986
2976
2974
2991
325
2993
3009
1973
2988
2980
2977
2201
2988
2966
3018
2988
3012
3003
3012
2979
2981
3016
2934
2962
2965
2561
3001
3013
2513
3017
3014
2980
2951
2980
403
2975
3009
2944
453
2994
2971
2980
2975
2993
3035
2988
3004
2712
2996
2994
2953
3017
2503
2995
2685
2985
2969
2999
2984
2991
2985
3011
2997
3003
2996
3021
2972
2997
351
3002
2969
3013
2991
2964
3031
2994
2987
2990
2998
2968
3011
2987
2969
2987
2991
2987
2970
2987
3006
2975
3001
2987
2971
3006
2967
2998
1020
225
2975
2967
2972
2950
2996
2983
2956
2974
2975
3020
2981
3000
2989
3009
2994
3003
2985
3055
2986
2160
3004
3005
2135
523
3022
2937
3002
948
2976
2969
2982
2984
2984
2990
3016
2965
1427
2998
3067
3011
2979
2991
2989
3009
2929
197
2967
3072
2980
2967
3013
2981
2997
2988
2989
3000
2963
258
2976
3017
3039
2980
2990
349
2960
2993
2982
3039
2988
2938
3008
2975
3004
2962
2979
2913
3020
3007
2982
2874
2992
2912
3000
2261
2973
221
2998
3013
2999
3007
177
2989
3007
485
3000
2989
2734
3016
3020
501
3011
2994
2985
3004
3006
2981
2966
2967
2939
2945
2992
2993
2924
3017
2983
3003
2994
3024
3018
2984
3011
109
2982
2988
2994
2878
3005
2994
1623
2985
2980
2994
3012
2972
2999
2998
2465
2936
2949
2999
2974
3011
2993
2995
2984
3006
2989
2574
3015
2600
2962
3000
2253
374
2994
2979
2980
2998
3009
125
3010
2950
2984
3007
2992
2988
2990
2982
2975
3019
2999
2972
2969
3015
210
2934
2969
2959
2986
2996
3010
2995
2995
2990
3004
2953
2987
3006
2981
2986
205
1652
2985
3000
2989
3030
3003
3019
1501
2965
2987
3008
2997
2997
2987
3002
2985
2996
3010
2988
2978
2986
2986
3005
2999
2971
454
3001
2979
2996
3014
2990
3008
3015
3022
2997
2976
2971
2980
2966
613
2973
431
2972
2046
105
2972
2983
3002
2985
3007
3010
2956
2977
2984
1911
374
3013
2971
2991
2978
3004
2754
2990
2983
3000
920
2988
3014
2968
3000
2965
288
2998
2993
2918
1150
3000
3017
426
2933
2984
2955
2979
2976
2962
3008
2946
2914
2951
2990
297
2995
3025
2961
1431
2995
2961
2984
3000
2978
2969
2940
3014
3008
173
3008
2984
2966
2999
2966
3007
3001
1140
2833
3008
2972
2986
3006
2958
3007
2977
3005
2994
2973
2998
2989
2976
2954
2977
1598
2993
2275
3022
2985
2989
2388
2972
3003
2998
2983
2968
2950
2785
2988
2973
3008
2988
2981
2998
2047
3013
2999
2958
2990
2992
2994
2997
2903
3015
2971
2985
2975
3073
3025
3039
2955
2979
3000
2996
2977
209
3018
2980
3022
2834
127
2962
3008
3037
2995
2980
2955
3009
2996
3001
2792
2995
2992
3019
2984
2777
2151
2978
2991
3001
2988
1088
2592
1588
2487
2946
2983
2556
2991
2988
414
2972
2995
3033
3015
3005
2970
2995
3036
2992
2995
1515
3000
2910
2970
2970
2965
2991
2982
2896
2341
997
2982
1882
2980
2963
2921
2977
3006
3002
3010
2995
2987
3006
2993
3067
2995
2987
3009
2945
2983
2996
2974
3073
2961
2955
3003
2987
2999
2191
2996
2995
2323
2994
521
2978
2961
2986
2988
2987
3003
2981
2996
2965
1715
3007
2953
3029
177
2970
1486
2992
2960
3023
2988
2928
2981
2986
2946
2983
3024
3003
3008
2996
2999
3010
2886
2996
1320
2959
3005
2968
3007
2891
2957
2979
3000
2972
352
2588
2969
2945
2986
2988
2963
3008
1735
2996
3010
2992
3010
2980
2983
2951
3025
2961
2973
2981
2993
3011
2957
3007
3015
3017
2990
2996
2934
2992
3006
2991
2132
2996
2991
2969
3017
3024
2963
2983
3004
217
3004
890
2982
3003
2952
2992
2994
3005
3013
2941
3011
2978
2977
2978
2989
2979
2871
2997
1593
2266
2995
2984
1741
2916
3013
1533
3010
3051
2784
3024
2976
2935
2985
2736
3007
2993
3037
2972
3009
2991
2985
3024
2998
2966
3064
2993
3021
3020
2638
2967
2992
3006
2951
2971
2986
2993
3028
2914
2978
2981
2988
3009
2971
2542
2939
2976
2969
3016
2966
2999
2985
3008
2981
2955
2999
3047
2977
2977
2990
2979
3006
2986
2958
2985
2993
3001
2982
2985
2982
2955
1124
3019
2978
2840
500
425
3003
2986
2951
3017
3012
2977
2984
2988
2982
2965
2976
2998
3007
2994
3000
2973
3010
2993
2997
2989
2968
3011
3000
2990
3012
2973
3004
3003
2992
2967
1052
3017
3009
3011
2986
2984
2998
2977
2982
3006
2981
3002
1352
3001
2936
3017
3023
2996
2984
2975
2987
2892
2990
894
2750
2974
3022
2995
2972
2995
3051
2997
2976
2945
3000
2946
1110
343
3015
2984
290
3030
2996
2975
2982
1276
2993
434
3019
2997
2656
2957
2797
2990
2988
3000
2987
3018
3003
3001
2983
3007
3000
3008
2163
3001
3064
2990
2965
1669
2981
2960
2939
3011
3016
2967
2925
1862
2982
2978
2978
2972
439
3011
2951
3016
2965
465
2992
2933
182
2988
519
2361
2988
2950
3006
2977
2971
2999
2502
3012
3005
2949
3009
2990
3000
2936
2998
2992
2977
611
2987
2945
2962
2940
2985
2970
2994
2980
2982
3002
2960
3010
2914
2980
2986
123
2388
3006
3001
2276
118
2984
2876
3003
3005
3011
2993
582
2606
2953
3018
2933
2976
2986
2103
3006
2978
2988
3006
2970
2965
2990
2977
2973
2985
2978
2996
385
3005
2970
3025
2988
2995
3011
3008
2976
980
2987
2970
288
3000
3003
2998
2953
2971
2922
1433
224
2992
3067
2971
2992
2973
2956
3016
3017
3015
2825
2883
3010
2986
461
3018
186
3000
3007
2993
2998
2748
2999
3002
2819
2984
2971
2868
2957
3021
3004
2997
2998
3014
2969
3011
3035
2984
3001
2973
3050
2983
2982
2995
2983
2002
3028
3012
3012
2968
2998
3015
3011
1498
3000
2985
2998
2982
2986
1362
3000
2985
2980
2229
792
2843
3000
3029
3008
653
3023
530
2981
2982
2987
2980
2996
872
2979
2981
2999
2978
3005
3025
3004
2973
2993
2963
2977
2976
2996
3030
3023
2999
2995
411
3006
2992
137
184
2979
2999
2997
2988
2997
2998
2965
2987
3007
1782
2975
2976
2281
557
2934
2965
2871
889
1567
2997
2940
2980
2915
2984
2995
3004
2158
2994
2998
597
3008
3004
2991
3014
3032
3003
2975
115
3002
2989
2241
2994
2993
2980
3004
2989
2987
559
1011
3017
2994
3021
2990
2992
2978
2951
3025
2967
2974
2991
2973
3008
2995
1816
2983
2993
2059
2985
2958
2987
2999
2982
2944
3066
2991
2311
2990
3001
3002
2879
3011
1355
3015
3002
2992
3001
2999
2971
2995
2999
2979
2939
1627
3009
1267
3011
962
2967
3009
2999
2976
3009
3008
2991
3055
2937
2994
3003
2962
2962
2821
2980
2974
3022
2966
2884
619
3006
2983
2972
2958
2999
2984
2999
2997
1044
3017
2675
2961
2981
2986
2996
2977
3010
3008
2985
3010
2975
227
2995
2961
3015
2974
2937
3016
2982
2987
2997
2957
3016
1920
277
2952
2993
2983
2872
1137
2969
2997
2984
2999
2975
2600
2837
2995
3022
2970
2404
3012
3009
2998
2953
2980
3000
2978
2973
2964
3016
2992
1154
2980
2971
3017
3006
2983
2974
2991
2937
2991
2997
2986
2991
3050
2987
2839
2996
2997
3001
2943
2958
2994
2961
3006
3015
488
2961
3004
3028
2911
2995
2988
2999
3007
3007
2997
500
2994
2990
2976
2990
2943
3002
2981
2980
1833
3029
2990
2997
2977
2990
2152
2311
3028
3068
3008
2232
2989
2957
2987
2998
3021
2983
2942
3011
3010
2774
2997
3019
2967
2979
2984
2962
2994
2977
2991
2981
2980
2992
2986
2951
2998
3040
2990
3004
2993
2981
3035
2992
2924
2990
2948
2972
3002
2071
2974
2946
2949
2992
2978
3004
2996
3004
2968
2969
3022
3005
2988
2998
3010
3011
3021
3010
2966
3015
2962
2531
2976
2998
3016
2978
2997
2971
3026
3017
3019
2996
3008
2982
2966
3013
3006
2990
2996
1938
3023
2999
256
2993
2999
2812
3000
3018
2996
2958
2992
3002
2959
1432
3008
2977
3008
2978
2823
719
3010
3004
2834
2979
3014
3012
3004
1217
2166
3004
2988
3008
2958
3009
3016
2986
3000
3011
2986
3004
1316
3000
2989
2982
2969
2950
3004
2976
2951
3008
1192
2929
2830
2982
3004
2989
2987
3004
122
2962
2951
2981
2082
2974
1391
3013
2970
3000
3000
2975
2947
2966
2959
3001
3005
3021
2916
2983
2998
1543
2987
3019
3001
2999
2965
3029
2973
2967
2994
3000
2937
2970
2997
2988
2743
2455
2989
3003
2980
3010
3008
3013
144
3013
3023
2304
2968
2472
2817
3014
2583
2988
2994
3000
3036
2981
2996
2969
2976
2987
2993
3017
2970
2994
3077
198
2999
3009
2973
3001
3016
3012
2334
3003
1922
3019
3009
2970
786
2988
3007
3018
2919
2992
2992
2952
2986
3000
3007
2998
3027
2933
2985
2941
2892
2998
3003
2880
2970
2998
1553
2985
3003
1507
2978
2985
3009
2955
2931
2974
3003
2278
109
3011
3032
2976
2906
3006
2981
2998
3000
2995
2991
2968
2977
3013
2997
3004
2958
1227
3019
2981
3019
2981
2984
2962
2982
2994
2999
3013
2729
3015
2988
2967
3010
2976
3020
2965
2982
3011
2958
2990
2978
3008
3003
2957
2993
3002
3069
3003
2981
2983
3012
1922
2973
2988
2914
2997
2625
3036
2976
2974
2894
3001
195
3013
2983
3028
2941
3005
3012
2995
2976
2999
3021
3066
2985
3003
3001
2988
2982
380
3007
2991
2965
2996
2969
3009
2992
2987
2968
1244
2978
2531
2993
3009
3002
3000
3003
3006
2985
2233
2999
3016
2997
3006
3006
2993
3006
271
3007
3009
2974
2998
2978
2954
2972
2851
2997
2989
3008
2982
3033
3011
2999
2999
3017
2938
3027
2998
2990
2988
2944
2965
2994
1807
768
1816
3000
2935
2971
3010
2868
2988
2974
3007
3016
2984
2989
733
2972
3003
2998
3010
2973
2987
228
3007
3002
3004
3023
3006
2244
2330
2998
2978
2991
3081
2969
3018
2989
2991
2964
2939
2999
2964
2996
3021
2975
3006
2990
2988
2976
2982
3006
3009
3003
2991
2972
2989
741
2965
2983
2979
3020
2988
2955
2970
2995
2988
2987
2997
3014
280
2967
3005
2985
2995
2977
2062
3000
2999
2994
2973
2236
2948
2835
2977
2993
3012
2281
3011
3024
2995
2989
2978
2884
2966
2961
1150
2997
2990
1207
2986
2996
985
2936
2986
1027
2980
3003
3000
2974
3008
3009
3050
2374
2974
2985
3028
3005
2976
2972
3005
2990
2004
3005
3006
3058
2966
3004
2697
3002
2941
2981
2986
3004
2993
1029
2980
3006
1311
2991
2954
1717
3011
2999
2996
2988
3018
2978
2997
2984
2983
2958
2909
2995
2991
2753
2993
2973
526
2980
2991
2974
2950
2994
1896
2737
2119
3009
501
2994
2995
2996
3000
2952
3009
3000
2536
3049
2951
2245
2999
2982
3015
3013
2989
2984
252
2973
3013
645
2995
1299
2993
3072
2939
3005
2997
2991
2989
3005
2885
3007
3004
2969
2989
3010
2947
1919
2988
2113
2930
2989
2982
3052
2995
2983
3013
3014
3005
3004
2879
2975
3002
2993
2988
3004
2972
2990
2997
2997
2989
3004
240
199
2985
2971
3022
192
2854
3008
3007
2981
2993
3009
2429
2994
2988
2971
2707
2992
2917
2962
2920
2933
2933
3003
2978
2999
2286
2997
2974
830
2975
2999
3012
3016
2990
814
2995
2989
2948
3014
3031
3013
2985
2997
2931
933
2980
3005
2979
2973
2992
3000
2718
3019
2965
2472
2948
2828
354
3006
3012
2998
2993
2933
3003
3083
3009
