3021
1878
3022
3032
2983
3013
2995
3020
3002
2309
3014
2983
1261
2975
3018
2986
3000
2987
3008
211
379
2286
2986
3026
3031
2989
1708
3009
2873
3034
326
2990
2971
1365
3006
3008
2998
3020
2996
2993
2988
2881
3031
2987
3024
3025
1624
3018
3011
2999
2993
3036
2999
2991
3027
3010
2937
952
1434
2986
2892
3026
3015
2979
161
3006
2820
2990
2984
2963
3012
3009
2996
3005
745
3009
3002
2994
2980
3029
3050
3008
3030
3006
2988
2964
3036
2539
3090
2958
3028
3029
2962
3004
360
3069
2223
3030
2998
2977
427
3029
1355
2875
2984
3006
3021
3016
2998
2999
2984
3030
2997
3032
2572
2965
2978
3025
1905
3056
2875
3033
3011
2981
2965
2992
3012
2665
3010
3029
755
3041
2966
3041
3013
3004
3004
3006
3058
3033
3001
2982
3017
3003
2968
2887
3005
2987
3015
3003
3012
2989
3096
3006
2971
2990
3020
2991
2980
3012
2987
2994
2872
3008
2980
2987
2992
2303
3001
3037
3047
2973
3032
2940
2530
2994
3004
2919
3031
3022
2988
2928
1741
3014
2985
2985
2992
3009
2944
3029
896
3043
3014
2961
2951
2989
2953
3004
3023
2974
3033
2992
2999
3004
3028
194
2724
2985
3020
2003
2989
2812
2990
2999
2956
3003
3015
2958
2028
3009
2979
2993
2937
3026
3024
3004
3006
2980
2258
2968
3018
2973
3021
2999
2306
3019
2990
2780
278
3004
3004
978
3033
2986
2999
140
2707
3016
3019
3008
2991
2136
2983
3008
2997
2546
603
2997
3016
1614
2866
2955
3017
3048
2941
3013
2958
3075
2980
2076
387
3014
3009
3024
2997
2399
3028
3021
2988
2974
3012
2998
3029
3016
3023
3006
3048
3006
3023
2996
3004
3004
2612
3012
2986
2981
2979
3006
3002
3016
2990
1155
3011
2936
2979
1248
3028
3016
3011
2993
3009
3005
2993
3015
3025
3009
3013
3004
2944
3006
3008
3018
3024
2993
2867
3022
3004
2229
2997
2970
3091
2986
1853
3010
3030
3004
2713
2978
3014
2992
3015
3014
2990
568
2992
2993
3022
3022
3021
3022
2987
3007
3003
799
3020
3027
1730
2993
2993
3036
2963
2978
2995
2962
2164
3023
3015
3002
2946
1384
3016
2960
2992
2994
2987
3006
208
2999
3002
3011
3008
3048
2980
2039
3001
3010
2206
3025
3076
3039
2986
3034
3014
3015
2997
2823
3087
2965
3018
3015
2985
2986
2995
3028
3013
3033
3025
2950
1368
3005
161
3011
3041
3036
3020
1799
2528
2993
3121
3031
3011
3005
2989
2997
3008
3014
3027
3032
2986
2991
1906
2997
2977
243
3014
3000
2984
619
3000
2254
3029
3007
3002
2999
2975
2992
3021
3028
2998
3017
2963
2237
2968
2967
2998
3007
3008
3000
2975
3002
2960
2980
2995
3029
448
3031
3032
3014
2997
1723
3023
3028
3039
2990
3020
3006
3008
3018
3049
1340
3007
2983
1689
2999
3046
3030
3005
2986
725
2990
2977
3003
3010
2983
3018
2996
2993
3023
146
2999
2967
286
3011
2890
2973
3009
3033
2994
2990
3018
3024
3025
2981
2941
3033
3026
2431
3003
2981
3012
2971
3007
3005
2994
3012
3013
3024
3004
2994
3028
2154
3016
3023
3013
2491
2991
2892
1325
2994
2996
1870
2996
1295
3029
3018
3025
3004
3023
2955
3012
3010
3018
3042
3025
2966
2952
2967
3004
3099
3000
2997
3007
2402
2978
3031
3012
3019
3029
3005
3024
2990
441
3090
2986
3014
2849
2980
2987
3053
2966
3012
2966
3000
3002
3077
2999
3008
3024
2922
3008
3021
1015
3009
2997
3030
1245
1915
3036
3028
3031
2964
2979
2594
463
3077
2955
3026
2978
2999
2952
2994
2968
3090
3010
3022
3007
3041
3009
759
3017
3013
3028
2968
2996
3009
2988
2993
2715
2879
2898
3011
3035
1858
3029
3033
3039
815
2981
2980
3011
3004
3041
3062
3004
3001
2974
2980
590
908
2994
3022
2943
2943
3001
3006
3039
2944
3009
3021
3031
3025
2969
2977
3006
3011
3038
3015
3000
3000
3020
3018
3037
2782
3008
3002
2991
2999
2981
3003
1448
3042
2994
2983
3005
2988
3012
3011
2999
1731
3020
2973
3059
2989
3010
3001
2994
2976
3003
569
2967
3001
3014
2990
3015
2905
3008
2996
2953
3016
3000
3012
3042
3007
2994
3002
2990
3013
2998
2907
3026
3034
3021
2969
3002
640
3022
3000
3008
3009
3008
2831
2737
2939
3003
3024
2992
3040
3024
3025
3012
2995
3011
2975
2199
2950
1382
3010
3021
3003
3004
2999
558
2402
3015
2956
3009
3045
3032
2999
2964
3012
2972
3042
2302
2641
3001
2996
3001
3017
2987
3007
3000
3018
2990
2990
2942
3026
2987
3007
2993
2984
3008
3001
2734
2979
2997
2989
2759
2998
3015
3019
2999
2968
2988
3010
292
2975
3059
3027
3012
3004
3013
3005
3027
3004
2873
2981
3016
2312
1160
2991
3008
2997
3022
2967
3007
3032
2981
3008
2988
2985
3000
3000
3023
3011
2998
2986
2040
3027
3002
1162
3008
2992
2999
3012
3008
3000
1932
2996
3009
3011
3014
3016
2971
3031
2998
3008
3006
3023
2967
182
3006
2979
2998
3021
1542
2990
3034
3024
3018
2581
2992
3053
2954
1292
3010
2812
3011
3026
2693
3003
1822
2981
3017
830
3013
3011
2985
3016
2925
3019
3022
1890
2973
3015
2964
3000
2985
2998
3001
3027
2990
3002
3025
3014
3007
2534
2996
3011
3012
2983
3005
3013
3002
1465
2987
3015
3023
2649
3013
2984
2908
2989
2992
765
3009
3004
3019
2869
3001
3029
2902
2989
2999
2996
3006
3009
3018
3001
3022
2988
3003
3028
3012
3008
3016
3013
3007
2988
3004
3009
3015
3038
3025
2996
2332
2990
288
3001
3042
3010
2998
2990
3040
2982
212
3024
3017
3017
2981
3026
3010
3008
1450
2997
3007
3019
307
2986
2996
3004
2968
3002
3036
2989
2997
547
2999
2993
3030
2987
3030
3016
3075
3039
3003
2867
3033
953
1614
3014
3035
2992
2976
3036
3026
2968
2964
2941
2978
3026
3025
3017
3010
1676
3017
3006
3026
2961
2993
3000
1891
3008
2976
3002
3007
2990
2993
2996
2999
3003
3031
2931
236
3020
3014
2958
2999
3016
2972
3000
1120
3009
3036
3022
2515
3020
3029
3021
2992
3014
2989
3001
3001
3006
2946
3032
2996
2802
2993
3010
3016
3017
3014
2781
2987
2972
612
2651
2986
3004
292
188
3009
3029
3007
2970
2992
2971
2619
3002
3001
2886
3006
2712
340
2889
3022
3012
3011
564
2964
1332
2992
3018
3002
2988
2003
2947
3012
3007
2993
2980
3025
2973
3022
3018
3005
3002
2037
2989
2987
3093
505
3011
3024
3014
2957
3008
3053
3005
3028
2972
3041
3006
3003
3009
3053
2983
3009
2483
3000
3027
1876
3018
3004
3036
3010
3000
2735
724
3006
2998
206
3040
3005
283
2996
3030
3031
3004
2986
2979
3014
2996
3019
2991
2830
2244
2974
2187
3029
3011
3002
3005
2522
2750
3006
3028
3002
2488
2975
3016
3005
1689
3014
3015
3010
3071
3014
303
3017
2946
2896
2994
3021
3022
3047
3020
2997
2990
3028
2974
3006
3011
2457
3003
2993
2993
3008
3017
3016
3027
3008
3021
3001
3023
3012
3007
3005
3000
2821
3009
3010
2980
3019
3008
2974
2997
3006
3012
3019
2985
1872
3000
3024
2989
2985
3024
3020
2998
3009
3001
3004
184
3010
3020
2988
2994
3007
2992
3009
2972
3004
3051
2809
3001
3013
3016
3031
2991
3067
3029
2994
3007
2859
1085
3046
2977
282
2994
3004
2984
2156
2737
3036
3011
3002
2995
2972
3013
3010
2449
1192
2979
2995
3006
2993
573
3022
3000
2942
2990
2970
3026
3020
3010
2838
1292
2963
3003
3003
2971
3014
3013
3021
3013
3005
3023
3019
3006
450
2961
3011
1733
1485
2977
2964
2973
2974
1243
2993
3045
2992
3040
3010
3050
3003
606
2913
3011
2960
3025
2988
2155
2993
3034
3050
3002
3020
3078
3009
2369
2781
2894
3019
3033
3045
2969
2999
3012
2953
2973
3038
2994
2208
2972
3005
2993
3024
3025
3027
3010
2917
3032
3009
2991
1153
3017
2998
3035
3023
717
2426
3000
1210
2990
3028
332
2990
3017
2985
3009
2978
3037
2997
2903
2970
2983
2993
3016
2994
2985
3009
3000
3027
3030
2981
3053
3003
2936
3020
3020
3013
3029
3008
3029
2976
3039
3031
2999
3021
2143
3014
3042
3011
3005
3001
3003
3009
2998
2963
2996
3020
2984
3000
2991
3011
2976
3023
790
3006
3020
3004
3025
3004
2989
1840
2629
3050
1324
3019
3039
3009
774
3058
3001
3000
168
3019
2975
3006
3004
3009
3007
3019
2988
2986
2888
3021
2983
2874
3006
3040
2975
2987
2989
3003
3025
1329
1160
2998
2990
3016
3010
2997
2710
889
2977
3000
2999
3027
3006
2987
2939
2010
2975
3028
3031
3003
3040
2963
3018
2990
2937
2973
3015
2999
3002
2994
2997
2986
3000
1213
2270
2262
2979
2950
2003
3015
3007
2999
2984
2992
3026
1624
152
1451
3017
3026
3012
3023
2576
2966
2985
3006
3095
3019
2563
3004
3046
1511
3005
2991
3012
3027
2995
2984
2959
3008
2977
267
3017
2992
2937
2992
3012
2977
2911
1288
2989
1224
3042
2998
2887
711
3032
3031
2995
3000
2993
3038
2964
3043
2986
2978
2995
2950
3013
3008
3010
608
3020
3023
2898
3023
3009
2995
2989
3004
2928
3038
3021
3013
3016
2997
2976
3030
2978
2355
3001
2997
3015
3007
2990
3019
2989
2989
2960
3006
809
2942
2990
3028
3026
3002
3008
669
3010
3019
3044
2896
2982
3014
3037
3028
3002
3031
3017
2958
3017
2535
3012
2949
2983
3038
3023
2991
2971
2277
2217
1995
2996
1107
3006
3003
2972
2996
2990
3051
2143
2985
2829
2995
2981
2982
3016
2988
2770
3002
2628
2977
1145
333
2841
3020
3021
2988
2987
2983
3024
2973
3008
3000
2989
3011
2986
3034
3026
3016
3022
2935
3010
2965
2979
2994
3005
3019
3021
2977
2992
1331
2958
3011
3008
2958
3018
3022
2891
3013
3022
3012
3022
2161
3005
3007
3024
2971
2978
3006
2984
2991
3002
2825
3016
2058
3026
2999
3007
2983
2989
2535
3018
3017
2943
2934
3013
3013
2968
3014
3019
3011
3018
2990
874
2993
2834
2538
3038
2991
3001
1436
3012
3020
2981
3024
2978
3033
3018
3027
3015
3019
3016
3028
2863
3017
2971
3004
3009
3022
2980
3003
2986
3003
2981
3012
3016
161
2989
2914
3016
3002
3011
3015
3007
3011
2973
3015
2960
3002
3027
3022
3045
3102
2991
694
2014
2919
2805
3002
3021
2989
2720
1383
2974
1332
3011
3002
3017
3012
3029
3005
3020
3007
3016
3022
3010
2811
3015
3027
3083
3008
3015
1934
2964
2999
3002
3022
3035
2427
3028
2991
2966
2983
2978
3003
3025
2997
3041
924
2996
2986
2881
2984
3023
3000
192
1277
3012
3021
2988
3033
2994
2994
2993
2997
2995
3037
3041
3005
2997
2992
1451
2973
1613
2995
3006
3011
3089
3012
2894
2997
3017
3011
2993
3090
2997
3013
3016
3012
3070
3019
3059
3012
2986
3003
3012
3003
2994
2991
3019
3020
3047
2997
596
635
3028
3011
2967
1126
3007
3026
3037
3024
3002
3014
2519
3034
3047
3027
2957
2876
2994
3034
3024
3053
3024
3020
3005
3009
2979
2977
2965
2995
2988
3045
989
2997
3013
2851
3012
2913
980
3008
2249
3008
2982
2993
531
3003
3010
2981
3038
3026
3017
3005
2999
3004
3000
820
3016
3059
3000
3013
2983
3036
3038
2997
3002
2997
3014
3007
2992
3018
3004
233
3022
2510
2925
3030
3003
3023
3020
3026
3015
2975
173
3013
3000
3014
3009
3017
2945
2986
2606
2975
3016
2999
3015
3097
2910
3012
3012
3035
2967
3045
2953
3014
3012
2976
2982
2395
3001
2996
2989
3005
2964
3023
3009
3031
2995
3005
3008
3003
3027
2988
3044
3028
2983
2955
3047
3013
258
2031
2984
3014
3018
3005
3008
2978
3039
981
1865
3012
3017
2970
3018
3030
2992
3023
2977
2990
3032
3007
2984
3050
2992
3031
3039
3017
2971
2988
2538
3000
3028
3016
3042
2997
3010
3025
3008
3025
2981
3018
2970
868
3021
2985
532
335
2982
785
3010
3014
2960
3005
2993
3019
2986
3007
3007
3031
3014
3020
2638
3018
594
3038
1404
3012
2999
2993
3004
2997
1910
2994
2998
2977
2986
3020
3007
2973
774
2990
2998
2785
2990
2998
3016
3000
3018
3010
2970
3009
1692
2973
2403
2971
3021
2947
3024
3009
2475
3014
2988
2961
2974
3001
3022
3013
3003
3005
2988
3011
2984
3004
2995
3002
3009
2930
3007
2979
2934
3057
3005
3013
2736
3019
3006
2940
3024
3022
2996
1170
3023
3016
2990
1157
2962
3042
1268
2986
2996
3003
3005
175
2977
3026
1701
3023
3011
3007
2960
3009
2989
3028
3020
2947
2695
3023
3000
3022
2985
651
3013
2681
3008
2973
3006
3012
2973
2969
3011
3004
2271
3032
2988
2279
2972
2981
2919
3006
3032
3009
3028
3012
3004
3027
3014
2987
3028
3010
2970
2993
3012
3017
2950
3005
3004
3035
2899
3009
2981
3012
3022
3019
3002
3028
2996
3009
3030
3028
2984
3016
2992
3000
3001
3009
3010
3021
2209
2944
2963
3006
3004
2986
2976
3034
861
3005
3039
3038
3028
2999
3020
2979
2963
2995
3016
2996
2973
2948
2979
3027
3033
3004
3032
726
3040
3000
2996
3000
2813
2827
2984
3009
2992
484
3003
3033
3005
2996
2979
2999
2866
3008
2994
2965
3005
2996
3033
3019
2995
1040
3018
3016
3023
3036
3008
3032
3016
3026
2985
2933
3012
3021
3047
2959
2938
2970
2973
3042
3025
3009
2977
2983
2986
1208
2988
3047
3004
2997
3048
3000
2986
3023
3008
3015
3013
3031
154
3020
3011
3023
2998
3018
2991
3023
2994
2985
3032
2990
3014
2991
2995
2992
3005
2981
2943
2970
2606
3032
3038
3008
3006
217
2995
883
2292
2973
3025
3001
2998
2888
2982
2994
2986
2996
3013
3030
3005
3020
2942
509
972
2992
3011
2930
3012
3021
3020
3002
2663
1149
3007
2978
3004
3001
2554
2997
2939
2946
2986
1675
176
3014
2988
1750
3058
2983
3017
3028
3000
3002
2922
3002
2995
2960
2659
3035
2978
2962
3024
2615
2977
3011
2993
3082
3021
2924
3009
2997
2998
2724
2980
3030
3003
2988
2922
2939
2995
2646
1766
3031
3004
3036
3029
1374
3003
2979
3016
2999
2994
2964
3001
3046
3007
2892
2996
2989
2985
3011
3021
3008
2059
2997
1166
3033
3022
2965
3010
2999
2970
2992
2696
2971
3001
2981
2942
3008
3010
3032
3004
1518
167
2987
2990
3009
3006
3064
2989
3016
3031
3007
3050
3026
2984
2995
3015
3003
2995
3023
3010
2949
2975
3081
2236
2998
3050
3031
3021
3018
3009
3069
3000
2989
2863
2925
3021
3045
2976
3003
2973
3006
3019
3029
2993
3012
3021
3050
3031
3038
3007
3014
3016
2266
3019
3006
3023
3057
3023
2982
3021
3025
3003
3012
3040
140
3006
3012
2082
3025
3008
3011
3003
3033
3000
2766
3030
3007
3024
3012
2991
3027
2997
3018
3088
3005
2989
3023
2988
2995
2992
3015
3021
3033
2990
2984
3002
3001
2982
3005
3009
3011
2957
1157
3026
3012
3018
3009
3034
2919
3037
3026
3005
3006
3011
2997
2006
3004
2339
3042
3003
2750
3008
3031
958
3026
2773
3021
3015
3002
3025
3032
3009
2990
3044
2978
2458
3007
3004
2962
3012
3023
2984
2968
2988
2997
2992
2885
361
413
3001
3021
2972
2971
2958
2989
2974
1827
3013
2986
3011
3016
775
3021
2994
2997
3026
3012
3008
3000
2790
2999
3005
3036
2909
2990
3050
3006
2997
2980
3017
3042
3010
2963
2980
2980
3025
3032
3018
3027
2986
3082
3002
3006
3022
2994
417
3006
2985
3000
3026
2971
3002
2981
2734
3001
3040
3041
3048
2996
3020
3031
3002
3096
3030
2992
3042
2984
2963
2998
3017
3007
2995
3004
3034
2999
3027
3003
494
3030
2619
2208
2986
3039
3010
3019
2998
2995
3014
3024
3012
2979
2981
3008
2979
3019
140
3004
3019
2992
2994
2998
3060
2974
1723
2994
2990
2297
3007
3020
2987
3027
3003
2995
3011
2993
3003
3004
3022
3008
3016
3009
2987
2990
2374
3013
3013
3014
2989
2247
3032
2996
2996
3019
2503
1539
3016
3013
2885
367
2987
3013
2964
2999
2963
3022
3001
1686
2962
2987
2954
2923
3097
3000
2988
2982
3000
2992
685
2988
297
2983
2998
3016
3005
3004
2993
3013
3004
3016
3016
3000
2650
2989
3029
3036
3006
2949
953
2987
2928
2977
3016
2995
3015
2967
3017
3034
3067
2984
2971
2978
3013
2995
3030
3032
2991
3032
2969
2607
2961
2965
2996
3004
136
2993
2999
3067
3003
3017
3017
3022
3003
3024
3017
3022
3002
2995
3010
3007
2993
2124
2999
3002
2355
3029
3076
3030
2995
2999
2998
2996
3014
2985
3016
2947
2997
1328
3013
3006
2919
3020
1309
2983
2984
3000
3026
3009
3007
2979
3026
977
3024
1449
2940
3038
2981
3069
2988
3001
2972
2985
2998
3006
2999
3014
3007
3000
2989
3005
1821
3043
3021
3012
3015
3022
2994
3019
2835
3082
1295
3019
1070
3030
2996
2990
2991
3004
2986
169
3000
3026
2985
2989
2982
2765
2072
1860
3013
2959
3002
3035
3002
2974
3007
2803
3030
3049
2969
1813
2988
882
3016
2951
3037
3049
3020
2943
1175
276
3004
3011
3017
3006
3011
3013
2977
2958
2985
850
2996
3028
2994
3040
2972
2989
211
3007
3020
2980
2997
2985
3020
3005
3033
2977
3037
3043
1848
2976
2981
3007
3022
2491
3052
3013
2970
2253
2996
3020
3039
3004
3007
2855
2984
3015
809
3026
3006
2998
3039
2999
2966
2990
2992
2988
3004
2998
3019
1813
3020
3041
3007
2943
3085
2989
2995
3003
3023
3004
2993
2998
3001
3016
601
2963
3045
3012
2968
3006
2971
2991
3096
2939
2974
2991
2764
2768
2987
3029
957
2815
3019
3002
3010
3027
3052
2990
3029
3028
1642
2161
2982
2972
3022
3026
3034
2978
2962
2992
2986
3005
3011
2947
2988
2982
3015
3014
2994
2931
3024
3002
3008
2979
3021
3000
3010
2977
3013
2990
3002
3034
2991
2980
3010
3018
3015
2999
3030
2902
2974
3006
2995
3019
2947
2998
3003
2920
3005
3011
2974
3011
2984
2990
2962
3015
2997
2999
2986
2976
529
3004
2981
3021
3033
2980
3009
3008
220
1179
3008
336
2983
3024
2998
2990
3031
3047
2998
1616
3007
2997
2963
3010
2986
2974
2985
3009
582
2966
2185
3016
2988
3065
3030
174
2952
2085
2999
3013
3005
2993
2990
2988
2980
3010
2992
3006
2986
2978
3010
3001
3027
3023
2998
3002
2987
3029
3031
2443
3014
2998
2637
3004
3002
1239
2997
3002
3021
2997
748
1147
2984
2576
3091
3018
2936
3032
3013
3023
2448
2965
2925
3012
3015
3034
2991
2967
3015
3021
3007
3032
3024
3023
3027
3030
3022
2994
2950
2990
3000
3004
3031
3011
3011
3008
2975
3015
2982
3018
3026
3023
3006
3024
2999
2996
2997
2651
3009
2924
2997
2996
3017
3018
3005
2981
426
3006
1002
3012
2999
2992
3030
2962
3030
2995
2998
3011
2515
2970
3033
2985
2981
2955
3016
3002
2949
3006
2993
1444
2983
3023
3043
3006
2997
3020
2803
2969
2998
3027
3007
3003
2831
2985
3016
3006
3013
2096
3003
2963
2997
3013
3034
2988
3006
2646
1377
2998
3004
2980
2990
2995
3009
3016
167
2984
3004
3010
2982
1878
3011
3026
2959
3014
2968
3001
1800
3002
3001
936
3026
2984
3023
3012
3021
2759
3071
3035
2986
3015
3012
2693
2727
2983
2997
3010
3010
2999
2982
3035
2362
3018
3038
2984
3034
3016
3003
3005
3013
3025
3011
3027
2723
2958
3019
182
2277
3020
2963
2979
2998
3027
3007
3017
3018
1780
2998
3027
2943
2957
3016
2974
2995
3000
2992
2970
2997
2973
949
3014
3000
3018
3036
2968
3046
2984
2894
3002
3017
3001
2983
1902
2984
3029
3018
2999
3001
2995
2977
3033
2992
2985
3033
2242
2886
3029
2772
1480
3003
3011
2994
2872
3021
3035
2481
3022
2961
3040
2993
2990
3003
3041
2981
3030
3000
3010
3010
3011
3003
2998
2995
3017
2989
3065
2974
2977
2999
3009
3016
2986
2960
3001
3024
2941
2996
2718
3021
3010
3000
2996
2991
3015
2999
3026
2996
3000
2979
3017
3056
2980
3008
3019
3008
3014
2993
2747
2987
3001
3026
2983
2999
2994
2999
3012
2975
2984
3010
2976
3086
3014
2996
3000
3071
3023
3003
3024
2999
2956
2968
2999
3005
2959
2998
3011
2999
3025
3005
2908
2997
2996
3025
2971
3001
3018
3015
3000
3022
2988
3025
2986
2985
3015
2734
3048
2996
3023
2963
3010
3001
2981
2929
3003
3010
2995
2969
3018
2666
3007
2943
3014
2985
2995
3012
3003
2963
2987
3002
3009
3011
2994
803
3015
2112
2992
3010
2964
2967
3066
3049
3019
2968
3002
2986
3024
2987
3013
3027
2975
2953
2620
219
3014
3000
3003
3012
3034
2995
1483
2978
2997
3015
2869
2994
617
502
3026
3021
2960
2997
3015
2969
3035
2990
2989
2880
2998
3030
2977
2995
3008
2136
3005
3021
2997
3012
2992
2990
2218
3004
2981
2623
2983
3012
3009
2998
2993
3026
3022
2998
2976
3015
2997
2613
2985
3007
2989
2999
3006
3027
3017
1650
3018
3013
3047
2993
2981
3019
2977
3010
3013
2717
3052
3033
2995
374
2994
2971
2999
3019
2979
3017
3011
2316
2995
2992
3022
3023
3021
3012
2993
3021
3036
3043
3021
2995
3025
3000
3004
3030
3008
1585
2998
3018
3021
2926
2620
2970
3033
2977
2995
3000
2981
223
3011
3000
2529
3024
2988
2996
2991
302
3039
3011
3015
2997
3013
3015
2957
2960
3015
3027
481
2998
3000
2986
2972
349
3018
3001
3023
3014
2955
2996
3010
3006
3012
2966
2992
3012
2995
2758
2952
2990
3015
3017
2997
2921
3005
3003
3006
2995
3017
3013
2852
3020
3017
2993
2991
2999
3014
3014
3042
3030
2993
2978
2975
2983
1291
2990
3027
2982
3021
2922
2997
3013
2975
618
3022
3010
2844
3026
678
3025
2579
2201
3027
931
3075
3008
3025
2004
3019
3012
2994
3000
3000
3045
1739
3003
3002
2964
3005
3018
2555
2484
197
1378
2997
2971
3002
2999
2998
2969
1464
2964
3026
2908
2889
2996
2998
3037
2445
3019
2321
3011
3029
3015
3022
1003
533
3002
3029
2965
2980
278
3016
2726
2980
3033
2966
3003
3012
2854
2985
2981
3022
3020
3010
2976
3009
3002
2975
2998
2997
3015
2970
2972
2990
2994
3022
683
409
3041
3032
3002
2995
3025
3030
2992
2668
2945
1352
3046
2979
2295
3000
3027
3016
3000
3006
2711
3014
3022
2998
2921
3038
2553
2992
2920
3005
2994
3007
3018
1580
2995
3030
3003
364
2998
3024
3006
223
1923
2984
3039
254
3030
3000
3006
2981
2967
3022
3012
2974
3003
2975
2510
2980
3038
3028
3007
3006
3020
2990
3006
3020
3034
3020
2965
3081
3048
2990
3001
2994
3047
2997
3036
3000
2996
401
3007
3015
3008
2992
3033
3093
3016
3023
2997
3048
3003
2998
3039
3006
3009
2985
1259
2996
3010
3012
3009
1199
2977
2999
3015
3007
3021
3012
2975
3031
3026
3002
2984
3008
1298
3013
3008
2195
2992
693
3008
2962
3014
357
3000
3001
3014
2998
2992
2992
2934
889
3000
2999
3005
3018
2979
3009
2922
2980
3022
3001
2989
3013
2980
3021
1500
3017
3021
2932
3024
3029
2979
2982
2988
3005
2961
783
3017
2595
2279
2973
2918
2946
3048
2654
3024
3007
2976
3003
2971
1949
3046
3037
3017
2985
3029
2991
3026
2967
3022
3026
3010
2995
3018
3020
3006
2981
3021
2999
2946
2983
3002
2993
3016
3032
3035
3002
3015
3017
3002
2989
3008
3035
3001
2992
3015
807
2990
3031
3038
2980
3024
3008
3026
1640
3014
2260
2983
3014
3032
2990
3005
2954
2987
2959
3013
2937
3011
2996
2978
3006
2999
2985
3077
3009
2992
3005
3011
2986
946
844
2968
2997
2991
3037
3031
2994
3010
2994
2993
2996
2602
2930
1171
3011
2808
3044
3009
3021
2994
3013
3016
2984
3009
3012
3013
3001
1981
2982
3003
2981
2998
2993
3018
2995
2994
3003
2975
230
3025
2997
2980
2985
1102
173
3019
2868
3017
3005
3040
3015
3016
2997
3045
3016
3007
3008
3031
3010
3027
362
3014
3005
3023
3028
2952
3005
2972
2998
3053
2911
3025
3018
2984
3023
3010
3012
2985
2999
2681
2085
3020
3030
3027
3015
2943
2956
3014
2957
3001
3002
3025
3017
2968
3014
370
2986
3019
2992
3082
2786
3020
3006
2975
3026
2182
3032
2935
2997
3015
2971
2999
3021
2717
2991
3050
3020
3001
3042
3010
2961
2993
3038
2980
3033
2971
2951
3000
2993
2988
2970
3001
3021
2997
3019
3010
3028
2961
3011
3012
3005
2965
2582
3021
2997
3010
2974
2483
3017
2970
3012
2939
2943
2954
2986
3021
3014
2976
2980
1940
3028
2993
3091
1158
2951
2984
2696
2999
3018
2990
3023
2998
2929
2934
566
2986
2678
3004
3006
3039
3013
3009
2974
3009
2968
2977
2992
1065
3017
3007
3007
3021
2934
3013
3033
1092
2987
2953
556
2996
2594
3027
2957
2956
3007
2989
899
2999
2989
3013
3016
3008
2978
3011
2992
2868
3000
3031
3058
3022
2987
2980
3006
3012
206
2988
2972
2938
3015
3007
608
2999
3010
3033
2955
2918
2968
3019
3031
1398
2999
2978
3034
3015
2992
2872
3014
3005
3008
2999
2992
2995
3005
3022
3009
227
2988
2997
3033
3000
3030
225
2131
3025
2968
3034
2987
3017
2982
3011
3014
3021
2985
1634
2168
1602
2996
3008
2988
2987
3014
926
2981
3037
2993
2909
2985
2970
2942
1495
3007
3010
3002
2742
3032
166
2999
2982
2995
1921
2960
3018
3031
3009
2999
2980
2803
3035
825
1365
3037
2783
2959
3027
2995
3008
2996
3031
3042
2977
2967
3018
3009
3092
3041
3000
3021
3022
3034
3040
3014
1673
133
2999
3035
2982
1117
2956
2999
3028
2971
3009
3022
2622
3015
2942
2367
3049
655
2300
2978
3026
3009
3019
2989
2969
315
3016
2550
2937
2956
620
2986
2992
2966
2996
3011
874
1690
3000
2464
3027
3040
3029
2988
2988
3013
3006
3017
2964
3006
3008
3068
3008
3034
2995
2989
3033
2985
3007
2958
2998
2989
3011
3026
3021
2984
3016
2029
2968
2991
2990
2989
3003
3019
3004
3007
2975
2983
3013
2960
3021
3093
3022
3044
2999
3006
3040
3013
2987
3029
2966
861
1208
3011
3011
3105
2752
2982
3017
2999
2983
2968
1287
3002
3017
2988
3002
3002
172
3043
3002
3009
3005
3020
2980
2993
502
3019
3019
3001
3009
2895
3034
3027
3009
3015
3032
2992
3032
3007
3006
3036
2991
2994
3007
3015
2957
3002
3040
1220
3030
3008
3048
3025
2995
2979
3028
2999
3007
2919
3014
3022
2990
3039
3014
2979
3027
3017
3007
3015
2992
2950
2987
2978
3003
3002
3008
3027
3040
201
2994
3006
3009
2244
3012
2942
3035
2965
2950
2996
2956
2997
2992
2983
2595
3003
2958
3013
2974
2984
3020
2989
3003
3031
2988
3026
3019
3000
2972
3020
2989
595
3010
3001
3023
3072
2993
3021
3021
2980
2985
3013
2978
2981
3030
3021
3023
1851
3008
3006
2914
764
3007
3014
3002
2971
2988
3019
2998
2326
3020
3002
2989
2557
3017
3020
3037
3009
2995
3019
2976
757
3032
1429
2999
3005
2972
3003
3005
3023
2960
3013
3047
3028
3009
3079
2040
1764
3024
425
3012
3011
3009
2980
3009
3034
2983
2979
665
2953
3019
3005
2997
3024
1499
3009
3090
3002
3024
3049
2967
2679
2947
3014
2922
3007
3005
3004
3001
3040
3022
3004
3021
2998
3015
2983
2997
3010
2211
2996
3016
3019
2978
3007
2996
2974
3000
2925
2998
3013
3016
1794
3010
842
3043
2996
3009
3000
3009
3038
3009
2972
448
3015
3016
3024
3008
2996
3001
2985
2994
3040
645
3008
3003
3010
3053
3023
2941
2993
2992
3045
2998
3012
2296
3011
3014
3030
3000
3045
2861
2988
2997
2971
2980
3026
3015
3113
2988
3020
2959
3063
3022
3017
401
1376
3011
2999
3037
2934
1124
3014
3050
3019
3013
3015
3008
3032
1042
3005
2993
2984
3029
3033
2983
3007
3001
2777
2983
2340
2623
2999
3023
2341
2977
2965
2997
2994
3002
3022
2979
2980
3001
3030
3014
2098
3038
2973
2985
3063
2976
3005
3022
2993
2954
2989
2983
2972
3002
3022
3026
2419
3001
3033
2996
3014
3021
2980
2989
2891
3006
3028
1721
2960
3055
2995
3011
3019
3054
3025
3003
3012
3021
3020
3090
2954
2979
3019
1408
2273
2949
3027
2985
3016
3016
3007
3009
3052
3034
3012
3049
2962
3088
2984
3025
2978
2997
3005
3006
3021
3014
2990
3029
3026
2976
2968
3013
2987
2971
195
3000
3010
2956
2162
3024
1454
2998
2998
2885
327
717
2992
3000
3022
3026
2418
3041
3007
3019
3005
2949
508
2986
3017
3050
3005
3023
3026
3032
3015
3000
2771
2955
2998
3027
2995
352
2983
3091
3014
2978
3002
2967
3008
2979
3009
3015
2983
3001
3014
799
3002
3007
1231
2997
2975
2935
2997
3010
2527
3012
2615
3024
317
2991
1240
2965
3010
3006
180
3032
2998
3027
3006
2832
2989
3005
297
2991
3000
2987
2995
2445
3022
3062
2983
3006
2227
1829
2982
2979
2984
2965
3014
3031
2960
2980
3011
3031
2969
2563
1078
3012
2994
3031
2983
256
3015
2606
3015
2949
3003
3001
836
2996
2982
2987
2989
3023
3006
2823
2990
3016
3000
2272
3005
3007
3009
3053
3004
2979
3007
3002
2832
2958
3008
3010
2997
3020
3015
2342
2987
2967
3027
2998
3017
3001
3043
2975
3000
337
3005
2988
2995
2898
2994
3029
3005
3037
361
2967
3012
2386
2985
3015
3017
2981
2999
2976
3021
3031
3016
3013
3008
2995
3021
2990
3031
3028
3018
2987
3011
957
3005
3000
2983
3009
3000
3006
3007
3003
410
2833
2948
2899
3021
2955
3014
3019
3028
3019
3003
2948
1182
2997
3033
2849
2997
3001
2996
3024
3006
2976
2971
2507
3005
3100
3001
3029
2993
2987
3004
3025
3022
3027
3024
3099
1538
3013
3009
2991
3002
3014
2964
3003
3008
3022
2944
3018
3018
2984
3004
2999
3016
2673
2967
3017
2981
3002
2966
3019
772
2998
2937
3006
3020
1381
3034
3001
2999
3033
3016
2305
2914
3017
3000
2999
2998
2999
2943
3002
2994
3024
3022
3034
3026
2997
2992
2995
3019
3022
3005
3036
3015
2992
2988
3040
3029
3015
2932
3027
3007
3051
3013
1688
2295
3015
3035
2999
2972
2950
2991
1387
3006
2971
3007
2996
3033
2996
3048
2996
3004
1186
3060
2971
3009
3018
2991
941
2995
3008
3001
3005
2987
2954
3026
2769
2996
2996
2980
3011
3018
2988
2917
3095
1472
2980
3011
3011
3019
2926
3003
2952
3008
2982
1295
3018
3014
159
2995
3009
2935
3016
993
3044
2074
2981
3021
1710
2980
3039
2985
2989
192
2999
2996
2993
2998
3018
3005
2990
567
3008
3004
2993
952
2998
3009
3006
3026
3005
2973
2988
3016
1083
2994
1364
3004
2997
3022
3032
168
3005
810
3030
3023
2967
1459
2977
3011
3003
3021
3010
3017
2967
3036
142
2999
2996
3021
3005
3020
2996
523
2942
3006
2991
3036
2994
3036
2939
3010
2999
2998
3032
3004
2579
3001
2998
2987
3002
3038
3006
2994
3015
2982
3087
3019
1436
2997
2292
2989
2978
2511
3008
3000
3009
3000
3030
3029
3000
3015
3025
2979
3009
2859
3005
3015
2975
3003
2995
3011
2999
3003
3013
1618
2998
3005
3020
3005
2407
3010
3016
1751
2804
3004
2992
3004
2985
2988
3013
3029
2932
2997
2996
3024
484
2073
1903
3019
2991
1163
2976
3009
3009
3009
346
3002
3026
2166
2348
2564
3010
3022
2598
2437
3016
3008
146
1232
3021
1744
2993
3045
3007
3013
508
2999
185
3002
3015
2995
3011
212
2794
3031
3006
3000
3017
2983
2885
3002
3024
3013
3012
3009
546
3003
2978
3038
2980
2989
2988
2990
3003
3023
3001
2989
2974
2997
366
2961
3006
2995
3013
3013
3030
2939
2965
2988
2962
1710
3015
2997
3015
3002
941
3028
3029
3018
3001
2497
2987
2998
3022
3004
3082
829
3002
1122
2996
3015
2981
2974
3035
3093
3035
3030
3022
2978
2977
2989
3005
2993
3025
2753
3003
3014
3028
484
3009
3016
3001
3029
2952
3000
2953
2997
2979
3031
1951
3009
2977
2992
2964
3001
2429
2979
3023
1286
3004
3027
2926
2976
2988
3056
3043
3005
2985
3002
2566
3008
3018
2975
3000
3022
3013
2993
2998
3007
3028
3026
3013
3005
3002
3023
2985
2990
3021
2970
3025
3023
3032
514
2998
2998
3024
2956
2983
230
3008
2974
2992
2990
2984
3041
3010
1323
2993
667
3005
2207
3008
3009
1585
3014
3004
2978
2999
3004
3014
3040
2986
2708
3020
3013
1535
2971
1606
2997
2941
3034
2983
2977
3009
3004
3011
3025
2985
3012
3048
3006
3033
3008
3024
565
3024
3001
2150
3019
3018
3013
1818
3047
3039
2991
2980
3015
3011
3053
2673
431
3024
2994
3007
2980
1881
3020
3023
3024
2869
3020
2993
3008
2991
3018
680
2994
1705
2984
1015
3026
3080
3021
578
3018
2958
2903
2797
2998
3013
2994
3016
3014
1720
3013
2414
3005
3041
2998
3000
3008
2971
762
2997
3026
2999
2962
2946
2885
3009
3019
3036
396
2200
3015
2976
3015
951
2989
3013
3015
3078
2059
3036
3007
3024
3000
2999
751
2994
2992
3007
473
3013
2990
3041
3006
3035
3049
3028
914
3086
3006
3069
2985
3034
2963
3021
3019
1329
3030
2566
3075
2532
3068
2996
2996
2983
2998
3022
2999
2818
183
2993
3033
2996
2982
157
2987
3008
3012
3019
3016
3084
2979
3005
2966
2639
2977
3061
2895
3022
1356
2990
3020
2970
2995
3003
2977
2980
2918
3007
2977
3045
2982
3007
3001
2965
2987
2977
2985
2992
2981
2986
2988
2992
2958
3008
2961
3043
2986
2929
2878
189
3022
2993
3013
2987
3014
3029
2977
2976
3030
2970
2995
3012
1671
2998
3008
2974
3020
3018
2994
3051
2998
3009
2992
2969
3007
2972
2984
3019
3012
3015
3012
2997
3012
2990
3005
3037
2079
3006
2988
3007
3003
2973
3009
3004
2997
3002
3011
2987
2991
3033
3007
2901
3003
3020
3011
2994
3051
3011
2996
3015
3014
2975
3040
3021
3004
3012
3039
2998
3008
2976
3032
3014
3025
2978
2995
3013
2962
3005
3004
2998
2975
2971
2991
1365
3016
3001
2929
2147
3006
3047
2912
3010
3001
3021
2952
3014
2979
3020
2986
3014
3023
3016
150
3017
2999
2302
3010
2991
3001
3026
2988
3021
3004
3010
2975
3018
2988
2384
2986
3017
3011
3022
2993
2999
3030
3005
3048
3019
2850
2974
3006
1727
3031
624
2970
2516
2971
2998
3020
3029
3031
3009
3015
3015
1335
3053
3037
2998
3017
2988
2954
3019
2952
3022
2950
3000
3003
2983
735
2998
3000
1597
530
2971
2996
3029
3001
2991
2993
162
3007
2994
2958
2987
3021
3004
136
2995
2954
2981
2992
3002
2984
2212
3001
3007
3012
2977
3024
2645
3017
3030
2993
3013
2988
3017
3089
1254
3004
2947
3013
3026
2202
2986
3000
1235
3019
3035
3010
3015
2992
3022
2987
3009
3010
3006
3021
3022
2762
1893
1381
2991
1177
3016
3009
2983
2994
2984
2996
3023
2790
2993
3023
3000
3003
1545
3005
3010
3015
3011
3015
2992
3008
3000
3034
3008
3014
3023
3007
3006
3020
2999
3031
3026
3017
674
2683
3063
2967
2991
3005
2996
3014
3007
2923
2926
3020
3008
2893
3021
3008
2971
3000
3033
2926
2482
3012
3009
2942
2967
2976
3002
3021
3015
2987
3060
3007
2980
2994
3004
2981
3021
2833
3072
1688
3006
2992
723
2997
3003
3008
2990
2360
2935
2987
3031
2928
3019
3037
2999
3014
2997
2983
172
2974
2990
2928
3003
3006
2968
2993
2982
3012
2978
3009
3011
3009
3007
2992
3009
3030
2974
2421
3022
1889
2981
3014
3005
3073
2994
2989
630
727
3009
2984
2981
2988
2996
2998
2994
2976
2997
2973
3027
3006
3000
2972
3019
3032
2978
2977
2980
2951
2982
3008
3054
3015
3003
2961
3007
3013
3021
2920
3004
3010
2951
2973
2972
2146
2987
2995
3027
3017
3018
3025
2998
2995
2986
2990
2989
3006
2969
2989
3022
1088
597
3009
3014
3005
3043
2927
2996
3034
3017
2980
3008
1844
2941
3011
2998
3038
2999
2971
3011
2978
2984
2992
1668
3099
2838
3031
1179
3005
2950
1270
2990
3031
2994
2350
2999
2998
2606
3004
418
2680
2985
2608
2999
3038
3013
3015
2976
3054
3006
3010
2950
2987
2989
3011
3050
3006
3078
2995
3017
2992
3023
3030
3007
3008
3027
3015
3012
2951
174
967
2999
3015
2993
2990
3007
2995
3002
3004
3007
3037
2991
3026
2993
2985
3014
2933
2983
3031
3013
2990
3008
2968
3033
3003
2976
3006
2767
3003
2998
517
2990
3002
2899
2972
2993
2999
3008
3017
3005
3038
2898
2776
3021
2988
3004
2987
2984
2971
3020
2969
466
3071
3011
2618
2985
3032
3004
3005
3007
3028
2999
2996
3006
2996
2988
3019
2988
3029
3005
2578
3008
3015
2102
2954
2986
3001
2991
2978
2992
3019
3007
3035
3036
2991
2353
2041
2997
3029
2611
1059
2994
3003
2997
3017
2733
3038
3038
3015
2983
2990
3014
2248
3017
2990
2000
3025
3004
3018
2979
3017
3028
3017
2997
2956
2997
2609
2945
3035
3005
3006
3032
3024
3003
2996
2976
2965
3012
3015
2136
3008
3009
2955
2548
2996
2995
3023
2990
3010
3021
3015
2970
3006
3004
3015
3039
2999
3032
3010
3028
2962
3019
3006
3010
1842
2926
2978
3002
3020
3014
2780
1704
3003
2987
2989
2999
3042
3010
2891
2982
3011
3037
2516
3029
1254
3001
3022
3025
3002
2999
2996
3042
3005
2983
3016
3019
3026
2958
2977
2732
2991
3010
3004
2845
547
3000
3013
2710
2997
2990
3034
3017
186
2991
2737
2999
2983
3017
179
2987
3019
2990
2999
2988
1700
3011
3010
2982
3073
3014
3027
3020
2984
3074
2985
2998
955
3009
3002
3016
3016
207
2985
3013
2231
3003
3029
2970
2984
3015
716
2991
2981
2984
3102
408
2986
2900
3003
2991
2979
2982
3046
3005
3027
2971
2800
3006
2468
3007
2981
2989
2873
3011
3012
2971
2107
2599
3004
2998
373
3023
3003
2991
