2962
2944
2959
342
3009
2976
3003
2946
3041
2951
2113
1176
2958
2919
2958
2979
3007
2342
2946
2946
2988
2963
2964
2967
2979
2979
2954
2878
2896
2995
2953
2967
2993
2986
2959
749
3028
3004
2992
2989
2985
2945
2972
2948
2983
2948
3014
3011
2999
3014
2991
2964
2964
2999
2978
2953
2987
3006
2993
2988
2985
2965
2980
3007
2991
2994
2988
2781
464
2932
1947
748
3036
2927
2927
2988
1474
2970
3017
2988
3010
2975
2983
2974
3019
2946
2973
442
3001
2960
2952
3015
2923
2965
2974
1055
2959
2956
2954
3000
3070
2988
3016
2375
2965
2982
2263
2996
2958
2060
2962
2877
2577
2971
3004
2929
2928
1461
2978
2994
2953
2946
3020
2973
2971
2985
2944
2974
2351
3023
2936
3020
2997
3001
2969
3005
2953
2992
2935
3002
2978
2948
2973
2995
1078
2990
2909
3048
2998
759
2961
2971
2961
2512
2984
2988
2956
2589
3016
2933
3009
2966
2970
3006
2980
2954
3028
2972
2989
2966
2993
3003
3000
2982
2979
2987
2908
2964
2962
2850
2969
3000
3009
2975
2726
2967
2965
2914
3003
2991
2969
2986
2963
2949
2950
2950
2975
3004
2978
2953
2946
2995
2999
2957
2998
2982
2958
2189
2998
3003
2961
2947
2993
2986
2962
2847
2986
3003
2984
3015
1605
2344
3003
2968
2785
2988
2983
3068
2971
2896
3029
3014
3012
2954
2980
2990
2937
2823
3013
2940
2991
2999
2957
2907
2971
2977
2970
2995
2932
2969
3002
2963
2968
2565
2979
2948
2952
2970
2982
2663
2974
2980
2992
3011
2995
2973
2964
2969
2980
2992
2956
2965
2987
2973
3002
2987
2923
2916
2942
2961
2991
2969
1307
2971
2969
2978
2963
2974
2469
2944
2963
2966
2986
2989
2994
2998
3008
2976
2959
2816
597
2954
2986
2135
3009
2999
2993
550
2966
2978
2970
2942
2980
2990
2947
3006
665
2981
2980
2955
2969
2952
2947
2743
2994
2954
2965
2981
2977
2978
3003
2967
412
1589
3018
2995
2952
3018
2998
2971
3062
2951
2969
3009
2995
2961
592
3006
2965
3032
2997
2965
2904
2992
2979
3001
2921
2978
603
2974
2978
2961
2993
2956
2939
2970
3015
2948
3074
2970
2948
2958
2995
2964
2962
3049
3030
2964
2908
2996
2914
3012
2969
2987
2981
2991
2001
2982
2949
3006
2969
3022
3016
2955
939
2958
2472
2953
2973
2966
2985
2974
2788
2984
2936
3016
2423
2535
2984
2989
2937
372
2968
1787
2957
3002
2946
2956
2979
2239
2973
2983
2972
2907
2970
3063
2954
2989
2969
2994
2837
2977
2965
2981
2968
3010
3022
2975
2929
2962
2984
2978
2997
3011
2966
2946
2980
3000
2997
2957
2968
3010
2959
2981
2975
2952
2983
2998
2962
2957
2993
3067
2981
2957
2985
3005
2369
2995
3025
3016
1857
3017
2987
2841
2806
2963
3014
2993
2985
2351
3003
2981
2814
2794
2922
2987
3018
2972
3015
2996
540
2905
3003
1189
2969
2224
2882
2965
2992
2968
2973
2988
1342
2999
2971
2969
3069
2960
2969
2994
3028
2983
2889
2954
2982
3011
2985
2986
2990
890
509
3038
2990
2975
2972
3058
3021
2994
2970
2958
3002
3002
2967
2990
2985
3022
2986
2980
2961
2936
2976
2938
2956
2938
2968
1460
2940
3012
2973
2949
2957
2801
2964
2545
2989
1369
2879
2964
2992
2983
2958
3039
2967
2969
2972
2961
3009
2966
2992
3009
2971
3005
745
2991
2934
3004
2583
2963
2987
3013
2957
3016
2972
3001
2961
3030
2988
2989
2981
3010
2779
3009
2860
2942
584
2974
1928
2945
2785
2981
2935
2989
2954
2998
2189
3009
2952
3011
2931
2984
369
2947
2975
2984
712
2963
2924
2996
3000
2933
2477
2963
2966
2981
2897
2972
2938
2983
2976
2986
2941
2983
3005
2997
2799
2815
2987
2964
2947
2975
2969
2982
3000
2973
3004
2980
2914
1715
2960
2951
2974
2956
2998
2984
2985
2944
2960
3067
2929
2965
2966
1200
2987
2948
2975
2976
2979
3012
3008
3006
3002
2958
3004
2979
2759
2941
1314
2953
3003
2992
2986
2967
2971
2994
3005
2998
1976
3059
2987
3008
2981
2962
2999
2984
2984
2994
2971
2979
2997
3013
2980
2924
2978
2961
2966
3055
2939
3004
2954
2967
3004
3017
2968
2984
2995
2945
2977
2964
2977
2981
3001
3017
2969
2980
1975
3012
2856
2967
2968
2960
2894
2982
3012
600
2967
2994
3003
3012
2955
547
2987
3012
2977
2957
2980
3059
2975
2971
2989
2960
3013
2991
2917
2959
2994
2967
2926
2960
2962
2994
2990
2986
2969
2950
3001
3005
2994
3005
3080
2991
832
2992
3018
2962
3000
948
3002
634
2962
2988
2943
2985
2947
2981
2946
2995
2994
2965
2942
2915
1713
2778
2950
2975
2969
2997
2989
2996
2377
2956
2960
2940
2990
2972
2979
2990
2988
3008
3003
2974
2098
2951
2987
2922
3014
2983
2959
2978
2968
2979
2991
2981
2976
2977
2971
2960
2997
2945
2964
1327
3002
3016
2954
2941
2997
2980
2976
1585
3022
2945
2974
2945
2955
2902
2976
2945
2966
2967
2508
2996
3045
2988
2995
2984
2964
1434
2984
2993
2571
1066
2929
2996
2980
2477
2956
2930
435
2914
2971
2984
2998
2942
3018
3006
2958
2994
2997
2975
2965
2958
2966
2986
2910
2975
2954
2944
2969
2949
2996
3001
3086
2855
2953
2977
2938
2983
2979
2992
2969
927
2938
2962
3061
1955
2883
2928
2980
2994
2948
2974
3007
2968
2968
2978
2964
2975
2972
2996
2969
2983
3020
1398
2957
3013
2889
2960
2992
2941
2947
1597
2945
2992
2811
2988
2070
2980
2997
2963
2987
2963
2949
2976
2985
2981
2994
2990
2928
2937
2999
2857
515
2973
2965
2936
2943
2911
2989
2963
2112
2970
2877
2998
2938
3004
3011
2974
2978
2944
373
3005
2962
366
2984
3008
2987
2979
2978
2963
2985
2936
2975
2993
2968
2949
2983
2884
3000
2989
2987
2999
3017
2947
2959
2995
3010
2989
2926
2977
2946
2974
2974
2992
2993
2969
2942
2980
2961
2944
3007
897
2980
877
2901
2934
2842
2354
844
2860
2959
2984
1206
2993
3011
2990
2953
2998
2956
3025
2965
2985
2893
2965
2971
2971
2969
2992
3003
2995
2933
2817
2972
2974
2977
2965
2176
2945
2947
2841
3040
3004
2969
3011
2991
2734
2935
3020
2989
473
2990
2987
3004
2971
2907
2998
2944
1947
2939
3008
2968
2975
2969
450
2961
3014
3022
2970
2975
2983
2998
2981
1130
3018
2998
2810
2937
2974
3014
2202
2974
2984
2985
2987
2958
2735
2995
470
2867
2943
2922
2985
3006
2762
2887
2996
2991
2941
2975
2969
2199
2967
2965
2945
2986
2978
2976
2987
3006
2970
2962
2893
328
2955
2974
3021
2986
2974
2970
2984
3003
2931
1686
2959
2993
2974
2967
674
2955
2970
2947
2979
3021
2940
2977
2951
1310
2987
3037
1328
2951
2969
2929
2990
2985
2973
3035
2961
3006
2971
2965
2958
2987
2980
2994
3013
3002
2960
3001
2962
2969
2986
2989
3029
2994
2975
3017
2919
2955
3005
2974
2973
2982
2966
2963
2999
2990
2961
2952
2967
3007
1755
2970
2957
2994
2976
2987
2947
3004
2985
2969
2950
2966
2851
2985
2978
2939
2976
2910
2939
2944
2937
3006
572
2988
2968
2982
2944
2980
2981
2980
2966
2934
2976
2956
2983
2988
3003
2947
2995
2966
809
2937
2999
2979
3007
2953
2953
2932
1624
2959
2994
2909
2992
2932
2972
2989
3036
2936
2835
2990
3019
2998
3030
2992
3012
2985
530
3012
2836
2941
2978
3014
2960
2675
2986
1056
2967
2974
2944
2390
3002
2987
3006
3001
2933
3023
3008
2976
393
3002
2970
1478
2980
2268
2955
2973
2973
2995
3002
1661
2973
2970
3012
2978
2977
2951
1846
2996
3002
2747
2968
2960
2984
2808
2980
2977
2997
2970
2989
3041
2437
2981
2969
2971
3008
2973
2990
1822
2974
2986
3043
1764
334
2992
2977
2993
2966
585
2948
3068
2970
2990
2979
3001
2969
2965
885
2994
3009
2995
2943
2967
2973
1286
2851
2942
2947
3017
2950
3016
2965
2976
2930
2977
2962
3001
2792
3018
2941
2796
2976
1755
1940
2965
3014
3006
2276
2971
2974
2999
2977
3009
2983
2968
2976
2995
2980
2285
2960
2998
2965
2991
2374
2991
1050
3016
2974
2987
2938
2982
2999
2975
3043
3001
2859
2965
2943
947
2742
2970
2956
2969
2954
2980
2977
3016
3004
3006
2940
2561
2941
2995
2962
2967
690
1781
2966
2972
456
2984
2967
2980
3069
2984
2973
2998
2970
3007
2954
3010
2961
2887
2993
2952
3001
2957
2912
2988
2971
2983
3007
2941
2995
2979
3012
2950
2983
3005
2961
2916
2996
2966
2959
2993
2987
2966
2995
3043
1386
3007
2986
3003
3006
2935
2953
2971
2971
2970
2975
2993
2947
2971
2977
2939
2953
2979
2960
2985
2987
2981
2995
2929
524
2997
3031
2984
2966
2997
2975
2958
2960
2964
2980
2963
1219
2988
2980
2940
2995
2989
2981
2975
2956
2949
2996
3011
2886
2982
2934
2693
2456
2937
2916
3000
2960
1019
2988
1239
2955
1200
2961
2988
1496
2974
2993
2989
2965
2957
2980
2958
2899
2994
2998
2987
3006
2955
2957
2983
2971
2942
2937
3009
2955
2964
2971
2948
2965
2971
2992
3002
2994
2984
2998
2928
2975
2919
2988
2871
2985
2998
3016
2978
2984
381
2967
523
2978
3006
2993
2597
2552
2978
2965
2986
332
2940
2981
2961
2989
3022
2131
3021
2973
409
2958
2944
2966
2943
3000
2997
2976
3024
3004
2993
2260
929
2990
2979
3032
2948
2962
2870
2967
3009
2767
2980
2979
2980
2979
2963
2927
893
2648
2977
2979
2924
2956
2912
2993
3007
2969
1006
2982
2945
2995
2944
2957
2974
2961
2978
351
2958
2980
2988
1489
2963
655
2997
3006
3004
2982
2984
2994
2975
2969
874
2984
2965
3016
3002
2987
2959
2963
2957
2972
2995
2966
3004
2979
2972
2951
2959
1179
2956
2986
2956
2979
2966
2974
3006
2939
2968
2971
2991
3009
3001
2987
2989
2974
639
2983
2749
2923
2696
2947
2979
2972
2933
3005
2970
2997
2970
815
3004
2977
3033
1104
2963
2920
2804
2945
3004
2273
2937
2967
2989
3012
2994
2957
3072
2968
2987
2967
2978
2948
2979
2961
2927
2938
2994
2969
428
597
2951
2989
2911
438
3001
2970
2971
2982
2963
2997
2953
3010
3000
3001
2790
2949
3017
2701
2969
2823
2986
2720
2981
2988
3001
2954
790
2127
2971
504
2995
2918
2989
2967
3011
2954
2925
2963
2970
2973
2977
2974
2951
1049
2963
2973
2920
3007
2894
2946
2935
2989
2913
2951
2979
2964
2760
2998
2989
755
1435
2981
2968
2924
2975
2969
2953
2995
2360
2977
3006
2919
3011
3001
2972
2981
2941
3002
2973
2050
3016
2978
2987
2959
3002
2982
2975
2950
2968
2959
2994
2930
2954
1032
2999
3000
2996
3025
2849
2978
3020
2930
2974
2786
2977
2922
2987
2962
3003
2966
2980
2976
2998
2972
2979
2245
805
2985
2956
2953
2981
2962
2974
2981
2163
2980
3018
2999
402
2981
2946
2808
2875
2935
3014
788
962
3000
2975
3013
2992
3012
632
802
3014
2982
2984
3005
2886
2914
2962
2984
2404
3018
2876
2960
2968
2965
1317
2937
2971
2942
2892
2973
2993
2997
2986
2988
3028
2993
2945
2952
2957
2786
3013
2958
3001
3000
3000
2537
3059
3015
2955
2977
2979
2957
2999
3006
3006
2960
2174
2955
2977
3010
1461
3015
1660
2997
2993
2961
2956
2977
2962
2940
3010
2974
2973
3037
2964
2954
3006
2599
2998
3026
2984
2982
2980
2764
2760
2963
2952
2732
2944
2979
3005
2977
2991
1543
2673
3004
3006
633
2964
3001
2989
1042
2938
2967
2998
2977
2976
2994
2995
2999
2138
2872
3011
2992
2917
2745
2965
2923
2933
2987
2527
2955
2987
2998
2953
2988
3017
2951
2943
3011
3006
2934
2938
3012
3014
2978
2975
2952
2997
2979
3023
2655
2965
2988
2997
2992
2956
2907
2977
2954
2983
2910
1980
2973
3016
2969
335
3034
2985
2991
1116
2990
2958
2939
2969
2928
2984
2978
2979
2979
2967
2942
990
2958
2973
2969
2949
2976
2995
2805
2986
2931
3007
2968
2948
3008
3007
2961
2987
2966
2943
3037
3011
2986
2924
2994
2968
2971
2953
3007
2990
3006
2977
1303
2994
2970
2963
2942
2984
2986
3004
2981
2994
2957
2999
2971
2983
2935
2966
2975
2927
2946
2980
2976
3036
2968
2959
2975
2937
2936
3006
2979
3047
2905
2969
2989
2884
3019
2899
2971
2497
2932
2959
2928
2974
2982
2956
2970
2969
2989
2074
669
1839
2971
3012
2999
3054
1266
2992
3000
2960
2934
3009
1017
2977
2994
2960
2947
3009
2970
2987
2904
3011
2994
2993
2958
2986
2962
2977
2974
3020
1848
2974
2930
2978
2993
2938
2904
2993
3018
2969
2983
2259
3000
2975
2979
2959
2980
2997
806
2948
2922
2997
2953
326
2984
2971
2743
2992
3019
3028
2958
2814
2980
2961
2965
2961
2792
2383
2975
2997
2964
2930
3008
2991
2974
3010
2992
2987
2994
3013
2950
2976
2992
2954
2963
2996
374
2997
2990
2952
2973
2971
2986
2979
2924
2979
2960
2926
2924
2956
2753
2952
1614
2968
2980
2995
2981
2995
3003
2963
2936
2992
2985
3011
2990
2960
2999
2979
2998
2968
2994
2987
2967
1574
3007
1071
2978
2640
3027
2927
2979
2986
2978
2925
2738
2979
2998
2970
550
2949
2963
2974
2944
3015
1819
2975
2976
3012
3056
2986
2932
3019
2973
2982
2985
2957
840
2810
2968
2964
2938
1948
2985
3018
2971
3006
3020
2970
2239
3003
2966
2958
2950
2958
2777
2990
2841
2979
3003
925
2962
2959
2945
2990
2933
2957
2973
2930
2967
2984
399
2964
2972
2962
2929
3005
2978
3005
2976
2984
2463
2984
2971
2972
3003
3010
2979
2981
2897
2970
1253
2985
2880
2950
3060
2965
2961
2956
2914
3031
2990
2985
2992
1042
2812
2195
1508
3024
3068
2966
2785
2767
2995
2995
2976
2964
2988
1224
2991
2934
503
2974
2965
3004
2999
2994
2945
3048
3014
1375
3000
2797
2747
2985
2969
2623
3024
2406
3074
2995
2957
2958
2981
2912
2966
2973
2915
1692
2988
2997
2999
2980
2933
2970
3037
3002
2973
2341
2985
2963
2937
2988
2957
2463
2962
2986
2958
2930
2974
2964
2983
2850
2997
1917
2948
2995
1479
3009
2961
2976
1162
2893
3020
2974
3006
2943
3021
2955
2722
595
2979
3009
2992
2878
3001
2916
2983
2953
2996
1434
2993
2980
2909
2964
2975
2973
3012
2968
2984
2994
1166
2935
2247
2969
2998
842
3011
2761
1974
2976
2949
1840
3003
2511
2952
2951
1802
2947
3006
2967
2950
3004
2997
3000
2960
3004
2975
2573
2936
2940
2968
2969
2972
2968
2994
2979
2986
2963
2989
2954
2977
2942
2977
2975
2975
2959
2990
2980
3004
2964
3023
2960
433
2980
2967
2957
2982
2964
2984
2967
370
2975
3033
3016
2940
2946
2927
2995
2982
2641
2962
2170
2973
2980
2977
3008
2909
3021
2813
2920
2995
2949
3000
2954
2969
2989
2981
2860
1487
783
2947
2936
3001
2992
2979
2983
2948
2999
3001
2962
2936
2967
2959
2978
2936
3101
2927
3003
2641
2992
2999
2682
966
2948
2961
2954
2920
3012
2977
2979
2951
2984
2968
2948
2986
2964
2974
2977
3003
2960
2549
2870
2971
2949
2961
3025
2945
2909
3019
2973
2981
3002
978
1794
2956
2959
2950
3004
2969
3002
2982
2987
2985
2957
2921
2979
3001
2797
2982
2985
3002
3002
426
2993
2987
2962
1719
3048
2943
1488
2980
2228
2996
2933
2907
2984
2957
3048
2990
2980
2959
2998
2492
2988
2998
3022
2971
2959
2951
2955
2976
2988
2984
2975
2979
2959
2959
3010
1503
2985
2928
2985
2971
2990
2905
3016
2958
2982
2950
3003
2974
2956
1409
3005
2974
2939
2949
2999
2991
2959
2995
2980
3020
1379
2979
3004
2952
2944
2938
2999
1938
2943
2991
2969
2997
3003
3013
2984
2980
2937
2962
2939
3053
2974
2998
2092
3001
2988
2943
2975
2987
2986
2944
2324
1949
2942
2975
2995
3004
3002
2993
3011
3018
2948
2989
2959
2971
3009
2976
3016
718
2959
1378
3011
2948
2922
3001
2984
2983
2997
2986
2963
2963
2996
2814
2969
2971
3003
2950
2864
2996
1172
2987
2980
2997
2965
2947
2986
2993
2977
2956
3016
2957
2980
2998
2923
2988
2963
2985
2909
2970
2949
3037
3017
2969
3009
2322
2989
2996
3010
3005
1178
2992
3009
3002
2958
2949
2999
2984
3006
508
2947
2842
2955
2996
3039
2965
2957
2967
2983
2990
2963
2949
2967
2959
3002
2964
2929
2937
2987
2951
2975
2994
2991
2975
2990
2995
2982
2987
2980
2918
2243
2991
2902
2994
2996
2951
2976
2951
2230
2988
2954
3014
2998
2988
3017
2044
2962
3007
2926
2957
3011
3008
2975
2987
3006
2981
2989
2970
2971
2984
2957
2984
3012
2878
2974
3019
2963
425
2974
2967
2991
2936
2926
3003
2985
2982
2288
2980
2952
2957
2964
2987
2982
2969
2976
2963
2940
2940
2937
3010
2999
2993
3002
2950
2990
1593
2944
2965
2994
2984
2968
543
2917
2999
2968
2989
2964
3012
2943
2995
2966
3002
3015
779
3000
2984
2976
3002
2977
2975
2974
3006
2928
2982
3018
2981
2939
3006
2954
2977
2960
596
2958
2989
2962
2987
2975
2975
2605
3015
2992
2989
2961
3006
2974
2974
2990
2933
3011
2974
2974
1010
3032
1457
3016
2995
3026
2992
2919
2997
2975
2973
2993
2843
2940
2927
2979
2994
3012
2990
2836
2998
2995
2894
489
1613
3006
2951
2972
2972
2977
2993
2984
2977
2968
2926
2991
2959
2978
2853
2971
1818
3000
1977
2972
2975
336
2988
2925
2980
3030
2971
2832
351
2997
2957
3008
637
2992
2960
2982
3000
2943
2953
3027
2963
2927
2805
2953
2965
2930
510
2966
2995
2951
3013
2976
2978
2993
2951
2968
2993
2985
2996
2986
2968
2986
2954
2983
2898
3045
2970
2963
2947
2966
2985
2969
2980
2996
2927
2920
2998
2987
2970
2919
2907
2978
3011
2960
2976
783
2999
3011
2963
2994
2970
2999
2992
2984
2973
2955
3019
2990
2996
2985
2961
3052
3002
2998
2967
2964
3007
3001
2954
2981
506
733
2976
2897
2932
3065
2995
2980
2971
2960
2991
2960
3005
2986
2951
942
2821
2882
2964
2964
2964
2994
2978
2969
2047
2998
2976
2960
2989
3023
2955
2984
2961
2984
2961
2949
2914
3002
2938
2957
2968
3010
2936
2959
2962
2966
2986
1002
2969
2991
2976
2990
2988
2962
2956
3202
2937
3012
2997
2954
2980
2980
2943
2972
2970
3025
2915
2554
2974
2983
2981
2908
2966
2978
2963
2992
3008
3013
1940
3004
2976
2979
2973
2955
2974
2922
2999
2987
2976
3004
2961
2803
2963
2961
2034
2988
2973
2950
2999
2993
2970
3021
2972
2965
2977
2987
2915
2973
2981
2949
2982
2990
411
2997
2988
2950
2947
2976
2991
2945
2972
1444
2913
2950
2990
2988
2988
2985
2994
2954
3013
408
2984
2982
2976
2984
1251
2838
3004
2971
2967
1767
3000
2974
2960
2982
2969
3010
3003
2956
3037
2945
2978
3014
2954
2959
2965
2988
2990
3003
3001
2962
2999
1877
2995
2979
2969
2925
2982
2803
1079
2959
2985
2946
2982
383
2996
2977
2966
2948
2968
2993
2982
2690
2980
2970
2978
2990
802
2938
1013
1735
2956
2996
2966
462
2936
2966
3003
2968
3024
2965
3008
2995
3002
3003
3151
3000
2947
2967
2998
1275
2987
2949
3009
2983
2972
2966
3012
2968
2916
3012
2964
2958
2977
3014
2933
2954
2970
3006
2996
3001
2969
2983
3005
2973
2649
2994
2992
2981
2950
2990
3018
2967
2968
2985
3002
2965
3000
2953
2981
2930
2979
2883
2959
2954
2969
2980
2981
741
2934
2980
2996
2961
2952
3001
2977
2978
2982
2916
3013
2942
2988
2960
2976
3001
599
2934
2964
2933
2988
3029
3001
2966
2984
3009
1997
3012
2969
2964
2978
2978
2990
2981
2988
3048
2983
2974
426
2993
2989
2712
631
3016
1529
2943
2974
3003
2963
2991
2990
3017
2980
2986
3007
2987
2962
2972
2983
2954
2999
2961
3003
2966
3007
2982
2979
2962
2980
2988
2995
2975
2985
2888
2968
2957
2999
2993
572
3021
3026
2995
2997
3003
3000
2962
2999
3003
3035
2967
2962
2969
2989
2999
3002
2992
2974
2962
2963
424
3000
2950
2983
2980
483
2458
2955
2988
2987
3022
2970
3017
3077
2986
2935
3002
2964
2994
3003
793
3005
3102
3023
2939
2788
3013
3010
2952
706
2966
2813
3030
3010
3003
533
3031
2991
2998
2975
2974
2938
2963
2992
2960
2988
1651
2945
3011
3003
1407
2981
2973
2962
2981
3003
2987
3004
2979
3011
2982
3011
2960
1032
1640
2971
2927
1554
2984
2983
2986
2994
2714
3004
2956
2990
2999
348
2998
2955
2988
3003
2980
2949
2950
3005
2958
2950
2967
2959
2963
3028
2996
2961
2976
2991
2992
2374
2949
3010
2922
2984
2670
2938
2946
2946
3009
2991
2992
2917
2967
2979
2796
2980
2995
2990
2989
2977
2969
2980
2976
661
2943
2904
2993
408
2891
2974
2965
2995
1433
2963
2990
2987
2949
2961
2892
2978
2970
2986
2938
2956
2992
2987
2992
1000
2989
2996
2491
2971
2381
2947
2983
2998
3020
2970
2772
2958
2956
2977
2992
2994
2996
2986
2976
2994
2991
2659
2963
2985
2966
2992
2993
1998
3010
2996
2942
2960
3005
2952
2979
1726
2995
3000
2988
2952
2962
3026
2998
2981
1818
2934
3021
2958
2973
2964
2974
2967
2933
2830
2953
2982
3000
2969
1509
1389
2985
2966
3075
2910
724
2992
2995
1806
3069
2409
2973
3017
2994
3006
2983
2976
2340
2969
2997
2250
2966
2964
2982
2991
2969
2844
3019
2969
2485
679
2975
2810
2943
2935
2983
1921
2978
523
3007
2951
2990
2979
2964
483
2964
1639
3039
2973
2979
2953
3015
2993
2994
2983
1691
3001
3014
3002
2988
1368
2974
2962
2966
2948
2976
2970
2988
1338
1753
2700
2968
2988
988
2985
3013
3071
2937
3014
2972
3021
2970
2973
2985
2954
3016
2989
2961
2972
2985
2973
2999
3018
2995
2229
3005
2949
2943
2525
2951
2923
2985
2964
3007
2984
2965
2941
808
2901
2869
2985
2943
2601
2973
2973
2961
2960
2813
2996
3070
2900
2936
2837
2972
2993
2994
2953
2375
2996
728
2965
2985
2956
2994
3016
2971
2955
914
2979
3033
2983
2983
3013
2996
2929
2972
2978
2905
2995
2971
2961
1714
1409
2923
512
3005
2977
2961
3019
2985
2951
2965
2991
3065
2989
3005
2991
2963
2993
1592
3010
3001
3004
2955
2965
2958
2916
2000
2949
2971
2978
2981
2567
2950
2961
2991
2928
2299
2694
2809
2986
3011
2998
2988
2881
2966
2855
2953
2976
3004
2977
2977
3043
2925
2996
2981
2984
2968
2974
2965
2998
2976
3004
3010
3012
2983
2981
2969
2971
2996
2933
2946
2937
2974
2978
2969
2973
2992
1110
2944
2960
2994
2960
2988
2954
2980
2984
2947
2999
2980
2960
3028
2983
3002
2978
2994
930
3039
2815
2973
2996
2979
2980
2983
2966
1488
2970
2935
2953
2661
3003
2986
2963
2984
2899
2944
3014
2926
2993
2990
2981
2936
2998
2974
2976
2980
2974
2937
2973
1095
1668
3049
2971
874
2959
2993
2949
2919
2970
2791
2974
2953
2963
2963
2938
3001
2977
2978
2759
3074
2984
3002
2979
2960
3000
2991
2949
2996
2926
2980
3006
2979
2936
3006
2981
2789
2972
2994
3000
2935
2954
2983
2988
2954
3015
2969
1907
2990
1427
2979
2994
2920
2964
2966
2966
2962
1396
2966
1890
2994
2904
2969
3016
2991
2999
2404
2981
2437
2995
1475
2952
2982
2950
2986
2939
2988
2972
2952
3003
2999
818
2975
2985
1774
2768
3017
2985
2993
2998
2969
3003
2743
2940
2931
2993
2962
3017
2495
1672
2973
2968
2967
1213
2977
2956
2987
2949
2954
2999
2892
2965
2912
2988
2966
3014
2835
2932
2912
2990
3036
2975
2947
2988
1797
1299
2978
2981
2955
2957
3039
2986
2927
2974
2960
2944
2975
3051
3005
3000
2961
2990
2967
3000
2958
2529
3020
2983
2959
2972
2971
3016
2988
2968
2999
2965
2970
2925
2984
3011
2982
2958
2949
2961
2925
2970
3000
2958
389
2993
3025
2938
2961
2995
2962
3015
2974
869
2872
2998
2982
2967
2981
3006
2941
2948
3013
2990
2788
3011
2710
2980
2949
2895
3015
2987
2989
2979
1561
2981
419
2732
2927
2988
2809
2317
1986
2987
2989
2979
2985
3002
2007
2995
2947
2991
563
3025
3025
2998
3003
2963
2928
2993
2979
2989
2995
2961
1893
2931
2985
2967
3033
2990
3013
2987
2972
2998
588
2948
1799
3004
2948
3023
842
1629
1039
3026
3022
3000
3007
3008
2992
2959
2847
1752
2636
2975
2978
2967
2943
2971
3016
1280
2943
2991
2953
2939
2999
3004
2970
2995
2972
3012
2961
2989
3016
2988
2973
2974
2904
2488
2954
2913
2960
2925
2998
2996
2962
2982
2986
3004
2972
2987
2985
2966
2989
2906
2955
2359
3000
2975
2981
2972
2965
767
2998
2337
2334
1325
3002
2993
2013
2991
2974
2971
2791
2983
3003
1518
2957
481
2988
2965
3010
3004
2998
2981
2966
2924
2991
2985
1869
2974
2947
2898
2985
926
2946
3037
2916
1957
2940
1588
2965
2908
2936
3011
2985
2995
2952
3034
2947
2955
2976
2931
2544
2849
3012
2984
2979
2995
3001
2955
3004
3005
2977
2929
3008
2030
2991
2950
2956
3028
1038
2970
2977
2964
2964
2986
2701
2889
2978
2987
2966
3045
936
2999
3009
3019
2994
2962
3016
2951
2975
2989
2976
2979
2989
2909
2989
2965
2978
2961
2997
2974
2966
2970
2999
1878
2968
3014
2971
2990
1755
2966
2994
1302
2994
2314
2987
2983
2988
2972
2989
3009
2991
2971
2974
2969
2986
2961
3005
896
2965
460
2981
2220
2965
419
2988
2989
3034
2996
2957
2971
2980
2765
3045
2990
2976
2987
2981
3003
2949
1435
2929
2975
2953
3037
3006
3015
2979
2664
2923
2975
1554
2977
2949
2973
2919
3016
2980
852
2955
3020
3026
2946
2918
2968
2447
2988
2977
3004
2980
2965
2964
2980
3018
2589
2999
2742
2983
2967
2167
2964
2948
3004
2956
3007
2955
2203
3016
2947
2787
2996
2911
2994
2995
2978
2965
3023
2952
2989
2990
2966
2945
2940
2966
2296
2983
2742
2974
2981
2714
2985
3003
2953
2942
2796
2972
471
3022
2959
2987
2973
2983
3004
2953
2988
1769
2977
2964
2993
2986
2609
2986
2939
2952
2993
2930
2991
2976
2937
2987
2974
2593
3004
3002
2919
439
2940
2530
415
2786
2939
2977
3023
2975
2983
2985
2983
3045
2944
2993
2968
2974
437
2962
2999
2969
1754
3003
2992
2970
2982
2908
2978
2981
511
2947
2988
2964
2967
2959
2920
3011
2983
2951
3001
3009
2974
2971
2986
2962
2992
2969
2989
2951
3010
2955
394
2967
2982
2973
2944
2994
3023
2845
2973
2989
2966
2992
2970
2985
2972
2995
2739
2949
3016
1209
3039
2897
3007
2979
2983
2971
2969
3004
2376
2973
2956
453
2339
3011
1483
2957
3016
2958
2975
2961
2916
2989
2958
2656
2982
707
2997
3002
2908
2966
2978
2979
1357
2968
2986
2893
2956
2941
2992
2981
2974
3047
3024
2968
2919
3014
2965
2965
2932
2970
2952
375
2984
2962
564
2994
2995
2974
2969
2987
2949
2975
2976
2964
3001
2985
3015
2986
2944
2984
2960
2971
3004
2978
2918
2752
2966
3010
2907
2962
2986
2979
2994
2999
2903
2517
2996
2969
2943
2999
2966
2939
2994
2808
2984
2433
2975
2958
2928
3008
2920
2982
2992
3006
2960
476
2926
2954
2997
2986
2992
2939
2930
2994
2992
2972
2945
2989
2983
650
2971
3000
2987
2973
3029
2962
3004
676
3021
2988
3008
3013
2992
3001
2950
2960
2996
2951
2998
2996
3014
2946
2924
2984
2986
2956
2979
2996
442
2980
2961
2998
2776
1019
2931
554
2949
2985
2979
2450
2939
3005
2980
2977
2966
2986
2956
2983
2945
2880
2962
2910
2993
2987
2997
2925
2972
2983
2954
3004
2968
2991
2496
2977
2927
2978
2990
2984
2936
3000
3000
2986
2415
2983
3015
3007
3005
2994
430
2974
3005
2987
2909
2965
2979
2904
2981
3015
2894
2963
2989
2944
2960
2998
2979
3009
2903
2993
3001
561
3006
2665
2973
2082
2970
2809
2964
2948
2972
3005
1243
2960
2969
3026
2986
2950
2951
2910
2975
3004
2996
2954
3026
2996
2996
2995
2950
3017
2988
2964
3015
2976
2968
2921
2980
2987
3009
3029
3015
2953
2978
2996
2616
2994
2978
2942
2994
2985
2980
2992
2965
2995
2961
2967
2927
3016
3019
2970
2989
522
2994
2949
2975
3009
3007
2928
2962
2683
2978
3027
2996
2963
2921
2987
2965
2974
2972
2969
3006
2981
2989
2985
2958
2991
2950
2223
2955
3013
2961
2679
2944
2995
2988
2895
2983
2995
3007
3004
2921
2950
2985
2973
2924
2997
2945
2963
2948
2985
3018
2970
2986
2488
2968
1435
2733
2777
2944
2960
3000
790
2971
2986
2910
2984
3021
2971
2990
2977
3024
2955
2966
2978
2962
2991
2978
657
3003
2986
2901
2976
2907
2950
2997
2959
2965
2977
2949
2969
2959
2957
2904
860
2958
3013
2946
3003
2982
2980
2997
2970
2970
2961
1887
2961
2934
2984
2996
2974
2990
2931
2946
2942
2972
2976
2976
2980
2962
2951
2997
2842
2964
2967
2969
3055
2989
3021
2965
2963
2911
2993
2969
2998
3013
3003
1440
2938
2990
2982
2965
2979
2977
3002
2987
2990
2959
3000
2951
2961
2977
2964
2955
2981
2991
2984
2986
3025
3016
2988
2957
3019
2083
2967
2982
3001
2937
2999
2993
2983
2975
3026
2960
2949
1741
2979
2843
2890
2992
2983
2988
2956
2970
3030
2952
2982
3000
2971
2966
2958
516
2950
3007
2978
2980
2928
3003
2968
2986
2926
2972
3027
2981
3002
2973
2443
2988
3008
2968
2992
2985
2981
2950
2993
946
745
1870
2994
2944
2955
2975
2953
2994
2963
2987
2987
2977
2929
2976
3006
2938
3015
3006
1061
3004
2991
2956
3012
3019
3026
2975
2980
2949
1056
1690
2991
2949
2990
2946
3013
2951
2996
2999
2960
356
2949
3067
3003
3009
2995
2810
2256
2960
1766
2907
3002
2941
2970
2983
3006
2979
1880
2989
2949
2984
2409
2986
2977
2997
2922
2997
3019
2968
2985
2978
3006
2975
2980
2970
2975
2984
2968
2972
1282
800
2987
2936
3010
2978
2977
2960
2990
2625
2409
399
2969
2967
2976
2856
3010
2942
654
953
3007
2988
3020
2966
2956
2939
2984
2988
2963
3015
2974
3019
2976
2994
2812
2899
3006
2990
2995
3000
2931
3008
3003
2994
2958
3017
3002
2983
2345
2987
2972
2995
2957
1734
3008
2950
2974
2983
2915
2964
2987
2964
2983
2979
3002
2967
3008
839
2980
2994
2982
2999
2963
2946
2966
2998
2930
2983
1749
2951
2970
2968
2972
3023
2989
2962
2992
2983
2919
2934
2959
1986
2340
2965
2980
2986
2954
2970
2989
3084
2975
2996
2961
2975
3006
2975
3008
3015
2996
2995
2918
2954
2982
2982
2953
2951
1668
2307
2970
2982
2985
2958
2999
2977
2997
2988
2963
2830
2965
3010
2997
2841
1330
2994
2984
2958
593
3007
2987
2987
2971
2972
2994
2994
3003
2994
2988
3016
2992
3006
2967
2954
2982
2975
2041
2971
2942
3010
2981
2988
2982
2971
2986
3008
2968
2980
2976
2958
2974
2969
704
2994
2974
3001
2984
2979
3002
2981
2982
3010
2319
3009
2935
2964
2994
2742
1472
2939
2978
3055
2966
2970
3004
3014
1172
2989
3012
1695
1883
1393
2988
2941
2269
2980
2827
2983
2993
2931
2988
2978
3065
2873
2987
2249
2128
2981
2994
2914
2971
2970
2942
2986
2868
2980
2973
2983
2902
2932
3003
2942
3049
3002
3000
1514
740
2949
2972
2975
2981
2984
3006
629
2999
2960
2969
2978
3005
2973
3032
2867
3005
2913
2923
2958
2987
2981
827
567
2993
2990
2288
897
2971
2966
3020
2999
2990
2977
2995
3051
564
2965
1620
2995
2961
2627
2974
2897
3002
2984
2916
2973
2964
3021
3026
2975
2820
2992
2988
2958
2974
2977
3005
2637
2989
2951
3003
2986
2979
2960
2942
2969
2984
2998
2313
2907
910
1169
2958
3012
2943
2987
2957
1308
2990
2936
2992
2974
3018
2937
2960
2989
1225
3010
2928
2994
2965
2774
2968
2986
651
2984
2966
834
2988
2995
2983
2959
3002
2999
1831
2994
2940
2982
2959
832
394
2950
2953
2982
2967
2978
3020
2980
2976
2993
2483
2941
2989
2953
2959
2957
2972
1473
2944
2972
2960
2987
2964
851
2987
2986
2970
3009
2994
2984
2952
2937
2992
2970
2171
2964
2893
2997
2955
2997
2984
2945
836
2975
2970
2979
2959
2981
2978
2979
2982
2973
2917
2989
2987
3005
2986
2982
2992
3013
2976
2974
2970
2983
2947
2963
2941
2013
2960
2984
2965
2959
2958
2967
3009
2966
2945
2996
2964
3007
2968
2993
3025
2958
2945
2961
2976
2993
2643
2996
2986
2980
3000
2979
2975
2971
799
3018
3017
1463
2963
2988
1087
2998
697
2973
2983
3005
2964
2983
3001
3052
2958
3009
2978
2998
2972
2965
668
2980
2999
2918
3019
2965
517
3014
2974
2997
416
430
2943
2943
2977
3010
2979
2819
2985
2965
2962
2906
2959
2981
3032
2950
2989
2989
2942
2994
1291
2851
2963
3008
2993
3016
3002
3027
2990
2966
3017
1396
3004
2726
2950
2966
2953
2998
2856
2965
3000
2976
2988
2964
327
2956
3049
2984
3005
2961
3015
2975
2924
3011
572
2928
3015
3005
2995
2928
2973
2929
3005
2982
2535
2982
2981
2993
2970
2993
2987
2988
3006
2965
2972
2936
2998
3050
2967
3018
2996
669
2966
2860
1856
2965
2932
2978
2647
2981
2983
2980
2982
2989
2977
3006
2972
2982
2993
2986
2663
3001
2983
750
2931
2858
2975
2977
2964
2970
3007
2973
2836
800
2995
3005
2975
2958
2972
2978
425
2940
2992
2970
2995
2976
2957
562
2942
2967
2989
2930
2888
2967
2881
2964
2867
2982
2973
955
2980
2964
2991
1863
2990
2970
2785
2968
2853
2996
3001
2978
2981
2963
2970
2571
2973
3002
2944
2967
2960
2960
2988
3010
2972
2440
2981
2969
2986
2985
2983
2937
3006
2748
2959
2999
2971
2949
2976
2971
2964
2958
3005
2945
2995
2975
2973
3003
2976
2001
2979
2991
2932
3009
2987
3011
2949
1449
2972
2981
2957
2954
2983
2993
2991
2556
2995
2981
1465
2991
2981
2992
2953
2968
2970
980
2996
3010
1618
2969
2954
3065
2950
2957
3002
2956
3001
3007
2950
2978
3004
2835
2954
2978
3050
2995
2991
2985
2982
3001
2967
3018
2885
2962
492
2987
2967
2971
2942
2968
2997
2740
2983
2981
2978
3017
2987
2972
3035
2976
2981
2962
1670
3044
2953
3005
2976
2967
2974
2946
2946
2995
2960
2986
2990
2986
2969
2973
2989
2974
2956
2970
2742
2958
2609
2927
3002
2965
2909
2969
2713
2960
2953
2940
2964
3007
1317
2923
3048
2973
2996
3016
2849
2154
2973
2976
2971
2953
1916
2991
1816
2979
2980
2953
2967
2959
1585
2588
2914
2948
3006
3016
2985
560
3063
2972
2969
2967
3011
2931
2969
2955
2981
1183
1933
2961
2968
832
2980
2982
2841
2980
2996
2971
3023
474
2979
2951
3002
2939
2974
2975
2923
2926
2995
2992
2897
2999
2949
3013
3050
3063
2975
2928
2966
3018
2972
3007
3012
2990
2956
2992
2976
2985
3010
2956
3031
2994
2971
2954
3015
2975
3024
2952
2991
2964
2983
2985
2955
1580
2975
2997
2985
3022
2977
2940
2919
3009
2855
2934
2974
2989
2978
2992
3014
2983
2969
3046
2992
1704
2982
2973
509
2966
2963
3020
928
2956
2654
2955
3034
2982
782
2930
2995
2954
2985
2994
2988
2961
2984
2935
2979
2978
3012
2981
2965
3035
2981
2967
2986
3005
3003
2975
2159
1078
2978
3016
1784
2923
2905
2989
2964
2981
2950
2995
2947
2984
2979
545
2951
2967
2973
1305
2980
2955
3009
2984
2958
2764
2985
3003
2911
2951
2935
2971
2975
2951
2982
2965
3016
2946
2701
2976
2951
2993
2998
2861
3012
2980
2978
2979
2961
2912
2980
2982
2989
2774
2973
2963
2998
2963
407
2617
2999
2971
2996
2976
3005
2957
819
2930
2969
1981
3008
2973
2827
2986
3000
2944
2275
2923
1487
2992
2220
2998
2948
2997
3056
2985
2992
2974
2973
2980
3003
2858
3000
3025
2982
2966
3010
3002
2732
2963
2978
2954
2796
3017
2955
2995
2981
2978
2683
1814
2972
2135
2074
2975
2964
2993
3016
3004
2968
2989
2966
566
2659
2972
2871
3071
2966
2946
2973
2974
2965
2970
2956
3045
2919
1054
2889
2973
2950
2966
3005
2971
2988
1254
2986
3002
2937
2943
2977
2982
2971
2956
2985
1798
2970
2962
2966
2961
2941
2985
3032
2999
2978
2990
3000
1309
2983
2985
3004
2978
3022
2548
1640
2967
577
586
2907
2934
2946
2920
3039
2977
2990
2999
1357
2970
2969
3048
2949
3019
2956
3004
937
2980
2376
2991
3005
2992
3024
2964
2987
3000
2967
2947
1721
2971
1925
2999
2978
2949
2996
907
2979
2981
2969
447
2996
3010
2976
2988
2987
3001
2826
2814
2978
2961
2956
2982
2924
1743
2987
2983
3017
2970
3013
2995
2992
3015
2998
2973
2979
2915
2913
2945
2997
2960
900
2870
2936
2012
3002
2992
3016
2953
2807
2991
2897
3006
2974
2884
2983
2965
3003
624
1817
2976
501
2997
2994
3017
2909
2967
2812
2955
2968
2968
2942
2968
3000
2709
2962
3003
2991
3013
2957
2978
2994
3002
3002
2941
3001
2978
2984
2995
2967
2971
2995
2961
2934
3000
1729
2979
3022
2273
2840
2926
3038
528
2982
2966
2764
2985
973
2973
2990
3004
2942
2450
2902
2594
2988
3005
3018
2979
2948
2968
3001
2971
3020
3002
2087
3004
2944
2970
2958
2977
2947
2942
2945
2976
2978
2914
2980
3021
2951
2973
2957
2942
2961
2943
2960
3021
2976
2994
2992
2972
2953
2918
2982
2982
2956
2952
2960
2999
2978
2926
2335
2941
3000
2963
3012
2974
2944
3031
3015
501
2949
3001
2992
2986
2968
2965
3012
2971
2966
3010
2972
1167
3027
2989
3004
2953
741
3013
2958
2226
2937
2946
2995
2971
2991
2971
3008
2943
2981
2972
3008
3014
1337
3002
2988
2973
2974
2893
2953
2986
2119
2959
3022
2978
2905
2969
2920
2991
2927
2970
2939
2971
3002
2984
2989
2956
2980
2993
2983
2985
2977
3030
2992
2892
2926
2960
2980
2894
2999
2984
2956
2992
2928
1251
2926
445
3005
2980
2960
2991
3036
3032
2976
2979
2906
2997
1938
2993
2991
2835
2987
2992
3010
2947
2903
2996
2939
3002
3012
2943
2992
2953
2975
2943
2983
2813
2947
2961
2978
2963
2978
2987
2980
2964
2964
2994
2968
3007
2987
2996
2961
2991
3005
2922
2975
2985
2962
2942
2916
1200
3007
2964
2983
3001
2979
2982
2971
2967
2976
1092
3010
2999
2731
2853
2994
2969
2785
2990
3005
2992
2974
2982
2972
2979
2964
2984
2658
3001
2979
1800
3016
2997
3004
2981
2957
3006
2971
2936
397
2987
3023
2990
2957
2966
2973
2975
2979
2997
1135
2979
2758
2940
3001
2969
2980
2829
2938
1903
2991
2985
2964
3003
3009
2984
2024
2971
3000
2996
2947
3020
2947
2983
3006
2989
451
2975
2991
2987
2984
2982
2971
2991
2992
2972
2973
858
2968
2409
3010
3000
2525
2979
2987
2985
3011
2990
2977
2489
2984
2981
2975
1360
2953
2998
2974
428
2987
1931
2926
2966
2240
2992
2881
3012
2989
3005
2965
2986
2982
2967
3029
2988
2976
2962
2949
2968
2983
2906
2977
2944
2991
2982
2952
2993
2969
2964
2986
3000
2972
2937
1458
2997
2988
445
2988
2974
2983
2959
2982
2965
406
2845
3018
2973
3025
2973
2923
3000
2946
2956
2964
2978
2964
2964
2995
2928
2911
2977
2904
3001
2983
2968
2982
2993
2956
2800
3015
2993
2998
2993
2977
2845
3001
2993
2982
2964
2948
2923
2956
2962
2905
2986
2990
3003
3009
2992
2941
2998
3022
2975
2973
2971
2987
2991
3016
1406
2959
3016
2959
3001
2982
2978
2923
2998
3033
3034
2967
2952
2989
3002
3022
2940
2990
2260
2948
2974
2985
2995
3001
2998
2982
3001
841
2979
2935
2988
2982
3024
2962
2968
2992
2992
2954
2974
3011
3002
2887
1553
3001
2915
2986
2985
2987
2941
2974
2975
423
2787
2985
2991
2945
2971
2990
2965
2988
3009
2957
2997
2978
3011
2967
2431
2944
2951
3009
2973
2909
2998
3032
2983
2935
2912
2999
3002
2963
3024
2986
2938
2957
2991
2975
2979
3035
2963
2979
2882
3015
2968
2959
2722
2979
2995
2967
1000
2961
1848
3002
1942
1315
3022
2965
2966
2918
2992
3006
2989
1205
3002
2406
2942
2999
2916
2998
2736
2971
2976
2990
2956
2958
3081
3001
3091
2980
2990
3006
2964
2980
2911
2969
2998
2956
2995
2997
2986
2346
2986
2950
2980
3004
1865
2982
2938
2942
2318
2973
2998
2971
2978
2962
2491
2997
2986
2929
2979
2981
2751
2944
3005
3056
2895
3021
2971
3038
2984
2958
3001
2981
2977
2993
2971
2979
2958
2994
877
2714
2951
2960
2982
2986
2948
2997
2937
2959
2926
2687
2691
3002
1306
2989
3006
2961
2993
2996
3055
2985
1027
1662
3006
2967
2931
2991
3005
2996
662
2969
2928
2152
2992
2871
3001
3012
2956
2984
3000
2990
2700
2958
2819
2987
2965
2999
3040
2974
2953
2982
2990
2971
2972
2943
1533
2939
3059
2957
3000
2967
2989
1218
2961
2970
2971
2988
2943
3022
2992
2974
2959
2952
2968
2949
2959
2980
2969
3005
518
2956
2996
2983
2974
2983
2994
3048
2977
3011
2953
2997
2962
3007
2985
2978
2975
2977
2951
2942
2987
2983
2986
2984
3024
2962
2963
861
2969
425
3001
3018
2953
2977
2981
3006
2965
2932
2969
2953
2986
2842
2889
2990
2921
3015
2958
2939
2910
2982
2951
2966
1941
2984
502
3050
2937
2982
2988
2984
3009
2947
2968
3001
2977
500
2957
3011
2959
2968
2995
2979
2949
2957
1859
2998
2990
2946
2984
2950
2996
1234
3065
1464
2942
371
2181
2965
2984
3006
2998
2987
2989
2825
1618
2973
2980
2919
2994
2951
2942
2979
2950
2944
2981
2961
2909
2959
2971
2958
2957
2904
2980
2986
2994
2979
2921
3009
2981
2983
2975
2995
2986
3002
2939
2964
2977
2941
3015
3003
2893
2955
2967
2998
2962
3012
2954
2608
3007
2963
2973
2947
1383
2916
3008
2962
2968
2981
2942
2945
3006
1372
2998
919
2987
2946
2957
2983
2938
2992
2959
2918
2603
2991
3014
2955
2966
2961
2992
693
3009
2969
3038
2974
2762
2991
3010
2775
2926
2981
2996
2909
2966
2987
2947
2908
410
3008
2972
2372
3021
2968
2977
2992
3014
2988
2989
2960
2977
2883
765
3015
2950
2968
3004
2974
2921
3000
2990
3010
2994
3007
2973
2952
2979
2994
2973
2968
2987
2997
2967
3001
3011
2965
3012
2982
2991
2983
2988
2965
2976
2974
2929
2985
2995
2942
3000
2950
2978
2972
3006
2410
2771
2954
2965
2987
2968
3006
2849
2991
3007
3036
2928
2965
2999
2980
3008
2975
2492
2993
2958
2979
2949
3023
2945
2958
2943
2336
2805
2971
2985
2995
3035
1887
2997
2918
2973
2934
842
2947
2945
1953
3003
2960
2636
2946
2962
2983
1603
2977
3001
2976
2993
2985
2967
2972
2988
2957
3004
2981
2967
2987
2999
2947
2993
2983
2997
3000
3010
2999
2858
3006
1579
2985
2954
2958
677
2958
2948
3041
2914
2957
2979
2983
2966
2983
1972
2997
2999
2975
2984
2991
3001
2979
2950
3004
3033
2954
2983
2963
2991
2932
2981
2970
2975
2966
2953
2987
2979
3001
2999
2888
2982
2966
2977
2986
2957
2972
3027
2979
3015
2981
2988
2986
2964
2996
2912
2316
2958
2954
2998
2965
2102
2946
2975
2957
2242
3003
2984
2974
1070
2965
392
2985
2979
3005
2841
2971
1069
2987
2987
3019
3006
2988
2933
2995
2997
2974
2745
2968
2989
2962
2981
2975
2957
522
2979
2945
2970
2371
2982
3024
2952
2961
2997
2963
2942
2969
2980
3008
2987
2947
2931
2940
3001
2958
3026
2968
2975
2902
2985
2968
3005
1541
2978
2958
2999
2975
381
2985
2950
2976
2966
2925
502
2981
2981
3006
2877
2979
2984
2966
2951
2975
2960
2977
2957
473
2968
2979
2982
825
3015
823
2952
2965
2982
2980
2996
2939
2981
2978
3009
2953
3002
2958
2512
2974
2950
2923
2961
2973
3004
2959
2983
2989
2992
3000
1332
2935
2747
1674
2968
2995
2979
2994
3000
2899
2969
2940
2967
2990
2950
3001
2968
2993
3020
2755
3006
3013
3040
3022
2996
2985
2917
3011
2979
827
2984
2957
3026
2970
2999
2994
3031
2966
2980
2959
463
2986
2977
2968
2994
2973
2954
2961
2993
2999
1344
2963
2590
2993
2181
3004
3007
2949
2924
2978
2945
2985
1067
2994
2957
2895
2972
2979
2987
2945
2414
2939
2974
2952
2998
554
2920
2845
2999
3019
2986
3009
3007
2529
2977
3017
2954
2978
2948
2979
2960
2950
2971
2963
2976
2971
2960
1978
3009
2997
2951
3013
3007
2955
2994
2969
2946
2976
2974
3005
1948
2912
2989
3020
2960
2979
2973
450
2998
2973
2988
2911
2832
574
2970
2363
2886
2930
2956
3015
2988
3020
2988
2966
2944
2973
2992
2980
2970
2976
2957
2976
2986
2854
2962
2959
2927
2954
353
1414
3001
2938
2959
2928
2978
2991
353
2911
2612
2978
2940
2982
2971
2941
2930
2968
2967
2443
2970
2973
2947
2899
2987
2985
2823
2969
2988
2989
2978
2985
2971
2992
2968
3082
2998
2972
2936
3000
2980
3008
3015
2968
2970
2984
2045
2941
2949
2995
933
2970
2970
2990
2953
2977
2966
2833
2984
2977
2833
3001
2989
2963
2987
3019
2948
2928
2997
2951
2961
2929
2989
2948
1704
2952
2980
2985
2995
2940
2959
2973
2967
2990
2979
2997
2981
2991
2992
2950
2817
2938
2962
2970
2892
2985
2959
2955
2963
3007
2973
2991
2994
3020
2967
2968
2957
2968
2967
2957
2975
2996
2983
3005
2991
2987
2997
3017
2975
2954
1208
2922
2986
1207
2952
2994
2881
2795
1506
2919
3004
2226
2342
2982
2985
2986
2983
2976
2996
2985
2995
2962
3012
2988
2964
2946
2998
2959
3092
2966
2952
3001
2978
2986
2991
2984
2965
3001
2962
2997
2865
2962
2967
2084
2983
2973
2684
3013
3056
2942
2962
2219
2933
2930
2994
2897
2962
1779
2966
2966
2977
3014
2379
2977
2984
2988
2980
2221
2953
2994
3024
2981
2981
2976
3021
2981
2982
2949
2926
2991
750
2979
2957
2938
995
2996
2988
2973
2489
2993
2969
2980
3016
2964
2994
2989
3001
2978
2970
2940
3005
2919
2972
2969
2981
2978
1040
2950
2976
1245
2950
2967
2735
2962
3016
2979
2994
2993
3001
2950
2938
1294
2980
2733
2976
2999
2951
2972
2992
2937
2968
2980
3024
3018
2970
3042
2959
2972
3002
2990
2968
2946
2946
2992
2873
2989
2982
2956
2954
2941
2938
625
3007
3007
2978
2686
2944
2950
3002
2981
2960
3014
2713
2971
2797
2927
2931
2991
2969
2986
2987
3010
461
2920
529
685
750
2971
2967
2970
2921
2995
3015
2987
3006
3008
2986
2600
2925
2990
2997
2083
2974
2966
2988
2959
2633
2987
2928
1804
2947
2925
2995
2950
3005
3029
3022
2943
2981
1085
2983
2948
2977
2914
577
2866
2998
3001
2919
2036
2984
2985
2974
1438
2977
2967
2990
2994
3005
2921
2979
2526
2974
2962
2659
2937
2977
2957
2991
3002
2971
2983
2969
2997
2965
3018
2984
2931
3060
2954
2970
2959
714
2973
3007
2983
3023
2996
2969
3042
2998
2966
2955
2960
3002
3025
2938
2976
2991
2973
2966
2968
2982
2947
2948
2941
2968
2951
2973
2929
2987
2978
3012
2989
2980
2575
2908
2942
3030
2965
2920
2995
2993
3010
3021
1087
2963
2961
2977
2974
2964
1768
2975
2930
2982
2778
2967
2968
2998
2993
1595
2999
2936
2972
2521
2960
423
2987
3005
2994
2939
2984
2951
2982
2913
3014
2970
2963
3002
2957
2970
2966
2997
2917
2973
2964
2476
2982
2990
2956
2945
2994
2978
1889
2989
1999
2975
3004
3001
2919
1577
2960
2992
2937
2974
1806
2478
2964
2218
2998
2972
2915
2996
2950
2950
2902
2988
3005
2963
2974
2990
372
2995
3002
2853
2998
2898
1718
2978
2822
3013
2969
3006
2976
2947
2990
2932
577
2951
2966
2954
2946
2990
2981
2953
2975
3019
3003
2996
2944
2924
3010
2979
2992
1081
2960
2975
2994
3000
2973
3055
2956
2961
2989
2885
3009
2972
2993
2958
3014
2967
2979
2958
2980
2937
2951
2935
2922
2961
2971
2958
2977
2980
2990
2954
2946
2979
1840
2977
2639
2280
2947
2951
2923
2992
2980
2971
2989
2926
1255
3026
2959
3009
2974
2967
1277
2968
3010
2957
2974
2955
2975
2996
418
2954
2978
2909
2966
2963
3025
2988
2958
3006
3005
669
2976
2951
2976
3016
2988
2975
2769
3009
2964
2970
2973
1275
2963
669
3003
2949
2998
2977
2977
2996
2971
2993
2995
3013
3019
2976
2959
2632
2999
3010
2980
2983
2845
2980
2973
2967
2976
2991
2975
2996
2904
2978
2959
2997
1671
2996
2987
2966
3018
2969
2991
2997
2995
2967
410
799
2981
2981
2643
2976
2994
2951
2948
462
2975
2969
2961
2997
3044
2989
3006
2920
2990
3009
2943
2940
3001
2965
2993
2990
2970
2967
2985
2945
3016
2997
2970
2999
2958
3001
2953
2953
2999
3011
2992
2939
2978
3006
2981
2959
2964
2930
2412
2996
2958
3001
2974
3000
2942
2997
3006
3035
2964
673
2938
2806
2964
603
2978
2986
2541
1983
2995
2957
2562
2968
3003
2962
2987
2987
3008
2970
3019
2902
1733
2940
2960
3028
2986
1842
2963
2984
2989
2988
2978
2964
2945
1322
2960
2971
2976
2968
1592
2985
2998
3011
2947
2961
2952
2972
1501
2783
3012
3030
2987
2983
2979
2960
3010
2969
2898
2994
2970
3027
2974
2937
2984
3003
2732
2987
3009
2906
2979
2847
2955
2938
2150
2978
3034
2970
2950
3035
2977
3013
2901
2966
3014
2457
3004
3013
2944
1869
3004
2960
3002
2956
2949
2996
2959
2995
2989
2972
2990
2990
2978
3013
2927
2966
381
2990
2983
2967
2994
2976
2960
2963
3007
2987
2996
2900
3007
2941
2980
2996
2975
3001
2994
2962
2924
2985
2981
2761
3008
2985
2900
2925
3013
3006
2972
2861
2992
2847
2968
2989
2403
2963
1396
2983
2978
2950
2991
2944
2983
2966
2970
2942
3048
2969
2971
3033
1488
3012
2998
2986
2979
2945
2954
2989
2990
2986
2982
2930
2988
1593
608
1601
2959
2958
2974
2976
2992
3013
2993
2997
2991
2951
2859
2980
3001
3046
2966
1132
2992
2993
2971
2407
3006
2960
2933
3020
457
3002
2984
2986
2982
2988
3018
2963
2877
2981
1967
2959
2969
2944
2957
2974
2952
2972
2991
2952
2978
2998
2992
2977
2690
2957
329
2990
2981
2889
3000
2999
2926
2945
2967
2936
3003
1565
2967
2896
2969
3020
2987
3028
1930
2995
2969
2968
2972
669
2976
2990
726
2989
2949
3004
2996
2906
3007
2942
2975
2990
2600
2986
2667
2921
1078
2978
1860
3020
2970
2987
1324
2975
1047
2925
3023
2989
2984
2978
2982
2219
2998
2954
2956
2972
389
2928
2938
2935
2951
3006
2977
2992
3006
2991
2960
2978
2991
2964
2911
2955
443
2990
628
2964
2967
2925
1780
2990
2953
2960
2974
2980
2964
2809
2963
3027
618
2928
2987
2947
3002
2976
2991
2986
975
2983
2962
2982
2987
2964
3003
2975
2838
914
2928
2911
2968
2947
2973
2962
2973
2976
2949
2988
2975
2958
1513
2992
2983
2961
586
2936
3021
2930
2966
2964
2989
3030
1904
2980
3003
2992
2983
2975
2963
2943
2950
2962
2910
2938
2953
2990
2804
3003
2970
2989
3003
2960
3000
2959
2998
3000
3049
2952
2346
2979
2984
2990
1483
2946
3002
2956
2964
3000
2964
2960
3028
2981
2929
2985
2974
335
2995
948
2952
2926
2946
2961
2223
3028
2970
2982
2963
3049
2929
1926
2987
3005
2985
2954
2992
3012
2906
2962
3017
2981
3027
2924
3015
3003
2902
2935
2995
3042
2980
2931
2963
2973
2930
2987
2997
2999
2975
2960
2953
990
2966
2992
2964
2979
2954
2965
2987
3024
2982
2976
2992
3000
2820
2994
2997
3000
2918
3002
3008
2958
2905
2960
2971
2973
2969
3002
2960
2949
2999
2645
2942
2948
2954
539
2965
2911
2049
2988
3010
2925
3015
2984
2980
2216
3002
3005
2995
2993
2978
2965
460
2989
2983
2969
2838
2985
2905
2980
2994
2952
1378
2987
2968
2949
2970
401
2939
2974
2976
2976
2986
2988
2998
2984
2856
2987
2983
2997
2991
3004
1282
2961
2976
2958
2977
1981
2989
2989
2979
2982
1016
2952
3002
2969
2977
2951
3036
2991
2951
2951
2947
2975
2972
2905
2904
1541
2925
2971
2984
2995
2982
2957
2988
2965
2956
2956
2960
2970
2945
2994
712
2948
2970
2927
3006
2974
3007
2811
2975
2925
2974
2947
976
2984
2951
1091
2958
2989
2968
3013
2984
2940
2955
2978
2885
2970
1849
2987
2956
2988
2998
2967
2990
2970
2968
2939
822
3010
2959
2911
3012
2992
2995
2999
2996
2846
3004
2959
3000
2973
2968
2964
2977
2958
3009
2944
2904
1906
2985
2965
2998
2971
558
2985
2987
2980
2973
2852
2965
2987
2988
511
3006
2979
2980
2993
2973
2962
2995
397
2986
2943
3007
2989
2192
3008
2950
1440
2750
2975
1037
2337
614
2648
2951
3036
3034
2973
2982
555
3015
3002
3002
2995
2972
2980
3010
2976
2967
2975
2984
2980
3014
2837
2946
2922
640
1353
3009
3019
2970
2958
2994
3068
2977
2990
2939
2949
2971
2872
3002
2930
2996
2936
2983
3001
2977
2964
2978
2938
2963
3009
2971
2948
2967
2988
3021
2971
2902
2961
439
2986
3019
2498
2985
2962
2665
2953
2989
2973
331
2924
2969
2985
2933
2971
2982
2943
2983
2988
2978
2999
2980
2947
2965
1629
2944
3003
2950
2818
2952
2978
2969
2981
3013
2941
1402
2971
881
2964
2908
2992
3003
2781
2995
3049
2937
2934
3003
2963
2979
2960
2971
2943
2949
3006
2975
2951
2973
2970
3009
1481
2984
2968
2950
2996
2972
2979
2992
2969
2828
2668
3001
2965
2955
2986
2948
3003
2988
3013
2960
2967
2979
2964
2967
2942
1495
2982
2975
2983
2954
3038
2948
2993
2961
2405
775
3006
2941
2928
2986
2996
2980
2981
2951
2963
3014
3038
3007
1391
2990
2948
2974
2852
935
3004
2944
2991
2783
2963
2949
1082
3007
2969
2997
2979
2966
3010
2960
2977
2958
3006
2946
2983
2924
2942
2964
2993
3005
2989
824
2946
2997
2973
2994
3005
2959
575
2925
3003
2992
2666
2979
2958
2964
2973
2908
2961
2978
2967
2976
3007
2981
2837
2924
2988
1661
3019
2992
3008
2963
2981
3038
2985
2296
2947
2969
3000
2988
3008
2928
2975
2974
504
2992
1053
2970
2935
2947
2582
2945
3008
2995
2966
3006
2741
2967
2942
2985
2935
2990
2955
2991
2978
2963
2915
397
1500
2988
2995
2975
3010
2969
2973
2980
2964
2962
2629
665
1624
2996
2990
2945
2987
2901
2103
2985
2922
2985
3009
2969
3000
3025
2952
2998
1402
2995
2816
2977
2982
2949
2983
2976
3000
2984
2980
2931
2981
2909
3002
2985
2912
2972
3016
2980
2946
2955
2961
2937
3000
2965
2962
704
2994
2993
2966
2958
2995
2968
2980
2978
2970
2956
2987
2972
2906
2967
2286
2792
2962
2997
3011
2978
3005
2985
2969
2981
2980
425
2819
2987
355
2975
2977
3010
2964
2621
334
2949
2978
2977
3008
2996
2984
3007
2987
2976
2984
2961
2973
2998
2966
2213
2969
2943
3003
2971
2973
2961
3024
2979
2663
3013
1724
2939
2942
572
2302
1531
2935
2036
2669
3030
2990
2978
491
2999
2961
2970
1265
392
2987
2980
2950
2983
2526
3000
2977
3044
2973
3005
2961
2943
2939
2942
2986
2969
2488
2950
2954
2958
2999
815
2956
2939
2931
2958
2952
2867
3009
2981
2976
2966
2983
2933
2964
2988
2972
2994
2982
2997
3001
2954
2944
3006
2988
2970
3008
2902
3019
3063
2906
2624
3013
2963
2965
2808
2960
2656
2917
2930
3010
2971
2919
2980
691
3019
2991
3001
2991
3002
3008
2958
3026
2931
2955
3011
3012
2985
3016
2975
3008
2986
2979
3000
2968
2991
2979
2990
3011
2952
2944
2967
820
2993
3008
2993
2983
2976
2975
2994
3004
2992
2965
2974
2993
2958
2961
2972
2980
2605
2995
3007
2959
2980
2890
2977
2976
2629
457
2983
3000
2942
2971
2975
2930
2946
2671
3004
2886
2972
2957
2950
2955
3000
432
2961
2985
3019
3001
2991
2964
2962
2853
2985
2978
3026
2971
2991
2956
3021
3006
2966
3005
2964
2923
2848
2945
2948
2931
2967
2902
2934
2956
2969
2975
378
2933
2981
2962
2983
2974
2956
3008
3008
2991
2993
2956
2777
3016
2989
2982
3010
2951
3003
2971
3003
1158
2963
2947
3000
2987
3005
2961
2971
2957
2984
3020
2952
2972
2955
2951
2985
2981
379
2952
2974
2981
2898
2994
2921
2758
2978
2953
2970
2998
2976
3018
3000
3043
2955
349
2930
2945
3000
2138
2215
2991
2993
2986
357
2958
3004
2925
1308
2940
2965
2650
2953
2970
2947
2992
2982
2989
2975
2963
3006
2993
2999
2972
879
2991
2979
2965
2985
2944
2940
2949
2986
2991
2972
2986
2968
2980
2918
2955
3011
2952
2970
2982
2943
2970
3043
2933
2904
2968
2964
2989
2988
1747
2965
2968
2955
2959
2991
2967
2954
2764
2937
2988
2998
2923
2965
2971
2997
2984
2980
2994
2998
2986
2981
2963
2998
2410
2650
1410
2982
2945
2963
2971
2938
2951
2962
2989
2962
2951
3008
2985
2590
3014
2976
3014
3011
2937
2593
2993
2982
2993
2984
2991
2918
2994
3022
2992
2974
2938
974
2981
2986
2965
3031
2997
2993
2988
2988
2926
3016
2867
2988
3012
2976
2979
2959
3006
2984
3016
2993
2967
2961
2189
1718
2988
2945
2597
2987
2979
2970
2959
2976
2972
2951
2963
2842
2966
2407
2976
2706
3002
2426
2977
2920
2976
2961
2965
2971
2988
2974
2910
3114
2945
2960
2977
2989
2442
2642
2314
2983
2997
2990
2983
3014
2960
3033
2991
2249
2982
3003
2972
2998
2977
2976
2980
2925
2907
2990
3053
2989
2996
2975
2984
3009
2975
2944
2944
2991
2957
2959
2981
2931
2985
3064
3034
3046
582
2967
2934
3011
1418
2963
2925
2975
3011
2957
2989
3028
3007
3010
2998
2962
2996
2984
2959
2993
2970
3002
2966
2991
2950
2976
2955
2979
2773
1975
2925
2964
2977
2933
2997
3006
2963
2975
2990
3005
2950
2967
2947
2912
2972
1905
2960
820
3006
2954
2971
3023
3003
2987
3007
2970
2994
2970
3002
2956
1381
2998
2952
2985
2968
2979
700
2967
2936
2978
3004
2847
2928
2959
3010
3050
3005
1427
2789
2994
2958
3065
3009
2986
2968
3051
2981
2981
2976
2989
2980
2971
3008
2980
2834
2988
2960
2963
2997
2989
2979
2982
2964
3015
2982
2965
2975
2975
2956
3047
2963
2971
554
2995
2984
2971
3002
2039
2935
2973
2967
2977
2896
2963
2985
2995
2984
2935
2942
2992
2981
2965
2973
1731
2922
2978
2987
3000
2990
2930
2991
2973
382
2996
2978
2963
2962
2987
2986
2979
2967
2969
2977
2991
2987
2989
2808
2854
2945
3030
2972
2982
2988
361
2987
2972
2974
3011
2962
2945
2977
2974
1563
2951
2995
2970
2937
3002
2964
2977
2951
2985
2696
3004
2860
2938
2961
2923
1018
2985
2948
2998
2957
2983
2996
2961
3013
2984
2991
2902
467
2979
3002
2911
2981
3010
2979
2996
958
3014
2995
1241
2982
2903
2997
2948
499
2990
2743
2972
2970
3004
2976
2987
2975
2975
499
2998
2969
2945
2651
2738
2985
2984
2971
2994
3003
3001
2968
2947
2986
2959
3003
2960
3020
816
2985
2979
2964
2978
2944
557
2984
2954
2979
2969
2983
3007
2992
2974
2693
2953
2977
2987
3036
2968
2964
2995
3017
2968
541
2983
2975
2924
2973
2994
2941
3004
2966
2951
2978
2963
2961
2948
2959
3007
2992
2936
2977
2916
2985
2988
2973
2989
2976
2683
3008
2986
3058
3040
3016
2964
3006
2972
2973
2970
3015
2958
2411
1202
2970
2939
2978
2981
2973
2973
2995
2948
2958
3003
2962
2934
2825
2486
2970
3005
2964
2995
3056
2904
2971
2988
2966
2952
2985
2997
2980
3019
2520
2974
3004
2270
1829
3011
3007
2383
2943
2688
2996
1137
3009
2921
2940
3011
2981
2970
2977
2962
1076
2984
2953
3007
2841
2996
2126
3027
3042
2962
2909
2951
2978
2974
2962
2922
2970
623
2957
2980
2983
3029
3003
2959
2972
3005
2980
2986
2967
2992
2960
2985
2978
3026
2991
3073
2965
2965
2951
3012
2924
2950
3004
2882
2973
2948
2986
2211
3004
2934
1322
2936
2970
2988
3019
2978
2967
2974
2969
2970
3008
2986
2978
3002
2177
2993
3011
2982
2956
2931
3054
2988
2996
2977
2971
2955
1787
3012
2917
2988
3007
2987
2978
3064
3011
3003
2974
2953
2970
2997
3028
2961
2929
2996
1430
2965
2939
2984
2955
2996
2960
2813
2911
2972
2945
2967
2956
3023
3000
2938
2989
2995
2989
1230
2976
2987
3028
2937
2998
3011
2981
2991
2948
2968
2962
2990
2985
2979
2963
2977
2970
2983
2894
2756
2960
2986
2969
2949
2870
2955
3005
2950
2770
2958
2937
2997
2979
2992
2988
2971
2539
2974
3005
2972
2987
2986
2988
2986
2909
2952
2915
2991
2966
2505
2963
2996
2999
2968
2983
2959
2915
2982
3018
3003
3000
2990
2978
1320
360
1841
2975
2988
2985
2985
2851
2997
2987
2992
2675
2975
2985
2934
2954
2993
3080
2982
2987
2974
2951
2955
2962
2954
2971
3008
2967
2966
2965
2619
2972
2967
2999
3023
2983
3009
2938
2975
2990
2979
2986
2980
2953
1354
2960
2972
3002
2981
1691
3000
2945
1201
2951
2617
2944
1082
2777
2966
2980
2916
3022
2949
2985
2997
2951
2977
2873
2958
2987
2970
1531
2778
2981
2959
3003
2997
2941
2961
3004
2974
2950
2822
2938
2981
330
3001
2952
2997
2965
1182
3001
3002
2148
2948
2949
2955
2849
2978
2987
2966
2981
1225
3022
3011
2972
2926
2973
3013
3007
2895
2979
2950
2995
364
3020
2978
2997
2956
1338
2982
2938
2928
2974
2999
3010
2942
2957
2945
2972
3004
3000
2973
2979
2993
2982
2975
2958
3008
2984
2621
2938
3008
534
2965
1556
2984
2964
3005
2982
2966
2981
2996
3004
2945
2969
2946
2972
2999
2969
2974
2988
2962
2985
2944
2530
989
2916
2951
2969
2991
2936
535
2983
2981
2992
2967
2834
2943
2923
2712
2984
2989
2981
3003
2983
2496
2982
2991
2976
3025
2967
2997
2987
2963
2981
3011
1637
2994
2982
3001
2972
3040
2961
2990
2983
3011
3020
2923
2996
2978
2955
2999
2984
3022
2983
3003
2990
2993
2982
2966
2988
2985
2951
2964
717
3013
2996
2983
2923
3003
2961
2979
3016
2945
3005
3009
2955
2953
2965
2965
2979
2995
2989
3004
359
2970
2968
2976
2972
2992
2949
2980
2416
2928
2972
3014
2962
3043
3016
3001
3012
2990
2968
3016
3027
3004
3005
2956
2964
2957
2982
1949
370
2991
2968
2953
2979
3044
3015
2969
1344
2918
2997
2986
2996
2982
2975
2984
1855
2974
2982
2983
2970
2983
2938
2987
2989
2991
2934
2980
2951
3005
2944
2981
2980
2975
2988
2159
2949
2993
3017
2809
1435
3009
3005
3018
3009
2979
2986
2989
2986
2957
2982
2946
2967
2968
2973
3008
2989
2964
2921
2996
2975
2996
3012
2989
2991
1672
2961
2998
2960
2982
2908
2976
2948
2989
2950
3017
2951
2972
2987
2964
2761
2974
3006
3009
2925
3005
2985
2962
3014
2945
2980
2972
2994
3013
2903
3010
2250
3038
2953
2975
2961
2980
2961
3027
2864
2983
2960
2956
2794
2990
2995
2984
365
2987
2994
2969
2968
2968
3027
2997
2974
3022
2977
2963
1633
3010
2983
2930
1262
2966
2989
2843
3019
2956
2975
2976
2985
2979
2977
2925
2999
2971
2997
2818
2979
2941
2997
2992
3040
2821
2942
3003
2887
2905
2983
3008
2986
2945
2274
2981
2969
2893
2989
2853
3000
2970
2957
1032
2984
2736
2982
2992
2987
2949
2959
2989
2941
2954
2931
2926
2951
333
2916
2929
2984
2968
2958
2960
2957
383
2976
2980
1270
2969
2981
2996
2945
3003
2972
3045
2917
3009
2976
2437
2972
2977
2998
2966
3067
2972
2091
3017
2981
2998
2970
2979
2957
2987
2965
2985
2960
2970
2968
2995
2984
2990
2962
3022
2998
3045
2969
2951
2937
2902
2962
2970
1847
2958
2994
1784
2958
2979
2989
2989
2970
3028
3013
2977
2984
1458
3003
2976
2980
2999
2962
2974
1093
2828
3021
2987
2980
2953
2998
2997
1718
2992
2975
3092
2932
2994
2954
2467
3006
2964
2952
3011
495
3000
2961
2027
2961
700
2989
3004
2953
1140
3000
2968
2098
2962
2544
3002
2974
2965
2976
2944
2971
2944
2919
2964
2995
2986
3002
2835
2969
3008
2994
2989
2957
2985
2926
2975
2966
2962
2979
3021
2949
2971
2632
2983
2968
2977
3004
2992
2998
2958
2999
2851
2983
2789
2704
1116
2953
1657
2979
3020
2952
2958
2961
3057
3021
2980
3019
539
3023
3007
2955
3026
2971
2962
2978
2934
402
2979
2921
2998
2978
3012
3021
2956
2986
3013
2954
2951
2972
2999
2960
3010
3002
2987
2991
3024
3008
2995
2935
2516
1298
2985
3009
2968
2717
3005
2940
2985
2995
2990
2958
3002
2986
2989
2205
3006
2961
2974
2978
2970
2973
3012
2985
1362
2930
2968
2958
2983
782
2928
3005
2993
2966
2988
2963
2994
2949
2984
2952
3010
2953
2996
1908
2924
2998
2971
2960
911
3003
2954
2935
2994
2938
2950
2977
3004
3013
2951
2988
2945
2972
2989
2951
3000
2993
2951
1556
2454
2985
2984
2995
2961
2994
2998
2832
3006
2972
2946
2953
3007
2973
2993
2954
3013
1497
2985
2972
3010
2937
2957
2918
2827
3003
2977
2967
2986
536
1459
3002
1896
2948
3022
2993
2933
2999
2968
2947
2964
3003
2994
3012
2940
2775
2969
788
2954
2683
2922
2994
3014
2172
2218
2930
2952
2976
2987
2965
2974
2929
2952
3007
3004
2972
2989
3000
2945
2951
2991
2952
2988
2977
2965
2961
2955
2984
699
2979
2960
2969
2758
2895
2978
3008
2968
3028
2961
3000
2966
2978
3028
2982
2997
3005
2976
2988
2987
2407
2963
2955
2938
2992
2981
3013
2954
2964
3003
2952
2986
2988
2974
2965
2984
2967
3070
2973
2948
2976
2978
2909
2957
411
2970
2957
1263
2961
2958
2958
2981
2983
2983
3001
2986
3005
2996
2990
3006
2985
2988
2904
2966
2989
3001
2125
988
2981
2960
2971
2957
2859
2991
3041
3071
2607
2948
1863
2960
2960
2971
2972
2832
2986
1138
2999
2932
2992
2988
2958
2976
2969
2998
2962
2984
411
2937
2978
2996
2951
3005
2987
2970
2030
2971
2978
2996
3022
738
2997
486
2998
1096
2979
2989
2973
3016
612
2917
2995
3007
2954
2933
2970
2986
2999
3003
2962
2917
2928
3002
1650
2969
2801
2961
2969
2972
2973
3014
2934
2989
2996
2982
2930
2989
3040
2972
2998
3001
2982
2973
2951
1557
2973
2975
2961
3023
2969
2946
2964
2971
2930
3001
2961
2976
3007
3008
2969
3069
3001
2966
2970
3003
2987
2984
2981
2984
2958
2992
2957
3002
2978
2983
2955
2966
2983
3019
2994
2884
3009
2991
2969
3008
2909
2997
2983
2991
2961
3014
2973
2911
2939
2974
2987
2964
2963
2994
3024
2982
2967
2950
2958
3003
3013
2992
2902
2972
2371
2974
2977
2964
3015
3002
3008
2416
865
