1477
1552
1529
1562
1556
385
1560
1102
1555
1545
1572
1546
1554
1552
1568
1553
1569
1559
1563
1554
1563
1564
550
1476
1564
1552
1553
1443
1467
672
1564
1413
1547
1549
1556
1555
1565
1551
1547
1560
1574
1564
1553
1552
1556
1561
1554
1557
1548
1558
1561
1571
1562
1537
1557
1569
1578
1544
1552
1550
1547
1538
1556
1575
1572
1511
1560
1564
1564
1557
1548
1560
1545
1547
1572
992
1564
1561
1070
1198
1564
1565
1562
750
1544
1544
1552
1559
1528
1542
1555
1566
1543
1217
1563
1579
1549
1556
1135
1564
1547
1563
1560
1538
1558
1544
1553
1567
1549
1563
1564
1555
1268
1549
1540
1567
1566
1552
1151
1516
917
1564
976
1574
1571
1142
1560
1564
1563
1565
1408
1563
1546
1548
1564
1551
1550
1540
1564
1571
403
1508
1550
1500
1563
1556
1562
1560
1545
1559
1561
1556
1543
1462
1499
1563
1552
1553
1557
1553
891
1062
1538
1543
731
1554
1541
1386
1570
1562
1563
1552
1582
1531
1569
1564
1557
1560
1019
1565
1543
960
1553
1551
1554
1563
873
1167
1565
1558
1557
1564
1550
1556
1561
1553
1555
1557
1550
1565
1569
1548
1439
1571
1565
1556
1548
1556
1566
1558
1563
1557
1545
1553
1563
1553
1571
1565
1562
1545
1558
1567
1555
1556
1571
1551
1489
1555
1571
1567
1570
1559
1542
1560
1286
1562
1571
886
1522
1559
1556
1516
1567
1559
1554
1551
1508
1556
1559
1529
1563
1550
1001
1510
1562
1545
938
1573
1559
1012
1557
1555
1550
1556
1562
1567
1548
1544
1556
1563
1542
1565
1561
423
1554
1551
1562
1567
1556
1559
1555
1570
1143
1554
1574
1552
1560
877
797
1551
1569
1550
1549
1559
1530
814
362
1566
1556
1546
1563
1547
1555
1556
1555
1537
1568
1547
1541
1549
1547
1517
1550
1557
1539
1562
1568
1559
1569
1556
1568
1554
1551
1556
1553
1559
1537
882
1561
1569
1535
1564
1550
1549
1547
748
1554
1553
1562
1560
1561
1554
352
1562
1547
1565
1571
1564
1562
1547
1558
1548
1560
1564
1555
1568
1532
1561
1565
1560
1554
1541
1546
1562
885
1546
1557
1541
1554
1558
548
1559
1563
1563
1558
1568
949
1545
1556
1566
1562
1539
1553
1539
1564
1551
1027
1555
1568
1567
1557
1564
1536
1563
1545
1540
1552
1354
1562
1512
1560
1542
1539
1570
1445
918
1162
882
1541
1561
1558
1557
1476
1554
1559
1561
430
1543
1559
1556
1552
1546
1570
1561
838
1552
1547
1557
1210
1204
1086
1559
1549
1537
1548
1563
1569
1554
1443
1529
1562
1559
1546
1550
1548
1559
1544
1530
1562
1563
1559
1557
1571
1565
1562
1562
1552
1557
1562
1571
1539
1561
1558
1554
1554
1553
1394
1569
1544
869
1564
1567
1099
1537
1549
1553
1552
862
817
1561
1561
1566
1560
1555
992
1558
1568
1556
1550
1564
1570
1556
1556
1549
1558
1565
1562
1558
1554
1551
1552
1562
1551
1563
1554
1548
1367
1562
1535
863
1558
1567
1547
1572
1562
865
1564
1525
1560
1558
1571
1555
1552
1348
1538
1569
1550
1541
1547
1560
1561
1572
1551
1560
786
1340
1559
1358
1555
1542
897
895
1567
1544
895
1556
1553
1564
1568
1557
1536
1550
1564
1560
1535
1557
971
1564
1570
1567
1537
1550
1562
1563
1560
1544
403
1541
1548
1569
1336
1563
1558
1555
1575
1559
1561
1536
1551
1565
1569
1549
1522
1548
1554
1563
1555
1560
1556
1565
1550
1563
1541
1553
1566
1562
1528
1541
1546
1577
1563
1547
1558
1523
1539
1568
1547
1386
1560
1555
1556
1540
1526
1487
1561
1566
1186
1568
1565
1556
1561
1550
1549
1546
1545
888
1534
1376
1555
1543
1555
1545
1568
609
1490
1536
1561
1560
1549
1573
1564
985
844
1556
1557
1562
1532
1545
1553
1574
1565
1551
1551
1497
1560
1557
1555
1553
1372
1560
1529
1584
1553
1094
1560
1548
1020
1563
1552
1562
1175
1565
1552
1553
1480
1548
1552
748
1087
1557
1559
1559
1558
1553
1558
1564
1554
1561
1557
1555
913
1557
945
1547
907
1555
1566
1561
1546
1566
1560
1556
1547
1556
1563
960
1475
1558
1558
1551
1557
1549
1555
1553
932
1561
1545
1559
946
1553
1555
1213
1550
1540
1544
1541
1549
1550
756
1552
1562
1555
1559
1147
1558
1550
1550
1556
880
1569
1569
1549
1576
1569
1558
1257
1542
1562
1554
1540
1562
1551
1562
1551
1561
1551
1560
1520
1565
1524
849
1517
1209
1557
1548
1565
1546
1563
1554
1564
1559
946
1432
1546
1554
899
1560
1531
1559
1571
1553
996
1566
1543
1570
1558
1116
560
1552
1560
1549
1549
1561
1547
1546
1540
1548
1559
1575
1554
1544
1568
1531
1553
1562
887
1374
1549
1550
1551
1546
1566
1556
1557
1557
1553
1564
1551
1564
1556
1403
1565
1559
1554
1551
1559
1557
1545
1567
1556
1549
1571
965
1554
1540
1553
1547
1554
1548
1561
1554
1509
1536
1552
1565
1567
1551
1552
1573
1548
1237
1558
1062
1490
1559
1558
1557
1568
1569
1560
1544
1548
1556
1398
1497
1549
1552
1555
1551
1544
1556
1544
1535
1553
1570
1537
1548
1451
1497
1556
1560
1556
1552
1561
1557
1553
1559
1558
1045
1303
1562
1178
1570
1555
1568
1563
1567
1552
1551
1552
959
1529
403
1554
1549
1560
1554
1556
1557
1556
1565
1555
1551
1541
1564
1546
1566
1552
1556
1557
1552
883
1542
1559
1413
1539
1567
1557
935
1558
1478
1566
1551
1216
1554
1559
1537
1554
1565
1389
1207
994
1546
1561
1575
1567
1541
1559
1558
1571
1554
1563
1540
1568
1547
1351
1556
1562
1563
1564
1546
1569
1547
1555
1560
1535
1558
1545
1565
1560
1552
1081
1568
1557
1539
1552
751
1534
1567
1401
1497
1563
1569
1562
1560
1359
1566
1559
1532
1552
1027
1563
1407
1555
1552
1554
1554
1566
1571
836
1552
1560
1353
1541
1283
1558
1566
1561
1549
1543
1554
1513
1572
1556
1565
1537
1562
1545
1560
1570
1553
1488
1553
1572
1556
1563
889
1558
1549
1546
895
1551
1285
1557
1566
1553
1582
914
1556
1566
939
1560
1560
1555
1563
1557
1559
1548
1550
1264
1576
1556
1578
1561
1562
1557
1561
1578
1530
1571
1551
1555
1569
1048
1549
1559
1552
1546
899
1564
1565
1569
1559
1552
1524
1561
1552
1553
1558
1560
1556
1555
1562
1553
1344
1570
1571
1568
1569
1457
1558
1441
1563
1564
1549
953
1554
1539
1558
1550
1552
1554
1553
1553
1572
1338
1554
1555
1564
1562
1571
1521
1552
1545
1371
1553
1428
1558
1560
1572
1552
1553
1564
1452
1536
1554
1549
1476
1566
1559
1563
1563
1562
1567
1548
1554
1566
1558
1541
1555
337
1549
1042
1562
1563
1560
1569
1556
1559
1553
1570
1547
504
1554
1544
1534
1557
1550
884
1543
1226
1563
1556
1371
1561
1520
1563
1078
1567
1548
1558
1543
1553
1575
1551
1099
1549
1556
892
1567
1568
1562
1560
1545
1566
1534
1556
1560
1554
1559
1559
669
1540
1562
560
1048
1540
1571
1566
1136
1552
1565
1555
1558
433
1083
1558
1557
1566
1557
1373
1536
1548
1556
1559
1564
1417
1556
1590
1551
1060
1556
1564
1543
1559
1535
1545
1560
1445
987
1562
1555
1362
1556
1546
407
1557
1555
1561
1563
1544
1560
1565
1561
1557
1558
874
1554
1537
1567
1569
1558
1072
1559
1560
1461
1559
1552
1551
1549
1550
1556
1546
1560
1567
1565
1553
1567
877
1059
1567
1544
986
1558
354
1493
1564
1559
1544
1565
1536
1568
1561
1568
892
1543
1563
1142
1558
315
567
1545
1549
1451
1558
1563
1532
1567
1556
1552
1556
1511
724
1549
1519
415
1559
1564
1560
1041
1552
1563
1558
1559
495
1046
1561
1555
1543
877
1554
1558
1562
1553
1562
1558
1575
1558
1552
877
1535
1555
1555
1568
1345
1561
1572
1557
1552
1556
1546
403
1553
1554
1180
1559
1551
1554
1536
1558
1539
1563
1540
1530
613
1569
890
1547
1540
1551
887
1574
1564
1562
1193
1536
1564
1561
1559
1555
1549
1551
1520
1541
1557
1567
1551
1492
1061
1538
1561
1547
1550
889
1542
1561
1570
1545
1556
1559
873
1553
1561
1554
1563
1561
1569
1522
1563
1549
1565
1552
1559
1551
888
1558
394
1549
1553
1564
1569
1557
1569
1563
899
1549
1559
866
1568
1542
1551
1546
1558
1549
1544
1563
1576
1558
1556
1559
1449
948
1561
1553
1568
1553
1555
1552
1565
1554
1559
1543
1542
1553
680
1572
1568
1530
1554
1555
1550
1553
1562
1552
1558
1048
1240
1519
1519
1553
1560
1568
1487
1573
1562
1413
1558
1554
1553
1572
372
770
1573
1229
1558
1560
1558
1556
1556
1555
1562
1567
1567
1571
1555
1567
1546
1346
1550
806
1556
1149
1549
1556
1556
1254
1565
1558
1563
1545
1549
1573
1562
1557
1519
1575
1559
1566
1544
1549
1563
1560
1555
1556
1560
1551
1570
1543
1555
1560
1551
1563
1559
1561
1564
1552
1440
1568
1561
1570
1553
1563
1564
1545
1538
1541
1500
1559
1562
1555
1559
1550
1174
1555
884
1540
1550
1542
1548
1554
1549
1566
1560
1545
1556
897
1540
1543
1547
1560
1549
1543
1566
1553
1562
1547
1561
1561
1556
1563
1547
1571
1521
1554
1565
1507
1565
1558
1538
1555
1561
1551
1557
1549
1555
1378
1567
1562
1567
1558
1557
1553
1558
1457
1560
1549
835
812
1567
1546
1560
1557
1557
1555
1568
1560
1564
1549
1573
1564
1556
1519
907
1562
1546
1557
1559
886
1576
1532
1553
1560
1560
1148
1053
1023
1528
1554
1203
1549
1024
1556
1564
1318
1161
1568
1558
1562
1553
1567
1543
1582
1556
1559
1562
1569
1548
1568
1566
1556
1565
1550
587
854
1560
1565
1570
1545
1562
1557
1546
1563
1562
1562
1366
1539
1531
1562
1555
1558
1552
1400
1560
1553
1562
1559
1512
1403
1518
1556
1163
1551
900
1550
1553
1558
1564
1558
1538
840
1554
1557
1557
1569
1554
1550
1553
1547
1555
1556
1561
1564
1558
1550
1530
1557
1466
1561
1153
1540
1535
1560
1561
1559
1557
1559
1549
1539
1564
1547
1559
1561
1569
1561
1558
1535
1541
1555
347
1554
1554
1563
1551
1543
1562
1555
1544
351
1557
1549
1559
1556
1553
1558
1561
1562
1561
1564
1563
1535
1553
902
1559
1565
1540
1524
1552
904
1435
1557
1202
1560
1565
1552
1571
1576
1565
1557
1541
1554
1557
1571
1554
1569
1575
1563
443
1553
1549
1553
1552
1136
1571
1546
1553
1525
1562
1551
1556
1559
1562
1573
1546
1544
1538
1544
1556
1556
1565
1562
1528
1554
1436
1565
1560
1378
1489
1561
1563
1551
1549
1547
1558
1555
1575
1547
1538
1541
1099
648
1563
1131
1530
1539
1567
1095
1566
1548
1560
1545
1547
1559
1552
1562
1545
1561
1560
1568
1548
1572
1553
1560
1544
1557
1548
1554
1543
1551
1556
889
360
1141
1551
1555
1559
1558
1187
1557
1566
1560
1565
766
1563
1553
1570
1571
1551
1560
1556
1541
1561
1533
1022
1544
1558
1543
1568
1556
1553
1556
1536
1559
1571
1550
1559
1572
1553
1565
1550
1557
1119
1569
1552
1554
1565
1544
1545
1567
1559
1537
1568
1544
1560
1556
1571
1559
1560
1545
1557
1546
1547
1556
1559
920
1564
1564
1564
817
752
1562
1250
1559
1570
1557
1558
1575
1540
1330
1544
1576
364
1532
1558
1551
780
1566
1546
1551
1536
1555
1559
1569
1522
1549
1563
1564
1552
1553
329
1559
1562
1555
1567
1536
1549
1550
1560
1565
1541
1554
1539
1565
1559
1526
1574
1568
1561
1553
1556
1558
1569
1558
1571
1556
975
1548
1521
1556
1525
1083
1055
1560
1559
1565
1565
1564
1569
1561
1570
1577
1540
1557
1560
1554
1257
1561
1548
1562
1546
1465
1561
1539
1535
1554
1544
1543
809
878
1551
1556
1566
1560
1547
1557
1566
1459
1549
876
1256
1555
1556
1571
1550
1564
1532
1541
1563
1562
1564
1548
1557
1470
1562
1530
1560
1568
1195
1559
1548
1555
1558
1559
1547
1534
1569
1478
1562
1560
1556
1557
719
1554
1557
1564
1551
1565
1400
1561
1520
1554
1553
1566
1559
1563
1553
1551
1559
1004
906
1541
1563
796
1524
1551
1204
790
1566
1557
1556
1550
1553
1549
1564
1565
1560
1567
1558
1562
858
1308
1570
1549
1553
1257
1565
1551
1560
1559
1550
1562
1550
1569
1533
1563
1556
1540
1561
1565
1043
1561
1144
1556
1088
1573
1556
1553
1577
1561
1542
1558
1542
1562
1555
895
1349
1567
1553
1554
1548
1467
1025
1562
1518
1557
1564
1545
828
1554
1550
1551
1532
1553
1526
1526
1546
1545
1563
1553
1554
1555
1563
1567
1564
1561
1559
1549
1555
1559
1560
1560
1550
1561
1558
1552
1447
1547
1546
1513
1562
1562
1534
1559
1558
1555
1552
1170
1519
1229
1547
1556
1546
1558
1558
1553
1560
1387
1551
1544
798
1549
1550
1560
1545
1548
1556
1545
1548
1551
1558
1564
405
1548
1548
1555
1533
1561
1561
1558
1571
1112
1564
1569
340
1564
1572
1554
1563
1561
1343
1554
1558
1564
1532
1027
1552
1534
993
1556
1563
1566
1473
1559
1559
1566
1565
1545
1556
1000
1549
1559
1174
1541
1551
1559
1570
1382
1562
1560
1569
1563
1552
1558
1550
1564
1546
1562
1553
947
1550
1537
1541
1563
1561
1558
1555
1521
1570
1553
1565
1570
1556
1550
629
1550
1577
1207
1557
1534
1560
1547
1554
1429
1561
1564
1301
1553
1546
1562
1541
1538
922
1579
1555
1556
1557
1563
1551
1556
1569
1558
1547
614
1559
1565
1533
1545
1570
1548
1562
1557
466
1475
1558
1550
1553
1563
1131
1556
1554
1556
1084
867
1548
1544
1555
1559
1555
1187
1564
1555
1533
1501
1478
1567
1552
1572
1562
1537
1549
1555
1572
1559
1556
1082
1563
1563
1562
1572
1561
1560
855
914
1006
863
1554
986
1552
1564
1545
1565
1538
1567
1554
375
1547
1509
1562
1496
1432
1557
883
1555
1558
1562
1569
1545
1375
1543
1560
1562
1541
1563
1550
1563
1538
1498
1545
1568
1542
1376
1553
1545
1563
1555
1541
1557
1530
1568
1550
1567
1566
1565
1551
1556
1563
1556
1283
1544
1560
1568
1560
1562
769
1553
1543
1560
1546
1554
1555
1559
1558
1564
878
1319
1406
1549
1558
1562
1546
1558
1559
1560
1561
1562
1175
1563
1572
1562
1556
1550
1559
1575
1564
1552
1545
1552
1538
1558
1556
1554
1557
1578
1559
1552
1520
1507
1554
1564
1575
1559
1557
1556
1554
1563
1567
1413
1421
1559
1561
1559
1552
1549
1560
1572
1564
1569
1525
1547
1562
1561
1548
1573
1558
888
1566
1570
1561
1553
872
1542
1562
1560
1545
1541
1564
1560
1362
1059
1543
1564
1566
1552
1548
1560
1457
1561
1563
1210
1555
1552
897
1566
1562
1129
1342
1535
1534
1555
1574
1562
1542
1554
1563
1559
1550
1552
1566
1555
1568
1556
1541
1322
1552
1567
1564
1569
1557
1564
1560
1563
1558
1556
1329
792
1572
1564
1556
576
1577
1549
1549
1549
1546
1547
1552
1562
1567
1560
1554
1530
1559
1550
1555
1553
1551
1000
1551
333
1546
1566
1559
1553
1550
1565
1563
1548
1554
1557
1561
1563
1559
1563
1563
1555
1559
1565
1566
1550
1558
1546
1561
1563
1567
1561
1333
1546
1550
1567
1565
1563
1563
1567
1557
1559
1552
1563
1552
1559
1550
1562
1557
1557
1330
1530
1555
1559
1561
1562
1262
504
1550
1546
365
1544
1546
1554
1557
1558
1556
1564
944
1562
1565
1496
1567
1559
1572
1557
1557
1563
1557
1557
1556
861
1564
1547
1553
1536
1566
1206
1544
1564
1567
1542
1560
1568
1555
1551
1552
1545
1561
1561
1556
1550
1554
1564
1563
1559
1545
1572
1551
1185
1537
1541
1554
1555
1549
1576
1323
1554
1513
1542
1550
1555
1543
1556
1570
1551
1562
1575
1553
1570
1567
1554
1555
1562
1560
1554
1565
1574
1528
1559
1571
1335
1529
1568
1562
366
1570
1562
1558
1548
1554
1394
1564
1565
1555
1530
1556
1543
1563
1565
1542
1572
1556
1568
1572
1556
877
1546
1544
1560
1016
1549
1554
1567
1564
391
1571
1569
1536
1574
1467
1548
1565
1560
954
1571
1578
1553
1562
1556
1556
1557
1548
1568
1551
1557
1286
1556
1550
1554
1084
1544
1545
1547
1561
1556
1557
1565
1002
1549
1562
1552
1547
1559
1554
1556
1552
1551
1525
1550
1563
1560
1570
1566
1560
1544
1537
1557
1540
1571
1552
1574
1557
1538
1539
1538
1571
1547
1544
1555
1563
1331
1562
1571
1539
1550
1566
1587
1561
1033
1560
1547
1547
1556
1535
1558
1559
1570
1571
826
1552
1540
542
1559
1560
1559
458
1465
1561
1562
1560
1556
1558
1563
1550
1562
1559
1265
1109
1564
1526
1549
1556
1542
1564
1564
1554
1556
898
1565
1542
428
1564
1552
851
1559
1569
1553
1564
1557
1563
1558
1550
1560
1592
1564
1563
1556
1135
1553
1565
1554
1575
1572
1550
1566
1561
1557
1557
1570
1552
1537
1561
1564
931
1553
890
1547
1565
1547
1557
1550
1555
504
1539
1559
1559
1051
1559
1542
1541
932
1560
1540
1561
1557
1563
1514
1569
1551
893
1553
1570
783
1547
1568
1554
1565
1554
1523
1551
1544
1547
1554
343
1561
1557
1565
1563
1568
1555
1536
1555
983
1376
1559
1563
1544
1153
1553
1556
1561
1555
1562
1553
1541
1557
1545
1547
1568
1543
400
1554
1550
1556
745
1558
1561
1559
845
1565
1562
1554
1570
1055
1566
1545
1534
1546
1555
1547
1545
678
1550
1545
1570
1567
1560
1559
1560
1559
1550
1562
1561
1555
1551
1567
1545
1555
1567
1557
1075
1555
1562
1556
1571
1557
1552
1571
1564
1569
1549
1547
1560
1269
1566
1546
1551
1561
1551
1560
1546
1104
1178
1560
1563
1556
1550
1545
1551
1560
1552
1569
1544
1558
1560
1526
1550
1556
1554
1558
1559
1533
1555
1562
1046
1566
1571
1552
1572
1562
1556
1554
1549
1559
1550
1554
1546
1562
1551
1546
1550
1559
388
1553
1552
1539
1553
1569
1581
1569
1557
473
1554
1096
1555
1270
1503
1560
1558
1552
1556
1028
1550
1561
1540
1558
1562
1546
1556
1559
1542
1542
1556
1554
1561
1383
1548
1554
1556
1566
1562
1345
1558
1562
1556
1549
1540
1576
1544
1542
1552
1553
1530
1557
1552
852
1547
964
1537
1545
1510
1562
1565
1566
1566
1565
1566
1555
1547
1562
1549
1557
1572
1550
1567
1152
1578
1551
1560
1542
1555
1555
1547
1549
1556
1556
1550
1557
929
1560
1562
1545
1554
1563
1566
1561
1565
875
1545
1548
1539
1551
1562
1545
1567
1537
1545
1551
1555
1562
1562
1560
1544
932
1541
1554
850
1570
1539
1570
1570
1561
1551
1561
1149
1557
1543
1565
1548
1580
741
1555
992
1560
900
1559
1565
1541
1562
1554
1557
1560
1544
1557
1564
1551
1548
1575
1354
1555
1568
1559
889
1554
1565
1559
1152
1561
1559
1558
1559
1542
1560
1562
993
1514
1552
1548
1558
1569
1556
1557
1553
1569
1550
1544
1551
1555
1564
433
1567
1559
1562
1547
1563
1546
1560
1560
1554
1552
882
1263
942
1566
1570
1555
1554
1559
1550
1346
1559
1139
1558
1551
1549
1571
1556
1174
1546
1558
1456
1544
938
1569
1541
1180
1562
1559
1560
1560
1556
1550
1554
1558
1557
1549
1545
1551
1587
1547
1551
1544
1555
1545
1276
694
1170
1552
1555
1563
1570
1561
1554
1565
1549
1558
1562
1558
1568
1545
1352
1555
1562
1539
1563
1547
1554
1561
1558
1549
1297
1553
1572
1558
1525
1558
996
1549
1569
1570
1331
1563
1560
818
1533
1552
1566
1572
925
1562
1521
938
1553
1553
1578
1557
1554
1552
1568
1543
1554
1530
1573
1559
1556
1564
1560
880
1517
1542
1294
1556
1554
1560
1560
1443
979
1361
1563
1552
1286
1553
1486
1564
1556
1555
1555
1563
1565
1553
1180
1550
1550
1538
1544
1574
1409
1526
1556
1575
1551
1563
1568
1540
824
1518
1553
1548
1545
1558
1576
1558
1564
1123
881
1559
1558
1555
1490
1071
1557
1553
1564
790
1567
1564
1539
1557
1559
1557
1564
1559
1547
1421
1544
1563
1531
1567
1550
1560
1552
1567
1550
1537
1557
1548
1554
1566
912
1562
1551
1561
1561
1568
1562
783
1573
1556
1563
1548
1553
1566
1565
1562
879
1558
1556
1137
1543
896
1558
1222
1566
1560
1553
1550
1564
1560
1562
550
1547
335
1548
1561
1412
1517
1556
1565
1563
1556
1540
1541
1560
1566
1513
1554
1577
1013
1562
1565
720
1559
1333
1562
1562
1551
1559
844
1563
1540
1576
1270
1562
1547
1560
1558
1559
1554
1544
1563
1551
1486
1566
1553
1554
1555
1454
918
1532
1566
1553
1572
1560
1560
1566
1557
1566
1552
1539
1547
1574
1563
1344
995
1551
311
1565
1563
1548
1574
1565
1554
1562
1565
1560
860
1556
1559
1572
1568
1553
1561
1561
1526
902
1558
1554
1561
1565
1549
1559
1548
1564
1539
1554
1560
907
1546
1555
1034
1541
1557
932
1565
1561
1553
1529
1555
1557
1484
1540
1554
1547
862
1554
1422
1558
1552
1553
1562
784
1550
1410
1567
1561
1565
1559
1559
1560
1558
1442
1514
1565
1561
1540
1548
1558
1559
1562
1546
1571
1554
1560
1561
1566
885
1564
1556
1559
1561
1556
1547
1554
886
1561
571
1563
1557
1541
1561
982
1573
1571
1563
1549
1569
1546
1566
1546
1564
1563
698
1557
1557
1505
1561
1564
1573
1556
1556
1564
1576
897
1561
1214
1553
1561
1555
1553
1551
1564
1551
1566
1543
1545
1557
1570
1558
1545
1558
1534
1549
1553
829
1551
1562
1557
1563
1545
1558
886
1571
1560
1566
1557
1554
1554
1550
974
1563
1555
1558
1548
1561
1555
1546
1550
1421
1559
1548
1411
1450
1535
1558
1547
1548
1560
1223
1556
1035
1556
1555
1567
1563
1557
1556
1549
822
1564
1558
1562
1557
1556
1544
1573
1557
1217
1558
1562
1542
1543
1546
1558
1542
1559
1554
1560
1551
1562
1526
1572
1545
1568
1560
1561
1025
1570
1540
1200
1556
1555
1557
1559
1517
1562
1565
1559
1570
1565
1560
1567
1555
1549
1553
1537
1568
906
1563
1430
1564
1550
1560
1532
1561
1555
1540
1556
1564
1019
1572
1565
1563
1550
1554
1570
1562
1536
1546
1567
1541
1560
1545
1565
544
1555
1554
722
1557
892
1555
1535
1551
1547
1567
1552
1565
1554
1568
1559
1555
1537
1562
1564
1556
1543
1543
1555
1552
1544
1552
1552
1543
1550
1078
1566
1420
1553
1544
1553
1558
1562
1563
1563
1562
1565
1577
1524
1520
1523
1555
1551
1566
1549
1557
1012
1552
1112
1552
1558
1544
1554
1539
1554
1551
1562
1556
1549
928
572
1545
1560
1565
1548
1555
1554
1558
858
1533
1522
1562
1556
695
1561
1566
1572
1555
1562
1440
1563
1552
1561
1569
325
1562
1542
1557
1564
1553
1554
1568
1551
1555
1565
1572
1552
1560
1577
1562
1121
1564
1554
1554
947
1557
1555
1571
1569
1155
1568
1564
1564
517
1545
812
1543
1571
1553
1548
748
1561
1569
1553
1345
1558
1551
1550
818
1001
1549
1572
1573
1574
1564
1565
1382
1561
1559
1558
1557
1547
1555
1558
1561
1559
1565
1553
1569
1556
1550
1569
1565
1545
1566
1563
1555
1568
1556
1228
1553
1552
1547
1522
1558
1556
1549
1553
1549
1542
1552
1565
1562
1557
1518
1561
1540
1559
1547
1556
1558
317
1553
1557
1539
1557
1544
1563
1566
1559
1370
1555
1556
1564
1555
1546
1560
1323
1568
1562
1452
1565
1560
1570
1562
1556
1090
1552
1545
1551
1557
1550
1574
1566
1562
1556
1550
1548
1561
1553
1084
1227
1562
1560
1571
1556
1560
1546
1537
1325
1564
1555
1562
1553
1034
1563
1543
702
1556
1558
1541
1557
1560
1564
1566
1540
1548
1553
1563
1558
710
1571
1539
1553
1573
1563
1559
1563
1558
1561
1538
1491
1561
1560
1541
1555
1157
1551
1572
1559
1545
1565
1546
1554
1539
1569
336
1564
1558
1569
1544
1554
1544
1572
898
1540
1554
1570
1559
1559
1574
1536
1553
1559
1561
1556
909
1553
1544
1559
1575
1564
1558
874
1563
1116
1447
1559
1120
1553
1542
1550
1567
1563
1541
1556
1549
1549
1561
1559
1560
850
1562
1552
1446
1572
1563
1567
1559
1573
1570
1562
1568
1579
1565
1554
1111
1550
1579
1543
871
1550
1558
1536
1552
841
1580
1539
1559
1548
1564
1547
1561
684
1559
1572
1561
1570
1550
1553
1578
1574
1552
1031
1282
1550
1540
1555
1082
1425
1559
943
1550
1550
894
1559
1563
1217
1237
1564
1555
1547
972
1555
898
1532
1545
1551
1431
1573
1558
1566
1572
1544
1558
1553
1561
1553
1538
1548
1553
1563
479
980
1553
1584
1558
1552
820
893
1556
1562
1551
1556
1572
1559
1043
1564
1542
1563
1552
1565
1550
1329
1146
1560
1192
1564
1551
1569
1555
1560
1565
1567
1560
1318
1559
1564
1558
1036
1555
1558
1554
1567
1548
1556
1292
1563
1555
1547
1557
1570
1554
1555
1567
1568
1542
1547
1568
1568
1559
1550
1564
1566
1566
1557
1558
1544
1552
1552
1558
1566
1558
1572
1400
1559
1565
1552
1559
1545
774
1545
1562
961
1548
1563
1552
1531
1545
1560
1558
1521
1560
1541
1559
1560
1558
1558
1553
1532
1548
1569
1560
1558
1558
1569
1545
1564
1551
1066
1485
1570
827
1561
1131
1517
1563
1549
1564
786
1555
1563
1554
1554
1565
1562
952
369
1560
1551
1186
1570
1117
1561
1562
1041
1545
1563
887
1564
1561
1545
885
1544
1559
1559
1557
1553
1560
1527
1560
1478
1565
1561
1551
1570
1554
1361
1563
1576
1540
1539
1562
1571
1558
1485
1554
1554
1552
1548
1534
1563
1537
1538
1559
1548
1548
1205
1559
1561
1549
1562
1560
894
1556
1551
1538
1556
1554
1553
1562
1560
1567
1569
1544
1546
1543
928
1545
1555
1552
1548
896
1364
1559
1551
1551
1547
1504
1573
1556
1561
1553
1548
1564
1562
1561
381
880
1582
1558
1554
1555
1562
1554
1195
1543
1560
1557
1552
1559
1544
1578
1554
1553
1558
848
1526
1319
391
1561
1552
1552
1554
1555
1570
1560
1562
1565
1571
656
1553
1553
1567
1564
1549
1547
1546
1567
1561
1550
1564
1387
1560
1563
1566
1542
1534
823
1102
1217
1561
1556
1546
1565
1570
1560
1574
890
1536
1570
1542
1546
1566
1567
681
1551
1379
1539
1535
1547
1579
1557
1566
1563
1563
1560
1420
1554
1561
1565
1542
1561
1549
1553
1552
890
859
1576
1563
864
1552
1567
984
1558
1560
1563
1560
1551
1558
1561
1554
1561
1539
1542
1151
1557
1575
749
1562
1562
1547
1555
1548
1554
1559
1558
1555
899
1564
1564
1569
1567
1546
1560
1566
1561
1554
1545
1567
1561
1574
1142
1569
1542
1561
1558
1550
1558
1559
1532
1506
1558
1566
1550
1575
1537
1534
1110
1558
1543
1503
1229
1561
1558
1368
1556
1557
1560
1556
1464
1560
1036
1560
1570
1576
1432
1556
1556
1549
1564
1566
1534
1552
1563
1561
1537
1561
1562
1557
1563
1553
1560
1562
1070
1573
1546
1554
1559
1561
1047
1550
1554
1552
1568
1529
1481
1208
886
1556
1557
1363
1536
1563
1564
1550
1546
1552
1556
1548
1549
1450
1553
1569
1557
323
1552
1550
1569
1517
1572
1547
1558
1563
1538
1572
1566
1559
1563
1563
1552
1555
1556
1534
1531
1560
1552
1559
1546
1471
1467
1552
1093
1087
1564
1552
1559
1540
1195
1554
1576
1561
1540
1554
1545
1555
1563
1508
1566
1536
1571
882
1556
1565
1539
1550
1573
1538
886
1550
1565
886
1560
1552
1548
1543
1554
1548
1561
1555
1548
1561
1549
1540
1556
1550
1567
1007
911
1557
1488
1561
1558
1549
1563
1572
1556
1558
1561
1559
1547
1565
335
1569
733
1564
1573
1562
790
1562
889
1554
1549
1557
1531
1546
1544
1570
1555
1542
1568
1565
1557
1527
1564
1546
1559
1561
1546
884
1568
1551
1561
1046
1558
1549
1548
1552
1568
1522
1556
1555
1560
1560
536
1567
1552
1552
1411
1559
1537
1575
1552
1541
1544
1559
1565
1571
994
1543
1542
1553
1554
1550
1559
1561
1554
1565
1566
1556
1551
1558
1567
1564
1553
1558
1563
1565
1551
1552
1548
876
925
1553
1560
1561
1563
1553
1539
1553
1568
1550
1561
1554
1564
1531
1551
1561
1532
1562
1553
1553
1566
1567
1546
1551
1537
697
1559
1547
1540
1546
1027
896
1012
1290
1550
1565
1536
1545
701
1561
1564
1550
1569
1560
1569
1563
1546
1557
1536
1549
1558
1555
1562
1559
1567
1571
1561
1558
1566
1552
1563
1566
1540
1568
1558
1564
1559
1538
1526
1565
1553
1120
1576
1554
1559
1558
730
1569
1087
1553
1572
1554
1555
1567
1523
1559
1556
1557
1562
1559
1559
589
1548
1550
1558
1544
1562
1562
1561
1545
1549
1560
1578
1556
1530
1553
443
1130
1559
1560
1549
1566
1560
1561
1559
1555
1544
1575
1558
1546
772
704
1543
1570
1561
1550
1563
1565
1521
1566
853
1571
786
1547
1374
1565
1543
1539
1556
1563
1557
1567
1395
1359
1564
1567
1545
1547
1561
1574
355
1569
1566
1559
1557
1564
1552
1552
1564
1162
1537
1545
1551
1350
1535
1567
1565
821
1557
1565
1167
1550
1560
1561
1572
1553
1546
875
1559
1030
1555
1547
1561
1565
1147
1550
1549
1562
1555
1537
1556
1334
1542
894
1560
1570
1539
882
1551
1564
1295
1552
1568
1331
1574
1545
1546
1556
1478
1553
1555
1580
1548
1546
1206
1553
1567
1564
1552
1554
500
1555
1557
642
1567
1546
1534
1545
899
1557
991
1558
1571
1186
1542
1557
1563
929
1548
1557
1564
1570
1556
1563
1545
1568
1553
1558
1557
1573
847
1543
1576
1560
1572
949
713
1029
1511
897
1532
1549
1307
1535
1565
1551
1560
1568
1570
1554
1544
1568
1554
1159
1557
1550
1539
1552
1557
1265
1566
1569
1552
1568
1566
1562
1550
1539
1556
1546
1562
1558
1562
1555
1567
1561
1560
1531
1540
1551
1272
1564
1556
1549
1554
1553
1561
1567
1540
1541
1568
1572
1557
1552
1558
1550
1566
1568
803
1019
1552
1558
1551
1566
1544
1541
1561
1562
1559
1557
1553
1542
1545
911
1569
1568
1560
1553
1553
1553
886
1543
1557
1577
1560
1557
1555
1551
1578
1563
1524
1569
880
1564
1564
1548
1557
1212
1548
1541
1566
1575
1560
1405
1556
1550
1238
461
1572
1564
1558
1546
1559
1090
1543
1557
1558
884
1543
1566
1556
1553
1566
1556
1553
1543
1167
1554
1560
1131
1550
825
1561
902
1561
1547
1579
1570
1552
1564
1544
1558
1562
1241
1546
1566
1559
859
1555
1566
1557
1553
1544
1563
1550
1555
1568
1563
1559
1553
1556
1556
1557
1562
1527
1542
1564
1569
1566
1558
1557
893
1536
1504
1534
1552
1559
1416
1574
1530
1550
1572
1560
1565
1568
1557
1560
1556
1564
1555
881
1134
1548
1532
602
1552
1556
1558
366
1568
1554
1558
1576
1458
1565
1566
1558
1544
1564
877
1557
1563
1546
1556
920
1554
1574
505
1559
1548
1561
1562
1556
1563
1569
1529
1562
561
1560
1577
1090
1557
1559
1552
1575
1559
1565
1549
1552
1560
1255
1554
1559
1555
1574
1562
1561
1568
1557
1563
1556
1549
894
1548
1548
1553
1543
1541
1543
1558
847
1562
1563
1479
1564
1541
1561
1552
1568
1563
1049
409
1570
1563
970
1571
1166
1231
1547
1559
1559
930
1556
1553
1529
1540
1559
1554
1565
1562
1556
1256
1553
1565
1557
1566
1565
1565
1561
1331
1548
1566
1562
1546
1543
1570
1554
1541
1389
1570
1551
1552
1568
1564
1558
1543
1556
1542
1544
1558
1539
1553
1578
1555
1550
1559
1559
1560
1572
1573
1551
1551
1577
1553
1564
1562
893
1549
1362
1552
1562
1538
1559
1546
1563
1565
1562
1552
1541
1566
1540
1559
1576
730
947
1545
1556
1554
1556
1553
1564
1577
1562
1559
1559
1563
1543
1536
1551
1555
1552
1549
1299
1558
1566
1532
1554
1561
1126
1557
1540
1558
1556
1564
1540
1562
1545
1540
1551
1558
1534
1543
892
1587
1338
1542
1560
1561
1547
1561
1559
1553
1557
1545
1563
1558
1552
1579
414
1553
1567
788
1556
1562
839
1557
963
1547
1524
1552
1572
1565
1557
1282
739
1515
1553
1573
1539
1558
1563
1549
970
1551
1552
1587
1547
1564
981
894
1563
1561
1549
858
1562
1542
1557
1542
1456
857
905
1554
1540
1558
1556
1554
1563
1544
1549
1552
1430
1563
1547
1558
695
1500
1543
962
1556
1561
1568
1559
1552
1572
1546
1562
1557
1565
889
1520
1545
1549
1559
1570
1562
1558
1556
1562
1565
1540
1563
1569
1551
1559
1555
1557
885
1562
1553
1545
1546
1562
1555
1581
1567
1541
1578
1552
1551
1568
1563
1548
1553
1551
1520
1560
1576
1155
1553
1556
1552
1545
1549
1542
1562
1562
1545
1193
1555
1561
898
1552
1559
1536
1566
1556
1552
1565
1553
882
1550
1553
1563
1577
1533
1554
1449
1573
1560
1569
1198
1548
925
1556
1564
1555
1548
1572
1568
1549
1561
1127
1532
1564
1525
1544
1166
1560
793
1546
1562
1543
1565
1547
796
1568
1553
1554
1546
1553
1554
1556
1563
1553
1566
1560
1559
1557
1553
1561
1553
1529
1539
1542
1553
1562
1560
1556
1554
1569
833
1564
1547
1558
1561
1553
1547
1520
1562
1557
1559
1528
1547
1559
1554
1561
1557
1559
1030
1524
1555
1543
500
1558
1546
1556
956
1558
1563
1566
1544
1548
1565
1553
1553
1542
1548
1560
1567
1567
1569
1559
1546
1545
898
1094
1569
1218
1543
1556
1388
1563
1559
1551
1544
1221
1566
1543
1446
1555
1556
1239
1545
1551
1558
1551
1560
1558
1562
1565
1556
676
887
1556
1558
1547
699
1550
1573
1551
1549
1569
1532
1491
887
1563
1556
1561
1549
1288
1557
1543
1562
941
1560
1560
1554
1556
724
1553
1561
1565
1559
1550
1561
1558
1568
1560
1579
1562
1570
1549
796
1542
1568
1568
1553
1558
1560
1561
1567
1559
1560
1562
1556
1554
1554
1564
1547
890
1542
1553
493
1558
1566
785
1530
1558
1571
1544
1553
907
1567
1564
1525
1562
1578
1561
1571
1562
1542
1566
1567
1563
1569
1540
1562
913
840
869
1565
1549
1398
1541
1558
1415
1563
707
1487
895
1556
1558
1086
1557
1558
1565
1576
1561
1558
1558
1565
1543
1549
1477
1545
1568
1558
1556
1528
1568
1560
1549
1558
1538
1466
1571
1564
1552
1560
1546
1553
1563
1569
1528
1558
1561
1551
1550
1551
1544
1563
1217
984
1161
1564
1566
1553
1386
1560
1532
1569
1567
1581
1545
1557
1561
1565
964
1527
1556
1548
1556
1557
1566
1550
1566
1553
1550
1571
1564
1571
1557
1556
1558
1533
1550
1560
1556
1544
1553
906
1564
1522
1562
1580
516
1551
1550
1568
1557
1570
1563
1560
1551
1545
1536
1570
1544
1560
1562
1521
1555
1555
446
1554
881
1553
1525
1550
1552
316
1558
1544
1531
1155
1563
1498
1548
364
1556
1560
1029
1557
578
965
1556
1560
1558
1548
1542
1545
1557
1555
1551
1559
1550
1561
1557
1569
1540
1560
889
1555
1570
1564
876
1507
874
1542
1553
1550
1549
1560
1419
1551
1561
1547
1063
1552
1562
1554
1568
1559
1558
1560
1500
1450
1564
1555
1559
1557
1553
1565
1552
1564
1563
1568
1139
1556
1543
1538
1531
1564
1560
1558
1560
1569
1556
1555
1565
1544
1552
1568
1552
1566
1569
1548
1567
1557
1350
1557
1558
1552
1550
991
1568
1565
1562
1565
1563
1552
1560
1552
1563
917
884
864
1563
823
1535
1172
1549
1555
1562
1550
1542
1563
1574
1566
1549
1549
1551
1551
1557
1548
1556
1559
1559
1536
1555
1556
1561
1560
1567
1550
1146
891
1552
1560
1563
1561
413
1572
1553
1548
1572
1562
1561
1559
1554
1555
1554
1565
1562
1488
1583
1542
1562
1324
1565
1579
1545
1556
393
1568
1568
1541
1558
1543
1559
518
1556
902
1581
1561
1140
1556
496
1547
1571
1561
1186
1558
1547
1064
1546
1156
1558
1564
1557
1545
1555
1556
1546
1564
1565
1561
1561
1519
1565
1557
1557
916
935
1559
1553
1555
910
1558
1547
1556
1567
1538
1565
1554
1576
1558
1535
1542
1557
1554
1555
905
1560
1562
1561
472
1554
1553
1562
1555
1562
1558
1550
1546
1563
1548
1536
1515
1550
985
1565
1567
1237
887
1536
1511
1220
1561
1566
1554
1548
1540
1584
1559
1561
1563
1554
772
1563
1565
1564
1546
1559
894
1545
1569
1553
1559
1558
1567
1553
1550
1539
1549
1550
1555
1556
1536
1547
1515
1544
1566
1548
1568
683
1556
1542
1551
1560
1556
1546
1531
1551
1550
1418
1508
1562
1554
1571
1549
1522
1550
1553
1459
1527
1572
1525
1566
1545
1555
1555
1566
1554
1538
1546
1577
1548
1555
340
1320
1554
1542
1560
1196
1557
1550
1551
1564
1558
1533
1542
765
1552
1548
373
1564
1573
1546
1564
1561
1560
1567
1561
1552
1562
1568
1558
1552
1397
1547
1559
1559
1571
1472
1544
1167
1571
1561
1550
965
1560
1412
1559
1105
1562
1548
1549
1532
1530
1541
1559
1539
1568
1567
1563
1556
1531
1558
1549
1565
1553
1553
1547
1556
1555
1559
1554
1569
1558
1553
1560
1032
1555
1564
1555
1550
1554
1563
1562
1560
1545
1549
1549
1558
1561
1554
1557
1558
1558
1572
1549
1564
1568
1508
1564
1559
1552
1540
1558
1501
1557
1006
1563
1539
1563
1554
1574
1537
1560
1557
1550
1558
1560
1536
1548
1555
1540
1556
1552
1564
1537
1549
1550
1554
1558
1549
1547
1562
1539
1558
1554
1568
1551
1542
1556
1558
1549
1539
1549
1565
1556
1189
1083
1555
1569
1524
1565
1534
1539
1559
1549
1554
1557
1560
1543
1564
1558
1571
1555
1560
1575
943
1564
1554
1559
1558
1553
1561
1560
1556
1557
1550
1548
1553
1553
1563
892
1563
1561
1555
1524
1561
1562
1542
341
1549
1562
1558
1564
1554
1547
1202
1558
1559
1540
1561
1551
1557
1562
890
1022
1568
1264
341
1574
866
1221
1562
1565
1567
1572
888
1553
1535
1565
1565
1561
1555
1052
1564
1554
1555
1549
1552
1558
1557
310
1553
1556
1551
1536
1289
1041
1215
1560
1563
1568
1159
1560
1558
1552
1550
1558
1530
1558
1560
1531
1563
1544
529
1102
1536
1543
1152
1568
1560
1567
1558
1557
1577
1564
1537
1540
1551
1570
1562
1287
1555
1557
1530
1508
1563
1563
1544
1558
1499
1556
558
878
334
1567
1546
1567
1456
1540
1549
1554
1558
1578
1570
901
1544
1547
1546
1561
1440
1563
1565
812
1546
1561
1487
1561
1572
1555
1552
1559
1586
1556
1562
1560
1563
1559
1540
1569
1538
1541
1576
1028
1561
1562
1553
1561
949
1544
1557
1555
1549
1555
1555
1173
1571
1556
1569
1581
1552
1564
1542
1561
1554
1557
726
1555
1548
1559
872
1545
1549
1562
1540
1550
1556
1545
1557
1557
1548
1550
1551
1552
1563
1560
1546
1567
1560
1527
1558
899
1555
951
1181
1565
1560
1560
1544
1375
1553
1571
1556
1561
1556
1556
1550
1560
1521
1559
1522
1463
1563
1551
1557
1560
1562
1560
1542
1539
1559
1556
1558
1552
1567
1549
1406
1557
1547
1540
1566
1567
1556
1526
1561
1574
1538
1571
1556
1490
1558
1550
1561
1593
1546
1561
1562
1555
1476
1553
1571
856
1564
1559
1572
1526
1560
1564
508
1548
1562
1544
1552
1561
1550
1556
1557
1562
554
1552
1036
1563
896
1563
1562
1563
1430
1427
1539
325
1548
1569
466
1542
1541
1541
1557
1466
1564
1543
1549
1567
1550
1560
1563
1564
1560
901
1551
1545
1555
1565
1561
1554
1552
1560
1552
1559
1567
1563
1592
1559
1566
1567
1545
1553
1519
1548
1559
1555
1557
1552
1555
1563
1545
1221
1575
1569
1563
1553
1553
1505
1552
1561
1578
1568
1556
1566
1558
1559
1552
1323
1557
1370
1180
1567
1560
1536
1559
1556
889
1557
1546
1553
1566
1558
1556
1563
1578
1557
1548
1557
1561
1559
1555
1550
1557
1558
1558
1092
1569
1555
1555
1032
1533
1559
1548
1556
1542
1549
1566
1563
1548
1536
1548
1562
1567
1577
1528
1567
1566
1558
1544
1563
1553
1562
1562
1565
1550
1545
888
1565
1552
1555
710
1555
1564
1532
1564
1557
1556
1551
1557
1563
1571
1568
1557
1096
1556
1459
1549
1543
1562
1559
1570
1552
1554
1355
1504
914
1564
1543
1546
1567
1562
1562
890
1571
1551
1562
1552
1548
1549
1555
1566
1398
1574
1544
1566
1556
1557
1563
1283
1570
1559
1549
1551
1557
1560
1571
1555
1548
1301
1556
1557
1565
1553
1569
1546
1564
1566
1566
1346
1561
1557
1565
1566
1557
1562
1536
1547
1548
1557
1545
1566
1554
1549
1561
1560
1538
1538
1573
1558
1553
1561
1555
1559
1552
1551
1560
1563
1552
1562
1536
1552
1563
1569
1282
1562
1555
1555
1553
1532
1556
1536
1539
1139
1486
1552
1573
1554
1447
1566
1564
1558
1551
1569
1573
1544
1556
1552
1557
1541
1545
1571
824
652
1557
1563
1542
1546
1550
1508
1569
1530
1556
1558
1577
1526
1553
1566
1557
1560
1556
1563
1573
1548
1546
1541
1159
1555
1553
1540
1564
990
1552
1550
1562
1539
1558
1557
1548
1565
1545
1547
893
1555
1554
1565
1559
1542
1555
1549
1567
1558
1541
1554
1562
1554
1558
1553
1550
1584
1561
1559
970
1551
1551
1543
1549
1555
1574
1392
1556
1543
1139
1558
1547
1560
1547
1550
1562
1522
1571
885
329
1545
1560
1560
1566
1153
1534
373
931
1118
1450
1549
1508
1560
1179
1556
1545
1562
1558
1568
1553
1570
1568
1560
1557
1571
1575
1545
1559
1547
1578
1573
1563
1558
1561
1546
1537
1568
1546
1569
1549
1580
1562
1498
1536
1553
1561
1563
1568
1574
643
1543
1572
1374
1551
1045
1120
1567
885
1572
889
1545
1555
1555
1568
1556
1558
1564
1549
1556
1562
1554
1565
1561
1555
1530
944
1567
1565
1566
1494
1561
1551
1523
1547
1530
1559
1552
1560
1540
1538
1568
1563
1011
1572
1550
1571
1549
1563
1573
1517
1565
1557
1559
1551
1557
1542
1545
1570
1561
1554
1556
1560
1544
1037
1541
1567
1368
1547
941
1553
1543
1555
1545
1567
1552
1561
1556
871
1374
1565
1550
1563
1554
1574
1571
700
1548
1546
1567
892
1559
1544
1533
1558
1565
1551
1555
1558
1567
1568
1564
1568
1546
1562
1561
1407
1570
1568
381
1576
1562
1556
1576
1567
1564
1315
1560
1576
1541
1563
1544
1051
1553
1558
1565
1555
1548
1548
1568
1564
895
1565
1528
1565
1566
1551
1550
1541
1568
1541
1558
1552
887
1560
1131
1551
1553
1545
1562
1565
1553
1561
382
1541
1556
1569
1559
1297
1550
1559
1571
1535
1555
1551
1571
1540
1552
1550
1559
1561
1544
1528
1327
1558
1554
1558
1564
1560
1574
1563
1541
1557
1550
1542
1586
1550
1551
1543
1568
1561
1542
1553
1561
1458
1517
1548
811
1541
1407
1554
1576
1560
698
1542
1567
1274
1574
1555
1564
1512
1543
1555
1567
1559
1532
1559
1560
1544
1541
1567
1557
1556
1560
1557
1545
1575
1557
1562
1567
1558
1561
1538
1543
1538
948
1497
1552
982
1553
1561
900
1552
1561
1548
1567
1551
1535
1557
925
1559
1527
1548
1552
1558
1550
1547
1424
1561
1559
1552
1543
1568
1546
1559
1555
1573
1559
1552
1559
1550
1577
1562
1570
1529
1527
1583
1547
1570
892
1567
1554
1567
1562
1537
1560
1069
1578
1565
1531
1569
1549
1550
1159
1561
1483
889
1573
1558
1561
1546
1563
1546
1559
1558
1563
1544
1561
623
1555
1555
1562
1557
1575
1562
1385
1556
1525
1560
1558
1555
1568
1554
1565
1532
1531
1554
1539
1559
1551
1556
1563
1546
974
1548
1577
1558
1555
1563
1553
1560
1581
1556
1565
1554
1558
1548
1542
1554
1556
893
1544
1556
1527
1551
1546
1554
1559
1549
958
1328
1563
1556
1547
1547
1563
1549
1565
1568
1552
1557
1552
1551
1550
1559
1551
1555
1555
1560
1565
1552
1545
1561
883
1554
1525
1544
1567
1564
829
1566
978
1541
1554
1562
1561
1350
1553
1563
1068
1555
1552
1557
1558
1563
1517
1546
1561
1557
1555
1564
1563
1555
1564
1547
1550
1559
1556
1562
1545
1561
1558
1557
1563
1556
1555
1209
1054
1554
1111
1549
1567
1020
824
1565
1561
1552
912
1556
1555
1541
1266
1555
1551
1556
1568
1559
1565
1552
1552
1572
1540
1560
1567
1561
933
1560
963
1559
1546
1557
1561
1557
1548
1358
1570
1067
1562
1540
1560
1549
1548
1574
