3042
3033
3030
3023
3041
3004
3022
3049
3050
3043
3040
2966
3089
3004
3040
3049
3034
3033
2689
3034
3055
3046
3056
2990
3056
3029
3051
3042
3030
3029
3018
3047
3045
3038
3028
3031
2853
3015
3014
3047
3030
3031
1956
3062
3054
3070
3028
3072
3035
3042
3108
3052
3032
3038
3047
3016
3004
2105
1541
3097
3052
3045
3012
3006
2989
2481
3040
3041
3011
3060
3056
3016
3007
3040
3026
720
597
3042
2992
3019
2970
3031
3038
3012
3045
3012
3046
3045
3013
2535
3058
3046
2997
3042
2987
3091
3035
3059
3052
3069
3039
3040
3012
3057
2999
2343
3020
2328
3017
1708
3018
3046
3065
3028
3034
3040
3037
3043
3042
3043
3052
3014
765
3012
3051
3035
3049
3108
3027
3023
2982
2971
3027
3037
3014
3063
3027
3035
3076
1605
2999
2499
3040
322
3048
369
3045
3046
3043
3047
2316
2980
3034
2986
347
3087
2997
3003
3024
3030
3018
3060
3030
3046
926
2975
3043
3034
3027
3020
3038
3037
3036
3021
3047
2997
3016
2937
2999
3040
1636
3048
3030
2998
3069
3042
1919
2334
3042
3055
3018
3033
183
446
2973
3009
2841
3050
3055
3019
3040
3054
3030
2187
3117
3029
1080
3047
3031
3039
2319
3107
3051
853
3085
3055
3007
2808
3024
3030
3061
3044
3047
3053
1019
3038
3043
3039
3029
3028
3019
3019
3049
3047
3024
3028
3050
1271
3058
3043
3026
3027
3047
3028
3042
2961
2694
3052
3053
1753
3061
3014
3045
1477
3045
3026
3045
3039
3016
2898
3075
3037
2995
3069
3037
3009
3060
3049
3054
2131
3030
3028
2974
3057
3013
3048
3019
3037
3042
3035
3053
3005
3043
3019
3008
3028
3044
1711
3046
1433
3044
3033
3027
3063
3033
3039
2410
3033
3056
3033
2146
3045
3025
331
185
3039
2814
3013
3054
3051
3030
3030
3049
3029
3038
3042
3047
3022
3022
3002
3027
3047
3028
3027
3019
3034
3012
3037
2992
2991
2992
2946
3026
3019
3023
3021
3049
3064
3044
3050
3029
3050
2909
3060
2534
3023
3032
3040
3019
3014
3015
3038
2998
2726
3044
2709
3052
3060
3009
2955
3025
3022
3016
3072
3043
2809
3059
3052
3038
3030
3024
3057
3036
3042
3057
3052
3042
2859
3047
3014
3028
3072
3049
3055
3037
2683
2943
3054
3042
910
3037
3048
3027
3000
3035
3022
3043
3044
3036
3017
3003
3025
3041
3027
1703
3027
3017
3029
3040
3039
2987
3004
3013
3022
3039
3035
3064
3025
2727
3014
3039
220
3050
3040
3063
3009
3046
3047
3057
3053
3115
1645
2891
3035
3011
3039
3032
3035
3003
3029
2842
1852
3014
3031
3040
3055
2642
2993
3038
3028
3039
2998
2989
3033
3022
3031
3030
3039
3023
3043
3061
3034
2711
3110
3033
3033
2918
3041
3026
585
3054
3014
2991
2663
3014
3026
2326
3019
3058
3030
2978
3034
3013
3058
3007
3006
3030
3069
3044
1939
3000
3056
3016
3045
3018
2966
3048
3022
1278
3040
3044
3051
3056
3018
3043
3040
3021
3029
3051
2710
1852
3013
2991
2866
3011
3042
3037
3019
2993
466
3021
3016
3044
3043
3003
3044
2048
3047
3026
3024
1805
3012
3040
3040
3031
3046
3035
3020
3048
3012
599
3043
3043
3127
3022
3044
3026
3023
812
3080
3012
3022
3010
3048
587
3003
3033
3027
3023
3022
3041
3044
3051
3056
2928
1739
2979
3045
248
3052
3032
3037
3055
3035
3015
3072
3036
3021
3031
3057
2992
3042
2727
3030
3025
3029
3025
3028
2979
349
3014
3036
3045
3038
3057
3054
3040
2999
3061
3005
3035
3054
1458
3024
3021
3075
3040
3053
3027
3026
3041
3014
3022
3041
3050
3047
3033
3035
3028
3012
2996
2406
3056
3029
3082
2991
3020
3040
3038
3052
3020
3001
3014
2584
3039
3057
3055
3036
3038
2977
2927
3062
3007
3010
3057
3032
3026
1301
1946
3023
3067
3047
3058
3052
2966
3033
3026
3011
3025
3020
3047
3055
3099
3045
3017
3030
3038
3046
3054
3064
3038
3022
3025
3050
2777
3031
3071
3053
441
1441
3042
2999
3037
3053
3036
3039
3063
3037
2957
3043
3022
3074
3040
723
3037
3045
3042
438
3033
3026
3032
3027
3013
3021
3029
3028
3043
3025
2405
3014
3027
2996
3051
3032
552
3039
3035
2999
3060
3024
2821
3040
3039
3023
3038
3033
2962
3034
3054
3043
3020
3043
3034
3028
3003
2042
2473
3005
537
3033
3028
3043
3028
3027
3028
3068
3022
3018
3049
3027
3052
3050
648
3053
3020
3059
3039
1115
3008
2971
3053
2969
3044
3022
3049
3046
3022
2991
3045
3025
1524
3002
753
3019
3028
3050
3067
3055
3049
3037
3033
3043
3094
3047
3029
3033
2636
3000
3052
1940
3034
3047
3037
3125
3019
1444
2656
1473
3033
3013
3057
3031
3035
1378
3062
2272
3031
3031
3065
3030
3029
3028
3055
3039
3022
3034
3050
3044
3003
3021
2780
3032
3032
3052
1973
3024
3046
3006
2963
3042
3003
3087
3000
2963
3036
3053
3046
3003
3014
3047
3054
2991
3046
1148
3052
3041
1428
3052
3041
3021
3042
2635
2992
3052
3051
3008
3013
3051
3031
3008
3051
3035
3029
3042
2197
2973
3059
3099
3008
3011
1424
3065
3067
3013
1363
2024
2785
3043
3052
421
3068
3026
3049
3036
3053
3042
3054
3053
3026
3026
3053
3010
681
1638
2514
3019
3041
3047
3042
3032
3022
2985
3039
2982
708
3042
3036
3002
3024
3013
2367
3039
3054
1095
1612
3093
3062
1182
3077
3009
3019
3041
3034
3031
3045
3000
3012
2723
3060
2982
3026
3069
3058
3037
2147
3038
3029
3011
2978
3012
3043
3044
3052
3025
1245
3045
2985
1116
3065
3062
3050
3033
3048
3031
3063
3015
3060
3050
3040
2963
3026
3039
3022
3038
3037
3045
3033
3006
3018
2783
3032
597
3042
3036
1209
3038
319
3020
3021
3057
3006
3038
3028
2953
3025
916
3066
3031
3029
1303
3034
3011
3075
3026
3031
3013
2870
3027
3047
3012
3044
3038
3037
3041
3016
869
3064
3036
3026
3042
1671
178
3061
3058
3064
3019
3044
3008
3055
3024
1717
878
3050
3041
3046
3055
267
3036
2941
2231
3040
3028
3071
3035
713
3050
3013
3013
3031
3034
3044
3085
3057
2993
2942
3069
3041
3041
3063
3037
3009
3011
2967
3054
3045
3002
3044
3035
2883
3051
3052
3034
3057
3047
3045
1301
3043
3021
3041
3048
3021
3053
1526
3065
3050
3039
3015
2954
3023
3014
3036
3037
3060
3070
3045
2978
3059
3044
3020
3031
3012
3016
3021
3039
3026
3035
2764
3059
3015
3023
3027
3119
3031
3019
3042
3035
3107
3032
3008
2005
3039
3018
1536
3050
3037
3054
3066
3046
3053
2848
3014
3004
3016
3025
3050
3034
2605
3034
3053
3014
2979
2896
3079
3037
2420
2962
2590
3036
3033
3038
3023
3049
1798
3036
3023
3049
3036
3009
3004
3043
3012
3023
3013
3026
2993
3015
3066
3066
3023
3038
3038
3041
847
3013
3055
3023
3050
3054
3035
3018
3019
3079
3045
1364
3065
3041
3058
3067
3054
3019
3056
2997
3044
3049
3026
3076
3044
2067
3065
2955
3015
3014
3096
3022
3014
3044
3034
3071
3042
3036
3009
3045
3022
2038
3037
1157
3048
3042
3052
3029
2428
3011
1975
3053
3050
3043
3041
3024
1600
3014
3050
2968
3057
747
3035
3010
3052
3032
3045
3012
3047
1253
3018
3028
3006
3111
3056
3051
3025
2177
2968
3050
2358
2969
435
3043
3039
3034
3049
3052
648
470
3024
2879
3046
3050
2984
2812
3011
3037
2217
3025
3001
3054
3034
3032
424
3055
3042
3044
3046
3037
3029
1081
1229
3059
3078
3029
2988
3035
3042
2185
3032
3026
3055
3017
3059
3097
3013
3059
3069
3054
2671
3018
3027
3061
3021
3014
3030
3048
3040
3052
3056
3069
3017
3028
3052
3047
3054
3049
3025
1672
3053
3034
3069
3046
3066
3021
3030
3077
3003
3006
3029
3020
2995
3138
3145
3089
3033
3045
3025
3021
2991
3012
3038
3021
3051
3058
3031
3042
3025
3040
3052
3048
3038
3024
1345
3020
3046
3037
2847
3014
3032
3023
3061
3031
3014
2887
3011
616
3015
3024
3016
2975
3008
3002
3057
3021
3012
2495
3004
3029
2586
2329
3046
3042
3009
3016
3047
3027
3044
3021
3017
3057
2961
3047
3021
3031
2888
3124
3104
3034
3047
3033
3050
3035
3043
3040
3028
2977
3042
3061
3022
3030
3055
3021
3049
3037
432
3030
3027
3040
3026
3035
3011
3046
3046
3041
3032
1080
3033
3018
3047
3055
2990
3038
1894
2977
483
3042
3006
3050
3037
3023
3018
3052
3021
3037
3022
3048
2994
2963
3000
1520
3004
2991
3077
3060
2999
3021
552
3022
3014
3035
3077
3021
3052
3031
3028
914
3038
3040
3041
3055
2968
3042
3075
2502
3037
3016
3038
357
2773
3065
3049
3033
3062
3024
3121
3033
3053
2984
3058
3047
1985
429
3005
3047
3036
2467
3003
3006
3044
3045
2965
3060
3033
3007
2988
3033
3039
3007
3049
3087
275
3059
1922
237
3052
2965
3005
3019
2994
3017
3031
3053
3030
3037
3022
3017
3053
237
3020
3066
3035
3073
3137
299
2159
729
3057
3037
3014
1054
3023
3037
2984
3081
3053
3002
3014
2953
3032
2998
3122
2503
3007
3014
3035
3055
3061
3043
3019
3047
3048
3025
3038
397
3051
3066
3022
3039
3047
3020
3046
3043
3048
3025
2900
3034
3067
3039
2885
3030
3032
3053
3035
3063
3035
3004
3031
3051
3044
3003
3053
3004
3006
3006
2784
3037
3053
3002
3022
2794
508
3040
3022
3035
3038
3063
3038
3010
3024
2979
3055
3058
2998
2586
3035
3029
1891
3024
3015
3028
3041
3027
3066
3032
3044
3010
3022
3065
3030
3061
2991
3027
3039
3030
3060
3047
3025
3042
3049
2995
2612
3036
708
3045
1286
3015
3040
3060
3064
3058
3017
3051
3056
2987
3021
3052
2988
3013
3054
3064
3035
2989
2993
3031
3026
3042
3039
3041
3044
3042
3070
2989
2939
3056
3030
3039
3012
3030
3056
2998
3040
3050
3040
3013
3045
3053
2031
3043
3056
3016
3040
3030
2962
2917
3018
3036
3033
3061
3020
3050
3008
3004
3042
3060
3043
3024
3034
3024
2991
2144
3022
3018
2226
3041
3043
3050
3036
3048
3026
3064
3044
3024
2957
3018
3070
3056
735
3048
3075
3060
3030
3054
3049
3026
2978
3056
2991
3032
200
3042
3022
3058
2195
3010
3033
3034
3054
3043
3056
3050
3036
3029
2189
3008
371
1088
2597
2083
3039
3039
3030
1388
2999
2963
3024
3033
3031
3029
3006
3041
3027
204
3061
3019
3026
3012
3021
641
3026
3038
3029
2990
3033
2999
3050
3047
3031
520
1563
1877
3039
3023
3025
3014
3127
3038
2999
3025
3031
3055
3041
3088
3051
954
3036
3004
3046
2972
3077
1199
3066
535
3037
3021
3008
3075
3058
2948
3059
3005
680
3057
3067
3032
3001
2963
2338
3045
3066
3042
3019
3050
3051
3036
3023
3042
3009
1707
2618
2989
3033
3020
1960
3071
3033
3025
3019
3045
2989
3043
3047
3031
3031
3030
3051
3039
3056
3037
2972
3040
3026
3011
3076
3011
3025
3021
3051
3030
3039
3046
2634
2822
3018
3056
3009
3023
244
3029
3048
2948
3045
3035
3061
2508
3015
3033
3045
3054
3032
3053
2870
3025
3032
374
3048
3024
3050
3032
3038
2256
3018
3032
3066
2994
3000
3054
2977
3029
3021
2997
3009
2968
407
462
2894
1856
3024
3022
3051
3065
3072
1573
3055
3040
3032
3029
3073
592
3015
3036
3061
3014
1833
2826
3008
3049
3024
3013
3051
3057
3050
2999
3051
3053
3024
3093
3035
3062
3044
3018
3001
3063
3043
2876
3016
3012
3052
3030
3006
3036
3007
3048
2928
3007
3042
3052
3065
3003
2970
2988
3013
2937
3044
3035
2524
3007
3039
343
2908
2990
2057
3036
3027
3085
3012
3030
299
3054
3121
2979
3039
3004
3021
3065
2981
2724
2996
3034
3040
2954
3020
3017
3013
3069
3041
3022
3033
3060
3041
3015
3022
3025
3039
3031
3074
3030
3027
3031
2823
3034
2998
3045
3030
3051
3040
3028
3028
3042
3045
3032
3035
3041
3047
3018
3028
3035
3050
3039
2985
3011
3056
3020
3043
3032
3068
3016
2942
3031
3040
3024
3045
2953
2984
2987
3085
2999
3019
3020
3037
3045
3045
3042
3046
195
2994
3021
2972
3021
3039
3039
3014
2997
3034
3030
2315
3017
3049
3040
2964
3034
242
3024
3002
3033
685
3014
3004
3043
2760
2979
2919
3032
3044
2606
2868
3049
3021
3040
3044
3009
3039
3090
2405
3050
3050
3010
3023
3036
2995
2984
3023
3068
3118
3035
3055
3055
2332
2853
3030
3104
3035
3034
3018
3055
3028
3071
3017
3043
2501
3058
2868
3061
3057
3046
3047
3034
3035
3010
3077
3058
3037
3058
3033
3020
371
3036
3016
3003
3045
3031
2993
2923
3134
3042
3051
3044
3023
2961
2739
3064
1252
3030
2989
3055
230
3054
3024
3001
2427
3030
3015
3041
3121
3037
3007
3048
2986
3035
3037
3027
3054
2959
2564
3027
2987
3054
3031
3036
3036
3023
1443
3010
3029
3045
2974
3038
3060
908
2304
3031
3031
2939
3046
3045
3028
3018
1637
3044
3039
3060
3074
3076
3011
3051
3016
2798
3064
268
2998
3011
3067
3013
1988
3014
3032
3020
2746
3046
2741
3061
2246
3098
3021
2276
3016
3036
3042
3056
3048
3013
2993
3006
3061
3055
3022
3019
3018
3033
3011
3040
3040
3064
3038
3042
3040
1149
3030
3011
3048
1610
3050
3040
1721
3050
3071
3038
2994
3056
2995
3015
3045
3046
3054
2775
3035
2963
3021
2973
3023
3073
3011
3036
3020
3046
3049
3038
2988
3041
3041
3051
3015
2963
2995
3090
800
3032
2998
3047
3059
2818
3064
3026
3043
3060
3052
3038
3017
3016
1431
3027
3041
3033
3056
3041
3040
2919
3031
3031
3092
3029
3035
3048
2737
3042
3047
2984
3052
3058
3055
2966
3012
3016
3051
3058
3085
3003
3028
3036
3028
3063
2984
3011
3023
3022
187
3052
3033
3051
3047
3041
3053
3016
3053
3079
3051
3029
2977
3015
3010
3055
2183
2588
2757
3016
3022
3109
3028
2972
3008
3042
3049
3039
3040
3050
3000
3034
3023
3056
3044
3081
3042
3033
3017
3046
288
2756
3043
2988
3042
2998
3016
3039
2987
3010
3014
2027
3052
3019
3032
3059
3012
3036
3009
3039
3003
3042
3023
2965
3035
3048
3056
3026
2342
3051
3009
3048
3029
3016
3044
187
3053
3030
3024
3051
3034
3044
3057
3042
3036
3017
3036
3042
3027
520
3014
3004
2999
3040
3024
3037
3035
792
264
737
2374
3037
3037
3042
2972
3017
3058
1424
1973
3045
3033
3030
3042
3025
3046
3046
3055
2842
3024
1488
3023
3009
3033
3045
1447
3041
3030
3028
3024
2804
3004
3041
3022
3053
3059
3058
3059
3013
3019
3027
2998
3042
3036
3054
3058
2997
234
3036
3051
3030
3025
3048
3048
3048
3024
3029
3058
3016
3066
2980
3005
3052
2998
3043
3018
3066
3043
3015
2994
3023
3057
3047
3048
3036
3026
257
2307
3033
3042
3039
3038
2395
3023
600
3060
3039
3031
3047
3049
3057
2024
904
3031
3059
3023
3062
3022
3028
3053
983
2998
3040
3079
3045
3034
3047
3025
3005
2822
3091
3026
3039
2036
3034
3008
3044
3060
3053
3047
2699
3060
3041
3010
3018
3066
3038
3040
3056
3029
3026
1841
3045
3025
3036
3020
3046
3045
3028
3040
2989
3027
3019
2999
3066
3020
3038
3036
3055
3074
3015
3056
3043
3036
3031
3051
3045
3021
3033
2907
3033
3056
3048
3034
2997
3035
3031
3034
3054
3072
3042
3045
3049
3044
3010
3019
3013
3012
884
3035
3044
3007
3102
3033
742
3016
1764
3049
3038
3042
3043
3070
3036
3008
3011
3045
3055
3035
3027
2945
3008
2990
2940
3048
3009
2679
3034
3053
3063
2989
3025
3031
2499
2575
3019
352
3007
3044
3083
3019
2996
3037
3027
3034
2905
3034
3010
3048
2927
3041
3045
3048
3048
3038
3036
3031
3016
3053
3011
3020
576
3033
3033
3054
3052
3060
3021
3048
1049
3046
3021
3044
1229
3065
3029
3079
3002
3056
3016
3035
2761
3063
3065
3019
3036
3049
3021
2237
3031
3046
3036
3035
3049
3031
3031
3038
3011
3040
3051
3028
3055
3023
3013
2993
3049
3026
3054
3000
3032
3048
2994
3064
3096
3019
3008
3012
3053
3044
3035
1761
974
3053
3046
3052
2997
3008
3054
3019
3043
3037
3032
3065
228
3015
3038
3075
3038
3032
3030
3019
3013
3051
3042
3013
2753
3003
395
3052
3013
2660
3060
2748
3027
1660
3003
3037
3038
3105
3063
3030
3020
2929
3052
2977
3035
3024
3049
3046
544
3068
3070
3019
1338
3044
3068
3044
3030
188
663
3002
3012
3059
3061
3045
3053
3013
3023
3050
3021
3044
2317
436
3042
3027
2253
3038
3040
3055
3022
3000
3055
3010
1586
3032
3056
3006
3033
3043
3034
709
3051
2957
3022
3046
3017
2975
3026
2089
3044
3069
3027
3046
3040
3039
3055
2058
2997
3050
3049
3005
3041
2855
3026
3046
3010
3109
2976
3030
3003
3053
3022
3049
356
3034
3050
3057
3061
3064
2977
3028
3030
2985
3026
2988
3010
3014
2993
3004
3013
3052
3060
3030
3062
3026
3000
3025
3024
2602
2612
3022
3019
1328
3056
2994
3024
2992
1011
3048
3014
3032
749
3011
2981
3045
3046
3042
3053
3030
3049
3054
3028
3044
719
1818
1314
2997
3044
3049
3049
3028
3031
3022
3038
3021
3030
522
3020
3107
3051
3029
2304
3056
3023
3045
3049
1884
3056
3011
2027
3030
3053
2970
3058
3034
767
3039
3047
3031
2998
3006
3043
3040
3045
3052
3020
3039
3028
3022
3055
3071
2969
2982
3018
3019
3043
3012
3054
3054
3042
2955
3068
3044
3020
3071
2983
3068
3036
3056
1493
2631
3049
3013
3043
3010
3028
3013
3053
3017
3033
3049
3030
2939
3042
3020
3073
3043
3064
3022
3090
3034
3016
3019
3038
3024
2940
3033
2988
3018
3021
3045
2949
3040
3033
3053
1297
3038
3040
3034
3025
3004
3061
3056
2643
3076
1276
3029
3069
3035
2702
3069
3057
3020
3015
3035
3060
3038
3030
3037
2975
3036
3038
3051
3015
3031
3088
3026
3035
3039
3035
3013
3048
3022
2974
2853
3030
3033
3012
3018
904
2991
3027
3037
3046
3047
3058
2826
3035
3067
3039
3023
3032
3025
3057
3020
2998
3061
1821
3041
3042
3042
3013
3060
3048
3124
3058
3060
2414
3055
3034
3015
3004
3052
607
3045
3049
3028
3036
3055
567
3038
3058
3044
3081
3006
3032
3038
3044
2990
566
3039
3042
3002
3040
3005
2715
3041
3024
3050
3000
851
3010
3020
3017
339
3015
3022
3122
3045
3063
3003
3027
3023
3023
2679
2991
3073
3045
3018
3033
3057
3049
3003
3111
3052
3025
3008
2989
3105
3023
3029
3040
3040
3077
3054
3001
2980
3043
3044
3025
3042
2802
3060
3024
3032
3051
3033
3038
3059
3029
3033
3036
2994
3043
3023
2116
3007
3029
3042
2965
3101
3066
3018
3032
3023
3040
3055
1681
3062
3036
2129
1142
3026
3052
2999
3038
3032
3016
1267
3008
3038
3003
3046
3042
2146
3051
3023
3033
3072
1784
3001
3040
3014
3009
3042
3047
3017
2745
3028
3042
3045
3039
3046
3012
2953
2987
809
3032
3045
1612
3051
3035
3017
3003
3022
3010
3060
3027
2535
3019
3032
3049
3046
3027
3046
3115
2851
2920
3047
3017
3042
3060
3037
3014
3054
2699
3031
3026
3037
3058
3017
3027
3021
944
3031
3031
3047
3031
3016
3006
2988
3009
3039
3005
3040
3031
1420
3046
3041
3020
3044
3062
3054
3014
3029
3036
3004
3045
3058
3035
3020
1136
3075
3039
2891
3016
3037
3061
3024
3113
3013
3068
3036
3031
3030
444
3046
3000
3039
3037
2696
2993
3051
3048
3101
3017
3027
3021
2931
3024
3028
3039
3051
2502
1498
3028
3021
3031
3022
2993
3020
3050
3030
3055
735
3032
3019
328
1336
3028
352
3042
3011
1573
236
3051
2947
3006
3070
3050
3036
3053
3029
2142
3044
3054
3043
3012
3026
2999
2983
3034
1083
3067
3040
3048
3018
3056
2989
3034
3039
3012
3025
2889
1034
2957
3031
3038
2975
3036
3018
3025
3018
3060
3008
3050
3056
3022
3024
3064
3037
229
3017
3047
3051
3049
2725
3025
2614
3037
3017
3054
3041
2976
3041
3058
3033
3029
3027
3064
3062
3026
3026
3037
3019
2987
3034
2989
3040
3051
3018
3060
3043
3028
3049
3045
2315
2647
3055
3049
2989
3023
3054
3003
3063
3032
3034
3024
3031
3055
3054
3058
2998
3057
3058
2983
3069
1635
3060
3026
2998
3013
3028
3047
3034
3017
3043
3039
3054
3063
3055
3038
1264
3058
3064
3014
3026
3014
3025
1343
3088
3044
3020
3049
2988
2957
3065
3044
3050
3045
3047
3052
3045
3119
3051
3034
3015
974
3038
3053
3035
3048
3029
3036
3026
2964
3025
3045
2983
3052
3066
2991
3034
3018
3049
3047
1987
3024
3044
3026
2982
3105
3117
3035
2876
2946
3041
1890
3030
3059
3020
3042
3037
3024
3068
3028
3026
3045
2981
3021
2978
3021
3082
3026
3011
3071
3014
3019
3051
3054
3029
3033
3034
3052
1204
2963
3048
3068
3042
3023
3068
3049
3061
3031
543
3041
2984
3029
3038
3058
3070
3039
2353
3058
3023
3033
3028
3102
1506
3075
3003
748
2998
3009
2605
3011
3034
3021
2991
3036
3063
2896
3035
1328
3007
500
3015
3051
2721
3035
3043
3057
3017
3059
593
3007
3047
3042
2937
3050
3047
3032
467
3030
2987
3111
3029
3031
3022
3017
3006
3071
3055
2973
3057
1987
3034
3045
3023
3112
3020
3044
3011
2851
3073
3054
3035
1450
636
3020
3059
3044
3030
3034
1767
3038
3003
3029
3055
3006
3032
3053
3026
3002
2966
3064
3062
3051
3032
290
3020
2996
3015
3058
3033
3034
2917
3054
3071
3015
3109
3016
3032
3004
3003
3058
3045
943
3044
3048
3009
3026
3082
1875
3053
2368
3024
3015
3050
3037
1019
3038
3053
2088
3073
3030
2973
3019
3045
2862
3039
3031
3010
3008
3017
2954
3037
3041
3029
3022
3043
3013
3027
1535
3042
3015
3056
3044
3012
3057
2982
3042
3020
3013
3038
3051
3036
3026
3019
1469
3055
3001
3059
3042
3038
3029
3002
3043
3054
3055
3039
3019
3017
3062
3031
3039
3029
2951
2651
3059
898
3132
3019
3012
3035
3046
3018
3024
3052
3018
3035
3049
3067
1209
3016
3013
3049
3043
3027
2790
3026
3045
3029
3040
3054
3052
3040
3043
2994
2858
1887
3015
3001
3034
3027
3026
3026
3043
3034
1681
3039
2980
3045
3030
3060
3043
331
3048
3024
3056
3014
3036
3020
3040
3056
3022
3036
3018
3018
3052
3013
3007
3051
3052
2525
3058
3012
3021
2991
3044
3025
2602
502
3010
3037
3046
3029
3113
3026
3040
3021
3016
3032
3021
3030
846
3026
3054
3051
2942
2981
3073
3036
689
3035
3064
3058
3037
3049
3035
3053
3025
228
3020
2582
1209
3074
3029
3028
3062
3023
3044
3041
3040
3023
3032
3036
3051
3023
3009
3128
3034
3019
2728
413
3036
3026
3048
3041
3049
3032
3016
3036
3051
2236
3025
3073
2992
3029
3029
3067
3014
2450
3053
3016
3028
3035
2477
3040
3058
3038
3065
3069
3021
2961
3034
3026
3071
3022
3030
3046
3048
3030
3048
3065
1739
3041
2983
3028
3004
3045
3034
3035
3050
2997
947
1612
3024
3027
3010
3017
2992
3035
3062
3028
3022
3072
3028
3056
3042
1319
3007
3002
3063
3137
3033
3071
3046
3028
3047
3024
2996
604
3023
3043
3026
3060
3051
3031
2899
3049
3037
3018
3050
3008
3023
2851
3044
3067
3047
3060
2999
3034
3051
3050
3049
3044
3032
3013
3052
3010
3024
3022
2291
899
2765
2981
3021
3033
3027
2990
3063
3024
3029
3002
3031
3033
3031
3058
2855
3050
3045
2785
3015
698
3052
3006
3036
3040
3027
3034
3002
1409
3042
3037
3080
3108
3042
2991
1025
3015
3043
3045
3030
3029
3025
2923
3028
3009
3027
3011
3033
3050
3011
3047
3039
3041
1437
3009
3060
3039
2163
3029
3047
982
3004
3137
3035
2967
3050
3046
876
3046
3047
3013
3052
3038
3042
3035
3036
3020
3049
3028
3042
3049
3022
3045
242
3031
3086
2954
3025
2944
3024
2916
3050
3019
2989
2276
530
3045
3011
1964
3026
953
3094
3054
3058
2884
3050
2988
2963
3041
2961
3039
2993
3050
3042
3040
3001
3080
3050
3043
3048
1405
3056
3041
3041
2990
3077
3047
3042
1804
3035
3058
2718
3057
3019
3040
3040
3059
428
2997
3052
2976
2252
3036
2232
3030
2728
3020
3011
3015
3023
2684
3035
3025
3048
1923
3034
3051
3026
3078
3024
3027
3022
3051
3040
3018
3018
3025
3037
3017
2757
2995
2995
3043
3049
2576
3024
2997
2946
1892
3021
3048
3056
2208
3040
889
3049
3024
3040
3053
3042
2840
2991
3017
3049
524
3069
3020
3058
3107
3065
3044
3042
3052
3021
3034
3020
3041
2991
3046
3002
3027
3050
3035
2897
3039
3023
2590
3022
3039
3038
3034
2955
3120
3041
3038
3013
3036
3030
3030
3046
2827
3033
2821
3045
2966
3037
3042
3045
3040
3056
3061
3037
3042
3028
2998
3034
3014
3037
1192
3039
3038
3028
3017
3118
3057
3045
3024
3007
3036
3058
3025
500
2857
3017
3039
2974
3032
3028
3025
3002
3038
751
3047
2993
3001
3048
3041
3038
3051
3025
3002
3033
3037
3029
3047
3029
3052
3043
3011
3008
747
3039
3017
3038
3033
3028
3017
2637
3069
3053
3007
3047
3006
3018
3033
1396
3042
3072
3014
2729
692
3036
3047
3041
3029
3025
3070
3037
3062
2903
3022
3024
2835
2830
3010
3029
3024
3038
3067
3013
3041
3046
3052
1876
3048
3047
2969
3027
3004
362
3068
3048
3043
3003
3006
3049
3036
3033
3064
278
3029
3040
2993
3043
3017
3017
3027
3037
3013
3025
3042
3062
3059
3054
3039
3037
3035
2983
3036
3034
1496
3045
3043
3026
3038
3060
3042
3052
3043
3055
3034
3044
3051
3033
3022
3010
3045
2888
3027
1678
624
3032
3120
3062
3073
2823
3030
3033
3049
3018
3021
3037
3052
3022
3038
3031
423
3016
2999
3056
3071
2962
3053
3040
3038
3032
3060
3045
3046
3048
3036
3025
3049
3070
3039
3039
3040
2593
3043
3035
2978
3014
455
3044
3028
3022
3038
3052
3012
3058
3076
3028
3032
3030
3035
3043
3032
3030
3028
2802
2985
2989
3076
3042
3013
3109
3035
423
2995
3026
3039
3027
3023
3027
2990
3046
3020
3045
3038
3047
3018
3088
3016
185
3014
3052
2938
3037
3027
2703
2960
3033
3024
2971
3049
3039
3006
3032
3044
1862
3025
2452
3020
3010
3053
2896
3025
2988
3072
3045
3023
296
3049
2322
3034
3048
3045
3019
3069
3073
3053
3033
3028
3038
3012
3004
2994
3004
3031
3036
368
1964
3028
3050
3026
3026
3058
3028
3027
3024
3060
3125
3119
3016
3041
2550
3041
3063
3032
3023
3046
3038
3042
3021
3039
2981
3046
3038
3067
3024
2665
3045
3008
3041
2851
3034
2331
3049
3032
3009
3029
3019
3026
1043
3000
3059
3049
2140
3013
3036
3010
2884
3045
264
3077
3020
3028
3025
3045
2823
3025
3045
3043
3027
3050
3036
3045
3061
3045
3004
3051
3012
3038
3016
3136
3025
3049
3041
3037
3028
3038
1973
264
2956
3022
3022
3044
2594
3033
2226
3035
3026
3035
3050
3053
3024
3021
3069
2637
3028
3033
3019
3047
3050
3105
3044
3036
315
3033
3051
3027
3040
3030
3027
3015
2686
2983
3061
3063
2140
2349
2162
3051
3011
3047
3058
584
3046
2722
3047
2985
3005
3048
3024
3044
3121
3032
3028
3044
3044
3037
3031
3047
3038
2974
3011
2937
3035
3020
3003
2731
3046
3066
3034
3045
3064
3026
3009
1518
3029
3043
3036
3082
3046
2926
3015
3031
3011
3047
3025
3053
3028
3032
3035
3041
3044
3039
1596
3023
3018
3045
3023
3030
2878
2020
3068
3006
3062
3049
3035
3015
3005
1181
3032
3036
3031
3019
3052
3040
3032
3038
3037
3031
3046
3043
3020
3038
3050
3044
2915
3065
3059
3002
3063
854
3036
3047
1047
3012
3029
3061
3016
3061
3033
3015
3047
3023
3023
2812
1187
3058
3051
3064
3010
3054
3063
3060
2688
3031
3037
3017
3050
3045
3026
3017
3005
3046
3029
3064
3007
2930
3052
3034
3033
2991
3046
3052
3037
3029
3037
3050
3008
3048
2730
3029
2996
3046
1819
1066
3050
3035
3037
3052
3055
3072
3013
3048
3046
3024
2980
3033
3015
3009
3037
3015
3039
2831
3035
759
3046
3013
3064
3037
3039
2790
3045
3050
3026
3039
2989
3053
3055
3052
3047
2724
3034
3027
3052
3034
489
3047
3040
3060
3041
3119
3041
3008
3058
3053
3066
3056
3035
3028
3038
2818
2975
3117
3058
3027
3030
3050
3006
3011
3058
3043
1407
3004
3044
3029
3023
2889
284
3026
3029
3039
1953
3046
3029
424
3038
3010
2952
514
1445
3027
3013
3050
3036
3040
3016
3036
3029
3042
3040
3006
2976
3068
3047
3017
2990
3046
1072
3022
3046
3028
2709
2970
3025
3014
3038
3025
3062
1095
3085
3052
3092
3038
2990
3043
3034
3030
3046
3113
3048
3041
3005
3031
2977
2947
3032
3035
3060
3046
3023
3018
3008
2107
3046
3032
3049
3044
3056
3024
3038
3045
3002
3010
3024
2998
3032
3052
3069
3065
2979
3025
2612
3022
3029
3038
3043
3048
3043
3049
3064
3005
1320
3042
3135
3038
3030
3037
2581
2992
982
3003
3029
3038
1900
3035
3053
2997
3056
3032
2848
3033
1495
2605
2145
464
2995
3044
3019
3069
3089
1473
3025
3058
3017
3002
3053
3054
3038
3047
2967
3045
3055
2976
3035
3021
3009
3056
3052
3021
2982
3068
2998
2999
3015
2997
3051
3043
3015
3019
764
2963
3043
3045
3007
3053
2998
3079
3055
3028
3012
3018
3014
3016
3011
3052
3059
2433
3040
250
3068
3034
3045
3037
3030
3032
3015
3025
3034
3027
3054
3037
3031
587
3006
431
3010
3036
3022
3064
3012
588
3051
3017
3027
3011
2987
3030
3059
2987
3031
2990
3062
3040
3061
3028
3010
3045
331
3063
3036
3030
618
3036
2278
3048
3026
3005
3036
3041
3014
3044
3043
3040
3045
3031
3123
3036
3029
3079
3040
482
3066
2860
3025
3034
3061
3031
3058
3013
3062
2985
3053
3044
2999
3042
3035
3027
3020
3101
3022
2979
3037
3032
2998
3010
3031
3037
2213
3025
3052
3019
3010
3043
3032
3039
3012
3044
3037
3007
3019
3027
3030
3029
3032
3019
3042
3021
3027
2996
3039
3030
3026
3028
3044
1289
3046
3059
2669
2972
3019
3048
3078
3040
3007
3048
3051
2987
2986
3002
3048
3032
3007
3025
3045
3036
3053
3016
3043
3042
2966
3040
3048
3053
3047
3022
3029
3018
3045
3029
3012
2005
3036
3042
3130
3027
3012
3048
3042
3027
3024
3030
421
3015
3016
3064
2228
3010
2980
3026
3027
3032
3036
3007
3053
3039
3050
3021
3053
3045
2004
3041
3046
3009
1847
2811
3048
3019
3077
3034
3040
3027
3016
3044
3026
3011
3038
3033
3114
2934
3050
2944
1329
2946
3053
3016
406
3009
3093
3035
3043
3040
3000
3046
3056
2961
1382
3024
2963
3012
3038
2703
3018
3049
3034
623
3090
3021
2993
3027
3015
3030
3036
3036
3038
1925
3020
2998
3038
3018
3056
3055
3034
361
3052
3046
3048
3051
3055
3061
2766
3041
3039
3032
3036
348
3028
3047
3050
3048
3058
3036
3046
3039
3019
3041
2941
3062
2958
3050
3016
2716
3027
3036
3041
2997
3066
2420
3036
934
3040
3025
3052
3042
3022
3021
2584
3023
3066
3045
398
3035
3047
3045
3072
2988
3030
3044
3059
3013
3028
3039
282
3008
1299
2996
3008
3004
3039
3097
3050
3033
3026
965
3049
3104
3004
3037
3027
3050
3061
297
3009
2993
3048
2409
3018
3061
3029
2369
3011
2370
1063
3038
3034
3055
3036
3054
3080
3050
3018
2983
3047
2943
3053
3029
3076
3058
2797
3006
3058
3041
3047
3034
3070
3035
3044
3023
3004
3013
2983
3043
3032
3001
3033
3055
2636
639
2975
3059
3055
3037
2965
3021
2998
3041
3018
3081
3040
3057
3015
3047
2995
3055
3042
3012
3049
3080
3019
3032
3034
3056
2302
3041
2999
3068
3051
3032
3031
3086
3017
3046
3043
3005
3041
3051
3048
3025
3045
3043
3061
3021
3076
2977
3059
3038
3039
3027
3048
3046
3044
3049
3018
1036
3018
3011
2974
3075
3019
3037
3017
3021
3038
3050
3064
3027
3047
3012
3045
3030
3045
3058
3063
3030
3052
3009
3064
3016
3027
3032
3077
3054
3034
3052
3051
3034
3013
3040
3066
3045
2973
3050
3029
2087
3038
3014
3038
3034
3036
3039
3030
3040
2905
2996
1887
3039
3012
3035
2325
3045
3047
3077
536
3038
2977
3078
3044
3055
3036
3033
3029
3022
3038
3032
1439
3033
3057
3008
3005
3041
3028
2995
3028
3043
3018
3021
1017
3037
3038
3024
3014
2993
3049
2721
3019
3106
3113
3035
3040
3027
1429
2072
3028
3040
3024
3009
2400
3038
3017
3025
189
3051
3030
3049
3048
3019
3067
3038
3062
3008
2515
3055
3065
3056
3032
3037
3025
3049
1479
3112
3041
2998
3025
3057
3062
3024
1005
3046
3014
3039
3098
3028
2242
3021
3044
3051
3046
1258
3063
3055
3004
3057
3037
3060
2977
3025
1554
3056
3024
3110
3042
3044
3028
1008
3045
3062
3021
3018
3058
3024
3033
3027
3052
3013
3059
3052
256
3055
3047
2405
2084
3039
3047
3008
3073
3043
3008
3012
3104
3049
3033
3047
3004
2994
3019
2969
3056
3058
3017
3053
3049
3034
3134
3033
3036
3030
3026
1917
3052
3069
3049
3045
3032
2979
3055
3013
3024
3026
3053
3045
3030
3084
3024
3029
3017
3004
2988
2994
3021
3029
3030
2945
3016
3047
3015
3039
3025
2301
3039
3027
3052
3021
2660
2700
3040
3032
3026
2982
3052
3039
993
3007
3034
3023
3047
2318
3062
3009
794
2305
3047
3061
3007
2954
3010
1297
3035
3000
3017
3016
3055
3008
3034
3040
595
3042
3059
3065
3049
3056
3026
3030
2800
3015
3046
3001
3033
3024
3048
3062
2052
3032
3018
3029
2898
3022
3045
2349
3038
3057
3041
3043
3032
3035
3077
3060
3045
3014
3046
3039
345
3004
3032
3054
3025
928
3056
3046
3048
2986
3012
3022
3045
3016
3037
3043
3021
3026
3012
3016
3108
3029
3040
3045
3040
3039
3032
3056
3019
3040
1057
3023
3027
3042
3045
3009
2190
187
3068
3047
3022
3048
2603
3022
3075
3063
3052
3029
3028
3045
3044
3028
601
3049
3053
3015
3020
3038
3050
3054
3016
3020
3054
2982
3079
3050
3035
3036
3030
2948
3023
3034
3057
3026
3024
3027
3002
2456
3033
2987
2685
1426
3040
3060
3008
3060
3068
3052
3023
3034
3040
2077
221
3041
3051
3047
632
1935
3048
2976
1793
3046
3028
3030
3008
3020
2882
3043
3053
3043
3037
3054
3044
2977
3044
3033
3010
2902
3006
3050
3013
1675
3022
2954
2954
3029
3068
218
3046
3003
3052
3038
1416
3021
3039
3030
3062
3023
3011
3037
3012
3025
3058
3040
2071
2998
3066
2782
3075
3002
3034
3014
3056
3037
897
3055
3017
3057
3037
2964
3056
3040
836
3049
2138
2951
3021
3017
3023
3057
3022
3069
3037
3059
336
3020
3030
3013
3015
3028
2407
2982
3034
3042
3040
2961
3009
3004
3037
468
3016
3040
3041
3078
3053
2970
2902
3038
2988
3036
3033
3016
3057
3013
2999
3030
1102
966
3013
3054
3025
1821
3040
2946
3021
1448
3034
3063
3027
3059
3023
3058
3044
3035
3025
3062
3034
3020
3042
3057
2317
2996
3009
2780
3020
3075
2931
3052
2993
3011
3031
3018
3006
2986
3021
3046
3013
3028
3037
3036
3051
3059
706
2955
3026
3042
3032
2410
3036
3030
2982
3034
3004
384
3066
3061
3065
3022
3027
3035
3044
3042
3025
3064
2997
3053
3026
3010
3035
3041
3022
2127
3040
3038
3025
3022
3023
3029
3045
3008
3020
3020
2996
3042
3022
3019
3029
3052
3011
3054
3075
3055
3008
3026
3039
2547
3058
3032
3031
3054
3019
3022
949
3017
3040
3038
3069
3052
3053
3048
2999
3048
3033
3007
3030
3023
3014
3047
3032
3059
3027
3003
3020
3052
3067
3019
3006
3063
3029
3030
3046
3009
3063
2254
2430
3045
317
873
1669
2990
3018
3027
1209
2727
3050
3022
2919
3015
3012
3032
3055
3016
3044
3023
3048
3004
3048
3019
3057
3048
3067
3038
2986
3039
3031
3049
3012
2986
3008
3024
3041
3048
3011
529
3040
3021
3036
3049
806
3058
3053
3040
3031
3047
3039
3035
2371
3025
3094
3018
3036
3044
3039
1917
2755
3062
3049
3038
3021
3049
3043
3045
3066
3040
3022
2998
3124
3042
3064
3040
3024
3016
3046
3032
3067
3050
3033
3033
3026
3010
3100
3034
3055
3047
3066
3021
871
3021
3001
3019
3078
2995
2955
705
2981
3035
3042
3024
3073
3002
3075
3025
3041
3054
3012
2988
3074
3060
3041
1750
3045
3053
3027
3059
3033
3034
1870
3047
3050
3029
2499
3036
3035
3034
3035
3031
3042
3043
3039
3055
3026
3032
1305
3016
2813
3048
3010
3025
3007
3010
3023
3047
3027
3010
782
3036
3079
483
3059
3044
3043
3029
3042
2984
3049
3043
3043
3063
3046
3033
1446
3059
3020
3014
3041
3024
3043
3056
3029
3048
3072
2308
3007
3004
3036
3009
3063
3026
1875
2562
3030
3016
3053
3047
3043
3073
2998
2989
3082
3012
1761
3067
3035
3028
2522
3024
3051
971
237
3049
3023
3021
3024
3033
3035
3015
3013
3029
3038
1719
2899
3025
3039
3015
826
3021
3023
3027
3032
756
2986
3060
3005
2640
2363
3068
1510
3031
3046
3002
3030
3028
3073
3011
2985
3038
3103
3061
3024
3029
3032
3007
3036
3052
3027
3036
3046
3033
2977
3123
3046
3022
3068
3048
3009
3035
3036
3057
2974
3026
3062
3033
3023
3049
3047
3042
2967
3037
3036
3053
3042
3036
3026
3034
3040
3041
3033
3055
3005
3051
3007
2152
3041
3071
615
3020
3009
3050
2997
2966
3007
3055
3043
2625
225
3080
3041
3046
3049
3026
3041
3034
3018
2659
3018
3056
2914
3058
3094
3070
2959
3028
3051
3050
2957
2970
3004
3016
3033
2974
3023
3068
3040
3047
3022
2389
3017
3034
2992
706
3023
3104
3052
3030
3020
3037
3051
3036
2999
3024
3004
3023
3008
2907
3066
1750
336
3055
3057
3038
3029
3026
3045
3034
1265
2990
3052
2969
3051
3069
3005
3042
3054
3041
3044
3066
3033
3056
3020
3024
3041
210
3056
3024
3021
3047
2992
2522
3035
3100
3027
3019
3043
2996
2999
3026
3044
514
1709
3006
3051
3028
3034
2997
2963
3014
3071
3043
3038
3011
3018
1449
3041
3038
3034
3035
3034
2980
3037
3035
3044
3033
3057
3023
1225
3065
3026
3036
3059
2996
3019
3048
3059
3063
3040
3029
3036
3006
3065
3018
3030
3034
474
3051
2418
3048
3047
3010
3027
3047
3010
3039
3083
3061
3038
3035
3008
3023
3020
3045
3024
3041
1642
3033
3044
3052
3031
3034
3014
3094
3027
3033
2094
3039
3032
3018
2837
3035
3007
2975
3034
3060
3016
3016
3030
3047
3041
3001
3049
2771
3025
3024
3040
3018
3007
3045
3021
3053
3002
3009
3018
3014
3013
3017
3042
3053
3029
3049
3043
3033
3046
3041
3040
3068
3012
3057
3040
3032
3003
3023
3029
2968
3036
3048
3059
2919
3045
3007
3042
3041
2994
531
3028
2788
3070
2995
3036
3045
3039
3025
3077
3048
3024
3018
2927
427
3063
3022
3007
3033
3020
2982
3048
3020
2998
1834
726
3020
1771
3046
3013
3062
2980
3039
3048
2956
3029
3045
1937
1000
3058
3044
3022
3041
3040
3049
3045
2517
3039
3009
3053
3043
2486
3032
2223
3047
3029
3003
3050
3014
3022
2999
3020
3044
3057
2989
3060
3055
3040
544
3046
3111
3006
3045
2240
3036
3010
3043
3060
598
3035
3057
2317
3015
3044
3025
3023
3052
3065
3026
3094
3025
3039
3069
3036
2974
3045
3047
3019
3033
3042
3069
3046
2999
3044
3051
2964
3026
3062
3038
3022
3033
3043
3042
3023
2995
3045
3044
3032
2957
3035
3010
3059
3085
3016
3047
3024
3004
3005
833
3025
3016
3008
624
2978
3048
2708
3045
3043
2710
3044
3021
3057
3043
3013
3032
321
3040
1726
2988
3017
3025
3054
3035
3051
247
3063
926
3001
3041
3050
2166
3039
3032
3024
3035
3049
2992
3019
3015
3049
3027
3043
3043
3056
3054
3071
3054
3025
3029
2717
3026
3040
3060
3032
3017
3031
3050
3050
3037
3049
687
3035
2868
3116
2809
331
3046
3029
3040
2933
3059
2626
3031
3051
3033
2795
3081
3038
3050
3039
3024
3085
2994
3028
3042
3017
3045
3053
3055
3038
3042
3030
3048
3013
3017
576
3026
3049
3043
3045
3001
3046
2440
3120
3031
3054
3018
3044
3029
2405
3035
3034
3023
2039
3033
3028
3042
549
3025
3010
1665
3074
663
3047
2202
3043
3047
3015
1975
2999
3016
3082
3027
3039
3020
3043
3061
3061
3028
3004
3045
3024
3013
2998
3062
3035
3024
3006
3006
3024
1915
3046
3010
3052
3023
3049
3025
3015
186
3048
3068
3029
3010
3061
3034
3008
3002
3024
3058
3039
2416
3023
3048
3040
3069
2892
3056
3016
2997
3049
3048
727
3004
2971
3055
3053
3026
1305
2868
3018
3058
199
2964
3061
3031
3063
3011
2920
3093
925
3042
3036
3049
3017
2960
3039
3042
3038
3039
2995
3036
3008
3021
3027
3044
3021
3018
1039
2166
3031
3038
2994
3035
3058
352
1771
3024
3010
3037
3056
2561
3073
3081
3082
3030
3046
3034
3043
3049
312
3077
2960
3028
2795
3118
2861
3020
3064
3099
3003
3028
2992
2994
3032
635
3060
3043
3011
3069
2319
3041
3022
2975
3024
3011
3002
2923
3018
3036
3035
3062
3014
3069
3036
2996
3001
3049
3045
2969
964
3041
3036
3034
3043
3033
3063
3029
3030
3010
3028
3028
3010
3039
3087
3026
2941
3052
3051
1366
3045
3031
3037
3000
3028
2878
3070
3071
2974
2809
2703
2994
2986
3046
2977
3055
2877
3048
1726
241
3099
1695
2997
3047
3031
3045
3029
3021
259
3025
3035
3048
3012
2982
3014
3008
2936
3042
476
363
3014
3018
3033
878
3007
288
3052
3024
3022
3027
2498
3039
2397
702
3019
3013
3067
3034
3051
3025
3032
3038
2892
945
3024
3020
3058
3014
3034
2831
2541
2935
3003
3035
3020
3064
3035
3026
3058
2774
3009
3011
2862
3041
3037
378
2999
3041
2213
3031
3036
3031
3050
3025
3043
2011
1042
3037
2349
1152
3060
3100
3022
2979
3003
3030
2989
2989
3022
2701
3055
3011
1645
426
2992
3047
3025
2998
3055
3044
3033
3046
3049
3048
3030
3063
3043
3056
3031
2995
3048
3051
2961
3045
3036
3045
3041
1298
3056
3045
1431
3049
319
1949
3039
3042
3037
3053
3025
3057
3050
3023
3031
3016
3067
3091
2994
3014
3041
3030
3032
469
3080
3040
3005
3037
3028
513
682
3029
3064
3045
3007
3037
3006
3058
3045
2207
3005
3034
3048
2942
3030
3000
3020
3023
3100
3053
2954
3004
3043
3022
3010
3044
3001
3004
3071
3029
3041
3015
3048
3047
2983
3034
3044
3067
3038
2962
2887
3029
210
3030
3025
3054
3037
3022
3061
3055
3035
3045
3033
3039
3070
3047
3040
3045
3005
3033
2224
575
2838
3042
3029
990
3024
3001
248
3028
3013
2997
3038
3036
3048
3050
2984
3045
3039
982
619
3029
3043
3023
3050
3042
3019
3044
3049
3036
3058
2919
3024
3045
3026
3044
3029
3055
2999
3023
3023
3041
3041
2469
3049
3025
3022
2797
3047
3000
3024
3063
1065
3035
3047
2917
3041
3047
3036
3040
1196
3049
3027
3036
3034
3032
3026
2984
3016
3050
2870
3029
3013
3041
3036
2916
3043
3024
1959
982
3010
3039
3018
3037
346
3049
3016
3054
3055
3014
3055
3027
3039
2781
201
2917
3078
3024
1941
3040
2981
3025
3028
3035
3050
3028
3027
2710
3030
3065
3015
3028
1052
3049
3058
3044
1083
3098
3031
1547
3018
357
3035
1846
3064
3041
3051
3009
2923
3036
3030
3028
3049
3028
3055
3064
3084
3041
3077
3051
3041
3021
