2281
2990
2979
3024
3028
3020
3023
1817
2982
3020
3002
3008
2993
3012
3003
3024
1057
2977
3030
3017
3010
2973
3009
1478
3014
2945
3006
2990
3000
2165
2998
3016
1794
3032
3008
3019
135
2994
3036
2988
3007
3015
3030
3027
3022
3013
2988
2995
2980
2993
3022
2986
3028
2977
3007
3030
2952
3006
3003
2836
2791
3004
2980
3008
3035
2912
3043
3071
3026
3005
3022
3009
3012
2955
3012
3020
3004
1448
2996
3003
2981
3006
3032
2994
2997
3003
3001
3020
1993
2967
2983
2990
1704
3008
2998
3001
3004
2963
3019
2998
3023
3025
2951
2957
1852
2970
2943
2971
392
1819
2981
2975
3023
3003
3012
2972
3006
3008
3022
3011
3000
3002
3027
3022
3007
3033
3019
282
2995
2971
2996
3009
2996
2984
3017
3016
3001
2981
2956
2942
2992
2988
2944
3023
3002
2983
3029
3006
2973
2401
3007
2980
3033
2975
2998
2934
3036
2991
3027
2944
3011
3017
2999
2983
3004
2617
2659
2956
3011
3026
2968
2988
2979
3027
2989
2987
2988
3004
1616
3004
1102
2982
2980
3003
2992
3093
3003
3022
3036
2998
316
126
3051
3002
2974
2959
3019
3030
3001
3002
2983
3007
2988
2960
2975
3022
2998
1051
2983
3013
3011
2999
2966
2945
3024
3032
3004
3011
2911
2994
2988
2989
2422
2976
3007
3012
630
3041
3013
3017
1776
3030
1503
3010
2427
2998
2334
3001
2984
3003
2969
3000
2978
2996
2998
3013
2993
2995
2985
2986
3009
2981
124
3016
3030
3020
2874
2693
2987
3040
2991
3009
2992
2831
2966
2981
2934
3007
487
3008
3013
3003
1468
3007
2994
2999
2990
182
3029
2857
2985
2981
2997
2995
2971
2959
2993
3001
2988
2983
3004
2674
2130
2990
2996
3000
3018
3007
2973
2619
3023
3016
3018
2974
3026
2970
2997
2973
3030
3004
2995
2994
2991
3007
3002
3019
2976
2980
156
3086
2950
229
1047
3012
2988
2986
3010
2995
2998
2986
2989
2996
3009
3015
2997
2989
3040
3033
2997
2916
2978
1433
2991
3014
3000
2838
3006
3018
2979
2845
2978
3004
2968
2959
3006
3001
2998
2979
2996
2962
2988
3003
1407
3023
2974
3000
3013
3017
2979
3004
257
3019
2405
3026
845
2964
2944
149
2994
1917
852
2957
2987
2978
3008
3009
3037
2925
2961
3042
2866
2185
2997
2975
2983
2978
3019
2776
3024
3002
3012
3024
2968
2990
2982
3011
2986
2974
2997
3038
2998
293
3045
3000
2993
2832
2995
3000
2972
3014
2993
2406
2982
2977
2986
3020
2991
2599
1069
2998
3032
3014
3000
2983
3007
3027
3001
3011
2989
2983
2890
2946
3001
343
2998
3016
2998
1835
3002
2993
2981
3003
2919
2995
3020
3008
2975
3023
3002
2998
2945
3016
1054
2980
3027
3018
2017
2929
3028
3013
3009
3009
3073
2993
2995
3054
2948
2978
2965
2992
3015
3017
2971
2998
2986
2962
3035
2992
3030
3014
3020
2998
308
2992
2405
2990
2904
3006
2995
3028
3021
2876
3009
2994
2983
2971
1857
2993
2990
1848
1377
3003
3024
2965
2951
2989
2984
2970
2960
2951
2982
2605
2986
2998
3020
2958
3001
2966
3015
2952
2985
290
2990
2944
3000
3017
2973
1182
577
2889
2994
3006
3027
2992
2989
3004
3018
2992
2986
3012
3026
3009
3039
3000
843
2971
3027
2979
2881
3008
2998
3005
243
2980
2451
2987
2999
2977
2665
2963
2953
3222
2986
2999
3002
2927
2975
3001
2991
3012
1063
3032
2961
2938
2969
3002
3011
3017
121
2968
3016
1500
3018
2981
3004
2675
2987
2957
2995
2986
3014
3005
2991
2999
2814
3002
3028
2992
2993
3012
2949
3083
2930
3010
3000
2981
3006
3008
3014
3013
3007
2982
3036
3026
3011
2993
2985
2793
3025
2987
3014
3016
3049
2936
3019
3000
2948
2997
465
2970
3004
2989
2971
2992
2964
3003
3021
2984
3005
2981
3072
2981
3091
2956
442
2988
3006
3002
2992
3003
3027
2980
2971
2929
3005
2950
930
2987
3025
2960
2949
3013
3007
2999
3006
2961
2973
2976
3010
329
3005
3042
2967
3009
2981
2992
2999
2980
2986
2983
3005
2988
3028
3001
286
2972
2986
3000
3012
2997
2851
1255
2993
2999
3024
2986
1763
2994
715
3008
3010
2991
3026
334
3008
2872
3001
2861
3015
3016
3031
3048
849
2966
2980
2997
3008
2999
3015
2431
2992
2997
3031
2987
3047
2986
3021
3028
1527
2698
3012
3000
2977
2478
2997
3011
2967
3011
3077
3002
2999
2998
1008
2982
2934
2990
3066
2988
2994
3034
2653
3004
2959
3024
2986
2993
2969
2995
2986
512
2946
3025
2963
3001
2367
2871
2969
2966
2970
2987
2962
2459
3003
2999
2998
3012
2205
3010
2986
2933
2971
3014
2990
3000
3007
2992
3003
2990
2997
3019
3019
3022
3013
3028
3000
3014
3027
2994
3033
2969
3001
3042
2990
2946
3023
3002
2989
3021
2999
3009
1017
3014
2987
2980
2957
2993
2993
3011
2950
3013
2512
2995
2972
2991
3023
902
3000
2615
2975
3009
1605
2986
3009
2996
3019
3030
2978
3004
396
2995
3015
2965
3001
3010
2980
2689
2991
3027
2972
2994
3016
3021
873
2958
2948
3028
3000
2970
2953
2978
1751
3010
2990
2984
2981
2996
2961
3006
2975
3028
3004
3024
3011
2981
3021
1989
3002
3005
2648
3060
2135
3001
3002
3005
3008
3016
3023
407
3014
2075
2993
3020
3001
2620
1049
3006
2601
2995
2997
3038
3025
2971
3030
3007
3016
2989
2976
3066
2983
3013
2988
3028
2976
3004
3002
3016
3026
2993
2959
2967
3002
2991
883
3007
3029
3048
3026
3030
3007
2945
3014
2989
2977
3030
2976
2971
3076
2964
2988
2861
3001
3000
2991
2991
2993
2903
3001
2998
128
1086
2983
2979
3019
3008
3023
2559
3000
3032
2987
3000
2915
3006
3013
2975
3017
523
2967
2975
350
1101
2990
3052
3006
740
2995
3008
1817
3030
2978
3006
1659
2993
2990
2439
2546
2364
3022
3012
2976
2989
1013
3075
3016
3050
2807
3006
3007
2993
2979
3005
2803
2983
2975
3014
3005
3021
2933
2990
2994
2203
2920
2984
2970
2988
2962
2983
2965
2995
3024
2938
2996
2973
2986
3001
3001
3029
3013
2125
3010
2978
3008
3000
2980
3021
3021
2998
2624
2968
2978
3027
3006
3007
3033
2995
3012
1033
3014
2990
2984
2998
3013
2974
1265
2989
3013
3012
3010
2980
3029
2936
2970
2993
2980
2987
2987
3010
2555
1694
3025
3034
2990
3016
1253
2659
1033
2996
2978
3011
2955
3009
3028
2850
3018
3009
2991
2996
2988
3003
1850
2985
2971
2993
3023
3000
3022
3013
3003
3013
3021
1567
3014
2987
2997
3004
2991
3001
3009
3037
2113
3002
3007
3007
2994
3032
3026
3029
3009
3057
2995
1080
3015
2964
2492
3019
2376
3025
2971
3021
653
1589
1686
1681
3040
2992
3013
2341
2973
3010
153
2999
2920
2983
2966
2971
1032
3027
3068
488
702
2929
3005
814
2998
430
2999
2983
1828
2984
3002
3025
172
3007
3028
2966
2985
3003
3015
3032
2967
2900
3047
3004
2984
2959
2982
3001
3007
3000
2978
1797
2971
2988
3020
3011
3030
2981
3033
2996
3034
2987
3013
2985
3027
2983
2983
1001
2990
2967
2994
2989
3005
2985
3002
3027
2980
2994
3009
2981
3010
2994
2975
3004
3009
168
3013
3027
3004
3003
2990
3004
2949
229
2993
2949
2978
123
3013
3036
2955
2989
2955
2993
2990
3003
2936
2985
828
2969
979
2573
2976
3006
2983
3010
2995
2991
2942
2643
3030
3032
3013
3015
2976
2934
3001
2984
1024
2546
3032
1644
2985
2982
3085
3008
3007
2995
3004
1724
3029
2725
2995
3012
2950
889
2995
2937
2992
3001
3027
2991
3039
2215
2971
2969
3030
2958
2972
2977
2719
2972
2971
3026
2134
3013
3002
3019
2969
3018
3000
3025
3005
3000
3055
3006
3002
3016
3022
2992
3018
3029
2988
3012
3001
2994
2989
1186
3010
3009
2995
2975
1408
2997
2772
3014
3002
2853
2835
2992
3000
3009
2995
3001
3034
2237
3030
459
2981
2999
3021
3000
2956
3004
2978
2566
2984
2995
2999
2991
3002
2838
2983
3003
2973
3011
3018
3018
3034
3020
2995
3005
2868
3032
2990
2999
3014
2997
3014
3017
2988
2962
2995
3011
499
3018
2330
3011
2997
3010
3034
2978
3042
2957
1392
2998
2999
3000
2993
2810
3010
3007
3019
2979
2755
3018
2945
3028
2967
3009
3017
3008
3016
3040
2962
3003
2949
2962
2992
3015
2973
3024
3009
3011
3030
3021
3001
2977
3015
2994
3024
1579
3073
3005
625
3005
2972
1326
3022
3123
2996
3009
3000
2970
3000
3004
3004
2974
2996
3014
2982
2440
263
2998
2987
2996
2963
3034
2984
2954
3017
2985
297
2972
3019
3043
3016
2963
2984
2989
2982
3029
3000
2995
2978
3008
2972
2951
2993
3016
1957
3016
2969
1209
3004
2983
2989
3035
3032
3012
3016
2941
308
3005
2993
3023
3002
2950
2986
2990
2828
2800
3013
3014
2975
3022
3238
3024
2982
2985
3004
3013
2967
2994
2990
2968
2992
1037
2956
2994
3027
2971
420
2953
3014
279
1979
2997
3033
3019
3005
2950
3086
2996
3051
2968
333
1162
2981
2815
2913
2999
3004
3015
2994
3002
3019
3013
3004
2990
2995
3006
3024
2972
3041
2979
3033
880
2922
2985
3001
3014
2655
3030
3035
3004
2986
180
2948
3013
3009
3001
2971
2979
2973
3017
3013
2998
2820
2996
2999
3015
3013
2964
697
2980
2896
2997
2992
2983
2995
3011
3030
3010
2997
2997
3018
3004
2609
2957
3005
2992
3074
3005
2955
3000
3017
386
3037
3018
2992
3021
2766
3031
2999
3041
2641
1621
3040
2997
2957
2998
3018
2980
2852
3005
3057
3014
2918
3018
3009
2997
648
2963
2982
2995
3028
3028
3010
2983
2958
2971
2968
2991
3022
2978
3059
2964
2983
2967
3030
922
2978
3024
2994
2990
3043
2999
2989
3013
3005
2961
2997
2964
2983
2970
3012
2962
3006
2841
2981
2997
2993
2966
3029
2988
3003
2982
2999
3006
2987
2966
3046
2971
3021
3012
2990
2976
2988
2948
3007
3002
2990
3007
2992
2940
1009
3004
3044
3020
1870
3001
3037
2999
231
3014
3020
2983
2973
3015
2968
2986
3030
3012
2972
2995
3014
2992
2992
3024
3007
3022
3024
857
3074
701
2499
2997
2246
2967
2960
3032
2992
2983
2978
1128
353
2997
3003
3011
2947
3002
2986
3004
2986
2986
3015
2978
567
2976
3030
2979
3011
3034
2981
2990
2982
2971
2804
3018
2997
3014
3029
3000
2987
3010
3012
2972
2962
2994
401
2857
2930
3002
3012
2895
2861
1857
2968
907
2947
2969
2990
3018
3004
3019
260
2999
2992
3010
3005
632
885
3016
3035
3015
3005
3013
2990
2995
3008
3017
2965
3004
1483
2876
3004
3006
2984
767
3008
3031
3014
1733
3018
2978
3012
3013
3019
1557
2999
3020
2980
3017
3044
3005
2986
1880
2999
3012
3005
2776
2975
2995
2971
2984
2981
2970
2972
3083
3036
3028
3013
3023
1627
2994
2968
2978
230
2993
2976
3008
2943
3009
2411
2975
3014
3001
3013
3032
3009
2961
2336
3004
3007
3021
2973
2990
3017
3001
1326
3003
3030
2992
2077
1844
2965
2985
724
2988
3017
2975
3018
3006
3027
3003
3022
2927
1221
2755
2991
3002
2997
3025
2970
2981
3015
2998
2996
2989
2995
2945
2986
3007
3006
2999
3015
3002
3001
3006
735
2990
2964
3026
3006
2996
3022
2983
3017
2979
3034
2946
3011
3002
2984
2447
2988
2978
2049
3003
2961
3065
2568
2986
2960
2980
3022
3010
2985
3017
1562
2975
3004
3001
1780
1941
739
1281
2962
2991
2979
3029
2989
3042
2981
3025
3040
3020
3024
2994
3030
3020
2424
3017
3041
1637
3036
2971
3095
2956
2991
2489
3009
2995
2041
2987
3018
2987
3039
3002
2989
2988
3002
3002
3016
2987
2990
865
2617
3026
2433
2968
3002
3002
2982
3008
323
3012
2964
2972
3017
3009
3015
2965
2971
2997
2954
2978
2976
2985
3015
3005
3034
3003
2933
1771
3017
3002
2987
3010
3012
2975
2997
3016
3006
190
2988
3005
3015
3017
3006
3013
2994
3006
3026
2981
3002
2993
3015
2999
3020
2992
3011
2941
3025
3007
2991
3005
3002
2965
2995
3023
3036
3022
2968
2999
2972
3003
2975
2972
2983
3024
3002
3005
3012
3027
2992
2973
2971
3000
2995
2936
3010
3002
1549
2954
2965
3034
3000
3016
3002
2982
3037
2988
3006
3014
3002
2986
3000
176
3004
1313
2981
3016
3007
3024
3014
3007
1820
2965
3001
2998
2948
2984
1406
3016
3069
3012
1562
3023
3019
3007
2968
2943
1515
3039
3001
2961
2991
3031
3004
3045
2969
2978
2994
1615
3001
2994
3009
2946
2213
2985
2291
2939
3013
3023
3014
3005
104
2955
2717
310
303
2970
2998
3018
2992
3001
3014
1203
2722
2983
2996
3000
2986
1642
3013
2987
2971
3033
2155
2967
3001
2834
3003
3018
2943
2997
3007
3008
2857
3018
2971
2982
3021
3020
2988
3000
3014
3040
3035
3011
2944
2977
2994
3005
2977
3014
3015
3019
3007
3023
2925
2994
2977
2989
852
3005
3007
3002
2723
2986
2993
3038
2925
2999
954
2971
2973
3008
2946
184
3028
2598
3052
3026
802
2973
3012
2997
2997
1159
2983
3033
3000
2970
3030
3019
3000
2952
2939
3019
2466
3000
2991
990
3024
101
3001
2993
3008
3029
2994
3005
3017
2989
3013
3019
3014
2974
2990
2997
3044
3006
2991
2996
3040
3084
3000
2987
2974
2993
3002
3095
2989
2984
3028
3002
2991
3008
3020
3062
3004
3008
2971
2978
3016
2981
3005
124
3040
3024
2033
3023
3001
3042
2987
2986
3003
2987
3000
2344
3014
2964
3007
2985
3005
3008
1186
2995
2979
2998
2970
3018
2073
3020
2972
3000
3002
2981
3007
3020
2973
2696
2967
3041
2979
720
3013
2225
3018
3007
3030
2994
2616
2998
2976
3003
2997
3014
3033
2993
2999
580
3017
2966
2981
3012
895
3034
2999
3011
3005
214
1158
3001
3018
3003
3002
2987
3022
2988
3004
2999
3023
3031
598
3009
2987
3015
2966
3007
2990
2970
3003
2993
2431
3036
2986
2978
3003
3021
2962
2985
2377
2973
2993
3021
2986
1385
3001
3010
2966
2992
2978
3034
2990
2987
3001
3012
1692
3012
2976
2990
2935
3000
3004
2946
2991
3048
2166
2598
2970
3053
2990
2982
2984
2960
3034
3003
3004
2962
2992
3000
2976
3018
1623
3030
2998
3009
3008
482
2984
3005
3012
2958
3049
3000
3004
3011
3025
3008
3016
2989
3016
2959
2996
2968
3037
2996
2953
3005
2972
3010
2990
3012
2987
2951
2974
2982
2985
3020
3017
2995
2993
2964
2996
3002
710
2926
3000
3009
3027
3019
1685
2983
2999
2987
2997
3025
3009
2965
3027
2996
2992
2996
2992
3029
3005
2998
2993
3001
2981
2972
3020
3024
3004
2992
3030
262
1585
3029
2744
3008
3002
3033
2927
3030
2995
2959
2527
2396
500
2973
2555
2996
3006
3011
2974
3036
2952
3018
3002
3012
2998
3008
2752
3002
3022
2989
3020
2973
181
2979
2981
2959
3007
3024
2994
3031
3036
3017
3010
3000
2955
3011
2984
3020
3029
3029
3020
3001
3033
860
1167
2978
2623
3007
2998
2975
2806
2834
2832
2981
2997
2991
2987
2859
2946
2982
2996
2988
2997
2971
3001
2994
2178
2982
2995
1457
3012
3023
2969
181
2987
3000
3018
2980
3010
2972
135
2996
395
2985
3014
680
2433
2980
2459
2999
3000
2967
2981
2999
477
3035
3006
3022
3007
3009
2985
3024
2928
3041
2999
2996
3002
3003
3061
3008
3009
3022
2993
2991
2986
2983
279
3003
3032
2799
391
2988
2972
2973
3004
2975
2949
2974
3013
3017
502
2997
3003
2950
3005
2977
3018
3014
2533
3076
3004
2997
2997
947
2866
2995
2944
2996
2968
307
3024
3005
2945
3032
2998
2998
849
2988
2999
3018
2987
2984
3026
2906
3023
2985
2855
3014
2957
2994
2980
1621
3013
2996
3030
2996
2962
196
3029
298
2993
3023
2992
3028
2937
2983
1503
3041
2970
2988
3009
2993
2966
3008
3025
3032
3009
3009
2978
3015
3011
3004
2832
3005
2992
2944
1713
2998
2968
2992
2217
2999
3053
2733
2997
3015
2981
2957
2974
1004
2254
3012
2990
3025
2986
3007
2996
3003
2995
2963
3012
2967
3010
2959
2974
3007
3001
3004
3006
1457
2945
417
2993
984
2984
3014
3008
2980
2989
2974
2468
3013
2825
3004
2768
3016
3010
287
2999
3012
1820
3021
2970
3029
2712
2695
1073
208
2986
3001
2984
3001
3025
3006
2974
3005
2989
2982
2957
2996
2963
1484
2966
3024
1186
2991
3018
2998
2968
3008
2228
2971
2999
3022
2828
2987
2860
2987
2986
3009
2995
2960
3008
2144
3033
2994
2999
3000
3032
3001
2915
3048
2959
2989
2892
3013
2997
2971
2990
3022
2955
2985
2999
2989
3027
3007
2981
249
2987
2954
2950
2652
3006
2272
2996
2995
1508
3010
2957
3000
2999
2355
2966
2963
2981
2995
3021
2974
2948
2132
1275
3008
3019
2998
2998
2992
570
3001
3034
3009
2460
2997
3009
186
2382
3020
3031
3037
3013
3017
3013
1017
2996
3015
2987
3000
2999
2968
3011
2975
3005
337
2978
2988
2998
3010
2998
2998
877
3006
3015
3026
2308
1710
2762
3015
280
2963
3036
3018
3009
3025
369
3018
3006
3015
1005
3026
2385
1656
3024
3002
3014
3012
3000
2989
1859
2987
3012
2998
2925
3021
3019
2965
3010
3003
3010
2989
2973
3024
3001
3005
656
3000
2948
2771
2983
2951
2942
2986
2971
3022
3028
2997
2988
2980
3019
2988
3013
3012
3004
3009
3023
2997
2748
2991
2988
2997
2989
2982
2968
2421
2088
3008
2996
2998
3034
3019
2989
3007
2982
2976
2945
3048
2997
3016
2994
3000
2996
2985
3018
3002
2996
3025
2996
2991
1079
3032
3003
3007
2985
3010
3005
3020
3005
2987
2993
2991
943
3020
3004
2996
2986
3008
2998
1933
3002
2997
3016
2999
3003
2949
2988
3037
2965
1514
1052
2996
2673
3002
628
2980
2940
3011
2982
3028
2979
2937
3027
2981
3006
3015
413
2996
2836
3002
2983
1319
2983
2828
3003
2971
2998
3012
3081
2982
2999
3036
3028
2998
2996
3012
2976
2991
1767
2999
3045
1711
3019
2966
3037
3005
2994
2998
2977
3020
3002
470
2974
3012
3010
3000
3007
3011
2980
2964
3009
2998
2978
2996
3022
3006
2990
2927
3004
2991
2995
2975
3009
2980
3025
3038
3029
3019
3017
2974
1815
2980
2992
2985
2999
3022
3004
2999
2990
3010
2988
1451
349
2990
2998
2993
2981
2913
1297
3010
1717
3026
2980
2984
3011
3003
2968
2989
3004
2411
3009
3020
2994
2972
2973
3005
2814
3003
2995
3018
3010
3003
3023
2996
2015
2991
2978
2994
3016
3017
2959
2988
3212
2973
2986
3014
2990
3022
2957
3003
2933
3030
3031
2962
3016
3017
3005
2994
2838
2989
2997
2610
3009
3010
2991
2379
3023
3006
3003
3022
2957
2991
3007
2990
2990
2981
3016
3013
3005
2966
3020
2953
2960
3050
2963
3019
3007
2971
2998
2978
2989
2844
2984
2999
2980
2959
2999
2965
3004
2989
2978
3073
3017
3011
2996
835
2994
2999
3007
3016
3021
471
2998
2989
2983
2998
3041
3041
2986
225
2949
3019
1092
3019
3015
2966
3023
109
1567
2989
2992
2982
2764
2967
2988
2973
111
2952
2455
3011
3014
2974
3012
387
2994
3001
2990
2997
2987
2992
3002
2996
3037
1851
2992
3013
2735
351
2998
3029
2989
3020
2988
2993
3000
2991
2979
3007
2958
2963
2990
2984
1213
3050
2983
2939
2992
317
3018
2986
2993
2992
2981
2998
2987
3001
2966
2944
3010
3016
3013
2993
2995
2995
2973
3001
2940
3054
2920
2466
3009
2956
3012
251
3010
3020
3022
3010
3030
3002
2987
3028
2936
3014
928
168
3025
2767
2976
2987
523
2989
135
2992
3014
2993
3016
3023
3008
3045
2981
2991
2999
2765
3002
2991
184
2965
3018
3003
2984
3035
3052
2994
3006
720
729
2995
3029
2966
3019
2999
2881
3007
2900
3008
2992
2987
2968
2985
2944
2996
3006
2995
2978
2994
2951
2680
2980
2983
3007
3013
3011
2172
2972
3003
3034
2980
2961
2997
3011
703
3014
2970
1586
3019
2954
3003
451
2976
3006
2992
3006
2963
2995
2984
3019
2997
2991
3013
2947
1081
3004
2995
3023
2991
2995
2974
2981
3008
2985
3076
2999
2989
3014
3011
2977
3011
3011
2977
2972
3030
2998
2095
2995
2687
2974
2968
3020
2992
2983
1544
2951
3015
2992
3004
3010
3014
3017
2976
2984
3008
2987
2982
3012
607
2967
2995
2989
2996
2552
3013
2966
2983
2961
3010
3007
2990
3016
2439
3022
2983
1815
3031
2975
2943
3005
2381
2914
3040
3004
3004
602
2757
2992
2947
2980
2984
3009
2976
3020
3027
3004
3007
3002
2995
3008
1717
3022
2998
2998
3012
3004
3004
3012
3026
447
3007
3029
3017
1668
2587
3001
3000
3002
2704
2904
2979
149
3004
2984
2771
2994
2943
2982
2997
2944
2973
2948
2996
2968
2997
3026
2999
3000
2977
2970
3014
2977
3010
2987
3015
2622
2978
2999
2969
3017
3027
3011
3031
3025
3007
3015
3024
3007
2995
3021
2991
2169
3010
3039
2991
366
2664
2992
3018
2980
2989
2987
2624
3064
1761
3005
2961
2959
2986
2980
2967
2980
2931
3007
3025
2788
3000
2990
3000
3012
3029
3045
2962
2992
2961
821
1773
2980
2985
495
2995
2999
2950
2978
2993
2982
3002
3024
2992
2978
3011
3002
2996
3039
2891
3036
3032
3017
2062
3004
2993
2961
3055
2862
3014
3001
3009
2959
2996
2959
3013
2423
3000
3007
3019
3007
2997
2900
2993
3009
2994
3011
3015
2200
3013
3019
1598
2978
2963
2998
2976
3003
2981
2944
3028
3022
3012
884
3010
3023
2960
3015
3022
2322
2980
606
3027
2931
135
2971
2960
1397
1238
521
1856
440
3006
3024
3001
2786
2947
2991
2999
3007
2976
3017
2994
3009
3019
3009
3010
3004
3068
3012
3038
3030
2943
2990
2991
3001
3002
2997
3014
3010
3010
2990
3027
3046
3024
2989
100
2963
750
3045
2365
2998
2993
3108
2978
2974
3004
599
2985
3023
2995
2981
2987
2925
2999
2958
3018
3014
2584
2983
3002
2299
2947
2982
2951
2318
3003
3011
3024
3045
3003
2986
114
2999
2996
3001
3028
3021
2805
3025
3019
3023
2032
3012
2358
3011
2993
3012
2946
3013
3012
2979
2973
116
3013
3017
935
3019
2992
3036
3004
3008
3010
2988
2974
1946
2424
3012
3006
3001
3015
3021
3014
2995
2975
2939
2995
2986
2963
2972
2985
3013
2987
2980
2998
2985
3016
2992
3000
3012
3000
1148
3080
2988
2988
2596
2977
3078
2966
2993
284
2195
2961
2991
2998
2983
3016
3043
3008
3006
2970
2951
2996
3012
2982
2932
3013
2708
3003
369
3027
2980
3004
2969
2783
2997
3005
3027
3003
3024
502
2995
3020
3027
3028
2991
3026
2975
2996
3004
2955
3018
2991
2990
3002
2977
3031
3001
511
2995
2996
2961
2934
2996
3023
2966
2991
3007
689
2979
580
2983
2980
2992
2995
3012
2996
2578
2293
2995
2997
2990
3019
2950
2974
3018
3020
375
3013
270
3028
2992
3016
2989
2999
3004
3008
3003
2944
2875
2997
2987
2992
2950
3034
2901
2937
3036
2984
1744
1795
3010
3013
2974
2682
3004
1433
3023
3003
2892
2996
2998
2835
3003
3037
3012
3016
3002
2988
2995
2991
2966
2494
2970
2980
2990
1013
3003
2947
3008
3002
3009
3011
3011
3016
110
2984
3024
2736
3033
2959
2056
2962
2838
3007
2987
3017
2990
2994
3049
3014
3000
3020
2984
2171
2965
2992
3017
2998
1911
3013
2992
3006
2957
3032
3016
2985
2996
2984
2995
2990
3022
2955
1456
2612
3040
2986
3029
3047
2999
2853
2991
3025
3020
2980
2957
2997
3018
2989
3010
1058
2991
2989
2990
2058
2992
3010
3017
3003
3002
2930
3014
2984
3003
2964
3008
3003
2011
2972
3019
2992
3023
2999
3040
2390
3004
2808
3002
2938
3081
3007
2979
2997
2991
2982
3009
2981
3014
3009
2855
3007
3008
3008
3032
2987
3001
3013
2960
262
2983
2972
2957
3004
3002
3003
2992
3017
2974
1505
3004
2989
2962
2987
3012
920
3002
3017
3039
3034
2983
3014
2994
2993
2964
2995
3016
2986
3023
3035
2992
2972
3030
3006
2983
2993
668
2989
3004
2852
2971
3011
2993
3018
2979
2957
3020
3004
2993
2995
3005
3039
2996
2997
2972
3007
3001
2935
713
3017
2998
2799
3028
2994
1906
2929
513
3013
3004
3003
3014
3025
3011
3023
3007
2992
2980
2496
603
3009
2958
233
2980
2943
3010
3040
3009
3037
3026
2967
3014
1948
2434
640
3025
3003
2986
3015
2992
2985
3023
3041
2968
3007
2993
2995
2977
2966
2995
2993
2982
3008
3000
2964
2996
2924
2998
2994
2993
2993
2999
2982
2931
2954
2980
2999
3018
3007
2969
3001
3003
923
101
2985
287
3010
3008
3004
2995
335
3008
2996
2987
2863
3027
2561
2981
2968
2960
2973
3020
2335
2969
2983
2982
2975
2926
2953
2992
902
3023
3020
3011
2981
2973
2971
2983
3009
3026
2986
3010
3062
2658
3014
2994
3019
2961
2993
3014
2989
1583
2998
3024
2991
3072
2989
2996
2945
3014
3004
2992
3005
3000
3027
1240
3006
2995
2993
2925
2991
3009
3023
3004
3012
3032
2890
3001
3096
2994
2976
3007
3028
2987
2977
2948
3031
3014
3012
2991
2988
3015
3214
3014
3070
2694
3005
3015
2924
2790
3011
3016
2971
3008
2946
2989
1057
1057
2775
3014
3017
1892
2998
3013
2984
2907
3006
3027
3001
1283
2989
2980
2970
3005
3032
3001
2978
3031
3005
3008
2982
1141
3008
3004
1041
3006
2999
2987
2992
2957
3009
2963
2997
2981
2994
2990
2986
3004
2996
2976
2948
2984
3024
2974
2794
3009
2983
2995
3003
3003
3021
3026
3000
2984
2999
2883
2979
2990
2996
3006
3053
3019
3023
2994
3014
2986
3007
2975
3000
3004
3014
3001
1469
2633
2995
3021
2968
3002
2972
3010
2972
3032
3015
3005
3026
2980
2841
2995
3007
2989
2987
2984
2971
3032
3017
1879
3001
2980
3018
3001
3015
3006
3015
3006
1087
2991
2979
1610
3005
1347
2998
2984
2994
2047
3054
3011
3025
3013
2985
3011
3004
3004
2997
2983
2994
2993
2956
1499
2875
3021
3007
2971
3019
2748
2974
3019
2702
3002
2975
2995
2970
2719
2983
2994
3016
2984
3016
2883
2996
3026
829
2988
3025
2970
2997
3016
2991
2809
3005
2991
2991
3007
3002
3004
2986
2995
2879
3017
2999
2997
3012
2999
2927
2990
3029
511
2988
3016
2835
2993
3029
3005
2964
3024
2978
2994
2983
3016
2749
3005
3019
3017
3021
3013
3023
2978
2083
3013
3002
3001
3006
2938
1360
3014
2979
3009
3029
3022
3027
2990
2987
2994
2997
3052
2983
2964
3001
285
1933
2989
2999
3004
2982
2972
3015
1332
2113
2950
2993
2976
3012
3017
2994
3028
2984
423
3013
3061
2985
3000
2148
3076
2965
3011
2984
3033
3008
2980
441
3015
2965
2981
3012
3003
2583
252
3020
3021
2988
3014
2976
697
2997
2998
3000
2989
2973
2963
2984
3075
2940
2999
2986
3011
2970
2990
865
3037
2977
3005
3010
2948
2638
2830
3008
2969
2974
2993
3007
1886
2959
1782
2944
3016
2971
2987
3045
448
2973
3010
2845
294
2731
3016
3021
2949
2991
3021
2963
3014
2994
2961
2988
1826
2980
1528
2961
2976
3021
3004
2996
3032
2703
3049
2996
2995
2982
3011
3029
2947
3004
2818
2979
3009
3002
2993
3005
3026
3008
3008
3002
2998
3025
2982
2995
3006
3007
2993
3000
3008
2929
3020
2438
3003
3001
3022
2971
3013
2985
3023
3031
2983
2991
2978
3094
2997
1219
2995
3018
1297
583
3036
3025
3085
2980
3030
3019
2988
2995
2987
3037
2986
2996
3002
2998
278
2684
3008
2948
2229
3026
2995
3015
2982
2957
3021
1241
2998
2999
3001
2990
3006
2995
3014
2800
3012
3023
3011
3022
3009
2982
2995
3000
2980
3011
871
2971
2993
3049
265
2960
3011
3026
3000
2848
2997
2990
2973
2997
1802
2995
2976
2953
3014
3004
2987
3005
541
2944
3019
3000
2981
2993
2988
2973
2996
1319
1028
3001
3010
3005
2993
3019
2999
3012
3000
2978
2981
2989
3055
2997
2446
2875
105
2998
2953
2996
2976
3015
2983
3005
2992
2955
2980
2973
3002
3001
2968
2989
2973
3016
2957
2942
2984
2950
2997
2974
2947
3031
2994
2965
494
2934
2005
2995
2832
2986
3016
3024
3016
441
540
3018
2994
3029
3007
119
1145
2976
3021
3004
2997
2561
3007
3001
2910
3003
2973
345
3003
3044
3011
2989
3010
2998
157
3009
3025
1480
750
3002
2979
3016
2983
3017
2987
2980
2988
2994
2986
791
578
2994
3005
2974
3013
1823
3037
2979
2996
2955
625
2375
1624
2995
2993
2989
1522
3018
2998
3030
2025
3013
2828
2988
3063
2636
3008
3010
2988
2995
3007
2956
521
3021
2965
2995
3000
2968
3019
3026
2955
2329
2961
2988
2998
3007
3001
116
2946
1277
3012
3014
2986
603
2926
2984
2724
2978
2969
919
2980
2987
2972
2969
2986
3008
2916
3035
3009
3012
2993
2990
2990
3035
2996
2973
2992
3010
138
3004
204
3012
832
3050
2999
3002
2995
3007
2119
2966
2989
1382
3011
3033
3008
2999
730
2955
2863
2988
3026
2846
2990
3012
3000
2994
2188
3004
679
2966
3038
3005
2963
2994
1146
2991
1469
2822
2979
2999
3007
2918
3021
2978
3019
2980
2949
3081
2983
3020
2989
3041
3033
2980
2984
2884
2996
2986
2985
3030
2491
2978
2994
3013
3014
2980
2996
2912
2996
3016
3031
2991
3019
3003
2988
3016
3053
2980
3074
3017
3004
2995
2995
2990
2980
3023
2987
2976
2345
2976
2966
2983
2866
3034
3016
2947
2681
1182
3018
3021
2986
2750
2994
2991
2940
3000
2983
3004
2946
2952
3009
2993
2992
2989
2746
3018
218
3035
3007
2969
2981
2986
2989
1256
3011
3007
3005
1440
3036
2972
2871
2991
3024
1912
443
3026
253
3001
3006
3004
2996
3007
2987
3244
3001
3024
3006
3018
2970
3004
3000
2803
2984
2986
2959
3009
3021
2774
2968
3007
1901
2991
3026
2985
3014
3011
2990
413
3006
3008
2935
3004
3011
3035
3000
2987
2970
2996
2981
3014
2587
3010
3006
3037
2976
3034
2968
311
2975
3020
2511
2988
2999
3006
2988
2963
3019
3027
2998
3044
2957
827
3029
2973
2995
2996
2565
3000
2993
3032
697
3212
2186
3020
3002
3000
2971
2964
2999
3004
3023
2946
1663
2996
3013
2563
3004
2949
2990
3028
3008
2974
3007
3001
3000
3000
3003
2399
3011
3005
2984
2968
2983
193
3004
3009
2996
2989
3008
2478
3013
2996
1890
2998
3031
3010
2993
2988
2999
1015
2985
2963
2121
2992
2990
3014
2987
2998
3002
2166
2941
2989
516
2976
3015
2947
3047
1558
1113
2994
1934
2984
2996
2981
3001
3006
1672
2949
2980
2981
2792
3030
2987
2422
2951
3000
2969
2969
2830
2956
3015
2996
3004
2910
3005
3013
3019
3019
3028
3001
870
2996
2999
2978
3008
2979
3070
1100
2976
2990
2794
3028
317
2982
3020
3023
2981
3023
2973
3019
833
3017
2852
2975
2962
2741
3011
3015
2985
2975
3008
2984
3028
2978
3029
3009
2115
3011
2990
3006
2985
2975
3018
2971
2985
3003
3025
2968
2993
3005
3019
2998
2998
3031
2994
2989
2975
3015
3006
2685
3049
3006
528
2997
3005
2990
2943
3011
2920
3068
3011
3017
3000
2985
3011
3012
3004
144
2995
121
2610
2954
3014
2994
2994
3074
3004
2874
3005
2989
1195
3000
2977
2940
2991
3008
306
2986
3075
2988
2835
3003
895
2824
2985
278
3029
3036
2949
3016
2993
1947
3006
3015
2902
3002
2983
2998
2994
3046
1124
1861
2236
2985
2980
3003
3022
3017
3002
2961
3004
2999
3024
2994
2974
3023
3002
3010
2970
2973
2957
3016
2986
2820
3023
2994
3020
3030
3000
2977
3009
2847
3003
938
2998
3001
3008
2991
2989
3013
2969
3017
3000
2998
150
954
2995
3027
2958
722
3001
1724
1739
2975
3011
2986
2975
3027
3035
2989
3009
3000
3030
3027
603
3025
3009
812
3018
3014
2995
3033
3014
2996
2990
3004
3012
2997
3012
2996
3013
2987
3057
2969
408
975
139
206
2969
2994
2983
3006
2959
2970
3028
3010
3257
3004
2995
2967
2988
3025
3013
3033
3001
2979
2968
2973
3004
3007
3005
1357
2992
3008
2989
3098
3031
2703
2996
2979
3016
2970
2972
2992
3014
3015
3055
2978
2990
2976
438
3016
3026
2845
2670
2979
2353
3030
3038
2972
2960
1252
2788
2994
3002
2989
2986
3004
3006
2993
3013
2919
3028
3033
3016
2999
2852
3007
2234
3038
2992
2997
2970
3000
2987
3012
2996
3013
2983
2999
918
3016
2975
1147
3027
2973
3017
120
2959
2997
3003
2984
2995
2965
3019
2957
2993
3006
2988
2965
3017
3014
2117
2997
2979
3053
2972
2994
2785
2974
3019
3004
3022
927
2995
2997
3017
3026
3015
2972
2160
3012
2999
2985
1461
3002
843
3009
2619
2973
3006
3023
3001
3016
3023
206
2980
3025
3034
3007
2987
1947
3009
3019
2990
3004
3003
2735
3001
2975
2997
2991
2989
2985
223
897
3017
2977
3002
2976
3010
2980
3015
3046
128
3040
3007
2991
3001
2956
2993
627
2987
3033
2777
3057
900
2988
3009
2959
2997
3024
2997
2960
471
2951
2945
2989
2989
2959
3012
3020
2988
2994
3011
2937
3008
3025
594
2381
3004
2918
2983
2985
2983
2983
2959
2993
3017
3013
3017
3010
2963
3019
3013
2985
2990
2996
3017
2994
3009
3018
2964
3012
3013
3002
2974
3015
2999
2969
2961
2976
2988
2280
2918
134
2993
2978
2882
3014
980
3015
2288
3021
3003
2987
2997
3002
2996
3059
2318
3009
2992
3015
2962
2984
2993
2962
2979
2976
1060
477
3006
2997
3003
3003
2976
3011
2991
2972
2953
2975
2990
2994
3016
3042
3004
2960
2995
3000
3011
2986
3082
3013
3016
2976
1296
3012
2989
2981
3002
2998
2994
2964
1365
3021
2939
2174
3009
2986
3018
1712
3021
3060
2973
3003
2992
3012
3000
2977
3011
2976
2933
2684
2967
3028
3077
2337
2980
3029
2960
1201
2992
3005
2964
2969
2974
2999
3005
2990
3061
3025
2989
2988
1242
3008
3093
2979
617
2789
2979
625
2993
3012
2971
3032
3005
3011
2993
2993
2999
3003
3024
2990
3005
2994
693
3012
2988
107
3004
3009
3004
2999
2966
227
2978
3014
875
2994
3002
3034
3026
2979
3006
3005
2977
3015
3020
2976
2981
2956
3077
3002
2928
3000
2997
2994
2946
3030
579
3024
2962
3014
3035
2962
2990
3014
3002
2999
3016
2843
501
3013
3020
2995
2952
2975
2976
2837
815
3031
3039
2984
3019
3032
2094
477
3007
2945
3006
3008
2986
2953
2996
3031
3007
528
3002
2993
3022
3006
2986
3188
3078
3014
2988
3010
3004
2485
3029
2952
3005
3008
2990
2995
2963
2971
3025
2977
1687
3025
3045
167
3010
3009
2097
2993
2986
3016
3019
3002
2983
106
3022
2996
3029
3001
2935
2968
3008
2946
3010
2967
2959
2205
2989
2994
2736
2971
2979
2968
2990
3009
2990
2053
3072
3032
2996
3005
3007
3071
3012
3023
3021
3004
1912
2998
2994
890
692
3009
3021
3081
2988
3016
2981
2993
3009
2990
2963
3013
3056
2987
526
2993
2978
3012
3016
2782
2964
3004
2978
3005
3003
2991
2741
3004
3005
2988
1215
3030
1230
3007
3011
449
3021
2547
3014
3009
3001
3005
2994
2991
2993
3024
3027
2999
2997
2982
2685
2999
2964
3033
598
2986
2991
1109
2984
2975
2962
3003
2968
2966
3009
2987
3000
3008
2983
3018
867
2986
2998
3000
3021
2997
2996
3007
3018
2966
1825
3011
2980
3016
3011
3000
2959
2996
2997
2611
2980
2929
3025
2951
2585
3015
2983
3011
2983
2959
2980
2183
2987
2984
3008
3018
2976
3023
2995
2876
2999
3001
2999
2988
3026
2987
2997
951
3005
2996
2972
2948
2983
3017
3020
3006
2960
2986
2994
2998
3042
244
2990
3041
3007
2984
3018
1760
2998
3001
3015
3009
2981
3066
2929
2285
3011
2999
2985
2997
3009
1245
2989
3002
3006
2986
2977
3021
3021
2992
3012
2984
2991
3012
2957
502
2996
3014
2967
2993
2997
3011
3008
2959
3008
2990
3016
3016
3023
3007
3023
3032
2970
3002
2756
2982
3020
924
3005
2995
3038
3016
2981
2991
3011
2966
2993
2999
2995
2261
2998
3014
2938
3052
3009
3000
3025
2962
3008
3004
2983
3001
3033
3006
308
2963
2987
3025
2993
3015
3018
3000
3003
1656
2960
3023
3024
2995
3063
2999
2975
3012
3016
2982
2613
2963
3025
3025
2969
3006
2619
2998
2946
3034
2992
250
2985
3003
3015
310
2996
2957
2981
2988
2969
2953
2948
1315
2763
3016
3032
2976
2989
3017
2979
2990
3022
3018
2987
2987
2998
2947
3002
2865
3004
2979
2958
3030
2951
1830
3005
3031
2982
2981
2987
2465
3010
3019
3040
2977
2950
3033
2976
2963
3028
2994
3038
3017
2984
2824
2994
2989
2991
3005
3040
2978
3019
3005
3017
2949
2964
3019
852
2935
2989
2965
2969
3008
1899
3006
2986
2976
3003
2993
1560
3015
2990
2943
3007
2976
3008
3032
2980
3011
2175
2992
2968
3006
3038
3041
2991
1855
2974
3000
2998
3009
2976
3004
3013
2975
3034
3008
2996
3001
3021
550
199
2161
2665
3019
2971
2999
2992
2991
2986
2974
2972
2997
2941
2904
3003
3008
1278
2997
3002
3007
2980
3024
3014
316
2915
3006
2998
1982
2991
2980
2949
3009
3011
3044
3009
2987
2949
3056
3024
3004
2967
2927
2993
2981
3021
3015
2976
2875
3000
3093
1985
3008
2999
2981
2969
3027
2991
3001
2974
3030
2865
3009
2992
3034
2976
2999
2981
3001
2669
3003
962
3018
2992
2954
2082
1697
3018
3018
2979
3015
3041
2957
2985
1280
3008
2996
3035
3003
2966
2989
2997
2985
3006
803
2987
2983
2971
2999
3017
2962
2955
2966
3032
3023
3020
2948
2929
2997
3011
2973
825
3016
3007
2632
3021
2997
3026
2968
2964
2978
2997
3032
3018
3011
3024
2997
3012
2980
427
3007
3001
612
3022
316
3020
3008
2987
2996
3008
2972
3008
3006
3013
2999
3009
2928
3015
2764
3006
3007
1310
2990
2985
3002
2998
3006
2991
3012
3089
3053
2987
2983
2949
2958
2982
3034
2975
2999
1399
3017
3011
3011
3027
2995
3023
2981
2976
2997
2286
2982
3014
3016
3016
3007
3009
2663
3003
1584
3018
2961
2944
3014
2979
3017
2972
2984
2963
2991
2987
2967
3011
2974
2986
1185
2980
2972
2995
3038
2966
2981
3057
2979
2996
3000
2996
2985
3002
2999
2997
3010
3007
2995
2841
2994
3019
2988
2621
1687
2964
3018
2962
2985
3001
2997
3005
3000
3018
2973
280
3029
2991
2937
2979
3011
3005
3023
2980
3033
170
2879
3010
3034
3015
3010
3002
2854
2998
2999
2990
2953
2978
3017
3022
3015
3018
2953
536
3005
2984
2995
2971
2941
2992
2970
2999
2995
3011
2992
3024
2987
3027
2976
2974
2991
2989
577
3004
2923
2984
3009
2958
2943
3015
2987
3000
2989
3016
2220
2965
3106
3002
3012
3022
3011
2996
1562
2989
3017
2814
2997
3014
2959
2980
2867
3043
3004
2988
3028
3023
3004
2999
3019
2348
2982
2994
2974
1276
2991
3014
3004
3044
2984
2979
2973
3016
2365
413
2957
3001
3028
2960
3002
2972
3001
3005
2233
3069
2304
1971
2981
3006
3005
3007
1343
3008
3028
2973
2991
2275
3059
3020
2616
3033
346
2983
3002
2949
3059
2994
3011
2976
3023
3013
3017
3009
3064
957
3021
3003
2984
2973
2997
2893
2900
2978
2978
3000
2989
2955
2990
2896
3009
225
2999
2972
2979
1275
2993
2969
2998
3008
2955
3085
1725
2923
3002
2995
2959
2994
3040
2995
3014
736
2992
2993
2986
3005
3011
2979
2960
3006
3002
2968
3005
2914
3009
2999
2971
3008
2885
3004
2995
3015
2998
2988
2992
3029
2977
3022
2846
992
2985
3043
2985
3017
2967
3002
3026
2990
3005
2250
2995
747
2872
2961
3006
3004
3081
2982
2983
2983
2995
3018
3003
3002
2988
3084
2933
2988
2990
3021
2639
3003
3025
2969
2883
3023
2974
3004
2997
3004
3005
143
2971
2947
2970
3026
3024
3002
3018
2994
3009
2977
1091
3013
2086
2968
2987
2977
3031
3014
3005
3007
2984
2996
1637
3008
2928
1088
3010
3012
3023
3001
2973
2564
424
3085
3022
3010
2977
2972
265
3008
3017
3027
2996
2999
2966
3023
2995
2991
2978
2988
1387
2993
790
2922
3005
3025
2985
2961
2988
2983
2991
3035
3018
3012
3023
3006
3003
2981
2989
3023
3002
2957
3027
3033
3006
2996
3002
3009
2982
3005
1519
3005
2045
3025
2990
3036
3014
2985
2986
2916
2938
2973
797
3014
3020
2004
2555
2846
2996
3001
3011
2999
2969
2999
3002
3001
2993
2992
2997
3020
3037
3023
3012
3007
582
2990
2874
2950
3045
2949
2997
3010
3018
3025
3010
2982
2964
3018
2988
3041
3005
3007
783
3019
3029
1200
2898
2963
3001
3026
2998
3039
450
3011
2861
2965
3011
3021
2998
3004
3078
530
989
1203
3018
2967
3029
2975
2055
3050
3001
2961
2961
2951
2995
1808
3028
2346
3022
3043
3010
2989
501
3012
2995
2981
2980
2984
2965
2998
3006
3031
2968
2982
3013
2988
2592
3016
2932
1281
921
3015
3002
211
2985
3023
3021
2935
2992
3003
3020
2964
2980
2997
3031
3029
3002
2979
2965
2966
2977
2962
1297
3042
2986
3028
3004
2943
2998
3007
2993
1712
2991
3022
3017
1926
3001
3008
3014
2965
2990
2970
2998
3024
2982
2989
3035
3026
3011
2997
1688
3004
1165
3012
745
2985
3034
3052
3013
2980
2993
2976
3002
2778
3002
2989
2967
2971
3008
2969
2987
2972
2788
2978
112
2962
2991
413
1238
2983
3068
3001
3022
2956
2949
3014
3017
3000
3001
2994
3014
3004
3003
3017
3038
2976
390
3003
3021
3012
3012
2954
3019
1415
2984
2989
3002
3000
3009
3034
3008
1914
3039
2985
3010
2978
3012
2984
3085
2981
2999
2994
3024
3009
2981
3023
2991
3010
2994
3027
2967
2962
3046
2966
3009
2978
3030
3021
2985
1391
2978
2980
2999
3004
3003
2544
2946
2986
2933
3005
2989
3002
2978
2956
3017
2988
2993
449
3013
2979
3007
2985
2994
2981
2988
3017
3000
2640
268
2976
2956
2988
3015
3025
3009
2992
2981
2983
3019
3010
2624
3008
1801
3060
2994
3008
3018
1607
2990
2956
2967
3005
2987
3017
2958
3022
2991
2963
3004
2980
3014
2977
2977
3026
3017
2999
2996
2993
2874
2990
2990
3018
2989
2984
2993
2995
3017
3006
2995
2999
3033
2886
3008
3001
3008
656
3023
3013
3021
2958
3023
2998
3011
2903
3003
1886
2993
3009
2388
3028
2998
2087
3007
3000
3013
3027
1364
3003
2994
3008
2988
2965
2993
2990
2972
686
2977
2151
2954
2126
2977
3018
3039
3011
3012
2984
3002
173
3000
2960
2993
2977
3011
3021
374
2978
3004
3017
2966
2983
3015
3005
2975
2998
1882
2999
2998
3002
2962
2986
1226
3008
193
1681
2017
2995
2991
3038
3001
2996
2991
3006
3023
2999
3020
3006
2987
2995
2989
2976
2975
3018
2987
2980
2961
3027
3017
2928
2968
3007
2989
3000
2995
2977
2972
3000
2979
2282
2991
488
3013
3058
2995
2998
2968
2511
2992
3031
3010
2998
2986
878
3025
3016
2985
2972
2998
2997
3023
2980
2870
2979
2990
2993
1388
3026
3033
2994
3074
146
2980
3007
3010
2964
3016
3015
3038
3046
2982
3087
2987
2966
3034
3007
2933
3010
2988
1294
1814
3006
3017
2389
2079
3018
1539
3046
3005
3029
2431
2981
2998
2851
2949
2989
3007
2974
1626
2943
321
3008
2964
2974
2992
2989
3006
2996
3005
2949
3013
3006
2304
2979
2995
3002
565
3003
2985
3020
3004
2993
3000
2963
3042
2994
3016
2981
2981
2834
2991
2869
620
2999
3009
2976
3002
3033
3010
3013
2961
3004
3015
3013
3020
2994
3002
3008
3026
2989
2998
3008
2600
3001
2529
2998
2997
2941
2977
3007
3022
148
2500
852
3004
3030
3015
3003
2997
2991
3001
2981
617
3019
3040
3010
2977
2978
1531
2980
2995
3010
2994
3027
3011
3001
2968
3004
2990
2938
2991
2943
3028
834
3032
3035
2981
2994
3000
3028
3001
2994
3022
2989
3005
2988
2966
3004
3033
3009
2992
2298
3035
2944
3005
3002
2963
1406
2992
2972
2991
2963
3005
2998
3026
2970
2817
2978
2966
2997
2989
2986
2955
3004
2881
2991
2656
2997
2527
3003
3004
2965
3002
2720
3027
3040
3010
3019
2948
2996
3033
2127
2986
2997
3010
3015
2355
3005
3029
3017
3002
2969
3006
3025
3001
2995
2991
232
3034
2955
2989
2974
1018
2903
2976
2953
2806
2998
168
2388
2927
111
3008
3022
3003
2989
3008
3009
2991
2916
2991
2997
3002
2972
112
2993
2986
3009
3010
2971
3009
3017
3023
2971
3009
3027
2991
3015
3002
3018
3013
2988
3072
3007
3017
3009
3030
2966
2984
2999
3014
2977
3007
3017
3012
3007
2980
2977
3001
478
2997
2990
2997
3012
3007
2974
3014
2985
2997
2992
2992
1588
3007
3000
2983
2850
1149
2969
2883
1169
2954
2979
2987
3023
2151
2938
3040
2990
3010
2997
2971
3004
3004
3008
3029
2973
2480
2944
2974
2993
3006
3026
2975
2607
2990
2840
2965
2895
2979
3001
3033
1665
2908
2978
2973
2918
2997
2988
3000
2986
2919
2981
2999
3010
2988
2991
3013
2912
1978
2989
2995
2981
3022
2939
3001
3032
2497
160
2996
2056
2974
3023
3013
2346
3021
3010
2975
2958
3008
2984
3007
2441
2987
3006
2987
3014
2941
3009
3031
1710
1009
2994
2998
2987
3000
2945
2998
2985
3045
3043
2998
3002
2988
3023
3040
3010
3013
2832
3001
2646
417
2991
821
2986
2997
2982
3029
2989
3001
3013
3025
3003
3024
2993
3000
3004
3057
3005
3049
3026
979
2963
3000
2975
2971
2987
2986
3003
3006
2992
1001
2992
640
2281
2987
3007
2996
2022
2987
2975
2977
2983
3007
2961
1294
2978
439
2992
3085
2976
2998
2863
3003
1160
2957
361
2993
2997
523
3002
3019
2997
941
1210
2996
3002
2998
2850
667
3008
3081
3013
2268
2703
2995
2997
2947
2974
3007
3026
2985
3018
3003
3013
2980
2987
3024
2974
3019
2970
3030
3034
3001
2985
3034
2993
2943
2982
3017
2961
2989
2993
1696
958
2988
3051
3049
2993
2993
1767
2994
290
2997
2797
2993
3020
2989
2017
3012
