1072
2971
3011
2999
3011
3048
3019
2999
2996
3011
2987
3038
2960
3042
3041
3023
2995
3009
2945
3005
3021
3057
3041
2596
2998
2994
3016
2982
2981
2975
2990
3045
2991
2992
2921
3037
2984
3028
2209
2992
3002
2988
3008
3035
3009
2970
3035
2974
3023
3025
2983
3032
3024
3001
3003
2211
1679
2954
3011
3024
2968
2857
3037
2929
3044
3036
3040
3022
3028
3103
2984
2978
3022
3016
3003
3061
1874
2967
3014
3031
2987
3005
3012
3040
3005
3014
3023
2998
3005
2744
3025
2993
2937
2630
3057
3001
2973
3007
3002
2989
2993
3019
2954
3019
2968
3067
3031
3006
2991
3015
3005
3024
758
1447
2986
2361
2673
2943
3004
2984
2961
2990
3035
2988
2955
2350
2987
2981
2966
3013
3030
2997
3009
2439
2962
3030
3013
2980
3005
3018
3039
3014
2998
2841
3048
2998
2967
3014
3030
3016
3015
2964
3035
2978
3030
3040
3019
2995
3023
1938
2986
3007
3038
2988
2960
3027
3025
3032
2909
2963
2992
3008
2969
3037
3040
1648
3012
3011
3041
2993
3013
3037
3013
3042
3028
2999
3027
2986
3023
3005
3021
2992
2994
971
3020
3019
2978
2994
3003
3047
2992
2986
2985
3007
3015
2841
2972
3021
3012
3005
3004
2968
3033
2922
2959
3034
3003
3047
2996
2707
2999
2986
2995
2982
2981
2971
3009
3003
3007
3007
3014
3020
3007
3094
3019
3000
3018
3013
3034
2998
3037
3027
3028
3026
2995
3044
2022
2997
2879
3014
3021
2974
3024
2352
2968
3023
2990
3006
2987
3013
2847
3013
3046
3015
2998
2960
3023
2975
1972
3005
3014
2933
3004
2977
3040
2973
2999
3012
3011
3019
3020
3028
2957
3032
3019
3007
2988
3117
2988
3021
2966
545
2992
3014
3003
3041
3041
3013
2592
2996
2972
2925
2974
3026
3032
656
3002
3008
2419
3014
2997
2955
3025
2822
3004
2990
3015
2914
2991
2999
3027
3044
3049
2987
3012
1782
2992
3034
2990
2961
3011
1242
3025
3055
2987
2989
3011
3078
3002
2993
3000
2977
2965
2207
3027
2783
3004
2967
3005
2981
3004
3006
2990
2988
3037
3083
2966
3018
3075
2989
3030
860
3025
3035
2998
2994
3022
2823
2972
3005
2942
553
3016
2990
2996
2967
3024
3017
3024
3000
3009
3008
3002
2969
2972
3050
3021
2999
3027
2934
2982
3007
3023
3022
1291
2994
3019
562
3022
3036
3007
3040
3010
546
2980
3110
3001
2993
3010
3020
3045
3013
2875
3022
3012
2980
3032
2771
3008
3032
3011
2551
3004
2753
2333
2990
2980
3000
3005
3025
2999
3021
3061
3030
3058
2570
2988
3026
3037
3014
2994
3005
3003
2961
2990
3004
2987
3078
3002
3043
2799
3012
3045
3090
3032
2988
3004
2993
3021
2983
2999
2948
2929
3008
2967
2969
3017
2992
2950
3008
2983
2978
3038
3017
1946
3016
3010
3036
3034
2969
2970
3005
1896
3006
3025
2877
3003
3021
2992
3005
3021
3031
3039
3010
3018
2838
3021
3073
3003
3007
2970
1678
3001
2898
3000
3035
3009
3014
2999
3025
3017
2992
3006
3036
2996
3001
2996
3028
813
2997
3018
2976
3008
3000
3007
2974
3023
839
2440
2552
3002
2993
1462
3045
2973
2983
3037
2966
3030
3002
2968
3033
2968
2987
2975
2981
3012
3037
3032
3035
3009
783
2997
2770
2959
3023
3026
2940
1186
3021
3028
3004
2969
3034
2977
3026
3009
3018
2991
3057
3042
3019
2983
3006
3026
3013
2993
3035
3005
2967
3004
3007
3014
3008
2953
3002
3002
2998
3046
3032
1452
2981
2963
2984
2999
2992
3061
3007
3003
2993
3032
2996
3011
3028
2997
3023
3018
2989
3017
2950
3017
2993
3005
3046
3028
2981
1203
2988
2951
3016
3055
1902
3049
3000
3016
2778
2376
3025
3011
2849
3005
2999
2972
3003
2997
2989
3047
3007
2508
2992
2997
3002
3003
2994
2982
3000
3030
3071
3041
2993
3027
1749
3005
2997
2789
2990
3035
3034
3007
2994
3077
522
3008
3005
657
2975
3046
3035
3024
3006
3025
3007
3047
3040
2988
2998
2998
3012
3002
3022
2968
3041
2974
3035
3068
3031
3026
2991
3015
2248
3000
3007
2975
3023
3007
3034
2996
3037
1133
2979
2983
2994
2973
1159
3010
3026
526
3013
3031
2986
3009
3032
2973
3000
3007
3011
3001
3051
2989
2944
3016
2982
3040
3037
3042
2967
3033
3019
1978
3011
3033
2996
3027
2590
2970
3001
2286
3008
2962
3000
2926
3057
3011
3021
3039
3016
3022
3023
2975
3019
2821
2986
2982
2995
2969
3031
3036
2975
854
3003
3001
3009
3013
3061
1542
3006
3029
3014
3016
760
2981
3030
3053
3025
3028
3023
3049
1417
1248
3042
2973
3033
3001
2989
1969
3011
3010
670
3004
3035
2999
2976
2946
2992
2997
3046
3007
3013
3058
3009
2986
3031
3071
2998
2979
2984
3053
3041
3060
3013
3017
3021
3015
3042
2742
3032
3008
3021
3020
3050
3027
3016
2992
3021
3052
3018
2795
3018
3042
3022
2992
2987
3059
2978
2991
2971
3029
3020
2989
2846
2123
3027
2752
3024
3001
3071
3019
2972
2985
2959
3048
2974
3002
2991
2992
3036
2988
2982
3017
2989
3024
3034
3014
3035
1698
3019
3000
3015
2998
3051
923
2995
2969
3027
2973
3042
2996
3005
3010
3059
2987
3015
2983
3033
3014
2741
3034
526
3037
2971
2832
3012
2973
1356
3009
532
3021
2829
3031
2959
3025
978
3002
2902
2192
3037
2926
3036
3014
3018
2347
2980
2979
1324
3035
3003
3018
3008
3000
3007
2926
3100
2933
3012
2998
3000
3029
1979
3034
2970
2968
3008
3009
2995
2989
2995
3004
3005
2947
3043
1187
2427
3020
3026
2989
2996
3016
2974
3017
3020
3036
3040
2996
2966
3022
3008
3037
3064
2989
3041
3018
3003
3022
3002
637
3042
2975
2996
3035
3033
3012
3010
3024
1396
2978
3038
2980
3013
2998
3064
2982
3027
3029
3014
2998
2755
2960
3031
2999
2993
2998
3053
2992
3031
3020
2993
3025
1687
3016
2981
3012
3030
3031
2986
2617
2719
3007
3018
3026
2479
3012
2958
3032
3020
2980
2992
3024
3011
3090
2998
3043
2857
3017
3015
2988
2991
3016
2988
3014
3060
2968
2996
2995
2158
3017
2990
2965
3042
2990
3038
3011
2875
3028
3042
2979
2991
2987
2970
2977
3006
2986
1779
3030
3031
2974
2661
2626
3055
2949
1164
3031
2984
2995
2973
2995
3015
2995
3026
2982
3045
2930
3028
3026
2988
3043
3008
2994
3040
2871
3001
3038
3009
2966
3040
3037
2982
2994
3029
3078
3003
3036
3049
2989
3010
2979
3003
3000
3008
2973
3013
2971
3034
2977
3029
3028
3025
3015
3014
3005
3000
3059
3009
2982
2980
3001
3017
2752
3049
3004
2995
2983
3015
3066
1913
2975
2284
3051
2987
3005
3022
2838
3037
2984
2188
3031
3013
2977
3035
3023
3011
3039
3044
3018
3038
2974
3008
2724
2980
1961
2962
2990
3031
2982
3000
3024
2834
3018
613
2987
2980
3000
3002
3032
3017
2959
2974
2974
3028
3043
3037
2993
2672
3003
3013
3032
2921
2972
3006
2799
3012
3007
3029
2941
2978
3013
2996
3002
3012
2990
3025
2983
3030
3019
3028
2282
3023
1261
1869
2987
3025
2991
3002
2996
3040
2876
3004
2973
3022
579
3017
2990
2981
3009
2220
3040
852
2987
3036
3020
3034
3004
1778
3014
2900
2984
3032
2911
3013
3014
2946
3023
2191
3052
3019
3013
2476
2942
3006
550
3010
3016
3000
2148
3034
2963
1864
1281
3018
2991
2983
2985
3034
3036
3009
2855
1877
3008
2974
2850
3006
3008
3052
3063
3054
2990
3049
3019
3032
2991
3035
3030
1348
3021
2997
3010
2999
3012
3045
3019
3021
3016
2360
3001
3006
2987
2963
3002
2973
3005
3009
3015
2805
3013
3041
2815
3007
3004
3032
2975
3011
2815
3065
3044
2983
2963
1871
2980
3028
3012
2986
2962
3000
3048
2988
2711
3024
3024
3027
3007
3017
3028
2258
2910
2975
3007
3004
3057
2997
3063
3025
2948
2575
1061
2993
3114
3045
3056
2974
2995
3031
2861
2994
3053
2988
2997
3120
3078
2934
718
2986
2061
3025
2993
3026
3014
3042
2964
3026
3032
2970
3036
2987
3018
2970
3009
3049
3017
3002
3013
3002
2998
3006
3040
2998
2995
3014
3009
2978
2975
3005
3044
1426
2989
3003
2994
2971
3055
2956
1471
2949
2981
3016
3020
2987
2986
3045
3038
2975
2997
1392
3053
3080
737
2970
2991
2988
2991
3051
3018
2973
2981
2996
2999
2980
3017
3022
2962
2993
3015
2959
2980
2998
2999
3043
3037
2971
2957
2985
3023
2992
2988
3005
2997
3047
2996
3034
2997
2984
3010
1859
3007
3012
3027
3027
3024
2992
3051
2997
2640
2983
3007
2989
3016
3019
2933
2999
3012
3039
3009
3032
2971
2928
3033
3005
3018
2939
3001
3055
2995
2804
3012
3020
2963
2634
3007
3028
3017
1421
3012
2994
2984
2977
2995
3056
3050
3053
2959
3012
2960
3014
2995
2998
2975
2986
3016
2988
3015
2961
3006
2927
3037
2998
3023
2998
3043
2766
2938
2984
2976
2992
3030
2716
3028
2992
1075
3054
2982
3008
2994
3227
3011
2963
2934
3045
2990
3003
3000
2991
2974
3048
3057
3037
1601
3008
2995
3027
3024
3016
653
3022
2988
2993
3012
2981
3006
922
2978
2996
3015
3002
2343
2991
2996
3000
2929
855
2985
3020
1104
3019
2995
2984
3005
3010
3034
3028
3012
3001
2987
3009
2972
2998
3102
3018
3013
3049
2420
3006
2997
3023
3019
2983
3007
3003
3005
2991
3022
3035
3011
3020
3051
3031
3032
2989
3010
3013
3002
2905
3005
3028
2753
2935
3008
2317
3019
2968
3030
3008
2963
2962
2996
3027
3060
2996
2996
3006
3039
2985
2979
3020
2986
3004
2978
2992
3008
2964
3030
2996
3017
2008
3020
2971
2976
2974
2995
2971
2179
535
2929
3099
2958
997
3028
771
2997
2998
3045
3011
3012
2940
2976
3010
2978
3027
2962
3013
3000
3019
3021
552
3036
3034
511
3012
3010
3014
2994
2976
2999
2929
2975
3039
2882
3054
3119
3005
2968
2984
3049
3019
3054
3020
3034
3032
2919
3034
2997
2966
2991
3115
3026
2991
3012
3041
3005
2990
2205
3033
1699
2984
3012
3012
3018
3008
3007
3029
2207
2974
2956
3006
2846
3007
503
2987
2997
3002
2936
3037
2990
2804
1571
3048
2986
2996
3082
2960
3014
3044
2997
1122
2979
2996
2994
2998
2999
3044
2963
2988
3023
3032
2970
3029
2862
3014
3001
3002
3036
2872
2998
3017
2989
2995
3008
2988
2985
2989
2826
2988
2896
3033
2956
3002
3040
3014
1305
3011
3032
2979
1400
1273
2979
2637
3029
3028
3006
3049
3009
3001
2995
3024
3004
3045
2996
3036
1166
2954
3013
3016
3030
2973
2993
3006
2973
3013
3031
3020
3009
2983
3010
2894
2999
2993
2967
3020
3026
3012
3014
3026
3006
2977
2973
2994
3024
3027
2967
2928
2955
2849
3025
2998
2972
3015
3024
3002
3009
3003
2861
3014
3062
3030
2969
2997
3062
3033
2971
2984
2179
2986
3052
3070
3015
3008
3021
3005
2997
3023
3011
3006
2928
3018
3035
3061
2991
3027
3031
3004
3054
2914
2939
2936
1991
3012
3016
3041
3061
2989
3023
3050
2990
3006
3007
3013
2917
3066
3021
2878
2992
3027
3032
3003
3022
3012
3048
2962
3036
3045
3018
2999
2999
2973
3035
3000
3025
3004
3035
3011
3030
3002
3000
3027
2961
3012
2956
3009
2990
3032
3000
2951
3028
3047
3037
555
3023
3014
3123
3017
2903
2989
2995
2700
2984
3035
2961
3006
3040
3037
3018
2899
2998
2979
3012
2966
3007
2905
3046
3019
2961
3000
3012
2961
3036
2825
2993
3039
2737
2069
2819
3019
2988
2963
3035
2983
2968
3012
3016
2944
3031
3049
2946
3020
2959
3024
2981
818
1982
2996
3021
3041
3000
3019
3012
3044
3029
3035
2991
2989
2998
3008
2562
3023
2985
3020
2990
3015
2998
2980
3085
2465
3031
3055
3015
2999
3005
3022
2965
3003
2419
3006
3072
2937
3027
2998
2993
3000
2975
3034
2981
3048
3024
3029
3009
3025
2986
2774
3001
2954
3018
2996
3070
3028
3031
2936
2034
3017
3039
3020
2918
582
3007
2991
3004
511
3000
3023
3023
3044
3010
2821
2325
2978
3053
2953
3042
3011
2473
1783
3019
2948
582
3062
3032
2983
2962
2968
3005
1530
2878
3000
3008
3013
3017
2581
1623
2983
3035
2455
2996
3019
3000
3020
3000
3008
2989
3012
3002
3047
2976
3010
3040
2950
3016
665
3015
2997
2982
3032
2994
3006
3015
2321
3012
2992
2998
2991
2993
1746
2568
3008
3029
2991
3031
3048
3012
3046
2989
503
3061
3051
3011
2985
2503
1112
3035
3017
3016
3010
2969
2992
2069
2946
3002
2989
1332
3005
2931
2967
2979
3016
3011
2955
3028
953
3018
2989
2629
3034
3015
2996
2976
730
2964
3010
3048
3017
3026
2893
3022
3026
622
3081
2925
3009
3032
2393
1069
2793
3048
2994
2985
2989
2948
3020
2967
3049
2998
3090
3031
2998
2085
2976
3020
2993
2668
3020
2977
727
2979
3015
2999
3000
970
2968
3020
3008
3002
3024
3008
3000
2997
3044
3029
2995
3005
2990
1949
3011
2653
2966
2997
2278
3031
3005
2999
2833
2307
3044
904
3007
3035
3006
3003
3047
3025
3041
3033
3034
3006
2985
3051
3014
3011
2997
3051
3097
3016
2960
3016
3027
2155
3008
3072
3013
2997
3011
3011
3024
2997
2988
2985
3044
2910
2953
3009
3065
3017
2866
2986
3023
2958
2993
3051
3028
3030
2967
3023
3019
2979
3015
609
3011
862
3095
3007
2887
2986
2937
3049
3000
3012
3010
2632
2987
3031
2989
3021
2992
3034
2982
2993
3036
2994
3022
3027
3003
3038
3024
3003
3027
2992
1727
2943
2960
2983
3048
3039
1884
3053
2967
3037
3009
3033
3020
2947
2996
3012
3020
1768
3017
3035
3038
2979
3022
932
3013
2987
2996
3013
2995
2983
2997
3005
2941
3010
2996
3032
2957
3028
3027
2947
3011
2303
3000
3028
2958
3009
3007
3018
3019
3082
3027
2872
2979
3002
2997
628
2992
3002
2993
3024
3048
2973
3010
3030
2819
2979
2970
3045
2972
3018
3016
2979
3024
2817
3008
3016
3027
2886
2996
3050
3022
3004
3029
1095
3001
3019
2947
2994
3027
3009
2382
1416
2978
3001
3017
2964
3019
2969
2869
3028
2974
3111
2989
3026
2999
3024
3021
3034
2990
3022
3004
3029
3016
3082
2975
3012
2973
1874
3039
2981
2983
3052
2991
3017
3014
3003
2982
3032
1425
3018
2999
3012
2963
2997
2986
2835
2993
3015
2996
3013
3026
3038
3004
3021
3037
1677
2963
2999
3045
3024
1677
2976
2994
2976
3021
3022
2960
2986
3069
2982
2941
3016
3043
1172
3018
3032
3013
3031
2906
3010
2986
3010
3034
3009
3032
1110
2995
2992
3031
3013
3020
2996
2972
3005
2938
3019
2989
3035
2971
3038
2398
3066
2968
3003
2721
2999
3020
3000
2186
2990
2976
3030
2963
3021
3024
3018
2900
3026
3009
3008
2932
3015
3017
2597
3027
3002
3046
3014
3011
3003
3026
2987
2967
3009
3061
3045
3046
3019
3024
2983
2991
3018
3045
3011
3006
2985
2995
2994
2974
3001
3029
3001
3008
3029
3014
3010
3036
3010
2285
3033
2985
3008
3033
2569
3012
3027
2988
2981
2984
1270
3054
3049
885
2969
3001
3001
2964
3030
2859
3006
3028
3102
3037
3016
2618
3009
2972
2968
2978
3002
2999
2869
2940
2973
3002
3015
1134
3003
2854
3016
2957
2975
3033
3012
3027
2975
2973
3027
3045
3015
3016
3038
2994
3058
2962
3016
2996
3037
3013
3048
3009
3035
3028
3043
3036
2999
2977
3011
3048
2939
3038
3031
3017
3019
3035
3046
2013
3015
2981
3093
2220
3031
3041
2981
3019
3053
1728
2994
2092
2964
3019
3003
3010
3115
2991
3011
2988
3011
2980
3005
539
2853
3021
2992
3048
3020
2239
963
3016
1854
2967
2995
3051
3011
3010
3043
3064
2975
3022
600
3012
2984
2968
2984
3015
3028
2923
3031
3003
3017
3076
3004
3020
3037
2978
2997
3012
3002
3005
3001
2595
2995
3058
3017
2946
2966
2969
2998
3003
2952
1870
2998
3009
2888
2960
3019
1798
3000
2800
3002
3002
3006
2163
2996
3001
3013
3000
824
2929
3082
3079
3028
3004
3017
1691
3016
3019
3000
3025
3003
2974
3037
3005
3048
3000
3012
3032
3048
2999
2997
2417
2988
2989
3000
3016
1993
2960
3035
3006
2982
2979
3038
3037
2933
3010
3004
1260
3006
3006
3028
2014
3022
3065
2995
3012
2111
3019
2985
2993
3032
3046
2961
3024
3033
3000
3010
3045
3052
2967
2992
2996
3015
2986
2932
3000
2174
3013
3025
3048
3025
3009
3016
2987
3026
1847
3033
3003
3010
3033
2999
3016
3019
2992
3027
2971
630
3008
3029
2990
2996
2927
3036
3028
1650
3004
3030
2919
3005
3042
2986
2953
3006
2991
2450
3039
3033
2997
2986
3009
2966
3047
3012
3010
3057
2976
2994
3039
3004
1207
3038
3006
3006
2978
3036
3001
2942
1932
3005
3016
3037
3028
3016
3049
2812
3024
2962
3004
2988
3045
2988
2936
3021
3025
3026
3001
3009
869
2462
3028
1910
3104
2993
3030
3020
3025
2982
2987
3019
3013
3024
3001
3027
3015
1919
2946
2962
3007
3002
3029
3024
3010
2986
2987
3041
3017
3002
2984
1479
2616
2969
2996
3009
3005
2970
3043
3002
2975
3017
2971
3012
3066
3002
3001
3024
2955
3026
3033
2981
2995
3054
3071
2998
3044
1817
2696
2295
3068
2998
2981
3015
2932
3015
3016
3010
3047
2950
3007
3017
3046
3006
2990
561
3003
2987
3038
2954
3020
3005
2968
1375
3019
2969
1110
3092
3038
3020
3027
2986
3030
2983
2985
3035
3017
2609
3029
2958
3038
2990
2952
937
3042
2990
2984
2977
3060
3016
3015
3007
2520
3020
2995
2116
2995
2968
2997
1947
3037
3006
2962
3012
3013
2715
922
3053
2999
3033
2999
2971
2863
3001
3047
2997
2983
2968
3040
3006
2972
3010
3000
2970
697
3017
2993
2960
3006
2996
2999
3040
3021
2982
1764
2986
2379
3026
2994
2994
3004
2996
3036
3029
2988
2999
2996
3004
3032
2991
3020
3006
3012
3031
2149
3008
2998
2998
2953
2998
2947
3000
2982
3045
3024
2978
2978
3031
3007
3033
3033
2986
3015
3009
2989
2667
3030
3017
3053
3033
3014
3000
2998
3027
2989
3039
3020
3014
2951
3012
3020
2656
2992
3041
2952
2491
2992
2991
2977
3005
3025
3030
632
3021
2662
3067
2841
3037
3053
3012
2976
3047
3047
3034
2989
3022
3018
2951
2989
3019
2987
3016
3090
3003
2960
2947
3041
2345
2994
3035
2051
3003
2964
2998
3009
1126
2986
3018
3027
3038
793
2903
2999
3027
2978
2991
3023
2985
3015
2969
3035
2999
1506
3002
3022
2969
1328
2956
2989
3028
3008
3030
3002
2984
2754
2984
2985
3023
2748
3028
3072
3008
2966
2981
2995
3015
2986
2997
3006
596
3021
3048
3000
3012
2998
2995
3058
2975
2496
3009
3019
3028
3041
2706
2669
3020
3014
2990
3018
2998
3081
2842
2965
3033
3031
3001
2975
3008
2991
2992
3048
2996
3104
3029
2998
3040
789
2998
3022
2973
3036
3023
2393
3026
3004
3072
2981
3024
3011
2162
2936
2918
2864
2902
2960
2856
3042
3025
3009
3009
2979
2989
2955
2788
2982
3032
3009
2980
2766
2890
2983
3035
2046
3040
2990
2220
2985
2970
2992
3013
2982
2892
2985
2969
3003
3028
3062
2973
2874
2817
3046
2957
3002
2838
2957
3022
3008
3051
2983
3020
1007
2985
3016
2421
2993
2977
3008
3015
2666
2977
2986
3015
3018
3036
3020
3061
3007
2984
1430
2981
2993
3035
2993
3036
3021
3038
3013
3039
3019
3000
3004
2989
2996
2989
3016
3031
2995
2971
2981
2980
2988
2970
2989
3039
2990
2996
2999
2980
2999
2981
3041
2069
2970
3019
3013
3004
3012
2996
3003
3021
2997
2993
3076
3015
3020
3031
2932
3026
2993
1674
3020
2977
3042
3036
3026
2985
2995
3021
2990
1022
3006
1858
3011
2996
3042
3000
986
3023
3007
3017
2588
3009
2993
3018
2995
2992
2998
2990
3043
2937
2961
2169
3020
2988
2912
3011
3006
3018
3077
1241
2995
2993
3022
3018
2958
3025
2973
3020
3017
3029
3011
2129
2980
3020
1311
3067
2997
2986
2986
3012
3013
3043
3005
2989
2976
3015
2998
3038
3006
3088
3036
2999
625
3017
3028
3019
3025
2993
1486
3007
2959
2856
3001
3008
2965
801
2692
3025
3034
2991
2970
2999
3007
2548
3007
3028
2969
2565
3006
3034
2965
3012
3019
3009
3022
2996
3000
3010
2998
2907
3008
3004
2993
3014
3032
2413
600
3018
2977
1770
3039
2995
2976
3016
794
3022
3045
2606
2953
3039
3040
3023
3003
3039
2049
2978
3002
1432
3008
3024
3017
3023
2978
2975
3003
3042
2989
3017
2021
3053
3023
1102
3020
3037
3003
3010
2999
2974
3044
2960
3084
3006
3030
3041
3029
3061
3017
3045
3001
2846
3016
1661
2993
2995
2975
3002
2963
3005
1236
3029
3013
2084
3015
509
2987
2965
3011
3001
3012
2985
2970
3022
2971
2964
3020
2980
2945
3019
2966
3023
3000
2973
2978
3031
2984
2964
3027
3022
3022
2993
2966
2986
2986
2731
3064
913
2998
3007
3043
3023
2986
2998
3010
3002
3001
3004
741
3024
2992
2994
2993
3048
2977
2989
3025
3008
2991
3040
2874
2562
2859
3070
3024
2970
2981
3037
2976
3011
3011
2962
2976
2995
2995
2998
2983
2887
2980
3035
2978
3048
2943
2972
3010
3018
2977
3005
2971
1320
3008
3027
2980
3005
3011
3014
2992
2932
3045
2958
533
3020
3014
3043
3028
3037
3007
3027
3021
3003
3039
3028
2344
3010
3027
3001
2976
3004
3037
3057
2959
2982
3032
3044
3018
3038
2950
3003
2903
3047
2965
3051
3006
2962
3025
3039
3026
1177
3030
2996
3012
2790
3020
3012
3022
3013
2764
3024
3021
3018
2971
2998
3016
3025
3014
2861
2978
3038
2970
3029
3041
2997
3002
2670
3020
3014
2960
3014
816
3007
1296
3004
3049
3010
2982
2987
3034
3011
2950
3007
1951
3046
2948
2344
3051
2997
2983
3001
3022
1601
2967
2581
3018
2980
3059
3020
2979
3012
3019
3010
3016
3006
2944
2985
3016
2964
2991
2981
3041
3013
3015
2964
3003
2998
3064
2995
2983
3016
3021
1853
3023
3034
2997
3022
3002
2992
652
3041
3041
2959
2999
2970
2939
3023
3000
3007
3009
3029
3003
3011
3035
3032
2974
3004
2988
2985
3021
3005
2997
2958
2943
3000
2978
3041
2982
2985
2997
3006
3039
2108
3050
3005
3003
2991
3046
3004
3019
3033
2994
3010
3004
2996
2442
3009
2999
3031
3042
2990
2986
3033
2945
2989
2985
2976
3033
3011
3003
3006
2992
3009
891
3036
3007
3004
3002
2886
3006
2483
3007
2174
2998
1360
3029
2980
3028
3005
2996
2969
3001
3085
2988
3018
2992
3024
3032
2986
3007
3010
1046
2991
3011
3015
3002
3019
2976
3006
2984
3010
2709
2998
3010
3040
3005
3026
3005
3055
3001
2943
3018
3008
3024
2988
2991
2846
3015
2962
3008
2999
2992
3010
2982
2999
3004
2988
3047
3015
3028
3038
2969
3033
3002
3048
3019
3089
2868
3027
3027
2960
2970
2914
1265
3017
2161
3001
3006
2991
2997
2880
645
2983
3037
1261
3047
2948
3036
3032
3004
3036
3023
3013
2605
2987
3008
3007
2995
2972
2986
3016
2997
3012
2997
3020
3028
3012
2942
3020
3003
3012
2975
2958
2967
3039
2941
3016
3011
2999
3032
3031
2995
3038
3031
3038
2985
3051
2971
2989
3029
3042
3043
2836
3007
3012
2046
3042
2981
2955
3000
3052
3027
3012
3009
3028
3017
2989
2926
2982
3050
3009
3021
3021
2901
3028
2984
2989
3033
3002
3036
2994
3042
2970
3001
2970
3003
2354
3064
3058
3032
3010
3031
3005
3029
3014
2967
2998
2996
3029
2982
3008
2293
3034
3014
2982
3021
2961
540
3032
1348
2741
555
2941
3010
2900
3036
3014
3021
3006
3011
3024
2988
2993
3041
2994
2993
2989
3026
3049
2990
3081
1694
2991
3024
1115
3029
1659
3026
2989
2972
2955
3018
3011
3026
2978
3045
2996
3019
2999
2964
2979
3010
2918
3047
2974
3021
3028
2440
3023
2210
1873
3034
3021
3018
3045
3017
3001
3009
2962
3037
3057
1491
2992
3004
2977
625
2725
2997
2150
3006
2972
3028
2981
2784
3009
2979
3036
3007
3041
514
3023
2915
3044
3031
3001
3004
2956
2966
888
3037
3057
3035
3017
3003
3020
3018
3022
3014
3001
3038
3022
2999
2990
3015
995
2933
2750
2988
3050
3034
3013
2975
2965
3035
2816
2960
3012
2985
2999
2978
2986
2620
3017
2994
2997
3080
2994
1273
3102
2984
3016
630
3031
2896
3005
2928
2994
3022
2994
2978
1860
2596
2907
3007
3030
3043
3023
3031
2999
3012
2966
3029
2968
2972
3018
3036
2544
3028
3049
3012
1480
2959
2906
2980
3031
1426
2966
3036
1387
3032
3005
2958
3012
2982
3013
3026
3000
3032
2982
3012
3041
3006
2560
3015
3017
2993
2996
3033
2044
3002
3012
2966
2997
3030
3012
3003
2965
2979
3012
2956
3003
3010
3027
2956
3040
2960
2992
2975
2956
1185
2998
2968
2992
2982
2977
2976
3006
3033
3007
2988
2994
828
2935
2997
3033
3020
2702
1573
2959
3022
3002
3002
3018
2998
2990
3055
3000
3048
3041
3042
763
2965
2991
2748
2977
1045
3024
3034
3025
2992
3067
3019
3038
3000
2998
2947
3004
2993
1336
3036
2869
2871
3025
2978
3116
2985
2991
3019
2234
3030
3020
2966
768
3005
3021
3027
3034
1410
2996
3012
1538
3012
3010
3001
2992
2976
2991
814
2626
3017
3016
3025
3025
2910
2992
3004
3039
3020
2988
3027
2999
3007
3003
2748
1766
3012
2977
3022
3016
2987
3003
3018
3034
3006
3000
3039
3007
3030
3027
3007
2999
2930
3036
3004
2971
2998
3012
3019
2987
2958
2979
3023
3030
3043
1411
3047
1628
3009
3016
3038
2937
3020
2973
3042
3016
3001
3096
3020
1780
3021
3015
2955
2361
3028
3025
3005
2852
2933
2925
3026
2984
3027
3026
2954
2987
3078
2992
2971
3022
2996
3016
2974
2995
3011
2984
2998
3013
3027
3025
2967
2974
2978
3020
3015
602
3013
3019
3017
3015
2299
3058
2997
2999
3047
3054
2987
3013
3020
945
3033
3033
3009
3003
2948
3047
2956
2997
3010
3029
2998
2788
2989
3051
3007
3028
3043
3033
3001
3013
2992
2988
3013
2987
2998
3014
3002
3033
3024
3004
3010
647
2975
2942
2935
2980
3005
3001
3012
2989
2971
3060
3047
3021
3008
3038
2975
3011
3020
2986
1133
3032
2502
2931
657
2967
2979
3010
3008
2996
2397
2987
3010
3033
3007
3019
2995
2998
2996
1303
2983
2999
2375
3065
3004
2972
3006
3041
3001
2974
2969
2938
3043
3005
2990
3007
3033
3223
3018
2204
2888
2965
2975
2994
3039
3009
2977
3020
2995
3001
2989
2874
3007
3054
3012
3008
2995
3000
3004
3011
2700
3050
2938
2978
2870
2989
3019
2968
3009
3009
2978
3021
3002
3037
3015
2980
2984
3012
2982
3019
3029
2179
3032
2993
3047
3014
3025
3060
3027
3016
2382
3057
3038
2016
2895
3003
3001
2988
2979
2986
3001
2969
3008
3019
3009
849
3004
3012
3035
2996
3017
3000
2952
2906
2984
3020
2990
3003
1688
3050
3008
3070
3053
3028
3001
2964
2992
3002
2967
3019
3035
2879
2005
2630
3002
3031
3030
3008
2997
516
3025
3007
3007
2657
3015
1753
3019
3021
2069
2991
3029
3001
3017
918
3028
2994
3078
2479
3004
2950
2973
3032
3013
3001
3021
3023
3047
3105
2287
2961
3029
3027
2921
2999
3008
2962
3032
3013
1027
1959
3031
3012
2990
2973
3015
3021
3024
3014
2965
3022
3009
2992
3012
3044
3010
3044
3014
2535
2991
2967
2969
2970
2984
2999
3009
3022
2987
3003
3018
1176
2995
3051
1150
2984
2974
3003
3024
3005
3030
2930
2807
3049
2141
3019
3009
3005
3037
3059
999
2906
2985
3014
3049
3013
3003
3026
2991
2979
3014
2806
3040
2930
2977
2997
3037
3013
2999
2988
3038
3019
2972
3003
3027
3025
2974
3052
2986
2986
2998
3037
3016
2869
3036
3000
3005
3015
2980
3018
2986
2992
3051
3025
2964
3044
2881
2837
3021
3012
3034
2995
2990
3011
2971
3036
3053
2963
2955
2925
2970
2987
3017
3013
2989
2991
3042
3007
3061
2970
3018
3009
3010
3035
2970
3004
2991
3032
3015
2986
3006
2992
3014
3032
3090
3032
2986
3071
3010
2370
2959
2950
2994
2883
3044
2939
2972
3015
1930
1215
3007
3029
2992
3011
2972
3039
1262
3014
2973
3008
3021
519
2948
1529
3025
2991
3000
2989
3007
3035
2989
1895
3025
3030
3007
2833
3027
2987
2596
2998
3009
2948
2886
3014
3005
3046
3091
2993
3027
3019
2980
3019
3023
3003
3023
3008
3006
3007
2999
2993
3008
673
2996
3005
3011
561
3035
3035
2975
591
3014
2311
3027
3008
2976
3005
3002
2989
3037
2807
2995
3029
2988
3018
2985
3016
3048
2983
2947
2990
3025
3037
3001
3006
2990
2982
2947
3003
3030
3022
2986
2991
2925
3007
3056
2995
3004
3048
2779
3011
3043
3028
3006
2986
3003
1578
3002
2987
2998
2981
2969
3020
3023
3016
3002
2987
2986
3090
3039
3012
2999
3023
3030
2993
2990
3000
3246
2988
1900
2984
3011
2966
2981
3017
2559
3015
2986
2824
2969
2990
3013
3047
3019
3006
3011
2959
2946
2981
2980
3034
3030
2985
2993
3002
3049
3012
3006
3040
3052
3055
2967
2977
2876
2973
2996
3042
3033
3002
3007
3034
3000
3004
3040
2986
3012
3044
539
2017
2987
3028
3051
3031
3012
3009
1605
3030
2976
2964
3010
2996
574
2987
642
1948
2984
2995
3013
2947
2989
2978
3032
3015
3025
2982
3008
3010
3079
3013
2964
3008
3013
3019
2893
3032
3007
2997
966
2981
3008
2963
3014
3000
2975
2962
3035
3034
2976
3014
2984
2991
2988
2332
3018
3043
3011
1934
3011
2928
3029
2993
2962
3017
2995
2959
3001
3000
2967
2379
3055
3003
3003
3013
3014
2973
3003
3026
3059
3026
3004
2968
3002
1599
2991
3000
3001
2993
2987
2969
2330
2985
3017
3049
2964
3011
2980
3041
2977
3040
2649
2983
1296
2982
1961
2974
2986
3247
2980
3001
3039
2989
3040
496
3036
3002
2847
2988
3025
3034
2975
3037
3026
2947
3004
2992
3032
3001
2967
3024
3035
3026
3018
2976
661
3005
3020
2995
3017
2973
3015
3010
3007
3038
2993
3002
3009
2984
3033
3037
2146
2983
3023
3000
3016
2952
3034
3000
1287
2910
3026
3025
2996
2992
3006
3056
2998
2982
3003
2959
2969
3045
2073
3049
3045
3045
3040
885
3010
3034
2992
2976
3013
3003
3018
3000
3013
3011
3040
2834
3017
3029
2335
3001
924
3037
2981
2929
3013
2997
3003
3025
3032
3002
3032
3052
3018
2984
3055
2978
3009
3020
2988
2875
3002
3010
2896
3011
3012
3007
2969
2832
3003
3034
3019
2953
2977
3037
2986
3027
3003
2988
3004
2983
2953
2685
1045
3028
1783
3010
3032
3020
3002
3027
3030
3006
2816
2991
3030
2985
3038
2996
3040
3019
3003
3004
2973
3039
2934
524
2983
3001
2384
2980
2971
3034
3023
3033
3008
3026
3000
2916
2697
3001
3051
2980
2597
2610
3022
3010
3001
2131
2966
2971
3025
3023
3001
3019
3009
2287
2998
2988
3057
2980
3006
3016
3019
2982
3034
2212
2964
2970
3006
3027
3021
3068
3019
3010
2997
3020
3007
3000
1031
793
3016
546
2979
2995
3031
3008
3008
3034
3028
2796
2983
2994
2779
678
2959
3027
3010
2874
3019
2990
3081
3015
2963
2997
3002
3025
2999
2855
2987
567
3048
2979
2819
3003
2972
3009
2948
2988
3014
2979
3023
3042
3021
3017
3003
3027
3003
3016
3013
3026
2998
3011
3001
2829
3034
1413
3020
3001
3028
2976
871
3058
2973
3046
3022
3014
2973
3035
3024
3027
2973
2855
3017
3063
3028
3040
3018
1487
2966
3020
2943
3024
3014
2984
3042
3027
3041
2981
980
2752
2958
2986
2939
3029
859
2995
2954
3020
2975
3023
3015
3008
2662
2991
3009
2997
3015
1436
3030
1869
2968
2965
3028
2957
3003
3014
3014
3054
2994
3023
3022
3018
1148
1360
2987
3039
2901
3012
596
2898
3002
2993
2998
2980
2998
2996
3008
3001
3001
3025
3037
3017
2999
2940
2988
3008
3004
2983
2982
2994
2940
2971
3003
3008
2931
2999
2954
2943
3049
731
3052
3033
2999
2999
2998
3032
2984
1058
3051
3015
2986
3011
1291
2959
3010
3009
2971
2977
3002
3029
3033
2991
2989
2981
3051
709
3027
3015
2627
3018
3001
3005
3062
3007
3021
3022
2878
3018
3025
3041
2988
2384
3024
3025
3015
2985
3016
3012
3009
2981
2980
2368
1925
2857
3029
2991
3010
2742
2954
2988
3001
3058
3017
2827
3017
3027
3010
3007
3038
3054
2931
3014
3044
3030
3022
3091
3015
2999
3027
2965
2973
2994
3082
1930
3037
3025
1190
2980
3023
3021
2984
2964
2927
2958
2970
3019
2962
2918
2989
3005
3019
3039
3043
3047
3025
3062
3004
3044
3026
2951
2918
2990
2993
2981
3008
3014
2990
2970
2986
3047
3001
3032
3015
3074
3006
2980
2964
2992
3011
3035
3037
3019
2998
3009
3000
812
3028
3047
3007
3005
1849
2997
2671
3003
2974
3003
2963
2910
3050
3015
2931
1636
3013
3023
2965
3018
3043
3003
2994
3078
3036
3009
2994
2683
3021
2992
2974
2999
2980
3049
2864
2997
2962
2949
2999
2997
3020
2997
3024
2968
2993
3031
3014
3022
3015
3005
2940
3012
2975
3031
3022
3037
2996
3017
2223
3043
2952
3000
3031
2966
3000
3031
2958
2550
2581
3044
3028
3010
3031
2993
3001
2996
3006
3054
2995
2969
3039
3076
2992
2842
3002
2967
3028
3000
2649
1160
3002
1491
2995
2989
2999
2997
3055
3019
3010
3023
2976
3014
3035
2918
3014
2995
2983
2986
3025
2974
2107
3003
3012
3047
2974
2971
2866
2985
2720
2973
2961
3047
3024
3030
2948
3032
3010
2990
3041
2999
2843
2993
2962
3034
2961
2989
2996
2968
2995
2983
2981
3035
3001
3027
2996
3002
3040
3044
3029
2983
3010
3063
2984
3015
3009
2997
652
3022
2957
3016
3060
3021
3013
3034
3002
2967
3041
2993
2958
3041
3027
3005
2998
2663
3018
3039
3019
3016
3012
3025
2995
2998
3013
2992
3004
3017
3040
2995
2949
3040
3018
2977
3024
2976
2451
3005
3026
3000
3003
2993
3066
2991
3013
3011
2978
3038
2999
3001
3011
3029
2672
3009
3018
735
2989
2781
2977
3013
3024
2993
3017
2964
3005
2984
3014
2964
3032
2158
2994
2967
2991
2997
3022
2962
3041
2243
2984
3035
3033
2990
2944
3005
3004
2370
3039
3052
603
3005
3011
3034
3039
3008
2979
703
3065
3013
2897
3053
3016
2400
3040
3017
3022
3022
3022
3024
3043
2960
1269
2991
3002
2988
3031
2977
2991
2968
2995
3050
3017
3042
3007
1005
3001
2986
2996
3018
3035
3018
3007
3021
3017
2973
3084
3011
3005
2957
2899
3016
3015
852
2917
2943
3014
2994
2984
2994
3003
3034
3024
2979
2988
2990
3031
3003
3031
2970
2995
2837
3006
2945
3026
2625
2998
3003
3007
1561
3020
3004
3023
3002
2976
3003
2992
3008
2982
3010
2998
2993
2991
3042
3020
3016
2984
2992
3003
2988
2999
3027
3026
3032
2962
3026
3004
2997
3000
2942
3038
2978
3007
2983
3005
2982
2966
3037
2558
2981
3008
3015
2995
2676
2974
3028
3004
3034
3049
2974
3039
3069
2970
2244
2913
3024
3043
3016
3004
3015
3027
3011
3018
960
3003
3011
2976
2976
3020
3023
3006
3011
3083
3001
2963
2967
2997
3048
3023
3038
3038
1094
3006
3045
3001
1283
3033
532
2992
3025
3070
2981
3044
3042
3018
3007
1409
2951
3021
3042
3022
3001
3031
3015
1078
2985
3025
3034
1598
3024
3047
3007
3014
2995
3036
2988
3017
2998
3022
3004
2989
2992
3039
3016
2998
3026
2987
2986
2895
2952
3006
3032
2995
3026
3013
3023
2990
3021
3029
3004
3037
3036
3004
2980
2306
2968
2998
3043
2992
3003
3039
3042
533
3006
2996
3015
849
3037
1443
2975
2998
3058
2990
3040
3025
3015
3021
2997
3028
1175
2989
3037
3017
3030
2637
3003
2984
3005
2986
3010
2970
3048
3001
3021
2986
3014
2993
3007
2961
2976
3032
2988
2023
2958
3030
2997
3001
2991
1145
2953
3031
3050
3029
3011
3041
2970
2980
3003
1525
2999
1639
3024
2948
3023
2989
2443
3005
3002
2980
3005
3051
2982
3020
3035
3000
3047
1011
2999
2997
2699
3015
2997
3042
572
3019
1277
2995
3004
3011
3038
3015
3027
3028
2742
2976
2729
1929
2978
3042
3021
2960
2966
3049
2962
3007
2764
3022
2968
2942
3042
2994
3044
3023
2995
2458
3005
3031
2999
3027
2079
2993
3000
3006
2984
3028
3092
2967
2962
2103
3008
2990
3042
3010
1394
2974
578
3027
3047
3097
2943
3010
3030
1331
3018
3004
3039
2986
2998
3020
3027
3014
2993
3004
3005
2997
3054
2960
3033
2994
3049
2311
2966
2983
3020
3011
2958
3028
3012
3019
581
2983
976
2955
2375
3010
2822
3000
2983
3016
3005
3060
2969
3013
3001
3026
3033
3031
2923
2983
2990
2976
3006
3032
3008
3017
3006
2976
3004
551
2993
3052
3020
3036
3038
2951
3029
3008
3005
2948
2911
2989
2984
3019
1382
2975
3016
3031
3010
2993
2975
3023
2404
3009
2965
3017
3048
2984
3006
3023
3012
2968
3012
3010
3011
3017
3029
3002
3011
2995
2998
3033
3027
3012
2993
2950
2977
2984
2945
3002
3001
2969
3046
3019
3037
3020
1506
3003
3022
614
2996
3055
2993
3029
2126
3016
2983
3019
2975
3038
2945
3024
3022
3035
3023
2993
2975
3055
3073
3005
3016
3005
3029
2977
2979
3007
3022
2971
3013
3054
3034
2954
2967
2995
3059
3040
3110
3060
3037
3030
2994
3063
2963
2999
2996
778
2963
2986
1683
2993
2994
3023
3033
3018
3005
3029
2870
3049
3017
3003
2996
3021
2949
2971
3017
3010
3052
2999
3010
933
2987
2992
2214
3017
3082
2791
2973
3000
3005
2982
3019
3024
3027
3005
2957
3018
2988
3003
2994
3073
2974
2999
746
3032
1974
2983
3055
3004
3015
3056
3027
3000
2994
2986
2983
2954
2992
3043
3041
1476
2994
2977
1546
3045
2978
3034
3009
2934
3037
3013
1664
3037
3067
2970
3029
3012
3027
3017
2873
3094
3066
3029
3015
2978
2964
3019
2923
2994
3057
3027
2999
2983
3004
586
3093
2980
3009
3065
3042
2971
2963
3012
2099
2994
3040
3026
2649
3017
3002
2994
2864
2974
3009
3002
3034
2968
2975
2977
3018
3017
3014
2995
3057
3017
3019
3025
2978
3016
3038
3027
3004
3021
3020
3012
3005
2983
1514
3016
3067
2993
3007
3023
2988
2380
3025
3010
2994
2950
3002
2843
3011
3023
2476
2977
3049
3007
3028
2876
3035
3059
3038
2946
2991
2949
1361
2804
2912
2712
2991
3038
2989
2927
3033
3032
3020
3044
755
3034
2981
647
522
3017
3009
2442
2986
3093
2284
2992
2989
3014
3002
3057
3003
2993
3005
3017
3043
2924
3037
2967
3000
2976
3032
2977
3032
3061
3018
3028
3041
3000
1420
3016
3035
3020
3018
3028
3045
745
2971
2987
2979
3038
2988
3021
2349
3002
3030
2941
3044
3031
2991
2984
2951
2982
3005
3054
3038
3104
3008
3012
2985
2942
1035
1439
1994
3025
3000
3035
2987
2973
3059
3051
3021
3010
3013
2999
3010
3050
3046
2040
3017
3018
2967
3002
2937
2996
3036
1873
3005
1081
3041
2993
2993
2992
3054
2989
3038
2994
2991
2995
3012
2992
3002
3027
3045
2979
2956
2994
3042
3016
3008
3001
1111
3006
2984
3058
2976
3059
3021
2988
2999
3028
3024
3026
2985
3049
514
3023
2910
3047
2903
2980
3050
3034
3021
2974
3027
3049
3005
3037
3013
3016
3042
2992
3048
2957
3048
2968
3026
3021
3033
3023
3086
3002
3028
3032
2992
3028
3016
937
3006
2980
2975
2977
964
3025
2979
3012
3006
3013
3028
3018
1847
3037
2935
2936
1010
3008
2997
2943
2994
2934
2839
2963
3052
3011
2996
2991
2993
3002
3019
2997
3023
2963
2999
3006
3038
3064
2415
2990
3028
3007
2631
3035
2989
3040
3006
2996
3034
3018
2960
2983
2983
2711
2998
3011
3048
3008
2961
2993
2092
1817
2971
2978
2987
3036
3010
2962
3034
2996
2995
2994
2949
3031
3003
2979
2993
3007
2304
2980
3002
2999
3005
2946
3004
3000
3009
3003
3038
2989
2988
3049
2980
2998
2825
571
3019
2945
2991
3055
2984
3011
3029
2995
3039
3009
3037
643
3037
1252
2996
2951
3029
3050
2963
1476
3016
3063
3006
2991
3003
3008
3006
2964
3012
2551
2999
3024
3036
3008
3005
3006
2987
2566
3046
3022
2956
3050
3040
1862
3011
3024
3021
3017
2998
2553
2997
3029
2957
3041
3025
3031
2995
3004
1832
2988
2988
2995
3012
2980
2986
3021
2991
3044
3044
2987
2954
2984
2996
2975
2992
3024
1956
3006
878
3014
3038
763
2996
2969
2982
2998
3007
3002
2999
3012
3021
3010
3056
2986
2991
2957
2976
2933
2962
3007
2924
3043
2943
2977
2975
3062
2975
3041
3055
2972
2998
3022
3006
3000
3009
2984
3019
3042
3003
2537
2987
2976
2961
3045
3022
3003
2244
3064
3032
3015
3007
2992
3039
3005
2993
3035
3014
2888
3009
3016
2105
3002
997
3011
2973
3021
2900
2983
1035
2979
2858
2991
2649
2030
3030
1868
2976
2959
3028
2991
3008
3017
3012
3060
3020
3012
3006
3010
3011
2238
3017
2975
3047
2980
2953
3030
1936
3021
3010
3034
3012
1419
3013
3029
3016
3017
3011
2870
3029
2998
3007
3066
3032
2971
3028
3023
2976
3051
3020
2967
3042
3018
2819
2975
3031
2706
2972
611
2943
2546
2839
3002
3015
3021
3010
3007
1318
3031
3045
2982
3004
1224
577
2974
3015
3027
2932
3003
3010
1119
3021
2967
3026
3018
3008
3035
2976
2990
3020
3009
3025
3012
3013
2998
3003
3000
2986
3006
3030
2978
3045
3036
3001
3018
2977
3020
3037
3005
3014
2974
1777
1146
2994
3002
1085
2705
2782
3006
2939
2976
3014
2998
2478
3012
3022
2990
3056
3030
2984
3010
2970
3044
3002
3014
3010
3037
2970
2993
2888
3016
3064
3028
3045
3010
2990
2964
2981
3059
2985
3022
2980
2972
2976
2968
2965
2577
2998
3031
3020
3040
2988
3011
3045
3013
3018
3006
2481
2997
2982
3029
3031
3061
2986
2944
3025
3038
3001
2952
3025
2980
3010
727
2987
3030
2979
2987
2994
3000
2977
2928
3010
2974
2997
3016
3016
3015
3028
3033
3007
3005
3006
3031
3034
3023
3030
1316
2992
2981
2984
2995
2950
3009
3035
2382
2993
2992
3052
3004
3017
2979
3007
2969
2975
3034
1504
2322
3008
2047
3016
2995
3020
2980
3010
2975
3015
3012
3006
3051
2992
3034
3008
3016
3026
3039
3063
622
3025
3042
3017
3013
2985
2940
2948
3051
2551
2213
3003
2991
3016
2998
1779
3041
3008
3012
2945
2986
2403
3010
3025
2999
3017
3034
3051
2991
3030
2970
2947
3048
3005
2997
2954
2808
2989
3006
3034
2972
2983
3024
3015
3007
3014
3021
2965
3011
3010
2986
760
3014
3020
3005
2976
3041
3023
3003
2983
3009
3028
3017
3006
2987
2998
3021
2985
3011
3007
3055
2955
2974
3009
2994
3027
3034
2829
2997
2972
2972
1333
3030
2991
3023
3026
2968
2979
3056
3003
2990
3013
2959
3042
3040
3025
3015
2973
2969
3024
3029
3009
3002
3005
3017
3014
3024
2999
3012
2987
3007
3026
2988
2986
2997
3001
2997
3011
3014
2981
3019
3001
2986
2991
3031
3003
3029
2998
3015
3043
3000
2220
3016
3021
2984
2754
2934
3024
2974
3006
2994
3038
3024
3017
3018
2762
2470
3028
3021
3014
2976
3040
3027
2978
2938
2970
3032
3020
3021
3028
3005
3022
2983
3000
2992
3008
2231
3033
3042
3030
3053
3033
3028
2544
3036
1278
3003
3017
2995
3027
2977
3001
3057
3056
3021
3033
3019
3002
2987
653
3035
3011
3024
2996
3073
2988
2991
2976
2980
3012
2971
2986
2989
2958
3013
3006
3038
2997
3006
3029
3026
2519
3036
3036
2962
3018
2994
531
3027
2974
3042
2981
2959
2998
3032
2487
2941
2988
2987
3029
3035
2999
3021
987
2980
2989
3020
1774
2988
3025
1027
3016
3000
3045
2947
2994
3002
1467
2855
3036
2321
2986
3019
2994
2969
2996
3005
2966
3005
2970
2987
2988
3023
3013
3022
924
2956
3029
3074
3018
1239
3012
2610
3012
3002
2983
2970
3008
3002
3052
804
3001
2997
3029
3007
3082
3035
2883
3002
2992
3075
3011
2985
3006
3047
2958
3016
1780
2964
2995
2930
2962
2969
3026
3028
3040
2988
3010
2924
2562
1566
3009
3010
3009
3011
3017
3018
3028
3022
2931
2622
3000
3046
3035
3032
2969
2807
3021
2853
3010
3018
2955
2979
2974
3018
3022
3028
1747
2953
3093
2968
3021
3016
1431
3014
1158
3003
3032
3043
3021
3014
2978
3040
2980
2990
3018
2979
3016
3065
3012
3043
3017
2282
3062
3024
2988
3020
2980
2952
3019
671
718
2996
3015
2983
3027
3028
3000
3000
3019
2847
2994
2978
3037
2993
2986
3015
2989
3049
1104
3016
3036
2998
2968
3021
3039
2986
747
2964
3018
3031
962
3017
2985
2508
3031
2988
2993
2566
699
3023
3036
3033
2997
3016
3015
3031
3004
3020
2973
3047
2660
3049
3027
3011
2855
3000
2988
2995
2963
3038
2158
2985
2509
3020
2651
3026
570
3004
2988
2426
3034
3014
3015
2993
2990
2965
2959
2971
3028
2976
3001
3023
3009
2980
2777
3010
1713
3015
3009
3020
3011
3006
3018
3021
3009
2985
3004
3024
2288
2983
3015
3021
1061
1930
2966
3043
3019
2485
3025
3048
3005
3019
3024
3020
3026
2985
2794
3010
3016
3030
3012
2978
2981
3015
3012
3043
809
3046
3079
3009
2983
3096
2988
2974
3008
2975
3002
2448
2989
2995
2966
3009
3003
3028
2987
3030
2985
2726
3002
3039
3039
2866
3025
3024
3048
3033
3043
2987
3019
612
3030
1817
3009
3073
3009
3003
2990
2983
3057
3008
3024
3027
3002
3019
3043
3062
3029
2976
637
2992
3036
3053
3034
3037
3110
2965
2416
2979
3010
3008
3028
2987
3022
3031
3026
2988
2972
3054
1212
3025
3014
3019
3014
3014
2335
2987
2998
2980
2464
3016
2312
3043
3006
3006
3041
2796
2820
1226
2881
3023
3026
2989
2999
737
3007
2984
2995
3007
2992
3003
3018
2940
3074
3018
3019
2991
2974
3025
3014
2993
3020
2988
3026
3037
2154
3020
2998
2995
3007
3006
2979
3000
2976
2983
2988
3039
3015
2992
2961
3019
3041
514
2992
3025
3026
3031
3035
3017
3025
3019
2994
3047
3043
1817
2389
3068
2999
3017
3040
3045
3042
2997
3014
3031
3019
2843
3009
3030
3004
3043
2969
2998
2991
3013
2999
3031
2973
2950
3043
1595
2994
2974
3033
3004
3038
2937
2995
3091
2978
3000
3000
2988
1071
2979
3036
2985
3050
3048
2997
3009
3055
2415
3057
3010
3056
1502
2955
2980
3015
3014
3002
2990
2989
2979
2974
3021
3017
3016
3028
1879
2966
3004
3002
3002
2904
2958
2980
2997
3034
3012
3073
3000
2921
3043
2976
3021
2992
2975
3001
3021
3032
2965
3011
2958
2990
2967
3009
3024
3040
3010
2985
2991
3009
3030
1804
3020
3012
2980
3021
2987
3008
2980
3002
633
3019
3046
2606
3003
3019
3032
3053
3041
3001
3000
3044
2960
3001
3042
3030
2992
3031
2995
3013
3005
2971
3037
3038
3007
3012
3016
3007
1416
3003
3018
3068
2992
2474
3008
3005
2986
3028
2989
3031
3032
3019
3057
3028
2990
3020
3020
2994
2986
2986
2935
3005
1602
3015
2650
3043
3030
3002
3019
3007
2995
2976
3036
2989
2983
2975
3021
2985
2990
2134
2944
3057
3018
2995
2978
3075
2939
2980
1004
3032
698
3003
2950
2991
2996
3027
2989
3022
3025
2959
3026
3001
2900
3012
2994
2987
2995
3015
3024
2995
3033
3020
2945
2885
2995
2992
3041
942
3018
3024
1321
3035
3039
2955
2996
3017
3022
3022
2988
3025
3029
2208
3019
3079
3029
3023
3006
2943
3041
2988
2988
2989
3011
3018
3040
3036
3045
3038
3052
3046
3010
2971
2991
3011
3000
2992
3032
2987
3021
3010
3003
3000
3026
2987
3027
3003
3006
2993
3050
2847
3071
3016
2969
3000
2995
3009
2999
3002
2973
3033
2941
3026
2987
2281
3000
3036
3002
3070
2993
3009
2595
2953
3035
3003
2998
3004
3018
3003
2986
2937
2982
3033
3019
2991
2996
3023
3023
3002
3005
2960
2987
2966
3037
2668
2978
1079
3016
3039
3032
3014
2976
3002
3032
2956
3012
3035
3010
2985
3016
2959
2951
3032
2966
2995
1359
2991
3020
3051
3050
2269
2996
3038
3049
3012
3027
2983
3043
3026
3014
3024
2318
3004
3027
2969
2996
3006
2973
3028
621
3095
2970
3044
3022
3042
3011
2975
3035
3013
2987
1351
3077
3019
2972
3051
3068
2994
3030
3003
2998
3002
3018
3046
3041
1506
2828
1885
3030
3016
3018
3020
2955
2988
2976
643
3018
3014
3047
2967
3062
2971
2812
2997
2894
3030
3013
3025
2985
2990
2973
3020
3076
3022
3024
3008
3033
2967
2992
1103
2954
3070
3024
2296
2989
3024
1776
2995
3015
3005
2930
2997
952
2905
3010
1044
2997
2972
2719
2982
3077
2977
3002
3013
3087
3027
3058
3056
3020
2958
1939
1192
3008
3020
3006
3007
2891
2999
2464
2996
3001
2920
2981
2977
3047
2983
2964
3013
2873
1386
2895
2978
2996
2889
2974
3044
2976
3021
3023
2482
2993
2966
3004
2984
3008
2991
2995
3034
3004
3026
2978
2924
2959
3012
2947
2952
3069
2671
2839
3047
2948
2992
3035
3020
3024
3015
3017
3011
2985
2903
2922
1418
2973
1586
3011
3000
2954
3024
2982
3022
657
3015
2986
2698
3062
3011
3008
2677
3018
3033
2982
3018
3015
3017
3007
3026
3004
3024
2397
3023
2976
2973
2988
3013
3024
3020
2470
3029
3006
3017
2973
3004
2996
2983
2306
3000
2924
3013
2993
3033
3055
2998
2983
3021
3027
3025
3002
2979
3020
3020
2387
3023
2971
2998
2325
3033
3005
1439
2998
2948
2951
1718
1189
3051
1253
2992
3003
3027
2979
3003
3004
2917
3019
3044
3048
3035
3027
3013
3037
2972
3029
3010
2999
2991
3003
2987
3005
3037
3011
3006
2850
2973
3011
3031
2995
3006
3059
2972
2999
3007
2820
2961
2792
3083
3015
3024
2989
2962
3016
3014
2992
2954
3006
3012
3037
2991
2998
3006
2981
2984
2992
3045
3003
2989
2938
3044
3001
2242
2993
3002
3003
2989
2991
2981
3050
2941
2972
3040
764
2993
3000
3037
2882
2995
3050
2738
3005
2995
1194
2991
3019
3025
3048
3041
2506
2998
3000
3005
2547
3033
2628
1412
3021
3004
991
2980
3040
3045
2941
709
3012
3007
2962
3026
3004
3000
2992
3004
2999
2478
2957
2959
3031
3004
3017
3031
3014
2983
2979
3027
3020
3043
3014
3002
3030
1557
1738
2999
3000
2994
3031
3024
3022
3018
3027
3035
3006
1952
3005
2983
2995
3015
2967
2963
3031
3037
3028
2486
3008
2988
2965
3022
3029
3005
1393
3018
2985
2983
1988
3006
3013
3012
2818
3028
2945
3038
3015
3056
3020
511
3004
2930
2844
3023
3014
2986
2960
2983
1408
2974
2983
2993
2857
2985
3019
2966
3003
2807
3040
2094
1369
3062
3038
3021
3031
3017
2689
2978
2990
601
2861
2997
2999
2962
2989
2967
2998
3024
3042
2969
3002
2949
660
3028
2970
3061
3006
3005
3033
2982
2989
3036
1494
3108
2962
3002
3044
3032
2990
3020
3034
3009
2972
2993
1722
3020
2989
3019
3031
3006
3054
3020
3052
3025
3034
3011
680
3005
3019
2585
2252
3015
3019
3033
2974
3015
1026
2979
2459
2767
3017
2983
2992
3010
3023
3048
3022
3006
3001
1795
3015
3034
747
2987
3009
2966
2952
3036
3044
2959
3055
2993
3033
3019
3051
2983
3009
2987
3057
3004
2514
3020
2990
3030
3008
2964
3004
2989
2993
3003
3020
3013
2905
2843
2924
1803
1414
3015
2967
3040
3003
3024
3009
2977
3014
3051
3033
2990
3034
3003
3012
3028
3051
3056
3038
3081
2984
3026
2980
3005
2994
2979
2717
2999
3049
3013
3032
2059
3051
1266
2979
3020
3086
2109
2956
3034
2820
2987
3002
2979
3025
2999
3045
3016
3004
2994
2974
2879
1083
3018
3018
3021
3031
2983
3038
3023
3041
2978
3006
882
3027
3013
2987
3047
2975
2965
3032
2983
3032
3018
3034
2983
3005
2997
3023
3020
3087
3018
970
3013
2980
3030
2706
3003
3007
3001
3036
2978
3016
3044
3029
2998
3018
3015
3034
3042
2969
2991
2968
3007
2991
3017
3003
2988
2995
3005
3012
3020
3019
2993
3012
3031
3031
1171
3006
3021
2990
3011
3008
2986
3042
3015
3047
2996
2847
2967
3036
1159
3006
3052
2417
3021
2998
2394
919
3032
2991
2500
2997
3027
2987
2997
3004
3027
3042
2951
3015
3040
2985
3039
512
3031
2539
3016
3036
524
2975
2152
2363
2977
2990
3023
3043
3019
3042
3030
3040
3049
2973
3049
3038
2962
2991
3040
3034
3020
3047
3021
3000
2993
2987
1463
2558
2982
3051
3030
3000
2958
2962
3014
3017
3044
2998
3013
2996
3014
3029
3010
3004
2993
2863
3011
3017
3005
2972
2975
3014
1875
3020
2978
2217
3014
3011
3004
2977
2971
2925
3010
3041
2986
3014
2980
3014
3048
3003
2845
2996
2554
2998
2969
3042
3008
2979
3014
2992
3013
3005
2974
3025
2978
2982
3013
2983
2984
3008
2975
3002
3030
2991
3026
3034
3050
2977
2035
2947
693
3106
2281
3006
2991
565
3011
3041
2981
3017
2996
2998
3008
3039
2758
2987
3017
3020
3018
3025
3010
2993
2992
2597
2946
2963
3034
3001
2983
2950
2898
3043
3002
3026
3001
3023
3042
2386
2982
3029
3040
2941
3014
3040
3014
3040
2977
3006
3006
2970
2897
3022
2972
3011
2491
3026
2993
2983
2991
2949
3008
3047
3050
2870
2960
3026
2983
3035
2975
3015
2995
2987
3031
2992
752
2982
3045
2995
3041
3007
3007
3044
3040
3006
2960
2968
3024
2935
2989
3011
3027
776
2992
2999
3014
2963
3022
3009
3033
3028
3036
2958
3042
3019
3044
2994
3009
2983
3038
3023
2998
3039
3006
2917
2996
1380
3028
3014
3023
3048
3003
3012
3034
3017
2988
2998
3042
3036
2946
2498
3053
1757
2951
2976
2988
2993
3011
3008
3004
1352
2981
2990
3007
3046
2987
3040
2993
3036
3031
2992
2951
3003
3007
2813
3063
3026
737
3010
2995
3035
2963
3011
2979
2961
3023
3013
2998
3042
3058
2976
3005
3032
2983
2984
2383
3024
1554
3015
3014
2994
3035
3035
3024
2972
2679
3029
3028
2980
3028
2926
3042
3044
2974
3032
2989
3027
2971
2998
3015
3047
2982
3020
3018
2980
3009
3028
3002
2242
3031
3038
3008
3018
2984
3103
2962
3030
3015
3082
3042
3000
869
3032
2971
2987
2999
3234
3020
3045
2887
3034
1983
3021
3006
2988
3024
3055
3023
2950
2941
1449
3022
3009
3017
3018
2992
672
3011
783
2989
744
2975
3021
3012
2984
3012
3029
2992
2997
2994
2989
3044
3046
2989
3014
3006
1413
3020
3010
2995
2940
3094
2996
3001
2995
2955
3028
2198
3034
2997
955
3005
3010
3018
2757
2968
3028
2973
3016
3047
3003
3021
3013
3050
2963
2980
2932
3020
3034
2980
2968
3031
3012
3027
2964
3026
3024
3012
566
3004
2409
3023
1813
2997
2964
3001
3032
2504
2550
3001
3109
3021
3024
2955
2966
3002
3024
2996
2974
2977
3021
3000
3027
3022
2995
2993
3027
3032
3019
3029
3020
759
3008
3000
3050
3024
3006
3031
2946
3034
2992
3008
3024
3032
2981
3022
3008
2983
3000
3005
2998
3013
3042
2969
2968
3041
3041
3036
2999
3045
2983
3028
3050
3010
2978
2364
3008
3003
3014
2941
3005
3013
3033
3023
662
2265
2740
3003
3047
3013
3032
3017
3022
3027
3008
3007
3013
2982
2947
1482
2939
3007
2995
3022
1247
2850
3033
2957
3012
2993
3009
3025
3003
2848
2987
3015
2966
2978
3000
1738
2236
2274
2972
2973
3035
3124
3025
2992
3034
2948
3029
2992
3024
3033
3004
3003
3009
2990
3047
2999
3025
3015
3007
3010
2982
2978
3007
1005
2971
3025
2996
3053
3018
2977
3003
3016
3009
3018
3009
3030
2989
3016
2979
3024
2963
2984
3010
2308
3014
2987
3009
3021
2917
2702
2966
3017
2976
2992
3051
3066
3012
3007
3019
3029
2997
2994
2952
3016
2979
3022
3016
3047
3002
2875
2703
1413
3034
3012
2986
2974
2472
2989
3001
3031
3011
3019
3008
3033
3011
3048
2959
2953
3003
3003
3044
3018
3002
2972
2979
2998
2977
3002
3002
3117
3011
3002
3013
3026
2655
2946
3027
2544
3009
2777
3000
3035
2997
2928
3006
2321
3040
3027
2939
3004
974
2996
2941
3017
2861
2991
3029
2975
754
2939
2945
3051
2556
3038
2994
3029
3011
2972
3039
2977
3038
2983
2997
3053
3002
3028
3039
3040
2986
3028
3028
3015
2909
962
2995
2991
2986
3022
2986
2982
2989
2892
2189
724
3024
2982
2954
3000
1042
3004
2961
2990
3005
2991
3002
2979
2988
2980
3044
3026
3025
3005
1677
3021
3000
3051
3010
2985
2992
2977
3045
3013
2909
3014
3023
2929
3032
2995
3035
3008
2060
2982
2735
2498
2950
3000
3026
2979
3035
3014
3062
3005
2964
3041
2984
2987
2990
3017
3036
3006
2985
3013
3026
2994
3027
2956
3027
2982
2961
2984
3017
2881
3023
3026
3017
2974
2996
3001
2658
2996
3053
2999
2828
2989
3006
2929
2955
2981
2998
3046
2695
507
3001
2995
3011
2950
2986
3016
2996
2794
3031
3001
3012
3027
1295
3055
3009
3047
3031
2988
3012
3049
2984
2961
2955
2966
2975
3038
2983
3035
3013
2999
710
2995
2995
2987
2607
3039
3046
3022
2996
2956
2984
2999
3029
3024
2990
3004
3024
3029
2997
3048
2916
646
2946
2990
3021
3018
1371
3046
3045
2843
3007
2996
3028
3036
3018
2965
3028
2405
3035
2814
2934
2994
3025
3002
2967
2609
3019
3026
3010
2990
2997
3021
3005
2957
3030
3029
3054
3034
2983
3036
2999
3043
3039
3034
2996
3027
2976
3032
2599
3080
1624
2504
2981
3002
3034
3011
2982
3004
3054
1499
2986
2985
2980
1550
3032
3023
2971
2978
3037
2992
3043
3009
3069
3017
2986
2979
3004
3038
2920
3012
3010
3011
2998
3023
3033
1220
3047
3011
2596
3046
3037
753
2999
2998
3032
3011
1231
3045
3040
2986
712
3020
3031
3042
2989
3015
3018
2984
2985
3096
3038
2983
3006
3026
3025
3031
2908
2992
2977
3008
2961
2976
2984
3062
3003
2989
1311
3009
3004
3020
2951
2982
2971
3009
3022
3021
1792
3010
2976
3014
3016
3030
2985
3036
3020
2973
3017
3007
2993
3025
2994
3004
3033
2974
3008
2984
2959
3024
2972
2990
2850
3046
2996
3028
2959
2433
2998
3052
2983
3004
2996
3036
3021
3046
3034
3024
2979
3053
2982
2377
3037
2992
3053
2947
3031
2998
3039
3015
3013
3040
3061
2987
3042
3010
2984
2925
3057
3070
2957
1285
2951
3001
3033
2915
2221
2994
2996
1580
3067
3015
3024
2915
3042
3003
3023
3006
2963
2980
2981
2966
3011
3005
3007
3007
1800
3023
3021
3026
2990
3041
2970
2971
2961
3002
2959
2997
3016
2994
2971
2040
3040
3024
753
3026
3024
3010
3008
3018
1697
2764
2996
3022
2984
2459
3052
2977
2897
2932
2987
2884
2987
3012
3008
2980
2982
3012
2951
3010
3028
3001
2993
2978
3020
3003
3000
2991
3029
3026
3002
3057
2995
2940
3037
3033
3033
2966
2977
1167
3050
3015
566
2980
2994
2989
3018
3012
2676
3024
2977
3007
1297
2991
2988
3018
2992
3037
3005
2977
2964
2929
3053
2974
2994
2962
2957
3034
2981
3031
3037
3000
3039
3003
3016
3010
3023
2986
2971
3054
3031
2965
2983
2872
3032
3029
804
3012
3036
2950
3044
2051
3008
2992
3049
3012
3035
2986
2991
3031
2955
2994
3051
3021
3031
3027
3042
528
2995
3034
2990
2970
3025
2996
3101
3000
2998
3016
3045
3033
2983
3010
1858
2985
3010
2002
2979
2954
2887
3063
3000
2161
3026
2997
2962
3037
2508
2961
3034
2992
3014
2224
3019
3019
2949
2945
2994
3024
3043
3042
3017
3004
2972
3066
3003
3002
2833
2914
517
2988
2989
3003
2983
3004
3015
3028
3034
3032
2991
3034
3008
2975
3082
2998
3090
1810
2967
2975
3026
3017
3005
808
3028
2965
3002
3002
2927
2911
3007
2999
3048
3030
3013
2992
3007
2079
3015
3051
2967
3011
2981
2060
2987
3006
3002
3030
2933
2969
1981
2995
2971
2987
2997
3028
3005
3017
2996
2989
3011
3022
1879
2985
3020
2953
3010
3051
2997
3005
2990
3013
3005
3022
1985
1877
2980
2987
3033
3042
3023
3000
2986
2139
2994
2977
2991
3051
2859
2960
3021
2966
3012
1815
3027
3011
3002
3041
3017
2992
3042
3008
2954
2988
2973
2989
3030
2990
3014
2997
3005
3027
2994
2995
2998
2995
3036
2993
3070
2945
2986
3036
3035
3003
3052
2977
3042
1089
3027
2995
3012
1604
3002
2987
2985
2987
3018
3009
3107
3007
3003
2875
2985
2734
3019
1972
3052
3039
3003
2992
1539
1226
3006
3018
2493
3029
3029
2978
2990
3009
3102
2977
2989
3011
3005
3011
3020
2986
3021
2977
3009
3023
2983
3000
3030
2962
3029
3019
2995
3023
906
3027
3010
3019
3022
3009
3043
2414
3014
2497
960
3011
2406
2998
2993
3040
3028
3028
1874
3026
3000
3019
3036
2982
3003
2999
2989
3018
2939
3004
3057
3041
3016
2995
719
2996
3029
2994
2975
3003
2968
3029
3011
2940
2015
3004
2226
3041
3006
2993
1036
3040
2992
3030
3101
2906
3007
3011
2984
3004
3023
3010
2993
2996
3000
3035
2971
1246
3020
2993
3023
3039
2957
3042
3058
1281
1432
2991
3011
3005
1461
3017
2964
3005
3031
2996
2851
1327
2423
3036
3008
2976
2982
3016
2298
2977
3019
3008
1702
2994
2985
3050
3046
2984
3020
3056
3009
3010
2997
1357
3054
3032
2764
2998
2999
3033
915
2992
3042
3028
2977
3017
3009
3044
3028
2295
3019
2977
3007
2980
2472
2975
3074
2996
1587
3009
3058
1782
2984
3010
2968
3024
3023
3012
511
2962
3006
3034
2989
2974
3008
2867
3007
3012
3003
3068
2978
2975
3016
3032
2928
3044
3027
3095
2978
3002
2988
3024
3030
2945
2953
3036
3022
2989
3017
2978
3045
2832
964
2046
3032
2994
3036
3007
3059
3039
2997
3065
3007
3045
3024
2963
3041
3046
2968
3052
3014
3011
3017
3021
1793
3004
2950
2993
3011
3033
2994
2921
3039
3027
3020
3013
3027
3004
3026
3000
3040
1867
3023
3040
2958
798
3031
3024
2998
3046
2995
3009
3019
3028
3005
3012
3036
2998
2993
2967
2978
2901
3001
3024
3013
3018
3028
742
2988
3010
3041
1878
3034
2185
2995
3012
3072
2997
2984
3003
3031
3002
2788
3006
3024
2483
2961
3001
3009
2992
2958
3050
3024
3046
3052
3055
3022
3012
3017
3012
3036
3046
2976
3021
3023
2620
2725
3003
3008
3085
3034
3043
2681
2959
871
2993
2972
1558
2953
532
3022
3014
608
3007
3004
3089
2957
3038
2979
2984
2986
3027
3005
2941
2997
2968
2279
3012
2985
3003
2987
2990
2990
2996
2976
2947
2990
3000
2976
3005
2064
3007
3013
1150
3024
3002
3038
2983
2957
3018
3030
2993
2994
3029
3029
3010
3018
2968
3016
2592
1885
2990
2994
2997
2996
3012
3021
3024
2985
3042
3029
3039
3023
2980
2994
3007
2992
3016
1659
2992
2573
3025
2172
3031
3009
2955
3027
2992
3003
3005
2986
3049
2984
3027
2987
3020
2979
617
3046
3015
3032
2997
3037
2983
3005
2958
2994
3025
3044
2976
2693
3032
2988
3021
3043
3018
2925
2978
3011
2985
2966
3090
2994
3100
3002
2987
2626
2819
3008
3023
3016
3014
2980
2986
2998
3013
2970
3062
3017
3005
3030
2998
1599
2955
3061
2995
2989
2987
3027
3009
3000
2988
3042
3031
3001
2975
3044
3038
3027
2965
2984
3048
2998
3026
3016
2957
1260
2974
2150
3014
2953
2989
2995
2970
1631
2996
3026
3047
3019
3003
3010
2999
2938
3014
2991
3001
3008
3038
3035
3004
1281
2942
3039
3019
3014
3006
2211
3045
3057
3018
3083
2988
3108
3055
3002
1229
2980
2959
2992
3042
3010
2997
3092
3003
843
2904
3014
2748
3014
2994
2987
2987
3031
3048
3017
2843
3006
2981
2983
3018
3026
2998
2977
2938
3034
3015
3004
2721
3051
931
1825
2793
2977
3006
3002
2990
2979
3013
3025
2988
2540
3007
1669
3038
2995
3007
2983
2950
2994
3022
3032
3012
3031
2927
3014
3009
2998
2152
2970
3026
2983
3044
1395
2982
3031
3033
3029
2949
2985
3030
2666
2999
3021
3021
3008
2988
2979
3024
3032
3020
2536
3005
3038
3038
3006
3007
3030
3006
2956
3002
2949
2990
3055
3010
3040
3000
3030
2998
3038
552
3009
3023
3028
3030
3015
2946
3017
2980
3039
3035
3008
3000
3037
3015
3039
3029
3001
2972
3004
3001
2982
2989
2968
2993
2953
2987
2994
3027
3062
3022
3003
2949
2578
3020
2984
2642
2992
2970
2180
3023
3043
3019
3078
528
3010
3042
2981
2972
3071
3057
2987
3005
2999
2973
3002
2978
3028
2998
3037
3030
1361
3019
3028
3009
2992
3049
3033
3018
3030
3083
2982
3004
2993
3010
2993
1853
3026
3014
2993
3030
2538
3020
2968
3004
3015
3023
3011
3010
2996
3071
3016
3008
3034
3017
748
3012
3007
3045
3056
3026
2990
2301
3002
2218
2905
3046
2986
3027
3023
3052
2987
2995
2985
3028
2998
2283
3000
3027
3031
2966
3030
2960
3013
3041
3014
3081
2991
1216
3000
3026
3033
2967
3014
3024
2177
3023
3030
1661
3028
3012
2983
2978
3005
3004
3012
2981
2985
2959
3019
3028
2988
3000
2995
3025
3027
3004
1440
2969
3025
3034
2988
2640
3027
3001
3055
2937
3020
1117
2557
1185
3031
3007
3024
2549
3010
3026
2987
2994
3002
3004
2990
3025
3043
3016
2315
3013
3000
3037
2993
2961
3084
3038
3016
2998
3013
2996
3019
2991
2996
3011
2993
2976
883
2982
2960
3039
2948
2987
1464
2973
3010
2988
3011
3031
2997
2990
3050
2982
2981
3009
2991
2947
3008
3007
3020
2999
3025
2818
3007
2961
3008
2994
2499
3017
3020
2762
2991
3016
3019
3033
3025
2924
2743
2987
3006
3060
1711
3066
2983
3013
2143
3011
3023
2953
3045
3035
2999
1619
3007
3018
2972
3033
3022
3015
2987
2947
3079
3013
1654
3054
3007
3013
3009
3008
3026
3027
3004
2991
2964
3023
3014
2872
3008
787
2998
2996
3029
2924
3045
3002
2836
2963
2950
2959
3019
2997
2896
2929
3007
3035
3045
3022
3031
2999
3030
3021
3001
2897
3022
2993
2882
3014
2991
2990
3037
3026
3028
3059
3001
2993
2968
2987
2979
3025
3001
3009
2846
1082
2802
3049
3056
2999
3013
2993
2099
3025
3054
3034
3044
2015
2982
2998
3013
3008
2989
3016
3031
2979
3027
3043
3013
2966
3019
3029
3012
3024
3058
2956
2990
3016
2998
2982
3010
3007
2927
3063
3013
3011
3024
3005
2974
2986
3021
2987
2998
2984
2981
3004
2998
3011
3002
2971
3024
2747
2985
2986
3053
3010
3058
3021
2984
1923
2977
1959
3026
2977
2965
3002
3010
3031
2785
2962
2924
2997
3006
2956
2665
3001
2955
3011
3046
3019
3027
3004
2984
2957
3024
2964
1431
3036
2988
3046
3031
3050
2936
2989
3003
3024
3011
2153
3011
3057
3034
2999
2294
2960
3015
3002
3030
2999
3001
2982
2991
3058
2983
3016
2960
1682
2965
3016
2258
3026
3004
3026
3036
3006
3030
2966
2502
3029
3034
3029
1700
3024
1737
2996
2964
2849
3019
3009
2990
2968
3021
3004
596
2982
2994
2229
2605
3057
3005
2992
2972
3014
2971
2992
2982
1949
3028
2973
2550
3028
2983
3102
3007
3030
2960
2457
2994
3008
2949
3014
2332
3025
3000
1917
2989
2856
2719
3037
3009
3009
3031
3035
3004
2968
2988
2426
3010
2992
3033
2987
3044
2990
3046
3009
2983
3031
2332
2993
3004
3032
3030
2979
2980
3031
3027
2540
3031
3002
2985
2994
3037
3013
2995
3022
3016
3012
3011
3026
3015
3008
2984
3034
3112
2847
1423
3016
2992
3042
3021
3041
3018
2979
3013
2966
2995
2998
3008
3002
3007
3013
2998
3014
3013
3044
3048
2979
1089
3019
3027
2356
3015
3008
2954
3087
3000
2996
2165
2524
3021
3025
2989
3021
3051
2992
2979
3010
3039
3002
3039
3001
2991
3022
2931
3009
3018
2992
3016
3000
3014
2994
2976
3003
2990
3006
3017
3019
3014
3004
3054
1488
2973
2996
1240
2921
2980
3022
2989
3032
3013
2931
3041
3010
2990
3015
2995
3032
3027
2931
3001
3019
2016
3000
978
3007
2967
2957
2942
2960
3025
2497
3028
3006
2967
1414
3027
2925
2979
3026
3024
1767
3020
3016
2026
2990
2971
3037
3004
3043
3048
3032
3003
3027
2427
2978
3021
2985
3030
3033
2989
2978
2997
3023
3012
2983
2994
2962
2991
3024
3012
3011
3004
3031
3015
3002
918
2963
3012
2972
2950
3023
3039
3018
2975
3034
3000
3010
3004
1663
3046
3092
2987
3016
2997
2692
3035
3009
3000
2921
3019
2984
2985
2932
3036
2317
3015
3009
2790
3047
1683
3020
3017
2999
3004
2124
2993
3023
3022
3035
3012
3021
3002
2999
3016
3012
2990
2979
3021
2986
3046
3041
2964
3020
2976
3005
2996
1155
1073
3042
3004
3028
1152
2933
3007
3008
3021
3005
3044
2991
3003
3002
3011
3015
2980
2983
2931
3000
2604
3009
2916
2991
2977
2766
2957
3016
2993
2978
3039
3042
3016
2991
2832
2966
3027
2873
3031
2984
3025
2836
3047
3021
3004
3034
3044
2955
3034
3024
3008
2977
2692
2994
3010
2957
3030
3035
2988
3025
2987
3001
3075
3031
3027
2998
2965
3021
1972
3007
3038
1533
2999
2972
2994
3028
3070
3016
2939
3046
2524
2965
600
3008
3022
2992
2996
2996
3043
2999
2893
3006
2977
3037
3016
961
2983
2683
3025
2977
2957
2993
2992
2896
3006
2969
3004
2975
2998
3042
3021
1485
870
3000
3039
2990
3011
3004
3030
3009
3045
3015
3028
3022
3037
2999
3028
3033
2985
2998
1653
2989
2998
3026
3001
2994
2999
2069
3042
2991
2979
3013
3001
3003
1367
3057
2989
3001
2985
3024
3033
2985
2972
3043
3027
676
3011
3048
2994
2987
3000
3028
2984
2986
2992
3032
3074
3030
3005
2977
2995
2982
3005
3090
3007
2963
3019
3022
3047
3040
2980
3049
3004
1084
2974
3037
3010
3028
3063
3004
801
2978
2744
2961
3003
2903
3035
3009
2972
2988
2989
3013
3019
3051
3041
3001
3006
3004
2960
3027
3019
3026
2923
2235
3007
3014
2997
2847
2982
3013
3052
3017
842
2987
3026
2998
3004
3000
2829
2979
2987
3018
3031
3021
3041
2983
3008
2990
3030
2983
3002
2993
2506
2991
3016
3053
3026
3037
2981
3046
1903
2975
1405
2972
3010
1999
3008
3026
3042
2962
2960
2991
2993
3012
3028
2956
2991
2999
3006
3034
3043
2243
3024
1568
3036
3066
2991
2352
3010
2952
2957
3023
3018
2941
2992
3024
2983
2995
3013
3022
2922
3043
2993
3026
3011
3024
3023
2984
3052
3008
2983
3001
3034
3005
3014
3000
2668
2830
3010
2490
3085
2994
3006
3024
3006
3007
3005
2990
3015
2997
2956
3051
3008
2992
2965
3008
1492
3033
3010
3049
3020
2997
3036
3000
2918
3013
3009
3007
3012
518
3025
2973
2601
2995
3008
938
3007
2997
3038
2977
3015
2716
2998
3008
3044
2258
2767
2987
3014
2997
3010
1206
2943
2946
3021
3065
3040
3003
3000
3027
2998
3065
3037
2992
3002
3015
2991
2976
2077
3028
2949
2997
3008
2013
2991
3021
2990
3005
3012
3031
3011
962
3010
3027
3027
3016
2235
3029
2769
3013
3036
3023
3043
2985
2958
3011
841
3008
3013
3022
3024
1109
3009
3016
3028
3046
3034
2983
3008
1758
3012
2970
2967
3009
2952
3014
2996
3016
3041
2999
3038
2976
3028
1067
527
2995
3020
3024
3048
3030
2974
3012
3016
3016
2962
2999
3014
3030
2998
3035
1975
2992
3034
3047
807
3032
3007
2985
3035
3053
2988
3018
2932
748
3025
2962
2844
2973
3048
3075
3027
3012
2992
2727
3049
2923
3030
2981
2996
