1557
1557
1554
1562
1489
1548
1269
1561
1543
1559
1553
1563
1554
1544
1556
1559
1032
1556
1519
1561
1551
879
1559
1546
867
1560
1317
1561
1565
1559
870
1559
1563
1545
1557
1540
1542
1563
1503
1019
1547
1561
396
1541
1565
1570
1564
1553
1565
1565
1560
1566
1563
801
1565
1566
1550
1569
1550
1419
1544
1553
1561
1550
1337
1549
1556
1560
1542
1560
1553
1557
1342
1265
1540
853
1565
1535
1550
1552
1112
1552
1557
1557
1557
1563
726
1544
1559
1520
1334
1560
1559
1555
1549
1476
1553
1534
1559
1563
1569
1555
1551
1144
1551
1555
1550
1545
1563
1560
1560
815
1567
1010
1554
1553
1555
1564
1371
1559
1565
1559
1554
1558
1318
1542
1566
1526
1559
1558
879
1560
1551
861
1561
1558
1556
1537
1555
1561
1565
1558
1103
1566
1557
1562
1560
1529
1561
1556
1569
1544
1564
1562
1559
1573
1568
1556
1565
1557
1556
296
1208
1559
1558
1559
1566
1553
1560
1555
1561
1555
1559
838
1563
1089
1559
1546
1555
1563
1553
1565
1563
1582
1561
1544
1569
1214
877
1558
1555
1542
870
1234
1559
1552
1561
1557
1561
1564
1553
1573
1542
1533
1560
1566
1544
1472
1564
1558
1556
1561
1558
1563
1556
1560
1558
1564
1368
1560
1565
1563
1565
1561
1546
1565
1540
1556
1553
1557
1564
531
1461
1550
856
869
1556
1541
1560
875
1549
1556
1558
1558
1559
1551
1555
1568
1028
1561
1047
1422
1564
1555
1558
872
1567
938
1559
1554
1564
1570
1562
1565
1568
1564
460
1569
1563
1547
1555
1535
1559
1568
1570
1568
1569
1560
1558
817
1568
1559
1266
1546
1561
1560
1562
1032
1556
1551
1556
1556
1557
1564
1532
1558
1559
1567
1556
1157
1568
1560
1564
1311
1566
1571
1573
1570
1566
1570
1564
1561
1560
1539
1559
1533
1548
1564
947
1566
1570
1554
1559
1564
1555
1562
849
1542
858
1546
1559
1555
1553
1478
1564
1556
1553
1564
1545
1556
1553
1562
1564
1562
1545
1557
1551
1558
1552
1556
394
1532
1558
1552
1551
1545
1554
1404
1566
1567
412
1546
1556
1559
1558
1549
880
1553
1559
1557
1553
1547
1558
1056
1562
1552
1559
1553
1559
1537
1549
1556
1561
1543
1554
1552
898
1552
1555
1547
1553
1565
1561
876
1519
1547
1549
1551
1162
1553
1548
1550
1559
1559
1554
1559
1558
1553
1551
1556
894
1557
1542
1544
1549
1543
1563
1559
869
1567
1564
1557
1460
1568
1566
946
1564
1552
1544
1571
1563
1558
1435
1040
960
1560
1542
1559
1555
1565
288
1562
1556
1547
1549
1564
1561
1549
1563
1559
1563
1559
1559
1543
1562
1556
1553
1557
831
1544
1567
1550
1541
1560
1558
285
1486
791
1558
1569
1559
1557
1512
1551
1556
1563
1565
1542
1561
1560
1547
840
1501
1562
1554
1549
1551
1555
1037
1560
1562
1347
816
1570
1563
1565
1561
1551
1553
1565
1559
1565
1567
1550
1545
1558
1566
1549
1534
1559
1546
1551
1556
1549
1561
757
1536
1546
1546
1559
1566
1555
1551
1556
1566
1562
1561
1559
1564
1377
1562
1547
1557
1016
1556
1556
1552
1555
1550
1562
1557
1556
1554
1552
1568
1557
1557
1562
1531
1538
1556
877
1544
1550
1555
930
1562
1551
1561
1167
1562
1560
1561
1542
1563
1100
899
1550
1560
1559
1561
1562
1559
1566
962
1559
883
1555
1568
1563
1571
1562
952
1565
1560
1549
1570
1561
1559
1545
1535
1558
828
1561
1567
1558
1570
1559
1553
1572
1559
1559
1551
1559
1230
1560
1196
1564
1564
1562
1519
1562
1543
1565
1568
1559
1539
1558
1561
1551
1560
1557
1557
1558
495
1555
1548
979
1553
1554
1504
1542
1548
1561
1144
1558
1563
1560
1556
1556
1290
1552
1565
1474
1548
1562
1561
1562
1540
1567
1559
1563
1372
1196
1562
1459
1557
1566
814
1556
1560
1563
1565
1571
1254
1554
1543
1551
1561
1546
1566
1558
1565
892
1565
1304
1564
1561
1551
1570
1550
1566
1558
1557
1544
1559
1549
1542
1417
1555
1558
1553
1560
1555
1558
1563
329
1549
1561
1563
1548
1566
1557
1562
1314
1564
1553
550
1556
1543
1559
484
813
1559
1427
1237
1561
1569
1569
1563
1559
1559
1549
1219
1586
1564
1559
1562
1563
1553
1559
1565
1562
1560
877
1554
1547
1560
1574
1561
1557
1558
1563
1558
1549
1563
1404
1560
900
1567
1555
1555
1565
1557
1559
1548
1561
1561
1552
1572
1552
1549
653
1554
1543
1555
1559
1565
1550
1556
1546
1552
941
1553
1564
874
1566
1566
1552
1164
1560
1553
1564
1554
1343
1559
1565
1562
1417
1564
1476
1533
1560
1544
1558
1560
1562
1552
1561
1560
1558
1580
1556
1553
1566
1544
1550
1565
1566
1521
1556
1556
993
906
1567
1561
1556
1561
1551
1559
1550
1562
1556
1560
1566
1562
1560
1565
1557
1557
1565
1561
1557
1547
1554
1563
1542
1556
1565
1550
1557
1169
1526
1006
1544
1557
1567
1500
1559
1563
1558
1561
1567
1555
1560
1560
1573
1561
1569
1570
1557
1566
1255
1575
1566
1566
1561
1562
1550
1212
1568
1556
1555
1559
1558
1582
1570
1566
1555
1560
1549
1566
1562
1556
1557
1566
1558
1558
1560
1551
1559
1207
1560
1112
1550
1298
1548
1567
1503
1550
1513
1560
1520
1559
1551
1556
1556
429
1544
1563
1561
1563
1189
1560
1565
1578
1555
1559
1056
1564
375
1365
1564
1565
1560
1568
1560
1569
1542
1571
1565
1144
1556
1566
841
1565
1557
1558
1557
1557
1563
1563
1563
1565
1485
1555
1557
1553
1548
1564
1562
1566
1552
1549
947
1519
1558
1541
1558
1557
1556
1562
1553
1542
1552
524
1536
1566
1544
1559
1555
1560
1560
1570
1566
1579
1559
1564
1544
1556
1557
1552
1560
1566
1082
1554
1141
1549
1562
1559
1536
1559
1554
788
1565
1562
1558
1551
1552
1401
1567
1560
949
1557
1556
1559
1560
1559
1552
1563
1557
1551
1558
1563
1580
1561
1318
1554
1545
1557
1567
1561
1561
841
1564
1556
1549
1304
1551
1566
1548
1565
1543
1552
1564
1559
1563
1553
1556
1561
871
867
1550
1563
1548
1550
1560
1558
1564
1561
1547
1561
879
1557
1561
1542
904
1560
1562
1561
1562
1552
1558
1562
1566
1563
1553
1556
1555
1542
874
1543
1551
1220
1569
1447
1555
1564
1568
1558
1557
1558
1485
1551
1552
1531
1556
1562
1544
1555
874
1548
1559
1562
1564
1549
1560
1553
1564
1560
1554
1552
1559
1553
1422
1565
1567
1568
1273
1560
1555
1568
1564
1560
1515
1520
1559
279
1554
1556
1563
1363
1555
1549
1566
1555
1558
1567
1563
1559
1562
1546
1547
1553
1562
894
1560
1571
863
1557
1564
1566
1560
1563
1557
1562
813
873
1567
1557
599
894
364
1560
1559
1528
1557
1557
1557
1561
1561
1555
1553
1562
1565
1558
1558
1562
891
1560
1567
1301
1543
1555
1559
1554
1040
1563
1554
1562
1557
1566
1562
1565
1553
1562
1559
1547
1052
1055
1558
1561
1555
1569
1557
1558
1559
1559
1548
1047
1561
1554
1565
1165
1564
1543
1565
1556
1563
1562
1553
1564
1555
1564
1026
1558
1434
1568
1555
1374
1560
1562
1555
1332
1569
1558
1556
1553
1558
897
1559
1565
1561
1537
1564
1554
1564
1555
1543
1555
1561
1563
876
1563
1557
1553
1557
1558
1160
1560
1548
1557
1554
1555
1563
1523
1560
1540
1554
1556
1562
1018
1560
1541
1557
1557
1559
1055
1554
1556
1541
1559
879
1561
1561
1557
1567
1573
1555
1566
1562
1561
1236
1552
1567
1560
1564
1567
1563
1560
1533
1562
1538
1558
1564
1566
1556
870
1565
1566
1563
1566
1060
1288
1553
1369
1556
1561
1550
1558
1556
1562
1554
1562
1563
1553
1566
1558
1451
1554
1561
1562
1555
1540
1562
1562
1558
1546
1554
1560
1545
1476
1559
1557
1547
1556
1555
994
1561
1554
1563
1563
1553
1558
1553
1076
1545
1557
1557
1533
1555
1566
1559
1563
1537
1561
1560
1561
1539
1562
1562
1564
1561
1562
1559
1553
1561
1560
1569
1551
1557
1560
1417
1556
1543
1552
1559
546
1554
1553
1559
1556
1558
821
1559
1558
1564
1558
1564
1559
1560
1563
1560
1559
1546
1547
1442
782
738
1566
1557
1553
1536
1556
1552
1559
1460
1567
1555
1558
1549
1554
1566
1561
862
1567
1523
1398
1568
1546
1543
1564
1565
1551
1563
1556
1558
456
1563
1550
1228
1558
1560
796
1556
1559
1215
1556
1562
822
938
1555
1567
1558
1560
906
683
1562
1560
926
1545
1564
1570
1238
1565
1557
1558
1560
1550
1029
1568
1497
1563
1561
1558
1034
1551
1556
1401
1165
1566
1542
1538
1564
1547
1565
1549
1566
1565
920
1005
1575
955
1507
1563
1564
954
1556
1552
878
1567
1555
1542
1561
1494
1559
1576
1566
1564
1552
1565
1505
1547
1556
1557
1566
1032
1538
1536
1553
1560
1555
442
1565
1556
1548
1553
1562
1556
1563
1564
1551
1568
1560
1557
1541
1562
1553
1560
1571
1570
1567
1561
1560
1557
1553
1541
1566
1559
1292
1551
1547
1563
1554
1558
819
1564
1422
789
822
854
1572
1572
1565
914
1536
1569
1572
1556
1572
1537
1564
1563
1563
1560
1563
1547
1177
1566
1556
1566
1550
1566
1529
1553
1558
1558
1445
1569
1551
1562
1555
1563
1558
1569
1563
1553
1569
1566
1554
882
1549
1561
736
1565
981
1558
1567
1560
1555
1361
1565
1570
1557
1561
1559
1525
1548
1547
1557
1558
1561
1558
1558
1558
1563
1566
1566
1564
1555
1560
1560
1555
1556
1564
1546
1551
1555
1562
1556
1553
1512
1555
1085
1546
1559
1515
1561
1548
1560
1545
1068
1565
1567
1566
1565
1559
1553
1569
1542
1559
1488
313
1560
1561
809
1107
1567
1560
1557
1467
828
1564
1558
1567
1564
1546
1553
1556
1557
1560
1422
1555
1553
1565
1563
1568
874
1564
1565
1563
1555
1557
1569
1562
861
1560
1552
1563
1553
1089
1563
1566
1566
1557
1551
1558
1564
1562
1560
1130
1559
1553
1570
1567
889
1562
1553
1528
1558
1565
1543
1377
1563
877
1551
1568
1563
1559
1554
1557
1072
1554
1541
1557
1549
1556
1541
797
1561
1569
1564
1568
1565
1563
1568
1561
639
900
1565
1552
1568
1569
1562
1559
1553
1561
1547
1559
1562
1551
1551
1033
1561
1559
1555
1554
1564
858
1542
1561
1566
1081
1558
1548
887
1560
1555
1561
1559
1557
1550
960
1552
1555
1564
1549
1555
1544
1556
1565
1570
1566
984
1555
1568
1556
1558
1547
919
1560
1554
1558
1555
1563
1558
1555
1558
1563
1560
1562
1557
1561
1550
1567
1552
1560
1555
1562
1550
1560
1302
1541
1562
1557
1539
1541
1560
1536
1563
1545
1431
1563
1555
1552
1563
1551
1561
884
1542
879
1558
1548
1571
1562
1462
1566
1563
1550
595
1554
1565
1564
1558
1497
1559
1557
1557
1554
1539
1551
1547
1549
1360
1555
1545
1551
1559
1573
1515
1551
1549
1560
1556
1555
1567
1544
1565
1541
1553
1527
1555
1567
1555
1553
1552
1545
1029
1550
1556
1560
1561
1559
1558
1545
1555
1559
874
1047
1557
1558
1542
986
1550
1542
1553
1556
836
1546
1379
1543
910
462
1559
1557
1553
1443
1557
1554
1555
1560
1536
1560
1047
1554
1559
1559
1126
1552
1559
1565
1554
1558
1556
1563
1557
1166
1554
1570
1566
1545
1559
1557
1566
1562
1193
1281
1563
556
1562
1565
1568
1561
1557
1442
1546
1564
1553
1540
1389
1569
1215
1561
1561
1563
1564
1561
1561
1550
1545
1561
1566
1503
1560
1556
1561
1541
1561
1544
1519
1554
1570
1551
1559
1558
1553
1542
1558
1535
1379
1545
865
1557
1553
633
1562
1559
1561
1575
1565
1557
1557
1543
1562
1556
1556
289
1564
956
1570
604
1570
1478
1569
1567
1562
1556
1562
1559
1547
1343
1568
1552
872
1558
944
1563
1562
1567
1554
886
1560
1561
929
1569
1561
1541
1564
1562
1563
1565
1554
1560
1558
1325
1563
1503
1547
1554
1548
1428
1559
1569
1567
1554
1566
1559
630
1548
1566
1559
1562
1560
1558
1555
1557
1111
998
1560
1565
1570
1563
1559
1562
1544
1568
1565
1555
1553
1540
1556
891
1551
1564
1570
1562
1560
1566
1555
1556
1073
1561
1561
1557
1566
1569
1563
1283
1562
1565
1564
1556
1556
1546
1560
1558
742
1560
1546
1563
1566
1563
1537
1572
1135
870
1565
1566
1558
1557
1562
1560
1566
1560
1555
1560
1563
1564
1565
1545
1552
1558
1545
1557
1500
1187
1557
1541
1552
1557
1556
1565
1548
1562
1307
884
874
1551
1560
1565
1547
1561
1473
1567
1554
868
1548
1560
1569
1556
1563
1558
1566
1549
1079
1555
1558
1557
1561
1551
1564
1556
1563
1560
842
1559
1565
1556
817
1560
1559
1555
1556
1555
1553
871
1550
1553
1560
1560
1553
1553
1538
782
1533
1557
784
1565
1567
1557
1565
1552
1559
1562
1546
1547
1546
1555
1570
1564
1558
1572
1557
1559
779
1565
1564
1525
1565
1175
1569
1554
1563
1125
1562
1562
1543
1551
1552
1544
1566
1554
1556
1550
1343
1533
1562
1563
590
1006
1557
285
723
1559
1565
1388
1564
1563
1563
1573
1556
1559
1560
1558
1571
1564
1559
1567
1546
1476
1561
1568
1561
1052
1565
1558
1566
1567
1565
1556
1568
1557
1560
1560
1546
1562
1555
1533
1558
1562
1558
1564
943
1563
887
1564
1568
1541
1555
1557
1557
1560
1550
1563
1547
1532
1566
1530
1559
1557
1556
1546
1552
1565
1567
1553
1575
1555
1544
1551
1561
1526
1549
1554
1555
1557
1555
1549
1561
1540
1557
1555
1555
841
1556
1561
1562
1561
1558
1544
1567
1562
1308
1556
1558
1555
1560
1545
1555
1558
1557
1555
1557
1547
1560
1560
1556
1561
1548
1553
1565
1565
1553
1558
1553
1552
1552
1555
1556
1552
1557
1565
1553
1549
1548
1559
1534
1562
1551
1549
1561
1555
1557
1562
1560
1550
1559
1559
1547
691
1557
1555
1558
1468
1564
1559
1559
1557
1546
1555
1563
1478
1550
1541
1559
1553
1554
1557
1501
1549
1554
1552
1545
1549
1552
1554
1066
861
965
1323
1555
1545
1548
1550
997
1566
1543
871
1565
1560
1565
1563
802
1566
1559
1556
1556
1555
1558
1539
1389
1569
864
880
1553
1567
1553
1555
877
1559
1558
644
1543
996
1547
1569
1559
1555
1485
1562
1566
1559
1559
1561
1562
1568
880
851
1248
1561
880
1574
1559
1561
1494
1567
1106
1542
1561
1561
1569
1572
1558
1432
1558
1567
1559
1132
1552
1541
1561
1549
1561
1559
1568
1562
1560
1558
1550
708
1573
1543
1563
1565
1552
818
1563
1553
1562
1565
1559
1538
1559
1558
874
938
1556
1559
1564
1007
1560
1560
1560
1567
1557
1563
1567
1538
1563
1546
1561
1568
1567
1560
1563
1560
875
1562
1562
1566
1563
1560
1564
1558
1560
1556
1545
1560
1554
1559
1553
1557
1562
1549
1558
1552
1563
1551
1551
1559
1557
1546
1564
1556
1563
1561
1538
1562
1561
1567
906
1561
1542
1557
1560
1552
1550
1568
1559
1558
1555
1566
1538
1516
829
1563
1558
1566
1561
1557
1558
1558
1441
1560
1561
1563
1555
1567
1564
1558
1559
1569
1561
1545
1562
1562
1553
1562
644
1568
1557
1562
1556
1544
1553
1549
1555
1552
1556
1561
1574
1558
1564
1528
1568
1560
1544
1550
1568
1561
1403
1565
1554
1556
1563
1450
912
1563
1562
1566
1559
1563
1565
1561
1564
1557
1543
1561
1558
1556
1561
1547
1568
1570
1554
1560
1558
1553
912
1551
1560
1561
1560
828
1550
1131
1554
1554
1540
1550
903
1560
853
1561
1544
1561
927
1548
504
1559
1559
1559
1572
1556
1500
1559
1559
1564
1563
1564
1553
840
1555
1559
1552
1562
1549
1556
1547
1146
1544
1364
1559
1564
917
1566
1560
1557
1555
1552
1435
1559
1565
869
1559
1558
1548
1565
1560
1554
1060
1560
1556
1560
1558
1551
1567
1544
1567
1566
1554
1555
1552
1569
1559
1552
1549
1565
1560
1557
1547
1520
1563
1563
1559
1557
1556
1553
1557
1562
1511
1554
1040
1567
1563
1549
1570
1559
1555
1554
1561
1556
1550
1557
1548
1556
1556
1550
954
870
1546
1540
1562
1557
1560
1558
1549
956
1564
1557
1563
1548
1557
1233
1010
918
1559
1551
1548
1567
1489
1565
1559
1563
1558
1559
1554
1553
622
1543
1544
1556
1543
1565
1554
1551
1545
1562
1568
1559
1544
1558
874
1563
868
1564
1529
1560
1533
1557
1545
919
1561
1568
1556
1558
1561
1566
1554
1558
1567
1567
1561
1517
1562
1551
876
1553
1156
1560
1469
1544
1564
806
1557
1556
1565
1545
1568
1477
1566
1132
1559
1561
1366
1553
1557
1532
1555
1558
1580
1551
1559
1560
1557
1560
1570
1563
1561
1551
1560
884
1554
1559
1545
886
1559
1027
1561
1559
1542
1555
1526
1538
1560
1075
1163
1556
1567
1559
1569
1568
1560
1540
1570
1548
1513
1279
1572
1563
1564
1563
1567
1470
1557
1557
1561
1559
1564
1571
1532
1555
1566
1556
1564
1547
1567
1554
1560
1569
1561
1552
1552
1566
1556
1554
1563
1551
1551
1040
1545
1556
1560
1561
1562
1556
1557
1558
1559
1551
1560
1553
1575
1555
1564
1556
1560
1557
1555
1561
878
1556
1553
1549
1565
1543
1559
1551
1293
1553
1544
1555
1556
1560
1563
549
1558
1556
1559
1527
1549
1545
1569
1560
1559
422
1567
1564
1558
1558
1563
1556
1557
1544
1560
1551
1527
1544
1555
1559
1550
1549
1560
1539
1556
1561
1561
1516
1559
1559
1554
1558
1554
1552
1556
1545
1562
1553
1548
1565
1229
1559
1545
1552
1558
1565
1555
1556
1566
1557
1562
1541
1553
876
1547
1556
1543
476
1549
1517
1565
1543
1556
1527
1543
1294
1545
1563
1558
1562
1551
1279
1554
1257
1561
1551
1562
1564
1562
1561
1538
1533
1559
1545
1552
1564
1556
1559
1563
1572
1557
1557
870
1250
1568
1557
1555
1557
866
1545
1555
1564
1563
1563
1530
1564
1538
1541
1555
1560
1564
1550
1556
1551
1559
1545
1563
1552
1563
1556
1042
1542
1556
876
1551
847
1203
1557
1547
1553
760
853
1558
1561
1553
1554
1552
1066
1561
1553
1556
1561
1485
1531
1581
1563
1557
1564
1550
1511
1556
1552
1558
1559
1557
1521
1559
1557
1562
1547
1550
1553
1562
1562
1557
1549
1557
1050
1555
1566
1553
1569
1559
1397
1535
1560
1552
909
1553
1554
1560
1560
1563
1538
1560
1559
1560
1563
1559
1338
1558
1568
1557
1530
1556
1547
1556
1544
1567
1562
1151
1560
1561
1551
886
1556
1549
1548
1561
1559
1555
1528
1518
1560
1566
1560
1559
1551
1563
1558
1552
1560
868
1491
1553
1553
1562
1556
1550
1526
1559
1552
1565
1560
1554
1566
1557
1564
1547
1554
1542
1562
1528
1548
1554
1559
1556
1558
741
1566
1549
892
1553
1557
1560
805
1566
1560
1560
1559
1556
1537
1515
1561
879
1533
1567
1569
1552
1565
1568
1565
1563
1566
1561
1563
1557
1557
1567
1549
1559
1558
1549
1569
1562
1553
1531
1547
1564
882
1560
1562
829
1562
1563
1557
1046
1559
1553
1559
1564
1554
1558
1551
1537
1555
1560
1555
1552
1556
1558
1562
1532
794
1528
1532
1549
1558
1558
1564
1558
1538
1553
1554
1435
1554
1559
1535
366
1553
1553
1535
1555
1551
1555
1548
1557
1546
1555
1554
1557
1553
1549
1554
1554
1557
1450
1549
1558
1559
1567
1557
1553
649
1550
1553
1560
1546
895
1558
450
1545
1558
1541
1440
1552
1548
1551
1547
1558
1546
1553
1556
1559
1556
1561
1561
1563
1562
1561
1561
1551
1551
1541
1561
1345
1556
1558
1560
1561
1559
1556
1560
1560
1556
1564
1544
1552
1453
1555
1554
1552
1556
1555
1558
1557
1552
1555
1545
1557
1542
1559
1557
1554
1474
1551
1558
1553
1551
1554
1550
1554
1553
1561
1556
1548
1056
1536
1560
1560
1561
1418
877
1548
1560
1556
1561
1559
1557
1562
1561
1566
1557
1558
1260
1559
1350
595
1094
1568
617
1567
903
1559
1568
1559
1560
1564
1558
925
1549
720
1567
1561
1548
1538
1559
1555
1558
1567
1558
1565
1552
1553
1558
1556
1555
1553
1560
1126
667
876
1561
1562
905
1200
1561
1566
1313
1564
1566
1529
591
525
1566
1544
1558
1562
1566
1562
1570
1571
1566
1565
1567
1561
1557
1560
1548
1066
1568
1564
1562
1562
1567
1561
1567
1563
1541
1567
1563
1340
1550
1568
1558
1562
1555
1562
1553
1557
1562
1559
1547
1567
1530
1546
1562
1550
1542
1562
1561
1562
1564
1033
849
1540
1118
876
1547
1355
1554
1562
1561
1565
1569
1232
1557
1566
1540
1563
1553
1556
1559
1543
1547
1555
1556
1554
1548
1562
939
1557
1559
644
1313
1564
1560
1567
1556
1564
1545
874
1545
1563
1507
1559
1559
1566
1423
1311
1568
1550
903
1566
1562
1566
1548
1556
1555
1558
1561
1564
1571
1563
1553
1564
1565
1556
1320
1567
1572
1559
880
1563
1520
1432
1556
1553
1559
1559
1561
1527
1554
1560
1565
1562
1565
1562
1565
1563
1562
1560
1557
1560
1555
1560
1509
1565
1551
1557
1558
1560
1016
1562
1564
1557
1231
1547
1413
1560
1563
1557
999
1530
880
1568
1556
1565
1556
1553
1556
1520
1559
1562
1562
1562
1564
1560
1568
413
1567
1554
1562
1562
1579
1551
1546
1567
1545
1551
1560
1558
667
1558
1561
1562
1559
1561
1563
1543
927
1555
1569
1561
1560
1562
1559
1392
1556
1566
1555
1558
1546
1556
1559
980
1564
1559
1542
1566
1558
1558
1562
1558
1545
1553
1559
1249
1563
1554
1560
1554
1544
1551
1268
1555
1556
1564
1560
1160
867
1548
1551
841
1553
1553
1554
1561
1545
1548
1562
1550
1553
1564
1561
1558
838
705
1564
1542
1556
1555
1557
1549
1569
1563
1564
1559
1556
1509
1567
1553
1551
1558
1559
1559
1560
1555
1558
1562
1566
1559
1551
877
1560
1563
1474
1565
1561
1555
1553
1561
1555
1553
1554
1564
519
1555
1561
1548
1558
1562
1569
1564
1562
1565
1558
1565
1550
1567
1554
1564
1558
1560
1524
1559
1558
1560
1563
1550
1554
1528
1548
1555
1551
1567
1564
1556
1561
1561
1560
1551
1552
1044
1554
1547
1565
1536
1560
1555
1510
1500
1566
1547
1563
1556
1514
1562
1561
1563
1560
1563
1566
1549
1560
1566
1014
1563
1566
1552
1559
1537
1562
1558
1559
1569
1555
1551
1558
1061
1521
1556
1564
1559
1558
1558
1563
1553
1557
1551
1268
1558
1560
1555
1554
1553
1558
1548
1554
1556
1474
1550
715
1571
1533
1556
1557
1550
1554
1553
1558
852
1558
1557
1549
1554
1567
1553
1565
464
1562
1560
1565
1197
1556
1569
1541
1565
1395
1557
1559
1515
1556
1564
1555
873
1551
1563
1566
1560
1561
1554
1562
1567
1386
1568
877
1552
1564
1560
1566
1554
1551
1561
1551
1560
489
1565
852
1517
1501
1544
1559
1556
1554
550
1556
1533
1560
1549
1562
1548
879
1554
1556
1553
1535
1546
336
1560
1556
1561
1568
1567
1567
1558
1554
1543
1557
1470
1564
1565
1546
870
1560
1398
1559
1526
1541
1542
1233
1551
1557
1546
1546
1556
1562
1570
1569
1551
1552
1557
1562
1548
1566
1555
1568
1559
1558
1560
1311
1536
1558
1558
1558
1561
1551
1416
1562
1556
1561
1552
1175
870
1563
1525
1557
1563
1554
1557
1547
1577
1557
1577
1565
1544
1565
1551
1552
1549
1546
1558
1541
1540
1067
1562
1548
1544
1560
1559
1556
1543
1553
1541
813
1566
1557
1552
1554
1556
1558
1550
1558
1553
1539
1547
1545
1561
1554
1553
1543
1245
1556
1525
1555
1546
1556
1559
1559
1545
1473
1564
1561
1567
1564
1498
1559
1567
1088
1561
1555
1559
1572
1550
1541
1396
1559
1553
1556
1091
1560
1562
1567
1561
1572
1572
1567
1564
1553
1556
1454
269
1554
1558
1557
1554
1554
1563
1546
1556
1539
1147
1555
1567
825
1562
1561
1557
1555
1559
1564
1543
1563
1572
887
1545
1572
1560
1555
1567
1556
1552
1562
1568
1564
1554
1488
1553
1557
1558
1549
1566
1545
1550
1538
1332
1560
1556
1552
1561
1020
900
1566
982
1569
1425
1558
1561
1535
1562
1558
1558
1539
1562
1557
1559
1569
1552
1543
1555
1560
1556
1564
1567
1567
1562
1564
1558
874
1563
1539
1560
1561
1561
1546
827
1565
873
1565
1562
1558
1554
1554
1562
1569
1527
1553
1554
1568
1559
1560
1376
1549
1563
1557
1559
1558
1563
1261
1559
1550
1544
1561
1572
1561
1556
281
1552
895
1554
1556
1557
1555
1558
938
1559
1558
1571
1559
1566
1562
1559
953
1528
1562
875
859
1556
1413
1560
1549
1545
1559
1562
1564
1563
1558
1567
1567
1565
1554
1358
1561
1545
1024
1028
1571
1559
1560
1552
1523
1563
1567
1560
1542
1480
1560
1557
1565
1558
948
560
1565
1555
1553
1556
1521
1558
1559
1552
1559
1553
1549
1559
1561
1561
1563
1554
1551
1561
1559
1553
1559
1556
1557
1549
1551
1520
1561
1540
1558
1548
1544
1558
1559
1568
1561
1560
1548
1555
1558
1548
1560
1556
1556
1556
1557
1559
1556
1563
1559
1561
853
1567
1560
1548
1554
1564
1559
1558
1557
1569
1563
1558
1558
1556
1537
756
1274
1565
493
928
1314
1560
1560
841
1566
1337
1563
820
1555
1563
1569
1562
1561
1557
1566
1562
1568
380
269
1550
1559
1552
1545
1559
1549
1530
1545
1559
1332
1502
1551
1557
810
1559
882
1536
1566
1562
1566
1559
1564
1562
1566
983
1543
1564
1541
1548
1563
923
1559
1553
1558
1557
1557
1544
1553
1522
1561
1554
1561
1557
1544
1559
874
1110
1556
1528
1563
1560
1569
1553
1563
1558
1547
1563
1558
1560
1565
1567
1347
1561
1567
1559
1559
875
1515
847
1567
1557
1559
1559
1540
1560
1565
1559
266
1099
1563
1560
1357
1562
1557
1558
1517
1567
722
1561
1563
1431
1558
1557
1546
1564
1564
1566
1077
873
1566
1563
893
1564
874
1566
1548
1570
1570
1568
1561
1576
1547
1570
1564
1568
1568
1565
1372
1559
1573
1554
1523
877
1560
1563
1565
1105
842
1567
1549
918
1559
1563
1564
1561
1541
1533
1554
1562
1535
1568
1552
1562
1448
1562
1552
1562
1549
1564
878
1569
1563
1561
1561
1561
1553
873
1567
891
1560
881
1565
1558
1559
648
720
1556
1271
1421
1556
1545
1556
418
1562
741
1548
1185
1567
1557
1561
1549
1562
1563
1543
1556
1554
1545
1547
1567
1561
1562
1560
1560
1557
1549
1552
1560
1543
1564
1552
1541
1542
1557
1571
1552
1556
1558
1560
1557
1547
864
1565
739
748
1551
1565
1543
1549
1556
1544
1565
1559
1560
1570
799
1560
1552
1555
1554
1565
1548
1559
1562
1559
1554
884
1563
879
1560
1560
880
1561
879
1542
1548
1558
1559
1556
1559
1564
1542
1565
1546
1557
1563
1560
1567
1540
864
1558
1533
1561
1559
1562
1555
1562
1562
1561
1568
1559
1560
1560
1558
1550
1546
1557
1344
1566
1554
259
1556
1569
809
1555
1564
810
1559
1557
1561
1551
1562
1557
1548
1561
1558
1556
1558
1562
1559
1562
1555
1545
877
1563
924
1551
1450
1562
872
1557
1546
1534
1542
1558
1564
1554
1539
1554
1553
1559
1557
1266
1552
1552
1479
1553
1564
1558
1558
1532
1558
1545
1550
1558
1540
1554
1558
1557
1560
1548
1553
1555
1543
1552
1563
1566
1564
854
1489
1565
1561
1574
1545
1566
1557
1052
1546
1569
1562
1551
1556
1544
1555
1567
1547
1273
911
1556
1557
1553
1555
1568
1567
1565
1554
1564
1292
1558
1013
1536
1566
1561
1556
1560
1565
1558
1551
1565
1557
1553
1567
1564
869
1559
1566
1551
1547
1555
1563
1566
1524
1568
1565
1562
1566
1547
1377
291
1013
1558
1564
1563
1566
1544
1555
1558
1153
1559
1563
1567
1101
1114
1568
1569
1564
1027
1556
1572
1565
1563
1569
1561
1568
1564
687
1561
1565
1560
894
533
1563
1538
1562
1561
1065
1402
1563
1560
1559
1563
1550
1554
1562
1565
1559
1527
1522
1556
1557
875
1562
1558
1565
1567
1544
1512
1557
1555
1566
1543
1556
1556
1559
868
1562
1558
1546
1545
1553
1569
1546
1544
1559
874
1550
1551
1569
1557
1555
349
1564
1564
1564
875
866
868
1559
1567
416
1563
1561
1564
487
1562
1564
1559
868
1558
1563
1555
827
1560
1548
1568
863
1546
1562
1527
1464
1559
1561
1573
1558
1562
1557
1564
1376
1559
1557
1564
1559
1561
1568
1550
876
1563
1558
1557
1271
1565
1523
1558
1567
925
1562
1545
1547
1555
1560
1497
1553
805
1559
1264
1551
1543
1542
1558
1554
1565
1554
1561
1571
1557
1546
1564
1556
1555
1562
1053
1552
1581
1547
1542
1561
1557
1414
1550
312
1556
1555
1568
1550
1540
1559
1561
1551
1123
1561
1164
1560
1555
1561
1552
1563
1549
1568
1553
1441
1550
1555
1377
1562
1559
1560
1552
1474
1552
1555
1551
1549
1551
1567
1522
1552
1561
1559
1540
1558
1555
1558
1551
1543
1550
1558
590
1557
1558
1565
1550
1550
1520
1560
1542
1561
1554
772
842
1556
1547
1565
1557
1558
1555
1565
1542
1560
1548
1315
1565
1562
1551
1562
1556
1548
1563
1567
895
1568
1305
1564
550
1278
1560
880
1562
1561
1562
1563
798
876
382
1560
875
304
943
1566
1530
1570
1565
1560
1559
1553
1564
1572
1565
1564
1565
1561
1560
1564
1552
565
1462
1554
1565
1084
1558
1561
1565
1566
634
1348
1562
1560
1564
1560
1560
1575
828
1565
1565
1558
1562
469
1562
1572
1565
1549
1562
1552
1563
1559
1557
1070
1566
1562
1553
1539
1543
1543
1567
865
1568
916
1565
1559
1560
1553
1569
1559
1558
1559
1563
1535
711
1560
1551
1560
1554
1560
1559
1540
1556
1541
840
1555
1550
1555
1560
1559
1563
1564
1503
1558
1556
1562
1560
1549
1563
758
1556
1560
1566
1566
1559
1554
1552
1545
1558
1555
1551
1570
1562
1534
1547
1525
1551
1558
1560
1559
1550
1549
1559
1559
1549
1544
1549
975
1558
1563
1558
1566
994
1552
1553
1559
1551
1558
1334
1560
1048
1069
1556
1559
1557
1551
1542
1552
1552
1521
1561
1564
1560
1559
1537
1567
1559
1547
1539
1155
1557
1555
1564
1556
1559
1544
1532
1558
1555
1562
1557
1511
394
1566
1542
1568
1561
1437
1554
1558
1515
1565
1558
1362
1563
1556
1426
1561
1557
1549
1559
1559
1550
1563
1540
1558
1554
1555
1565
1553
1554
1556
1563
1553
1560
1343
1558
1558
1551
1558
1564
1564
1558
1564
1556
1558
1563
867
1553
866
1569
1544
1551
1554
1561
1560
888
1555
1553
1561
1553
1563
1565
926
1555
1557
1560
1556
1531
1552
1546
1558
1559
1552
887
1564
1506
1542
1561
1557
938
1559
1558
1562
1548
1545
1553
1556
1366
1551
1569
1563
1556
1333
1566
1560
1543
1557
1547
1556
1565
1562
1557
1562
1550
1568
1565
1540
880
1569
1317
1558
1562
1562
1558
1564
1565
1186
1564
1227
1382
1398
1556
1549
1500
1575
1562
1554
1561
793
1555
1272
1557
1560
1555
1564
1559
1569
1553
1556
1522
1557
1353
1556
1558
1415
1557
1554
1050
1563
933
1533
1560
1560
1547
1561
1564
1563
1554
1547
1554
1025
875
879
1565
1045
1567
1188
858
1566
1560
1571
1555
672
1567
1557
1574
1573
1563
1570
1553
1548
1564
963
1571
1562
1549
1577
1549
1559
1266
1531
1565
1548
1566
1536
1566
1570
1550
1558
1563
1560
1550
1570
1568
1566
1549
1457
1569
1573
1568
1568
1571
1550
1555
1567
1557
1172
1565
1555
1559
1558
1570
1567
1556
1561
1557
1556
1552
1554
1556
1545
1552
1532
858
1555
1553
1562
1567
1548
1549
1563
1551
855
1366
1561
880
1567
1550
1566
1554
1102
563
1552
1563
1563
1550
1558
1560
1559
1567
1562
865
913
1563
1550
1559
1560
1553
1543
1558
1569
1562
1555
1560
1554
1032
1551
1550
1565
1537
1550
1552
1556
1550
1557
1535
1567
1537
1096
1561
1542
1565
490
1557
1562
1417
1558
1566
1555
1562
1561
1562
1560
1383
1555
1563
1559
1559
1563
1187
1563
849
1560
1537
1576
1559
1283
1568
1557
1564
1548
1570
1567
1552
1451
1568
873
1544
1559
1559
1560
1563
1564
1373
1561
1553
1557
1562
1558
1563
1548
1555
1565
1549
1560
1559
1546
790
1560
1558
1562
1562
1526
1544
1557
1549
1549
1554
1558
1536
1555
1554
1560
873
1555
1557
1552
1558
1400
1571
1146
1547
1546
1564
1562
1563
1554
1569
1559
1555
1549
1526
1559
1516
1526
1561
1561
1545
1370
1548
1567
1532
1553
1546
1556
1540
1564
1572
1558
1564
1560
1558
1572
1534
1567
1542
1544
1563
1569
1559
751
1557
1568
1558
1560
1563
1537
1561
1555
1554
1562
1561
1562
1552
1558
1550
1571
1556
1563
1353
1561
1007
1170
1563
1565
1562
1559
1554
1561
1569
1558
1372
1556
1553
1557
1559
1560
1545
876
1563
1562
1559
1545
888
1557
1566
1556
1213
1565
1536
1536
1555
1565
1563
1557
1555
1560
1554
1557
1238
1546
1556
1554
1545
1561
866
1557
1559
975
1549
1545
1557
1185
1555
1542
1040
1560
1558
1546
344
1518
1566
901
1550
1562
1564
1563
1519
1552
1558
1563
1553
855
847
1559
1563
1564
433
1563
1566
1566
1550
1563
1552
1562
1561
1551
1562
1559
1567
1521
1566
1564
1568
1326
1554
1537
1568
850
706
1558
1564
1563
1410
885
1561
1427
1374
1561
1563
1571
1560
1560
1562
1555
1562
1558
1562
1566
1516
1562
1565
1533
1542
1565
1554
1563
1563
1561
1558
1562
1557
1553
1560
1561
1561
1003
1561
1554
1201
1563
1546
1558
1560
1552
1556
1545
1562
696
1564
1413
792
1570
1560
1557
1567
1574
1558
1548
1560
1382
1569
1558
1564
1289
1559
1559
1569
1566
1557
1528
1556
724
1125
1561
1554
1557
1568
1558
1546
1556
1564
1554
1566
1559
1561
1566
1549
1564
1553
1564
1570
390
1501
1536
1558
1501
1559
1557
1560
1540
1533
1556
1552
1556
1329
1556
1550
1551
1480
1562
1562
1554
1375
1553
1554
1556
1558
1557
1555
1561
1082
1558
1557
1164
1539
1557
1536
891
1548
1562
1564
1427
1565
1560
1566
1009
1556
1562
1556
1558
1561
1556
1569
1567
577
1561
1560
1544
1568
1422
1543
1551
1558
1558
1562
1563
1557
1547
1136
1565
1560
1546
1563
1557
1558
1520
1100
1566
1565
1573
1559
1564
1557
1143
1555
1559
1560
1548
1478
1417
750
1567
1560
1563
1563
1559
1559
1565
1558
1562
1553
1556
1556
1548
1556
1546
342
1557
1447
1548
1567
1565
1558
1559
1563
1538
1560
1549
1562
1558
1561
1562
1555
1564
1566
1562
522
1556
1566
1146
1559
1563
1560
972
1563
1551
1562
1557
1542
1556
961
771
1565
1561
1559
1566
1543
1556
1551
1551
1556
1552
1562
1557
1558
1559
1565
1561
1556
453
1502
1554
1560
1554
1559
1561
1341
1556
1560
1552
1543
1423
1566
1560
1560
1559
357
1537
1546
1570
1561
1560
1553
1551
1459
1559
1544
1556
1566
1561
1282
1574
1549
1560
1554
1569
622
1564
1554
1559
1562
1563
1560
1549
1561
572
1563
1568
1562
1552
1563
1556
1556
1556
1561
1556
1551
1560
1555
1558
1552
1544
1552
1566
1538
1546
1553
1565
1558
1557
1546
1558
1553
1565
1557
1551
1383
1551
1558
1330
1309
1047
1562
1552
1581
1548
1555
1562
1558
1561
1316
1567
1572
1388
1562
1531
1558
1551
1566
1569
1564
1562
1557
1555
1558
1555
1552
1563
1555
1561
1554
1557
1562
1557
1553
1554
1560
1558
1562
1557
1557
1549
1553
972
1561
765
1565
1560
1558
1560
832
1559
379
1555
1553
1562
1569
1313
1562
1559
1501
1550
1533
1554
1556
1543
1553
1556
1559
1559
1559
1560
1547
1547
1555
1560
1557
1562
1348
1558
1558
1543
1557
1549
1559
1552
1544
1553
1558
1554
1566
1549
1558
1534
1558
1541
1541
1563
1563
1542
1571
1557
1551
1553
1556
1564
1543
1563
1557
1557
1560
1557
1552
1542
1521
881
1557
1562
1557
1565
1031
1539
1565
1558
687
1562
1532
1566
1563
1566
1557
1566
1559
1566
1563
1553
1558
871
1555
1555
1569
775
1551
1146
1567
1558
1561
1569
1569
1549
1563
1555
1566
1560
1559
1561
1564
1558
1564
1502
1563
1562
864
870
1562
1330
1568
1563
1530
1366
1562
1568
1358
1575
1556
1541
1555
1533
1555
822
1560
1545
1556
1562
1535
1562
1571
491
1572
1548
1564
1553
1557
1551
1515
1545
1556
1554
1554
1570
1558
1547
887
1556
885
1397
1202
1562
1541
1568
1544
1561
1558
1561
1557
1555
1557
1558
1490
1562
1569
1557
1552
902
1564
1564
1554
1525
1564
1566
1553
1137
1554
1552
983
1559
1545
1553
1563
890
1554
1575
1559
1560
1528
1546
1558
1546
834
759
1266
1550
1551
1561
1540
1551
1560
1556
1553
1543
1561
1557
1556
1563
1545
1549
417
827
1542
1558
1557
1561
1104
1562
1554
1394
1549
1558
1560
811
1565
1550
1559
1563
1566
1564
1566
1566
1559
1549
1554
1568
1553
1557
1471
1547
940
1561
1554
1548
1565
1549
1569
1551
1137
878
1556
1564
1557
1565
1553
1565
1558
1552
1553
556
1552
1554
1545
1564
1551
1556
1554
1559
1512
1569
1551
1560
1550
1533
1560
1555
1557
1545
801
1540
1551
1546
1566
1545
874
1561
1564
1563
1556
1564
1563
1565
1559
1543
1558
1555
1557
1557
1557
793
1561
1559
1552
1420
1385
1563
1548
1541
940
1547
1562
1563
1547
1563
1558
1552
858
1552
1551
1553
1558
1559
1551
1553
1551
1554
1555
1567
1551
1555
1492
1555
1554
1027
1542
1555
1560
1560
414
1548
1557
883
1560
1558
1558
1544
1556
1544
1570
1547
1563
887
1557
1560
1555
1552
1558
1544
1543
1556
1562
1561
1565
1562
1545
1555
1563
1545
953
547
1559
1560
927
1540
1554
1558
1537
1528
1560
1559
1553
1552
1558
1541
1541
876
1562
1562
1563
1562
1553
1560
1553
1554
1406
1563
1553
1562
551
918
1559
1566
1543
1556
1553
1557
1541
1556
1551
1556
1555
439
894
1556
1550
1570
1558
1542
1560
1547
1565
1565
1552
1556
1553
1547
1552
879
1560
1563
1384
1544
1556
875
1566
1564
1559
1544
1347
1464
1217
1557
1585
1558
775
1558
611
1558
1562
1552
1543
1563
941
1562
1553
1549
1558
1534
1486
1555
1541
1533
1560
1222
1560
1556
1554
1561
1560
1557
1555
1557
970
1558
1565
1550
1555
1553
1564
1559
1549
1134
1565
1557
1543
1564
1557
1548
1567
1563
1566
1570
1565
1559
590
1215
1566
1549
1552
1552
1559
1530
1572
1566
1564
1564
1560
1550
1560
1558
1575
1559
1559
1555
1569
974
1564
1557
1562
1548
1548
1562
1559
1560
1552
1560
1523
1560
1570
1563
1574
1563
1559
1555
1557
1547
1555
1561
1550
1554
1132
1554
875
1555
1539
1556
1560
1565
950
1057
880
1555
1517
1363
1554
1554
1557
1563
1565
1561
1560
1405
1560
1564
1564
1559
1563
1565
1567
1560
1556
1564
364
1551
1564
1574
1561
1568
1565
1561
874
1562
1558
1565
1562
1569
1571
934
1561
876
1551
916
1556
1559
866
1542
1561
1556
1567
1549
1556
1555
1552
1559
1558
1552
1557
1555
1559
1558
1559
1558
1554
1561
1564
1548
1557
1553
1561
1561
1552
1558
1562
1550
1567
1564
1551
1558
1557
1562
1562
1545
1555
1559
1544
1555
1550
1554
1495
1554
1553
1557
1562
1565
874
1564
1546
1559
1093
1564
1562
1548
1561
879
738
1561
1561
1544
1557
1553
1557
1542
1291
1567
1559
1556
1559
1553
1553
1546
1560
1547
1463
1566
1565
1560
1547
1566
1551
1540
904
1559
1280
1558
1571
1556
1543
1550
1557
1561
1545
1561
1563
1553
1269
598
1548
1533
1555
1560
1558
1554
886
1555
1562
1547
1564
1320
1566
1565
1548
1537
1557
1567
1559
1565
1536
1555
1441
1538
1533
1536
1563
1562
1554
1537
1129
1559
1564
1551
1563
1561
1504
1560
1556
1556
1562
1560
1552
1566
1566
1561
1551
1564
1558
1559
1558
1560
1176
1551
1560
1564
1558
1562
1556
1552
1541
1557
1550
1552
1565
1552
1554
892
1359
1536
737
1545
879
1560
1560
1564
1552
1560
1543
1561
1559
1558
1545
1556
1555
1535
1560
1072
1565
1543
1556
1524
1556
1561
1554
1557
1557
909
1549
1559
1074
1282
1558
1554
1555
1565
1484
1545
1551
1552
1523
1554
1567
1557
1538
1420
1565
1566
1564
1552
1563
1554
1562
1574
1560
1380
1552
1557
1557
1554
1559
1555
1574
1556
1542
1556
1557
1402
1555
1562
1557
1565
1537
1562
1559
1556
1560
1553
1557
1559
1176
1556
1563
1567
1562
1199
1561
1551
1560
1561
1561
1550
1408
1562
1551
1554
1552
1549
1561
1560
1038
1564
1562
1516
1564
1559
1558
1454
663
1557
1557
1569
1566
1561
877
1567
1570
1376
1558
1561
1561
1564
1563
1556
1559
1558
1560
873
1549
1568
808
1563
1553
1567
1369
1555
1559
1559
1558
1567
1562
1563
1558
1562
1556
1561
1556
1549
1532
1551
1562
1546
1557
1563
1561
1556
1552
1236
1558
1556
1410
1560
1563
1022
1561
1562
1560
1567
1559
1564
1555
625
1544
1567
1557
1564
1522
1565
1568
1552
1557
1551
1561
1563
1360
1572
872
1555
1564
1482
1556
1564
1577
1178
1551
1566
1562
1563
1563
1564
1562
1528
1559
1569
1551
1555
1552
876
1556
1550
1551
1562
1523
1559
1541
1557
1558
1556
1544
1569
1284
1562
1566
1556
1555
1549
1553
1555
978
946
885
1562
1556
639
1548
1558
1554
1553
1558
1563
1562
1561
1555
1545
1558
1549
1557
1552
1548
1553
1550
684
1561
1547
1557
1562
1553
1563
1558
1559
1562
1545
1545
911
1513
1543
1559
1567
894
1565
1555
1564
1556
870
1564
1555
655
1564
1566
1562
1564
1547
1553
1568
1548
1559
1551
1298
1560
1558
1543
1562
1561
1552
1567
1537
1562
1554
1551
1552
1558
1547
1534
1564
1542
1563
1537
1555
848
309
1559
1562
1564
1563
1564
1558
834
1559
1559
1566
1558
1548
1563
1554
1558
1556
1474
1549
876
1549
1565
1552
1561
1557
1560
1556
1560
1483
1557
1557
1554
1522
1561
1536
1536
1566
1567
1549
1549
1543
1561
1551
1130
1568
1552
1538
1202
1565
878
1546
1558
1573
726
1566
1555
1554
1549
1562
1549
1565
1567
1563
1560
932
1559
1561
1561
1563
1548
918
1524
1563
1560
1562
1568
1555
1551
1558
1548
1555
1566
664
1560
1150
1554
1561
1546
1541
1562
1546
1552
869
1552
1567
1559
1564
1564
1560
1560
1549
1554
1163
1550
1556
657
1557
1553
1507
1540
1317
1564
1564
1557
1565
1567
1562
1550
1557
1563
1133
1557
1557
1561
1564
1561
1562
1559
1553
1562
994
1178
1558
1557
1340
1556
1575
1531
1558
1573
1419
1562
1545
1566
1557
1554
1565
1570
1558
1551
1561
1550
1566
1555
1562
1556
1552
1555
1562
1546
1560
1555
1558
1545
1547
1561
1561
1543
1306
1562
1560
1578
1558
1547
1549
959
1557
1554
1564
1568
1570
1219
1564
1557
1553
1561
1567
1558
1565
868
1554
1552
1562
1559
1561
1559
1550
1555
1561
1561
1401
1567
1565
1203
1552
1555
1556
1560
1571
1559
1548
1558
1563
1566
1556
809
1562
1553
1559
1560
1538
1559
1559
1562
1557
1561
1561
1562
1540
1553
917
1535
1519
1563
1551
1557
1552
1558
1561
1545
1560
1556
869
1563
1555
1558
1542
1537
1495
1563
1325
1549
1531
1552
1550
1555
1560
1553
730
875
1543
1564
1540
1552
1549
1558
1551
1564
843
1058
1541
1553
1560
1543
1551
1561
1556
1357
1564
1562
1559
1564
1555
1474
1564
1560
1559
1552
1551
1552
1553
1557
1554
1541
1556
1558
1486
1550
1556
1549
1458
1552
1529
1516
1554
1561
1553
1553
1551
1553
1535
1559
1561
1561
1555
1552
1565
1558
1543
1553
1551
1209
1563
1547
1554
1565
1557
1567
1549
1552
1548
1527
1549
1560
1554
1556
1552
1560
1539
1551
1564
665
1552
888
1563
1344
1554
1524
900
1561
1536
1561
1225
1561
1559
1559
1551
1557
1557
1542
1550
1554
1557
985
1565
1559
1566
1554
1557
1560
1549
1562
1570
935
1560
1557
1562
1233
1560
1551
1564
1564
1153
1552
1554
1091
1550
1560
1566
1541
1556
1555
1558
1554
1552
1186
1469
1535
1557
1560
1557
1548
1543
764
1555
1561
1337
1565
1557
1556
1562
495
1556
1560
1292
1565
1289
1559
1545
1547
841
410
1128
1564
1569
1546
1555
1567
1560
1562
1560
1556
1555
1573
825
1566
1559
1560
1554
1550
1559
1563
1561
1552
1557
1560
839
1564
1567
1570
923
1558
1563
1560
1566
1561
1558
869
1561
1562
1567
1560
1561
1550
1556
1552
832
1576
1548
872
1516
1564
1571
1558
1561
515
1563
1560
1074
862
1570
1565
1554
1562
1561
1559
1570
1575
1002
1566
1571
1569
1548
1567
1577
1560
1541
1562
1560
1543
1285
1563
1550
1548
979
1562
1556
1558
1566
1564
1559
1555
1540
1540
1548
1092
1552
1565
1557
1563
1548
1550
1555
1559
1559
1555
1572
1537
1560
1564
1567
1559
1504
1567
1560
1536
1565
1569
1555
1547
1569
1541
1566
1558
1561
1570
1559
1564
1581
1556
1560
1564
1555
1554
1554
1556
1557
1560
1563
768
1556
1546
1550
1554
886
1485
1417
1554
1554
1553
1562
1557
1538
1564
650
879
1545
1120
1558
1557
1527
1110
1563
1562
1565
1561
1564
1557
1559
1558
1556
1558
1561
1465
1563
1564
1557
1567
1557
1558
1543
1561
1559
1551
1560
1555
1567
1558
1557
1564
1446
1563
1551
1562
1546
1552
1522
1561
1546
1561
1558
1553
1565
1553
1558
1554
1561
1563
1560
1563
1552
1556
1269
1542
1557
1568
1552
1394
1558
1565
888
1550
1553
1554
1546
1565
1524
1532
1554
1485
1558
1553
1068
1565
460
1553
1549
1562
1232
1559
1547
1559
1556
1554
866
1562
1562
1559
1557
1560
1557
1558
1569
1559
1557
1562
1556
1562
878
1554
1557
919
1558
1567
1561
1564
1548
1560
1565
1555
1294
1548
1545
1550
1562
1560
825
1561
1560
1527
1562
1276
1543
1563
1564
1582
864
1557
1564
1564
1562
1560
882
1566
1556
1555
1563
1562
544
1548
1548
1565
1558
1562
1562
1562
1561
1542
1542
1570
1559
1556
1559
1563
1553
1551
1563
1563
1560
1502
1567
1557
1563
1562
862
1571
1537
1068
1561
1558
1560
1555
1555
1554
1567
1543
1556
1558
1558
1535
1542
1539
1551
1544
1554
1558
1468
1557
920
1571
1558
1558
1548
1558
1561
1555
1561
1444
1570
1556
1486
1560
1389
1319
1535
912
1560
1558
916
1563
1555
1521
1564
1566
1537
1547
1549
1527
1562
817
1555
1518
1563
954
1561
1567
1555
1563
1560
1562
1549
1540
545
882
841
1559
1561
1558
1548
1553
824
1565
1558
1563
1560
1564
1569
1574
1063
1518
1562
1568
1567
1564
1560
1562
1561
783
1562
1556
1558
1540
1556
1562
935
1561
1556
1566
1554
1559
1563
1559
1562
1553
1550
1547
1559
1563
1553
1321
1554
1553
1553
1561
1558
1553
1563
1561
1561
1564
1560
1553
1555
1562
1490
1539
1554
1559
1557
1547
1016
1558
1561
1554
1538
1558
1534
1559
977
1560
1558
1561
1557
1555
1013
1542
1561
1543
1559
1556
1546
1554
1557
1554
1556
1562
1546
1548
1555
1555
1556
1565
1562
1559
1333
1555
1560
1566
1554
1566
1546
1561
1554
1549
1562
1553
1557
1557
1558
1119
1559
1561
1541
1555
1558
956
1566
1563
1552
1563
1559
1558
1541
1547
1552
1558
1554
1540
1558
1531
1545
1561
1558
1559
1558
1550
1571
1558
1549
1558
872
1565
1560
1548
1563
1562
1567
1567
1558
1570
1569
1560
1562
1556
1556
1555
1558
1560
1489
1564
1564
1566
1556
1565
1548
1568
1574
1547
1553
1563
1559
1562
1567
1557
1552
1564
1558
1539
1551
1559
1042
1566
1557
1563
1558
1510
1547
1367
1556
1555
1562
1214
1562
1552
1560
1561
1561
1565
407
1553
1558
1558
942
1566
1546
507
1552
1558
1541
1560
1560
1555
497
1560
1348
1559
1549
1554
809
1344
1553
1564
1554
1561
1559
1555
1565
1562
1208
1559
1561
1562
1552
899
1564
1549
1559
1557
1543
1568
613
1532
1571
1398
1562
1566
1274
1565
1562
1544
1565
1549
1562
1551
1499
1559
1563
1541
1561
1559
1558
1563
1556
1557
1558
1560
1559
1554
1556
1552
1295
1551
1561
1563
1549
1500
1554
1554
1424
1564
1553
1568
1567
1557
1562
1552
1570
1556
