2997
3030
2992
3020
2873
2986
2996
3033
3013
3084
3022
2979
3009
3014
2991
2964
3026
3000
2970
3013
3039
3009
3025
2969
3010
315
2969
3004
2996
3035
3094
2967
2335
3013
2007
3015
2948
3042
3010
3036
2133
3034
3009
3031
3034
3021
3001
3103
3032
2966
2995
3015
2979
3036
3027
2523
3031
3002
2973
2986
3013
3036
2999
2962
2961
3028
3031
649
3008
3017
1719
1872
3006
2288
3030
3010
3019
1655
2997
3050
3010
3108
3030
3032
3034
2992
2997
3001
2991
3028
3002
2970
3044
2968
2999
3106
3005
3044
3034
2998
3021
517
3062
3023
2991
3013
3019
281
2978
3020
676
3024
3029
2995
2867
2984
2795
3017
3016
767
2933
3012
3037
2953
3012
2998
3008
2983
3016
3028
3051
3033
3003
2584
3015
3039
2984
3009
2987
2990
2995
2991
271
2973
3010
3006
3009
3015
888
3003
2998
2985
2996
3042
1927
2988
3007
3000
2977
2993
2953
2976
3007
513
2951
3005
3003
3044
3035
3004
3031
3014
2994
3011
2982
3015
3016
3033
3003
3014
3048
1005
3011
3008
3001
3007
3024
3018
2980
3005
2988
3048
3025
3010
3028
3006
3030
3024
2993
3034
2992
2999
3016
2995
3002
3033
3072
3025
1500
3028
255
3006
3013
2946
3043
712
2948
2994
3031
3016
2974
3015
2456
2995
2986
3016
2181
1750
3033
2982
3023
2985
3021
3047
3012
3012
3047
3016
3005
1738
2981
2972
554
3039
2994
3024
3010
2933
3010
3011
3017
2998
3028
3018
2207
2565
3022
2989
263
3023
2955
3003
3007
3033
2943
3002
3003
3020
1534
2983
3023
2923
3009
2977
3049
3011
3006
3032
2778
2333
2999
3020
3026
3015
3012
3020
3036
913
3013
3011
3050
3002
2991
2964
2143
3016
1338
3010
2940
2928
3006
2982
3024
2997
3043
3010
2999
3016
3004
3001
3049
2249
2951
3018
3015
3005
3001
3036
3022
3022
3026
2954
573
2977
3001
3038
2987
3023
2999
3041
3026
3027
2998
2943
3050
3032
2965
2191
2984
2977
2993
3003
2982
3004
2949
3009
2982
2989
2992
2969
3026
1629
3011
3014
2948
2877
3022
1071
913
3031
2987
2998
3008
3004
3029
2984
2995
3018
3011
3015
1242
3011
1301
3014
3016
3043
3043
2968
3059
3027
2999
2990
2972
252
3037
2285
3004
3027
3009
2983
2895
2992
3032
3009
1152
3026
3029
3004
2997
2730
2692
3015
3012
2967
3011
3012
2987
2988
3039
3007
3037
2971
3046
2985
2984
3026
3044
1266
3029
2985
3009
3005
3035
3025
3000
3013
2312
2922
3006
3010
201
3009
3022
3012
3026
2962
3023
2974
3034
3061
1147
3002
3003
3008
190
2966
2999
3005
3056
3023
2996
310
3012
3021
3017
2985
2991
2983
3005
3016
3002
3025
2954
3042
2989
2919
3018
3027
3019
3043
3023
3003
3049
2971
450
2999
3015
3009
3029
3047
2241
3022
2981
2982
3031
3007
3000
2223
3023
3002
3020
2969
2995
2918
1874
2975
3016
3014
3010
239
3012
3000
3018
3008
3012
3018
2993
3034
2994
3038
2702
2989
2540
447
2990
3012
1448
2936
3026
3024
2982
3009
3001
3016
3017
2970
3024
1205
3038
2995
3004
2405
3005
2996
3022
3009
3047
3025
2304
2972
3049
2986
3011
3013
445
3006
2140
2531
1001
3007
3008
3026
3005
2992
2805
2928
3011
3032
3011
3027
2998
3050
3004
3011
3010
585
2979
3034
3013
3013
3032
2998
2990
3036
3033
3025
3044
2766
3028
3016
2996
3013
2978
2959
3030
2965
3003
2969
3058
3017
2999
3006
3018
2997
2982
3015
2994
1851
3016
2810
2968
3021
3040
3004
3014
2965
3001
2997
2970
2080
3031
3010
3000
3003
2335
2989
3018
2728
2985
1849
3028
3003
2982
2992
3022
3004
3037
3026
3004
2995
3004
2454
2994
3004
2983
3025
2982
3025
3001
3032
3028
2993
3004
3020
3010
2996
2999
291
3012
3014
3029
3033
3027
621
3019
3024
2992
3005
3020
1840
3001
3024
3034
2967
3025
3021
2998
623
1962
3032
3031
3034
3038
3056
2975
3014
3016
3013
2981
3021
2989
3009
2756
3022
3043
3029
2956
2982
2829
3007
2993
3006
3014
3004
3033
3064
2995
3017
3005
2025
2996
2968
3024
3008
3028
2998
2969
2964
2992
3012
3000
2645
3013
2962
782
3010
3030
3011
2733
3001
3020
2999
3011
3026
2996
3002
3034
3033
3029
3039
2682
3022
3005
3032
3067
2355
3007
3040
2494
3006
2958
3007
1409
2996
3032
2984
3022
3010
2989
3013
3041
3012
3019
2993
3029
2983
2996
3045
3017
2992
2999
3051
2979
2961
3005
3013
2990
3017
2992
3029
2986
3001
3022
3002
3015
2982
3020
2995
346
2989
2587
3015
3026
3018
2620
3009
2676
3005
3037
3001
3033
2962
2661
2999
2583
2980
2986
3006
3031
3022
3025
2913
3011
3011
2055
3090
3001
3002
3032
3024
3027
3017
3005
3025
3037
3040
2988
3021
3017
2993
3037
3004
848
3026
2974
3070
2948
3007
3019
3013
2928
3006
3015
3014
3023
3017
3046
3026
2999
3018
2999
3009
3057
2986
3019
2981
2989
3008
2100
633
2990
1756
3022
3024
2996
2970
2788
2829
2995
2923
3009
2983
2908
2984
2998
2975
2999
3006
2928
3019
2988
2977
3018
3016
3009
3043
3012
3039
2996
2939
3029
2984
2998
2993
2982
3018
3008
3004
3003
3007
3016
3020
2975
3017
3014
3014
3006
3007
897
3010
3007
2975
3026
3020
2994
918
3038
3018
2352
3016
2990
3039
2994
3025
3005
2984
2972
1233
3038
3030
3028
3021
3047
2981
3005
3010
3013
2992
2872
2786
3021
3004
3015
3011
3025
3013
3022
3024
3082
3020
2998
2973
3034
2994
2961
3044
2935
3015
2016
3021
3025
2984
3002
3024
2988
3009
2995
3080
3063
3027
3019
3011
2994
510
3010
2986
3034
3023
3040
3017
3007
3001
3059
3037
2985
3010
3014
3006
3023
3029
2975
3032
3035
231
1785
3033
3080
3012
3004
2975
3001
2981
3000
3004
3006
3035
3020
2995
3003
2987
3034
3023
2966
3039
3013
3011
2996
3011
2999
3032
3008
3001
3031
3005
2986
3025
3025
3007
3007
3002
3009
3010
174
2954
3026
3041
2993
2986
3013
3021
2947
1580
2984
3042
1972
3018
2584
2417
2356
2999
3007
1849
3025
3016
3015
3045
2997
270
3005
3030
3026
3041
3004
3008
3010
3032
1558
3036
2986
3033
2989
3007
2995
3017
2999
2870
2995
2993
2988
2997
1498
3025
2989
3019
3008
1183
3059
2987
2992
3032
3075
3007
2975
3030
3007
3028
2732
3002
2995
3046
3038
2990
3024
3000
3031
2978
3002
3037
3003
3021
2954
3017
2989
3010
3028
2995
2750
3000
3000
3097
2978
2980
3010
260
3015
2963
2966
311
3005
2882
3011
3048
3005
2963
3016
2999
3020
3003
3010
3037
3019
3025
3002
3026
3027
2985
3028
2177
3019
2984
3002
3019
3031
3031
3002
3023
3026
510
3020
3032
3011
3016
3007
3021
2992
3003
3003
3020
1916
3024
2996
3008
3007
2988
2977
214
3025
3012
3048
2985
2996
3002
3046
2838
2992
2997
457
2998
3022
2992
3027
3007
740
3018
3004
3036
3010
3006
3002
3018
3046
3029
3010
3030
3012
3005
3000
3009
3011
3024
2982
3004
2969
3006
2954
2532
3010
3003
3048
2997
3034
3033
3021
3026
3012
3009
2986
3007
3050
3018
3009
3016
247
3010
2991
3021
3015
3004
2996
3014
2980
3017
3020
3022
3025
2976
3040
3010
3010
3018
2998
535
3021
3033
2989
3023
3020
2993
2986
3020
2991
3031
2629
3027
1550
3014
3016
3029
2947
3012
2973
3011
3020
1946
3001
2568
3095
2449
3008
2991
2913
2985
2998
2997
3023
3000
3024
3094
2995
3023
2945
3030
3024
3006
2986
2993
2997
2985
3019
2703
3026
3029
3029
2968
3021
3040
2936
3005
3017
3044
2980
2978
3020
2972
2959
3007
3004
3008
2595
3024
2545
3037
1951
2965
3027
3095
3043
3022
3033
2999
3023
2691
3014
2992
2995
3015
3003
3002
3040
3049
3030
3044
2996
3018
3008
2976
2959
3027
2987
2976
3027
3028
520
3008
1055
2983
3018
3011
3019
3028
3050
3033
2968
3026
2990
3017
3017
627
2989
2989
2864
2969
3012
2985
3054
2996
391
3027
3010
2970
2996
3017
3057
3026
2976
3005
2986
2980
2890
3014
1229
3015
877
3043
3030
1826
882
2980
2981
2970
2494
3025
2393
936
3017
3036
3030
3034
3018
2973
3017
3032
2983
2978
3035
3023
2940
667
3009
3035
2970
3013
3027
183
2973
2974
3006
2093
2936
3032
3014
3008
3009
3016
2990
3022
3021
2970
2991
3039
3022
2982
2868
3030
2999
3009
3016
2996
3037
3027
3049
579
630
3034
2992
175
3044
3021
3005
3002
2973
3047
205
3001
3010
2994
3015
3026
2843
1784
3018
3000
3037
378
3027
2968
3004
2938
3009
2984
3001
3005
3006
3044
3013
2979
2063
577
2994
2987
3005
2891
947
2984
1236
2987
2978
2999
3057
3015
3007
3035
2666
3023
3034
1987
2996
3005
2094
3013
3011
677
1221
3011
3012
3007
3019
3011
2977
3005
3032
3034
1566
3021
3053
3039
3007
3003
2994
3017
2993
3021
3016
3003
3018
2980
3006
3012
3018
3008
3024
2742
2983
2990
3059
2921
1712
3036
2994
429
3024
2996
3048
3065
2963
3024
3039
2976
3032
3018
3029
3003
3029
3007
3046
3022
3020
3007
3023
1206
2999
3023
3026
3033
3043
905
2998
3013
2974
2995
2923
3023
2874
2990
3001
2259
3023
2935
3010
2998
2973
3009
3010
3029
3027
3034
2979
3023
3013
3018
2990
3005
2968
3027
3041
3026
3019
3008
2946
2987
3017
3015
3012
3042
2981
3020
2941
3013
1726
3002
2954
2987
878
569
3028
2996
2992
3022
1792
2995
3027
3024
3021
3018
436
2403
3013
3030
3042
3006
3002
3022
3015
3006
3009
3004
3035
2993
3026
2928
3013
3030
3036
2940
658
294
3005
2971
3030
3036
3018
3017
2991
3006
3024
2974
2977
3000
238
2979
3023
2983
2991
274
3031
3037
294
3009
3008
3004
3028
2736
3038
3026
3022
2961
3009
2969
3020
2998
3017
3008
878
3002
2981
2956
3028
2339
3023
3026
3066
2999
2923
2992
3016
3012
3033
2999
346
913
3008
3048
3015
2998
3023
2990
3018
3023
3002
3011
2909
2969
348
3010
2980
3001
3026
3009
3004
3034
2978
3025
3015
3026
2994
2992
3007
3019
3014
3008
3011
3039
592
3010
3099
2999
846
3027
2965
3016
3005
2839
2990
3016
2996
3000
2050
3015
1039
2128
3008
3002
3004
3009
3033
3030
3005
3018
429
2898
3030
2080
2970
2994
2616
2964
3038
442
3009
3016
2993
2984
3023
3016
3003
3005
754
3093
3039
3002
1491
2390
3031
3001
3014
3026
3021
3012
3033
3017
2928
3012
2984
3033
3059
3029
2926
2983
3000
3021
1904
1664
2975
3001
2986
2980
2996
3008
2983
3059
3030
3013
2988
3023
2414
3028
2149
3025
3087
3017
2974
3106
3010
2979
2993
2992
3007
3021
3004
2468
3015
2977
3020
2987
3017
3037
3008
2062
1943
3035
3004
3034
3008
3020
3038
2997
2879
3022
3012
2990
3028
3036
3048
2992
2998
3019
3000
2999
3004
3023
3028
3048
3013
1292
3004
3035
2958
3023
2661
3025
1746
3017
3018
2999
3013
3014
2775
202
3054
2971
2849
1169
1947
3010
3022
2994
2984
3018
2960
3008
574
3025
3006
3036
3002
2990
3001
3054
3011
2054
3034
3007
3007
2193
3065
3011
2463
2977
3001
3015
2999
1518
3015
3008
2933
3025
3023
3011
3035
3011
2992
3024
3036
2776
3035
3014
3027
2870
3007
3023
3094
3010
3006
1153
3029
2975
2975
2219
3023
3019
3000
3006
3000
3042
3035
3047
3013
2962
3000
3014
2995
2974
2980
3024
3008
3047
2982
3004
3030
2948
3013
3030
282
3020
3028
2088
2993
3026
3015
3003
2998
3009
2998
3030
1951
2999
3035
3030
3012
3010
3028
3027
3003
2985
2986
3028
2980
3011
3012
1389
2992
3000
3010
1389
3020
3028
3013
3050
2995
3010
3028
186
3005
3036
3001
2993
2981
3017
2970
3013
3021
3048
3007
3007
2646
3038
466
3041
3028
2999
2997
3041
3045
3058
3014
3025
3032
2981
3016
3029
3010
2029
991
3055
3026
3008
3014
3034
3007
2879
3011
2346
2188
2980
2879
2970
2997
3036
3024
3040
221
3021
3011
3017
3014
3037
2995
3011
2985
2954
2998
2993
2954
2999
2994
3001
2990
2941
3016
2996
3000
3016
3003
3081
3015
3037
3007
2993
3006
351
2953
3034
3006
3039
3022
3015
3019
3002
3033
2994
2986
3026
2991
3001
2997
2995
3027
2948
3017
2995
3058
966
3027
3022
901
3004
2758
3007
3019
3008
997
2975
3014
3020
2913
3023
3010
3014
3024
3043
2410
3009
3039
2991
2991
3003
2757
3008
2966
2998
2982
3004
2975
2983
2996
3000
3049
3010
3022
3019
2998
2923
1425
3008
2967
3020
2992
3026
2999
3046
3010
2070
3027
3045
2969
2097
3005
3032
3012
1989
2904
3021
3034
2995
3012
2744
2980
2418
2985
3025
3019
3000
2977
3004
3025
3017
541
3003
2600
3022
3040
3014
3025
3024
3013
3011
3005
2975
2555
914
3011
3020
3021
2926
3037
3029
3031
256
2978
1751
432
3019
607
3017
3017
3037
3014
3014
3012
3042
3013
769
2988
3000
2541
3007
3018
2965
3003
2775
3088
2979
3024
3007
3023
3016
2733
3012
2977
2985
2974
2469
2979
3028
3015
2989
1684
3002
3039
1227
2972
3045
3011
3008
2995
3025
3008
2997
3043
3017
3069
3017
2992
3034
2994
3028
3026
3035
2983
3019
3020
3019
3013
3069
319
885
3037
3014
3011
3010
2652
3030
3014
1076
3009
3001
1585
3028
3013
2956
3014
2986
3017
2797
3008
2984
2979
3018
3061
3021
3089
3008
2995
3015
2987
3026
3011
741
2973
3026
2999
3031
3091
3013
3000
3008
3025
3009
1147
2451
3031
3007
3040
3025
3029
2977
612
2995
3038
3007
3005
3002
3042
3007
2996
3017
3023
3037
3019
286
3026
3019
3008
3038
3003
3009
3024
2977
3005
3020
3037
3049
3030
2994
2955
3006
3016
626
2968
2983
2978
3028
2961
2943
3002
2993
2705
3014
3034
3014
3015
3002
2991
2999
2275
3037
2934
3035
624
2984
2994
199
2999
3008
2981
2993
3002
3031
3012
2619
3019
3007
2999
3000
3032
2994
2818
2994
1901
3016
3008
2995
2981
3007
3009
2995
3011
3016
3022
2906
775
3029
3018
1237
3028
1041
1362
3003
2999
2657
3014
2939
2983
3030
697
3011
1911
3005
3002
3009
3000
2285
1041
3005
3010
2976
2729
3072
3014
2987
3017
2050
3078
3027
3018
3003
3022
3008
3032
3015
3013
3028
2988
3045
3012
3019
3018
3015
3028
3001
2987
3006
2956
3007
2527
3013
2665
3006
2948
3031
2965
3003
3014
3025
353
3020
3031
2986
3019
3006
959
3018
2763
2942
3032
3010
1449
3023
3017
3031
3002
3028
681
2347
3006
3012
3035
2676
3008
2959
3028
2988
3016
3028
2989
3017
3025
2995
3013
3006
2988
3012
3026
3004
2964
3022
3050
3020
3001
3027
2940
3025
3029
2994
2997
857
3040
775
2959
3022
1546
3042
3006
2984
2987
3005
2984
1078
2994
3014
3004
2978
3008
2970
2434
3037
3038
3008
2999
2572
3001
3012
3029
3013
2983
2996
2465
1043
3003
2839
3012
3029
2991
2972
2994
3014
3019
3011
2939
2953
3007
3033
2850
2992
3016
3004
3021
3006
2994
3110
3014
2990
2994
2982
2973
3026
2991
2958
2990
3026
1564
3030
3015
2804
3011
3022
3056
1256
3035
3012
3032
3031
2999
2950
3019
3069
3027
3019
3013
2900
3022
577
3023
3020
2677
2981
3014
2997
3043
2981
2965
3023
3003
3000
3000
3036
2991
3005
3052
3064
3035
3010
3040
3035
3007
2940
3000
2982
2975
1875
3026
3039
3020
3005
2994
3012
3023
3016
3010
3019
3034
3014
3025
3026
3053
3023
2632
3043
3025
3009
2992
3005
3034
3002
3017
3021
2416
3011
2995
2990
2998
227
1427
3015
3052
3003
1656
2999
1918
3013
3018
3006
3035
3013
2979
3020
2985
3020
3010
3028
3006
2999
1554
3013
2792
3016
2994
3026
3004
3022
3041
3011
2980
2995
2981
3024
3018
3011
2991
3001
2982
3016
2995
3023
3017
3000
3002
1591
2980
2999
2776
3008
3038
2944
2550
2986
3032
3024
3016
3015
3010
2987
3036
3036
884
3001
3031
3018
3003
3011
3033
3050
2982
1519
3014
2993
2986
2974
751
3032
2972
1886
2999
3058
3032
3047
2992
3014
3009
3019
3021
3060
3012
3013
2933
3016
3022
3000
3019
3025
2841
2975
3014
3013
3026
3006
3001
3011
3035
3021
3023
3001
3005
3034
2991
3004
3023
3097
3053
573
2975
3008
3040
2999
2341
2998
3022
3019
2973
3007
3016
2958
3013
3025
216
1778
2462
2995
2991
1335
3024
3010
3018
3022
3106
1531
3014
3028
2801
1964
2999
3028
2455
2719
3042
3019
340
1360
2811
3025
3095
775
3009
3012
3041
2999
2958
2993
2990
3032
3015
3030
3034
3006
3034
2687
2722
2998
3011
3015
2974
3007
3035
3029
2995
3011
2529
3020
3016
2982
2985
3009
3029
3012
2933
3004
2941
2948
3023
3045
2961
3042
3002
2993
3021
3016
3028
3003
2977
3036
3001
3021
3018
3033
3017
3002
2955
2998
3042
3094
3043
2986
3004
2998
2987
2963
3027
3046
3024
3089
3095
2999
3001
2968
2982
3000
3020
3052
3031
3095
3005
3033
2998
3011
2996
3020
2964
2834
3017
2966
3050
3002
3020
3011
3015
3024
3015
3035
3011
3020
2998
2988
420
2993
2998
3015
3019
3048
2978
3000
3042
3009
3046
3022
2999
3040
2973
2977
2982
3040
2973
2989
3002
3024
2814
3015
3010
3017
2998
2986
3015
2884
2981
3027
3027
3017
3033
3000
2600
3014
3015
3027
2978
3001
3003
3035
3097
3026
3012
3015
3023
3006
3001
3038
3003
3014
2982
3014
3007
2815
3001
3028
2994
3008
3064
3019
2900
3006
2985
1036
3013
3011
3002
2996
2998
3024
3006
2997
3020
3004
3010
3028
3014
3012
2968
3026
3041
3009
2996
3008
2982
3024
3020
3025
1140
3035
3023
3019
3016
3036
3008
3032
3011
3000
3011
2209
556
3022
3079
2979
511
3008
3016
2943
3018
3006
3011
3027
3010
2943
2645
3022
3006
3031
2223
2995
2959
2993
3040
3004
3021
2994
3013
3021
2868
3026
3016
3002
2965
2803
3012
3008
3018
3045
3017
3016
3038
2991
2894
3005
3034
3010
3012
3015
3022
2995
3014
2941
3017
3006
3011
3004
3000
3012
3027
3000
3004
3030
1894
3000
2837
3006
3013
2918
3009
3022
3002
3002
2958
3017
2683
3093
3041
2657
3032
267
2989
3019
3011
2996
2819
3013
3016
3013
827
3026
2969
2974
2973
3009
3013
240
2996
3021
2987
3026
2965
2967
3035
3035
3016
3018
2482
3015
3008
2669
2887
3013
3023
2997
2990
223
2998
2881
3028
3001
2985
2985
2979
3022
3009
3035
2973
3019
2980
2911
2997
2980
2914
3024
2947
2987
3028
3029
2969
3024
2981
3102
3008
3031
3011
3044
3049
3038
190
3005
2054
3007
2940
3021
3014
2996
2998
2990
2069
3022
3011
3021
953
3035
3029
2911
750
3039
3006
3037
3006
3007
2647
3019
3047
3007
2567
3016
2995
3019
1250
3004
3022
3025
2988
614
2990
3001
3011
3039
2980
2944
3021
2994
259
2978
3024
2992
2274
3028
3117
2977
3007
3001
2996
3001
3013
3038
3034
2921
3042
3026
3022
2043
2988
1087
3029
3083
3027
2951
3002
3006
3016
3049
1059
3056
3016
3013
3011
2993
3006
3038
3021
3010
3014
2983
3025
1838
2999
3017
3026
3022
3023
3017
3003
3004
3057
3025
1435
3031
3030
1087
3011
3055
3025
3006
338
3019
3045
3014
1731
3037
3018
3020
3014
184
3026
3029
2974
2976
3034
3036
3019
2997
2978
2978
3085
2990
3043
3039
2969
2951
729
2967
3022
3029
3007
2832
3052
3021
3029
3030
3040
2998
3018
3016
1815
167
2999
3006
2648
1497
2972
3045
3013
2611
2998
3017
2999
3030
3031
2983
2879
3011
2972
1036
3010
2993
3015
3037
3015
3035
3021
2994
2963
3016
2984
3018
3001
3023
3005
3009
2955
3009
3009
3018
2998
2897
2998
3009
1803
3027
2989
3025
3005
3012
1347
2999
3009
839
3036
3009
3024
3018
3022
3022
3012
3035
2881
3007
2961
3011
2986
3013
3041
2737
2913
2801
2477
2957
2990
2996
3018
3029
3009
2973
2912
2999
3019
3010
3021
3008
2981
3027
1593
3028
3034
1423
3026
2706
1477
1663
3026
2998
3049
3012
3045
2476
2739
3036
3017
3015
3021
3003
2995
2990
2916
3026
3036
1041
2996
242
2907
3010
3011
3049
3013
3036
3044
3005
2973
3008
2530
3015
3008
3023
360
2998
2973
3012
2921
2976
3020
3010
2988
3022
2986
2981
3021
3031
3005
3007
3029
3002
3022
3013
2959
3030
274
3005
2982
1266
2977
3032
3029
3032
2921
2986
2981
2963
2778
3000
1930
3034
3042
2650
2845
3009
1567
2996
3020
3009
2992
2995
3039
3039
2992
3036
3044
3006
3035
3001
3034
3000
3011
3025
3021
2985
2767
2982
3025
2993
2990
2964
3008
2967
2979
3029
3022
3025
3003
2983
3018
2016
3015
1656
3013
2997
2980
2954
3014
3022
2976
3023
3005
1717
2988
3008
2989
2716
2996
3031
3016
2927
3043
2986
3000
3020
2991
3017
2989
2998
3042
3022
3036
3015
3025
3013
757
3020
2983
3032
3002
3009
3071
2940
2983
3001
2990
3006
308
3016
3019
2996
3006
2374
2985
3042
3015
3013
2944
3043
3035
2983
3007
963
2987
3024
3007
2998
2986
2970
3027
3013
2995
2992
3018
3015
946
2996
1808
3021
2992
2863
3018
3000
3007
2963
3007
3022
3006
3017
3012
3018
3034
3034
3015
2323
3111
3023
2971
2977
2996
2150
3010
3029
3014
2961
3022
2998
2839
2991
3026
3011
3032
2944
3023
3024
3010
3091
3026
2995
3019
3013
2456
3025
2995
3013
2994
2896
2993
3017
3021
3031
2993
2965
3039
3000
3013
1689
3036
3052
2966
3027
2650
3036
2997
3010
3029
3000
1610
2265
3040
2980
901
3054
2998
848
3000
3023
2972
2988
3016
3022
3037
3033
3024
3020
3047
3009
2975
3016
2993
2961
2962
3057
2974
2966
2964
2993
2954
3014
3013
3028
3000
3049
3004
2932
3014
3070
2983
3027
3021
3008
2728
2999
2933
3015
2976
3003
2961
3014
2994
2962
3006
1797
2974
3025
2978
3001
3025
3022
2976
2985
2989
3010
3031
2996
3037
3018
3038
3042
909
2994
2999
3017
3016
3048
3001
2652
3044
3023
3016
3036
3009
3025
3015
2966
3025
2398
2958
2007
2999
3060
3052
3021
2970
3016
2974
2989
3014
2970
3034
2975
3014
3012
3018
3005
3013
3002
2941
3001
253
2987
2996
1559
3012
3043
215
2996
2743
2943
3028
2998
3005
2981
469
3019
3036
3035
3018
3002
2455
3006
3016
2994
2819
3000
2930
3030
354
3068
3025
3028
3034
3015
3028
3037
2209
3016
3008
3030
3001
2982
3027
3023
3016
3020
3006
3031
3020
3020
3028
3008
3004
3033
2986
3023
3003
2990
3018
3009
2993
2716
3028
2997
2509
2928
3017
3029
3041
2974
2984
3036
2850
3007
3005
3010
1294
3034
3009
2985
3042
174
3026
3043
3008
3031
3022
1201
1166
3038
2996
3028
3000
3005
2985
3004
3010
2984
2973
2475
2973
2996
3016
2984
3012
3015
3110
3087
3025
2994
2593
3000
3003
3021
2985
2996
3038
3020
2986
3007
3001
2987
3001
2989
2997
2989
2992
2984
3033
3020
3022
1500
3025
3032
2919
3015
3015
2956
2991
3004
3016
3031
3029
3010
2995
3018
3025
2996
465
3002
2954
3015
459
3007
3009
232
2999
776
3020
3037
3021
2984
3002
3010
3003
3003
3019
2145
2985
3019
2999
3043
2975
2958
3019
2983
1581
3040
3015
2964
3000
3003
2991
2999
1516
1834
1861
3007
2945
3004
3019
3079
520
2990
3012
3011
3021
3042
3021
2997
338
3001
2974
3021
3005
3013
1765
3061
2916
2984
3036
2984
454
3012
3024
2031
3006
3044
3019
2969
3019
3003
3014
3013
2998
3022
3007
3055
3027
3009
2064
2976
3073
3011
3018
3017
3005
2985
3011
2935
3001
2995
3011
3024
3080
3019
3029
2383
3004
840
3019
3018
3023
3036
3043
3005
2999
2995
3054
927
2997
2996
3032
2993
2912
416
316
3010
2949
3017
2969
3024
3000
3009
3028
3016
3103
3019
3045
3010
3017
2981
3007
3049
3057
2996
244
2110
3015
2975
3027
2996
3016
3004
3004
3040
3018
3008
3026
2983
3026
3026
2980
3018
3012
1426
3000
2671
3028
899
3020
3002
3048
3019
2994
3015
2897
3059
3001
3028
3006
3016
3060
3017
3019
2994
3026
3021
2962
3028
2994
2966
2999
2993
3003
2735
2985
3015
3024
3002
3014
1894
2993
3034
3039
3021
3029
2996
2543
3039
3038
2999
3018
3019
481
3035
3006
2983
2948
2926
2998
3031
3022
3000
2983
3014
3040
2562
3018
2935
3008
2981
2954
1717
3021
2993
3004
792
3032
2998
3017
3033
1921
883
3027
3023
2988
3012
3022
3015
2972
1164
2993
3008
492
2438
2994
3006
3004
3022
3014
2931
3036
3003
2987
3018
3003
3010
3021
2993
2970
3023
2969
3074
3004
2871
2994
2976
3039
2978
3003
3021
3039
2988
2988
3039
2993
750
3016
1562
2983
2253
2849
3013
2984
3084
3025
2958
2446
3013
2995
3015
3011
3013
3020
3009
2997
2956
2985
2982
892
2701
2998
3035
2996
169
3029
2995
1215
2998
3025
3036
3002
1990
3020
3024
3023
3008
3020
3010
3014
266
3011
3036
2878
3026
2997
2315
731
1421
2031
3015
2999
827
3041
3019
3047
472
3030
3034
3004
3006
3013
2990
2996
3040
3038
3014
1093
2985
2996
3017
2990
2982
3034
2951
3036
3021
2991
3022
3005
3045
3009
3000
3015
3026
2972
3048
3019
3011
3016
3033
2985
3073
2985
2975
3042
811
971
2054
2978
3017
3011
2987
2634
3021
3016
3000
2936
3022
3035
2997
2982
2987
3009
2695
2963
2995
3019
3076
3021
3046
3027
2993
3047
3017
3017
2989
2911
3041
3008
3004
3019
3000
3019
3007
3014
2434
2996
2948
3035
3014
3039
3007
3034
2991
2977
1979
3026
3036
3005
2954
2997
3009
2967
3018
3103
3010
3012
2467
3009
3041
2980
2990
3019
3010
3027
2999
3020
3027
2962
3035
3012
2965
3024
3037
2985
2970
3021
3032
1045
3019
1410
3021
2962
3019
3004
3087
3046
3039
1688
3027
2995
2977
3034
3023
2619
3005
3004
2973
2689
3014
3059
3009
3006
3019
2988
3012
2993
2496
3047
2996
2909
3044
2989
2423
2984
3031
1025
3005
3027
2988
3018
2370
3003
2987
1239
2971
3027
3002
2987
2956
3032
3054
2640
2601
2993
3011
3031
3064
2974
3007
2995
3014
3009
3031
3017
3012
3039
2999
3022
3020
3001
3001
3026
3026
3003
3017
3006
3008
3025
3085
3022
2970
2982
2985
2992
2977
3005
637
3052
3029
2966
3017
3002
2967
3016
3018
3000
1400
3001
3013
3040
3020
3011
2228
2299
2977
1974
3016
3005
3002
589
2957
3007
3013
625
3022
3047
2984
3026
3019
2130
3046
873
368
3001
3017
3034
3037
3005
3032
3004
3036
2999
3005
263
3042
2981
2961
2992
3114
3035
3040
3018
3000
2946
2347
3009
3008
3114
3012
2978
3007
1569
3014
3011
3038
3002
3031
3006
2947
2655
3028
2998
3021
3010
3024
3017
3013
3000
3019
2981
3016
3009
2989
1860
2989
3100
3027
2999
3026
2974
3036
3103
3018
3013
2985
3022
2983
3008
3081
3024
1497
2990
3005
3013
3012
3041
2918
2293
3028
2997
2985
3014
3019
3014
2993
3002
3031
3029
2973
3018
3007
3007
3013
3009
2923
2995
3112
3004
3024
3021
3003
2818
3016
3019
3078
2991
2912
3036
329
3019
3022
2962
378
3011
2438
2994
2986
3034
3017
3018
2984
3003
2717
3001
3027
2980
3001
3008
3029
3002
3012
2627
2993
3054
3021
2995
2994
3025
2998
2988
3012
3022
3013
3003
1297
2843
352
3085
3018
3003
2994
1589
3023
2994
1275
3035
3035
3000
3020
2989
3037
2983
3013
2988
3029
3017
3037
3003
3036
2273
3025
3012
3020
3003
2995
3036
3056
3032
2984
3014
3023
1374
2999
3035
2989
3035
3002
217
3012
3020
3001
3032
2981
3043
2954
2865
3007
3023
2959
3028
2913
3052
3009
2960
2985
2991
3024
3003
2975
3028
2994
3002
3021
2945
3023
3018
3029
3022
2727
2992
3013
3004
353
2802
714
3003
3021
3017
3009
1137
3025
3028
2818
2977
3011
2974
3023
3000
3026
3042
2979
594
945
3010
3004
2995
3013
3034
1896
2051
3014
3033
3075
2783
3012
2968
2979
2982
3034
3032
1469
2984
3078
2999
3010
3020
3002
3032
3029
3001
2992
538
2917
3021
2995
3004
3009
2123
3031
3006
3082
3015
2928
3031
3021
2996
3010
3030
3039
3012
2984
3047
2977
2985
3036
2702
2970
3011
3002
3029
3016
2999
1176
3027
2987
3003
2972
3030
2990
3027
1817
2932
3013
2990
3009
3013
3006
3046
3003
3019
2986
3024
3004
3035
3008
3050
2977
490
3027
1747
3016
3038
2979
3023
3003
2846
2996
2953
3053
2992
3012
3000
3013
3030
3052
2993
2994
3002
3012
3012
3073
2944
202
2996
3016
2491
536
3021
2939
2997
3008
2941
3018
2999
2959
2967
2968
2968
2980
3029
3022
2865
3007
3014
1717
3013
3005
639
3019
2766
2996
2951
3035
3010
3025
3003
2999
2983
3024
2980
581
1057
3032
3024
3037
2947
3047
1537
3020
2997
545
3011
2999
2995
3028
3027
938
2944
3012
2972
3034
3034
2953
3004
565
903
2924
2933
3039
2944
3018
2956
3034
2982
3005
3018
2989
2976
2693
3037
3095
2981
3000
2987
3000
3038
2976
2969
196
2991
2981
2987
3025
3020
3015
3023
3004
3006
2990
2995
2984
3003
3034
3029
2981
2896
2993
3036
2981
3031
2991
3034
3052
3026
2999
2999
2986
2980
3022
3018
2995
1923
2997
3006
3031
3038
3005
3038
3030
2996
3031
3039
2218
2998
2996
2990
3044
2994
1272
3011
3026
3003
2996
3030
3029
3035
1893
3040
2820
3018
3045
2966
3011
3042
3025
1575
3008
2986
3023
2969
3034
2983
3031
2967
3004
2964
3030
2997
3025
3018
3015
3029
2503
2993
3016
3023
3031
3008
2998
293
3037
3017
2995
3039
3015
3009
2990
2350
3011
3017
2987
3016
1340
2999
3028
3024
557
2997
3059
3000
3024
3099
2958
3029
3002
3016
2979
3003
3015
2676
2997
3026
2979
2950
2939
2479
3018
3002
2699
3025
2994
3014
2995
3026
3075
3031
3005
2979
2953
3026
2126
3011
604
2986
3056
3035
3016
3018
3009
2864
3039
2914
3016
3022
2997
3023
3013
3012
3024
2985
3033
3022
3063
1078
2997
2987
3033
2988
3018
3000
3012
2996
2257
3000
3006
3010
3042
823
2986
173
3024
3014
3024
2988
3005
2990
3013
3017
3019
3035
3015
3018
3014
3012
2068
879
3013
3017
2987
2980
2994
3108
2961
3021
2944
2999
3005
3032
3041
3012
3019
3045
3007
3030
3034
3024
2996
3058
2988
3024
3045
3019
3037
3040
1939
3018
2986
3021
1699
3002
3018
3030
2990
3002
231
3038
2978
3008
501
3023
3023
3019
3024
288
3035
3029
2989
2970
2991
2984
1476
2175
899
3029
269
2989
3021
3025
3029
3034
3001
1010
1679
3005
3015
2985
3019
3013
3020
184
3036
3005
2987
3004
2986
2997
3033
3030
3024
3049
3016
3010
2955
3015
2995
3011
2882
2995
3020
3009
3000
3032
2987
278
3013
2992
2995
2670
2985
3003
3007
2994
2997
2975
3020
3012
2989
3015
3018
3003
2994
3018
3028
2998
3034
3018
3010
1007
3008
3011
3024
2990
2989
3013
3033
3009
2531
3019
3015
2989
3029
2982
3026
2998
2902
2999
3014
3015
3000
3035
2993
3034
3024
3032
3023
3009
3013
2999
3027
3019
3007
2532
3013
2659
2989
1931
2999
3008
3016
607
3012
3006
3017
3016
3037
3016
3027
2999
3016
3014
3003
317
3009
2305
3007
3003
2797
3038
3028
2482
2984
3006
3007
3006
2975
3033
3012
2996
3019
3018
3003
3015
2970
3049
3016
3024
3021
3024
2964
2982
3005
3035
2996
177
3021
2985
3016
3032
3029
2891
3031
2685
1799
3005
1652
3012
3079
828
3028
3003
2990
3027
3035
3013
280
2991
2340
3026
3033
3072
2803
3014
2800
2998
3013
2998
1209
3004
3039
3011
2976
2995
3014
3015
2982
354
2988
3018
2318
2507
2998
3027
2985
3003
337
2076
3028
3014
2981
780
2996
2978
3019
3005
3006
3002
2968
3008
3035
2980
2996
3030
2989
2956
3042
3012
3030
639
2386
2994
2972
3041
3010
2994
3090
2951
3027
2995
3023
2886
3013
3009
3018
2991
1107
2943
3013
3035
3036
2982
394
2949
2988
3026
3025
3017
2533
3022
2991
3029
1708
3034
2989
3001
2428
3009
3009
3000
3029
3008
2987
2960
3016
2654
2840
3014
2998
2987
3001
3002
3005
3020
3001
3006
3004
3035
2937
3021
3051
3031
3013
2990
2909
3023
3011
3020
2864
2999
2579
3045
2979
3014
3008
195
865
820
2999
3038
3006
944
2999
2994
3002
3025
3011
3006
3023
3012
3014
3000
3021
2753
3027
3010
3031
2573
3027
3015
3081
3014
3030
887
3037
2997
3015
2983
2996
3012
3019
2985
2956
3018
3036
3017
3036
3008
2988
2994
3020
1368
3005
3017
3047
2994
3004
788
460
3015
3017
2975
3044
2991
2742
3008
3014
3015
2982
3033
3019
2994
3005
3009
3033
3006
3015
2998
3015
3032
3007
3030
3028
2821
262
3025
3026
2978
3014
2993
3009
793
3041
3023
2976
3019
2981
2975
3018
3031
2956
3050
2986
3022
3011
3026
3039
2957
3029
2977
2999
2996
2311
3031
3000
2952
3028
2953
3017
3083
2981
2939
3014
3009
466
354
3023
3036
313
3009
3024
2978
3020
3023
600
1940
3030
3025
2999
3020
2987
2987
3023
3004
3028
2921
3020
3003
3069
3007
3025
2993
3008
3025
3030
2958
3033
3036
3007
3016
3027
3051
3029
3059
3005
2994
3020
3019
3015
3032
3002
3041
2968
2988
1138
2981
3023
2993
2989
2992
3067
3007
3007
813
2962
2939
2991
3033
3021
3030
3021
2971
3031
2968
3025
3030
3062
3044
2998
3017
3023
3010
2970
2960
3031
3035
2999
3017
3020
3065
2374
3076
2627
3093
3016
3008
2932
3005
3018
3006
3028
2998
3026
3048
3020
3047
2993
2987
2995
3013
2983
3014
2579
2997
3034
3010
3007
3017
3018
3088
3012
2997
2060
3032
2257
3006
2986
2998
2994
3021
3027
3012
3023
2602
3010
3038
2997
2970
3017
387
1352
2998
2967
2917
3028
3007
3043
2986
2997
2978
3006
2993
2997
3051
495
3017
450
3005
3017
576
3024
2023
3020
3016
3022
3112
3004
2993
3000
2932
3022
3052
3020
3023
3010
2939
2421
3017
1338
3020
3011
2971
3043
3018
3045
929
3013
3004
3015
2905
1995
3011
1165
2969
3005
3026
3021
3020
2364
3002
3024
2914
2909
3017
3024
3037
3011
3007
2999
3074
3008
3013
3028
2991
3012
497
3001
3019
3001
3018
2725
3007
3013
2967
3012
3012
2960
2981
3028
2940
3004
3025
3009
3054
3019
3083
2996
209
3038
2753
3021
3037
3030
3004
3002
3025
3038
3044
3015
3015
3030
3004
3019
3011
3016
2997
3025
1979
3064
2500
1605
3012
3015
3004
1147
2976
3000
3043
3019
3069
2990
3030
1156
3023
3004
3020
3034
3019
2993
3079
3010
3034
1845
2984
2998
3026
2994
3000
3091
3039
3024
3027
3031
3026
3030
3040
3028
3010
3020
3004
3008
3016
3027
3025
3048
3005
3021
3001
2912
3027
3086
2996
2986
2999
3019
3005
2832
3045
2998
3022
3026
3010
3011
518
3023
3008
3011
2987
2982
2998
534
3051
3010
1448
3040
3004
3017
3016
3020
2910
3008
3076
3014
3001
3009
206
3011
3009
2996
2978
2964
3024
1862
2989
3021
386
3012
2992
3025
287
3019
3027
2728
3027
3036
3008
3024
2992
3000
2674
2991
2995
2990
2997
2977
3000
3023
3025
2975
3048
3011
3011
3044
3020
2993
2981
2995
2989
2995
2161
3043
3004
1824
3014
3009
3001
3008
1833
3028
3014
2999
3010
2110
3012
2989
3073
3032
3006
730
3096
2968
3014
2417
3009
3039
3023
2996
3031
3008
2654
3023
2912
3009
3023
3021
3030
2987
2978
3035
2993
3018
2988
3012
3020
3001
285
3024
3008
2988
3009
3020
3012
480
3024
3016
3014
664
3039
3013
3018
3017
2993
2966
2997
3039
3014
3009
3017
3027
2979
3018
2969
2996
2996
3035
3004
3038
3009
3002
2973
2991
3023
2799
2619
3004
3026
3026
3096
3026
3005
3039
3039
3015
2993
2949
2984
3019
3024
2997
2994
3006
2395
2957
3020
2912
3012
3002
3020
2998
2230
3037
2995
1063
3055
3038
3007
3038
2994
3008
3008
3000
2984
2940
3017
3002
3017
2993
2988
3007
3041
2977
2931
3032
686
2956
2974
3042
3035
3002
3025
3004
3000
3024
3034
3019
3037
2110
2980
3013
2997
2997
2744
3038
3009
3000
3033
3043
2559
2960
3002
2980
3010
2982
3015
3011
3010
2564
3013
1937
1817
3025
178
2992
3006
2838
624
2897
3024
3020
2996
3010
3028
2976
3021
3020
3015
2984
3000
3014
3020
3018
2991
2691
3007
3026
3044
2991
3003
3018
3002
3026
3014
230
3032
3040
2925
1967
3038
2422
2879
3024
3041
3001
3046
3009
3008
3019
3037
3040
3011
3009
3009
3022
2508
504
3033
2975
3037
3021
2991
3028
3045
2976
2912
2999
3015
1218
2872
2995
3013
2999
3034
3015
3002
2939
3020
522
3023
3024
2981
2998
797
3009
2972
3008
2771
2982
3031
2988
3020
2997
3003
617
3033
3010
2998
3029
3011
3042
3040
2945
2999
3001
1355
3040
2982
3028
2991
2051
3007
3015
3010
195
1388
3026
3018
3005
3014
2973
3028
3000
3014
3045
2998
3001
2619
3003
2919
3007
3010
3028
2980
3004
2994
3022
2998
3038
3016
3030
284
3000
3068
2875
3052
2992
2993
3026
3016
3031
3000
3023
2978
3003
2989
3029
3025
3035
3023
3019
3000
3058
3012
3013
3028
3001
3006
2960
3008
2984
3004
713
3032
3038
2987
2988
3012
3009
2967
3023
2988
3004
1477
2978
254
3025
3027
3026
3006
2985
3011
3027
3021
2663
3020
3024
2996
3027
3008
3003
2978
3015
2997
3015
3018
2997
3027
2406
3023
3024
3028
3008
2948
3016
3017
3011
2969
3022
3031
1402
2998
2987
3020
2901
3014
3036
3015
2993
2973
3022
2967
3029
3025
3022
3014
2991
3017
3031
1211
3088
3030
490
3027
3025
2983
3019
2629
3012
3005
2999
2782
3002
3015
3010
3011
3026
1348
1507
2993
3018
3018
3007
3016
3006
2095
2961
3019
3019
3074
2999
3002
3061
3040
2976
3032
3015
3002
3012
2998
3008
3032
3021
2993
3017
2971
2956
3015
3040
2989
2996
2998
647
3044
2481
3004
2982
2986
2996
3026
3014
2977
3018
2992
3021
2985
3022
2999
3014
3018
3030
3017
2077
3011
3030
3028
3017
3043
2977
2828
2950
2979
3022
256
2980
178
1215
3033
3028
3038
1193
384
3021
1027
3015
3033
2989
3008
3046
3017
2997
3024
2985
2992
3006
3015
1100
2994
3003
3051
2993
3011
2968
2996
3008
3025
3003
3018
3024
3013
2995
2959
3026
3000
3034
2999
3009
3041
3022
3010
3018
2977
2986
3010
2991
2241
1484
2996
3023
3025
3007
3035
3013
3034
3033
3015
3055
2983
3008
3023
2994
3011
2961
2967
3040
3043
843
3010
3003
2905
3007
3015
3003
3004
2938
3023
3012
3045
2984
3005
2971
2989
3004
2853
3012
3034
2964
3003
2991
3020
2986
2995
3078
3005
3002
3021
2940
2079
3009
2978
3004
3025
3014
2998
3022
2999
3013
3014
3015
2982
3008
3021
3037
2972
2912
3037
3033
2998
563
3019
2994
2976
3011
3020
3001
2934
3023
3009
3000
3019
368
2095
667
3041
2985
3109
3004
3008
3042
3041
3020
3001
3008
2983
2904
2992
3017
3041
3011
3021
3020
2990
2988
2987
3000
3023
3008
3022
3006
3036
3001
3008
3004
3015
642
3008
3026
2987
304
3024
3005
3015
3045
3016
2981
3016
3024
3005
690
2270
2968
3053
3082
3019
3000
2983
464
3026
2979
3060
3039
3025
3029
3006
3018
2994
2766
2939
2994
2994
2967
2998
3034
3024
3020
2999
3040
3029
3020
3022
3050
3009
3078
2999
2956
3064
3037
3045
2991
3002
3035
3013
3013
2999
500
3021
3009
2984
2949
3026
3015
793
3041
3017
2978
2987
3011
3022
3043
3008
3017
2967
2929
2999
3025
2946
3007
1752
3026
3067
3019
2968
3030
3018
2086
3020
3016
3003
2994
3021
3043
3039
2993
2995
3010
3000
1950
3085
2984
3005
3033
3022
3000
3000
2968
3022
2986
3009
3021
1170
3019
3020
3058
2810
3039
3002
3026
2985
3015
3010
2983
3006
2990
3034
939
2994
3017
1201
3014
3043
3010
3005
3050
2525
3004
3022
2979
3013
3036
3019
371
3001
3028
3040
2994
3023
3020
334
2727
3017
2989
3005
3057
2987
3025
3025
2794
3026
2826
3012
2998
3047
3037
3002
373
3012
2989
2998
3007
3022
2974
2965
3006
3016
3014
2976
2983
2996
2997
2980
2989
1462
2962
2820
3017
3014
3030
3027
3029
2984
