1539
847
1538
1547
1525
1449
1536
1534
1533
1519
1529
1536
1545
1538
1543
1535
1544
1528
1544
1540
1475
1541
1540
1093
1554
1544
1537
1546
1544
1547
1536
1536
1533
1469
1545
1535
1535
1542
1529
1519
1524
1536
1506
1541
1529
1543
1540
436
1553
1539
1536
1534
1520
1543
1544
1536
1541
1536
1520
1532
1541
1545
1533
1539
1024
1546
775
1529
1529
1537
1542
1525
1539
1535
1532
695
1525
1532
1529
1524
1084
1538
1535
1540
1538
1007
1533
1541
974
1533
1542
1505
1543
1536
1536
1450
1001
1547
1540
1537
1529
1550
1541
1545
1541
1534
1538
1538
828
1535
1544
1540
1498
1530
1542
1536
1197
1505
1543
1549
1539
1536
1545
1528
1126
1535
1550
1533
1542
1534
1538
1534
1538
1505
1524
942
1536
1345
1504
1540
1541
1521
1531
1166
1550
1540
1533
1536
1541
1516
1539
1530
1543
1534
1298
1540
1535
1537
1540
1540
1541
1533
1526
1512
1522
1547
904
1502
1524
1527
1539
1546
1535
1516
1550
1536
1537
1536
1536
1535
1532
1549
1538
1535
1533
1530
1543
1536
1243
1529
1538
1530
1536
1537
1535
1530
1525
697
1531
1477
1538
1533
1543
1554
1539
1548
1538
1545
1528
1542
1528
1540
1544
1530
1526
1536
1538
495
1541
1542
1547
1531
1543
1534
1171
1533
1545
1536
1537
1519
1521
292
1543
1541
1530
1539
1528
1540
1535
844
1543
1539
1534
1538
1503
1035
1542
1549
1542
1533
1532
989
1542
1530
1532
1501
1534
1525
1542
1536
1540
1521
1536
774
1535
1420
1536
1544
1524
1543
1542
1528
1533
1543
1538
1526
903
1538
1527
1546
1552
1538
1184
1543
1538
1544
1527
1547
1538
1536
1539
1533
1539
1533
1543
344
1535
1547
1541
1529
1546
1537
1534
1543
1268
1545
1532
1542
1540
1531
1540
1514
1537
1543
1538
1540
1505
1002
819
1510
1544
1532
1529
1537
1532
1538
664
1527
1535
1541
1531
1548
1537
1534
1539
1544
1499
1544
1529
1541
1521
1532
1531
1541
759
1515
1538
1543
1540
1542
1538
1525
1517
1526
1539
1531
1547
1441
1520
1507
1527
1539
1536
1523
1534
1546
1522
1533
1308
1521
1531
1534
1539
1531
1505
1527
1540
1050
1544
1539
1505
1539
1539
1529
1524
1494
1533
774
1532
1532
985
1460
1533
1523
1514
1531
1529
1537
1523
1549
1534
1529
1541
1537
1537
1529
1533
1532
1288
1541
523
1538
1546
1540
845
1533
1547
1532
1524
1537
1539
1549
1542
1538
1223
1546
1532
1544
1522
1508
1537
1535
1540
843
1536
1534
1531
1544
780
1537
1534
1525
1518
1536
1539
1433
1529
1538
1524
1547
1531
1502
1526
1529
1536
1067
1535
1548
771
1541
1547
1542
1556
1545
1555
1540
1251
1542
1542
1527
1536
1536
1527
1537
1540
1326
1533
658
1550
1478
1540
1541
1564
1529
1536
1547
1534
1539
1533
1534
1523
1530
1537
762
1532
1539
1549
1544
1522
1521
1536
1536
1421
1508
1533
1523
1526
1533
1526
1529
1536
1532
1541
1506
1543
1530
1539
1520
1533
1528
1525
1524
1540
1532
1540
1541
1542
1529
1541
1537
1531
1530
1525
1532
1524
1543
1541
1534
1528
1529
1533
1538
1536
1546
1531
1529
1531
1538
1535
1539
1542
1538
1538
1534
1553
1513
1524
1534
1530
1536
1533
1032
1535
1553
1523
619
1539
1541
1531
1541
1542
1542
1534
1514
1538
1534
1539
1531
1490
1536
764
1527
1532
1540
1541
1553
1512
1528
1543
1537
1544
1536
1531
1531
1507
1535
1539
1538
1536
1514
1528
1526
1548
1524
1518
1538
1537
1517
1534
1539
1521
1531
1534
1538
1409
1529
1538
1541
1534
1517
1546
1536
1533
1534
1534
1544
1535
1535
1539
729
1535
776
1540
1538
732
1540
1549
1529
1533
1526
1543
1544
1534
1532
1541
1189
1521
1532
1536
1533
1523
1533
1532
890
1517
1541
1539
1543
1538
1548
1543
634
1254
1539
1534
1541
1399
1537
1535
1541
1540
1535
1544
1319
1543
1524
1545
1539
1537
1533
1531
1529
1531
1541
1548
1534
1547
1526
1528
1535
810
1551
1541
1533
1539
1534
1387
1513
940
1535
1058
1536
1514
1544
828
1510
1535
1540
1534
1459
1522
1539
1535
1537
1529
1443
1545
1536
1526
1521
1538
1539
1119
1526
1537
1546
1509
1524
1532
1554
1530
1527
1531
1537
1536
1538
1529
1547
1547
804
1534
1547
1539
1535
724
1541
1538
1544
1530
1533
1539
1533
1527
1537
1534
1516
1525
1534
1538
1545
1547
1542
1543
1534
1504
1524
1537
1523
1546
1544
1520
1533
1537
1533
1529
1534
1546
1538
1528
1533
1525
1536
1457
1534
1526
1536
1514
1547
1539
1514
1533
1545
1102
1535
974
1531
1537
1535
1539
1536
1541
1519
1508
1396
1533
1542
1528
1533
1535
1505
1483
1535
1529
1522
1531
1528
863
1511
1520
1502
1530
1535
1542
1537
1540
1544
1518
1539
1539
1541
1543
1537
1537
1536
1537
1537
1543
1528
1529
1540
1533
1537
1544
1534
1537
1535
1517
1531
1529
807
767
1537
1534
1516
1534
1535
1486
1528
1540
1545
1535
1527
1532
1537
1533
1521
1521
1528
1540
1534
1512
1515
1539
1533
1533
415
1538
1530
1534
1538
1538
1529
1530
1534
1536
1534
1537
1529
1534
1533
1527
1535
1541
1081
1542
1535
1539
1545
1552
1539
1532
913
1533
1543
1555
1359
1536
1553
1538
1553
1547
1542
1538
1534
1540
621
1494
1544
1550
1540
1541
1518
1544
1546
1532
1534
1538
1532
1540
1541
1420
1526
1540
1545
1536
1536
1528
1538
1535
1539
1537
1535
1537
1540
1535
1537
1549
1530
1499
1507
1537
728
1548
1542
1535
983
1544
1538
1540
1543
1546
1537
1500
1538
1543
1534
1532
1003
1532
1534
1537
1104
819
1525
1544
1537
875
1524
1526
1538
1532
1541
1540
519
1533
1530
1532
1537
1527
1539
1521
1537
1538
748
1532
1504
1533
1541
1479
961
1548
1536
1540
1525
1536
1542
1541
851
1542
1538
790
1540
1533
1553
1547
1539
1544
1499
1538
1544
1538
377
1545
1532
1541
1543
1543
1543
843
1540
1538
1542
1539
1535
1534
1537
1538
1531
1518
763
1535
1537
1521
1537
1538
1553
1534
1522
1540
1538
1536
1524
1528
1532
1540
1544
1521
1530
1531
1521
1539
1550
1535
1538
1500
1550
1542
1550
1532
1525
1519
1514
759
809
1532
1537
1542
1536
1518
1395
1505
1539
1527
1544
1531
1532
1535
1536
1523
1536
1536
1538
749
1516
1524
1539
1544
1532
1507
1537
1218
1540
1538
1541
1543
1520
1533
1516
1516
1548
1538
1521
1531
1541
1540
1537
1541
1089
1531
1539
1523
1537
1529
1537
1538
1519
1540
1528
1539
1539
1519
1521
1544
1534
1531
1535
1541
1530
1538
1535
1542
1544
1532
1541
1512
1525
1549
1544
1544
859
1509
975
1547
1542
1533
1543
1535
1543
1541
1517
1538
1522
1536
1525
1559
1538
1532
1531
1530
1532
1541
1525
1535
1543
1537
1530
1542
1413
1541
1535
1551
1536
1320
1525
1538
1527
1529
1544
1532
1532
1533
1536
1546
1511
1524
1540
1527
1536
762
1541
1547
1531
1355
1531
863
1533
1530
1529
1536
1523
1430
1543
1539
1518
1113
1447
1524
1542
1522
852
1534
1147
1537
1523
1544
1539
1534
1528
1538
1387
1534
1535
1533
1524
1537
1538
1535
1523
1541
1526
1535
1501
1541
1279
1532
1532
1540
1545
1519
1534
1543
1528
1548
1539
1536
1537
1541
1535
1366
1519
1279
1532
1529
1535
1535
1525
1541
1533
1536
1214
1540
1533
1541
1532
1536
1525
1427
1537
1537
1531
1528
1519
1523
1534
1529
1515
1534
1541
1528
733
1531
733
1539
1536
1526
1538
1529
1532
1173
1491
1528
1536
1538
1540
1542
1544
1539
1534
1543
1536
1549
1536
1525
1521
1528
1538
1546
838
1531
1535
1533
1516
1543
1538
1536
1523
1538
1529
1531
1541
1539
1535
1536
1535
1539
1530
1534
1535
1532
1532
1533
1179
1535
1528
1539
1528
1546
737
1533
1533
1515
1527
1485
1535
1547
1529
1532
1533
875
1538
1537
1541
1560
1543
1421
1550
1541
1546
1542
1522
1533
1462
1547
1539
1527
1540
1545
1526
758
1536
1529
1546
1541
1537
788
1537
1523
1539
1540
1536
1543
1538
1539
694
1539
1541
1539
1539
1522
1529
1537
1545
1537
1516
1535
1527
1536
1547
1533
1520
1545
1541
1544
1535
1538
1530
1537
1545
1528
1543
1505
1535
1544
1545
1536
1533
1543
1533
1538
1541
1532
1296
1537
1490
1258
1544
1532
1539
1543
1537
1531
723
1526
1536
1550
1521
1546
1540
1534
791
767
1540
1549
1543
1526
1526
1534
1537
1523
1545
1022
1536
1535
1536
1538
1536
1537
1532
1538
1542
1538
1531
1537
1529
1529
1541
1537
1528
1538
1541
1515
1537
1536
1543
804
1532
1536
1553
1530
1545
1434
1422
1542
1536
1549
1559
1534
1539
1532
1534
1186
1537
1546
1539
1541
1540
1534
1497
1548
1534
1518
1541
823
1533
1542
1537
1543
1534
1520
1357
1533
1537
1383
1539
1522
1544
1523
1525
765
1528
1529
1535
775
1526
1528
1527
903
1543
1541
1533
1534
1538
1532
1417
1542
1518
1535
1536
777
1547
1530
1543
1530
1372
1540
1540
1542
1536
1533
1545
1532
1501
1531
1531
1528
1529
1523
1528
1529
1531
1511
1538
1533
1517
1502
1521
1536
1540
1536
1541
1537
1447
860
1533
1510
1541
1534
1544
1527
1537
1521
1539
1538
1544
1525
1543
1535
1539
1457
1542
1129
1453
1533
1470
1541
1521
1530
470
1539
1536
1536
1525
1535
1543
1536
1538
1544
1547
1537
1538
1543
1546
1537
1539
1547
1530
1536
1538
1537
1525
1527
1526
1538
1529
1530
1544
1528
1535
1534
1536
1541
1535
1436
1530
1540
1533
1533
1540
1523
1543
1530
1533
1543
1533
1469
1531
1522
1525
1530
1531
1415
1542
1532
1539
1539
1543
1532
1528
1531
1521
1549
1545
1532
1555
1519
1037
1541
1540
1530
1537
1533
1538
1519
1433
1510
1541
1530
1559
1530
1305
1535
1535
1540
1537
1507
1535
1518
1529
1535
1536
1541
1534
1541
1528
1528
1543
1540
1541
1542
1527
1544
1539
1410
1547
1539
1531
1536
1531
1523
1538
1541
1535
1532
1526
1541
1525
1492
1541
1545
1527
1376
1536
818
1542
1534
1544
1550
1546
1442
1536
1535
1507
1540
1533
1540
1534
1534
1497
1534
1545
1536
1527
1532
1536
1531
1540
1542
1537
1539
1522
1051
1542
1539
1548
1543
1526
1532
885
1540
1551
1540
1533
1547
1534
1544
1528
1218
1520
1537
1542
1533
1543
1538
1534
1534
1545
1527
1534
1536
1535
1501
1531
1542
1467
1541
1533
1534
1543
1523
1534
1531
1529
1536
1541
1534
1520
1541
1535
1544
1512
1538
1542
1528
1539
1521
1547
1547
1543
1536
1533
1504
1530
1535
1537
1534
1536
1535
1535
1512
1541
1534
1543
1540
1539
1531
1327
1518
1530
1543
1527
1513
1530
1545
1505
1535
1479
1535
1530
847
1528
1504
1539
1540
1027
1531
1541
1532
1544
1520
949
1532
1537
1511
1536
1537
763
1537
1537
1537
1534
1541
1537
1546
1531
1531
1530
1528
1527
1537
1536
1531
1540
1539
1533
1458
1529
1520
1541
1203
764
1534
1531
1527
1537
1541
1521
1535
1539
1535
1538
1538
739
1530
1537
1537
1548
1536
1539
1531
1523
851
1540
1531
1534
1543
1542
1515
1534
1541
1531
1540
1518
1538
1536
557
1529
992
1534
1540
656
1543
1541
1544
1538
1536
1539
1547
1111
1536
1535
1523
1522
1538
1530
1527
1538
1538
1202
1540
1543
1539
1171
1533
1537
1534
1523
1536
1072
1551
1536
1534
1547
1537
1535
969
1534
1537
1354
1543
1544
1541
1528
1540
1504
1542
468
1519
1534
1526
1538
1519
1511
1548
1531
1538
1530
1531
1548
1533
1534
1539
1533
1542
1529
1533
1537
1534
1540
1523
1527
1531
1543
1531
1530
1522
1540
1537
1544
1533
1535
1539
1552
1525
1528
1537
1534
1531
1533
866
1540
1548
1532
1532
1526
1530
1533
1541
1532
1398
1508
1539
1536
1544
1534
1540
1540
1551
1549
1548
1552
1542
1543
1533
1538
1544
1527
1516
1459
1544
1535
1539
1537
1538
1523
759
1551
1527
1546
1528
1539
1533
1526
1517
1535
1535
1541
1548
1548
1524
1536
1533
1536
1540
1549
1534
1539
1070
1525
1543
1534
552
1513
1532
1537
1540
1521
1539
1549
1530
1066
1529
1535
1549
1510
1529
763
1536
1532
1395
1506
1549
1541
1530
1539
1538
1551
1533
1542
1541
1530
1532
1531
1548
1535
1528
1529
1530
1531
1023
1525
1516
1543
1535
1539
1525
1535
1534
1534
1524
1535
1544
1539
1528
1519
1523
1533
1516
1529
1531
1531
1533
1552
1529
1536
1535
302
1531
1517
1529
1537
1542
1533
1525
1548
1525
1511
1535
1495
1530
1527
1541
1518
1536
1539
1539
1106
1540
1533
1521
1531
1534
1521
1536
1536
1526
1542
1546
1537
1537
1539
1536
1532
1527
1539
1534
1539
1538
1520
1543
1528
1550
1518
1542
1539
1546
1536
1533
1533
1518
1538
812
1534
591
1547
1540
1510
1534
1542
1533
1537
1532
1540
1520
1541
1539
1538
1538
1523
1541
1545
1531
1542
1538
1539
1536
1520
1529
1536
1541
1546
1530
739
922
1542
1488
1542
1534
1475
1536
1539
1530
1527
1528
1523
1516
1535
1520
1538
673
1544
1535
1535
1530
1529
1545
1348
1500
1531
1538
1526
1544
1551
822
1541
1520
1544
1543
1505
1473
1315
775
1540
1551
1532
1540
1522
1532
1514
1539
1544
1453
1563
1531
1548
441
776
1530
1541
1302
1525
1549
1534
1524
1528
1532
1541
1161
1532
1451
1530
1540
1537
1543
1537
1542
1530
1546
1422
1536
1544
1535
1538
1515
1537
1534
1528
715
1532
1542
1524
1534
1544
1533
1523
1542
1541
1539
1545
1538
1521
1524
1524
1537
1541
1532
1539
1541
1535
1543
1553
1522
1511
1533
1523
1425
817
1544
1504
1538
1536
574
1532
1540
1541
1534
1542
1537
1521
1399
1530
1530
1539
1536
1534
1532
1539
1543
1539
1523
1537
1533
1247
1526
1545
1540
1528
1533
1544
1531
1533
1541
1531
1537
1534
1549
1519
1056
1524
1529
1540
1534
1535
1538
1532
1540
1536
1515
1535
1539
1534
1539
1177
1539
1533
1536
1500
1523
747
1533
1528
500
1539
1536
691
1528
1514
1532
1540
1540
1523
1534
1536
1023
1539
1526
1537
1533
1524
1536
1308
1535
1467
1538
1529
1542
1534
1531
1535
1315
1532
1531
1539
1494
1507
820
1530
1526
1533
1518
1537
1536
1532
1495
1534
829
1514
1322
1527
1542
1529
1534
1545
1534
1533
1535
1535
594
1544
1536
1533
1536
1530
1543
1535
1542
1502
534
1520
1541
1525
1538
1535
1535
1535
1526
1528
1535
1537
1559
1531
1539
1533
1539
1060
1544
1240
1541
1536
1504
1538
1537
1541
1536
1545
1522
1540
1537
1496
1548
1537
1545
1531
1537
1535
1533
1536
1542
1533
1536
1526
1535
1536
1533
1523
762
1542
1536
1528
1538
1543
1444
1543
426
1539
1534
1539
825
1538
1526
1529
1539
1531
1517
1541
1524
1541
1540
1540
1530
1532
1535
1540
847
1520
1544
1539
1545
1528
1529
1545
1542
1536
1540
1531
1528
1514
1536
1540
1531
1540
1537
1415
1527
1526
1532
1089
1519
1041
1532
1530
1527
1458
1540
1542
1521
1537
1504
1518
1544
1543
1538
1535
1525
1534
1536
1539
1510
1531
1545
1542
1523
1503
1526
1540
1538
1538
1538
999
1529
1232
1537
1529
1528
1545
1344
1527
1537
1524
1484
1544
1491
1549
1541
867
1537
1543
1544
1539
1536
1403
1536
1531
1527
1541
1505
1536
1533
1519
1514
1539
1543
405
1534
1533
1540
1538
1535
1521
1536
1533
1408
1342
1542
1536
1548
1546
1547
1226
1529
1531
1537
1532
1539
1534
1472
1539
1526
1536
1518
1536
1552
1531
1533
1517
1525
1531
1535
1536
1553
1533
1540
1532
519
1539
784
1538
1545
835
1543
1527
1513
1541
1542
1535
1525
1443
1531
1542
1532
1535
1514
1438
1540
1545
1538
1504
1520
1537
1535
1541
1541
1538
1054
1529
1536
1539
1536
1544
1534
1534
1539
1536
1522
406
1541
772
1545
1535
810
1536
1539
1537
1541
1537
1517
600
1556
1532
1548
1430
1529
1528
1512
784
1536
1538
1535
1539
1538
1523
1530
1536
1541
1526
1536
1535
1526
1534
1504
1536
1549
1508
1538
1539
1529
1541
1538
1532
1539
1495
1544
1535
1502
1540
1528
1049
1525
1548
1542
1531
1530
1536
1520
1532
1538
1542
1535
1534
1539
1533
1539
1532
810
1197
1530
1534
1543
779
1535
1529
1538
1518
1515
1531
1524
1532
1013
1527
1534
1521
1528
1542
1540
1538
655
1544
1539
1537
736
1534
1539
1532
1546
1537
1404
1539
1521
1545
1541
995
1545
1544
1534
1534
1540
1541
1215
1534
1426
1538
1537
1532
1540
1538
1537
1536
1518
1526
1550
1549
1536
1534
1535
1545
1512
1550
1539
1532
1533
1529
1118
1541
1553
1530
1538
1538
959
1531
1536
751
1528
1535
1533
1536
1544
1536
1442
1545
1533
1531
1530
1526
1515
798
1544
1536
1529
1533
1533
1523
1540
1535
1538
1530
1544
1521
1536
1542
676
1531
1522
1526
1148
1533
1535
777
1551
1544
1536
1537
1538
1540
1538
1530
1544
1516
1536
1540
1537
1537
1533
1520
1532
1533
1540
865
1537
1534
1535
1531
1530
1538
1370
1324
1533
1532
1535
1537
1525
1538
1535
1534
1527
1534
1532
1520
1546
1533
1536
1527
1536
1527
1542
783
1542
1530
1108
1421
1531
1527
1539
1531
1520
1514
1540
1533
1538
1166
1530
1541
1504
931
1536
1540
1531
1524
1498
1525
1536
1532
1533
1530
1528
623
807
1527
1517
1523
730
924
1541
1537
1540
1536
1529
1531
1531
1536
1531
1523
1546
869
1528
1533
1527
1529
1518
1522
543
1515
1534
1170
1545
1541
1501
1526
1533
1536
1549
1535
1532
1535
1539
1514
1542
1527
1415
1546
1517
1539
1529
1536
1540
1536
1525
1531
1542
1524
1547
1531
1503
1531
1529
1544
1537
1535
1534
1517
1542
1541
1536
1537
1523
1536
1525
1176
1528
1545
1555
1534
1538
1534
1525
1522
1536
1537
1535
949
1531
1530
1510
1528
1529
1531
1534
1535
1350
1533
1517
1537
1534
1546
1531
1526
1525
1537
1453
1354
1535
1534
1533
1306
1526
1526
1527
1530
941
1523
1525
1017
1539
1121
1519
1533
1536
1537
1535
1535
1534
1524
1533
1535
1534
1542
1542
1535
1514
1546
1543
1153
1530
1532
1546
1540
1540
1540
1527
1487
773
1542
780
1291
1537
1542
1536
1540
913
1524
1541
1521
1539
1387
1507
1534
1521
1533
1533
1542
779
1549
1521
1525
1539
1531
1538
1547
1539
1521
1529
1534
1529
1546
1545
1537
1526
1537
1536
1537
1526
1533
1524
1531
1541
1532
1541
1531
1532
1535
1536
1531
1534
1544
1547
1538
1524
1036
1531
1539
1523
1533
1531
1522
1543
1513
1537
1530
1530
1529
1541
1543
1529
1510
1525
1529
1542
1526
1539
1538
1549
1535
1526
1531
1538
1534
982
1541
1530
1534
713
1530
1531
1531
1544
1546
1539
1530
1521
1516
1534
1521
1542
1538
1542
1543
1525
1538
1540
1533
1535
1532
1511
1540
1520
1537
1538
1504
1537
1535
1528
1535
1551
976
1520
1535
1541
1539
1545
1543
1511
1541
1559
1531
1523
1531
1530
1521
1539
1538
1549
1531
1533
1535
1539
1540
1532
1191
1538
1534
1269
1519
1535
1545
1524
1542
1129
1532
1535
1528
1539
1542
1537
1534
1544
1540
1535
1533
1540
1378
1009
1551
1317
1541
1539
1527
1525
1529
1549
1522
932
1538
1528
1534
1535
1524
510
1497
1536
1190
1521
1534
886
1533
1527
1535
1544
1533
1536
1532
1538
1546
1542
1534
1531
1544
1529
1533
1541
1532
1544
1539
1531
1518
1435
1533
1534
1520
1531
1541
1538
1540
1534
1537
1537
1536
1538
1517
1110
1531
1544
1525
1516
1528
754
1549
1514
1521
1536
1496
1531
1536
1498
1533
1521
1540
779
1543
1531
1537
1539
1448
1529
1538
1530
1531
1533
693
1523
1538
1538
1540
1536
1544
1528
1530
895
1535
1413
1535
1540
1522
1536
1542
537
340
1538
1551
1533
1549
1542
1539
1516
1539
1534
1543
1095
1538
1534
1541
1540
1091
1538
1533
1543
1254
1533
1548
1530
1519
1549
1508
1539
886
1532
1542
1537
1541
1535
1542
1536
1538
1507
1536
1538
1530
1535
1532
1551
1537
865
1541
1545
1213
1519
1549
1530
1543
785
1531
1541
1543
1283
941
1505
1538
1527
1538
1534
1537
1527
1484
1509
1537
1516
1534
1502
1539
1550
1536
1517
1525
1532
1536
1527
1532
1534
1538
1545
1532
1529
1533
1519
1537
1541
1534
1544
1529
1540
1543
860
1531
1524
1534
1541
1533
1529
1525
1529
1279
1542
1533
1540
1531
1536
1537
1537
1542
1538
1112
1544
726
1537
1536
1540
1526
1542
1525
1529
1535
1537
1536
1534
1516
1535
1536
1541
1440
1533
1538
1548
1534
1543
1532
1533
1538
766
1542
1535
1517
768
1533
1546
1547
1536
1540
1542
1016
1538
1546
1545
1537
1549
1529
692
1514
1533
1542
1540
1552
1536
1540
1529
709
1528
1545
1524
1547
1549
1537
1539
1539
1517
1521
1519
1538
1516
1523
1530
1521
1460
1541
688
1541
1539
1549
1536
1542
1537
1546
1114
1551
1530
1539
1539
680
1543
1528
1536
1546
1537
1548
1552
1541
1471
1527
1524
1532
1430
1539
1547
1088
1531
1532
1546
1546
1534
888
1544
1540
1540
1541
1526
1543
1520
1521
1540
1508
1513
1547
1525
735
1537
1523
1530
1538
1542
794
1169
1539
1541
1540
1539
1541
1543
1538
1541
1526
1504
1528
1511
1527
895
1533
1535
1526
1533
1529
1528
1539
1549
1522
1533
1523
823
1542
1538
1546
1537
1536
1517
1548
1536
1534
1537
1544
1547
1535
1544
1533
1540
1534
1539
1533
1545
1518
1539
1531
1529
1535
1545
1541
1528
1532
1534
1539
1532
1506
751
1543
1533
1529
1540
1534
1536
1533
822
1542
1531
1541
1533
1540
1516
1531
1534
1513
1531
1531
1530
1398
1537
1529
803
1542
1537
886
1534
1537
1519
1534
1514
1532
1495
1519
1532
1533
1531
1525
1132
1531
1534
1537
1541
1514
1527
1529
1532
1548
1526
1538
1517
1542
1519
1540
1535
1524
1531
1517
1454
1526
1528
1535
1534
1518
1530
1542
1536
1542
1537
1528
1291
1528
1535
1534
1532
1534
1531
1523
1532
1531
1534
1549
1540
1533
821
1506
1234
770
1527
1533
1526
1537
1531
1541
1536
1542
1540
1538
1501
1524
1533
1527
1553
1371
1530
1528
1544
1533
1524
1534
1528
1532
1535
1510
1523
1536
1539
1545
1536
1541
1514
1541
1536
1527
1540
1538
1515
1524
1548
1521
1537
1541
1550
1519
1530
1536
773
1519
1543
1539
1545
945
1539
1541
1523
1541
1535
1552
1546
874
1529
1550
1540
1013
1533
1419
1539
1543
1541
1532
1545
1497
1540
923
1468
1541
1543
1546
1547
1537
1537
1536
676
1534
1458
1530
1540
1523
1525
1531
1537
1543
1111
1515
1530
1542
1547
1539
1534
1551
1534
1543
326
1544
1530
1513
1532
1541
1496
1542
1508
481
1536
1516
1539
1531
366
1542
1538
1549
1466
1535
1534
1543
1538
1500
1535
1530
1540
1534
1252
850
1537
1541
1537
1503
1530
1540
1536
1542
1542
1523
1539
1539
1544
1533
1546
1539
1544
1522
1542
1541
1527
1538
1535
1524
1539
1530
1542
1527
1529
1526
1502
1545
1531
1530
1550
1527
1534
1539
1534
1540
1540
828
1523
1537
1534
1533
1536
1535
1536
1538
1533
1516
1539
1544
1542
1336
1508
1534
1535
1520
1539
1525
1538
1541
1539
1519
1546
1523
1531
1516
1525
1537
1548
1268
1533
1534
1536
1531
1539
1533
1540
1539
1537
1535
1521
1537
1531
1539
1460
1532
1526
1536
1530
1532
1545
1527
1521
1528
1500
1542
1529
1541
1533
1534
1539
1534
1536
1529
1533
1535
1541
1526
1539
1538
1535
1544
814
1537
1530
1528
1525
1537
1532
1535
1545
1530
446
1535
1522
791
1536
1531
1535
1532
1544
1523
1531
1530
1545
1530
1530
1526
1510
1530
1543
1538
1536
1546
1528
1531
1538
831
805
1541
1534
1532
1534
1536
1543
1515
1534
1520
1548
1532
1530
1525
1533
1543
1516
1527
1530
829
1534
1535
1527
1532
1534
902
1529
1533
1529
1540
1524
1546
1539
1303
1524
1542
855
1528
1545
1532
1539
1535
1164
1536
644
1538
1529
1526
1514
1519
1524
1531
1535
1550
1266
1520
1496
1544
1534
1544
1533
1540
1536
1225
1545
1547
1532
1164
1540
1540
790
1541
1540
1530
1543
1534
1526
1542
1512
1532
1532
1542
1527
1536
1533
1517
1531
1544
1538
1554
1527
1546
1539
1538
1534
1534
1523
1536
1538
1531
1547
1520
1537
1538
1395
1531
1541
1512
1530
1551
1156
796
1541
1514
1536
1538
836
1539
1537
1536
1538
1535
1538
1535
1531
1528
1534
1534
1365
1539
1537
1534
1535
1531
1539
1532
1530
1535
1536
1549
1543
1543
1537
1526
1537
1548
1530
1536
1543
1526
1525
1519
1540
1533
1538
1532
1532
1538
1546
1537
1532
1540
1534
760
1525
1542
1524
1537
1539
1426
1535
1520
1543
1538
1552
1518
1550
1528
1238
1528
1532
1538
1531
1544
1541
1537
1535
769
1539
1550
1542
1514
1534
1541
1536
1544
1538
1536
1534
1542
1530
1538
1544
1528
1534
1530
1545
1533
1536
1539
1524
1532
1539
1524
1544
1529
1535
1548
1529
1523
1530
1529
1537
771
898
1540
1537
1539
1542
1383
1541
1532
1534
1534
1535
1529
1530
1538
1537
1525
1548
1536
1529
1386
1532
1322
1532
1524
1531
1537
764
1531
1539
1537
1526
1529
1540
1532
1539
1536
1529
1545
1533
1539
1546
1535
1542
1526
1011
1542
1539
1545
1537
1523
1522
1343
1518
1543
1538
1544
1528
1538
1539
1537
1544
1523
1548
1509
1543
1539
1480
1204
1530
1533
808
1531
1493
1533
1530
1513
1535
1537
1537
1538
1539
1529
1529
1518
1524
1538
1532
1533
995
1519
1093
1530
1547
1527
1543
1531
1532
1513
1539
1348
1538
1529
1532
1540
996
1506
1540
1535
1533
1537
1539
1540
1501
1538
1462
1538
1533
1547
1508
594
1534
1512
1541
1515
1539
1532
1540
1540
1518
1537
1541
1540
1535
1533
911
1543
1542
1543
1539
1540
1537
1539
1526
1532
1522
1536
1541
1532
1539
1546
1508
1542
1416
1479
1543
1531
1542
1540
1539
1532
1503
1550
1526
1530
1537
1536
1530
1528
1535
1529
1526
1543
1529
1537
1541
1535
1485
1227
1541
1545
1504
1544
1538
1543
1523
1539
1534
1545
1540
1547
1530
1521
1545
1530
810
1527
1545
1513
811
1539
1141
1545
1541
1527
1538
1531
1542
1542
1546
1536
1524
1532
1538
1538
1531
1539
1530
1302
1521
1413
1543
1515
1524
1532
1541
1517
1531
1544
1532
1524
1545
1526
1523
1532
1537
1523
1538
1535
1372
1536
1533
655
1537
1521
1540
1541
1530
1547
1546
1538
1534
1550
1543
1517
1539
1528
1530
1544
1518
1534
1536
1542
1527
1521
1535
1540
1530
1534
1524
1542
1542
1539
770
1540
1490
1538
1541
1461
1529
1540
1535
1536
1540
1535
1529
1534
1169
1541
1037
859
1521
1169
1540
1523
1526
1542
1533
1526
1548
1528
1519
1538
1534
1531
1532
839
981
1535
1525
1519
1526
1539
1545
1534
1537
1533
1537
1516
1544
1522
1533
1532
1530
1489
1540
1529
1542
1517
1537
1537
1533
1537
1537
1528
1524
1539
1535
1423
1534
1532
1536
1513
1528
1537
1531
1548
1543
1535
1507
1540
1537
1537
1534
1522
1543
1535
1522
1539
1528
1535
1536
1528
768
1387
1533
1522
941
1529
1541
1539
1377
1533
1537
1536
1538
1460
1540
1538
1517
1529
1544
1527
1531
1531
1534
1536
1541
1527
1538
1490
1540
1537
1526
1541
1529
1535
1531
1531
1527
1539
1531
1494
1519
1214
1529
1537
1524
1528
1540
1537
1547
1540
1535
1027
1541
1542
1535
1536
1536
1522
1537
1504
1538
1532
1512
1538
1536
1532
1540
1535
1528
1534
490
1538
1532
1537
761
1528
1533
1518
1531
1534
1506
1527
1532
1532
1540
1534
1027
764
1537
1534
1529
1534
1532
1533
1533
1539
1544
1526
1539
1528
1547
1534
1526
1542
1538
1515
1533
1532
1146
1528
1531
1536
1146
1528
1536
1541
1538
1525
1531
1541
1536
1534
593
1519
1532
1145
1520
1508
1546
1538
1538
1158
1526
1546
1533
1516
1548
1537
1534
1535
1508
1527
1538
1532
1518
899
1534
828
834
1490
1528
1541
978
1544
1539
1531
1524
1534
1536
1540
1548
1529
1535
1537
1508
1547
1537
1542
1532
1545
1520
1538
1525
1536
1531
1531
1522
1545
1533
1517
1543
1392
1537
1534
1538
1539
1548
1398
1534
1538
1547
1524
1528
1542
702
1520
1512
1545
1533
1539
1533
803
1521
1507
1533
1540
1513
1503
1496
1540
1518
1537
1542
1537
1532
1534
1546
739
1509
1537
1544
1532
1540
1536
1539
1536
1551
1523
873
1486
1542
1545
1537
1539
1535
1545
1540
990
1534
1543
1538
1543
1528
1536
1539
1526
1532
1540
1551
1526
876
1534
1433
1523
975
1537
1532
1539
1543
1521
873
1547
996
1492
1536
1533
1516
1536
1529
1534
1542
766
1543
1537
1538
1541
1540
1521
1535
1541
1545
1535
1544
1392
1544
1535
1537
1505
1537
1540
766
1532
1526
1547
1546
1542
1532
1539
1535
1203
1538
1088
1536
1537
1539
1545
1537
1542
1534
1532
1537
1212
1552
1536
1533
1538
1513
1543
1538
1532
1520
1535
1536
1526
1522
1526
1539
913
1526
1531
759
1535
1535
1496
1534
1537
790
1538
832
1538
1537
1544
1542
1537
1531
1541
1535
1539
1538
1536
1530
1173
1538
1546
1538
1530
1543
1530
1540
1540
1527
1546
1509
1541
1536
1542
1540
1540
754
1516
1539
1526
1535
1549
1548
1532
1550
1542
1539
1531
1541
567
1540
1537
1537
1537
1542
1544
644
1538
1542
1546
1539
1537
1531
1535
1525
1535
1517
1541
1536
1539
993
1470
1543
1536
1538
1524
1550
1538
1539
1540
1540
1520
1536
1550
1536
1541
1543
1535
1541
1531
1520
1532
1531
1534
1520
1536
1538
1527
1539
1537
1470
1530
1531
798
1536
1444
1537
1538
1530
1492
1536
1542
1519
1518
1529
394
1525
1538
1529
761
1542
1539
577
1547
1541
1539
1452
1528
1517
1543
1026
1545
842
1083
1516
1530
1545
1533
1534
1190
1539
1546
1073
1508
1083
1531
1532
1545
1539
1256
1477
1540
1543
1528
1539
1537
1523
1529
1536
1540
1535
1539
1547
1521
1542
1530
1547
1538
1540
1535
1484
1535
1544
1541
1537
1505
1434
1534
1518
1529
1539
1516
748
1546
1542
1521
1524
1537
1539
1532
1528
1532
1540
1523
1550
772
1539
1536
1529
1539
1542
1539
1546
1538
1331
1404
950
1534
1535
1539
1526
1533
1541
1534
1512
295
1541
1529
1532
1537
1535
1529
1534
1544
1538
1536
1536
1503
1540
1547
1533
1521
1505
1532
1538
1538
1539
1534
1540
1541
1531
1545
1525
1535
1531
1536
1527
1537
1525
1522
1548
1519
1531
1198
1534
1531
1531
1548
1527
1541
1538
1536
1529
1518
1532
1544
1337
1530
1533
1521
1530
1531
1541
1530
1536
1532
1530
1517
1538
1533
1538
1531
1530
1539
1538
1529
1536
1525
1539
1541
1533
1531
1532
1539
1545
1542
1547
1535
1542
1537
1527
1533
1528
1536
1531
725
1534
1455
1533
1523
1532
1535
1538
1531
920
1522
1531
1525
1536
1536
1519
1530
1212
1536
1514
1540
1540
1517
1533
1530
1541
1544
810
1535
1534
1535
1491
1526
1539
1521
779
754
1524
1537
1538
1523
1541
1533
1539
1522
1541
1236
1497
1536
1532
1534
1540
1534
1532
1542
1549
1529
1550
1511
1536
1530
1536
1538
1534
1501
1519
1530
1537
1544
1529
1513
1529
1534
1536
1541
1539
1530
1537
1535
1535
1540
926
1533
1522
1532
1548
1526
1541
1535
1539
1516
1531
1538
1531
1519
479
1513
1536
1531
1300
1538
1546
1530
1519
1550
1534
1542
1549
1058
807
1522
1542
1507
1545
1531
1533
1538
1549
1528
1525
1544
1527
1549
1544
1541
1535
1334
1533
1522
1527
1541
1542
1530
1533
498
1536
1522
1538
1527
553
1535
1524
1513
1534
1529
1532
1541
1541
1534
1533
1537
1526
1481
1539
1131
1517
1522
1542
1531
1537
1529
1534
1544
1543
1540
1539
1531
1543
1543
926
1526
1534
1543
1533
1534
1149
1538
1534
1536
1543
1529
1526
1543
1528
1536
1538
1527
1547
1539
1523
1526
1545
1538
1534
1279
1536
1542
1533
1537
1235
1546
1541
1540
1533
937
1533
1529
1521
1533
1535
1005
1072
1537
1542
1521
1524
1535
1540
1539
1536
1543
1540
1541
1536
1540
1167
1533
1536
1492
1536
1537
1540
1174
1527
1536
1542
1551
1543
1533
1250
1539
1544
1525
1535
1540
1540
1542
1523
1535
1547
1535
1524
1542
1538
1533
684
1002
1537
1533
481
1535
1534
1534
967
1525
1532
1549
1532
823
1539
1541
1532
1535
1533
1542
1543
1548
1532
769
1535
1053
1536
1529
1110
1542
1528
1548
1539
1495
1533
1536
1539
1545
1539
1541
1537
1530
1544
1535
1538
1532
1539
1523
1543
1536
1533
1531
1535
1532
1544
1530
1535
1413
1536
1553
1065
769
1536
1541
1542
1538
1544
1532
1537
1552
1524
1538
1531
1430
1546
1542
1533
928
1083
1538
1235
1530
1527
1532
1531
1526
1546
1536
1532
1533
1022
1504
1538
1535
1540
1538
1511
1538
308
1543
1494
1538
845
1539
1531
1541
1505
1093
1532
1539
1536
1541
1544
1531
1530
1529
1539
1529
1521
1542
1530
1539
1536
1535
1542
1542
1530
1538
1538
1521
1531
1545
1521
1540
1541
1538
1534
1323
1507
808
1542
1534
1545
1545
1528
1551
1535
1519
1527
1538
1539
1542
1539
1313
1536
991
1532
1533
785
1536
1538
1538
1540
859
1537
1535
1529
1538
1554
1542
1525
1527
1540
1544
1538
1540
1531
1544
1544
1541
1331
1531
1020
1541
1293
1547
1538
1523
1538
1537
1538
1538
1537
1551
1540
1540
1519
1524
1528
1535
1535
1534
1538
1522
772
1536
1521
1533
1545
1537
1543
1529
1539
1526
1547
1542
1513
1521
872
1528
1532
610
1531
1527
1524
1537
1518
1525
1533
1361
1522
1540
1513
1527
1528
1536
1526
1477
1534
1183
1546
1534
1532
1529
341
1534
1529
1545
1535
1299
1538
1522
1541
573
1523
1539
908
1537
1547
1532
1544
1517
1524
1533
1526
1535
1519
1530
1535
1544
1515
1440
1511
1543
1538
1545
1530
1538
1519
1208
1539
1530
1539
1555
1541
1545
1536
1535
1536
1531
1529
1539
1541
1543
1530
1538
1541
1543
1540
1534
1539
1535
1547
1550
1535
1533
1520
1309
886
1543
1132
667
1539
1541
1539
1541
1535
1535
1537
1303
1524
1532
1521
952
1521
1514
1521
1538
1540
1545
1537
1539
1538
1538
1538
1532
1501
1536
1541
1524
1541
1547
1530
1537
1543
1497
1536
1523
1530
1546
1549
1065
1541
1544
973
1543
1525
510
1400
1531
1514
1543
1545
1536
1526
1547
882
1540
1452
1542
1538
1538
1504
1530
1536
1521
1531
1537
1528
1537
1547
1540
1503
1539
1543
1535
900
1537
1524
1548
1539
671
624
1447
1545
1541
799
1537
1514
1535
1521
1542
1532
1536
1203
961
1542
1542
1540
1533
1538
1541
1542
1538
1518
1534
1534
1520
1554
1521
1533
1531
1528
1537
1535
722
1542
1539
1525
1521
1538
853
1543
300
293
1532
1538
1524
1526
1538
1529
1534
1533
1521
1527
1528
1543
1534
1518
1532
1536
1542
1518
1538
1535
817
1530
1533
1533
1539
1534
1531
1535
653
1530
1256
1526
849
1539
1533
1536
1521
1532
1538
1532
796
1529
1534
1537
1548
1533
1492
1533
1528
1533
1542
1543
1137
1540
1532
1536
1537
1516
1099
1530
980
1538
1537
1545
1546
1521
1536
1540
1546
1538
1539
1534
1377
1528
1533
1532
1170
1537
1526
1547
1531
1535
1545
1542
1532
1544
1552
1535
1529
872
1471
1533
1519
702
1505
1538
1526
1512
1531
1536
1528
1532
1528
1538
1525
1546
1536
1536
1539
1534
1532
1532
1536
1536
1503
1535
1535
1536
1541
1551
1533
566
1541
1533
1539
1537
1531
1521
1530
1532
1533
1530
1534
1541
1537
1544
1534
1516
1531
1527
1535
1544
1541
1540
1507
1517
1514
1527
1544
1534
1535
1532
1524
1522
815
1508
1536
1536
915
1056
1533
1441
1530
1544
1540
1540
1532
1512
1533
747
1532
1529
1541
1538
1524
1532
1535
1525
1525
1532
1499
1547
1530
715
1541
1540
1527
1518
1527
1550
1044
1544
1537
1527
1535
1538
1533
1529
1543
1528
1530
1535
883
1540
1537
1515
1540
1541
1538
1538
1531
1525
1483
1505
1543
1536
1542
1532
1542
780
1523
1400
1533
1552
1535
1092
1540
1528
1536
1537
1530
1534
1519
1532
1508
1548
1503
942
1533
1536
1539
1536
1522
1547
1545
1544
1529
1529
1545
1543
1059
1524
1538
932
1547
1537
1552
1537
1545
1545
1532
1544
1316
1533
1543
1530
1538
1538
1540
1539
1531
1531
1527
1531
1532
1542
1503
1538
1537
1530
1530
1532
1526
971
1531
1529
1539
1531
1528
1529
1518
1525
1528
1538
1531
1536
1539
1537
1533
1533
1535
1522
827
1535
1531
1536
1520
1537
1544
1546
1536
1230
1532
1541
1520
1338
1535
1532
1548
1540
1537
1520
1545
1538
1539
1526
1543
1546
1542
1548
1537
1539
1539
1537
983
1537
1534
1550
1529
1534
1539
799
1541
1538
1544
888
1534
1524
1539
1498
1537
1533
1526
1540
1522
1535
1540
1547
1529
1529
1536
1539
1537
1529
1531
1531
1541
1535
1537
1523
1530
1525
1527
1187
940
1524
1538
1539
1543
1531
1544
1523
1534
1540
1530
1530
1536
1532
1482
1531
1521
1537
1529
1510
1536
1538
1530
1540
1528
1532
957
1513
1538
1388
1518
1533
1536
1531
1535
1541
1531
1540
1533
1535
1530
1539
1528
759
1529
1528
1539
1514
1528
563
1534
1533
1534
1528
1544
1533
1534
1537
1539
326
1532
1534
1531
1547
1539
1532
738
1541
1533
1541
1541
1527
1541
1418
1523
1548
1533
1536
1512
1547
1546
841
1539
1542
1527
1544
1526
1545
1534
1535
1525
961
1536
1536
1524
1513
1536
1528
760
1534
1520
1540
1539
1530
1535
1529
1537
1534
1521
1534
1534
1535
1532
1518
1533
1533
1544
365
915
1528
1550
1535
1535
1541
1543
1539
1526
1550
1528
934
1394
1543
1529
1515
455
1252
1538
1538
1540
1533
1508
1530
1539
1531
1516
1536
1537
1442
1534
1521
1534
1514
1533
1525
1539
1544
1549
1516
1527
1524
1544
1538
1538
1531
1536
1534
1539
1532
1115
1535
1529
1526
1536
1544
1531
1529
1475
1536
1533
1539
1530
1538
1519
1528
1217
1534
1535
1113
1541
1157
1524
1541
1532
1533
1529
1475
1538
1545
1521
1523
458
837
1540
1536
1536
1525
1535
1546
1531
1543
1529
1512
1532
1541
1547
1491
1510
1538
1522
1541
1541
1528
1536
1545
1541
1496
1545
1536
1533
423
1537
1522
1543
1532
1542
1545
1531
1537
1529
1539
1543
1541
1538
692
1533
1560
1465
1539
1525
1539
1536
1542
1527
1547
1530
1507
1528
1536
1392
1111
1537
1531
1550
1539
1531
1537
1533
1536
1534
1536
1526
1522
1536
1540
1541
1031
1545
1540
1550
1532
1530
633
1530
1539
963
1535
1204
1535
1534
1532
1351
1543
1529
1530
1533
1533
1537
1538
1522
1550
1535
1533
1536
1543
1538
1539
1552
1534
1545
1522
1546
1526
1517
1536
1554
1535
747
1530
1524
1540
1545
1538
1534
1495
1532
1540
1538
1522
1533
1534
1533
1534
1543
1538
1535
1527
1526
1531
1529
1529
1538
784
1535
1511
1541
1535
1527
1536
1531
1203
1526
1537
1528
1531
1538
1536
1540
1515
1541
1536
1521
1531
1537
1535
1536
1547
1512
1542
1538
1532
1538
1533
1532
1534
1524
1516
1522
1539
1545
1536
827
1538
897
1534
1525
1540
1533
1534
1512
1537
1529
1534
1518
1536
1532
1533
1525
1395
1533
1532
1532
1531
1510
1474
1532
1535
1536
1534
1532
1536
1530
1544
1530
1405
1544
1539
1526
1535
756
1550
1515
1542
1538
1066
1554
1537
1537
817
1536
1535
1087
1549
1541
1540
1100
1536
1538
1262
1523
1537
1526
1537
1533
1549
1533
1108
1546
1540
1539
1539
1533
1539
1512
1362
1533
1531
1531
1540
1532
384
1554
1531
1538
1541
1535
1537
1528
1539
1533
1537
1538
1531
1525
1511
1534
1525
1532
1534
1542
1538
1542
1527
1519
812
1542
1529
1517
1547
1535
1471
1498
826
1538
678
1536
1548
1537
1508
1514
1525
751
1505
1538
1403
1538
1540
1529
1539
1525
1525
1542
1534
1522
1533
1534
1538
1550
1538
1539
1538
1238
1521
1544
1534
674
1383
1538
1538
1540
679
1544
969
1543
1540
1538
786
1532
1545
1525
1538
1537
1536
1535
1537
1534
1528
1540
1554
1521
1523
1411
1544
1528
1534
1553
1545
1540
1546
1520
1562
1527
1546
896
1533
810
1525
1543
1529
1543
1532
1541
1534
1528
1528
1540
1533
1449
1519
1537
1525
922
1512
1536
1530
972
1542
1545
1544
1527
1532
1542
1533
1531
1529
1547
1536
1444
1527
1540
1527
1514
1545
1539
1539
1529
1141
1533
1544
1535
1548
1545
1547
1553
1544
1537
1542
1534
1276
1545
1532
1539
1549
1535
1543
1538
1537
1534
1529
1474
884
1534
1533
1421
1546
1531
1549
1455
1524
1531
1537
1525
1532
1537
1397
870
1537
1455
1525
1542
1536
1533
1526
1538
1543
1534
1527
1534
1501
1532
1540
1539
1528
1540
1538
1540
1533
1543
1541
1535
1544
1543
1532
1532
1529
1532
1540
1536
1531
1539
1537
1531
1494
1531
1538
1155
1541
1539
1536
1533
1528
1537
1541
1534
1530
1537
1548
1527
1546
1513
1529
1505
1461
1509
1548
1538
1519
1532
1539
1506
1538
1520
1546
1530
1533
1535
1536
1529
1528
1539
1522
1531
1533
1537
1530
1512
1536
1416
1496
1532
1543
1472
1528
1474
1543
1542
1534
1519
1537
1532
1544
1538
1541
1532
1539
1531
1532
1524
1530
1536
1509
1504
1365
1539
818
824
1540
1543
1534
1319
1507
1547
1534
1537
968
1541
1518
1537
1537
1536
1534
1517
1538
1536
1528
1526
1531
1540
1539
1538
1531
1533
1538
1528
1478
1535
1526
1529
1523
1532
1510
1531
1535
1535
1533
1532
1537
1522
1533
1539
1539
1531
1536
1070
1536
1533
1517
1541
1540
854
1533
1519
1532
1528
1527
1523
1535
1537
1521
1533
1529
1538
1535
1521
1535
1534
1520
1537
1526
1225
1536
1538
1528
1534
1550
1509
1536
1528
1541
1531
1537
1536
1537
1535
1537
1533
1539
1535
1465
1534
1533
1521
1523
1524
1521
1538
1539
1325
1519
1536
1507
1527
1502
1524
1402
1542
1531
1533
1522
1519
1532
1520
1545
1535
1537
863
1455
1537
1529
1521
1549
1532
1535
1534
1522
1535
1532
1526
1501
1529
1527
1532
1538
1519
1515
1528
1531
779
1535
1486
1517
1484
1531
1520
1530
1539
1514
1540
1015
1469
1544
943
1535
1540
1543
1541
1534
1539
1538
1530
975
1545
1550
1537
1433
995
1522
1535
1506
1529
1505
1526
1536
1530
1529
1534
1525
1531
1543
1360
1513
1523
1537
1547
1541
933
1541
1531
1544
1542
1509
1528
1481
1531
1138
1509
1533
1531
1537
1535
1532
1526
1540
1537
1537
1539
1519
1536
1545
1535
750
1534
1506
423
1528
1532
1544
1227
1526
1540
1544
1535
1530
1542
1535
1496
1539
1550
1541
1538
1532
1534
1544
1547
1532
1541
1541
1522
1230
1542
1528
1536
1551
1532
1374
1527
1529
1534
1539
1504
1537
1539
1533
1545
1532
1540
1532
1529
1521
1523
1532
1545
1535
1529
1531
1533
1534
1532
1528
1528
1520
1520
1533
1524
1532
1531
1529
1036
1535
686
1519
1519
1527
778
1526
1541
1540
1536
812
1540
1535
1535
843
1535
1540
1533
1531
890
1532
1532
1541
1544
1071
1521
1543
1533
1539
1547
1534
1531
1546
1530
1534
1375
1057
1442
1540
1533
1550
1538
1535
1526
767
1547
1507
1539
1539
1534
1525
1532
1536
1532
1529
1543
1533
1536
1541
1536
1527
1531
1439
1530
1471
1541
1539
1516
1529
1523
1546
1540
1534
1532
1538
1531
1537
1536
1541
1513
1529
1542
1528
1533
1092
1538
1513
1510
1530
1536
1535
1520
1540
1530
1527
707
1535
1538
1518
1530
1537
1536
1536
1531
890
1532
1545
1527
1530
1523
1453
1522
1535
1534
1537
1532
1533
1540
1549
1523
1528
1073
1529
1533
1536
887
1534
1532
1517
1531
1530
1528
1539
1518
1536
1533
1553
674
1541
1535
1536
1538
1534
1311
1533
984
1532
1526
1536
1537
1536
1534
1540
1521
1533
1533
557
1528
803
1521
1453
1543
1513
1525
1543
1528
1532
1535
1520
1539
1554
1531
1539
1539
1535
1523
1536
1529
1535
1372
1535
1540
1518
1527
1456
1521
1251
1511
1519
452
1544
1529
1538
1532
1537
1530
1532
1531
1455
1539
1528
1532
1534
1535
1363
1532
1540
1541
1530
681
1520
1531
1514
1537
1543
1516
1530
1536
1527
1526
1521
1543
1540
1534
1531
1533
1519
1525
1233
814
1530
1544
1534
1531
1534
1533
1537
1531
1545
1535
1534
1548
1471
1517
1463
1531
1220
1441
1542
1529
1530
1534
1540
1535
1521
1528
1520
1530
1016
1533
1544
1203
1165
1529
1533
1536
1544
1517
1532
1533
1525
1549
1534
1532
1532
1536
1546
1530
1546
1543
1531
1534
1541
1532
1539
1525
1535
1533
1537
1548
1526
1539
1539
1523
1542
1101
1487
1527
1542
1546
1549
1541
1542
1551
1537
1019
1539
908
1535
1540
1545
1541
1516
1534
1546
1520
1372
1522
888
1534
1522
1525
1527
1530
763
1535
1531
1558
1537
1537
1531
1524
1541
1541
1540
1529
1535
1513
1533
1530
1539
1523
1515
1530
1507
1537
1521
1533
1539
1523
1517
1535
1538
1524
1538
1508
1538
1014
1532
875
1357
1538
1528
1546
1360
1533
1541
1538
1522
1541
1537
1525
1535
1538
1541
1538
1548
1269
1239
1536
1550
1537
1544
1540
1527
618
1533
1537
1536
785
1527
1456
1540
1535
1515
1547
1536
1551
1537
1268
1538
1537
1523
1538
1424
1539
1523
1540
1540
1544
1517
1526
770
1530
1518
1535
727
1533
1537
1526
680
1540
1538
1551
1545
1533
1548
1532
1536
1530
1534
1541
1524
1536
1526
1535
1537
1535
1526
1512
1208
1544
1544
1524
1545
1537
1540
1537
1533
1536
1524
1536
1538
1536
1544
1535
695
1533
1534
1534
1538
1532
826
1535
1546
1532
1532
1542
1461
1215
1536
1539
1534
638
1534
1547
1535
1520
813
1533
1538
1520
1542
1526
1523
1533
1530
1539
1541
1530
1529
1542
1526
1540
1546
1521
1538
1538
1536
1544
1432
1540
1524
1544
1524
1544
1539
1075
1538
1466
1541
760
1534
1538
1542
1521
1532
1539
1546
1534
1533
1529
1529
1521
1537
1539
1541
1531
1537
1532
1534
1535
1532
1544
1528
1533
1529
1526
1525
1527
1532
1536
1544
1530
1520
1534
1318
1542
1543
1533
1526
1174
1537
1534
1537
1511
1543
1535
1550
1405
1528
1543
738
1554
1520
1514
1539
1536
1540
1540
1537
1527
1531
1537
1549
1536
1538
934
1528
1535
1529
1541
1533
1536
1533
1532
1533
1542
1537
762
1535
1536
1538
1528
1536
1536
1532
954
1095
1517
1552
1511
914
1537
1528
1532
1535
1537
1529
1543
1543
1536
1565
1526
1519
1539
1541
1006
1537
1056
1537
1540
718
1536
869
1540
1538
784
1086
1540
1521
1538
1536
1540
1531
1209
1530
1546
1542
1536
1516
1541
1532
696
1530
1530
1524
1533
1497
1537
1549
1534
1534
464
1543
1539
1533
1530
1534
1539
1539
1528
1291
782
1536
1507
1537
1535
1541
1531
1534
1536
1539
1543
1540
1531
1538
1534
1532
1524
1531
1500
1546
1118
1313
1527
503
1538
1531
845
1536
1534
1530
1549
1540
1375
1535
1158
1502
1518
1528
1544
1538
1529
1532
1533
1535
1533
1542
1540
1544
1532
1534
1536
1548
1543
1531
1531
994
1226
1536
1535
1510
1523
1531
1540
1144
1539
714
1530
1544
1533
1538
1537
1145
1534
1531
1545
1525
1527
1535
1437
1346
1530
1535
1527
1535
1541
1545
1540
1540
1535
1536
1536
1529
1536
1542
1547
1157
1533
1554
1510
1535
1536
1529
1541
1527
1540
1533
1522
1539
1535
1558
1532
1528
1518
1535
1529
1538
1523
1538
1541
1540
1539
1520
1542
1530
1486
1534
1541
1535
1539
1362
1534
1530
1538
771
1517
1529
1542
1528
1521
1529
1538
1535
578
1522
1537
1541
1551
1531
1539
1529
1531
1521
1531
885
1530
1534
1531
1542
1536
1536
1535
1547
547
885
1536
1530
1542
1531
1302
1530
1535
1539
1529
1533
1520
1522
1540
1545
1508
1529
1535
1536
1536
1520
743
429
1528
1537
1534
1542
1532
1531
1542
1518
1192
1521
1539
1520
1480
1540
1526
1517
1531
1532
1540
1535
1529
1543
1510
1537
1534
1538
1543
1556
1529
1563
1540
1540
1551
1537
1538
1534
1540
1542
1532
1547
1532
1539
747
1533
1528
1538
1543
1172
1545
1537
1523
1538
1532
1530
1556
1539
1505
1538
1544
1538
1537
1534
1532
1540
1540
1543
1539
1523
1535
1538
1532
1541
1529
1532
1542
1533
1533
1533
1424
1516
1544
1490
1533
1538
1534
1502
1517
1539
1543
1537
1541
1541
1538
1538
665
1535
676
1533
1549
1531
1541
1534
1543
1518
1544
886
1539
1518
1522
1536
1534
1531
1538
1541
1530
1535
1417
1537
1536
1540
1533
1544
1528
1544
1534
1538
1534
1539
1529
1537
1534
1536
1540
1550
1533
1537
1545
1534
1313
844
1529
1537
1331
1528
1543
1529
833
1539
1528
1532
1534
1544
1515
1204
1546
1542
1539
1545
1554
1542
1524
1530
1537
1540
1525
1524
1544
1548
1546
1533
1411
1540
1440
1537
1538
1525
1520
1542
1537
1540
805
1534
1536
1296
956
1536
1529
940
1537
1536
1533
1113
1537
1540
1538
1535
1157
1530
1538
1544
1534
1446
1542
1537
1544
1534
1521
1536
1529
1537
1540
1540
865
1544
1530
1517
1533
1541
1539
1532
1527
1539
871
1540
1529
852
1540
1540
1530
1544
1534
944
1543
1302
1537
307
1553
1540
1526
1527
1533
1550
766
1538
1535
1548
1444
1538
1533
1525
1519
1537
1551
1535
1502
1537
1533
1523
1538
1534
1530
1535
1516
1547
1531
1537
1536
1543
1534
1533
1527
1536
1546
1538
1529
1532
1533
1541
1531
1544
1545
1530
1535
1528
1531
1531
736
1532
1537
1536
1542
1533
1537
1536
1539
1532
1539
1540
1541
1541
1520
1540
1532
803
1533
1533
1520
1507
958
1529
1537
1538
1537
1534
1539
1524
1527
1540
1537
1541
1526
1527
1499
1535
1537
1478
1522
1535
1526
1530
1531
1530
1532
1537
1526
770
1532
1528
869
1536
1523
1334
1538
1524
1235
1533
1523
1530
1543
1525
1538
814
1538
1546
1532
1530
1533
1004
1521
1528
1534
1535
1544
1536
1532
1535
933
1535
1509
1544
1520
1523
1536
1544
1533
1534
1537
1545
1536
1536
1535
1537
1534
1514
1534
1532
1532
1522
1457
1536
1529
1327
1535
930
1525
1531
823
1517
1524
1531
1526
854
1003
1531
1534
1526
1529
1522
1537
1538
1522
1543
1535
1539
1540
886
1538
1532
1532
1534
1536
1542
1546
1535
1536
1060
1540
858
1541
1535
1542
1543
1513
1534
1536
1546
1541
1536
697
1541
1529
740
1542
1546
1528
1539
1532
1540
1185
1535
1531
1529
1537
1520
1528
1535
833
1555
1536
1543
1540
1531
1543
1465
1551
1533
1342
1534
1530
1530
1535
1259
1515
1159
1537
1545
1538
1540
1342
1534
1545
1523
1539
1539
891
1540
1542
1534
1548
1549
903
1524
1536
1547
1524
1540
1545
1528
1535
1543
1527
1510
602
1534
1532
1529
1528
1535
1391
1529
1519
1532
1527
1535
1535
1538
1527
1374
1535
1138
1533
1529
1525
1534
1528
1503
1533
1521
1537
1543
1540
1522
1539
1518
1533
1552
1539
1553
1528
538
1526
1517
1531
1530
1541
1527
1519
1516
1538
1533
1518
936
1535
1532
1543
1528
1518
1523
1526
1541
1539
1526
1536
1515
1529
1545
559
1515
1520
1524
1544
1538
1542
1543
1528
1551
1525
1541
1532
1523
1534
1537
753
1553
1523
1527
1530
1540
1530
1534
1535
1534
1529
1548
1530
1538
1530
1537
1527
1526
1549
1537
1537
1529
1535
1516
1532
1537
1519
1541
1531
1389
1528
1528
1511
1538
1502
1539
1540
1525
1517
1519
1532
868
1544
1524
876
1528
1520
1528
1534
1527
1531
1536
1543
1534
1532
1535
1525
1526
1534
1536
1534
1534
1531
1539
1531
1529
1544
1532
1536
1524
1527
1149
1532
1548
1538
1533
1531
1546
1091
1530
1532
1435
1536
1534
1510
1543
1528
1539
1544
1514
1530
1532
1529
1533
1513
817
1534
1527
1077
1541
1089
1529
1060
1529
1532
1161
1544
1543
1539
1523
1474
1542
1529
1538
1525
1517
1131
1537
1298
777
1524
1561
1546
1531
1533
1527
1541
1532
1536
1541
1526
1534
1536
1535
1535
1547
1530
1536
1345
1546
685
1541
1534
1535
1522
1090
1539
1539
1528
1534
1475
1537
1537
1535
1535
1535
1544
1537
852
1527
1537
1544
1536
1532
1541
1536
1543
1540
1520
1543
1521
1511
1533
1521
1531
1533
1534
1543
1539
1537
1539
1518
785
1538
1533
1529
1538
1535
1533
1201
1536
1544
1531
1532
1532
1529
1533
1548
1531
788
687
1543
1537
1540
1536
1548
1537
1532
1532
1544
1544
1536
1540
1532
1530
1538
713
1546
1527
1539
1533
1523
1537
1532
1519
1535
1534
1533
1540
788
1535
1536
1522
1514
1541
1542
1515
1477
1529
1535
1510
1540
1535
1538
1533
1433
1541
1537
1529
1529
1523
1534
1549
1536
1543
1539
1541
1546
1537
1535
1530
1531
1520
1537
1540
1528
1544
1543
1525
1538
1525
1560
781
1530
1444
1540
1545
1534
1465
1560
1533
1537
1541
1535
1538
1528
1535
1534
1538
1534
1521
1530
1538
1511
1530
1235
1538
1535
1363
1537
1530
1527
978
1541
1536
1534
1528
1545
1429
1535
1537
1050
1528
1384
1544
1542
1531
1521
1070
1543
1548
1547
1548
1524
422
1544
1545
1534
1530
1534
1497
1074
1547
1559
1536
1515
1546
1529
1537
1535
1545
1515
1530
1535
1535
1529
1534
1538
1542
1522
1539
1544
1541
1537
1540
1534
1535
1542
1515
1533
1531
1537
1537
1535
1540
1534
1542
1532
1529
1543
1515
1523
945
1541
1530
1541
1532
1521
1543
1528
1544
1540
1543
1516
1536
1533
1545
1532
1529
1534
1533
1518
1519
1534
1335
1538
1533
1530
1529
1534
906
1524
900
1527
1534
1543
1544
1541
1537
1516
1532
846
1538
1538
1525
1525
1525
1528
1534
1536
1538
1539
1540
1532
1544
1536
1541
1542
1530
1369
473
1536
1526
1526
1540
1540
1535
1539
1544
1054
1540
1524
1527
1523
1525
1521
1529
1523
1537
1541
1520
1540
1543
564
1530
1540
1535
1531
1539
1543
1539
1549
1522
1539
1530
1539
1537
1535
1533
1534
1533
1538
1525
1535
1532
1533
1529
1534
1523
987
1537
1524
1539
1544
1535
1525
1534
1524
1539
1537
1539
1526
1516
1538
942
1531
1533
1532
1525
1521
1545
1529
1522
1532
1534
1544
1531
1540
1523
1532
1536
1523
1206
1539
1542
1530
1518
1141
1502
1531
1545
1547
1517
1533
1533
1508
1501
1531
1494
1537
1534
1540
1529
906
1537
1542
1113
1516
1534
1111
1536
1536
1531
1533
1539
1544
1534
834
1548
1520
1538
1524
1535
1531
1536
1532
1536
1513
1347
1545
764
1532
1476
1546
1540
1542
1531
1537
1537
1546
336
1550
1532
1536
1540
1542
1317
1416
1534
1526
1542
1537
1539
1537
1526
1538
786
1539
1534
1537
693
1536
1544
1518
1534
1546
1541
1534
1538
1535
1528
1531
1533
1528
1529
1544
911
1533
1542
1528
1553
875
1538
1537
1538
1300
1522
927
1546
881
775
1546
1551
1520
1540
1535
1544
1541
945
1529
1532
1505
1546
1540
1533
1522
1538
1535
1530
1536
1520
1536
872
1421
1509
1540
1537
1523
1513
1538
1548
1503
705
952
1547
1537
1524
1543
1529
1526
1548
1548
1532
1532
1542
1544
1544
1542
1531
1504
1532
1540
1335
1288
761
1512
1538
1533
1522
1537
1538
1533
1518
1532
1534
1472
950
1535
1541
1419
1542
1533
1536
1520
1547
1528
1527
1542
1542
1541
305
1289
1521
725
1540
1533
1530
1549
1537
1460
1535
1523
1515
1540
1550
1524
1540
1539
1524
1518
1552
1534
1536
742
1520
1535
1536
1532
1546
1538
1543
1351
1519
1542
1537
1542
1536
1547
1539
1540
638
696
1543
1540
1526
1539
1506
1527
1547
1519
1548
1530
1540
1513
1531
1534
1533
1549
1533
1533
1526
1541
1541
1538
1547
1530
1539
621
1551
1533
772
1539
1541
1544
1515
1537
1522
945
1548
1003
1537
1542
1534
1541
1286
1282
1539
1535
1536
1538
1543
1461
1539
1538
1551
1554
1219
1536
1515
1525
1535
1542
1523
1539
1546
1531
1539
1535
942
1534
1527
1545
1536
1532
1532
1533
1538
1535
1534
1530
1539
1552
1235
1542
1527
1534
1531
1538
1524
1538
823
1525
1537
1529
1532
1537
1534
1536
919
1537
1538
1531
1541
1532
1527
1533
1527
1526
1540
1498
1540
1519
1538
1536
1533
1537
1537
1524
1530
1530
672
1417
1544
1537
1541
1531
1524
1539
1524
1530
1534
1522
1523
1411
1539
751
1528
1536
1538
1536
1521
1532
1530
1536
1503
1381
1526
1517
1540
550
1541
1156
1249
1530
1547
1540
1534
1536
1548
1539
1525
1547
1538
1520
1531
1539
1522
1533
1543
1529
1534
1508
1534
1545
1537
1523
1151
1533
1541
1535
1539
1538
1537
1532
1533
1121
1537
1444
1533
1534
1079
1533
1534
1502
1538
1528
1515
1381
1536
1505
1534
1537
1356
1543
1534
1525
1534
1518
1534
1538
1395
1091
1529
1538
1533
1531
860
1498
1531
1524
1517
1154
1533
1524
1499
1547
1532
1530
1541
1536
1533
1530
1536
1273
1534
1535
1530
1409
1539
1537
857
1533
1540
1527
1541
1520
1540
1539
1549
1546
516
1547
1505
1535
1528
1543
1541
1526
1535
1524
1540
1533
1541
1528
1539
330
1543
1514
1539
1549
1539
1256
1505
1542
1545
1215
1536
1539
949
1531
1535
1536
1532
1524
1538
1521
1535
1522
1526
827
1538
1539
1533
1521
1528
1531
1528
1540
1538
1528
1540
1542
1543
1528
1522
1491
1528
1530
1519
1528
1512
1520
1530
1530
1404
1159
1537
1508
1538
1538
1535
1542
1022
1515
1530
1533
911
1524
1538
925
1531
745
1530
1550
709
1544
1533
1548
1538
1538
1537
1525
1527
1087
1546
1532
1546
1464
1522
718
1547
1545
1540
1515
1551
1528
1536
1536
1521
1504
1540
1285
1542
1214
1536
1544
1547
1536
1534
1535
1544
1541
1538
1522
1542
1535
912
1540
1528
1527
1528
1536
1535
1546
1542
1533
1541
1547
1544
1536
1539
1546
1535
1546
1548
1532
1536
1533
1542
1534
1496
1539
1549
1539
1532
1543
1522
1537
1533
1530
1534
1536
1052
1544
1534
1532
1272
1539
1509
1511
1534
1427
1543
1524
1537
1528
1539
1522
1544
1539
1553
1537
1537
1530
1011
1543
1546
1535
1530
1534
1544
1532
1537
1549
1524
1531
1545
1528
1535
1085
1537
1441
1524
1527
1526
1539
1534
1531
1532
1054
1544
612
1529
1541
1524
1540
1523
1536
541
1553
1532
1424
1535
1541
1537
1540
1554
1538
1532
704
1539
1533
1548
1525
1456
1537
1537
1496
1523
1534
1526
1534
1538
1541
1367
1538
1506
1531
1537
1531
1549
1536
1535
1543
1523
1534
1544
1528
1534
1520
1550
1527
1535
1536
1545
1540
1535
1522
1542
1516
1523
1539
1537
1530
1534
1493
1531
1526
1531
1543
1534
1552
1528
1537
1135
1540
1548
1536
1530
1545
1533
763
1546
1538
1518
821
1524
1537
1536
1537
1550
1540
1525
1527
1523
1537
1536
1540
1526
1544
1521
1134
1535
1542
1536
1128
1073
1535
1536
1521
1541
1519
1542
425
637
1544
1536
1526
1541
1292
1547
1532
1542
1541
1531
1541
1539
1552
1535
1536
813
1545
1535
1381
1547
1535
1535
1541
1525
1526
1526
1524
1536
1529
1545
1548
1545
1540
1538
1546
1075
1173
1539
1534
1550
1547
1545
1522
1538
1314
1526
892
1544
1502
1532
1549
1544
1534
1545
1541
1508
1540
1525
1544
1535
1529
847
1534
1534
1531
1525
1534
1540
1538
1543
1530
1530
1536
1538
1535
1536
1535
1529
1541
1511
1524
1525
1531
1524
1538
1542
1531
1540
1533
956
1536
1533
1546
1525
1537
1538
1535
1538
762
1529
1523
1538
1503
1523
1527
1538
1541
1536
1535
1551
1528
1537
1539
1513
1535
1545
1344
1519
1540
1531
1536
1545
1525
1531
1526
832
1536
1208
1534
1536
999
1536
1554
1236
1532
1555
1539
1151
1534
1535
1545
1534
1541
1535
1544
1525
1537
1519
1563
1538
1544
1540
1535
1521
1213
1537
1536
1501
1529
1515
1535
1537
1527
1539
1521
1539
1541
1524
1533
1547
775
1554
1534
1534
1539
1523
1546
1532
527
1541
1543
1527
1536
1547
1530
1508
1536
1530
1519
1528
1534
1540
839
1197
1544
1525
1538
1524
1540
1535
1532
1532
1496
1525
1540
1540
1475
1540
1532
1535
1543
1535
1545
1526
1525
1256
938
1534
1482
1537
1526
1531
1534
1539
1537
1541
1533
1536
1532
1544
1525
1519
1540
1530
1541
1534
1531
1535
1301
1535
1538
1530
1522
1536
1537
1536
1537
1527
1518
1516
1532
1543
1536
1528
1522
1528
1538
1508
1520
1539
1551
1541
1523
1513
1528
1514
1533
1505
1542
1529
1539
1530
1482
1542
1527
1543
1547
1536
1545
1508
1510
1545
1328
1548
1532
1542
1535
1525
1545
1540
1536
1531
1516
1537
1532
1546
1539
622
1536
1537
1540
1542
1507
1094
1523
1231
1548
1537
1534
711
1545
1534
1554
1535
1538
1533
1542
1533
1532
1543
878
1534
1536
1533
1534
1530
1493
1516
897
1539
1531
1541
1534
1526
1531
1537
1532
1535
1538
1510
1541
1529
1531
1536
1528
1530
1522
1509
1530
1538
1540
1547
1538
1528
1534
1537
1544
1531
370
1513
1530
1557
1530
1543
1542
1544
836
1535
1539
1525
1544
1498
1521
1533
1541
1531
1516
1551
1539
1531
1530
1517
1529
1539
1535
1540
1534
1169
1528
1528
1542
1544
1525
1538
1534
1533
1535
1533
1524
1532
1544
1537
1538
1529
1542
1522
1531
1545
1532
1529
1535
1534
1536
1538
1515
1540
1535
1536
1450
465
1528
1538
1536
1534
1534
1525
1542
1537
1537
1540
489
1536
882
782
1540
1543
1529
1546
1539
1548
1522
1527
1523
1240
1536
1529
1540
1540
1540
896
928
1531
1538
1552
1539
1544
1511
1534
1532
1076
1536
1537
1530
1538
1530
1524
1539
1540
1529
1532
940
1538
1521
1544
1540
1529
1537
1539
1534
1541
1529
1537
1530
1529
1530
1534
1537
1527
1536
1534
1533
1533
1534
1537
1527
1523
1523
1527
1089
1498
1530
777
1541
1536
1543
1510
1534
1534
1534
1521
1511
1541
1519
1534
1525
767
1534
1533
1543
1528
1542
1510
503
1525
869
1495
1531
1545
1530
1532
1547
1548
1544
1528
1318
1538
1536
1535
1535
1530
1536
1534
1545
1542
1538
1527
1534
1485
1530
1543
1541
809
1539
1516
1526
1537
1533
1534
1541
1529
1536
1528
1537
1541
1072
1533
1541
1512
1524
792
1539
1536
1540
1536
1530
1545
1535
1540
1538
1536
1518
1255
830
1521
1533
798
1525
1532
1539
1259
1531
1535
1532
939
1542
1532
1534
1529
1537
1538
1535
1545
1544
1513
1533
1527
1539
1511
1521
1534
1529
1544
1522
1521
1521
1534
1544
752
1524
1538
1029
1532
1537
1532
1548
1544
1493
1532
1534
