1516
1524
1524
1541
1549
1541
1528
1517
1543
1522
1540
1527
1548
1247
1554
1547
1541
1544
1549
1536
1544
1548
1543
1549
1541
828
1542
1553
1544
772
1536
1537
1536
1546
1536
1534
1540
1533
1529
1529
1535
1548
1539
1537
1544
1544
1535
1539
1528
1537
1515
1536
929
1536
1533
1544
1526
861
1525
1526
1545
1536
1549
1544
747
1543
1540
1544
1550
1544
1546
1534
1542
1107
1530
1542
1535
1370
1542
1544
866
1548
1531
1530
1394
1541
1514
649
1524
1545
1534
1544
1520
1524
1525
1534
1546
1530
1516
1547
1471
1536
1536
1541
1551
1526
1537
1551
1540
853
1541
1536
1530
1538
1548
1539
1525
1545
1546
1553
1535
1549
1531
1106
1325
1541
1533
1043
1520
1535
1544
1541
1543
1534
1543
1342
1541
1534
1524
1543
1536
1545
1539
1546
1543
1547
1508
1552
1556
1198
1478
1514
1551
1543
1548
1087
833
1545
1549
1541
830
1464
1536
1525
1536
1538
1538
1546
1542
1529
1521
1554
1534
1547
1544
929
1014
1543
1059
1156
1545
1539
1539
1539
1542
993
1543
1533
1542
1537
1537
1540
1535
1526
1538
863
1540
600
1533
1532
1527
1547
1541
1537
1540
1146
361
1539
1531
1549
1538
1545
1526
1538
1535
1538
1388
1526
1324
1533
866
1540
1527
1538
1539
1539
1538
1545
607
1534
1120
1307
1539
1535
1537
1549
1475
1299
1546
1527
1542
1526
1543
1532
767
1398
1517
1535
865
1546
1519
1535
1534
1525
1527
1533
1538
345
1544
1534
1536
1519
1548
1345
1538
1538
1542
1513
1536
1545
1544
1521
1544
1558
1537
1540
1531
1222
1554
1537
1545
1554
1546
1546
1549
1538
1542
1543
1548
1542
1531
1540
1522
1541
1548
1552
1547
1547
919
1536
595
1537
1435
1540
797
1552
1542
1547
1545
1543
1544
1552
1556
1554
1543
1545
978
516
1539
1547
1548
1553
1543
1540
1543
1524
1330
1545
1551
1548
1527
1540
1550
1529
1544
1544
1549
1548
1536
1546
1217
1262
1542
1531
1543
1540
1540
1543
1543
1536
1538
1535
1535
1536
1457
1536
1539
855
1536
1547
1546
1544
1532
1533
1524
1532
1548
1537
1532
1540
1539
1541
1533
1538
1541
1537
1212
1525
1532
816
1538
1535
1529
1538
1542
1512
1533
1539
1516
1534
1545
1542
1545
1533
1545
1539
1522
1540
1500
1510
1538
1539
851
730
1533
835
1536
1545
1493
1546
1549
1534
1538
1532
636
871
1544
1531
1536
1461
1547
1528
1542
1539
1531
1537
1549
1544
1542
1545
1537
1541
1537
1548
1537
1545
1543
619
1535
1543
1545
958
1506
1530
891
1525
1523
1536
1009
1510
1543
1548
1516
1539
1292
1528
1549
1525
1541
1537
912
1538
1536
863
896
1536
1540
1545
1552
1546
1537
1544
1535
1522
1549
1523
884
1536
1540
1533
1552
1546
1537
1543
1536
1549
1530
1537
1541
1537
1533
1522
1548
1495
1547
1541
1540
1532
1551
1541
1532
1539
1534
1541
1537
1526
1539
1531
1536
1541
1525
1538
1546
1538
1526
827
1536
1521
1547
1540
1533
781
1536
1523
1538
1541
1550
1541
1522
1551
970
1528
1526
1534
1541
1528
1543
1537
1533
827
1531
1540
1541
1543
1536
1051
1542
1516
1526
1530
1530
1536
1531
1530
1532
1542
1109
1545
1549
1534
1536
1539
1544
1528
1540
1543
1406
1532
1547
1531
1541
1526
1173
1544
1534
937
1545
1534
1528
1544
1540
1537
1546
1543
1543
1552
1309
1543
880
1521
1533
1547
1547
1538
1501
802
1535
1545
1349
1544
1532
1555
1516
1534
1543
1541
1533
878
1543
1524
1514
1538
1520
1545
1538
1537
1541
1548
1544
1520
1539
1538
861
1540
1540
1536
1537
1539
1555
436
1539
1543
1540
993
1528
1538
1516
1544
1540
1543
1534
1541
1400
1488
1546
1537
1537
1300
1530
1536
1537
1544
1522
1531
878
1527
1547
1537
1540
1539
729
1523
1528
1530
1539
1543
1555
1533
1542
1538
1541
1536
1532
1015
1507
760
1543
1526
1339
1535
1526
1544
1539
1542
1538
1542
784
1302
1511
1547
1541
1533
897
1521
1540
1549
1537
1544
1528
1542
1531
1529
1538
1548
1536
1541
1537
1535
1544
1541
1542
777
1531
1545
1539
1542
1536
1536
874
1556
1536
1538
1534
1534
1539
1534
1511
1538
1535
1540
1540
1527
1544
1533
1542
1551
1542
870
1542
1551
1548
1545
1536
1538
1508
1544
1534
1143
1548
1542
1262
1536
1545
1540
1538
1526
362
1540
1516
618
1538
1401
1540
1544
1546
1545
1540
1525
1545
1539
1539
1094
1540
1537
1545
1548
747
1512
1549
1534
1538
1545
1543
1531
1524
1547
1041
1548
665
1533
1537
1529
1431
1532
1527
1537
1538
1542
1542
1539
1526
857
1539
1546
1541
1548
771
1535
1539
1544
1543
1525
1554
1531
1531
1537
1536
862
1544
1508
1518
1540
1541
1542
1518
1546
1533
1540
1542
1446
1538
1317
1530
1540
1546
1533
1537
1521
1529
1519
1538
1546
1538
1527
1533
1532
1530
1547
1526
1534
1531
767
1542
1528
1536
1541
1540
1531
1524
1539
1541
1521
1549
1549
1537
1543
1522
1544
861
1505
1537
1533
1544
1540
889
1533
1531
1528
1542
1527
1500
1294
1526
1391
1525
1536
1527
1530
1533
1554
1536
1524
1541
1127
1527
1548
1535
1530
1532
1541
1537
1525
1528
1530
1541
1414
1084
1524
1538
1542
1533
1045
1540
1534
1531
290
869
1529
1541
1349
1541
1541
1541
1543
1549
1546
1546
787
1541
1546
1539
1541
1544
1542
1538
1537
1526
1537
1535
1542
1534
1524
1538
1521
778
1534
1541
1193
1543
1537
1530
1539
1539
1527
1535
1542
1533
1541
1536
1544
1535
1540
1529
1510
1535
1542
1539
1534
1540
1535
1537
1538
1538
1533
501
857
1548
877
1533
1541
869
1538
1536
1516
1538
1543
1539
1535
1532
1545
782
1412
780
1542
1536
1537
1532
831
1546
1543
1536
1543
1541
1532
1541
1542
1539
1535
1540
1527
1539
1541
1532
1244
1524
1527
1550
1546
1543
1519
1533
1551
1544
1531
1521
869
1535
998
1531
1539
1290
1546
476
1543
1109
1551
1543
1529
1216
1537
1540
1548
1536
1542
1530
783
1537
1533
1545
327
1535
1509
1527
779
1541
1511
1548
1545
1527
409
1525
1541
893
1544
1524
1541
1528
1535
1551
1546
1536
1549
1537
1533
1553
1541
1533
1176
1542
1543
1528
1513
1544
1543
1527
1538
1543
1516
1544
1522
1548
1540
1540
1547
1531
1548
1237
1537
1540
1546
1537
1421
1547
1545
1542
1545
864
1545
1546
1530
1544
730
1542
1539
1538
1528
853
1535
1532
1534
1546
1536
921
1535
1545
1541
1533
1519
1538
1528
888
1540
1545
1108
1536
1547
1528
1540
1553
1088
1541
1532
1535
1533
1536
1524
1537
1526
1538
1543
1526
1540
1548
1101
1540
1542
1530
1545
1531
1544
1533
1517
1038
1540
1536
1548
1547
1535
1536
1528
1539
1544
1543
1532
1357
1530
1539
1379
1543
1545
932
1545
1386
1529
1534
1536
1544
1537
1542
1537
1538
1547
1547
1524
1538
1528
1539
1530
710
1545
1530
1539
1539
1508
1538
1523
1520
1519
1535
1535
1519
1533
1532
862
1545
1539
1526
1541
1542
1544
1536
819
862
940
1538
1536
1540
1540
1526
1521
1531
1538
1528
1545
1551
1535
1536
1533
298
1539
1531
1538
1544
936
1532
1541
1533
1511
1546
1545
1088
1550
1550
1548
1550
1542
1524
1546
1540
1530
1543
1546
1538
1534
1536
1537
1549
1536
1540
1538
1532
1533
1543
1536
1180
1534
1537
1540
1534
1538
1520
1537
1535
1545
1539
1534
1505
1541
1530
1520
1539
1536
1533
1535
1545
1537
1542
1527
1532
1400
1546
1550
1531
485
1528
1543
1547
1540
1537
1523
1543
1537
1532
1430
1074
874
1534
1543
1541
1541
1540
1543
1545
1545
1535
1519
1476
1522
1478
1538
1536
1536
1536
1538
1476
1523
1530
1539
1540
1542
1550
1543
1376
1548
1527
782
1513
1543
1540
1547
1534
1536
1539
1550
1536
1533
1528
1545
1550
1542
1543
1546
1538
1532
1541
1524
1545
769
973
1537
1531
1525
1539
1530
1473
1535
1539
1532
1543
1539
1539
1547
1548
1532
1537
1535
1539
1538
1531
1523
1527
1540
1532
1538
1532
1538
1539
1251
1542
1539
1540
1541
1537
1547
1526
1540
1532
1062
1542
1548
1403
1532
1543
1543
1520
1543
1539
1533
1534
1537
1530
1539
1518
1534
1529
1527
1538
1276
1521
1533
1542
1543
868
1534
1541
1529
1532
1527
1527
1521
1526
1541
1537
1537
1537
1533
1533
1527
1510
1539
1537
1537
1527
1517
1545
1526
1535
1527
1533
1534
1539
1539
1514
1539
1534
1545
1524
1524
1398
1535
1542
1551
1548
1534
1531
831
1533
634
1535
1531
1540
1543
1539
1535
1537
1531
1543
1502
1539
1537
1547
1544
1508
1541
1043
1543
1535
1533
1540
1527
1525
1542
1534
1241
1542
1536
1035
1548
1542
1543
1545
1541
1545
1535
1544
1530
1534
1537
1547
1538
1544
1544
1521
1550
1542
1549
1531
1546
1544
1102
1501
1528
1542
1530
1533
1354
1542
1533
1537
1536
1243
1524
1545
1544
1544
1533
1527
1540
1524
1535
1542
1534
1539
1531
1541
1546
1516
1539
1534
1547
1537
1541
696
1534
1499
1536
1539
1540
1534
1527
1543
1305
1536
1538
1552
1545
767
1540
1542
1543
1538
1542
1543
1536
1004
1545
1540
1543
1551
1516
1533
1532
1544
1546
1537
1517
1540
725
1539
1423
1547
1532
1538
1530
1428
1527
1541
1537
1548
1530
1529
1529
910
1530
1543
1540
1538
1545
1541
1537
1533
435
1545
1544
1540
1544
1043
1544
1542
761
1540
1525
1537
1541
1545
1529
1533
1526
1533
1535
1538
1533
1009
1534
1544
1539
1531
1526
1531
1528
1461
1514
1541
1536
1548
1543
1550
1563
1543
1547
1538
1543
1540
795
1526
1523
1542
1263
1541
1416
1545
1459
1545
1542
1547
1549
1540
1520
862
1517
1544
1548
829
1542
1432
1542
1543
1538
1511
691
1548
798
1541
1538
889
1267
325
1538
1546
1538
1545
1547
1552
1543
1534
1546
1545
1546
936
1543
1539
1536
1540
1540
1544
1543
1542
1548
1537
1530
802
1537
1523
1543
1122
1537
1546
1539
1540
1544
1528
1153
1522
1539
1550
1533
1546
1526
1543
1548
1553
1545
1547
1536
1478
1516
1535
1538
972
1542
1548
1532
1557
1555
1542
1552
1454
1473
1546
1550
1541
1546
1547
1547
1547
1536
1547
1543
1545
1535
1512
1527
1537
1527
1550
1542
1540
1543
1534
1543
1069
1535
1530
1548
1523
1539
1538
1540
1546
1528
1545
1379
1047
1540
1520
1535
1542
1536
1538
1537
1546
1522
1546
1541
1530
1535
1544
1275
1534
872
1543
1540
1539
774
1543
1537
1549
1537
1553
851
1536
1529
1536
1536
1450
1543
1546
1525
1531
1524
1283
1547
1546
1541
1542
1539
1534
1529
1051
1545
1536
1532
1537
1537
1539
1548
1529
1532
1232
1544
1544
1539
1538
1536
1527
1520
1532
651
1536
1532
1542
975
1536
1539
1547
1536
1541
1540
1534
605
1535
1520
526
1538
1543
1540
1545
1552
1539
1325
1542
1525
1532
1532
1548
1546
1542
1540
1540
1548
1544
1540
1539
1542
1543
1539
1544
1525
940
1538
1550
1522
873
1543
1544
1552
1545
1394
264
1539
1542
1551
1544
1536
1548
773
1542
1541
1531
1542
1541
1538
963
1533
1525
1548
1419
1542
1543
1546
804
1549
1533
482
1542
1539
1544
1540
1286
1547
1538
1539
1547
1535
1531
1543
1537
1538
1530
1516
1542
1535
1471
1537
1530
1536
1260
1532
1534
502
1543
1502
1542
1539
1536
1541
1536
899
1539
1535
1529
1540
1530
1543
1529
1533
1542
1542
1549
1524
1534
1532
1532
330
1538
633
1522
1543
1544
1541
1503
1539
1506
1412
1541
1281
1545
1546
1262
1540
1548
1536
1537
1447
1528
1548
1478
1552
1549
1538
1545
1542
1332
1545
1537
1535
1552
1508
955
1541
1540
1546
1542
1526
1000
1496
1541
1527
1537
1541
1534
1539
1538
1540
1531
1545
1530
1542
1535
1538
1533
1533
1543
1518
1545
1538
1549
1384
1546
1541
1534
1546
1537
1544
1543
1529
1539
1524
932
1540
1526
1542
1538
1542
1544
1535
1541
1541
771
1540
984
795
1079
1550
1529
1521
1519
1541
1409
1524
1505
1542
1195
1549
1534
1542
1519
1532
1543
1540
1540
1536
1529
1288
1332
1530
851
1529
1540
1542
1544
1528
1534
1559
1538
1532
1542
1526
1547
1374
1537
1529
1542
1526
1544
1544
1539
1538
1540
1538
1542
1547
1541
1535
1545
1542
1537
1543
1535
1540
1533
1531
1533
873
1547
1523
1235
1262
1522
1541
1540
1002
1539
1519
1539
1542
1546
1526
1545
1333
1532
1534
1535
1510
955
1539
1541
1538
1538
1537
1481
2221
1519
1535
1538
1500
1533
1541
1536
1509
1548
882
1547
1553
1538
1533
1540
1530
1549
1538
1529
1532
1534
1542
1535
1528
1544
1536
1543
1535
1549
1537
1529
1534
1526
1530
1539
1530
1547
1540
1540
1535
1547
1540
1243
1540
1540
1550
1524
1534
1547
1536
830
1534
1542
1529
1541
1536
1537
1533
1546
1507
1536
1536
1545
1535
1521
1543
1537
1541
1544
1530
1234
1540
1541
1540
1520
1527
1533
600
1438
1539
1529
1530
1540
1543
1323
1512
1530
1532
1538
1539
1538
1538
1551
1539
1542
1535
1533
1532
1529
937
1542
873
1511
1535
1531
1530
1472
1016
1538
1536
1541
1530
1537
1534
1532
1330
1532
1536
1540
1504
1529
1436
1537
1262
1528
1521
1546
722
1526
1510
1524
1542
866
1539
1540
1547
862
1535
1542
1529
1537
1541
1537
1547
1539
1540
1548
1553
1391
1544
1536
1544
1546
1540
1539
1544
1555
1539
1248
1545
1541
1547
1548
1549
1552
1535
862
1537
1542
1537
1535
1549
1542
1552
1547
1540
1547
1538
1537
1547
1517
1542
1550
1538
1539
1552
1544
1544
1372
1524
1541
1423
1536
1532
1536
1545
1535
1548
1537
1507
1539
1544
1535
1527
1528
1546
1534
1536
1542
1492
1541
1536
1530
1543
1294
869
1536
1541
1535
1538
849
1540
1548
1546
1544
1549
1535
1525
1544
1533
1545
1541
1539
1536
1528
1540
1528
1539
1544
1525
1541
873
1180
1502
1536
1545
1190
1549
554
1232
1544
1539
1538
1538
1091
1529
1535
1544
858
1539
1509
1537
1546
1546
1185
1551
1538
1542
1542
1343
1542
1541
402
1546
1534
1542
1542
1540
1535
1437
1080
1537
1537
1543
1533
1535
1544
1540
1535
1536
1529
1544
1526
773
1397
1533
1541
1547
1148
1533
1543
1548
1540
378
1539
899
1530
1552
1536
1548
1519
1384
1542
1531
1537
1531
1543
756
1541
1086
1524
1511
1521
1538
1527
1548
1530
1531
1523
791
1539
1540
1414
1540
1529
816
1534
1535
1546
1532
1538
1549
1538
1541
1540
1553
1541
951
1546
1538
1540
1542
1539
1534
1541
1547
1531
690
1536
1522
1540
1532
1531
1533
1533
1531
1500
1543
1539
1558
1532
1549
1547
1545
1539
1538
813
1539
1537
1541
1025
763
1544
1549
1547
1541
1536
1547
923
1549
1546
1542
1157
1529
1535
1541
1542
1538
1406
862
1541
1510
1541
1541
1544
1526
1536
1535
1536
1542
1540
1535
779
1540
1535
1549
1467
1546
1541
1541
1544
1539
1534
1508
1534
1540
1540
1338
1531
1541
1540
1541
1541
1533
1538
1536
1528
1534
1539
1535
1539
1526
851
1544
1536
1531
717
1538
1543
1531
1539
1529
875
1541
1544
1541
1531
1537
1539
1544
984
1525
1545
1527
1543
1523
1543
1538
1526
1543
1555
1547
1522
1500
1546
1543
1535
1533
1545
1534
1535
1544
1539
1546
1525
877
859
978
789
1543
1556
1527
1536
1549
1538
1533
1547
1532
1540
1532
1422
1537
1543
1523
1549
803
1536
1542
1534
894
1543
1509
1558
1512
1545
870
1546
1541
1549
1539
1550
1531
1557
1530
1544
1523
1549
1546
1540
861
1536
1528
1530
863
1270
1548
1536
1541
1539
1541
782
1535
799
1552
1541
1534
1542
1540
1548
932
1549
1517
790
1547
1438
1378
1550
1542
1545
1545
1545
1537
1542
1543
1519
1535
1548
1537
1544
1543
1544
1058
1548
1552
1539
1532
1545
1545
1531
1553
1555
823
636
1547
1540
1543
1545
1541
1543
1544
1539
1535
1542
1535
1545
1539
1547
1535
1528
1539
1541
1540
1531
1531
1532
1545
1546
1543
1518
712
1544
861
1540
1533
1531
1532
1545
1523
1541
1520
1540
1535
1535
1549
1535
1543
1530
1532
1500
867
1542
1535
1542
1529
868
1550
1540
1544
1540
1533
1534
1538
1539
1538
1520
1545
1535
872
1534
1514
1556
1536
1537
1541
1535
1548
1529
1538
1538
1529
1550
684
1533
1549
1543
1549
1551
1257
788
1542
1545
1539
1551
1554
1550
1544
1543
1543
811
1551
870
1543
1542
1540
1520
1538
963
1546
1529
1521
1538
1095
1533
1533
1543
1545
1550
1542
1445
1515
1544
1543
851
1542
1528
1550
1513
1539
1542
1525
1305
1542
1547
1529
1543
1543
1536
1534
1541
1173
1540
1542
1546
1545
1545
776
1533
1528
1545
1526
1230
1539
1538
1529
1536
1503
1550
870
1529
858
1539
1539
1080
1532
1538
1532
1537
853
1539
1537
1535
1543
1538
1542
1536
1549
1523
1543
1538
1549
937
1541
1537
1521
1547
1547
1531
1547
1107
1541
1521
1544
1544
1245
1545
1535
1518
1410
1541
1545
1541
589
1547
950
1542
1549
1544
1507
1401
1545
1551
1504
1542
1527
1544
1537
1536
1541
1521
1532
1543
1546
1539
1544
1517
1540
1525
1534
1538
1531
1527
742
1537
1540
1542
1534
1525
1545
1552
1543
1549
1540
1542
1546
1554
1536
1539
1432
1549
1539
1384
957
1540
1536
1543
1543
1534
1539
1546
1539
1535
1541
1545
883
1544
700
1541
1542
1541
657
1549
1533
1546
1537
1538
1541
1528
1534
1528
1537
1539
1538
1516
1528
1544
1524
1542
1533
1541
838
1535
1545
1546
1540
864
1529
1420
1533
1532
858
1530
1523
1531
1534
1537
1550
1535
1547
1531
1537
1531
1544
1542
1542
1539
1542
1527
1544
1540
1552
1531
1526
1527
1541
1504
1544
1543
1542
1546
1542
1544
1543
1531
907
1530
1540
1536
1543
1534
1546
1540
1003
1545
1542
1554
1545
842
1539
1537
1526
910
1539
1114
1548
1548
1547
1535
1550
1537
1543
1527
1543
1541
1544
1522
1520
1540
1131
1539
1541
1535
1544
1547
1534
1540
1540
1541
402
1534
890
1539
1545
1553
1541
1534
1542
1531
1322
1515
1533
1538
1537
1531
914
1531
1536
1531
1532
1494
1531
1539
1542
1542
1541
1524
1508
1531
867
1537
1535
1526
1544
1540
1538
1287
1526
1544
973
1543
1539
1515
1429
1537
1546
1541
1539
1544
1545
1543
1535
1541
1548
1550
1537
1549
1485
1532
1540
802
1492
1530
1548
1543
1534
1548
1540
1536
1509
1536
1533
1541
1529
1523
1547
1537
1537
1526
1546
1546
1005
1539
1528
1544
1540
1545
1540
1543
1541
826
1537
1531
1539
1192
1539
1537
1157
1527
1535
926
1546
1542
1372
1533
1540
1479
1544
1541
1544
1544
1542
1535
1542
1546
1535
1534
1534
1538
1533
1541
1545
1540
1532
1535
1539
1538
1536
1547
1524
1277
1537
1539
1487
707
1269
1544
1536
972
1544
1529
1544
1547
1550
1540
1545
1526
1525
899
1551
1526
1546
1547
815
1524
1551
1532
1539
484
1555
466
1547
1544
1542
1540
1550
1538
712
1553
1532
1552
1545
1547
1535
1541
1545
1553
1538
1543
1483
847
1546
1545
1546
1543
1559
1548
1535
1520
1502
987
1552
1533
1539
1303
1539
1538
1544
1552
1523
1553
1550
1538
1523
1543
1547
1541
1389
1539
1315
1548
847
1530
1540
1527
1544
1549
1557
1543
1539
1526
1540
813
1106
1543
878
1533
1547
1547
1539
1535
1534
1539
1540
1532
1536
1542
1540
385
1544
1537
1542
1530
1533
724
1531
1523
1531
1539
1519
1487
1544
1497
1518
1549
1533
1534
1544
1537
1537
1536
1546
1508
639
1541
840
1544
1539
1055
1532
1534
1540
1513
1545
1446
1126
1536
1525
1541
510
1516
1538
1433
887
1537
1533
1545
1541
1525
1540
1546
1541
1431
1525
1542
1530
1405
1542
1541
1531
1532
1536
1525
1539
1534
1543
1531
1421
1433
861
1532
1529
1540
1204
1538
1558
1540
1520
1532
1539
1542
1533
1527
1545
1547
1551
1524
1503
1534
1535
1534
1538
1540
1545
1540
1509
1540
1530
1538
1535
1534
1533
1189
1547
1534
1537
1545
1533
1538
1549
1551
1542
1543
1544
1536
1535
1545
1545
1544
1531
1533
1538
1553
1540
1535
1528
1542
1093
1542
1554
1535
1552
1543
855
1537
1526
1543
1534
1495
1539
1537
1536
1379
1552
1546
1547
1510
1546
1537
1529
1550
1545
1535
1532
1524
1519
1543
1540
1538
1549
1533
1539
510
1529
1535
1543
1544
1535
1538
1533
1525
754
1548
1540
1527
1541
1532
547
1553
1538
1542
1545
1548
1538
1537
1533
1549
1516
1539
1542
1540
1543
1535
1538
1537
1548
1528
1506
1539
1537
1537
1540
1542
1541
1539
1523
1531
1536
1529
1513
1546
1509
500
1527
1534
1543
1547
1542
1522
1200
1530
1535
1545
1534
1537
1539
1544
1549
1535
1530
1533
1545
1521
1518
1538
1545
1542
1468
827
1545
1536
1539
1526
1537
1537
1539
1553
1536
1543
1551
1540
1532
1541
1512
1274
1536
1543
1544
868
1533
1522
1539
1534
1291
1188
1517
1538
1531
1539
1517
1528
1540
1530
1028
1545
1527
1535
1536
854
1532
1543
999
1556
1549
1533
1553
1539
1537
1534
1537
1544
1481
1370
1315
1542
1542
1543
871
1534
1545
1545
1531
1546
1542
1557
1327
1546
1541
690
1540
1545
1534
1546
1541
1541
1542
1545
1524
1540
1536
1525
1547
1544
1550
1530
1545
1531
1522
1155
1540
1551
1537
1542
1534
1531
1541
1536
274
1523
1526
1537
1540
1520
1544
1542
1536
1524
1521
1517
1536
1539
1536
1549
1540
1537
1546
1538
1542
1530
1542
1537
1539
1542
1548
1539
1547
1537
970
1186
1540
1538
1549
1537
1467
1531
1483
1536
1538
986
1552
1542
1544
1545
1536
1533
1540
1543
1542
1490
1540
1546
1530
1543
1541
1549
1537
1552
1522
1544
379
1549
1547
1532
1534
1531
1536
1540
1515
1539
1540
1533
1523
1537
987
1550
1533
1551
1542
1549
333
1540
1539
1544
1549
1044
1547
1535
1541
1552
1542
1545
1535
1544
1524
1534
1548
1535
1540
1542
1544
1541
1539
1545
1535
1531
1541
1543
1531
1544
1542
1529
1543
504
1537
1541
1537
1543
1545
1538
705
1531
1540
1530
1538
1468
1541
1542
1524
1546
1545
1463
1545
1541
1540
1546
1550
1542
1538
1092
1543
1534
1542
1013
1547
1543
778
1524
1532
1541
1538
1539
889
1539
1542
1542
1544
1544
1543
1536
862
1536
1526
1523
1540
1541
1538
1541
1540
1530
1536
1537
1555
1536
1262
1530
1540
1096
1544
1538
1268
1548
1546
1554
1524
1535
1526
1546
1540
1539
1459
1544
1530
1539
1532
1539
1538
1063
1392
1501
1540
1540
1544
1431
1545
1550
1539
1537
1479
1539
1542
1531
746
1546
1547
1538
1538
1534
874
1534
1549
1539
1542
1553
1534
1539
1545
1549
1543
1541
1549
1536
1549
1541
1533
1536
1547
800
1528
1538
1545
1547
1532
1529
1539
1531
1543
1537
1532
1538
1533
1534
1412
1516
619
865
1538
1539
1529
1528
1541
1309
1538
1532
1543
1541
1539
1530
1022
1500
1544
1546
1544
1528
1279
1550
1536
1535
1547
1540
1534
1537
1532
1536
1531
1535
1527
1538
1544
1536
1529
1514
1549
1545
1536
716
1530
389
1530
1532
1479
1540
1543
1539
1535
1533
1536
1525
1542
1194
1308
1543
1545
1544
1536
1543
1546
772
1527
1538
1556
1524
1524
1538
1531
1529
1543
1545
1546
1533
1433
1534
1536
1538
1543
1542
1524
1537
1540
1537
1552
1545
865
1527
1545
1530
1533
1519
1533
1533
1531
1533
1542
1367
1541
885
517
1532
1536
1535
1536
1534
1534
1541
1539
1539
1539
1534
1537
1536
1538
1516
1551
1538
1546
1551
1537
1547
1541
1539
1540
772
1540
1533
873
1541
1527
1535
1538
1399
932
1540
619
1546
1542
1543
771
1527
1541
1536
839
1512
1525
1536
1542
1541
1394
1535
1541
1550
1544
1133
546
1343
1538
1538
1531
1540
1540
784
1539
1176
1507
1482
1543
1541
1544
1543
1518
1543
1542
1547
1526
1541
1530
1540
1534
1538
1553
1539
1542
1540
1390
1546
1540
1542
1384
1545
1541
1535
1537
1549
1117
1523
1527
1523
1534
1535
1502
952
1538
1526
1532
1530
1542
1544
1538
1533
1535
1541
1532
1536
1544
1526
1548
1533
1526
1127
1546
1522
1524
961
945
1287
1528
872
1541
1547
441
1547
1536
1545
1540
1532
1542
1539
1528
1530
1548
1533
1533
1552
1547
1544
1526
1527
1534
1542
1548
1548
1518
1536
1536
1546
1542
781
1549
1547
1534
1536
1530
520
1538
1548
1540
1542
1536
1537
900
1541
1528
1537
1548
1531
1537
1546
1539
1537
1551
1512
1140
1545
1534
1545
1517
1540
1546
1546
1549
985
1541
1533
1538
1544
1546
1556
1541
1551
1537
1158
1552
1540
853
1547
1554
1521
1546
1556
1506
1540
1450
1543
1541
1546
1539
1172
1551
1534
1547
1532
1545
1548
1536
716
1534
1543
1555
1546
725
1542
1548
1539
1538
1536
1548
1546
1537
840
1542
1541
1537
1543
1530
1552
1135
1549
1545
1543
1545
1552
1524
1531
1381
1546
1542
1007
758
600
1546
1545
1529
1545
1355
1539
820
1531
1546
1522
1541
1542
1535
1534
1542
1472
1539
1541
1535
1547
1551
1526
1528
1525
1543
1543
1535
774
1548
1168
1536
796
1534
1542
677
1531
1537
1541
1541
1546
1511
1531
1552
1523
1551
1526
533
1540
1537
1545
1541
1503
1543
1553
1533
1540
1536
1544
1541
1541
1541
1543
1538
1551
1552
943
1543
1528
1538
1539
930
781
1535
1547
1538
1394
1540
1536
1547
1545
1512
1537
1546
1551
1547
1547
1542
1532
1533
1549
1545
1541
1540
1537
1526
1537
780
1546
1550
1541
1541
1559
1533
1544
1544
1552
1540
1541
1545
1541
1523
1537
1539
1531
1538
1349
1537
1523
1540
1542
493
1522
1549
1530
1545
1536
1526
1542
1531
1498
1531
1533
1529
1534
1420
1537
1548
821
1531
1529
804
1541
1087
1549
1537
781
1536
1544
1540
1533
1544
1537
1545
1539
1542
1524
1504
1535
1537
1540
1530
1521
1543
1538
796
1305
1540
1541
1556
1548
1544
879
1546
853
792
1133
1558
1546
1542
1550
1551
1517
858
1535
1539
1419
1545
1541
980
1543
1535
1541
1536
1535
842
1540
1546
1531
1542
1534
1540
990
1531
1541
1536
1542
1546
1548
1526
1436
1524
1545
1538
1545
1536
1526
1541
760
1550
1217
1549
1542
1540
1542
1557
1535
1536
1527
554
1524
1084
1541
1552
1513
1518
1306
1554
1299
1547
1513
1385
1545
986
1527
1543
1540
1534
1414
1545
1539
1511
1543
1539
869
1550
1036
1533
1536
1555
1540
1528
1541
1494
1546
1544
1546
1537
1544
1548
1254
1534
1538
1524
1363
1545
1554
1547
1541
1529
1529
1550
1545
1525
1533
1141
1544
1541
1545
1537
1553
1531
1530
1546
1543
693
1532
1102
1540
1541
1544
1537
1527
790
304
1546
1514
1541
1536
1548
1534
1041
1541
1551
1539
1546
1545
1550
1546
1550
1536
841
1536
870
1533
1542
1434
1530
1550
1547
1542
1535
1554
1542
1541
1534
1537
1539
1542
1542
1537
1470
1545
1529
765
1542
1527
1533
636
1534
1541
1542
1541
1540
1538
1545
871
1550
1537
1525
1538
1524
1536
1538
838
798
471
1535
1537
1539
1520
1543
1536
1503
1536
1534
1540
1539
1550
1544
1548
1540
812
1543
1531
1535
1541
1533
1531
1518
1451
1535
1538
1517
1536
741
1543
1533
1535
1532
954
1522
1529
1526
1512
1542
866
1538
1555
1528
1532
1536
1532
1535
1538
711
1532
1540
1075
1540
1545
1544
1529
1535
1538
1537
1513
1540
1543
1538
1537
1541
1542
1545
1542
293
1550
1540
1524
1539
1528
1539
1541
1383
1550
1528
1546
844
1542
1539
1545
1544
1530
1537
1537
1533
1536
1542
1311
1535
1543
1524
1547
1543
1544
1544
1013
1549
912
1514
1553
1541
1540
1540
1530
1544
863
1536
895
1556
1522
1535
1545
1532
1541
1549
1550
1519
1533
1529
1545
1540
1538
1546
1131
1540
1528
1546
1520
1533
1474
1529
1524
1537
1542
1530
1541
1189
1527
1538
1530
1490
1550
1547
1551
1546
1531
1537
1545
1536
1542
1542
1540
1542
1533
1546
521
1529
1548
773
846
1470
1544
1546
1524
1542
1539
1543
1537
1554
1537
1308
1548
1522
1544
1547
1542
1534
1537
845
856
1542
1540
1542
1539
1542
1541
1541
1537
1539
1215
1544
1546
1529
1541
1532
923
1536
1545
1535
1510
1530
1547
1543
1532
1538
1536
1544
1467
1534
1544
1540
1542
1540
1537
922
1534
1527
1480
1540
1526
1541
1533
1266
1542
1535
1544
1549
1508
1418
1523
1379
1539
1530
1530
1544
1544
1540
1540
1527
1542
890
1546
1544
1526
1548
1541
1517
1531
1507
1541
1539
1528
1535
716
1534
1482
1533
1543
1529
1547
1531
1232
1547
1544
772
869
1554
1180
1546
1542
1529
1551
1546
1542
1524
1553
1545
1550
1531
1544
1542
1531
1543
1547
1535
1540
875
1526
1539
1533
1547
1546
1531
1190
1537
1325
1542
1539
762
1531
1545
1535
832
1545
1068
1535
1534
1546
1518
1518
1535
1545
1542
1527
1530
1523
1539
1548
1536
1544
1546
1539
1546
1541
1533
1544
899
1535
1551
1544
1534
1544
1537
1540
1543
1534
1542
1533
1543
1532
1542
1524
1538
1548
1540
1552
1537
1520
1544
1540
1548
1539
1530
831
1539
1530
1535
1509
1184
1535
1426
1543
1544
1544
1488
1536
1537
1519
1543
1545
1539
1535
584
1538
1540
1001
1539
1535
1547
1535
1546
1468
1515
1534
1544
857
1541
1557
1528
1533
1549
1542
1545
1543
718
1542
1540
1535
1549
1540
1538
819
1535
1540
1540
1536
1545
1526
1545
1530
1555
1548
1549
1540
1537
1539
1534
873
1518
1551
1537
1532
1072
1221
1544
1532
1443
1535
1104
669
1536
1535
1537
1545
1528
1534
1522
1534
1542
1546
872
1542
1536
1538
1549
1543
1542
1524
1527
873
1540
1527
1169
1533
1552
1544
1536
1171
1534
784
1545
1525
1538
1347
1532
1542
1547
1541
1527
1540
1539
1463
1540
1532
1540
1543
1537
894
1526
956
1553
1541
1546
1538
1544
1536
1548
1526
1539
767
1540
1552
1081
873
1539
1536
1546
1537
1538
1542
1507
1532
1544
1540
1538
1535
1545
1549
1525
1049
1533
1536
1536
1541
1525
1542
1535
1539
1543
1533
1532
1545
1537
1537
1544
1533
1538
1539
1528
1541
1537
1540
1282
1550
1537
1529
705
1528
1543
1521
1542
1544
1536
1534
1540
1512
907
1529
1536
1531
1535
1533
1536
1536
1541
1539
1545
677
1531
1533
1175
1544
412
1545
1536
1536
1548
1536
1543
1549
1548
1536
1547
1538
1472
1537
1551
754
1037
1514
1533
1542
1543
1541
1534
1538
1538
1544
1535
1539
1549
802
1536
1547
1537
1536
1529
1541
1540
1518
1542
1524
1540
1537
868
1536
1543
889
1452
1533
1228
1548
1533
1535
1541
1536
1532
1542
1542
1548
1545
1525
1537
1020
1549
1547
1545
1546
1540
944
1539
1154
1538
1540
1545
1545
1544
1529
1541
1548
770
1538
1536
1531
1551
1162
1527
627
1541
1543
1542
1519
1524
1547
1537
1543
1543
1534
1527
769
1525
1509
1508
1539
1541
1515
1537
1541
1544
1545
1545
1532
1534
1543
1501
1538
1544
1466
1536
1540
1548
1544
1542
1541
1532
1538
530
1535
1321
1526
1535
1551
1539
1400
1535
1543
1540
1541
1547
1540
1532
1532
1538
1531
1199
1533
864
1545
1532
1536
590
1365
1551
1546
1544
1537
1522
1538
1551
1491
860
1545
1540
1541
1543
1549
1519
1555
1543
1530
1528
1540
1546
1541
1557
1544
878
1546
1514
1556
1534
1544
1540
1289
1551
1533
1539
1515
1547
1543
1541
1530
1543
880
1545
1539
1488
1536
538
1536
1535
1537
1544
1533
1546
1539
1538
1539
1542
1551
1546
1544
1522
945
1535
1530
1546
1536
1536
1541
1531
1535
1542
1531
1542
1541
1537
1534
1540
1534
1541
875
1539
1543
1417
1529
1536
1533
1521
1535
1529
1530
1526
1548
1544
1521
1526
1537
1539
1540
1543
1542
1515
1528
1537
1532
1543
1454
1386
859
1544
1013
1549
1542
1536
1545
1550
1537
1512
1543
1523
1544
1544
1540
1540
1548
1540
1547
1539
867
1534
1174
1522
1541
1548
1539
1114
1535
1542
1534
1541
1536
1528
1544
1543
1542
1542
1224
1534
1534
1540
1528
813
1539
1067
1535
1544
1536
1546
1543
527
1539
1548
1536
1534
783
1548
1544
1537
1543
1525
1536
892
1535
1533
1544
1535
1548
1542
1524
1545
389
1537
1543
1535
1534
1540
1535
1368
1548
1048
1538
689
1548
1535
1552
1469
1312
1536
1539
1534
1528
1540
1541
1539
1547
861
1537
1540
1542
1549
1535
1534
1545
1542
1541
1534
1506
1536
1538
1527
1539
1548
1544
1541
1539
1540
1542
1542
1538
1522
1536
1534
1550
731
1537
1216
1538
1539
1542
949
1525
1178
1544
1542
1537
1542
1542
1525
1539
1537
1542
1539
1532
1540
1546
1547
1531
1519
1538
1525
1536
1541
1538
1532
1526
1531
815
1528
1536
1539
1532
1545
1550
1539
1313
1530
1542
1544
1547
1544
1532
1542
1482
1536
1541
1539
1540
1540
1528
1535
1534
1528
1541
1526
1535
1553
1538
1535
1529
1539
1533
1545
1534
1520
1532
683
1535
1542
1538
901
1531
1519
1533
1522
405
1536
1551
1544
1223
1538
1544
1527
1533
1537
1541
1540
1539
1530
1222
1552
782
1481
1539
1538
1542
1543
1533
1539
1524
1544
1531
1540
1536
1536
1543
1537
1536
1542
1517
1538
1539
1084
1547
1540
1544
1551
1544
1530
1539
1544
1536
1546
1434
653
1185
859
1539
1548
1516
1547
1524
1546
965
1541
953
1549
1535
1541
1546
1542
1543
1536
1510
1548
1547
1545
1538
502
1543
1552
1527
1534
1537
1536
1521
1546
1546
863
1543
881
1506
1542
866
1537
1548
1539
871
1512
1541
765
1532
1518
1531
1547
1542
1539
1549
1541
1546
1539
1536
1544
1547
1542
1536
1548
1550
1533
964
1533
1528
1538
1559
1542
1546
1541
1544
1543
1541
1546
1549
1536
967
1532
1539
1550
1545
1541
1542
1541
1540
1536
837
1536
1541
1543
1539
1537
1540
1530
1543
1548
1551
1386
1539
1331
1512
1537
1540
1539
1547
1550
1522
1508
1522
1546
965
1547
1508
1532
1545
1542
1542
1546
1543
1528
1535
1528
1532
1539
897
1304
1532
1537
1537
1534
1538
328
1546
1531
1529
1544
1541
1547
989
1546
1548
1531
1185
1537
1543
1539
1522
1542
1541
821
1261
1523
852
1542
1538
1529
1531
1538
1534
1541
1545
1543
1509
1524
1527
1528
1538
1528
1533
1533
1546
1537
1543
1540
1259
1550
1544
1532
1541
1544
1522
1544
1497
1537
280
1518
1416
1522
862
1536
1535
917
869
716
1525
1535
1541
1536
1547
1530
781
1541
1534
1536
1525
1541
1542
917
1543
1539
1545
1551
1541
1547
1543
1540
1531
1546
1542
1533
1540
1535
864
1506
622
1536
1535
1533
1543
1544
869
1238
1534
1529
1531
826
1528
1525
773
1400
1518
443
1533
1530
1532
1532
1540
862
1543
1369
1548
1536
1539
1541
1543
1523
1543
1533
1551
1536
1537
999
1536
1542
1534
1534
1542
1527
1535
1538
794
1533
1525
1547
1523
1535
1540
1540
1525
1536
1151
1535
1544
1542
1535
1544
1535
1537
1538
1555
1534
928
1508
1545
318
1544
836
1545
1530
1538
1542
1552
1535
1534
1541
1540
1533
1537
1537
1177
1536
1520
1535
1438
1529
1543
1532
637
1535
1533
1284
1540
1545
1541
1534
1544
1537
1534
1529
1534
1534
1508
1533
1532
1529
1461
1536
1534
1547
1524
1546
1542
1534
1543
1537
1169
781
1534
1536
1541
699
1528
1525
1526
1534
1545
1536
1541
1529
1540
1536
1523
1546
1541
1536
1542
1536
1534
591
1531
1540
1547
1508
1536
1198
877
1540
760
1528
1542
1536
1535
1537
585
1487
1540
1323
821
1528
1548
1543
857
1548
1542
1553
1541
1544
1542
1532
1532
1538
1533
1531
1535
1545
1554
1551
1545
1213
1547
1542
1555
877
763
1535
1541
1546
1542
1547
1093
1546
1545
1543
1535
1545
1536
1560
870
1534
1544
1544
1531
1541
1538
1529
1546
1545
1539
1546
1541
1486
1537
1539
1541
1543
1536
696
1542
1537
1534
1550
1539
1549
1543
1539
819
875
1542
1539
1547
1537
1547
1542
1547
1505
1535
1532
1524
1537
1541
1548
1536
1538
1538
1544
1541
1530
1536
1532
1537
1537
1166
1550
1542
1539
1524
1538
1539
1066
1545
1535
1543
1538
1419
1533
1251
1538
1531
852
787
1538
329
1533
1536
1515
1539
1542
1513
1533
1538
1518
1536
1336
1533
1537
1546
1541
1544
1540
1547
1545
1533
863
1537
1549
1538
1540
779
1546
1545
1535
1542
1379
1525
1540
1536
1537
931
1538
1542
1548
1542
1428
1541
1537
1544
1541
1514
860
1187
835
1536
1540
1534
1540
1528
1140
1537
1543
1545
1540
1536
1534
1549
1259
1546
1535
1545
1544
1539
1542
1544
790
1552
1530
1542
983
1531
1544
1535
861
1533
1292
1550
1538
1544
1532
1532
1464
1523
1523
864
1537
1535
1535
1544
1543
1549
1547
1545
1535
1482
1526
1519
1538
777
1537
1547
1536
1530
1533
1535
1534
1540
1527
1539
1555
1516
1533
1544
1546
1534
1538
1535
1544
1542
1535
1458
1537
1544
1486
1533
1542
1541
1527
1543
1545
862
869
629
1533
346
1530
1537
1545
1541
1533
1533
1544
1537
1538
1544
1535
1524
1549
1534
1532
1537
1537
1542
1119
1547
1537
1399
1526
1547
1531
1531
1530
1539
1532
1538
1541
1538
1540
1541
1540
1298
1547
1171
1544
660
1504
1538
1538
1535
1530
1546
1542
1538
1530
1539
1532
1542
1547
1549
1540
1524
1491
1540
1513
1543
1541
1535
1541
1541
1535
1535
1529
1538
1538
1552
1539
1536
1538
1543
1548
1536
965
1539
1276
864
1543
1536
1535
1540
1538
1539
1531
1540
1544
1539
1531
1543
786
1507
1537
1537
1537
1537
758
1542
358
1543
1548
1537
1539
546
1541
1545
1539
1531
1538
1542
1526
1540
1539
1542
1517
1538
1537
1546
1531
1544
1543
1536
1516
1536
1537
1539
1501
1453
1543
1530
1542
1536
1539
1539
1526
1537
1543
887
1533
1537
859
1539
688
748
1543
1544
865
1547
1555
1539
1539
1132
1538
1097
1544
1542
1540
1540
1553
1552
1528
1547
1537
1548
1531
1547
1543
1537
839
1533
1541
1536
1547
1539
1538
1523
1004
1540
1517
1538
1543
911
1531
1546
1534
1541
1535
1523
1537
1551
1538
1519
1529
325
690
1539
1535
1540
766
1378
1535
1542
1541
1543
1530
1549
1539
1528
1545
1545
1538
1544
1481
1540
1533
1541
1542
907
1548
1533
1549
1551
1541
1561
1532
1265
1541
1543
842
1548
1546
1457
1539
1540
1546
811
1538
1541
1536
1524
1540
1533
550
1398
1541
1191
1543
1539
1532
1537
847
1483
1532
1534
782
873
1532
1538
1544
1538
1508
1540
1544
1541
1539
1545
1256
1551
1539
1542
1538
1543
1550
1529
1540
1550
786
1250
478
1537
1544
1537
1523
1541
1540
1533
1538
1533
1282
1167
1543
1542
1537
1535
1534
1536
1540
1523
1547
1125
1368
1521
1539
779
1423
1538
1544
607
1545
1536
1545
1543
1544
1536
1534
1540
1538
1549
1525
1537
1490
1521
1134
954
1542
1050
1544
1541
1531
1539
1541
1527
346
1535
962
1540
1530
1552
1536
1539
1320
1514
1534
1542
1521
1538
1526
1532
1535
1546
1539
1538
1522
1545
1538
1536
1542
1540
1542
1547
1520
768
1546
1522
1539
1536
1112
774
1537
515
1511
1541
1538
1539
1325
1546
1506
1528
1541
1541
1529
1538
1541
1532
1533
1542
1537
272
1523
1540
1539
1547
782
1535
1533
1012
1531
1539
769
1541
1546
1541
1543
1541
1515
1534
1539
1532
1548
1538
1532
1522
1531
1514
1547
1522
1537
1507
1542
1536
1532
1537
1547
1336
1529
1542
1539
1541
1036
1538
1537
1539
1546
1547
1539
1543
1541
1533
1545
1549
1544
1539
1532
1524
1546
1533
1542
1546
1546
1534
1535
1531
1533
796
1423
1536
1524
1533
1549
1529
870
992
1532
1537
1527
1544
1528
1533
1532
1537
1366
1534
1518
1548
1548
806
1401
1537
1548
985
1542
1538
764
1544
1523
1545
769
1544
1545
1544
1527
1539
1543
1541
1549
668
1528
1524
1546
1538
1535
1535
1514
1547
1538
1538
1539
1539
1542
1541
1548
1539
868
1548
1537
1542
1532
1541
1538
1530
1543
1535
1522
1539
1367
1537
1537
1537
1531
1533
1523
1535
1536
1531
1538
1539
1102
1537
1538
1538
1530
1529
1535
1538
1546
1536
1528
1538
1537
1541
1536
1541
1537
1499
1517
1429
1536
1534
1535
1532
1534
1393
1535
1526
869
1533
1531
1525
1515
1544
585
1510
972
1526
1536
1540
1532
1532
1527
1534
842
1476
1544
1539
1544
1538
1396
1506
1539
1432
1540
1546
1542
1522
1366
1527
1541
1548
1290
383
1543
1527
1538
1539
1545
1551
1547
1549
1545
1551
1538
1539
1537
1548
1538
1190
1542
1546
1549
1539
1541
1519
1541
1522
1541
1542
1539
1534
1547
1530
1522
915
1532
1547
1539
1547
1538
1537
1542
1537
1431
1520
1539
1547
1538
908
1535
1532
1527
1543
1427
1534
1544
1538
1540
1536
1543
1541
1517
1356
1542
1550
1538
1543
1540
1443
1534
1546
868
1540
1544
1547
1544
1537
865
1545
1533
1547
1540
1544
1533
1537
1532
1542
1538
1541
1525
1537
1538
1523
1534
1538
1541
1485
1535
1543
1155
1538
1540
1542
1469
1202
1536
1538
1538
1538
1548
1537
1537
1519
1535
1542
1546
1216
1543
795
1542
1542
1541
1539
1523
813
1546
1519
1540
1545
1540
1545
1537
1226
1538
1549
1533
1538
1531
1548
926
1280
1549
1544
1548
483
1526
1540
1533
1547
1542
1529
1548
1540
1535
866
1541
1532
1527
1532
1535
1546
1462
1540
809
1539
1542
1531
1538
1539
1545
1536
1550
1540
1534
1313
1534
1540
1525
1542
1543
1542
1544
1551
1522
1541
1540
1543
373
1544
1542
1552
1543
1520
1537
850
1544
1541
1542
1535
1537
1426
1015
1535
1535
1546
1545
1523
1539
1548
1547
1535
1551
1542
1544
858
1461
1538
1533
1543
1543
1536
1524
1540
894
1538
1540
1545
1527
1544
1530
1524
1541
1520
1547
1551
1533
1539
1527
1540
731
1544
1532
1544
1539
1538
1548
1534
1534
1545
1543
1488
1540
1533
1524
778
1552
1538
1543
1547
1457
1551
1292
1542
1540
1540
1533
1548
1549
784
1539
1282
681
1544
1544
1541
1548
1546
1543
1509
1535
1539
1546
1550
1537
1538
1530
1542
874
1539
1540
1542
1536
1536
1538
1501
1540
1532
1534
1548
1527
1540
1540
1532
1539
1524
1534
1537
1524
1539
1544
1536
1370
1542
1543
1531
1537
1073
1533
1529
1544
1538
1550
1547
1540
907
1540
1554
1539
1541
1541
1522
1541
1539
760
1538
1548
1436
1538
1541
1543
1516
1518
1547
928
1544
1536
899
1545
1544
1545
1538
1537
1543
1540
867
1547
1524
1538
1552
1504
1542
840
1547
1531
1542
1527
1530
1535
1545
1544
1463
1516
1540
1542
1021
1528
1530
1540
1541
1529
1530
1539
1537
1539
1538
1127
1540
1097
1532
1548
1526
1119
1545
1540
1534
1522
1543
1535
1544
1528
1533
1543
1533
1536
752
1545
798
542
1290
1549
1540
1058
1538
1539
1551
1533
278
1549
1545
1544
1535
640
1544
1537
1537
1040
1533
1314
1544
1552
1531
1237
1233
1548
1539
1538
1533
1404
1538
1404
1547
1538
1550
1524
1535
1541
1537
1528
1542
1540
1534
1542
1538
1548
1515
1542
1539
1544
1539
1541
769
1541
1540
1534
1538
1540
1532
1548
1548
1520
1548
1541
1523
1531
1548
1544
810
1539
1540
1524
733
1540
1552
1554
815
1542
1535
922
1536
1538
1536
1531
1533
1522
1548
1538
1538
1542
1533
1547
1527
1528
1544
1543
1540
1535
1354
1545
1539
1531
1515
1532
1536
1552
1523
1537
1542
1549
1531
1541
1542
1478
1539
1505
1538
1539
1535
1537
1537
1543
1515
1290
1546
1547
1334
1547
1187
1547
1537
1380
1550
1554
1548
1543
1532
1541
1545
1535
1281
1536
779
1530
1532
1543
1499
1538
1536
727
1537
1529
1375
1540
1545
1535
1527
1541
1536
1537
1547
1529
1547
1550
1545
1544
1547
1530
1535
1536
896
1549
1546
552
1538
1540
1537
1542
1533
1537
1545
770
1536
1539
1546
1528
1535
1557
1536
1535
1548
1547
1546
1556
1544
1524
785
272
1537
1542
1519
1542
1538
1525
1541
1530
1537
1540
1542
1542
1536
1539
1549
1532
1520
1533
1540
949
737
1074
1528
1572
1342
1543
1539
1543
1543
1552
1548
1525
1547
717
1540
1537
1549
1527
956
1542
1427
1524
1543
1540
1536
757
1550
1531
874
1537
1526
1540
1546
1540
1548
1544
1533
1536
1551
1539
1530
1537
1541
1533
1537
1531
987
1555
1529
1517
1541
1547
1535
1535
1541
1524
1551
1540
1552
1520
1540
1536
1543
1536
1540
1541
1528
1549
1533
1518
1540
1448
1537
1532
1539
1532
1547
1543
1537
1526
1538
1541
1520
1542
1511
1541
785
1532
1542
1539
1549
1535
1555
1530
1545
1543
1531
1540
776
1538
1524
1544
357
1539
1541
1535
1539
1545
1229
1529
1542
1538
1553
1535
1542
866
1299
1545
1541
1547
1540
1523
1547
1520
1538
1544
1539
775
703
1544
1537
1547
1533
1545
1535
840
1541
1533
1525
1543
1531
1177
1539
1542
1541
1536
1530
1542
1523
1531
1527
1105
1539
1537
1536
1536
1541
1536
1513
1544
1534
1543
1527
1531
1541
1532
1538
1542
945
1544
1547
1547
1541
1546
316
1534
1554
1550
1540
1170
1543
1283
1548
1360
1534
1533
1543
1083
1546
1546
767
1534
1516
1540
916
966
1546
1548
1540
1545
1538
1526
1541
836
1487
1546
901
1540
1514
1545
1543
1536
1521
927
1531
1528
1547
1530
1548
1535
1543
1535
1540
1544
1547
1535
1541
1531
944
1536
1539
803
945
1528
1536
1545
1546
1543
1534
1527
1534
1541
1543
1541
1542
1548
1534
1161
1534
1544
1536
1545
1531
1544
1539
1538
1541
1536
1528
1540
1537
1512
1542
1538
1544
1515
1541
1541
1533
1530
1541
1540
1542
812
1542
1515
1538
1543
1545
1471
1544
1535
1524
1538
1535
1538
312
1538
1546
833
1542
763
1538
1531
1546
1546
1547
1536
1549
1528
1541
1543
1233
1462
1542
1405
1537
1533
1543
1187
1540
1547
1540
1220
1538
1545
1540
1534
1535
1459
1539
1548
1519
1550
1530
1545
1255
1547
1545
820
1535
1533
1537
1106
1537
1496
1548
1544
1542
1540
1539
1535
1546
1519
1546
1546
1542
1529
1545
1448
1293
1536
1547
1535
1540
1543
1534
1537
1542
1398
1537
1536
1545
1475
1545
1536
1532
1542
1541
862
1549
620
1544
1522
873
1544
1530
865
1547
1549
1537
1539
1544
1538
1541
1540
1543
1541
1544
1533
1535
1543
1541
1533
515
1545
1530
1531
1540
1546
1538
1531
1538
770
1530
1129
1542
1546
1530
1536
1546
1545
1529
1547
1539
1540
1546
1541
1549
1540
1541
1537
1529
1536
1538
1524
1539
1545
1519
1553
1539
1530
1540
1546
1531
1539
1539
1534
1537
1539
1545
1527
1538
1544
1523
1556
1547
1542
1541
1546
1519
634
1539
1549
1542
1540
1541
1540
1543
1541
1512
1546
1536
1539
1543
1544
1011
838
1542
1536
1552
1535
1539
1541
1542
1542
1539
1543
1543
1519
1512
791
1539
1539
1529
393
795
1532
1545
1545
1527
1550
1546
1537
1540
1545
1540
1530
1536
1545
1517
1526
283
1542
1544
1539
1540
1511
1544
1534
1542
1521
1538
1232
1539
1544
1528
1534
1544
1538
1543
1537
1377
1537
1540
1545
1534
1450
1533
1543
835
1544
1544
1142
1116
1550
1536
1545
1545
1537
1544
1541
1537
1535
1529
1539
1538
1532
1541
1538
1543
1540
1530
1524
1536
1478
990
1119
1540
1536
1540
1536
632
1540
1534
1522
1519
865
750
1534
1540
880
1541
1532
1525
1537
1533
1538
1544
1526
873
1540
1546
1534
1536
874
1542
1545
1537
1541
1532
1543
1206
1546
1534
1530
1531
1536
514
1536
1537
1544
1545
1053
1539
1531
1536
1539
1534
1529
1540
1535
1543
1545
1550
1545
1542
1531
1536
1227
1506
770
1538
1540
1535
1531
1543
1545
1538
1543
1530
1527
1523
1542
1536
1538
1548
875
1543
1540
1541
1498
1541
1541
1012
1532
1540
1535
1542
1291
1538
1504
1551
1545
1542
1536
1509
1533
1538
1538
1539
1527
1540
1539
1533
1437
1538
1465
1537
1540
1534
1539
1530
1529
1539
1539
1535
1532
1539
1004
1537
1538
1527
1544
1536
1546
1531
1540
831
1536
1543
1537
779
1535
1542
1543
1522
1534
1522
1537
1538
1005
574
823
1541
1503
1535
1535
859
1544
802
1542
1540
1545
1545
1536
1536
1532
1541
1534
852
1514
1542
1531
1539
1529
1525
1535
1537
1534
1540
1521
1537
1362
1545
1239
1540
611
1521
1546
1544
1538
1523
1514
1510
1544
1540
1534
1527
1534
1535
1542
1533
1531
1538
1534
1538
1532
893
327
1546
1543
1536
1532
1534
1077
1534
1536
1541
1530
1525
1537
1540
1532
749
1538
1538
1538
1539
1536
1545
1543
1517
1149
1521
888
1545
1538
1521
1539
1544
1537
1534
1540
1505
1537
1537
1523
1524
1540
1348
1542
1538
1545
1546
1544
1468
1540
1530
1511
1532
1538
1521
1525
1520
1452
1536
1550
1529
1542
1543
1507
1537
1537
1507
1532
1541
852
1534
1529
1533
1541
1533
1489
1538
1530
1524
642
1524
1533
1537
1531
1549
1536
1535
1546
1546
1536
1544
1527
1519
1521
529
1522
1536
1530
1529
1525
1555
1535
1530
1525
860
1539
1543
1539
1536
1529
1521
1472
1539
1540
1537
1536
1542
1539
1549
1544
1549
1540
1007
1536
1540
1534
1550
1541
1542
1528
1535
1536
1540
1539
1536
1550
1550
1538
1547
1546
1547
1546
1543
669
1539
1520
1537
1537
1540
1537
1545
1545
1542
1545
1537
1533
1543
1544
1540
1539
1544
1544
1532
1535
1543
1529
1533
1543
1540
1533
1539
1532
1530
1536
1541
1546
1547
1536
1536
1547
1540
1544
1090
1535
1534
752
1539
1544
1543
1540
1526
1530
1551
1395
1545
1529
1538
969
1537
1537
1546
1515
845
1353
1543
1506
1531
1543
1540
1548
1543
1546
1524
1542
1540
1530
1526
1535
1526
1398
1543
1533
1536
1538
1469
912
1544
734
1546
1446
1530
1543
1532
1551
1537
1534
1543
1535
1539
1540
1542
1546
1545
931
1536
1536
1535
1563
1537
1541
1541
1527
1349
1544
1538
1542
1550
1536
1534
1330
1505
1537
1544
1547
867
779
1525
1531
1549
1544
1532
863
1548
870
1542
1535
770
1546
1546
1543
292
1543
1543
828
1541
1544
1103
1539
1539
1294
1536
1538
1543
1554
1546
1542
1540
842
1546
1535
848
1530
1061
1552
1537
1543
1549
1352
1542
1488
1538
1541
1547
1537
1536
1536
900
1547
1548
1067
1537
834
1524
1538
1536
1541
761
1241
1532
1542
1538
1533
764
1534
1537
1542
1539
1550
1545
1527
1537
1536
1538
1545
1537
1151
954
1474
1533
1539
1538
1539
1527
1544
1533
1545
1537
1527
1540
1552
1538
1537
1538
1543
1522
1540
1538
1541
1535
1477
1542
1439
1537
867
1420
458
1540
1540
1537
1544
1542
1529
1546
1325
1531
1541
1549
1541
1534
1544
1540
1535
1510
1535
1525
1505
1540
870
1547
1543
1541
1533
1541
1545
1545
1550
1529
1519
1381
1546
1533
795
1504
1531
1542
1543
1540
1539
1538
1541
1544
853
1536
1543
1103
1541
1544
1542
1538
1503
1541
1543
1528
1254
1533
730
1505
1539
1548
1470
1540
1539
1543
1538
1541
1149
1529
1529
1530
1546
742
1527
1513
1525
1530
1546
1542
1043
1526
1534
1541
1539
1534
1539
341
1546
1542
1539
1540
1542
1518
1536
1546
1546
1538
1533
1529
1541
1540
1533
1529
1540
1536
1537
1541
1444
1537
1542
1520
1544
859
1545
1543
1547
1533
1110
1530
1532
755
890
1518
1537
1548
1526
1542
1552
792
1537
1496
1537
1541
1529
1545
1543
910
1541
