3003
2974
2984
2993
473
2995
2976
2981
2963
2989
2982
2993
2984
2996
2982
2952
2962
2959
2953
2911
3012
2991
3009
2919
2994
3031
3006
2997
2604
2958
3016
3012
2344
2962
3017
2980
2977
3003
2931
1544
2999
2827
2936
2945
2973
2990
2990
2997
2878
2989
3003
2978
2915
1275
2962
2968
2955
2986
3001
2982
2988
2989
2982
3023
1978
2992
3046
2804
2963
2991
3084
2964
3007
2998
1820
2988
1655
2923
2987
3011
904
2948
2988
495
3059
2993
2987
2993
3016
2984
2979
2989
2997
2979
3007
691
2988
2944
2979
2987
2839
3008
2970
2997
3009
2997
168
2961
2927
2964
2990
2999
2977
2962
2951
1013
3014
2924
2985
2987
2999
2988
2021
2968
2995
2987
2990
317
2945
2896
3000
2992
2979
851
3067
2970
2997
2983
1227
2964
2873
2990
2924
2983
3014
2959
2989
2897
2994
2967
3000
2803
3016
2987
2977
2997
3009
2993
3019
3001
2987
3032
2959
2990
2969
3012
3065
2958
2978
3007
2991
2990
2994
2974
2183
2996
1920
3007
3007
2954
1117
3001
3054
2975
2995
2963
2999
2971
3000
2983
2995
2970
3004
3021
2947
2959
2984
3002
2976
3007
3006
3011
3013
1832
2995
2965
235
2992
3005
3002
3012
907
279
3006
2857
2991
2987
3014
2968
3085
2996
912
3027
2999
3021
2993
3011
2967
231
2945
2936
2943
3002
611
3019
150
561
2977
3006
3006
2983
2990
2995
3010
3030
3021
3009
2967
458
2972
2982
3010
2982
119
2992
3016
3058
2999
1878
2962
3011
866
2999
2941
2971
2975
2993
2993
2976
2877
2966
3065
3002
2986
3012
2995
2901
2983
2990
2991
2564
3094
2988
2973
2908
2957
2985
2995
3010
1767
2994
2976
2965
2983
2899
2963
2953
2992
404
3015
3012
2991
2991
3020
3016
2996
2967
1449
2987
2977
2968
3001
2949
2995
2975
2555
2972
2984
2984
3019
2943
3001
3005
2986
2927
3009
2995
2950
2978
3051
2371
3027
2996
2774
3004
2957
2973
2980
2123
3008
1183
2990
147
3092
2992
3007
2972
2958
1518
1612
3025
2998
2997
2972
2987
3002
2252
2969
2947
3019
2999
2824
537
3010
3009
3001
1697
2997
2920
2992
1807
1733
2983
2920
3000
2986
2965
2949
3007
3002
2998
2978
3005
2975
2995
2985
2971
3011
2976
875
2999
2972
3042
2941
3006
2961
3060
2979
3043
2960
2991
2966
2982
3063
2999
2982
3005
2981
2988
2983
2976
2969
403
2715
2982
2997
2996
2983
2997
3070
2976
3014
2986
2974
2190
3013
1266
2982
2952
264
2977
2975
3010
2981
3003
2865
2990
1102
3003
2975
2987
1018
2966
3014
2985
2989
2979
2972
2761
2979
3011
2992
2963
2977
2973
2994
2985
3006
2984
2991
2966
2969
2999
3013
3003
2922
2937
2953
2982
3007
2982
2970
3036
2965
426
3030
3006
2996
1383
2997
1545
2056
640
1174
2980
2978
2971
2945
2963
2986
2961
2961
2998
2943
3000
2996
2996
1605
2980
2957
2903
3049
2984
2546
3008
2943
2933
2963
2994
2960
2986
2977
2130
2998
2966
3015
2973
3003
2974
3005
2410
671
2784
2954
3027
2933
2991
2864
2202
3013
2985
2986
2957
2985
3009
2997
3024
2992
3009
3020
2943
2980
2992
3002
2890
3007
742
2991
1588
2972
2608
3005
2944
2982
962
2940
3005
2997
1627
3010
2964
2979
2978
2990
101
2975
3021
2990
2964
346
2989
317
1991
2959
3001
2979
2983
3013
2988
3015
2987
3003
2976
2972
2979
2994
3017
2983
2975
2974
2988
2990
3025
983
2964
2964
3023
3010
2999
3000
2985
1883
2997
2997
2977
2999
2975
2986
2964
2994
1667
3011
3007
2945
2954
2098
2981
3013
2986
2983
3011
3035
2993
2120
2982
2912
3020
3003
2979
3002
2978
2988
3014
2990
3006
2991
2999
2995
3006
3005
2974
3005
2991
2953
205
2990
2990
3098
1005
2084
3004
2962
2973
2981
2961
2989
2325
2070
2975
2995
3015
2988
2989
2934
2985
2998
2993
2997
3000
3025
2960
2960
3005
2998
2818
2994
2963
2982
2539
3005
2996
2957
3016
2991
2955
2967
3008
2980
2969
2957
2985
2991
2986
2894
3000
109
2981
2842
2973
2996
2992
2992
2684
2969
3018
3028
2982
3011
3014
2981
3022
2985
3001
2983
1009
2990
2273
3001
2988
2987
2965
2984
2996
2964
3051
2893
2948
948
2484
2993
2984
3013
2973
2994
2991
2916
3001
3008
2972
3015
2996
163
3008
2982
1892
2991
2976
3009
3010
1456
2967
2983
2997
2673
3000
2994
3002
2960
2988
3000
2992
2987
2979
3016
3028
2075
2991
2558
3005
2980
2966
2961
2975
2991
3001
145
2798
2110
2963
2992
3020
2993
2994
2597
2945
645
2984
3004
2962
1884
2920
2985
2961
2981
2944
2995
2998
2984
3011
2990
3000
3018
760
2980
2994
2939
3006
2983
2986
2919
2999
2998
2966
2967
2976
2942
2965
2974
2942
3020
3019
2970
3014
2945
2493
2951
2013
2985
620
2992
3014
2986
2957
2980
2978
2973
2984
3001
2982
2992
2977
3001
3011
3003
2974
2999
2987
2929
2459
3003
2898
2985
2958
2964
3008
2968
2993
3015
2978
3007
2295
3005
1035
3010
3016
2956
2977
3010
2968
2996
2991
2980
2987
3002
3000
2972
2982
2965
3013
2970
3001
2976
3012
2978
2991
2558
2948
357
3000
2992
2951
2980
3000
2986
2985
212
2972
2985
2988
2954
2993
347
3012
2952
2985
2994
2986
3031
2996
2965
2994
2997
2965
2986
2981
2953
3003
2975
2963
2877
3012
2969
3026
2875
3024
2990
2956
2989
2986
316
2992
1589
3006
127
2980
2983
2943
2984
2960
3069
3014
2968
3015
2987
2954
3089
2937
2985
2972
2998
2592
2993
2974
3021
3009
2975
2896
2988
3008
3009
2999
2937
3017
2982
2972
2978
2988
3017
2976
2991
2974
2987
2960
2982
2981
2996
2620
3002
3011
2990
2961
2958
2999
2985
3019
2970
2973
2391
3005
2985
3003
3024
2961
2987
2989
3008
2998
2984
3004
2989
3005
2963
2926
2980
1948
2995
2978
2947
2972
2984
2983
3011
3029
2972
2927
2996
2994
3007
2974
2132
2995
2997
2998
3010
2931
2964
2872
2985
1039
2995
3019
2999
2980
2996
3001
2991
3023
2972
3041
3005
2910
2990
2986
2983
2978
2969
2971
3011
2993
2959
2957
1786
3004
2990
2993
2997
2196
2977
2993
2979
3022
2987
3000
2986
2974
3012
2992
2912
3011
2976
2989
2967
2983
2988
2987
2987
2993
2983
2984
2964
3020
2973
2977
2995
2319
2996
2990
2677
2987
2931
2943
2990
3023
2425
2999
2967
2972
2971
2680
1147
2965
2964
3007
2972
2626
2793
3004
2995
2987
2973
2963
2957
2971
2958
2990
2979
2886
1878
3010
1133
3049
2854
887
2979
2966
3031
2975
2980
2987
2980
2446
2982
2993
2962
1722
2999
2948
2988
2979
2990
2969
2970
2942
2968
2989
2997
2993
2969
2990
2981
3006
2975
2983
2961
3001
3002
2956
271
3003
2748
2999
2986
2992
2984
2990
2997
3011
2931
2942
2967
3009
2992
2953
2983
168
751
3044
2988
2985
3007
3001
2967
2936
3013
3001
2976
3005
3008
2995
2998
2959
2892
192
729
2992
3010
3013
2966
3010
446
2996
1233
2990
3013
2976
3007
2974
2987
2985
2992
2986
3009
2961
2995
3011
2951
2953
2998
2982
2949
2985
3003
3009
2915
2992
2989
3002
3001
2981
3019
3003
3023
2977
2970
2965
2982
476
3065
2976
2995
2970
2963
2986
2997
3017
3012
2978
2991
2984
2978
3003
3005
2963
2986
3009
2968
301
2981
2978
2963
2960
2991
2996
3014
2903
3009
2992
2984
2994
2994
2970
2933
2995
3008
2590
2968
2918
3003
2993
2979
2973
2960
3016
2992
2808
2965
2966
2762
2975
3008
2963
2988
2940
3015
3007
3009
2955
2992
2920
2996
2978
2981
3000
2995
2993
2971
2983
3006
634
147
1902
2984
2995
2979
2993
2969
2986
782
2960
2998
180
2985
3019
2951
3031
2957
2980
2957
2818
3024
3001
2987
2979
2989
2970
2338
2962
3041
2996
2970
1636
2967
2999
2996
2996
2928
1595
128
2991
3022
2976
2971
2987
3000
2991
2982
2988
2450
2980
2988
2986
3014
2990
2995
3017
3002
2976
2960
3003
2983
2981
3001
2994
2971
2993
3004
3018
2999
2998
544
3006
553
2993
2975
2992
2995
3012
3002
728
2953
2979
2986
3015
2978
2983
2973
3010
3003
3000
2977
2993
948
2994
2966
2990
2965
1713
2984
2626
3006
2956
2350
3011
2969
3008
2962
2936
2978
2998
2950
912
2321
2991
2903
2948
3001
3003
2986
3001
2991
2974
2958
2963
2991
2831
2953
2958
3004
3016
2957
3009
3001
2965
2922
173
2434
2989
2954
2975
2985
2962
2983
127
2945
2973
1527
2996
2965
2945
1453
2986
3019
150
2995
2960
2997
3010
2985
2968
2986
2984
2977
1584
3015
3001
2990
3010
2983
2999
2998
2238
2999
3013
2985
2979
127
3019
2987
2927
3012
3012
2964
2977
3003
3000
2988
3006
3005
1561
2985
2989
1757
2958
3017
2992
3001
2988
1975
3005
2978
2995
2684
2992
2337
2636
2067
2993
893
2996
3004
2975
2977
2985
2993
2962
2966
3028
2979
2978
2955
2964
721
2988
2415
2968
2665
2942
2976
3021
2982
2907
277
2978
2012
3001
3005
342
645
2989
2892
3023
2995
934
3019
2971
3007
1695
2936
2988
2987
3008
3030
1280
2952
2999
2800
2994
2989
2985
2974
2984
2988
2973
2997
3089
2988
3013
1391
3035
2977
2945
2975
2995
2956
2969
2988
2965
3004
2781
2998
2948
2955
2981
932
2984
3007
2990
3000
3007
2964
1013
2947
2989
2923
2984
1697
3014
2999
2977
2989
2993
2986
2889
3018
3008
2983
2944
3001
2979
2974
2934
2989
3005
2993
2971
2919
861
3004
2986
2774
2173
2983
3013
2963
2898
2991
2967
2862
2802
2987
3001
3002
3018
2976
2980
2988
2984
2983
2961
2978
2987
2999
2965
2084
2984
2259
673
2987
2999
2973
2974
3010
2945
2981
2987
2965
101
2963
2963
2992
2981
3051
3029
2990
1833
2985
376
2993
2992
3001
2923
3011
2988
2994
2947
2986
716
3002
2985
3012
2964
1800
2981
1317
2974
3026
785
2839
2982
2980
2971
3014
2964
3004
2893
2969
3000
2957
2575
3042
2996
2944
2984
2944
2980
2964
2977
2995
2957
2987
2986
2962
2995
2979
2994
2993
2999
3000
2987
3011
2960
2886
2965
2997
1600
2989
2949
3045
3002
2992
3001
3029
2963
2929
2987
2984
3003
2996
3015
2969
756
2995
3014
3025
2962
128
1983
2951
2965
2937
2975
2997
2986
3013
3002
2987
2984
2932
3018
2967
2964
2971
2979
2010
1983
3002
2996
2664
2986
3003
2972
2991
2959
2992
356
3001
1164
2988
2989
2987
2956
2965
3001
2978
2966
2989
3005
3064
2956
3002
230
2926
2982
3002
2977
2985
2978
2973
2957
2981
2947
2986
2985
2941
3038
3006
918
3007
214
2732
2996
2994
1628
2993
2976
3006
2348
2978
2973
2863
2854
2967
2962
3034
2996
1448
2972
2991
484
2990
3011
2976
2969
2988
2985
2600
2988
2980
3001
2977
2955
1960
2986
3005
2996
2979
2976
3030
3082
3053
2979
2978
2996
2979
2980
2977
1475
2969
2979
1066
2987
2981
2988
2989
3012
2964
2964
2969
3009
3014
2980
2956
2968
2953
2991
2972
2955
579
2972
3012
2982
2946
2985
2953
2977
2625
2937
3006
2970
2928
3013
2976
2823
2996
3012
2981
2975
3010
2994
2972
3020
1797
3066
2987
2998
2837
2808
2541
2984
3079
2982
2954
2975
336
2976
2990
3000
3066
2959
2985
2998
2986
2990
2972
2563
2976
2996
3016
2969
975
2991
2984
2965
1240
2998
2986
2974
3014
2960
3006
2926
2984
2974
2920
257
2967
2942
2988
671
2418
2978
2793
3005
3012
2999
2979
2974
2968
2968
2963
2949
2948
2949
2985
2077
3013
3003
2997
3015
3006
1302
2982
2992
2999
2991
2936
1023
2997
3008
2981
3002
2984
2988
2950
2970
2973
2978
3000
3085
2984
2925
2990
2990
2938
2723
2952
2968
2750
3020
2999
2981
3003
2969
2882
2993
2972
2971
250
2983
2986
2979
2998
2978
2957
2911
2942
3000
3004
304
2977
1882
3010
526
2971
2924
3002
2980
3002
2285
2988
2994
3010
2918
2998
2983
2994
3002
3036
2984
2976
3003
2981
2995
2989
2977
1794
906
2972
3013
3000
2972
96
2942
2964
2979
2973
2996
3010
2441
2990
2996
2978
3032
2981
2986
2965
3008
2978
1807
3018
3014
2955
2996
3006
2985
2989
3007
2187
3062
2996
349
2995
2968
2925
2988
2971
2966
2961
2998
3032
115
2978
2984
2951
2993
711
2169
2972
1061
915
109
3011
2991
2097
3014
2993
2998
965
2949
3022
2992
3013
2986
2993
2986
2962
3045
3048
2280
2976
3001
2993
2996
2981
2982
1516
2985
2975
2972
2970
2975
3005
3020
2972
2982
2957
3006
2938
3005
2989
3029
2968
2992
2981
2960
2994
2818
2993
175
2990
2956
3023
2964
3008
3018
2971
2361
3003
926
2970
3000
3010
2987
2997
3000
2987
2987
201
3003
2787
2968
2991
3002
2987
2940
2988
2965
2950
2975
2983
3000
2955
2985
2987
2996
2956
3013
2966
2956
2967
3015
2982
2985
2960
2997
2991
194
3011
2989
2993
2993
2970
2978
2990
3008
2987
1740
1630
2948
2981
1752
1654
2509
2996
2948
3004
716
2900
2947
2786
2997
2956
2987
2422
3072
2960
1256
3071
2974
2909
3001
2995
2984
2997
3008
2978
3007
3003
2938
3015
2957
2268
2981
748
2993
3047
267
2993
3007
2952
2956
2997
3004
3000
2989
2998
206
2982
2972
2981
3001
431
2943
3013
2996
2988
3009
2978
2986
2973
2940
2964
3000
2980
2988
2926
2982
2935
2964
2965
2965
3012
2943
2969
2992
678
3011
3043
2991
2966
986
3063
3025
2977
2973
2037
3001
3005
2986
2999
3006
2985
2963
2149
2965
3008
2982
2867
2990
2997
2984
2047
3004
2985
2180
3001
2995
2976
2989
2955
2963
2970
2978
2448
2985
2978
2964
3009
2985
2980
2925
2950
2923
2985
2154
3009
2984
2994
1947
2982
2986
2981
3017
3004
2969
2998
2987
3007
2841
2953
2980
2988
3024
3005
2991
2957
1760
1103
2957
2995
2804
1682
2987
2968
2993
3001
2981
3012
3013
2931
2950
2995
3003
2964
2999
3000
2987
2985
2971
2518
3078
2950
3003
3011
2988
3083
2987
3004
2962
2990
2940
2998
2978
2923
2745
2990
2953
2991
3003
2993
2998
3011
2978
2951
2970
2856
3026
153
3008
3001
2992
2991
2983
2597
3003
2990
3004
2997
2996
2996
2946
3000
2977
2991
2998
2975
2977
2989
3011
2998
2947
3006
3004
1743
2918
2974
3000
2971
2999
2998
3002
2979
2999
1493
2995
2994
2910
1172
2899
2736
2961
2996
2999
2961
2987
2955
263
2991
2969
2972
260
2988
2971
2990
3019
3039
3003
1709
2970
2968
2994
3013
2936
2272
3012
3010
2979
2987
2988
2992
2933
3005
2975
2961
3025
3031
2889
3000
2973
2968
2976
3013
1918
2993
2978
3032
2992
2969
3014
2900
2984
2979
628
2994
2983
2987
2929
234
2947
2984
140
280
2986
2981
3028
2981
2919
2904
2993
2981
3007
3008
2995
3007
139
2983
2972
2973
3011
2984
2995
2994
2989
2980
710
2977
2990
2979
3008
2952
3006
2937
2985
2969
2963
2994
2991
2996
3016
2966
2973
2940
2967
2969
2949
2967
2999
2972
3039
3017
2976
2922
2981
2998
3037
3006
2928
2150
2808
2971
2957
2972
2995
2988
3002
2980
2980
1823
2983
3014
2979
3005
2993
2904
2978
3003
2993
2998
2990
2986
2979
2993
2997
2953
2997
2987
3022
3000
2973
3007
2671
3006
3016
2985
3052
2998
2993
2987
2981
2953
3014
3009
2971
2986
2954
1975
2526
2973
3012
3005
2780
2959
3004
3002
3016
1975
476
2992
3015
2956
134
2949
2988
2968
2855
2304
2971
2889
2983
3010
2976
2981
2982
2979
2989
2977
1460
3011
2989
502
2993
2959
2977
2980
2996
2984
2995
2994
2986
3011
2972
2989
3020
2698
144
3002
2971
3009
2962
2910
3003
784
2988
2993
2981
2970
2979
2972
2985
2990
3005
3014
2980
1054
2978
2930
2999
3014
2972
2985
2801
3005
2983
2998
2932
2995
2668
2998
2508
2993
2990
2169
3014
2991
3008
2998
2988
3017
2993
2991
2995
2986
2981
3007
2989
686
2931
2980
3000
2971
2913
2931
1769
2986
3001
2962
2991
2972
2991
2980
2996
2746
2969
2995
2998
2421
711
2993
3002
2975
3016
953
2962
2994
2961
2983
3005
2929
2973
2987
3012
2977
2650
2994
3000
598
2968
2992
2960
2984
2991
2985
3075
2972
2970
2980
2997
2957
2966
3005
2999
2980
2981
2961
2997
2987
2993
2983
2995
2998
2983
2987
2914
3007
3021
516
2984
2992
2981
2984
2986
3010
3005
2984
676
2947
3012
2962
2987
3005
2993
2948
2994
1387
111
2948
2984
2975
3026
3002
2985
2975
2961
3011
2944
2990
3009
2978
3001
2978
2648
2839
3010
2220
2982
2084
2973
2998
2985
2971
2955
2691
100
2961
2951
3015
2986
2976
2983
3011
2981
3003
2992
1929
3019
2996
3012
2996
2984
1844
2986
2993
3010
3000
3030
2995
3016
2993
2994
2990
3021
517
2981
3049
2982
2905
2982
277
2972
2984
2950
2653
3011
2992
2987
2780
2822
3016
2978
2967
3010
3008
2983
2985
2977
2998
3000
3011
2990
2978
2982
2998
2972
2963
2992
2977
2985
3011
2948
2924
2992
1659
2920
2987
2992
2572
3041
3010
2970
2965
3022
2982
2977
2990
2934
2962
2942
2971
3013
697
2990
2994
1186
2992
2999
2951
280
2980
2216
1617
2976
2980
3013
3003
2983
2964
3025
2988
2997
1256
2964
1944
2978
2971
2999
2994
2983
2996
3034
3005
2988
3004
2994
2950
2996
2999
2988
2984
2942
3058
2973
2979
1601
1852
3004
2799
2977
968
3033
2988
2999
2983
2984
801
3008
1090
450
2989
3017
3015
1302
3017
3028
2998
3004
3003
2947
2989
3011
2881
329
2964
2960
2974
2974
2988
3012
3013
2942
2969
2997
3015
2974
1431
2989
3014
2998
1869
3000
2955
2914
2975
3016
3020
2912
2994
2992
3002
2975
2977
2981
3012
2995
3018
2980
2938
2988
2997
2966
3073
3011
2982
2958
3016
3007
2964
2977
2986
2996
2965
2964
2965
3010
2990
2978
2990
2994
3066
3019
2989
2971
2988
2996
3017
3012
140
3012
2995
2969
2980
2948
2121
2991
2994
3008
2990
2930
2997
2993
2968
2979
3014
2975
2997
2827
2995
2965
2921
2997
2545
3022
2980
3000
2988
2996
3007
2987
2296
2978
2968
2971
2938
2968
3006
3002
2998
3004
2973
3003
1706
3006
2958
2966
2988
2981
2994
1926
156
2945
3006
2941
3056
3001
3004
2986
2977
2982
1272
3025
3002
3000
2987
2957
2994
2980
2982
3005
2995
1664
2961
2967
2940
2977
2997
2985
3017
2969
2961
3010
2986
2975
2964
2997
3004
2978
2942
2993
2999
2966
2987
2959
3024
797
2984
2989
2984
2993
3042
2994
2960
3008
2915
3006
3069
3011
3002
2986
2965
2989
2947
2938
2964
2933
2976
3041
2964
2998
3001
3009
2993
2990
1122
2938
2992
3013
2997
3013
542
2965
2956
2932
2756
2962
2973
3015
844
2994
3000
2980
2748
2980
2954
2938
3034
2975
3004
2987
174
2982
2923
2986
2981
2956
2978
2995
2972
2988
2992
3006
2980
2998
3012
3003
1529
2963
517
2974
2980
2705
1602
2995
3070
2958
2997
2945
2994
3071
2152
2977
2121
3008
2886
2974
2519
2975
2982
2976
375
2993
2968
2976
2983
474
2901
2955
3016
2989
172
2999
2953
2984
2936
3005
2965
3001
2995
3007
3015
2997
2800
2974
2992
2994
2984
3005
3012
2979
2989
2993
98
582
2984
2985
275
2985
2681
3005
2995
2990
2984
2938
2986
1939
2968
2987
3003
2962
3014
2945
1828
1213
2978
3008
1934
2999
3001
2982
3004
2973
3003
2944
2999
2991
2966
3011
2404
2967
2985
2959
3002
2985
3002
3009
2916
2961
2935
2997
3003
2952
2970
2936
2999
2668
3012
3006
3010
2984
2958
2965
2971
2993
2967
2987
2992
2998
2489
1530
2955
3006
2940
1146
2987
2985
2990
2992
2996
3001
3002
2956
3018
2999
2973
2982
3008
2988
1065
2981
2996
2997
2980
2984
3018
2453
1100
3004
3005
1956
2980
3014
3011
2990
2972
2983
3007
2985
2989
2294
2992
2994
2987
3004
2960
2970
3007
2967
2975
2985
2973
2999
1216
3022
2965
3022
2981
2983
2975
2994
2966
2987
2997
3006
2981
2988
3002
214
3001
2992
2745
672
3001
3007
3012
2993
793
2990
2987
2992
2968
1148
2990
2958
2977
2981
2976
2934
2973
2977
2999
3007
2968
2944
2992
2985
2997
3066
2980
3001
2932
2984
2966
3015
2951
3000
2991
2992
2971
3003
2997
3062
115
3030
2989
3011
2417
3004
2979
2970
1440
2994
2945
2983
3000
3019
3007
2997
3030
3073
3004
2975
2496
2986
2994
2974
2990
2943
2940
2982
3008
2990
2973
2670
2964
2988
2994
3002
2997
2970
3006
3000
2983
2974
2985
3002
2785
3005
2963
3001
3002
1086
2980
2992
2942
2985
3041
2988
3030
2983
2964
2968
3000
3001
3007
3045
3002
3004
2991
2984
2934
2225
1889
2967
2938
3009
2856
3011
2967
3016
3015
2982
2959
3009
2979
3028
2954
2973
2988
2973
3015
2995
2999
2973
3037
2984
2984
2984
2957
2916
2996
2927
2956
2994
2960
2988
2957
3016
2818
3007
2992
3030
2994
2983
2984
2981
2856
2977
3067
3018
2998
2972
2999
2994
1951
3007
2994
2979
3001
2961
2973
2975
3022
2992
2988
2984
3021
2988
2971
2972
3007
2993
2990
2976
3010
2977
2986
2972
2278
1706
3018
3000
2994
780
2993
2916
742
2978
507
2972
2963
234
2977
2994
2982
2984
2997
2979
2980
2992
2968
2998
3008
3028
2979
2964
2961
3008
3000
3031
2976
2990
2985
3006
2954
2967
3013
2949
3009
2960
2179
2968
3009
3017
2974
2990
3015
2933
2940
136
2953
437
2995
2989
2995
2808
2985
2989
1936
2991
2991
2977
2971
2834
2989
3005
3004
2943
2960
2969
2992
2981
2967
3069
2995
2982
2979
3025
3006
2980
2945
2984
3016
2966
2947
3004
2982
2968
2998
847
2977
2988
2966
2980
2978
2988
3001
3001
2960
2973
2964
2965
3007
2990
2965
2999
3015
2983
2989
2981
2956
2996
3008
2968
826
3008
2977
2986
2947
2999
2970
3000
610
2991
2935
3014
3006
2958
2917
2972
2975
2988
2978
3006
2973
2982
3004
2969
3045
2995
1309
2968
2947
2987
3010
2986
3010
2987
3003
2974
2982
2982
3001
2991
2999
2741
1761
2985
2983
2999
2984
3067
2967
3009
2989
2989
2969
3002
2637
2981
2978
3000
2499
2872
2944
2960
2987
3011
2985
3004
2996
2985
3010
2965
2983
2964
2965
2602
2994
2913
2978
2448
2591
2997
2962
2980
2991
2990
2994
2985
2999
2994
2999
2973
2999
2978
2968
3022
2980
2891
2989
3002
2950
2977
3001
2989
2994
2980
2998
2986
2965
2998
3007
2971
2977
2979
2991
2997
3088
3009
1459
2916
2520
3089
2849
3015
2995
2961
2963
2268
2997
2286
2946
2923
2992
3010
3003
2970
3007
3013
2967
3016
2991
3006
2948
2961
2983
2961
3012
3019
2977
2989
2990
2941
2764
2930
2992
178
2990
2997
3006
2991
2999
2986
3012
2978
2972
2400
2993
2987
2953
3001
2667
2974
3005
3043
2985
2961
217
2991
726
2992
3006
2991
2996
3002
2979
2981
3063
109
2996
2974
2947
3004
3019
2994
2955
3017
3012
2993
3025
2967
2743
173
3005
2989
2999
2995
2987
2991
2945
2992
291
2973
2991
2981
3000
1557
2858
2988
3013
3071
3000
3016
2973
3001
3017
2973
3003
2965
2962
2962
3030
2977
2989
2942
2994
2999
1421
2949
2972
2965
2577
2996
2950
2969
2871
2941
3010
2986
2983
111
3007
3007
2985
380
2963
2978
3019
2985
2987
2995
2999
2970
2982
2972
2958
2982
2981
3011
2761
2972
2980
2034
584
2983
2987
2992
2991
1893
2922
3006
3023
3007
2939
2994
2510
2986
3006
3003
3002
2956
2983
2999
3017
3001
2973
2991
3008
2933
3069
2988
3010
2941
2938
3004
3023
2977
2984
2996
1691
3031
2991
3004
2978
2966
2986
2989
2943
2990
2991
3009
2952
1644
3008
2989
2966
3001
3032
2994
727
2228
3010
2978
2967
2599
2964
3005
2975
2998
2986
2989
2963
2975
2986
2969
2975
2964
2978
3028
2985
3006
2973
2968
351
2995
2997
2956
3003
2990
2994
2993
2992
2981
2968
1337
3009
2925
2930
2992
2986
3018
1293
2987
2974
2970
2936
2989
2995
2982
3015
2979
2895
2837
2985
2967
2986
2977
2962
3020
3025
3014
3010
959
3003
2769
2969
3026
3004
2889
2973
111
3029
3004
2975
2999
3004
2989
3021
2990
2986
2990
2994
2979
3021
2992
2988
2993
3011
156
2982
2989
2974
3002
2991
3001
2982
2983
2971
2982
2999
2935
2992
2995
2965
2921
2999
3048
2992
2968
2957
2961
2994
2994
3004
2974
2949
2997
2955
2982
2987
2985
1807
3010
2735
2941
2985
3011
3001
2078
2947
2987
1574
3007
3000
1390
2990
3004
2991
2997
2967
340
3006
2965
2972
2976
2986
2996
2979
2981
2980
2990
2937
3009
2972
3006
2995
1310
2965
2973
3003
2955
2996
3019
2988
2951
3005
2715
2980
2923
3023
2916
2696
3005
3008
3005
2994
2992
2998
2947
2956
2970
3004
719
2978
2568
849
2966
3021
2836
1667
904
2964
2980
2974
3011
2999
2973
2987
3008
2998
2967
2791
2846
3082
2454
3003
2967
2980
2997
2976
2994
2959
3008
3000
3005
2974
3008
2985
3012
2964
2982
2999
2977
2988
2986
2938
2944
3005
3010
2984
2994
2983
3000
3001
2983
2996
3016
2981
3004
2996
3012
2999
189
3000
3012
2996
1055
945
2967
2145
388
3009
2996
2950
2997
2953
2964
2967
497
2971
2999
2982
3019
2964
3053
3015
2995
3005
608
2979
2996
2969
2992
2972
2996
2955
2991
2724
2985
2898
2978
3006
2999
1473
2947
2962
2960
2378
2987
3026
327
2971
2959
2999
2955
2982
2993
1819
2957
2989
1423
2980
2939
3007
3016
2981
3023
2933
1972
2957
2729
2992
1991
2981
2999
2971
103
327
2145
2986
1144
3004
118
2978
2953
2976
3010
2994
2945
2986
2964
2952
2961
2965
2992
1542
3013
2965
590
120
2979
2987
3038
2998
2980
2995
3013
2985
2973
2995
2972
2756
1843
2934
2967
743
2971
2991
3019
3006
3012
3009
3000
1747
3006
2915
2987
3051
1220
680
2975
2999
2975
2986
3002
3001
1715
2944
3005
2005
3000
2967
3050
2427
2992
2979
2989
640
3016
2979
2696
1639
2981
2971
2997
2955
2795
2997
2983
2985
2997
3011
2967
3006
2999
3002
2965
2968
3007
2963
3002
2977
2971
2998
2995
3011
2962
2992
534
2977
2979
2963
2977
167
3011
2908
3026
2948
2964
2989
2990
3007
2999
2919
2997
2962
2977
2926
3010
2961
2981
2966
2964
2986
2954
2997
2980
2839
2978
2997
2986
2985
2935
3003
2995
2969
2998
2988
3066
3004
576
2980
2964
2989
3011
2987
2995
2617
2995
3024
3005
3006
2310
3009
2977
3005
2924
1618
2057
2976
2971
2983
2990
3009
3064
126
3013
1609
943
3014
2971
3008
2965
3048
2997
190
3015
2919
2991
2903
3001
2040
3005
2936
3000
1108
2998
2997
2987
3004
2943
2961
3015
3012
2984
2924
2993
3032
2949
2990
2939
2980
2994
307
2978
2966
549
2920
2995
3001
265
3030
2955
2945
2981
2983
2988
2979
2971
2998
2931
2976
3008
3011
3003
2977
2899
2750
2973
1518
547
2992
3010
2931
2993
2997
2972
878
2995
3050
3006
2996
2987
2989
2961
2985
2973
3009
2991
2976
2997
541
153
2970
2992
3007
2979
3011
2990
2947
3008
2997
3001
1516
2971
2912
3016
2982
2980
1437
2968
3061
3004
2986
2968
2946
2958
3001
2983
2974
2965
3002
2782
2597
2999
3003
2985
2992
2988
2996
2984
2986
2940
2990
2976
2949
2975
2960
2990
2982
327
2947
3004
125
2867
2958
3001
2947
2958
3012
2957
3009
2984
2984
3018
2988
2993
2973
2991
2364
2988
2967
3008
2976
2977
3008
2989
2998
2970
3000
2953
2868
2987
2996
1919
3052
3001
3024
2957
2999
2958
2979
2234
2016
2986
3016
3028
2973
3016
2970
3002
2971
3000
2099
2972
2980
2990
3015
2990
2960
2989
2995
579
1264
3026
2962
3000
3014
2983
2917
3000
2989
3013
3008
3003
2109
2984
2971
2961
2967
2999
2985
2999
2972
2997
2936
3020
3006
2996
3011
2966
3017
2998
2957
2956
2984
2993
3011
3007
1145
2973
2991
2496
3001
3002
3006
2985
2942
2996
2953
2935
2981
2867
2969
2983
2973
2957
3009
2984
2985
2964
3008
3004
2953
2987
2969
3005
3029
2941
2997
3006
2994
2967
2999
2964
3031
3052
2945
2983
517
2972
2989
3005
2989
2957
2990
2999
2996
3003
2878
2992
2994
2968
2958
2882
2978
2972
1139
2997
2986
2941
2957
2977
2938
2906
2991
2958
2981
3003
2729
2992
2978
2970
2982
3036
3000
2992
321
3007
2997
2995
2291
3015
2964
2983
3003
2993
3018
2995
2994
3032
2953
2958
2999
2250
2988
1550
1800
2979
2957
2993
3016
3001
2992
2992
2981
2958
2983
2989
2983
3004
2998
2999
3005
2982
2942
2999
2941
2961
3060
3010
3010
3001
160
3011
2977
2976
2994
608
3011
2930
2971
3018
2979
2928
2965
2976
3007
2997
3011
2981
3007
3006
3002
2979
2989
2944
3012
2994
3020
2867
2991
2995
2982
2935
3004
2998
2912
2968
2956
514
2990
2942
2992
2737
746
2933
2998
2991
1205
2967
2940
2989
2961
2963
2948
2971
2981
2753
2967
473
3000
3002
3004
2972
2947
2843
2975
3003
2676
2979
2991
2966
2401
2995
2983
2998
3008
3003
2989
3019
2976
2972
3008
2933
3012
3011
3010
2964
2965
3066
2992
3002
2984
2786
2990
2989
2991
2984
2990
3006
3010
3017
2914
2992
2979
2982
3022
2343
2964
3010
2997
3002
281
2996
2970
2951
3020
2998
2977
3023
215
2964
2596
2972
2948
2995
2981
2986
1695
2976
2995
2943
3007
2974
2734
2983
505
2968
2996
2223
2959
2980
2989
2982
2994
3010
2957
3032
2978
2601
2980
3001
2231
811
2996
2973
2998
2420
3016
3009
3008
3010
2111
2980
2991
2967
3016
1528
2964
2984
2977
2958
2970
2922
2981
2957
3001
2954
786
2927
2968
3025
2973
2903
2993
1656
3028
2987
3009
2950
3010
2973
2760
2970
3005
2979
3006
3039
3015
2876
2978
2976
2994
1049
2958
3000
2992
3009
2912
2999
2993
158
505
2867
3044
2989
3004
3005
2939
2992
2982
3019
2331
3004
2827
2970
2973
368
2979
2952
2993
2984
2983
2734
3090
373
2999
2973
2988
2959
2992
3004
2962
2970
2971
2983
2981
2994
2724
3020
2911
2989
2997
2978
3037
2969
2965
2996
2993
2999
2950
3007
3002
2988
2977
2968
2970
544
2965
2975
3000
3010
2911
3019
3006
2959
2971
2977
2984
2985
3012
2994
2999
2983
2998
1922
2979
3017
3004
2979
533
147
2999
3000
2991
3018
2954
2970
3001
2978
2974
2980
2980
3016
2957
2979
2986
3019
2939
2973
2993
2991
3002
2978
2945
3011
1879
2998
3006
2978
2847
2988
2972
2995
2983
3018
2998
2944
2916
2958
2964
2992
2996
2990
2977
2956
2998
2916
2996
2962
1697
2969
2985
2999
2797
128
2868
3001
3020
2994
2932
2960
2972
518
3011
2949
2084
1410
127
2948
2977
2996
2962
2975
3017
2974
3006
3007
270
3015
1527
2996
3013
2959
2976
2976
2963
2995
2997
2956
2960
2945
2965
2983
2978
2976
2968
2987
3068
2943
2997
2987
3005
218
2920
2992
135
1898
2996
2990
2991
2977
2951
3036
2964
2989
2989
2957
2963
2979
3028
2992
2966
3022
2965
2982
2996
2979
2903
2981
2986
2748
2798
1206
2619
649
2963
2984
3050
2997
1537
2970
3008
3002
2972
2992
2992
2960
2989
2988
2984
2491
2989
2989
3019
2978
3018
2986
3007
348
2995
3006
2993
3008
2961
2804
2948
3018
2994
3018
3015
2977
2975
2971
2998
2984
3003
3007
742
2990
1442
2960
2967
2931
2972
2985
1365
3010
2978
2965
2977
2976
2975
1648
3009
3002
3004
2990
2915
3002
2973
2939
821
3004
2987
2979
2990
1089
2919
3008
1974
2984
2965
2975
2946
2977
3054
2989
3006
2970
2977
2951
2335
2996
2931
2992
2189
2960
2967
2994
2957
2990
2918
2989
3003
2993
2991
2957
2974
1860
2978
3024
2989
2982
3025
212
3013
2964
2959
3053
2775
2980
3007
2947
2964
2973
2990
2998
2980
2994
2985
2655
2999
2992
2997
2985
2929
3000
2987
3004
2954
2980
3001
3014
2829
2998
2995
2994
2929
2134
2900
2416
2954
2983
3011
2995
2969
3002
2983
2978
3015
2933
2982
2974
3003
2965
2935
3011
3014
2950
2994
2196
2930
3009
2627
2933
1478
2995
2992
2958
3001
2978
2631
3004
2948
2972
2987
3011
2982
2996
2983
1994
3012
2997
2966
3032
321
2992
2926
3003
1166
2997
2966
2258
123
2976
2989
3003
3020
2937
3004
3026
3014
3064
3008
1894
2966
3014
2982
2994
2980
766
2960
2960
1116
2986
3004
2992
2968
2979
2995
399
2999
2972
3008
1645
3006
3000
3001
3032
2976
2066
2992
2965
2980
3031
2980
3010
2902
2929
2999
2990
2995
2987
2970
2987
3006
2977
2995
2999
2972
2986
2969
2982
2982
2969
2984
1175
2957
2924
2992
2549
2962
3037
3002
3035
2959
3008
2982
2987
3019
2350
3010
2983
3036
1968
3026
451
3003
2991
3006
2100
2988
2999
3001
3010
2963
2890
2990
2891
3006
2993
2738
2854
3005
2987
2967
1069
2968
2992
2974
2972
2968
2985
3018
2988
2998
3009
3011
3026
3005
2975
2993
3001
2986
3001
2919
3006
2992
199
2985
2957
3058
3003
3030
2959
918
2529
3007
3015
2995
2155
2931
2986
3022
2981
2980
2995
2973
457
2995
2961
2986
3007
3019
2999
2997
3010
2979
2960
2978
2976
110
2986
2842
2963
3003
2976
2975
2987
393
3008
3003
2978
2996
2985
2958
2978
3015
2971
3006
2990
3012
2972
3018
3022
3071
3001
3006
2993
2991
3006
2988
2993
2983
2971
2982
2988
2997
2984
2647
2982
2997
2999
2860
2968
2968
2992
2997
2941
2971
1559
2286
2971
2950
2981
1734
1324
3009
2985
2990
2969
2971
1799
2999
3028
1318
3007
2998
2976
2926
2985
3007
2987
2960
2977
2995
2971
3025
3001
2986
2870
3001
2906
3000
2924
3010
2885
2989
2987
691
2985
2994
3021
2972
2990
2943
3002
2972
2967
2998
3012
2979
2991
2983
2978
3023
3024
3004
2987
1056
2982
2993
3010
2989
2961
3014
2996
2971
3008
2998
2972
2954
1411
126
2964
2990
3073
1216
172
3007
2992
2908
2588
2983
3014
3007
3007
2125
318
2987
2956
3029
3006
2993
2949
3014
120
2979
3021
2979
2989
2492
2963
2949
2996
2992
3069
3028
3031
2991
849
2971
2999
2950
2980
2981
2938
3030
2999
1575
1608
2976
1633
2998
2989
2979
3012
3015
2998
3010
3015
2428
2945
502
2963
3012
2994
2006
2982
2959
2953
3005
3024
2974
3011
2996
2972
2989
2959
2999
3030
2981
2974
2986
2998
2978
2990
2990
3020
116
2796
3032
2966
2983
3000
2986
2984
1241
2777
3015
2961
821
2951
3011
2995
1401
2978
2983
2988
3006
2982
2975
1540
2991
2940
2976
2994
2996
2742
2972
2980
2944
2974
3010
2975
2996
2990
3004
2984
2988
3008
2953
2949
2972
3010
2978
2998
2959
1176
1404
3065
3009
2967
2993
2983
2908
1767
2998
2981
2988
2992
2953
2976
2943
2926
2978
2950
3067
2789
2908
2993
2989
2996
3024
2958
2974
2903
2994
3013
1262
2983
3011
2975
2093
2963
2953
3011
2988
2953
2999
2819
1038
3001
2566
3004
2979
3003
3008
2965
2986
2974
3014
2983
2981
2986
2983
2992
3015
2963
1685
725
2961
2980
2960
673
3010
2950
2997
2976
2998
2974
2979
2917
3002
2985
2981
2979
2992
242
777
2992
2981
908
3000
3001
2987
3005
329
3020
2984
2915
2939
2974
2999
2971
2982
2988
2860
2950
2979
2983
3002
2946
3002
2995
2999
2927
2972
3002
2966
2560
2938
2936
2975
2973
2973
2967
2826
2992
2926
2997
2933
1563
2975
2966
2973
1307
3001
2984
3007
2995
2963
2994
3024
1266
2980
2818
2803
2991
2992
3018
3006
2984
2606
2773
2914
3018
3004
2972
3072
2995
1755
2959
3007
2028
2963
2973
2953
1160
305
2988
2969
2931
594
3001
2978
2999
2998
2980
3003
2986
2978
3070
2967
2942
2983
2570
3024
2979
2979
2985
3018
2159
2959
2975
3002
3004
2976
2978
2935
2989
116
2989
2997
138
2936
3005
2997
2827
3056
3010
2977
2952
3008
2967
2998
2984
664
2991
2999
2985
2966
3002
3007
128
1492
2984
286
2994
2943
2993
325
2898
2974
2990
2972
489
2984
2976
2984
2999
2997
2991
2996
2992
3005
2994
2994
2989
2995
2994
2959
3026
2979
2973
2978
3025
2914
2961
3029
413
2964
2975
871
2978
554
1072
2959
1427
2924
2982
3023
2974
1870
3016
3015
3038
3005
2977
3017
2986
2984
3011
2991
2967
2995
963
3015
2985
2996
3018
2998
2815
2945
2974
3022
2986
2987
2965
3009
2992
3003
2997
2646
2954
2652
3029
3032
2989
2990
2452
2915
2985
2960
2991
2976
2928
2959
2949
2971
2318
2998
2989
2995
3011
2989
2975
2961
2981
2988
2967
2994
2996
2990
2999
2976
159
2944
2202
3024
2984
636
3023
2980
2966
2993
3008
2959
2988
3007
1384
2985
2996
2999
2988
2974
2626
2815
3012
2983
3025
2981
2994
2985
2976
2986
3001
2998
3003
2968
2976
2998
2990
2984
2843
2999
2999
2925
3013
2964
3002
2982
2806
3019
2985
2992
2999
2980
2941
2816
2990
3009
3001
3030
3006
2997
2942
2977
2989
3003
2950
3000
115
2970
2930
3007
2934
3017
2963
2955
3007
2987
2995
2955
2984
3012
3013
2940
2994
2942
3016
2997
3000
3001
2999
2996
574
3002
3014
2983
3007
3006
2969
2988
2985
2960
2985
2990
2910
2769
2989
2303
2993
2998
1813
1776
2950
2993
3013
2997
2975
3016
2976
2962
2987
3005
338
2994
2642
3021
2984
3011
2956
2959
2713
2992
1228
2998
3003
1712
3014
2993
3014
3023
2981
375
2997
342
2993
2966
2984
2977
2472
2969
3003
2967
2982
2988
2998
3010
3007
3013
3001
2971
2972
2942
3017
2965
2995
474
2987
1320
2999
2982
3073
2992
2983
2900
2993
2982
3014
2930
2984
1952
2988
137
2950
2951
3014
1977
2974
3002
2677
2985
2962
3005
2973
2990
2981
2985
2981
2725
2903
3023
2940
2988
2991
2938
3009
2994
2995
2968
2972
3010
2942
2978
2990
2981
2993
2978
2978
3013
2997
2946
2918
2971
3007
2997
2982
2996
2946
2963
3016
3017
3003
3005
2965
2977
3005
2979
2981
2989
2996
3002
2955
2983
3000
3044
2967
2995
2994
2986
2968
2992
2996
2965
3004
3009
336
2965
2745
2994
2175
2935
2951
2990
2977
834
2984
2979
2981
3021
2992
2950
2952
3013
2985
2991
3001
2991
2972
2979
2992
2958
575
2974
889
2980
2993
3057
2979
2963
3001
3026
966
2983
2996
2853
2959
2985
2964
2991
3004
2965
3009
2965
3005
2954
2999
284
538
2986
878
2826
2993
3012
2998
2990
2975
2999
2984
3026
2989
3013
2970
2997
3020
3003
2999
2908
2968
2988
2994
3018
2952
3022
2991
2999
2948
2975
2968
2981
2934
2966
2987
3014
2980
2955
2994
2986
2849
2991
2994
2717
2990
3000
2990
2999
2977
2977
2970
3001
2990
2969
2999
2955
2981
3034
3004
3010
3018
2960
2964
3004
2982
2998
3010
2976
3007
3035
2959
2935
2600
2977
3018
2974
3011
2989
2903
2992
2983
3002
436
2995
2863
3003
3007
2990
2978
2988
2945
3017
2993
2954
2963
2995
2969
2999
3004
2968
3010
2995
3003
2953
2963
3014
3003
2968
129
2998
2976
2999
2953
2969
3016
250
2972
2975
2773
3023
3060
2979
828
2976
1736
2974
2791
2965
334
2946
2347
2995
2954
3010
2999
2990
2958
2831
2967
2982
3009
2978
2997
3003
710
3001
2975
2976
2982
2982
2072
2967
2912
708
2970
2063
2994
2982
2949
2992
2523
3103
3006
2997
2900
2987
3019
3007
2986
2743
2995
3013
3005
2964
2998
2990
3017
2985
2991
2978
3010
3001
332
2964
2992
2501
2997
2908
3018
2967
2977
2980
3011
2991
2981
1215
3007
3003
2951
3013
839
2975
2987
2970
3010
3068
2995
2963
2993
2977
2643
2968
2958
2976
3020
