1536
1544
1515
1497
1507
517
1547
1521
1525
1524
1551
1530
1523
1532
1536
1542
1522
1534
1521
1531
1535
1542
1436
1530
1531
1535
1517
1525
1524
1536
824
1527
1534
1526
1535
1531
1537
878
1542
1549
1532
1150
1532
1537
1541
1540
1549
1534
1527
1528
1534
1536
1531
1546
1537
1537
1230
1553
1535
1422
1540
1535
1299
1521
1543
1534
1531
1548
1537
1535
1543
1543
1509
1510
1544
1318
1520
1538
1544
1540
1532
1475
1538
1532
1534
1520
1137
1531
1530
1536
1536
1522
1535
1527
1537
1544
1536
769
1538
1533
1529
1531
1549
1542
1542
1539
770
1541
1542
1543
1538
1495
1529
904
276
1542
1537
1537
1546
1474
1529
1536
1551
1536
1526
770
1526
1543
1535
1542
1539
1536
1543
1544
1533
1544
1535
1541
1530
1535
1531
1520
1536
1537
1548
1534
1391
1539
1553
1545
747
1529
1532
1340
1547
1539
1544
1552
1548
1554
1542
1527
1539
1532
1553
1536
1522
1534
1507
1516
1537
1520
1537
1537
1533
527
1551
1535
1534
826
1551
1536
1527
1537
1526
1544
1535
1532
1533
1518
850
1523
1529
1502
1539
1537
1533
1528
1515
760
1537
1541
1524
1530
1530
1541
1543
1538
1525
1105
1542
1528
1530
1540
1533
1525
1532
1550
1531
1538
1530
1503
1545
1523
1531
1540
1523
1536
1543
1532
1145
1126
1532
830
1542
1541
1530
1537
1535
1527
1546
1528
1537
1306
1542
1523
1544
1519
1526
1543
1529
1514
1511
279
1542
822
1540
1536
1528
1529
1539
1527
1536
731
1542
544
1541
1540
1525
1527
1523
1531
1545
428
1535
1537
1529
1543
1539
1528
941
1546
1009
1543
1541
1531
1525
1535
1546
1531
765
1518
1524
1536
1515
516
1531
1538
1526
1540
1534
1540
1525
1541
1058
1318
1541
1523
1542
1525
1520
1521
1167
1189
1520
1538
1527
455
1525
1532
1548
1058
1541
1547
1494
1542
1533
1032
1533
1542
1536
1551
581
1527
1527
1532
789
1525
1548
1517
1534
1541
1535
1543
1517
379
1540
1449
1544
1526
1517
1538
1541
1536
1535
1557
1545
955
1535
1527
740
751
1540
1543
1522
1191
1540
1378
1317
1527
781
1530
790
1542
1543
1531
1540
1525
1553
1540
1529
1525
416
1536
1538
1523
1546
1539
1513
1526
1531
1480
1526
1535
1535
1539
1536
1532
1543
1542
1545
1550
1515
1534
1553
1544
1510
1539
1116
768
1537
1525
1531
1528
1531
1537
1159
1542
1537
1541
1537
1529
1537
1549
1528
1529
1527
763
1538
1537
1548
1539
1540
1531
1538
1517
1525
1536
1536
1530
1541
1540
1537
1537
1524
1535
1535
1540
1532
919
764
1533
1551
1529
594
1550
1520
1539
1493
786
1530
1127
1543
1158
1538
1528
1317
1537
1547
1532
1542
1537
1537
1529
1534
978
1530
1528
1517
1542
1546
1530
270
1537
1444
685
1537
1531
1536
1501
1502
1542
1528
1540
1516
1532
771
1544
1527
1537
1531
1527
1544
1522
1492
1520
1524
1526
806
1556
1544
1544
1548
1540
1544
1512
1542
1538
775
733
1514
1536
1534
1536
773
1523
1525
1544
1551
414
1539
1509
1548
1534
1515
1526
820
1541
1532
1546
835
1544
1533
1542
1522
1111
1520
1310
1547
1538
1536
1008
1533
1534
1529
1526
1529
1532
1532
1541
860
1520
1541
1539
1540
1547
1530
1547
1532
1535
1517
1530
1541
1528
1538
1526
1535
1532
1532
1527
1531
1540
1526
1522
1535
1539
1527
1534
1534
1524
1517
1274
1528
1539
1527
1532
1530
1535
1546
1530
1535
1533
1523
1536
1531
1538
1506
1525
1534
1526
1521
1553
1518
1534
1521
1528
648
1544
1530
1537
1522
901
1546
1540
1537
1537
1527
995
1530
1523
353
1550
1542
1538
1541
1494
1538
1522
936
1544
1540
1537
1190
1534
1532
1230
1515
1534
1529
1523
1538
1539
1533
1543
1527
788
1528
1397
1528
1532
1528
1530
1525
1544
626
1542
1543
870
912
1539
1529
765
1534
1547
1540
1536
1534
1528
1537
1518
1513
1550
1540
1524
1535
1536
1538
1536
1538
1533
1543
1544
1414
1536
1535
1533
1532
1531
1526
1526
1547
1521
1536
1206
1191
1529
1542
772
1528
1525
1532
1535
1506
981
1519
1540
1545
1524
1543
1373
1536
1554
1539
1528
1537
1540
1316
1523
1514
1532
1543
1531
1508
830
1548
1548
1534
1511
1528
1547
1531
1529
1531
1534
1530
1535
1539
1527
1531
864
1552
1501
1539
1527
1542
1523
1548
1537
1524
1525
1543
1541
1539
1534
1535
1535
1511
1558
1520
1545
1533
1517
1538
1540
1529
1538
1522
303
1540
1379
1520
1521
800
1530
728
1526
1539
1532
1500
1539
1536
1529
1531
1411
1540
1209
765
1536
1537
1539
1534
1535
1535
1530
544
1542
1537
1531
1541
774
1527
1532
1081
1542
783
716
771
1535
1298
1537
1542
1529
1535
1529
1522
1519
1537
1525
1536
1535
1476
1506
809
1529
1528
1546
1551
1537
1539
1535
1522
1533
857
1463
1536
1541
1525
1526
1146
1530
1533
761
807
1533
1549
1528
1530
1522
1521
1539
1529
1537
1531
1502
1547
1521
1525
1114
1533
1530
1550
1551
1529
1528
1514
1540
1518
1551
1538
782
1524
1526
1531
1530
1523
1513
1528
774
1540
1543
1536
1539
1532
1530
1522
1526
1516
1534
1543
1528
1548
1532
1515
1540
1510
1528
1542
1536
1535
1535
1514
1540
1534
1525
1537
1543
1533
1129
1540
1526
1536
274
950
1540
1153
1536
1531
862
1539
733
1041
1519
1542
1537
1525
1515
1530
1536
1536
1531
884
1518
1551
1537
1535
1536
727
1354
1544
1543
1532
1504
1537
1538
1538
1530
1546
1533
1528
1529
1504
1504
1540
1539
1523
1541
778
1534
1541
1545
1525
1529
1529
1533
793
1532
1537
1464
776
1499
1524
1531
1522
1551
340
1492
1546
1534
840
1536
1546
1536
1551
1540
1500
1522
1522
1539
1533
1528
1542
1528
1510
1538
978
1540
1018
1546
431
1546
1538
1514
1550
1516
1521
1509
1550
1547
443
556
1538
1534
1535
1545
1543
868
1535
1531
1361
1537
1549
1218
1538
1546
1540
1535
1523
1543
1547
1294
1528
1510
1526
1527
1532
1524
1550
1529
1532
1546
1535
1538
1510
1532
1554
1532
1541
1539
1543
1529
1536
1534
1530
1541
1525
1018
941
952
1541
334
1538
1517
1543
1528
1539
1055
1538
1524
1536
1534
1545
1528
1521
1412
564
1550
1520
1537
764
1541
1546
1544
1548
1540
1541
1548
1541
1537
769
1522
1521
1542
1526
1545
1543
461
1547
1530
1534
1543
1040
1535
1530
1540
1516
1496
1547
1545
1539
1539
1543
1543
1535
1546
1528
1525
1537
514
1515
1541
1530
1541
1530
1531
1549
1542
1017
1532
1551
1543
1541
1544
1531
1540
1203
1543
1529
1520
1530
1541
1520
1539
1535
1540
1513
1545
1537
1539
1525
1541
1532
1533
1524
1531
1512
1536
1118
1528
1543
1535
1540
1527
1523
1511
1528
1537
1533
1540
1539
1527
1518
1532
1537
1542
1539
1527
1542
1542
307
1547
1537
795
1521
1531
1543
1536
1525
1530
1232
1539
1515
1531
1529
1492
1544
763
1532
1534
1537
1529
1530
1481
1535
633
1539
1522
1536
1406
1534
1536
1547
1520
1531
1533
1542
1530
1546
1515
1535
1538
1523
1547
1547
1533
1542
1510
1516
1535
1544
811
1536
1533
1518
1537
1528
1535
1536
1531
1540
1507
771
1526
1529
1526
1535
1550
1537
1523
1544
1527
1531
1481
1525
1533
1539
1512
1532
1522
1539
1543
1534
1198
1541
1538
911
1533
1547
1533
1540
1537
1543
1540
1529
1541
1539
1540
1538
1531
1532
1538
1515
1520
1536
1541
1530
1533
1521
1524
1541
1531
1524
1526
1532
1536
1527
1526
1408
1540
1540
1531
1522
1527
1523
1443
1530
1544
1529
1536
1519
1528
410
1526
1537
1544
1453
1525
1533
1515
1531
1518
1535
1538
1532
330
1506
1540
1543
1541
1521
1531
1541
1551
1542
1541
762
814
1550
1543
1530
1543
860
1526
1536
1541
922
761
1543
1546
1523
1547
1534
1548
1551
1533
1528
1518
1531
1547
1534
1532
1535
1524
1523
1532
1532
1538
1547
999
1521
1543
1524
811
1528
1363
1526
1525
1534
1533
1542
1520
1451
1118
1516
1523
1531
1537
1548
950
1528
1524
1536
1534
1534
1532
1527
1538
1533
1540
1525
1521
1534
1509
1513
1540
1538
1549
1534
886
1551
1545
1544
714
1489
1535
1539
1541
1537
1534
1530
1534
1537
1536
1538
1523
1538
1525
1401
281
1520
1520
1543
1529
1541
1533
1534
1505
1502
1534
1531
1528
1526
1513
688
1546
1537
1533
1534
1539
1518
1528
1553
767
1531
1503
1536
1537
1536
1527
1550
1538
1529
1521
1544
1551
1533
1528
1525
1549
921
1545
1528
1536
1552
1549
1537
1521
1541
1552
1520
1532
1537
1539
1136
1543
1536
1531
1541
1542
1528
544
1445
1526
1539
1146
1336
1546
1531
1535
1540
1324
1539
1532
1547
435
941
1541
968
1556
923
1026
1543
1543
1039
1549
1555
1213
1550
1401
1550
1544
1528
738
1553
1541
1545
1555
1526
1547
1542
1550
786
1533
1540
1529
1532
1536
1541
1547
978
1537
1546
1551
1404
1536
1540
1532
1550
1547
1524
1532
1164
1524
1537
867
1542
1542
1545
1544
1527
1543
1537
1537
1544
1534
1534
1217
1540
1525
1537
1544
1538
1547
1534
1518
1526
862
1533
1540
1543
1523
1540
473
1543
1530
1537
1535
1540
1540
1540
1531
546
770
769
1540
1537
1534
1532
1543
1540
1529
1540
1535
858
1540
1527
1537
1048
1545
1534
1541
1552
1535
1534
1529
1536
1542
1523
1531
1546
1541
1535
1545
1543
1537
1536
1535
1529
1538
1534
1533
1535
1534
1541
1428
1485
1543
1035
1536
1552
1520
1550
1534
1380
1539
1495
1528
1534
1526
1544
1540
1545
1522
1545
1533
1525
1526
1097
1548
1546
1532
1530
1537
1546
1533
1437
1538
756
1539
1532
1542
1550
1165
1051
1540
1532
1527
1554
1544
1535
1538
1540
1294
1536
1527
1555
1540
1527
1533
1534
1551
1520
1528
1546
1534
1526
1496
1541
1547
1534
1200
1532
1521
1524
1360
1534
1525
1550
1545
1527
1543
1540
520
1551
1522
1525
1500
1537
1536
1536
387
1538
964
855
1525
1537
1540
532
1536
1537
900
1545
849
1535
1535
1535
1534
1536
1520
1544
1549
1538
1548
1536
1534
1543
1548
1542
1437
1536
1532
1550
1319
1530
1534
1526
1536
1545
1542
1546
1520
1540
1534
1545
1540
1523
1539
1537
1543
1538
1533
1550
1547
1535
1542
1504
1525
838
1525
1537
1536
1533
1529
1528
1528
1529
1539
1542
1538
1525
1540
1526
1529
1536
1548
1520
1537
907
1541
1530
1516
1533
1510
1529
1528
1543
1544
1545
1535
1527
1077
1537
1536
1548
1536
940
1551
822
790
1542
1545
1535
1504
1531
1511
1141
1526
1533
1554
1532
1536
1436
1539
1521
786
1527
1535
507
1537
1547
1530
1538
1531
1530
1535
744
1540
1535
1135
1535
1529
1546
1330
706
1541
1463
1531
1536
1541
1532
1533
1535
1549
1544
1537
1533
763
1531
1531
835
1536
1540
1534
928
1529
1540
1518
1539
1550
1534
1527
1546
1542
1527
1542
1523
1521
1533
1537
1515
1534
1530
775
1536
1529
772
1532
1542
1532
1529
1540
1524
1532
1538
1536
1531
1529
1513
1542
1538
1544
1539
1537
1536
1534
1534
1531
1537
1538
1546
961
1537
1536
267
1524
1054
1511
1532
933
1119
1543
1541
1539
1533
1533
1514
1506
1534
1329
1539
1534
1530
1531
1507
1530
1536
1542
1523
1529
1522
1529
1534
1522
1540
1016
1530
1265
1539
1530
1514
1535
1539
1531
1542
1529
1539
1539
1540
1533
1516
1526
1538
1541
1538
1533
1539
1544
1531
1543
1067
1039
1526
1533
1540
1522
1493
1540
1529
1544
1543
1529
1532
1536
1417
1537
1538
1534
1109
1538
1522
942
1541
1538
1540
1552
1549
1539
1082
1517
1538
1538
1517
1538
1535
1527
1531
1528
1539
1534
1537
1535
1543
1547
1533
1532
1532
847
1535
1532
1029
1239
1532
1525
1532
825
1532
1539
1533
1515
1539
1531
1543
1541
1531
1078
1534
1517
1527
1522
1529
1538
1263
1525
1538
1404
1113
869
1536
1541
1524
1545
1097
1536
1548
1235
1542
1536
1540
1533
1537
1518
1507
1528
1530
1545
1523
1525
1528
1536
1530
1527
1511
1530
1525
1525
1521
1510
935
1549
1541
1516
1538
1533
1534
1529
1517
1532
1539
1520
1534
1533
1519
1343
1509
1547
1513
1536
1535
1536
1480
1530
1519
1518
1535
776
1504
608
1151
956
1539
1525
1553
1542
1531
1529
1530
1534
1547
1528
1544
1547
1532
1533
1166
1530
762
680
1540
672
1547
1542
1532
1524
1527
1536
1545
1549
1534
1537
1524
1544
1536
1552
1529
1523
1541
1529
1318
1537
1531
1481
1539
1527
1539
1528
1533
1534
1532
1530
1545
1525
1528
1255
1539
1553
1517
1518
1529
1525
1532
1541
1543
758
1541
1528
1547
467
1516
770
1540
1539
1536
1511
1540
1535
1542
1531
1535
1539
1532
1544
1535
1538
1536
1511
1517
1533
1515
1531
1529
1547
1520
1519
799
1531
1510
1534
695
1541
1538
1540
1549
1528
1530
1528
1537
1543
1545
1548
1511
1403
1534
1525
1532
1534
1547
1524
1539
1531
1528
1542
1537
1529
1540
782
1549
1538
1522
1549
1550
1538
1533
371
1414
1523
1159
1541
1541
1531
1436
1541
1539
1078
1548
1519
1530
1527
1534
1537
1544
1543
1529
1548
1536
1536
1537
1420
1525
1543
358
1524
1529
1526
1544
1535
658
1549
1081
1550
1529
1544
1543
1545
1531
1547
289
1538
1518
771
1534
1412
1308
292
1545
1523
1536
1533
1536
1499
1099
1534
1545
1542
835
1545
1536
1543
1531
1540
1529
1547
1536
1383
1536
1532
1534
1550
1536
1471
1541
764
1538
1533
1540
1523
1523
1534
1533
706
1551
1544
1540
1520
1529
1506
1538
1537
1543
772
1540
1541
1539
1506
1536
1543
1535
1547
1552
1538
1536
1530
1531
1519
1212
1528
1073
1517
1506
1543
1540
1545
1520
1541
1541
1523
1530
1515
1535
1521
1534
1528
1541
1407
1554
1160
1528
1130
1521
1513
1523
1513
1544
1535
754
1506
1531
1540
1547
1532
1533
1537
1529
1526
1543
1528
1532
1538
1520
1203
762
1524
1542
1527
1531
500
1537
1534
1535
921
1508
1533
1549
774
1523
1527
1527
1533
1538
1532
1527
1534
1534
1537
1526
1529
1531
1522
1540
1531
1527
886
1530
1532
1529
1519
1169
1520
1525
1184
935
1536
336
1530
1542
1052
1513
1533
1549
1536
1547
1530
1548
1530
1526
1531
1456
1525
1543
1533
1525
1536
1531
1540
1548
1527
1519
1515
1548
1530
1538
1523
1523
1532
1524
1524
1521
1530
1526
1523
1529
1540
1544
1540
1534
1539
1524
988
1518
509
1542
1534
1533
1530
1538
1548
1538
1535
1523
1530
1520
1345
1536
1523
1534
1518
1532
867
1522
1525
1538
1535
1509
1535
1534
1536
1530
1537
1538
1538
646
1534
1514
1533
1551
1543
1537
1528
1535
1550
1549
1522
1405
1514
1518
1534
921
1531
1541
1530
1529
1543
1527
1506
1535
1538
867
1528
1540
1546
1544
1526
1527
1547
1536
1531
1540
302
1542
1529
1284
1540
1547
1547
1540
1540
1549
1520
1539
1520
1535
1537
1532
1538
1538
1480
1175
1540
1538
1525
1407
1540
1519
1534
1523
1518
1536
1457
1536
1515
1528
1538
1538
1499
1439
1478
1537
1524
1534
1532
1537
1530
1542
1540
1501
1515
1541
1513
742
1524
1535
759
1542
1540
1534
1528
1534
1516
1535
716
1539
1510
1537
1252
1525
1539
1519
1533
1510
1537
1525
1545
1513
1540
1402
1528
1541
1375
1540
1547
1532
1538
1513
1542
1538
1527
1527
1544
1550
1534
1540
1512
1547
1537
1536
1526
1523
1527
1520
1549
1524
1531
1523
1516
1502
1543
1520
1536
1068
1544
1532
1529
1511
1528
1543
1542
1529
1520
1516
1543
1032
1529
1495
807
1532
1531
1530
1526
1528
1536
1545
1532
1542
1546
1531
1539
1310
1521
1544
1535
1530
1520
1541
1540
1546
1544
1533
1307
1535
1530
1539
1536
1533
1547
1520
1529
1531
1319
1537
1512
1525
1519
1526
1504
1535
1221
1550
1531
1511
1539
1545
1552
1542
1535
674
1546
950
1544
1538
1539
1533
792
895
1548
1541
1531
1535
1539
1543
1524
1537
1545
1549
1534
1534
1518
1544
1540
1545
1526
1513
1530
1526
1539
1541
1537
1541
1535
1524
1535
1539
1519
1536
1531
1527
1507
1137
1540
1539
1531
1539
1527
1536
1090
1529
1541
1517
1541
1542
1537
411
1544
1527
1534
1544
1524
1539
1526
1541
1183
1535
1522
1532
1541
1515
973
1506
1101
1530
1541
1516
1535
1521
1541
1518
1543
1535
1524
1544
1535
758
1534
1540
1193
1538
1523
1523
1539
1551
1533
1136
1532
1519
1552
1538
1535
1528
1510
1533
1541
1543
1528
1535
1535
1537
1540
1511
1541
1541
822
1271
1170
1519
1532
1536
1528
1542
1524
1540
765
1550
1542
1540
1522
1540
1540
1530
1531
1542
1542
1531
1530
1537
1542
1525
1528
1537
766
1540
1540
747
1551
1529
1542
1538
1537
1536
1504
1533
1543
1543
1524
1527
1548
1542
1534
1543
1531
1514
1525
1530
962
1529
1538
1538
1529
1544
1531
1522
1540
1542
1541
1525
1525
1525
1531
1532
1537
1512
1493
425
1535
1541
1507
1417
1534
1541
1527
1537
1542
1536
1546
1537
1528
1510
1534
1531
1534
1547
1545
1543
1541
916
1530
1531
1141
1540
1500
1529
1541
1525
1514
918
1535
1501
1520
1058
1527
877
1534
1523
1492
1536
1514
1533
966
1539
1531
1533
1524
1511
285
1535
1546
1537
1541
1538
1530
1533
1549
1527
1533
1536
1523
1515
1540
1503
720
1537
1526
1530
1529
873
1527
1528
967
1529
1537
779
1537
1532
1530
1446
1533
1523
1512
1534
1532
1530
1524
768
762
683
1537
1531
1426
1526
1518
1544
1510
1534
1508
1403
1529
1464
1539
1535
1540
1523
1522
1545
1539
771
1521
1531
1522
1523
1540
1526
1533
1538
1508
1519
1530
1538
1035
1532
1506
1538
1519
1538
1529
1535
769
1529
1513
1539
1538
1538
1556
1531
1322
1533
1374
1539
1057
1450
1532
1535
1524
1542
1551
1543
1550
1491
1505
940
1531
973
1538
1531
1534
1540
1525
1532
1497
1533
1527
1530
1529
1052
1561
1532
1538
1528
1481
1539
1541
1543
1547
1528
1549
1534
1529
1534
1537
762
1530
1540
775
1535
1539
1520
1536
1538
1513
1529
1542
1546
1533
1537
1538
1464
1541
1539
1540
1539
1509
727
1552
1520
1521
1524
1021
1540
1531
770
1547
1537
1536
1542
1537
1533
1541
1542
1527
1535
680
1524
1544
1541
1540
1543
1531
1542
1533
1519
1538
1532
1532
1550
1462
1525
1525
1537
1537
1543
1495
1530
1017
1530
1549
1541
1536
1549
1523
1543
1540
1542
1536
1523
1536
1530
1527
1495
1541
1524
1541
1535
1528
1522
1423
1527
768
1525
1536
1535
1536
1539
1523
827
1529
763
1538
1538
1532
1542
1506
1548
1416
1524
1543
1522
1537
1544
1533
1534
1534
1545
1538
1532
1516
1531
1505
1532
1534
1559
1542
1542
1523
1534
1534
1526
1536
700
1540
1526
1539
1521
1526
1532
1517
1535
1532
1529
1532
1530
1529
1496
1508
1540
1533
631
1533
1530
1520
1525
1527
1539
1530
1518
1535
1535
1518
1539
1544
1525
1535
1534
1531
1540
1511
1229
1539
1525
1529
1554
1535
1501
1535
1530
1536
1522
1533
1522
1530
756
1529
1531
1062
1536
1533
1255
1532
1532
1511
1532
1533
542
1549
1244
1530
1240
1544
1544
1535
1549
1538
1538
1546
1526
1525
1546
1541
1473
1550
1528
1534
1529
1534
1530
1531
969
1505
1061
1550
1538
1539
1528
1530
917
1512
1527
1532
1523
1531
1537
1538
1539
1525
1544
1526
1495
1540
1516
1541
1534
1531
1543
1541
1520
944
1524
1545
1539
1543
1530
1516
1540
1528
1503
1537
1542
1536
1544
1529
1544
1541
1529
1462
1544
1527
1531
1543
1542
1515
1431
1522
1545
1486
1522
1550
1278
1539
1547
445
738
1545
512
1545
1547
1546
1543
1527
1521
1540
1525
1545
1548
1539
773
1523
1539
1529
1530
1531
1535
1527
1519
1546
1505
1537
1536
1541
1209
1536
1527
991
759
1534
1546
1524
1527
1529
1538
1528
1538
1521
1534
1504
1542
1518
1535
1532
1533
1538
1544
1537
1014
1542
1512
1540
813
1530
1520
1532
1537
1395
1530
1538
1450
1524
1533
1545
1526
1548
1546
1536
1535
953
1544
1518
1522
903
598
1544
1526
1514
1260
1537
1531
1532
1519
1535
1518
1517
1526
1537
1525
798
1544
1544
1544
1541
1545
1534
1545
1544
1536
1540
947
1521
1533
1537
1534
688
1528
1536
1538
1548
779
1548
1536
1527
1542
1536
1539
1535
1543
1537
1532
1467
871
1541
1541
1521
1541
1535
1531
1534
1532
1141
1534
1522
1527
1543
1531
1540
1537
1536
1532
1546
1503
1534
1534
1523
1019
1537
1522
1527
1403
1537
1540
1520
1523
1539
1545
1517
1525
1538
1519
1538
1546
1548
1530
1540
1536
885
1538
1522
1531
1525
1517
861
1526
1543
734
1538
1541
1529
853
1537
968
1539
1535
1544
1541
904
1308
1545
1542
1538
1543
1543
1046
1528
1515
1538
1506
1540
1545
1542
1523
1541
1535
1543
1547
1533
1519
1531
1529
1544
1526
1539
1539
1523
1530
1516
1539
1529
1527
1517
1544
1524
1546
1550
1531
1532
1534
1529
1545
1541
1374
1542
1543
1548
1527
1520
1542
1530
1532
1541
1520
1543
1531
1545
1520
1518
1544
784
1532
1530
1537
1537
1541
1385
1536
1535
1525
1526
1532
1547
1537
1540
1534
1554
1540
1535
1547
1534
1531
1532
1439
946
1538
1542
1538
1540
1535
1403
1527
1540
1535
1533
1544
1537
1531
1505
684
1528
1539
1533
1538
628
1544
1530
1525
1541
1533
1513
1536
1521
1520
1518
1530
1518
1535
1543
1550
1522
1534
1524
1533
1538
1527
1539
1524
1527
1528
1521
1537
1534
1527
1541
1533
1535
1536
1532
1278
943
1538
1534
1539
1524
1540
1536
1512
1530
1535
1469
1539
1526
782
1535
1529
1530
1530
970
1538
1513
1548
1517
625
1535
1505
1537
1548
1537
1532
1532
1534
1544
1540
1539
1536
1534
1537
1538
1532
1541
1537
1544
1544
1542
1535
1534
1532
1519
1529
822
1546
742
1408
1548
1534
627
1525
1528
1528
1535
848
1504
1546
1524
1513
1549
1003
1532
1535
1545
1530
1537
1539
810
1523
1523
1541
1516
1529
1451
955
1122
1522
1530
1328
1534
1527
1539
1527
1534
1518
1536
1529
1527
1496
1524
1520
1535
1534
1513
1540
1532
1525
1542
1526
1535
1526
1542
1527
1529
1533
1540
1541
1540
1533
1527
1518
1538
1513
1537
1543
1531
1516
1197
1540
1541
1537
1532
1544
1541
1545
1552
1516
1525
1533
1530
1514
765
1536
1530
1519
1529
1537
1316
1535
1530
1544
1536
1477
1533
1540
1509
1541
1525
1446
1495
1524
1536
1537
1534
1541
1545
1539
1522
1529
1533
879
1532
1541
1176
1526
1536
1529
1544
1381
1554
1534
1538
1532
1534
1523
1534
1534
1331
1526
1542
1533
1551
1415
1529
1508
1546
1533
871
1558
1524
1525
1521
1545
1525
1532
813
1531
1526
1530
768
1539
888
1536
1533
1541
1543
802
1527
1528
916
1524
1473
1327
1543
1424
1531
1531
1546
1523
1542
1531
1530
1537
1297
787
1547
1492
1535
1533
793
1511
1539
1533
1525
910
1533
1522
1543
1544
1504
1530
1530
1523
1536
1311
1526
1531
1532
1507
1486
1545
1541
1541
1543
1536
1531
1553
1539
1042
1534
1541
1547
1520
1496
1535
1528
1529
1545
1531
770
1525
1531
1545
1534
634
1521
1534
1544
1529
1535
944
1518
1516
1528
1543
1536
1531
1526
948
1316
1524
1524
1521
771
1536
1505
1535
1520
514
1529
1524
1540
1523
1530
1549
1532
1518
1529
1546
1516
1316
1537
759
1520
1527
1522
1547
1544
949
1540
1535
1515
1520
1539
1546
1542
1533
996
1531
1540
1526
1535
1543
1532
1500
1544
1539
1543
1530
1533
988
1534
1517
1531
1527
1529
1545
1536
1534
1527
1532
1525
1532
1536
1545
1538
1522
1516
1534
1538
1528
1500
1525
1516
1537
1537
786
1543
1527
1510
1535
1506
1505
1537
775
1532
1539
1537
1546
1531
1540
1532
1539
1522
1539
1545
1527
1530
1538
1514
1534
732
1461
1514
1543
1507
1531
1533
1523
1237
1545
1531
1537
1481
1535
1538
1528
1533
1531
1527
1518
1531
1550
1535
1538
1517
1543
1527
1528
1539
1538
1534
1544
1541
1521
1523
1538
1533
1521
1541
1536
1236
1534
1503
1534
1534
1527
1537
1530
990
1544
1505
1552
1512
1527
1514
1538
1547
1539
1549
1530
843
1516
1537
1543
1539
1532
1532
1533
1536
1532
1139
1541
1542
891
1551
1530
1536
1517
1532
1536
604
1526
1219
894
1532
1525
1522
1545
1547
1551
540
751
1534
1534
1537
1274
1531
1465
1543
1541
1540
1540
1526
1516
1531
1537
1544
1541
766
1534
1532
1539
1522
1359
1534
1518
1540
1541
1536
1530
1526
1534
1528
1533
1538
1555
1515
1546
1542
1537
1526
1533
1541
1531
1539
1536
1531
1538
1534
1534
1520
1526
1516
1527
1539
1540
1532
1522
1532
956
1537
1530
1534
774
1539
1533
1410
1521
869
1547
1527
1527
1540
1526
1553
1543
1543
1537
1541
1531
1512
1540
1535
1514
1530
1536
1515
1539
1536
1539
1542
1533
1532
1538
1533
1539
1538
1539
1534
1524
1543
1542
889
1534
1533
1521
1517
964
1529
1535
1516
1550
1551
1543
1530
1537
1312
452
1545
1527
1540
1535
1526
760
1530
1540
1536
1527
1512
1543
1538
1516
1532
1525
1481
1527
1540
1525
1536
1531
1545
931
1539
1535
1457
1508
1542
1534
1511
1506
1542
1526
1527
1539
1541
1525
1318
1516
1541
1540
1531
774
1539
1463
1523
1545
520
1538
1529
1535
1540
1304
1530
1529
1517
1529
1533
1538
1524
1196
1528
1328
1535
1544
1530
1538
1510
1506
1499
1497
1526
1516
1522
1543
1541
1529
1528
1539
1523
1549
1199
1525
1535
1532
1523
1538
1531
1526
1546
1521
1539
1545
1540
1530
1537
1535
1538
1003
1526
1544
460
1519
1319
1538
1549
1550
1535
1542
1534
1273
1548
1521
1543
1528
1525
1529
1545
1533
769
1542
1536
1438
1515
1524
1543
1526
1526
1545
1536
1536
1296
1528
1529
1532
1539
1538
1175
1535
1525
1540
1531
1515
1530
1547
1527
1541
1531
1548
1530
1538
1530
1549
1532
1539
1548
1533
1538
1551
1530
1542
1542
1536
1533
1527
1537
1537
768
1533
1537
1537
1542
1541
1541
1385
1527
1530
386
1529
1541
1528
1471
1535
1542
1543
1537
1543
1540
788
1517
1527
1448
1534
1549
1530
1543
1525
1550
1527
957
1549
1532
1555
502
1525
1537
1530
1528
1541
1517
1514
1536
1532
1529
1030
775
1496
1532
1515
1543
1546
1537
1539
988
778
1532
1533
1533
775
1527
1537
1501
1544
1540
1540
1540
1541
1520
1142
1540
1540
1526
1539
1541
1299
1545
1538
1516
1532
1530
1535
1535
1539
1540
1530
1533
1533
1527
1541
1529
1529
1386
1525
1525
1537
1521
1524
1541
1530
1539
1543
1537
1535
1536
1534
1533
1519
1546
1540
1536
1532
1516
934
1224
1517
1522
862
1531
1557
1516
1530
1523
1528
1530
1229
1526
1531
1363
1539
1543
1517
1533
1535
1510
1536
1543
1538
1544
1526
1541
1545
1544
1543
1537
1543
513
1519
1535
1520
1540
1540
1302
1534
1534
1531
1520
1398
1524
1521
1535
1533
1532
1542
1519
1530
1526
1539
1106
1536
1525
1301
1533
1544
1545
1537
1529
1540
1535
1543
1537
1503
1539
1540
1549
1528
1531
1519
1533
1531
1535
868
1543
988
1542
1516
1158
1552
768
1542
1528
1531
1521
1535
1535
1524
1135
1538
1545
1526
1534
1532
1538
1532
1532
1531
1535
1556
1537
1541
1529
1532
1075
1518
1525
1541
763
1525
760
1545
1543
1540
1524
1531
1527
1538
1533
922
1534
1540
1513
1509
1537
1538
1524
1537
1539
1494
1535
1533
1536
1536
1538
1551
1539
1547
1539
1539
1520
1523
1530
1534
1546
1549
1542
1533
1536
1532
1325
1532
1548
1540
1530
1551
1516
1545
1550
654
1495
1536
1534
1493
360
941
1539
1537
1536
1523
1527
1528
1546
1524
1536
1539
1542
1537
1532
1536
1538
1538
1544
1498
1518
1537
1523
1190
1545
1533
1531
1536
1529
1534
1526
1537
1247
1533
1535
1539
1511
1518
1546
1536
347
1519
1537
1539
1534
1146
1534
1538
1549
1538
1546
1538
1540
1525
1529
1546
1009
1522
1544
1537
1530
1534
1536
1545
1530
1535
1541
1527
1530
1540
1545
1537
1517
1528
1510
1549
1448
1542
1561
1530
1486
1545
1540
1537
1528
344
1535
1526
1514
1519
1545
1539
1409
1528
1530
1533
1527
1526
1530
1531
1539
1536
1534
1525
1545
1538
1525
1543
1527
1545
1528
1353
1151
1543
1543
1445
1503
1539
1529
1535
1545
1362
1548
1536
763
366
1527
1517
1526
1527
1526
1533
1523
767
1366
1515
790
1529
1531
1538
1536
1538
1524
1017
1543
973
1540
1509
1535
1530
1539
1529
1541
1546
1536
1535
1040
1535
1530
1524
1541
1541
1543
749
1533
1098
806
1540
1545
1521
1536
1535
1488
1530
1523
1538
1523
1537
1533
1536
1535
1547
699
1521
1532
1528
1538
1524
1543
1543
1525
1009
1531
1535
769
1539
1539
1526
1459
1546
1538
1529
1524
1180
1542
1544
1538
1541
1540
1542
615
1547
1542
1540
1534
1552
1534
1537
1542
1532
1117
1535
1548
1536
1543
1531
1551
1529
1515
1525
1535
1534
1543
1534
1538
1520
1522
1548
1535
1532
588
1549
1529
938
1530
1530
1501
1543
1535
1535
1543
1544
1540
770
1537
1552
1548
1542
1526
1536
1543
1524
1552
1533
1540
1538
1531
1541
1529
1519
1519
765
797
474
1534
1399
1514
1523
1524
1519
1494
1543
1187
1515
1528
1524
1533
1544
1532
1523
1535
1545
1545
1552
1512
1527
1532
1542
949
1520
1531
1244
1105
1527
1537
1537
1539
1539
1532
1468
1522
1542
1528
1538
1503
1530
1534
1530
1528
1430
1536
1543
1534
1524
1546
1536
1312
1533
1538
1056
1515
1539
1536
1530
1549
1539
1542
1533
1543
1529
1541
1540
1519
1531
1548
1525
1536
1536
1522
1529
1529
1523
1521
1526
1544
1524
1539
1533
1533
1532
1530
1529
1514
1546
1535
1548
1302
1505
1277
1538
1533
1518
1520
766
1501
1522
1521
1515
1531
1539
1534
1312
1524
1533
1531
1534
1530
1539
1542
1535
1534
1523
1528
1526
883
1076
1526
1529
1549
1549
1536
1538
1540
1532
1530
1539
1535
1543
1541
1523
1530
1536
1528
1523
1541
1521
1551
1556
1530
1513
1534
1516
1537
1526
1402
760
1519
1520
1528
1524
1533
1516
1391
1530
1507
1519
1533
1518
1531
1527
1538
1530
1522
302
1530
799
1548
1525
1544
1545
1533
1542
1538
1529
1430
1536
1539
1524
735
1523
1541
1528
1524
1528
1531
1525
1536
1538
1536
1529
1540
1537
1512
1528
1542
1538
1545
759
768
1531
1529
1529
747
1525
1536
1542
1544
1435
1530
1531
1537
1537
1534
1540
1540
1531
1544
1531
1525
1529
1534
1538
1550
1270
1534
1535
1538
1539
458
1528
1541
1536
1394
1534
1523
1543
1535
1541
1535
1535
1545
1537
1525
1532
1525
732
1521
368
1539
1525
1534
1513
1540
791
1532
1543
1445
1527
1551
1523
1526
1534
1551
1543
1522
1366
1530
1525
1541
1533
1538
1541
1152
1519
1545
1528
1542
900
1528
1560
1528
1552
1526
1528
1532
1534
1534
1543
1532
1543
1122
1535
1518
851
1536
1533
1534
1529
1514
1529
1534
1526
994
1532
1520
1529
1519
1498
1529
1541
1535
1386
1516
1537
1528
1537
1496
1534
1094
1520
1505
1529
1538
523
1504
960
1542
1539
1539
1003
1532
1533
1532
1541
1513
1532
1546
1531
1543
1541
1529
1541
1512
1533
1518
1170
1538
1537
1541
415
1537
1531
1535
1534
1547
1521
1523
1531
1530
1545
1532
1067
1526
1537
1527
1527
1532
812
833
1532
1535
1529
1532
1535
1544
1540
1531
1518
1534
1545
1527
1531
1523
1538
1540
1522
1529
1533
1516
1182
1547
1527
526
1550
1541
1541
1542
1532
1534
1549
1529
1529
1531
1531
1536
1539
1539
1543
1536
1539
1533
1534
1524
1066
1545
1523
1543
1536
1538
1539
1531
1530
1533
1185
1526
1522
1532
1524
1046
1542
770
1145
1545
1532
1534
1513
1521
1531
1466
1546
1529
1239
1528
1523
1546
1537
1536
1516
1532
1535
1533
812
1540
1537
1526
1509
1541
1526
1527
1527
478
1538
1523
1525
1545
1529
1527
1545
1542
1539
1527
1547
1542
1523
1534
1517
1531
1522
1516
1540
1529
769
1533
776
1546
1528
1538
1537
1530
1537
1539
1539
819
1535
1532
1540
1528
1533
1534
1537
1532
1545
1539
1536
1534
1526
1527
1537
1541
1534
1542
1529
1540
1540
1546
1525
1520
1526
1541
1523
1529
1541
1537
1530
1543
1520
1532
1536
1119
1537
1544
1530
738
1001
1545
1022
1535
799
1528
1528
1527
1527
1526
1518
1545
1534
1530
911
1515
1532
1536
1546
1544
1525
1532
1529
1549
1531
1529
1546
766
1530
1536
1535
1537
1532
1536
1531
1529
1532
1525
1540
1529
1444
949
1519
1460
1532
1528
1537
1537
1525
1522
1525
1349
1534
1539
1541
1525
1532
1536
1532
1530
1532
1478
1487
762
1534
1537
1517
1534
1526
1534
1533
1521
1039
1539
1531
408
1542
892
1544
1539
1533
1551
1535
1530
1540
1550
1521
1538
1545
1529
1528
1548
1541
1526
1508
1521
1502
1551
1509
1543
1531
1524
1540
1522
1534
1536
1148
1543
1513
1533
1533
1521
1531
1542
1539
785
1102
1548
1541
1528
1533
1547
1529
1531
1546
1540
1502
1530
1508
1532
1543
1542
1526
1542
1537
1543
736
1531
1543
1531
1539
1526
1542
1256
1543
1543
1546
1525
1529
1536
1530
1533
1530
1537
762
1552
1547
1519
1536
765
764
1536
1540
1530
1540
467
1533
1534
1532
1537
1509
1540
1539
1534
1532
1525
1529
1540
1532
1521
1528
850
1530
1522
1541
1533
1524
1525
1535
1532
1517
1540
1517
1541
1535
769
1526
1524
1540
1530
1529
1547
1546
1538
1538
1531
1532
1527
1532
1518
1526
1540
1510
1539
1522
1539
1536
1532
1529
1535
1521
1543
1529
1524
929
1526
1531
1541
1523
1516
1539
1533
1483
1530
1541
1530
1521
872
1524
1537
1540
1536
1547
1544
1526
1536
1542
1523
1523
1531
1529
1541
1541
1517
748
1536
1539
1534
1529
1532
1540
1532
1533
1536
772
1534
1543
1533
1532
1540
404
1250
846
1527
1534
1321
1528
1538
1533
1524
1542
1522
1543
1528
1529
1542
1521
693
1527
1462
1534
1536
1529
1545
1546
1533
1524
1539
1518
1537
1308
1524
1536
1517
1526
1531
1540
1544
1523
1535
1544
1540
1514
1522
1518
1054
1535
1531
1543
1540
1513
1543
1537
1535
1535
1543
1530
1524
1523
1529
1524
1526
1539
375
1541
1536
1438
1529
775
1534
1529
312
1524
1533
1548
1526
1527
1543
1543
1536
1546
1535
1539
1558
1540
1536
1521
1536
1541
1512
1531
1540
1532
1533
1304
1532
1531
1543
1347
1512
1536
1531
1535
1543
1541
1539
1527
1526
1544
1538
1510
1546
1558
1537
1531
1544
1528
1085
1092
1371
1531
1539
1552
1368
1538
1548
1549
1544
1525
1544
1539
1517
1549
1549
1525
1539
1534
1539
1518
1534
1433
1536
1530
1540
1535
1538
1523
1534
1531
1531
1532
1536
1548
1523
1294
1401
1541
776
1532
1528
907
1431
1539
1525
1520
1532
1460
1530
1528
868
1202
1532
577
1546
1533
1541
1533
1528
1337
1523
1549
1537
1544
1540
1542
779
1545
1534
1534
1088
1539
1524
822
1532
887
1468
1540
1543
1545
1519
1518
1517
1551
1543
1542
1541
1547
1542
1529
1449
1527
1521
1537
1523
1525
1528
1526
1528
1528
1536
1517
1519
1539
1528
1529
1513
1542
1522
1536
1512
304
1533
1481
1528
1520
1524
1538
1533
1539
1522
1539
1534
1527
1530
1515
1530
1530
1516
1534
1530
1549
1526
1524
1533
429
1530
1523
935
1539
1539
1521
1541
1513
1544
1527
1524
1542
1547
1548
1534
1497
1530
1381
1528
1549
1537
1531
1509
1539
1533
1529
775
1523
1540
1510
1536
1229
1537
1544
1535
1521
1548
1539
1383
896
1530
1533
1532
1001
1546
1542
1535
1539
358
1445
1522
1534
1540
1538
893
1538
1543
1551
1517
1532
1525
1541
1021
1550
1556
1546
1531
1534
1077
1537
1526
1507
1511
1538
1543
1527
1522
1547
1539
1541
1307
770
1528
1528
1525
1482
456
1549
1536
1527
1517
1529
1508
1535
1535
1535
1530
1527
1531
1539
805
1458
1523
1528
1525
1527
1532
1541
1524
1518
1543
844
1531
1530
1505
1534
1532
1538
1535
1525
1539
1543
1521
1544
1515
560
836
1521
546
1462
1546
1164
1521
1546
1521
1536
1531
1534
1534
1544
1544
1548
1552
1546
1529
1512
1539
1526
1539
1531
1537
1525
1533
1543
1499
437
1541
1523
848
1537
1523
1542
1548
783
1525
1537
1531
1530
1533
917
1539
1534
1540
863
1547
1523
1491
1258
1519
1527
1542
1522
1523
1532
1540
1535
1540
1544
1504
1531
1542
1430
1541
1530
1534
1520
1235
1516
1536
1540
1524
1547
1361
1534
1531
1513
788
763
1536
947
1537
1534
1545
1523
1543
1523
1538
1526
1540
1533
772
1538
1534
1531
1542
1540
1532
1542
1541
671
1523
1523
278
1516
1524
1544
1525
1544
265
1541
770
772
1512
1526
1538
1527
759
1531
1537
1537
1526
1527
1532
1543
1515
1524
1543
1334
1544
1544
1555
1518
1531
1520
1540
1538
1280
1525
977
1544
1531
1521
1546
1467
1536
1545
1515
1193
1537
1519
1539
1098
1529
1306
1528
1547
1058
1531
800
1537
1535
1542
1548
1541
1491
1533
1543
1529
533
1530
1547
1542
1540
1550
1531
1536
1469
1537
1542
1544
1544
1539
1543
1548
1543
1523
1528
1540
1536
1542
1553
1534
1515
1514
1513
1526
1545
1551
1531
1529
1543
1554
1538
1548
1232
1543
1532
1545
803
1547
1530
1550
1543
1534
1540
1321
1521
1540
1535
1542
1004
1542
1541
1542
1544
1553
1536
830
1159
1547
1551
1545
1524
1523
1541
1539
1510
1541
1280
1531
1553
1541
1538
1547
1535
1527
1547
1533
1534
1542
1527
1542
1532
1532
1521
1540
1515
1526
1532
1548
1547
1536
1515
1523
1530
1546
1543
1520
1533
1533
1540
855
811
1168
1528
1529
821
1532
1538
1544
1535
1535
1544
1543
1526
1538
1060
1539
1515
1516
1538
1340
1537
1545
1533
1547
1524
1342
1543
778
1534
1524
1542
1531
718
790
1525
1533
1534
1536
1528
1533
1539
1527
1541
641
1544
1525
1539
900
1539
1534
1545
1518
1531
1532
1526
1545
1548
1540
1551
1539
1553
1532
1521
1532
1539
1520
1517
1533
1502
1555
1540
771
1534
1524
867
1529
1535
1532
1549
1536
765
1543
1541
760
1531
1517
1457
1552
1543
1498
1549
1528
1533
1536
1540
1526
1529
1529
1539
262
1537
1544
1541
1532
832
867
1550
1469
1522
1526
1517
1549
1534
1544
1522
1533
1543
798
1541
1527
1540
1499
1532
1536
1541
1526
1536
1550
1531
1537
1539
1535
1539
1523
1547
1533
1521
1529
1533
1543
1546
1519
765
1522
1525
1533
1536
1517
1520
1536
358
1532
1536
1526
1532
1527
539
1533
1538
1528
1543
1531
1537
1541
1537
1495
1524
1551
1544
1534
1528
1534
1507
1528
1514
1541
1537
1539
813
1530
1125
1542
1536
1539
1544
1515
1512
1529
1530
1145
1537
1530
1545
1547
1523
1546
1549
1547
1525
1552
1544
1543
1551
1530
1537
1538
1530
1543
880
1534
1544
1532
1536
1537
545
1551
1542
1550
1530
1173
1534
1542
1533
1454
1529
1546
1539
1525
1532
1519
1544
1515
760
1535
1150
684
1531
1522
1530
1534
1498
1533
575
1533
1107
1540
1531
1534
1540
1539
1528
1550
1526
1535
1543
1526
1543
1329
1270
1530
1545
1532
1531
1535
1536
1539
1331
1533
1534
1536
1521
1066
1538
1351
1537
1515
1406
1545
1531
1537
1087
1530
1539
1535
1533
1523
1533
1526
1523
1532
1525
1535
1545
1541
945
1540
1551
1537
1537
1526
1551
1532
1519
1515
1548
1521
1535
1539
1528
1531
347
1383
1541
1535
1530
1529
1533
714
1544
1535
1532
1537
1523
1538
1523
1529
1531
1538
1532
1541
1539
1532
1535
1468
1536
1535
1540
1545
1534
1535
1529
1527
1505
1530
293
1547
1541
1541
765
1547
1538
1331
1543
1523
1540
1548
1524
1323
1539
1538
1546
1538
1534
1535
1528
1547
1519
1550
1537
1533
1540
1533
1513
1551
1535
1494
1522
1546
1531
1530
1520
1534
1512
1516
1532
1531
1535
1520
1549
1528
1538
1528
1538
1522
1535
1529
1540
1534
1500
1544
1545
1533
1520
811
1530
1539
1546
1541
1548
1534
1539
1533
1551
1553
1523
820
1531
1543
872
1535
1510
1536
1526
542
1520
1547
1542
1508
1527
1532
1521
652
1526
1542
1537
1550
1535
1533
1531
1534
1536
1528
1547
1538
1536
1096
1531
1533
1530
1531
1532
712
1524
1540
1549
1539
809
1534
1544
704
1515
1542
1530
1538
1405
1368
1527
1537
1526
1542
1540
1536
1545
1538
1523
1542
1517
1528
1542
1536
1542
1538
1524
1510
1544
1549
1539
1544
1542
1530
1433
1531
1528
1538
1236
1521
1539
1538
1534
1530
1543
1520
1524
1548
1541
1539
1531
1537
1520
854
1533
1540
1530
1536
1543
1534
972
1534
1534
1535
1536
1527
1524
1529
1534
1537
1536
1089
300
1534
1528
1447
1545
1553
1532
1528
1542
1545
1534
1513
1542
1544
1238
1533
1520
1516
1524
1526
1542
1524
1534
1522
1522
1536
1526
1525
1535
1531
1539
1517
1519
1534
1542
1435
1533
1524
1348
875
1543
1539
1522
762
1520
1534
1531
1529
1533
1544
1493
1518
1542
1536
1546
772
1525
1537
1531
1538
1514
777
1525
1547
1540
1541
744
1539
1536
1533
1014
1529
1532
1257
1526
1525
1526
1527
1547
1545
1463
1526
1534
1549
1538
1523
1541
1545
1546
1538
1527
444
1543
1539
1530
1529
753
1536
1527
1532
1534
1544
1535
1534
1526
1533
1516
1538
1533
1523
1521
1317
1541
1533
759
1534
1535
1530
1533
1537
1539
1541
1530
779
1535
1537
1537
1534
1539
1204
1499
1533
1536
1543
1538
1532
1534
1538
1543
409
1527
1527
1490
1527
538
1536
1466
1413
1542
1545
1511
1535
1541
1521
1522
1143
1530
1538
1496
1539
1527
1533
1546
1537
293
1531
961
1536
720
1521
1531
1509
891
1541
1032
1557
1532
1544
1540
1539
1549
1542
1533
1514
1537
1537
1532
1543
1533
1545
1522
1530
1534
706
1543
1519
1534
1544
1540
1544
1535
1530
1548
1533
1533
1541
839
1544
1539
1535
1543
621
867
1532
1530
1538
1522
739
1546
1549
1536
1515
1542
1544
1154
1531
1527
1541
1529
1536
1053
1530
1533
1531
1522
800
1526
1535
1537
1542
1532
802
1338
1536
1540
1532
1538
1539
1527
767
1536
1545
1540
1459
1536
1547
1538
802
1543
1548
1551
1550
1091
1392
1219
1531
1541
1522
1524
1530
1540
1525
814
1533
1541
1537
1524
1529
1538
1542
1532
1549
1441
1014
1531
1525
1548
1533
1534
1522
939
1528
1532
1529
1537
1516
1212
845
1555
1541
1530
1000
1531
1550
1531
1545
1539
1533
1530
1531
1535
1528
1543
1160
1538
1542
1537
1229
1520
1547
1544
1537
1544
1546
1542
1534
1542
1524
1543
858
1535
1545
1525
1544
1525
1541
1530
1541
1535
1521
1547
1533
763
756
1523
1539
1525
1546
1543
1532
1537
1514
772
1552
1543
1532
1533
1535
1124
1541
1537
1531
740
1019
1539
1528
1538
1545
1541
1536
1521
1540
1534
1546
1537
1522
1532
1524
1534
1539
1461
1332
1539
1529
1420
1537
1525
1534
1521
1533
1542
1539
1528
758
1527
1539
1531
1522
1527
1525
1526
1524
889
1540
1517
1537
1531
1540
1545
930
1534
1535
1084
1543
1532
1544
785
1530
1538
1545
1424
1543
1546
1544
1526
1545
1532
1550
1540
1095
1540
1540
1541
1541
1528
1536
1533
1531
1524
1525
1524
1229
1537
1541
1547
1542
1533
1532
1527
1532
1548
1524
1544
1540
1531
1541
1536
1518
1542
1520
1295
1322
1531
1517
1478
1540
1542
768
1530
1525
1432
1536
1512
1108
1531
1520
1527
1540
1523
1544
1534
1525
1549
1537
1543
1539
1521
1507
1528
1534
1539
1532
1537
1499
1530
1546
1486
1526
1529
1532
1546
1533
1522
1531
1542
1527
1536
1535
1107
1537
1539
1285
1530
1540
1536
1541
1538
1538
1143
1522
1535
1529
1532
1531
1539
1542
1532
1523
1034
985
1536
1531
1524
1545
1532
377
1309
1529
1534
1531
1536
768
1546
1535
1524
1540
863
1533
1538
1546
949
900
352
1056
1540
1545
1534
1534
1529
1543
1535
1528
1526
1543
1530
1521
1528
1548
349
1543
1540
1535
1535
1542
1528
1552
1541
1547
1541
1536
1531
1532
1542
1540
1499
1516
1523
1529
1523
1544
1243
1539
1543
739
1553
1541
793
1547
1550
1521
1541
1281
1528
1171
269
1533
385
1543
1541
1526
1319
1524
1547
1542
1533
1528
1508
1543
1512
1519
1538
1526
1543
1537
1533
1531
1523
1525
1527
1531
1151
1529
1524
1532
1520
1521
1527
1541
1538
1528
1528
1527
1519
1522
1533
1514
1533
1112
1534
633
1531
837
1527
1535
1518
1536
1502
1529
1528
1514
1532
1519
1522
1506
1529
1522
1536
1543
1538
1495
1521
1513
1531
1543
1535
1532
1523
1542
1514
1527
1530
1544
1540
1528
1527
1534
1535
1520
1535
1533
1510
1536
1525
1528
1523
1543
1531
1525
1535
1532
1534
1541
774
1544
1525
1458
1543
1545
1527
1533
1538
1539
1536
1394
1528
1479
1544
1531
1532
1531
1534
1530
792
1538
1535
1531
1519
1525
1373
1535
1512
1532
1514
1529
1523
769
1523
1423
1511
1532
1548
1519
1117
1535
1519
846
1558
1526
1530
1527
1534
1543
1400
1536
1537
1531
1530
1543
1536
784
1526
1532
1535
1536
1527
1544
1531
1546
1535
1529
1524
1536
1532
1519
1544
568
1534
1499
765
1521
1525
1533
1544
1539
756
1499
1539
1534
593
1547
1535
1535
1529
1546
1537
1533
1531
1529
1533
1001
1557
766
1506
1525
1543
1534
1538
1533
1514
1536
1528
1530
1521
1527
1549
1535
828
1535
1535
1531
1528
1529
1521
872
1516
1534
1544
1532
1539
1542
1543
1520
761
1529
1523
1535
1544
1530
1534
1524
1537
1533
1529
1517
1539
1532
1541
1529
1536
1536
1527
1550
1544
1519
1529
1543
731
1547
1506
1534
1456
1537
1533
1538
1516
1525
1529
1518
1534
1531
1534
1541
1534
1522
1302
1528
1531
1527
1519
1512
1533
1507
875
834
1513
1528
1517
1533
1539
1531
1530
1532
1541
1539
1551
1529
1541
1537
1528
1509
1532
1527
1534
1535
1537
1544
1539
1529
1535
1528
1526
1077
1532
1538
1534
1541
1533
760
1541
1521
961
1547
1529
1540
1545
1539
1540
1527
1519
1547
1537
1531
1445
1529
1497
769
979
1529
1537
1544
1526
1530
1533
1537
1522
1534
1543
1536
1551
1341
1543
1220
1530
801
1541
1525
1516
1531
1548
934
1522
1523
1443
1531
1536
1527
1522
1538
1537
1497
1444
1543
1538
1539
1527
1525
1532
1535
1527
1513
1545
1540
1516
1563
1536
1536
1435
1531
1502
1545
1533
1539
1432
1207
1542
1545
1540
1546
1556
1540
1457
1541
1537
1549
1531
1531
1534
1540
1515
1525
1524
1540
1533
1545
1530
1538
1531
1541
1525
1515
1531
1548
1537
1536
1535
1024
401
831
1529
783
1537
1531
558
1546
1509
1527
781
1541
1530
1517
1534
1526
1548
1546
1523
1516
1548
1548
1511
1505
1525
1245
1547
1522
1542
1536
1534
1534
1538
1540
1537
713
1505
1525
1535
1545
1535
1136
1549
1530
1530
1526
1527
1539
1549
1541
1516
1522
1529
1536
1540
1554
1532
1540
1545
1515
1545
956
778
1540
1519
1530
1552
1550
1513
1548
1527
1543
1534
1527
1521
679
1531
1541
696
644
1545
1454
1531
1536
1519
1533
900
1545
1530
1550
1545
1538
1549
1528
1528
1404
1517
1542
957
1541
1531
1546
1537
1536
1539
1494
1405
756
1533
690
1534
1533
1535
1546
1464
1521
1545
583
1433
1534
1526
663
1527
1517
1551
1536
1544
1525
1535
1540
1531
1536
1537
1535
1536
1536
509
1523
1486
1544
1540
878
1545
1540
767
1526
1546
1544
1538
1477
1546
1531
941
1534
1524
1542
1092
1374
1521
1532
1532
1532
1501
1329
1548
1535
1532
1531
1530
1525
1549
1536
1542
1549
416
1541
1536
1539
1533
1536
1493
1543
1523
1550
1169
1526
1534
1526
1536
1544
878
1529
1538
1125
1541
1534
1532
1526
1523
1541
1524
1522
1541
1536
445
1525
1529
1526
1545
1203
1530
1537
1535
1542
1524
1525
1511
1529
1534
774
1521
1537
1543
959
745
1529
1541
1380
1541
1188
1537
1532
1525
1534
711
1535
1544
1552
1551
1538
1541
1546
1537
1539
1541
765
1521
1520
1530
1550
1548
1535
1550
1508
413
1546
1539
1537
1544
1543
1501
1531
1536
1535
1531
1546
393
1526
1531
580
778
1541
1538
1523
1522
1539
1528
1534
1512
1515
1530
1543
784
1513
1530
1539
1523
1540
1539
1539
1508
1541
1516
1538
1543
1532
1535
1535
1537
857
1543
1532
1535
1539
1518
1499
1544
1198
1534
1530
1538
776
1544
1280
1529
719
1523
1505
1540
1285
1534
1532
1528
1547
1545
1532
1462
1541
1538
1518
1539
1540
1475
1531
1527
1541
1531
1532
818
1543
1538
1534
1541
1534
1542
1534
1547
1519
1530
1529
1537
1541
1538
820
1537
1549
1535
1543
1522
1540
1538
1545
1540
1539
1542
1536
1523
986
1529
1538
1542
1515
1542
1531
1529
1528
1523
761
1522
1532
1542
1537
951
1530
755
1500
1513
1529
1537
1531
1523
1524
1546
1525
1540
1528
1549
1538
1544
1542
1533
1545
1538
1537
1548
1547
1548
1523
1538
1539
833
764
1533
1533
1522
1527
1523
1546
1535
659
1537
1536
1526
1549
1542
1541
1526
1527
1537
1535
1528
1541
1536
1515
1531
1523
767
1530
1541
1533
1520
1530
295
1525
1532
1534
1542
905
1538
1531
1535
1534
1511
1534
822
1527
1541
1522
1526
1305
1533
1532
708
1535
1545
1392
1520
1533
1533
1534
1525
1531
792
1524
1532
1538
1550
1537
1539
1518
1538
1542
1533
1528
1517
1531
1105
1389
1512
1542
1531
1507
1523
1527
1525
1526
1523
917
1302
1552
1531
1540
1541
1513
1528
1529
1532
1550
1495
1512
1539
1527
1530
1048
1546
1123
1516
1539
1533
1538
1517
1517
1541
1528
1522
1549
1552
1389
1546
1517
1537
1544
1549
1513
1534
1515
1543
1524
1531
1548
1517
1544
1521
1521
1531
1545
1134
1529
1532
1522
1519
1239
1536
1538
1528
1555
1534
1538
1530
1529
1552
1529
1542
1529
1534
1541
1541
1543
1546
1539
1162
1533
1536
1531
865
864
1533
1546
1548
1134
1524
1546
950
1559
1528
1544
1525
1553
1540
1530
1544
1547
1541
763
1530
1551
1543
1534
1529
1539
1542
1541
1536
658
1529
1541
1528
1543
1534
1539
1539
1537
1541
1539
1539
1531
1079
1537
454
1539
1528
1539
1539
1524
385
1539
1528
659
1209
1522
1539
1530
1543
1545
1542
1556
1543
1523
1514
1535
1427
1548
1521
1531
756
766
1541
1554
1538
1541
1539
1431
1540
848
1527
1529
744
1537
1536
1547
1526
1540
1534
1536
1537
1531
1550
1532
1525
1523
1530
1543
1518
1530
1543
772
1536
1528
1514
1523
1550
1543
1496
1538
1539
1524
1538
1540
1536
1519
1534
1518
1540
1527
795
1538
1507
1546
1531
1531
1554
1542
1529
1542
1528
1520
1530
1545
1540
1544
1529
784
772
1533
1542
265
1539
1549
1540
1530
1525
1539
1536
636
636
1532
1527
1541
1537
1534
1523
1530
1531
1540
1537
1547
1534
1543
1535
1524
1545
1534
1540
1536
1508
1475
1534
1530
1532
1517
1541
1529
476
1540
1523
844
1533
1516
1545
1515
1528
1527
764
1521
1525
1519
1524
1534
1530
1529
1536
1532
1528
1516
321
1544
1515
1420
1534
1530
1539
1549
1533
1533
1538
1530
1540
1537
1543
1147
1530
1535
1533
1196
1537
1543
1534
1532
1530
1521
1535
1543
976
1538
1523
1537
1550
1528
1536
1189
1543
1534
1536
1526
1542
1533
1537
1551
1546
1527
1187
1546
1539
964
1542
1513
1534
1537
1536
1540
1518
1533
1526
1536
1539
1549
1527
1525
1533
1539
1527
1547
1533
1534
1539
1538
1517
1542
1427
1543
1539
1531
1028
1528
1525
1537
1531
1537
1534
1536
1526
1531
1535
1515
1541
1019
1546
1537
1554
1539
952
1541
1545
1543
1514
1531
1536
1533
1544
1528
1535
1532
1533
1533
1543
1540
1247
1535
1541
1524
1525
1517
1540
1528
1546
1529
1534
588
1533
1529
1530
1537
1529
1545
1543
1525
1540
1529
1541
1544
1538
767
1551
1534
1538
1534
1532
1412
1528
1400
1528
1543
1533
1528
1531
765
1546
860
1540
1537
1547
1513
1522
1550
1547
1542
1544
772
798
1546
1540
1221
1517
1538
1538
1529
1556
1535
1529
1533
1538
1536
1534
1536
1535
1523
1542
1535
1537
1527
1540
1530
1540
1528
1570
1532
1520
1527
1544
1536
1541
1375
1528
1528
1540
1537
1522
1526
1526
1545
1547
1539
1528
1537
1535
1536
1533
1543
1544
1537
1522
1536
1532
1544
1510
1535
1529
1547
1533
1544
1526
1546
641
1534
1549
1526
1542
1536
871
1518
1529
1535
1523
1550
1530
1529
1531
1538
1525
1532
1533
1547
1535
1540
1537
1106
1102
1537
1530
1529
1542
1547
1537
1530
1530
1522
1526
1508
1533
1540
1528
1527
1534
1538
1518
1537
1533
1524
762
1121
1503
1539
1536
1503
1546
1529
1515
1544
1544
1526
1534
1537
1546
1527
1529
1537
1536
1543
1541
1511
1533
1535
1538
594
1536
1538
1529
1535
1527
1526
1410
1513
1532
1536
1533
1541
1539
1528
1541
1529
1521
1541
1481
892
1543
1538
1532
1014
1532
1541
1529
1542
1531
1529
1539
655
1544
1541
857
1544
1539
1531
1538
1522
1537
1510
1531
1520
1531
1538
1550
1538
1531
798
1543
1543
1274
1544
1536
1539
1539
503
1533
1541
1526
1505
1530
1515
1501
991
1518
1543
1536
1523
1527
1527
1528
1551
829
1532
1507
1539
1541
1522
1539
1540
1531
1521
1386
1527
1512
763
1527
1533
1511
1541
1537
1539
1528
1398
590
1533
1540
1534
1543
1532
1530
1534
1525
1547
1531
1543
1533
1530
1533
1508
1547
1537
1450
1542
1526
1542
1536
1539
1534
1534
1526
1547
1541
1525
1544
383
1335
1216
1173
1548
1522
1540
1217
1537
1538
1222
1528
1529
1524
1527
1537
1518
1527
1526
1528
1517
1529
1538
1529
1533
1543
359
1335
1489
1540
1424
1535
1536
1507
1535
1513
1525
1531
1544
1518
1354
1519
1542
1538
1535
1140
452
1528
1519
1532
1542
1533
1545
1534
442
1537
1540
817
1546
1517
1533
1545
1542
1534
1506
1532
306
741
1539
1526
792
1531
1547
1498
1533
1526
781
1529
1527
1528
1522
1349
1530
1535
1536
1553
1107
1544
1519
1535
1547
1539
1541
1540
1521
1540
1541
1523
1530
1546
1537
1531
1493
1532
1542
1516
1524
1543
1536
768
1542
1539
1536
1518
1541
1534
1549
1538
1548
1537
1531
1543
287
1526
1528
1537
1543
1504
1526
1545
1526
1532
859
1517
1509
1524
1530
630
1529
925
1164
1535
1002
1534
1526
765
1535
1515
1538
1523
1285
1307
1555
1544
1544
1549
1530
1543
1536
1538
1532
1537
1540
1521
1542
1538
1533
761
1548
1490
1537
608
1535
1533
1548
1548
1552
1541
1538
1524
1536
1527
1537
1526
1518
1532
1528
1454
1540
1548
1481
1534
1532
1520
1544
1530
1526
774
1540
1542
1522
1533
1074
794
1515
1525
1526
1532
1542
1517
1537
1525
1524
1531
1531
1539
1530
1518
1529
1530
1091
1550
1511
1536
1545
1319
779
1525
1532
1514
569
1532
1530
1532
1538
1537
1523
953
1523
1528
1532
1523
1537
1520
1552
1539
1542
1525
1531
1247
1538
1529
1508
1535
1511
1541
1543
1544
1537
1532
1538
1547
1529
1530
1527
1547
1533
1545
1532
1540
1542
1536
1533
1528
1536
800
1534
1549
1532
1534
1532
1485
1503
1533
1486
1540
1534
1541
1359
1534
1530
1534
1528
1528
1540
1528
1507
1532
1538
1518
1542
1535
1547
992
1547
1526
1536
1537
1538
1537
1529
1538
1521
1540
1533
1537
1469
1542
1544
1523
1528
1532
1541
1508
1527
1529
1543
1180
1214
1525
1522
1544
1532
1524
1531
1520
1520
1515
1531
1532
1535
1532
1535
1516
1522
1540
1525
1535
1535
1524
1535
1537
1530
1527
1538
1536
1526
1530
1523
1513
1530
1007
1534
1532
1518
1534
1532
1533
1536
1524
1540
1547
1539
1530
1532
1375
1535
1544
1537
1532
1540
1539
1544
1537
1535
1520
1532
1542
817
1549
1314
1539
1525
1523
1548
1529
1511
362
1546
1545
1487
1553
1539
1533
1544
1555
1540
771
1527
1545
1540
1537
1550
1042
1344
1528
1532
872
1527
1538
1537
1539
1542
1543
1535
1534
1532
1516
1514
1528
1132
1522
1521
1551
1521
1530
523
1532
1521
1524
1525
1536
1514
1533
1105
1537
1539
1541
1513
1531
1534
1487
1539
1536
763
1536
1525
1525
1532
1537
1520
1516
1539
1536
1536
1519
1530
1528
1544
1532
1527
1536
1544
1527
1530
1524
1548
1536
1535
1530
1531
1522
1499
1536
1532
1540
1531
1055
1066
1509
1537
1530
1526
1528
1533
1544
1535
1535
495
1519
1526
873
1534
1523
1534
1520
1524
1527
1527
1527
1508
1531
1511
1535
1534
1528
1528
1544
1543
843
