2973
3003
3033
2678
2987
3008
2978
2992
3030
2981
3038
3025
3013
3026
3003
2990
2996
3011
3002
873
3020
1386
3008
3009
3001
3029
3001
3001
2809
3026
3006
810
3030
3021
2827
3014
306
3001
2993
3007
3013
2892
3009
2992
2997
3004
2967
3018
2946
3005
3006
2904
3042
3019
2972
3003
2980
2953
3026
2987
3017
2959
137
553
2975
3004
2985
3010
2990
2963
3010
3017
3010
3015
3009
3030
3013
3000
2885
2985
2315
2954
2986
3011
2960
3002
2982
3010
3004
2990
2999
3033
2988
3009
3004
2998
2993
2987
2784
3002
3002
3015
3007
2984
3004
2976
3076
2997
2893
2984
2983
761
3037
3015
2987
3000
3029
1153
3026
3012
2982
3019
2983
3044
3019
3018
2969
2991
2930
3016
3009
2974
2971
2790
3013
2984
3006
3014
3024
3002
3021
2563
3024
2979
3002
3016
2987
3009
3006
2981
2984
2961
3012
3008
3001
841
3012
2985
2993
3018
3012
2992
2988
3011
2992
2990
3035
3000
3018
2985
3007
2980
3008
3013
2879
3012
2971
2989
2795
729
3033
3002
2999
2996
2993
934
2737
2986
3004
3030
2973
2992
2981
944
3018
2987
3013
3012
3006
2944
3022
2979
2994
3000
1799
3038
3000
3022
2998
2988
2133
3010
2982
2320
3013
3029
3004
3004
2996
3013
2993
3019
2955
1311
3049
3022
3011
3009
2978
2960
2953
3008
2993
2998
2998
2982
2991
3009
2995
2979
3070
3036
2972
2977
2974
2985
1264
3007
3008
1342
2999
3024
3019
2989
302
2920
3000
2956
2986
3005
2994
3358
2992
3010
2965
2965
2991
2666
2989
2999
1561
2980
2997
3005
190
2997
1774
3011
2981
3010
2981
2960
3002
2976
129
2891
3013
371
2429
3063
2958
2962
2960
3015
2981
3016
3000
3062
491
3004
3022
2798
154
3005
3028
3003
2998
3004
2998
3025
2945
3007
2996
2998
2877
3057
2991
2806
3006
3013
1944
2985
2982
2980
2983
3064
2976
2970
2862
2986
3002
2981
2993
2987
2964
2994
2977
2976
2994
3009
2989
3011
3071
3026
2990
2989
3002
3014
2951
3009
2990
3002
2982
2943
3027
2984
3008
2914
2999
2987
3018
285
2983
2844
2981
2994
2982
378
3030
3009
3006
3013
2984
3005
2978
2969
3012
2978
2941
2791
644
1149
2858
2999
2926
3027
3016
515
3008
3006
2992
2983
3006
2985
2989
2974
2984
3010
3025
2971
3011
2812
2989
2997
3035
3034
2997
3012
3003
831
2964
2968
2966
2974
2223
3014
2996
2930
2984
2990
2985
3004
3039
2953
3012
2992
215
3003
3001
2959
2999
2990
3061
3068
1492
2475
3003
3001
3023
2984
3002
2973
2984
2992
549
2947
3013
3040
2982
3008
2967
3010
3004
2965
2954
2990
3007
3008
3005
2985
3007
1259
2709
3008
2998
3005
3015
2947
2999
2989
198
2994
3001
2979
3020
2982
2996
3022
3024
3002
2995
3003
3016
2963
902
2983
2990
3027
3029
3004
2976
3002
3002
2988
3021
2998
3031
2971
3010
2575
2989
2996
3019
2999
2980
3002
3021
491
2991
2977
3022
2946
3049
2972
2993
2990
3008
2999
3005
2986
1966
3008
2964
3006
3028
2997
3002
2989
2985
3011
3011
2961
2988
3000
2985
2983
2976
2983
2998
2984
2937
3013
2998
2885
2983
2971
3008
3007
3013
2986
2959
3010
2372
2965
2968
2988
2969
2987
2987
2964
2987
2997
2990
2995
2994
2992
2496
2978
2962
2983
2269
2948
3002
1914
2986
3003
2993
2981
2958
2988
2976
1174
2997
2982
2986
2676
2999
2995
3012
3027
3008
3016
2996
2984
3002
3015
3008
2988
3014
2997
3024
1340
1779
3045
2101
2989
2996
3015
2987
944
3016
1757
2752
3005
167
3037
2996
3006
3008
2967
2998
2986
3021
2985
398
2993
3012
2988
3002
3007
2992
649
3012
2981
3014
3002
3039
2985
2892
3004
3010
2993
3019
2972
3026
3007
2972
2999
2996
202
2988
2974
1586
3015
2998
2992
2987
1533
3025
3014
2995
2992
2984
2146
2960
2991
2977
1829
3016
3021
2974
3097
2971
2977
3030
3000
2920
3009
3015
3070
3027
2969
3010
2991
2977
3002
3015
2274
2598
2906
3006
3003
2987
3007
3018
3025
3019
3005
2978
3030
3051
2996
689
3010
3014
3024
2952
210
2585
2994
3041
3000
3040
3004
2855
2976
2972
2960
2983
3012
3036
3072
2984
3007
3019
3017
2990
757
3011
3005
2991
3003
3012
3024
2974
2997
3023
3007
3006
3048
2740
3027
2972
2980
2371
2437
2998
2982
2944
3024
2982
820
2967
2999
3006
2987
3016
3012
3017
3016
2991
1469
2951
2204
337
3039
2994
2994
2985
3007
2982
3027
3006
1316
2980
2954
3015
3011
2939
2981
2270
3020
2986
3001
3028
2820
3003
2964
3032
3021
2992
2984
2999
3005
2997
2971
3011
3006
3007
3014
3000
2120
3007
3028
543
2993
3018
2999
2515
3027
3019
3011
3006
3000
3007
183
3005
2995
2908
2997
2967
3003
1805
3024
3009
3024
3011
3010
2930
3009
2994
1178
1214
2999
3064
2977
2981
2959
1989
2998
3042
3026
3033
3032
2979
2626
2745
2942
3016
3017
3017
2988
870
3019
3007
2994
3032
2987
2951
2999
2997
2973
2990
3005
2907
2996
3039
2992
2987
2963
2994
2992
3002
3008
2987
3008
2989
3013
2997
784
2995
2985
3031
2993
2991
3002
857
3011
3016
3001
2963
2188
2991
3003
3012
2969
3004
3012
2998
2935
3023
3000
2996
3017
1019
3010
2887
2980
3000
2988
3023
2955
2849
680
2984
3022
2955
2978
3006
2991
2986
3023
2949
2962
3013
2960
1834
3068
2993
2983
2991
2983
2997
2940
3007
2962
2994
2794
2988
3009
2615
1827
3018
3014
3016
2998
3012
347
2995
3000
3071
3020
2975
2983
3080
2890
2923
2886
2099
2945
2982
2998
2995
3002
1133
3039
199
3020
2982
2976
2969
3015
139
2996
2991
2991
2994
3014
2977
2973
2991
2967
2997
2982
2997
355
3027
712
3014
3021
3010
2994
2992
3019
2988
3008
2989
3006
3000
321
3015
2930
3006
2996
2992
3006
1535
3015
2994
2966
2925
2980
3008
2877
3004
2999
3003
1543
3007
1051
3008
3015
2980
3000
2979
2989
2989
3011
3009
3003
3010
3004
3032
2978
650
3006
2380
1264
2993
3021
3014
2990
2073
3003
2268
3058
2939
3032
2954
2976
3024
2977
1814
3003
489
2993
3013
2999
2972
3012
2993
2963
2987
2999
2979
2907
2985
2983
2974
2997
2972
1641
2998
2992
3010
3016
2969
3017
2968
3014
2987
3012
3008
2991
3009
1614
2988
3078
3007
2965
3052
3001
3012
3028
3002
3037
2990
3018
141
2663
3011
3028
3026
2997
2969
3028
2988
2989
3005
2992
3006
2983
3011
2977
2868
1918
2996
2992
3022
2995
3014
2999
2990
3022
2994
3005
3005
3007
742
2988
2999
2979
2994
3019
3004
2965
2972
2999
3018
2996
3023
3015
2481
2093
2948
3029
3011
3005
3016
3003
2991
2997
3003
3012
2996
3034
3008
3005
2998
3000
2886
3000
2991
3023
3023
3010
2973
2987
908
2966
2995
3020
3016
1556
2981
3021
2996
3026
3002
2963
2975
3010
3007
3014
3031
3009
2572
2995
3002
2993
2975
2991
3019
3014
2982
2958
2955
3013
2993
2990
3012
3025
2964
2986
3000
2973
3060
3014
2989
2998
826
2992
2982
2980
1020
2981
3006
977
2995
2979
2980
3027
2554
3003
2986
346
2998
3043
2984
1943
2925
2513
3000
2923
2977
3033
2983
3004
3009
3000
2981
2977
2999
2006
3031
553
3021
3020
687
2978
2987
829
2951
3006
2968
2941
2986
3003
3026
2966
1356
2961
3001
3006
3002
3016
2946
422
2998
140
2995
1845
122
2984
2969
3001
3021
3031
3033
2970
271
1529
3001
3011
1710
3001
2971
2976
2995
3046
2991
3009
2387
2994
2976
3010
2966
2695
3032
2989
2992
2928
476
2359
3005
3004
2966
1013
2966
2990
2980
424
2964
2989
2999
300
2993
2994
3012
3012
2925
3019
2987
2999
2996
2981
2943
2962
3037
297
3007
2180
3004
2993
3020
1091
3026
2203
2733
2997
3001
1224
2980
2993
2997
2990
2996
2998
3019
3010
2971
1841
2990
3005
2982
2995
2999
3012
3001
3025
2900
3017
3005
2946
3014
394
2988
3019
2981
2994
2985
3005
2967
3026
2966
2991
3022
2991
3007
2986
3006
3012
3048
2560
3001
2993
2988
2942
3010
3027
2215
2909
2826
3004
3031
2991
3010
3002
2984
3008
2938
3026
1150
3025
2999
2967
3019
665
2388
2993
2996
3032
2165
3006
848
3018
3008
2983
3014
2960
3087
2975
2988
3018
2987
3048
3016
3064
118
2937
2967
3057
2369
2999
3027
2971
2986
2938
3005
3028
203
3017
2939
2998
2993
2947
3007
2967
2860
2998
3010
2987
2934
3002
2985
2978
2993
2986
2999
1452
3018
2990
2982
2984
979
2996
3013
3016
412
3024
3016
3022
3028
643
2994
3026
3018
3007
1829
3012
1450
3002
2995
3007
1455
3007
3000
2922
2989
2986
196
2995
2984
3035
2958
1160
3003
2994
2975
2995
2992
2971
2986
3017
2987
2726
2289
2991
2984
2970
2988
3028
2583
3000
3039
2930
3007
2988
219
2931
772
2980
2955
2972
2999
2994
3077
1474
2988
2980
3007
3002
2992
3008
3000
2969
3017
2962
2975
3011
3012
3002
3023
3017
2996
2965
3058
2982
2990
2988
2983
2971
3005
3026
2437
2554
2989
3024
3020
2927
3000
2985
2998
2985
359
2987
3014
2968
3006
3016
2954
2999
2089
3013
3003
2998
2992
2998
3038
3000
1964
3004
3027
3005
2995
2998
3021
2980
2978
3028
3011
3032
3003
2940
2927
3013
3012
2999
2997
3007
2999
2985
2992
2999
2988
3022
832
3000
919
2960
3027
2982
3014
2987
2988
3003
3006
3038
2366
2987
3010
2999
2964
3013
3023
3018
3000
2558
3028
3015
3004
1026
2967
2983
2998
2699
2982
2995
2994
3025
3004
2902
3033
3006
3022
3012
2997
2988
3007
3034
3005
3001
2986
3029
2971
3012
2989
1766
1615
2991
2977
3019
3068
3005
2977
3006
3025
3024
3021
2673
1765
2999
3011
536
2092
3000
3000
2969
3003
3026
2996
2992
2602
2999
3053
2990
3027
2987
3004
3006
3000
2936
3027
1531
2960
2981
3009
2992
2877
3058
3002
3006
3006
2955
2551
2246
2980
3007
3020
2974
3009
3022
3007
2987
3001
2958
3010
3027
2981
2977
2973
1753
3020
2995
2984
3013
3016
3007
2468
3001
2991
3000
3003
3008
2999
2997
3000
2949
2992
2923
2988
2982
1804
2983
2965
3013
3001
2994
3013
2984
3013
3018
2994
3007
3007
3017
3006
3012
3015
3012
2987
3010
2994
878
2986
2990
2992
2989
2996
3004
3016
2985
965
3069
2989
2998
2976
3013
2913
3008
582
1708
2979
1370
3007
2972
2999
2992
2981
3000
3011
2997
2999
2973
3011
2978
3025
2986
3006
2999
2952
3003
3010
2972
2479
2996
2984
2985
2981
2998
3035
3021
2975
3022
1700
2997
2986
3008
2894
2997
2979
3022
2981
2940
590
2996
2990
2992
2724
2339
2967
2998
2994
3013
2981
2980
2972
2912
2200
2990
2988
2984
3031
2997
3010
3010
188
3075
2950
3009
2993
2953
2982
2983
3012
3020
2987
3007
3007
1215
2946
2501
3001
2971
3012
2995
3005
2836
3004
2979
2151
2954
2994
3021
2969
1625
2997
2969
3012
2971
2991
2998
2999
1324
2969
2977
2999
3009
3005
3014
2989
2991
2987
2987
3021
3010
3016
2984
2988
767
3021
2999
2988
2995
2997
2932
3039
2992
3033
2984
3011
2993
2985
2464
131
2993
1071
3011
3014
2972
3017
3022
3004
2988
2818
3012
2702
3013
2973
2997
3018
3001
3023
2968
3004
2007
3003
3009
2604
2962
2970
2959
2995
968
2998
3005
3000
2948
2959
3024
3019
2994
3017
2999
3011
2462
3026
3045
3033
3025
1582
1657
3011
3004
2971
2956
3017
3000
3006
1544
2993
3036
2938
2957
3012
3002
3000
2975
2998
3030
2978
2995
2983
2998
456
3023
2708
2949
3036
3012
3089
3023
2985
2935
3027
3044
3008
3017
2746
3004
2987
2980
2987
3000
3021
2951
436
1532
2996
2997
2998
3030
2213
3012
680
3010
549
2998
2954
547
2972
1256
3006
2998
3014
3015
3043
2970
2994
3005
3022
3020
2990
3014
2994
3013
2993
2988
2121
2995
2992
2995
2561
3018
3006
2989
2964
739
2998
3019
1193
2982
2985
2993
2007
2997
3010
2985
3013
2971
3010
3008
2987
3007
2997
2993
3001
3027
2997
3012
2942
2970
3016
2985
3017
2824
1244
648
2875
3009
3019
3001
3006
712
3024
3008
3016
3048
2795
2991
3027
2965
3026
2937
2963
2532
2917
3019
2998
2911
2999
2983
3061
3016
2994
2989
2987
3003
2971
2995
3003
2922
2595
2762
3016
2990
2996
2999
3017
3038
2996
3017
2986
444
3010
3004
2977
3000
241
965
2969
3013
3013
2999
2973
2977
2904
3020
2993
3006
3012
3020
2990
2984
2984
3003
3015
2993
2201
3010
2869
3004
2978
2994
3023
3013
2978
2593
2935
2937
3004
2935
2991
3003
2989
2996
3005
2156
3024
2979
3002
1025
3021
2973
3013
646
2993
2995
2972
2996
3025
2986
2997
2984
3022
2993
2868
236
2766
3002
2961
2979
3009
2994
3000
3067
3016
3073
2976
3007
3003
3002
3024
2986
3007
3018
2984
3036
2971
3005
3012
2882
2969
2974
2987
2962
2998
3009
2996
2997
3035
2990
3000
3002
2983
2958
2979
3027
3022
3008
2964
3016
3028
2976
3020
3009
2962
458
3009
3010
2965
2987
3004
2972
2979
3024
718
3022
3024
3010
2986
2989
2993
2983
3024
464
2985
1209
2965
2421
2983
246
2982
3026
3019
3018
2984
2988
1996
3026
3005
2803
3018
3017
3017
2995
3014
2985
2759
3002
2996
2454
977
2985
3006
2984
3006
2905
2997
3029
3024
2964
3010
2988
3006
2994
2868
2971
3020
2970
1487
2994
2991
3011
2998
1373
3087
1156
2999
2960
3022
2963
2989
2071
2985
2990
3020
3042
3025
2985
3007
2989
2996
2910
3001
3059
2373
1314
2985
2963
2995
3000
2936
3006
3008
2983
3003
3005
406
1986
3023
2982
3030
2988
3001
3006
2988
1730
1937
118
2979
2994
746
2969
3051
3000
3023
2381
1310
3029
2984
2999
3012
3017
2407
2943
3013
3022
2934
3009
3018
3008
3018
3008
3001
3023
3005
2991
2570
2912
2965
3008
2991
3013
2997
2997
2987
3013
2976
2564
2997
3021
2989
2985
234
3010
2992
2990
1263
2970
3015
3011
151
2936
3004
2999
2998
3009
3017
2988
2969
2969
3014
3001
3028
3010
3020
2975
2995
2989
3031
2975
2976
3026
2997
2999
3019
3009
3004
3000
3012
3033
2974
2260
2977
2987
2986
2994
3021
3011
3004
2998
2984
3021
3059
2987
1927
3015
2988
2965
3002
2998
2987
2993
275
3034
3023
1705
3001
3007
3002
2969
3006
2947
781
2970
2985
2994
3018
3006
2946
3006
3004
2986
2965
2991
3000
3008
2991
3030
857
3007
3055
2998
1903
1508
2964
2992
3007
2364
2983
3034
3039
3004
2994
1689
2997
3033
2966
2999
3002
3000
2994
3015
3026
2453
2134
2985
2972
2976
2989
3025
2686
2990
3014
3006
2969
2984
2992
3012
2995
2978
3025
603
3007
1826
2972
3006
3013
2991
2988
2975
2998
3009
2998
3002
2358
3016
3011
3027
2993
2996
2975
3026
3013
3027
2987
2950
2983
3010
2998
2984
2597
2992
2962
1265
3003
3027
3024
3044
3017
3002
3019
3032
2980
144
2972
2962
3013
3008
3035
2980
2991
3018
2987
2980
2895
2999
2983
2988
2991
692
2973
2981
225
669
3014
2974
3007
2992
3003
2995
3015
2997
3019
3001
3017
2970
2985
2989
3005
3002
3026
3023
2966
3005
2940
3000
2999
2982
3003
3003
3005
446
3005
2980
3034
3017
2420
2967
2993
3011
3022
3040
2972
3005
163
3026
3000
3015
2997
3037
3002
3000
3002
2982
2976
315
3004
3025
770
2951
3024
2987
2975
2974
2886
2995
3003
1688
3005
2986
3000
2994
2951
2996
3026
2971
3006
2987
3002
2987
1903
2996
3004
3061
2991
2994
2995
3030
3019
3016
1554
2987
3012
2993
3010
2543
2955
3004
2960
2988
2995
3009
574
446
2972
2232
3012
3009
2960
3023
2983
3058
3008
3007
2959
3032
3001
3028
3043
3000
3022
3003
2988
3023
3009
2998
2920
3006
2962
251
2955
2948
3016
2747
774
1458
3007
3012
2982
3027
3012
2943
2980
2983
2954
3001
3019
2903
1558
3015
3000
2982
2999
3016
2988
2921
2998
2996
2991
2985
3031
1017
3014
2227
3008
3003
154
3003
2972
3093
2999
2266
3025
3006
2996
3010
2921
2965
3011
2999
2959
3016
1381
2991
3009
2986
3004
2749
123
2991
3078
2945
2827
3029
3090
2901
2989
3011
3013
3003
3018
364
3005
2970
3014
2996
3003
3015
2995
3025
2997
3002
3028
3014
453
2990
3020
163
2998
2982
3011
3003
2973
3010
3005
2715
2982
1941
3005
2976
3015
3034
2965
3013
2992
1264
3018
2960
2991
3008
2271
535
322
2991
2999
2982
3041
2663
3008
3006
2992
3015
3021
2968
2978
2248
3033
3002
3012
2989
3011
3010
2986
2990
3023
3023
2999
3010
2968
2970
658
3012
2960
3003
2978
3010
3000
2967
3008
2982
3027
1927
1139
2975
3016
2976
2985
2997
3009
2999
3035
3027
3016
2982
2998
3010
3002
2980
2986
2990
2939
3001
3040
2976
2941
3042
2988
3026
2985
3029
2994
2990
3003
2983
2969
3020
3000
3001
159
3021
2986
3029
2993
3001
2997
2983
2964
2455
2990
2985
2973
2991
3002
3017
2990
3005
3025
3016
2999
3023
2982
2991
3019
2963
3027
3004
3011
3028
486
2985
2995
2982
3017
2998
3018
2993
2998
3006
2928
3033
2979
2949
2997
560
2957
3018
3001
2996
2991
3007
544
3010
1576
2965
2995
3007
3002
2104
3026
3022
2980
2996
2952
3009
3002
2997
3014
3011
3003
2994
3036
1034
3003
3000
381
1544
2681
2999
2979
906
2997
2138
2985
3011
3022
1596
2968
3028
3023
2999
3016
2737
2957
1625
2998
2888
2987
1672
3065
2981
3011
3020
3017
3008
3019
2985
2984
2943
2971
2998
1282
2989
2982
2775
2995
2996
3010
3013
2977
2938
3015
3002
321
3015
2986
2799
3004
2961
3037
2909
3002
2967
2990
3029
2985
2465
3019
2003
3007
3001
2995
3001
2965
2976
2979
2965
3011
1003
3009
2966
3015
2997
3074
2990
2966
3006
3014
2993
3028
3035
3017
2991
2979
2984
1109
2983
1660
2469
3016
2540
2992
3063
2958
3017
2979
3002
3000
3026
2979
2996
3001
3030
2983
2996
2998
2889
3001
2668
2723
2997
3000
2996
2986
2983
3015
2988
3013
283
2928
3013
2998
3012
2987
1699
3015
3012
2987
2990
2993
3031
3015
3015
3005
3020
3001
2953
3010
3027
3007
2949
3025
2999
2999
2985
3010
2998
3001
3000
2785
2796
2997
3029
2985
2969
3003
3006
3012
2948
3002
3002
2987
3027
2987
3046
2989
2921
2999
2944
3005
2996
2988
3012
744
2984
2967
3031
846
1390
3040
2984
2964
2983
3025
2962
2982
2522
2901
3018
3009
2035
3010
3017
1944
641
2988
2986
3006
3004
2974
2962
2995
3015
2981
3001
3009
3021
3012
2986
2984
190
2907
3007
2191
2980
3027
2976
2979
2936
3014
2989
3022
3021
2381
3006
2978
2970
3002
3018
2992
2987
2205
2972
2997
2980
1957
3001
323
744
2993
3009
1713
2998
3024
2913
3020
2983
2914
2994
3000
2999
252
2199
2972
3080
3003
3018
2981
3014
3005
3014
3003
2991
2985
3018
3016
3068
2939
2998
3012
2988
2067
3023
2974
2975
3098
2943
2993
2995
3007
3021
3007
2992
254
2987
2969
3059
2975
3019
3010
2998
3007
3005
3010
2971
2972
2943
3014
2963
3031
3015
3015
3016
2430
2993
3002
2994
3013
2968
2996
1748
3021
2995
2991
3015
2977
2967
3012
3082
2989
3006
3006
3005
2992
2552
3014
3016
3003
2996
2985
2188
3002
3024
2948
3031
3008
2976
3010
2329
2990
3021
2968
3018
2995
3062
2984
3012
3010
3010
3016
1249
2963
3005
3002
2996
3017
3019
2955
2959
2645
3002
2109
2996
3003
2971
3024
1785
2989
2700
2964
2984
2927
3007
3007
2987
3024
3027
3020
2978
2991
2985
2988
2483
3004
2967
3027
2989
3006
3018
2996
2954
2959
1708
3002
3036
3001
3004
921
2980
2998
768
2982
2963
2989
3002
1477
2998
2982
2999
643
2935
2983
2986
2984
3001
3006
2993
3012
3002
3004
2987
2999
2632
3009
2982
3006
2925
2982
3016
315
2988
2976
2951
3044
3006
2994
3023
2979
2994
2526
3020
471
3007
3010
1360
2953
2992
2999
2981
3002
3011
3012
2440
218
3003
2973
3010
2966
2987
2969
2972
2871
2999
2991
3030
3026
2841
2966
128
3003
2997
2935
2963
3001
2994
3014
3008
2965
2988
2970
2974
2983
3002
2996
2975
2996
3013
153
2998
2989
2052
1896
2973
3006
2978
2429
2976
3013
3013
777
3023
3018
3028
2975
3005
2964
3000
3018
2983
2976
3009
3013
2980
2997
2969
3005
2968
3015
2991
3008
2950
3001
2972
2983
2994
2999
2984
3009
3006
2988
2994
2995
2992
2732
3015
3055
2985
3016
1846
3003
3008
3006
2961
3001
3007
3008
3006
2890
3013
2976
3013
3013
2998
2984
3000
2998
2972
3027
2943
3011
2993
3068
3015
782
3006
2961
2986
2982
2995
1194
3024
2983
2993
3000
3004
2982
2981
2977
2453
3022
2981
2978
3001
2986
2984
2997
2998
2194
3068
2982
1821
2972
3029
3022
2981
3005
2983
1040
2995
2990
1162
2992
2990
2998
2986
3004
2874
2985
2998
3008
3006
2990
2960
2980
3023
3009
2968
2259
2982
604
2993
2994
3043
2984
2982
2989
2888
3000
2996
2995
2996
138
2969
2934
2963
3028
2986
2992
2707
2899
2971
3024
3014
3012
2990
3017
3020
2992
2874
3001
2995
2995
321
3017
2998
3029
3020
3019
2999
1993
3019
2978
2982
2981
2980
208
1210
3037
3017
1554
2999
2999
3061
3014
3001
3082
3008
3040
1404
3009
2998
2918
2985
2891
295
2980
669
2992
2979
2946
3081
301
3016
2998
2977
2995
3003
3001
2984
3026
1388
2979
3010
3009
2991
2979
2957
2985
2991
2967
3036
2991
3021
3005
2971
3034
2994
2995
2996
2990
2949
2982
2987
2981
2952
2972
2968
3016
2987
3000
3019
2978
3006
3034
2951
3021
2810
3009
3035
2994
2991
2984
470
3001
3013
329
3001
2996
3010
3000
3015
2992
1231
2984
2993
3001
2958
2975
2942
2974
2924
3009
2970
3015
2955
2985
2975
2701
1125
2989
2981
2999
3013
3000
3009
2960
2983
3051
2996
231
3000
227
3029
2977
3006
2982
3015
3028
3015
2976
3009
2993
483
2999
2966
3012
3026
3021
3012
2938
2969
2998
2989
2963
3009
2983
2968
3015
2996
3009
2993
3012
2986
2997
2983
3008
2990
2943
3015
2990
2188
2974
3027
2974
2991
3041
3027
3027
3024
2909
3019
2851
2993
3025
3106
2556
2986
1220
3001
2979
2987
3007
3018
2989
2996
3012
2930
700
3006
3000
3018
3031
2969
3011
3000
2989
2176
3023
2981
3005
3019
3029
2135
2958
1262
3068
3020
3024
2993
3003
2975
3092
3010
3035
2958
2992
2988
2969
3015
3001
2990
1097
2989
2962
3014
3003
2993
1752
2959
2975
2987
2942
2995
3023
3035
3006
2981
1215
3014
3001
2980
2930
2974
3007
3017
3012
1660
149
2982
2999
3012
3003
2954
3021
3026
2182
3005
2996
3026
3023
3003
2974
3003
2998
3033
3001
2994
2999
3011
2963
2989
3011
3007
3015
2991
2992
2999
2990
2991
3015
3004
2963
2986
2719
3013
2999
2992
2974
3006
1612
2975
3012
2974
2968
2892
3002
2958
2990
3000
3017
2993
3012
2972
3000
2685
3087
3025
3013
2580
3022
2995
3026
326
3005
3006
3018
2984
2945
3004
3010
3013
3026
2946
2981
3030
2996
2991
2962
3014
3001
2988
3023
3012
3006
1995
3069
2995
1870
3001
2991
3001
3000
2985
3022
3017
3009
2961
2947
3011
3011
3033
2991
3004
2769
2989
2990
3002
3008
3007
3005
3043
3022
3001
2920
2977
2975
3075
993
3000
3004
2975
2985
2985
3076
3014
2990
3020
2995
2953
3004
3023
3025
2985
3004
3031
2988
3007
2993
2977
2974
2982
2993
3046
3005
2969
2985
2996
2982
3003
3023
2996
2975
3009
2958
2972
3025
2991
2999
2940
2983
1856
3060
2992
3002
3009
2983
1710
2998
3013
2838
2757
745
463
3026
3009
640
2973
2995
3005
2968
2983
3000
3020
2971
2987
2825
1831
3000
2997
3021
2257
3003
2986
3007
3004
3078
2977
3004
3016
3011
2992
2966
896
2983
2768
2973
2982
2991
1608
2979
2972
2994
3006
3002
3008
2976
2993
2999
2986
2955
3002
1781
2997
3022
2971
2990
3007
2986
129
3019
2996
2984
3010
2992
3017
3043
2974
3032
2975
3000
2996
2994
2844
3002
2989
2998
3022
2989
2982
2996
2998
2100
3012
2956
2942
3018
2964
2994
2989
3036
3018
3027
3012
2990
3000
2991
3011
3007
3031
2985
2984
3020
2998
1180
2982
3010
3003
2996
3054
2968
3002
2998
2761
2997
3030
3016
3019
2954
2973
2818
3019
2997
3003
2949
2965
2942
2861
3000
3024
448
2981
3001
2990
2961
3004
3031
3004
2976
3001
3000
2974
1907
2960
2990
2989
3004
2987
2974
190
2997
3026
3003
3024
2993
2967
2996
3002
2994
3003
2960
3027
2936
2996
3007
2974
3028
2984
2240
2995
2983
2989
2996
2973
2993
3001
2990
2989
2993
3005
2973
2983
2983
3060
2980
3010
2990
3011
3024
2999
3011
2986
1245
2989
3026
1224
2991
1722
3035
3013
3019
3023
2994
3026
3008
2999
2907
3025
2998
3006
2987
2993
3060
3013
1219
3021
3000
2948
2999
2936
3003
3031
3010
2981
3018
2963
2677
3014
2976
2977
3005
2945
2968
3005
2999
3006
3008
3012
2997
3004
2321
3017
1929
265
1295
3005
2477
2976
2994
2994
2970
2995
3000
2956
3012
2979
2691
2312
3010
2993
2900
1820
2988
3016
3014
3021
3018
3009
3007
3006
3037
3052
3004
3008
3002
3024
3008
3007
3010
2987
3005
3011
3024
3023
3047
2992
2972
3006
3001
2958
3044
2988
2982
2991
2991
2870
3022
2954
2980
3029
2988
2980
2979
3015
3026
3028
2987
1076
2994
3005
2967
2958
3002
661
2989
2978
1290
2982
3007
3020
3010
2993
2993
2980
2976
2965
3014
2990
2998
3014
2949
3001
3008
3008
3007
3090
2847
3006
3021
888
2998
3016
141
2998
3013
3002
1461
2859
3030
3001
2994
2987
2995
3000
3005
3027
3019
3006
2824
3016
2347
2532
3013
2954
2992
2999
2986
2983
3017
3015
2995
3023
2997
2987
2987
3029
3008
2995
2981
3013
3001
3017
2699
3025
1400
2885
3032
2997
2977
2963
3014
2982
3018
3008
2981
3020
2729
2996
3012
2975
3002
3004
2096
2890
2963
3005
2957
3007
1995
2992
3014
3034
1503
3028
2991
3006
3006
2975
2971
2940
136
2970
2991
3001
2999
3001
3010
3004
2979
2977
3016
3024
3001
2989
3022
2970
2963
3001
2993
3021
2907
2988
2975
2998
3009
2993
2971
1430
2945
2980
2983
530
2938
2972
2995
2973
3005
3008
1684
3007
2960
2966
2967
2990
2972
2986
699
2978
2961
2998
2964
2980
2992
2980
2979
2997
954
3019
2451
3004
1439
3009
2981
2996
3033
2993
2991
3001
3001
2998
2997
1942
2991
2989
3012
2989
2973
234
2542
2575
1949
2948
2971
3000
1467
3013
2979
3011
2987
2991
3013
3002
2422
2983
2992
3001
743
3001
3019
3001
1717
2986
3010
350
2688
177
3003
3003
2986
2359
3027
2996
2967
2963
2883
2988
1757
786
2993
2988
2991
3039
3000
2355
2996
2999
950
2991
2329
1194
2972
3009
2990
2995
2272
2993
2880
632
3024
3011
3015
2217
2993
3018
2979
2967
2991
2991
2995
3028
3004
2735
3033
3019
2976
2993
2987
2993
2999
2959
2992
2959
2970
2967
3011
2539
2967
3004
3000
3001
3114
2989
3006
3008
2988
3040
2996
2990
3052
2996
2992
2464
2977
3008
3022
534
2991
3006
3000
3011
2975
3016
3005
3017
2996
2991
2980
2407
3026
3062
2995
3007
3013
3014
3003
2978
2996
3090
2832
3008
3036
2998
2979
3007
3029
2934
2981
1314
3009
2984
2982
3019
2966
3021
3011
3032
3075
2994
2985
2998
2964
3012
3061
3008
2982
3013
3023
2999
2532
1195
3003
3000
2993
3018
3002
3010
1399
2999
3011
2993
2995
2990
2982
3004
3002
1090
3017
2676
2983
3012
3013
2976
3001
3027
2982
924
3003
145
2983
2986
2967
2992
3026
2990
3012
3006
3025
3009
3012
2987
2999
1911
1798
3006
3009
3008
2993
3005
3005
3016
3010
1164
2985
3011
3010
2975
3031
2994
3007
2915
3020
2988
3009
2325
1564
904
3002
2991
2976
2994
2978
3002
2816
2917
3007
1632
885
2995
3024
2984
2978
155
2998
2849
3015
2997
3010
2988
3002
2982
2980
2998
2987
2977
1564
2946
3006
2988
2405
3035
3001
3001
3024
2968
2998
3019
2930
2996
2984
2992
2993
2974
2993
2955
3016
3062
3027
3001
3009
3006
3018
2972
3002
2979
2369
886
2995
3010
3005
3002
2987
2643
2964
3036
3033
3002
1449
3002
3015
2560
3006
2649
2985
3000
2964
3004
2985
2985
2981
2970
3009
2984
2994
3007
3001
2983
2990
3003
2784
3003
2999
3009
3023
3054
3008
3019
3009
2994
3022
3002
2990
3029
2983
3020
2941
2997
2836
2979
3015
2987
3017
2388
3004
984
2995
2985
3004
2981
3007
2947
2996
2939
2971
2978
3027
2968
2984
2934
3000
3015
2999
2976
2994
2015
3005
2986
3013
2273
2625
3008
3023
2993
2989
2992
2999
3009
2980
3008
2958
2925
2989
3029
3040
2992
2934
2998
3003
2955
2997
3004
851
2982
1117
3025
3003
2960
3014
2974
2962
1957
2975
3043
2960
2746
2987
3000
3009
2973
2969
3016
2996
2981
3006
3004
3015
3000
2977
2980
2986
2731
3014
2995
3000
3078
3009
2457
2998
3009
3010
2917
2960
573
3033
2974
2982
3024
159
2981
2970
2997
3002
762
2991
3003
446
3002
3005
3008
2018
2979
3003
3006
3007
3004
3003
3018
3010
3000
2976
3030
2979
3001
3014
3008
3015
2984
3009
3012
2850
2970
2953
3004
3014
3025
1194
2992
3002
3031
3003
2941
3011
2982
3026
724
2989
2922
2992
2985
1600
2997
2973
3005
3004
2984
3035
3001
3000
2992
2997
2970
2982
3014
557
3009
3022
3000
161
2994
175
3015
2982
2963
3002
3013
2984
2952
3000
2970
3028
2796
2993
465
2993
3002
2996
129
2975
3010
2977
2969
2971
3006
3015
2987
2169
3015
2990
3003
3002
2997
3012
3008
3010
3020
3014
3006
3008
3017
2993
2990
3010
2977
3013
2987
2963
2980
2992
3010
3014
2986
3009
3000
3037
2695
1620
2989
3094
3012
2976
2954
3004
2997
2993
3004
2979
3020
2994
2972
3012
2093
3047
3010
2988
2969
1124
2995
3014
3052
3006
3032
3020
3002
2993
3000
3028
2994
3022
3033
3003
3010
2986
2959
3007
3001
2988
3005
2987
3037
2772
2959
2946
2982
3016
2278
2984
2984
161
866
2998
3061
2973
2979
2995
3034
3021
3031
3022
2992
2983
3013
3021
2997
958
2962
2956
3007
3010
2991
3003
3010
2988
2973
2978
2962
3026
3030
3015
2423
3036
3008
3000
3045
2955
3008
3003
3015
2981
2979
3023
3024
2997
2986
2998
2995
3020
2980
3006
2981
180
3017
3000
641
3023
3017
3003
3008
3024
2501
2983
2957
2987
3005
2986
2965
3006
2931
2987
3034
2991
2990
2962
2941
2282
2993
2999
3007
2987
677
2929
3014
2999
2974
2982
1555
3000
3019
286
2993
3007
2997
2998
3001
3023
1212
3011
2978
1416
3014
2887
2995
3025
3014
2998
2989
3012
2922
1689
3042
2977
2939
3003
2987
3002
3018
3002
2998
3008
2944
2689
3004
3029
197
3012
2260
3004
2991
3000
2987
3021
3022
3004
2971
3048
3014
3024
2989
3077
2971
2982
3000
3005
943
2985
3005
3010
3007
2998
2992
3017
2990
2999
3011
3004
2824
2967
2987
2989
3002
3008
2931
2991
2982
727
2602
2984
2976
3013
2978
2993
2998
3011
3000
3004
2999
3023
2988
1611
3023
2992
3012
2999
2994
2972
3021
2990
418
811
2742
3000
531
2998
2998
2972
3018
3022
3014
3001
2991
2981
3057
2987
2936
2989
2976
3010
2494
2997
1922
2588
2958
3032
3011
2995
2349
2927
2994
2995
2961
3001
3013
3012
3003
2991
3036
2971
2959
2981
2987
2950
3020
156
2992
3000
3003
3006
2826
2992
2985
3002
2983
3014
2988
3001
3006
3004
2995
2997
272
2950
2994
2995
3072
1027
3004
2989
2996
2990
1747
3029
3001
3022
2968
3009
2990
3015
3020
3004
1853
2999
2997
2982
2994
2996
3005
3025
2997
2915
2991
2983
2974
3009
2997
3016
181
2877
2984
426
3019
2992
2968
2968
2996
3007
2520
2998
3005
3014
3000
210
2960
3006
3087
2949
2991
2949
2963
2997
2965
3018
3010
2985
2999
2962
522
3030
3016
2996
2982
2988
2966
3102
3014
2981
3024
3006
1467
3024
2999
3006
2988
2992
2958
2992
1086
3007
3023
2949
2946
823
3004
3011
2995
2697
3017
2999
3018
2991
1491
2966
2971
2993
2995
514
2992
2985
2955
3015
3020
3005
3031
3005
2980
3012
3004
2965
2996
2121
2990
2976
3018
2999
2915
3009
3006
3010
2999
3025
3001
2999
3006
3010
3026
2998
2983
3011
2974
2994
2998
3019
3018
3004
2603
2997
3008
2985
3005
3018
3001
3002
2978
3024
2678
3019
2959
3000
3017
3016
2940
3007
2990
2985
3019
3009
3034
2974
2975
2322
3011
3010
2934
2984
2996
3026
3007
3002
2990
2982
1921
2980
3082
2985
3002
2973
2968
3019
3002
1656
1147
2987
3021
3020
3017
432
3012
3016
2999
3011
3011
2954
2993
2974
2997
3010
3004
2116
2998
3033
2963
3021
3013
3007
1970
2986
3020
2994
2987
2989
3024
3006
2983
2963
2993
3005
740
3026
2904
2957
1268
2996
2402
2974
3006
3002
2763
2993
3001
2640
2963
2981
1478
2998
2990
2605
2994
3027
2959
2959
2981
3002
2972
3007
2941
3004
3027
3005
2921
2958
2967
2984
3011
3002
3019
3010
2983
2933
3005
2998
3005
1633
3015
2991
3009
3013
3006
2961
3012
3051
3027
3052
3002
3017
3011
442
2920
2997
2996
2996
3011
1481
3010
2991
2999
3009
2479
2889
2994
3075
781
3004
121
3009
3006
209
2789
2995
2998
2039
3003
3052
3022
3008
3017
2974
3002
2908
209
2995
2991
2978
2977
3005
2986
3003
1388
2983
3044
3011
1072
2956
3006
2993
3006
2993
954
2962
3071
3008
3001
2966
2957
3000
2997
2986
2980
2984
3002
494
3008
2986
3011
2989
3025
356
2998
2985
3010
2914
2958
3017
3009
3024
3002
2995
2976
3009
3000
2990
3071
3014
3022
3026
3037
2996
3008
3015
2994
2996
3013
2983
3023
3005
3004
3024
2985
2986
2978
2995
2970
2995
3007
2989
2900
3017
2982
2938
2986
2991
2187
3029
3021
3004
2971
2994
1786
3020
2971
2991
2959
2971
2999
867
2988
2995
2964
3011
3028
3013
3007
3007
2968
2935
2986
1345
3005
2001
3016
2961
2979
1809
2992
2966
2986
3004
3000
3006
2989
2999
2948
2982
3008
2976
3013
3013
1086
3001
2996
3015
3016
2953
2998
2998
2982
2996
2928
2933
294
2987
3033
2987
3011
3006
2989
3056
3003
2988
3087
2810
3018
2994
3035
3013
2921
3016
2997
3011
2646
2983
1420
3020
3010
2980
2998
3002
3061
3013
2992
2993
2997
2176
3002
2980
3018
2992
2987
2975
3009
356
3014
3012
2994
3013
3013
2997
3033
3008
3014
3001
3002
2995
3006
2997
2999
3023
3019
3008
2976
3013
3010
2980
2880
3002
2974
2989
2986
2969
1070
3001
3015
2989
3019
856
2938
2996
2974
3000
3084
2977
3015
3008
754
2967
2999
846
2977
2979
2340
2983
2909
2986
550
152
2982
3011
2999
982
3000
3025
2988
2981
3016
3014
3007
2962
3016
2991
3016
2988
2973
3001
2867
3014
3049
2679
3011
2989
3015
3010
3004
590
3000
2364
1408
2999
2992
2975
1290
3024
3030
3012
2973
3004
651
3013
2997
2950
1575
2999
2980
3004
2088
3009
1681
3032
1075
3010
3024
2397
3010
2931
2998
3009
3022
2989
3004
2949
2962
2986
3007
2842
3007
3006
2990
3002
3020
3003
1981
3023
2999
2976
2995
2967
3069
3024
2997
2965
2972
2953
2991
2992
3020
3014
1345
2974
3026
3007
2995
3014
2984
3025
3006
3004
268
3004
3003
2969
3080
2991
3015
2977
2826
2974
2681
3023
2935
2949
2997
2994
2980
199
2988
2989
2989
3020
3028
2885
3052
2981
3010
3018
2995
2985
2998
2990
3076
3007
3013
2955
3024
2996
2813
3017
3015
2961
3010
2984
2998
3015
3033
3021
3005
3012
2999
2996
1779
2983
2945
2967
3018
3011
2985
3012
2930
379
3014
3008
2991
3000
3001
3014
2993
2945
2923
3012
2993
3003
2954
2994
3015
3023
2987
3013
2978
3009
3000
2854
2992
3021
3016
3017
2986
2949
2979
1283
2986
402
3014
2968
2974
3074
3033
3006
3006
3016
3001
2967
2983
2999
2999
3014
2997
2979
3021
2998
3007
3023
2989
3014
3009
2986
3029
3002
2992
2983
3008
2977
269
2988
2949
2929
2986
2988
3006
2996
213
3013
3022
2822
3002
2974
3012
2994
3015
3013
434
2166
2961
2991
2914
2462
2997
3010
3066
3033
2993
3003
3013
3008
3018
3025
2979
2880
3000
3021
3022
3023
2988
2998
2992
3012
3040
3009
2976
3006
2992
2976
3001
3001
2990
2994
2719
3023
2991
3019
2991
3005
2959
2995
2979
3004
2982
2979
3001
3007
2994
2989
3004
2994
2989
3028
2981
3012
3003
3061
2996
2923
3000
3062
3001
3021
3000
1150
2924
2991
2580
2997
2992
2958
2976
2937
3000
3007
2997
3019
3019
2995
2996
2964
3068
323
3072
3015
2991
2989
3019
2984
3017
971
2980
2333
1827
3015
3049
2997
2991
3009
3034
3002
2999
2997
2900
3005
3004
2995
3019
3005
2994
3009
2983
3003
3037
3020
2998
3008
3003
3007
495
2324
3015
2991
3005
2984
3010
2976
2981
2362
3020
3004
2992
3008
3008
3021
3003
3019
2978
3022
3022
261
1026
2981
3006
3013
2971
2987
2943
1652
2931
3009
2966
2960
2990
3000
2963
3011
2986
147
2987
2530
2965
2979
2701
3011
2966
2964
2989
2998
2877
2876
3002
3028
3023
875
3014
3014
3007
2878
2945
1930
2994
2985
3001
3023
1500
2967
3011
716
3008
3008
3007
2374
1922
2989
2430
2994
1237
2982
2947
267
2994
3000
3020
2719
2225
572
3003
2980
2980
2975
2993
2997
2988
3025
3002
2990
3012
2983
2943
3009
3014
2957
3000
2982
2977
3012
2995
2987
1722
2997
2998
3017
979
3010
2996
2994
2981
2989
2984
2985
3043
3046
2970
2985
3006
3005
3004
2953
3007
3045
3003
2990
280
181
2967
2988
3005
3009
2988
2982
3007
3026
2981
2947
2979
2996
2686
3031
3040
3002
2979
3008
2998
3011
3017
2964
2960
1740
3004
2982
2987
2963
2979
2999
3008
3010
2987
2986
1167
3003
2950
2996
2992
3000
2996
2995
2976
2995
3028
2080
3003
2994
2974
1915
3021
3012
2968
3005
2983
2981
2991
2992
3004
2983
2998
3000
2541
3007
2978
2970
2977
2952
2108
2981
3022
3068
2880
3017
2977
3088
2956
2994
2921
2977
3020
3007
2990
3001
1020
2984
2997
3019
3017
2902
3090
3008
3024
2992
2979
3004
3008
2988
2968
3011
2939
3010
2978
3003
2973
3003
2994
3006
2990
2993
3015
2996
3014
3026
2983
2998
2981
2989
2984
3002
3011
3010
2973
2978
2971
3009
282
2995
2998
241
3024
2992
3006
3024
2974
576
3019
2984
2943
3029
3001
3000
2412
3011
3006
2977
2985
3032
2977
2997
3058
2758
3005
3011
170
2072
2999
2927
2992
3012
3023
3001
3005
2984
3018
2991
1850
2995
2954
3022
3005
2995
2997
3000
3009
3016
2976
2985
2995
2998
2965
3021
1005
2844
2959
3031
3037
2999
2962
3000
2995
2982
2979
2959
3006
2037
3002
2994
3014
3010
3033
2991
3030
2992
3028
2991
2989
3003
3007
2966
2988
2906
2982
2946
3033
3007
2994
2990
3006
2998
3003
2748
3001
3024
3028
2977
934
2980
2255
3011
2996
3000
2954
2971
3026
3014
3020
2994
2989
3000
2982
2983
2951
3022
3041
3061
2990
3011
2533
3013
2986
1425
2982
2997
3019
3004
3025
2999
2982
3011
2983
2963
2978
2990
2005
2992
2997
2997
3019
3016
2980
2999
2996
3005
2975
2964
3023
2983
3020
3014
2999
2994
1004
2984
3000
1227
2996
139
3025
3022
3005
2980
3003
2963
305
2985
2966
2953
2988
3012
2972
3006
2986
2609
3013
2996
3011
2972
3001
1897
3004
2990
982
2990
2794
276
3002
2998
3021
1374
2972
1849
1701
2988
2985
1803
3000
3008
284
3016
2991
2065
2998
3015
2978
3031
2993
2946
2988
2980
3008
3009
3006
3006
2313
2990
3003
3021
2996
2978
3006
2992
3010
2980
2992
275
2964
2999
2991
2989
2969
3015
226
2992
3020
3009
3006
2529
2990
3018
3010
3010
3006
2989
3026
3006
2549
2962
2998
3022
3007
2984
3008
3018
3020
3018
3006
2981
3008
3013
2936
2982
3006
2995
2957
2966
3011
2892
800
2983
2998
3007
3000
3016
3011
2970
1054
2995
3019
3003
3017
3016
2985
3006
2986
3011
2321
2992
2983
2992
2987
3007
2975
2772
2971
2997
2923
2989
2995
293
3014
3011
2988
3002
3013
2366
1546
2990
2996
3017
2987
3019
2992
2494
3018
3033
2987
3031
2986
3022
138
2991
2984
2986
3040
3014
762
1904
3018
3029
3015
2999
3010
3051
2992
2977
460
2265
240
3006
2967
2987
269
3011
2977
3010
3023
3001
3060
2982
297
2846
2965
2724
3007
2985
2974
1247
3015
2998
2995
3027
1422
2944
616
2992
3008
908
2984
2857
2987
3028
2099
3007
2999
3021
2998
3000
3000
2465
2979
2981
3021
2989
3004
2996
2985
3015
2995
1930
2978
3007
2984
3010
3001
2999
201
2989
2955
2999
3003
895
3020
2969
3009
2992
2996
2944
2999
2939
2993
2947
3005
2969
2995
3006
2985
2992
2994
3026
3005
2992
1839
2980
3006
3006
1819
3020
2993
3011
2996
2986
2989
2034
3016
2975
2960
3001
3002
2906
3005
2988
3000
2989
2991
3003
3000
3006
3010
3001
3013
2968
3000
3032
2984
3011
3022
3015
2968
763
2981
2982
2990
3039
2969
2974
2983
3012
2952
3006
3021
143
3010
511
2949
3012
3017
3011
1203
3001
2995
2991
358
139
3005
3007
3011
1184
2988
2174
2992
2679
2977
2264
2985
2983
3012
2841
2999
2243
3024
2995
2994
476
270
586
2989
2979
3005
402
1407
3004
3023
1695
3026
3005
2982
1162
2986
3016
2998
3014
2986
2991
3001
3011
2995
2989
3085
3024
3005
3005
2968
2992
2960
2950
2917
2979
2977
2990
2986
3007
2977
2989
3023
136
2992
3045
2938
1074
2995
2978
2964
1113
2952
1168
2894
3010
3003
3000
3012
2881
1377
3014
2991
2989
2962
2909
2998
2954
2971
3028
3004
3009
3000
2970
753
3005
2992
3026
2966
3004
321
2984
865
3026
2976
2976
2939
3015
2977
3004
2989
2955
2996
3000
3022
2932
2998
2998
3010
3008
2802
2977
2965
3033
3008
3001
3000
3016
2719
2955
2990
2991
3016
2970
2988
2966
2999
3021
2830
2986
2818
3011
2984
2948
2989
2980
3019
2278
3019
2984
2958
3005
3002
2997
2991
3010
2981
2763
3012
3001
2965
2990
3040
3013
3008
3018
2973
2934
2986
2938
2981
3009
2966
2991
2978
2997
2950
3025
2998
2978
262
3002
989
2980
2995
2988
2704
3009
2981
3013
156
2974
3059
1778
3006
3003
2999
3007
591
216
2986
2937
3027
2493
3007
2981
2983
2985
3005
2998
3029
3015
3015
2979
3001
3007
3008
3031
3000
2972
185
2999
2992
3017
3021
3009
2998
2974
2965
2973
3002
3014
2996
2972
2980
3014
2992
2904
2694
292
2999
2195
2990
3016
2956
2996
2999
2992
3015
3001
130
2958
3001
3013
2991
2976
3019
2982
221
3004
3002
2751
3005
280
2960
3016
2968
3009
3006
3030
1808
3011
2920
2894
3031
2998
2991
2977
2973
2973
3001
3019
3013
3020
1548
3030
2503
3022
3002
2984
3021
3022
3014
2581
3017
2993
2992
3001
3017
3010
2994
3043
3003
2558
3067
2141
2992
3006
2998
2976
2984
2988
3019
2999
2996
3018
3013
3058
2989
3010
3047
2995
3016
3016
3010
3006
3007
3023
2942
3016
2415
2388
2987
2979
2645
3007
2985
3000
3007
3002
3082
2991
2984
3000
1342
3009
518
2997
1860
2983
3020
2972
3000
2990
2992
3009
2945
1070
3009
167
2988
3015
2973
2919
2984
2992
2995
3005
3012
2529
2980
2957
3029
2995
3005
3009
3069
3019
2986
3014
2994
3018
3019
2997
2973
3017
2973
2983
2997
3008
3034
3000
2997
3006
3011
2996
2997
3042
2689
2985
2994
2951
2955
3006
3012
2975
2959
3012
3010
2999
3009
3011
2221
2996
2987
3001
3000
2984
2235
2837
2984
837
3011
926
2989
3005
3076
3022
2970
3023
3017
3028
2975
2946
3019
921
2979
3014
3003
3016
157
3022
2994
3017
2970
3002
3005
3014
118
2970
2978
3029
2914
2968
2735
894
2979
3023
2992
3017
3059
3046
3029
3031
3000
2956
3018
3012
